1 5.160089e+03
120 4.693574e+03
269 4.667367e+03
422 4.292232e+03
456 3.898610e+03
548 3.224315e+03
563 3.045319e+03
633 2.818527e+03
665 2.746892e+03
668 2.736282e+03
670 2.731206e+03
698 2.658841e+03
721 1.985552e+03
820 1.925145e+03
858 1.877053e+03
887 1.818186e+03
908 1.781270e+03
947 1.703393e+03
948 1.658094e+03
964 1.567538e+03
1003 1.431836e+03
1024 1.251396e+03
1165 1.138477e+03
1254 1.129871e+03
1320 1.070706e+03
1332 8.768976e+02
1394 8.432667e+02
1551 8.322882e+02
1576 8.061430e+02
1579 7.674838e+02
1596 7.228510e+02
1638 6.771976e+02
1911 6.607689e+02
1946 6.144066e+02
2013 5.944300e+02
2272 5.885810e+02
2331 5.160058e+02
2572 5.123170e+02
2625 5.121686e+02
2655 4.952971e+02
2936 4.794749e+02
3199 4.792054e+02
3652 4.678820e+02
3748 4.574884e+02
3775 4.548613e+02
3907 4.512926e+02
4342 4.504451e+02
4390 4.192564e+02
7411 4.052663e+02
8136 3.937176e+02
21702 3.822292e+02
48372 3.763389e+02
49037 3.670395e+02
49072 3.346266e+02
49322 3.187508e+02
49423 3.030243e+02
49430 2.979033e+02
49737 2.855911e+02
49846 2.496579e+02
49950 2.413392e+02
50022 2.331064e+02
50102 2.091205e+02
50323 1.991079e+02
50582 1.979518e+02
50627 1.928564e+02
50728 1.860249e+02
50814 1.848315e+02
50838 1.817472e+02
50861 1.807482e+02
50886 1.744436e+02
50944 1.721201e+02
50984 1.699722e+02
51000 1.662077e+02
51035 1.647461e+02
51128 1.619091e+02
51225 1.587050e+02
51282 1.568415e+02
51308 1.538313e+02
51321 1.523474e+02
51322 1.523404e+02
51463 1.496870e+02
51464 1.495936e+02
51501 1.402927e+02
51933 1.374628e+02
52051 1.346091e+02
52071 1.329912e+02
52092 1.323993e+02
52259 1.291022e+02
52450 1.258268e+02
52459 1.246853e+02
52602 1.223721e+02
52605 1.218767e+02
52639 1.197162e+02
52809 1.196153e+02
52875 1.183587e+02
52930 1.164206e+02
52936 1.152160e+02
52987 1.142914e+02
53088 1.142646e+02
53124 1.135578e+02
53153 1.123672e+02
53155 1.119485e+02
53244 1.117630e+02
53253 1.116106e+02
53262 1.112193e+02
53314 1.105402e+02
53331 1.098435e+02
53413 1.086539e+02
53427 1.085355e+02
53486 1.078275e+02
53522 1.060866e+02
53570 1.056121e+02
53695 1.053166e+02
53755 1.052646e+02
53777 1.045407e+02
53878 1.044965e+02
53881 1.040978e+02
53937 1.040310e+02
53956 1.035937e+02
54011 1.022752e+02
54022 1.020611e+02
54129 1.019519e+02
54135 1.010821e+02
54267 9.996025e+01
54340 9.965825e+01
54427 9.960509e+01
54430 9.912735e+01
54577 9.781780e+01
54640 9.642647e+01
54789 9.620319e+01
54796 9.594494e+01
54952 9.570262e+01
55071 9.540628e+01
55254 9.512371e+01
55287 9.494523e+01
55302 9.453420e+01
55460 9.387793e+01
55485 9.300952e+01
55579 9.284302e+01
55585 9.230114e+01
55663 9.220308e+01
55675 9.146393e+01
55794 9.139911e+01
55817 9.105031e+01
55910 9.096179e+01
55954 9.084804e+01
55995 9.053484e+01
56043 9.043600e+01
56046 9.023023e+01
56138 9.005630e+01
56142 8.967339e+01
56288 8.963717e+01
56320 8.956574e+01
56330 8.901437e+01
56582 8.864001e+01
56648 8.804768e+01
56700 8.796070e+01
56809 8.788175e+01
56840 8.787167e+01
57013 8.782606e+01
57016 8.770465e+01
57056 8.733827e+01
57074 8.715370e+01
57473 8.709009e+01
57484 8.690571e+01
57552 8.678204e+01
57645 8.667147e+01
57707 8.659661e+01
57765 8.651310e+01
57830 8.636219e+01
57904 8.632578e+01
58041 8.629460e+01
58072 8.622636e+01
58099 8.615271e+01
58192 8.611216e+01
58228 8.606810e+01
58322 8.604570e+01
58482 8.599659e+01
58546 8.596158e+01
58565 8.593836e+01
58601 8.589557e+01
58605 8.589067e+01
58610 8.584797e+01
58687 8.583948e+01
58705 8.581779e+01
58876 8.576996e+01
59098 8.573187e+01
59219 8.570791e+01
59281 8.569678e+01
59356 8.565189e+01
59542 8.563848e+01
59634 8.562686e+01
59674 8.562514e+01
59718 8.561578e+01
59746 8.561429e+01
59753 8.560203e+01
59774 8.559306e+01
59876 8.557393e+01
59984 8.557299e+01
60122 8.556336e+01
60388 8.555902e+01
60393 8.553628e+01
60785 8.552677e+01
60810 8.551756e+01
60882 8.551647e+01
60991 8.551551e+01
61061 8.550495e+01
61155 8.550271e+01
61167 8.549449e+01
61194 8.548698e+01
61434 8.548389e+01
61466 8.546978e+01
61742 8.546846e+01
61766 8.546831e+01
61794 8.546798e+01
61842 8.546333e+01
61907 8.546262e+01
62130 8.546145e+01
62140 8.546000e+01
62154 8.545973e+01
62177 8.545908e+01
62198 8.545447e+01
62317 8.545400e+01
62344 8.545303e+01
62393 8.545129e+01
62418 8.545124e+01
62427 8.545044e+01
62457 8.545009e+01
62466 8.544945e+01
62477 8.544792e+01
62543 8.544771e+01
62579 8.544749e+01
62581 8.544725e+01
62659 8.544637e+01
62708 8.544490e+01
62759 8.544459e+01
62822 8.544169e+01
63073 8.544159e+01
63311 8.544092e+01
63492 8.544091e+01
63501 8.544033e+01
63665 8.544028e+01
63713 8.544006e+01
63760 8.543974e+01
63830 8.543960e+01
63848 8.543927e+01
63965 8.543916e+01
63982 8.543911e+01
63986 8.543896e+01
64002 8.543889e+01
64006 8.543871e+01
64035 8.543787e+01
64165 8.543776e+01
64202 8.543771e+01
64263 8.543755e+01
64287 8.543742e+01
64390 8.543720e+01
64438 8.543717e+01
64661 8.543717e+01
64711 8.543711e+01
64723 8.543707e+01
64755 8.543685e+01
64833 8.543666e+01
64893 8.543663e+01
64912 8.543662e+01
65000 8.543658e+01
65160 8.543647e+01
65249 8.543643e+01
65293 8.543638e+01
65411 8.543625e+01
65445 8.543623e+01
65463 8.543620e+01
65482 8.543616e+01
65520 8.543614e+01
65545 8.543613e+01
65613 8.543611e+01
65622 8.543610e+01
65626 8.543607e+01
65639 8.543599e+01
65673 8.543599e+01
65744 8.543593e+01
65768 8.543589e+01
65853 8.543585e+01
66025 8.543584e+01
66034 8.543584e+01
66116 8.543580e+01
66275 8.543580e+01
66299 8.543580e+01
66364 8.543577e+01
66417 8.543572e+01
66444 8.543571e+01
66500 8.543571e+01
66609 8.543564e+01
66836 8.543564e+01
66877 8.543563e+01
67027 8.543563e+01
67069 8.543561e+01
67099 8.543561e+01
67220 8.543556e+01
67387 8.543556e+01
67532 8.543553e+01
67787 8.543550e+01
67855 8.543550e+01
67913 8.543550e+01
67924 8.543550e+01
67940 8.543550e+01
67993 8.543549e+01
68031 8.543548e+01
68071 8.543547e+01
68125 8.543547e+01
68210 8.543546e+01
68299 8.543546e+01
68351 8.543546e+01
68360 8.543545e+01
68365 8.543545e+01
68376 8.543545e+01
68505 8.543544e+01
68543 8.543544e+01
68547 8.543543e+01
68756 8.543543e+01
68793 8.543543e+01
68856 8.543543e+01
68910 8.543543e+01
68913 8.543542e+01
69059 8.543542e+01
69223 8.543542e+01
69255 8.543542e+01
69388 8.543541e+01
69446 8.543541e+01
69555 8.543541e+01
69621 8.543541e+01
69653 8.543541e+01
69712 8.543541e+01
69728 8.543541e+01
69760 8.543541e+01
69793 8.543541e+01
69908 8.543541e+01
69982 8.543541e+01
70039 8.543541e+01
70082 8.543541e+01
70124 8.543541e+01
70164 8.543541e+01
70242 8.543541e+01
70282 8.543540e+01
70340 8.543540e+01
70386 8.543540e+01
70475 8.543540e+01
70493 8.543540e+01
70558 8.543540e+01
70562 8.543540e+01
70623 8.543540e+01
70629 8.543540e+01
70673 8.543540e+01
70815 8.543540e+01
70908 8.543540e+01
70949 8.543540e+01
71068 8.543540e+01
71112 8.543540e+01
71194 8.543540e+01
71244 8.543540e+01
71286 8.543540e+01
71456 8.543540e+01
71524 8.543540e+01
71702 8.543540e+01
71717 8.543540e+01
71811 8.543540e+01
71845 8.543540e+01
71862 8.543540e+01
71867 8.543540e+01
71888 8.543540e+01
72026 8.543540e+01
72111 8.543540e+01
72309 8.543540e+01
72336 8.543540e+01
72357 8.543540e+01
72498 8.543540e+01
72539 8.543540e+01
72641 8.543540e+01
72669 8.543540e+01
72695 8.543540e+01
72774 8.543540e+01
72883 8.543540e+01
72925 8.543540e+01
72969 8.543540e+01
73048 8.543540e+01
73241 8.543540e+01
73346 8.543540e+01
73413 8.543540e+01
73521 8.543540e+01
73554 8.543540e+01
73728 8.543540e+01
73840 8.543540e+01
73931 8.543540e+01
74087 8.543540e+01
74154 8.543540e+01
74231 8.543540e+01
74247 8.543540e+01
74277 8.543540e+01
74357 8.543540e+01
74435 8.543540e+01
74436 8.543540e+01
74754 8.543540e+01
74774 8.543540e+01
74921 8.543540e+01
237651 8.518940e+01
237668 8.518749e+01
237796 8.501814e+01
237886 8.492129e+01
237887 8.451267e+01
237906 8.429941e+01
237968 8.427660e+01
238010 8.408870e+01
238027 8.395206e+01
238153 8.363274e+01
238236 8.325812e+01
238381 8.320936e+01
238396 8.306274e+01
238441 8.304420e+01
238457 8.243065e+01
238771 8.226234e+01
238817 8.209215e+01
238818 8.157055e+01
239095 8.139321e+01
239334 8.139023e+01
239374 8.127668e+01
239392 8.110226e+01
239778 8.107737e+01
239815 8.099216e+01
239894 8.089568e+01
239910 8.080058e+01
240102 8.071371e+01
240173 8.060172e+01
240322 8.050817e+01
240452 8.045877e+01
240758 8.042726e+01
240791 8.040457e+01
241067 8.035832e+01
241071 8.026212e+01
241229 8.025432e+01
241273 8.023845e+01
241277 8.017264e+01
241358 8.014476e+01
241373 8.009834e+01
241443 8.007292e+01
241674 8.006839e+01
241725 8.003794e+01
241728 8.001612e+01
241777 7.999762e+01
241817 7.998759e+01
241866 7.997132e+01
242415 7.995077e+01
242478 7.994557e+01
242518 7.994266e+01
242569 7.987133e+01
242721 7.981636e+01
242991 7.981116e+01
243127 7.980793e+01
243135 7.979853e+01
243425 7.979188e+01
243443 7.978741e+01
243451 7.978670e+01
243503 7.977942e+01
243514 7.976895e+01
243517 7.976705e+01
243537 7.976489e+01
243550 7.975799e+01
243581 7.975033e+01
243592 7.973837e+01
243739 7.973556e+01
243786 7.970237e+01
244075 7.969972e+01
244134 7.969778e+01
244198 7.969681e+01
244217 7.969556e+01
244232 7.969001e+01
244247 7.968040e+01
244528 7.967998e+01
244564 7.967899e+01
244627 7.967887e+01
244629 7.967701e+01
244686 7.967534e+01
244755 7.967019e+01
244814 7.966523e+01
244906 7.966501e+01
244965 7.966489e+01
245007 7.966377e+01
245025 7.966234e+01
245065 7.966186e+01
245076 7.965686e+01
245325 7.965572e+01
245383 7.965473e+01
245387 7.965283e+01
245479 7.965195e+01
245483 7.965106e+01
245547 7.964945e+01
245608 7.964889e+01
245700 7.964766e+01
245761 7.964648e+01
245796 7.964446e+01
245864 7.964430e+01
245889 7.964383e+01
245958 7.964356e+01
246080 7.964135e+01
246110 7.964035e+01
246204 7.963927e+01
246537 7.963885e+01
246643 7.963841e+01
246715 7.963687e+01
246719 7.963581e+01
246826 7.963557e+01
246898 7.963547e+01
247054 7.963519e+01
247118 7.963504e+01
247198 7.963479e+01
247243 7.963310e+01
247461 7.963308e+01
247466 7.963227e+01
247595 7.963162e+01
247643 7.963116e+01
247860 7.963083e+01
248118 7.963082e+01
248139 7.963079e+01
248173 7.963055e+01
248195 7.963050e+01
248234 7.963034e+01
248236 7.963031e+01
248312 7.963027e+01
248338 7.962993e+01
248361 7.962989e+01
248501 7.962982e+01
248567 7.962958e+01
248578 7.962946e+01
248627 7.962945e+01
248646 7.962934e+01
248705 7.962896e+01
248746 7.962888e+01
248758 7.962888e+01
248909 7.962884e+01
248917 7.962878e+01
248929 7.962867e+01
249115 7.962867e+01
249120 7.962832e+01
249379 7.962827e+01
249609 7.962804e+01
249718 7.962796e+01
249823 7.962789e+01
249840 7.962783e+01
249894 7.962777e+01
249902 7.962765e+01
250233 7.962758e+01
250495 7.962757e+01
250530 7.962755e+01
250619 7.962754e+01
250621 7.962753e+01
250665 7.962750e+01
250690 7.962748e+01
250716 7.962746e+01
250773 7.962745e+01
250878 7.962739e+01
250914 7.962738e+01
250974 7.962738e+01
250997 7.962735e+01
251052 7.962735e+01
251118 7.962735e+01
251228 7.962734e+01
251255 7.962733e+01
251281 7.962732e+01
251327 7.962731e+01
251343 7.962731e+01
251379 7.962730e+01
251413 7.962730e+01
251505 7.962728e+01
251508 7.962728e+01
251566 7.962727e+01
251593 7.962727e+01
251604 7.962725e+01
251615 7.962724e+01
251682 7.962723e+01
251808 7.962723e+01
251908 7.962722e+01
251945 7.962722e+01
251963 7.962722e+01
252084 7.962721e+01
252113 7.962720e+01
252314 7.962720e+01
252359 7.962719e+01
252389 7.962719e+01
252420 7.962719e+01
252427 7.962718e+01
252487 7.962718e+01
252644 7.962717e+01
252676 7.962717e+01
252704 7.962717e+01
252729 7.962716e+01
252747 7.962716e+01
252805 7.962716e+01
252846 7.962716e+01
252891 7.962716e+01
252895 7.962715e+01
252921 7.962715e+01
253028 7.962715e+01
253046 7.962714e+01
253249 7.962713e+01
253333 7.962713e+01
253496 7.962713e+01
253520 7.962712e+01
253868 7.962712e+01
253940 7.962712e+01
253941 7.962712e+01
254005 7.962712e+01
254010 7.962712e+01
254081 7.962711e+01
254164 7.962711e+01
254206 7.962711e+01
254213 7.962711e+01
254269 7.962711e+01
254278 7.962711e+01
254354 7.962711e+01
254361 7.962711e+01
254372 7.962711e+01
254492 7.962711e+01
254514 7.962710e+01
254651 7.962710e+01
254676 7.962710e+01
254683 7.962710e+01
254964 7.962710e+01
255132 7.962710e+01
255361 7.962710e+01
255417 7.962710e+01
255496 7.962710e+01
255549 7.962709e+01
255559 7.962709e+01
255621 7.962709e+01
255640 7.962709e+01
255645 7.962709e+01
255650 7.962709e+01
255724 7.962709e+01
255751 7.962709e+01
255964 7.962709e+01
256041 7.962709e+01
256521 7.962709e+01
256535 7.962709e+01
256626 7.962709e+01
256744 7.962709e+01
256759 7.962709e+01
256826 7.962709e+01
256840 7.962709e+01
256862 7.962709e+01
256870 7.962709e+01
257053 7.962709e+01
257099 7.962709e+01
257276 7.962709e+01
257292 7.962709e+01
257382 7.962709e+01
257422 7.962709e+01
257464 7.962709e+01
257503 7.962709e+01
257526 7.962709e+01
257693 7.962709e+01
257809 7.962709e+01
257882 7.962709e+01
257909 7.962709e+01
257952 7.962709e+01
258042 7.962709e+01
258105 7.962709e+01
258188 7.962709e+01
258234 7.962709e+01
258350 7.962709e+01
258416 7.962709e+01
258441 7.962709e+01
258445 7.962709e+01
258490 7.962709e+01
258871 7.962709e+01
258941 7.962709e+01
259084 7.962709e+01
259118 7.962709e+01
259166 7.962709e+01
259187 7.962709e+01
259329 7.962709e+01
259406 7.962709e+01
259494 7.962709e+01
259545 7.962709e+01
259653 7.962709e+01
259706 7.962709e+01
259762 7.962709e+01
259985 7.962709e+01
260116 7.962709e+01
260171 7.962709e+01
260264 7.962709e+01
260266 7.962709e+01
260272 7.962709e+01
260280 7.962709e+01
260314 7.962709e+01
260321 7.962709e+01
260377 7.962709e+01
260395 7.962709e+01
260415 7.962709e+01
260515 7.962709e+01
260523 7.962709e+01
260528 7.962709e+01
260621 7.962709e+01
260657 7.962709e+01
260696 7.962709e+01
260743 7.962709e+01
260828 7.962709e+01
260831 7.962709e+01
260931 7.962709e+01
261037 7.962709e+01
261062 7.962709e+01
261087 7.962709e+01
261182 7.962709e+01
261208 7.962709e+01
261226 7.962709e+01
261280 7.962709e+01
261329 7.962709e+01
261370 7.962709e+01
261418 7.962709e+01
261428 7.962709e+01
261519 7.962709e+01
261527 7.962709e+01
261580 7.962709e+01
261746 7.962709e+01
261791 7.962709e+01
261994 7.962709e+01
262228 7.962709e+01
262299 7.962709e+01
262304 7.962709e+01
262320 7.962709e+01
262348 7.962709e+01
262445 7.962709e+01
262465 7.962709e+01
262511 7.962709e+01
262588 7.962709e+01
262927 7.962709e+01
263125 7.962709e+01
263128 7.962709e+01
263152 7.962709e+01
263164 7.962709e+01
263174 7.962709e+01
263261 7.962709e+01
263265 7.962709e+01
263291 7.962709e+01
263420 7.962709e+01
263579 7.962709e+01
263696 7.962709e+01
263741 7.962709e+01
263852 7.962709e+01
263915 7.962709e+01
263966 7.962709e+01
264028 7.962709e+01
264033 7.962709e+01
264058 7.962709e+01
264060 7.962709e+01
264085 7.962709e+01
264110 7.962709e+01
264231 7.962709e+01
264235 7.962709e+01
264347 7.962709e+01
464328 7.961795e+01
464406 7.887534e+01
464772 7.882877e+01
464845 7.854275e+01
464921 7.835648e+01
464963 7.260072e+01
466948 7.252091e+01
467032 7.174187e+01
467470 7.127549e+01
467494 7.103807e+01
467680 7.084618e+01
467723 7.078966e+01
467867 7.058329e+01
468075 7.045436e+01
468127 6.973094e+01
468415 6.880190e+01
468835 6.777720e+01
470266 6.727998e+01
470300 6.664214e+01
470581 6.612205e+01
470707 6.521104e+01
471199 6.494172e+01
471350 6.476571e+01
471361 6.446056e+01
471876 6.424712e+01
471910 6.397994e+01
471952 6.377795e+01
472066 6.376488e+01
472117 6.360699e+01
472128 6.326578e+01
472686 6.326334e+01
472827 6.323151e+01
472838 6.301260e+01
472971 6.289133e+01
472985 6.271368e+01
473304 6.260171e+01
473484 6.255714e+01
473497 6.254918e+01
473577 6.234319e+01
473712 6.224477e+01
474301 6.211506e+01
474411 6.210280e+01
474833 6.203516e+01
474860 6.191886e+01
475182 6.190527e+01
475304 6.188426e+01
475329 6.185329e+01
475400 6.177761e+01
475433 6.166803e+01
476702 6.165222e+01
476736 6.164388e+01
476766 6.145405e+01
476822 6.127164e+01
477015 6.118799e+01
477413 6.118625e+01
477497 6.103328e+01
477891 6.098120e+01
478098 6.098109e+01
478416 6.088423e+01
478793 6.086804e+01
478835 6.086107e+01
478873 6.083683e+01
478934 6.080650e+01
479084 6.080543e+01
479182 6.076029e+01
479373 6.075103e+01
480193 6.070497e+01
480326 6.067090e+01
481188 6.065569e+01
481301 6.064404e+01
481341 6.060686e+01
481545 6.060067e+01
481681 6.058044e+01
481979 6.057348e+01
482146 6.054935e+01
482260 6.054650e+01
482261 6.054526e+01
482273 6.053084e+01
482492 6.053031e+01
482502 6.052012e+01
482844 6.050969e+01
483077 6.050362e+01
483097 6.050061e+01
483743 6.049421e+01
483791 6.048934e+01
483886 6.048743e+01
483926 6.048507e+01
484030 6.048206e+01
484128 6.047461e+01
484208 6.046022e+01
484945 6.045308e+01
485349 6.045257e+01
485357 6.045018e+01
485375 6.044454e+01
485866 6.044081e+01
486073 6.043558e+01
486419 6.043432e+01
486474 6.043391e+01
486574 6.042793e+01
486915 6.041779e+01
487488 6.041007e+01
487967 6.040929e+01
488223 6.040788e+01
488532 6.040566e+01
488598 6.040559e+01
488807 6.040541e+01
489009 6.040535e+01
489084 6.040390e+01
489339 6.040278e+01
489353 6.040167e+01
489667 6.039956e+01
490579 6.039953e+01
490723 6.039861e+01
491003 6.039851e+01
491019 6.039804e+01
491046 6.039766e+01
491051 6.039729e+01
491075 6.039694e+01
491085 6.039677e+01
491190 6.039668e+01
491261 6.039636e+01
491455 6.039540e+01
491704 6.039502e+01
491790 6.039497e+01
491810 6.039410e+01
491970 6.039388e+01
492111 6.039364e+01
492323 6.039331e+01
492557 6.039326e+01
492645 6.039323e+01
492739 6.039309e+01
492796 6.039304e+01
492811 6.039236e+01
493468 6.039203e+01
493705 6.039176e+01
493826 6.039165e+01
493935 6.039162e+01
494004 6.039157e+01
494315 6.039146e+01
494686 6.039143e+01
494693 6.039142e+01
494752 6.039121e+01
494863 6.039121e+01
495039 6.039117e+01
495109 6.039115e+01
495159 6.039106e+01
495226 6.039100e+01
495364 6.039096e+01
495436 6.039094e+01
495438 6.039094e+01
495461 6.039086e+01
495566 6.039084e+01
495616 6.039081e+01
495799 6.039081e+01
495835 6.039080e+01
495836 6.039075e+01
495864 6.039071e+01
495949 6.039070e+01
495990 6.039066e+01
495995 6.039066e+01
495998 6.039064e+01
496381 6.039062e+01
496435 6.039061e+01
496540 6.039060e+01
496630 6.039058e+01
496936 6.039057e+01
496983 6.039055e+01
497164 6.039055e+01
497287 6.039053e+01
497477 6.039052e+01
497478 6.039051e+01
497600 6.039051e+01
497620 6.039050e+01
497775 6.039050e+01
497794 6.039049e+01
497864 6.039047e+01
497916 6.039046e+01
498022 6.039044e+01
498146 6.039044e+01
498158 6.039043e+01
498518 6.039043e+01
498624 6.039043e+01
498703 6.039043e+01
498718 6.039042e+01
498782 6.039041e+01
499186 6.039041e+01
499341 6.039041e+01
499411 6.039041e+01
499412 6.039040e+01
499538 6.039040e+01
499882 6.039039e+01
