1 7.968737e+03
2 7.136666e+03
5 6.974099e+03
7 6.105397e+03
11 5.125238e+03
36 5.051677e+03
62 4.625996e+03
468 4.574221e+03
507 4.413069e+03
530 3.905434e+03
544 3.479112e+03
560 2.961206e+03
645 2.959522e+03
713 2.414246e+03
758 2.182677e+03
792 2.051363e+03
800 1.909482e+03
831 1.819757e+03
878 1.665058e+03
917 1.253331e+03
1227 1.232123e+03
1291 1.064180e+03
1380 1.063502e+03
1386 9.685764e+02
1440 9.397121e+02
1544 8.716921e+02
1580 7.992377e+02
1745 7.603675e+02
1798 7.189925e+02
1885 7.162049e+02
1956 7.157133e+02
1970 5.750098e+02
2243 5.681220e+02
2267 5.614890e+02
2357 5.574296e+02
2524 5.551872e+02
2547 5.352191e+02
2567 5.251902e+02
2989 4.970661e+02
3007 4.936487e+02
3710 4.852247e+02
3799 4.791872e+02
4030 4.578571e+02
4736 4.558289e+02
5610 4.476529e+02
5726 4.370768e+02
6203 4.279229e+02
6877 4.216990e+02
8666 4.048171e+02
13842 3.927989e+02
190005 3.708931e+02
201726 3.543982e+02
202749 3.518192e+02
202756 3.207805e+02
202914 3.198975e+02
203157 3.127017e+02
203165 2.981459e+02
203173 2.871263e+02
203222 2.713841e+02
203427 2.698083e+02
203429 2.659952e+02
203472 2.471365e+02
203511 2.452219e+02
203521 2.275755e+02
203677 2.191362e+02
203836 2.043910e+02
204014 2.029825e+02
204100 2.026075e+02
204174 2.016396e+02
204229 2.000661e+02
204250 1.935576e+02
204258 1.933374e+02
204313 1.912440e+02
204338 1.874724e+02
204450 1.654461e+02
204761 1.550820e+02
204892 1.540356e+02
204944 1.527030e+02
204962 1.494706e+02
205209 1.473043e+02
205257 1.423977e+02
205262 1.405706e+02
205442 1.350168e+02
205564 1.305031e+02
206086 1.267296e+02
206136 1.246199e+02
206165 1.239624e+02
206182 1.232196e+02
206197 1.201681e+02
206256 1.167110e+02
206300 1.164425e+02
206319 1.157684e+02
206345 1.147010e+02
206393 1.099098e+02
206563 1.097662e+02
206710 1.082490e+02
206842 1.076703e+02
206896 1.074172e+02
206922 1.040155e+02
207013 1.037447e+02
207025 1.022441e+02
207064 1.012144e+02
207340 9.998065e+01
207415 9.832316e+01
207650 9.814439e+01
207690 9.698959e+01
207704 9.638895e+01
207916 9.507477e+01
207994 9.490672e+01
208007 9.200287e+01
208076 9.187970e+01
208188 8.958441e+01
208437 8.914629e+01
208823 8.694811e+01
209055 8.564249e+01
209143 8.550631e+01
209216 8.496148e+01
209299 8.479616e+01
209324 8.314811e+01
209537 8.305782e+01
209545 8.254000e+01
209562 8.211972e+01
209621 8.198653e+01
209682 8.178240e+01
209707 8.172239e+01
209713 8.155875e+01
209793 8.153765e+01
209850 8.153190e+01
209860 8.134782e+01
209865 8.115512e+01
209906 8.100458e+01
209939 8.085732e+01
209988 8.080845e+01
209994 8.074240e+01
210003 8.055163e+01
210029 8.042231e+01
210076 8.029950e+01
210218 8.008883e+01
210238 7.986642e+01
210293 7.983532e+01
210333 7.981696e+01
210347 7.958304e+01
210527 7.949544e+01
210558 7.948176e+01
210624 7.926063e+01
210696 7.901566e+01
210798 7.890375e+01
210929 7.884124e+01
211282 7.877247e+01
211394 7.866280e+01
211460 7.831243e+01
211650 7.825617e+01
211664 7.822807e+01
211673 7.812915e+01
211729 7.804010e+01
211918 7.793455e+01
212057 7.792922e+01
212088 7.790012e+01
212193 7.785663e+01
212198 7.780227e+01
212359 7.774617e+01
212379 7.774321e+01
212405 7.774280e+01
212410 7.766188e+01
212414 7.763894e+01
212483 7.761374e+01
212506 7.760972e+01
212513 7.758571e+01
212575 7.758475e+01
212616 7.753037e+01
212731 7.751331e+01
212781 7.751065e+01
212817 7.744235e+01
212945 7.739560e+01
213019 7.734774e+01
213305 7.732314e+01
213316 7.730331e+01
213338 7.729395e+01
213471 7.721844e+01
213577 7.719995e+01
213849 7.714613e+01
213867 7.712689e+01
214030 7.712224e+01
214182 7.712155e+01
214230 7.710878e+01
214334 7.710674e+01
214341 7.710354e+01
214348 7.708636e+01
214396 7.706550e+01
214490 7.705061e+01
214527 7.704608e+01
214612 7.703738e+01
214713 7.702409e+01
214723 7.701660e+01
214844 7.701593e+01
214924 7.700344e+01
215090 7.700081e+01
215128 7.698557e+01
215302 7.698288e+01
215423 7.697875e+01
215494 7.697809e+01
215597 7.697531e+01
215613 7.697148e+01
215646 7.696658e+01
215769 7.696433e+01
215775 7.696415e+01
215900 7.696143e+01
215916 7.695961e+01
215936 7.695021e+01
216182 7.694928e+01
216277 7.694583e+01
216290 7.694546e+01
216381 7.694209e+01
216490 7.694014e+01
216625 7.693653e+01
216791 7.693634e+01
216873 7.693452e+01
216905 7.693357e+01
217043 7.693355e+01
217087 7.693313e+01
217122 7.693273e+01
217137 7.693148e+01
217167 7.693081e+01
217323 7.693075e+01
217326 7.693057e+01
217483 7.692908e+01
217907 7.692877e+01
218050 7.692848e+01
218051 7.692698e+01
218196 7.692686e+01
218276 7.692653e+01
218352 7.692611e+01
218386 7.692598e+01
218416 7.692593e+01
218433 7.692545e+01
218821 7.692502e+01
218859 7.692497e+01
218919 7.692446e+01
218968 7.692425e+01
219049 7.692407e+01
219204 7.692383e+01
219212 7.692382e+01
219275 7.692379e+01
219307 7.692377e+01
219344 7.692374e+01
219355 7.692351e+01
219376 7.692341e+01
219445 7.692341e+01
219451 7.692332e+01
219492 7.692311e+01
219510 7.692310e+01
219525 7.692308e+01
219544 7.692307e+01
219561 7.692304e+01
219579 7.692290e+01
219589 7.692284e+01
219624 7.692260e+01
219748 7.692251e+01
219974 7.692245e+01
220024 7.692239e+01
220140 7.692237e+01
220154 7.692226e+01
220195 7.692226e+01
220318 7.692223e+01
220403 7.692221e+01
220454 7.692208e+01
220588 7.692202e+01
220594 7.692202e+01
220657 7.692202e+01
220668 7.692201e+01
220685 7.692196e+01
220699 7.692191e+01
220715 7.692191e+01
220789 7.692189e+01
220803 7.692183e+01
220892 7.692183e+01
220982 7.692181e+01
221027 7.692174e+01
221100 7.692169e+01
221155 7.692168e+01
221347 7.692167e+01
221475 7.692165e+01
221532 7.692161e+01
221857 7.692159e+01
221891 7.692159e+01
221895 7.692156e+01
222190 7.692155e+01
222200 7.692155e+01
222228 7.692153e+01
222270 7.692152e+01
222548 7.692151e+01
222608 7.692151e+01
222617 7.692149e+01
222826 7.692149e+01
222859 7.692148e+01
222875 7.692148e+01
222906 7.692148e+01
222927 7.692148e+01
222934 7.692148e+01
222950 7.692147e+01
222995 7.692147e+01
223098 7.692146e+01
223121 7.692146e+01
223331 7.692146e+01
223402 7.692145e+01
223490 7.692145e+01
223495 7.692145e+01
223632 7.692145e+01
223697 7.692144e+01
223743 7.692144e+01
224208 7.692144e+01
224253 7.692144e+01
224267 7.692143e+01
224456 7.692143e+01
224540 7.692143e+01
224548 7.692143e+01
224670 7.692143e+01
224848 7.692143e+01
224851 7.692143e+01
224875 7.692143e+01
224895 7.692143e+01
224906 7.692143e+01
224960 7.692143e+01
224984 7.692143e+01
225004 7.692143e+01
225054 7.692143e+01
225080 7.692143e+01
225114 7.692143e+01
225170 7.692142e+01
225265 7.692142e+01
225296 7.692142e+01
225375 7.692142e+01
225452 7.692142e+01
225502 7.692142e+01
225564 7.692142e+01
225621 7.692142e+01
225708 7.692142e+01
225743 7.692142e+01
225752 7.692142e+01
225788 7.692142e+01
225805 7.692142e+01
225826 7.692142e+01
225828 7.692142e+01
225924 7.692142e+01
225934 7.692142e+01
225937 7.692142e+01
225961 7.692142e+01
226002 7.692142e+01
226030 7.692142e+01
226051 7.692142e+01
226093 7.692142e+01
226131 7.692142e+01
226132 7.692142e+01
226344 7.692142e+01
226393 7.692142e+01
226528 7.692142e+01
226610 7.692142e+01
226629 7.692142e+01
226813 7.692142e+01
226879 7.692142e+01
226934 7.692142e+01
226960 7.692142e+01
227098 7.692142e+01
227138 7.692142e+01
227167 7.692142e+01
227171 7.692142e+01
227251 7.692142e+01
227281 7.692142e+01
227293 7.692142e+01
227320 7.692142e+01
227391 7.692142e+01
227461 7.692142e+01
227540 7.692142e+01
227548 7.692142e+01
227569 7.692142e+01
227571 7.692142e+01
227593 7.692142e+01
227726 7.692142e+01
227744 7.692142e+01
227828 7.692142e+01
228006 7.692142e+01
228040 7.692142e+01
228048 7.692142e+01
228084 7.692142e+01
228126 7.692142e+01
228168 7.692142e+01
228201 7.692142e+01
228320 7.692142e+01
228399 7.692142e+01
228421 7.692142e+01
228427 7.692142e+01
228457 7.692142e+01
228464 7.692142e+01
228498 7.692142e+01
228763 7.692142e+01
228829 7.692142e+01
228905 7.692142e+01
228909 7.692142e+01
228926 7.692142e+01
228959 7.692142e+01
228969 7.692142e+01
229098 7.692142e+01
229164 7.692142e+01
229257 7.692142e+01
229297 7.692142e+01
229301 7.692142e+01
229308 7.692142e+01
229320 7.692142e+01
229328 7.692142e+01
229400 7.692142e+01
229643 7.692142e+01
229720 7.692142e+01
229731 7.692142e+01
229784 7.692142e+01
229861 7.692142e+01
229886 7.692142e+01
229922 7.692142e+01
229992 7.692142e+01
230009 7.692142e+01
230010 7.692142e+01
230015 7.692142e+01
230113 7.692142e+01
230229 7.692142e+01
230355 7.692142e+01
230425 7.692142e+01
230449 7.692142e+01
230541 7.692142e+01
230572 7.692142e+01
230587 7.692142e+01
230608 7.692142e+01
230694 7.692142e+01
230707 7.692142e+01
230762 7.692142e+01
230809 7.692142e+01
230841 7.692142e+01
230894 7.692142e+01
230961 7.692142e+01
231040 7.692142e+01
231080 7.692142e+01
231312 7.692142e+01
231405 7.692142e+01
231442 7.692142e+01
231473 7.692142e+01
231534 7.692142e+01
231556 7.692142e+01
231764 7.692142e+01
231770 7.692142e+01
231799 7.692142e+01
231818 7.692142e+01
232129 7.692142e+01
232186 7.692142e+01
232210 7.692142e+01
232211 7.692142e+01
232218 7.692142e+01
232300 7.692142e+01
232508 7.692142e+01
232510 7.692142e+01
232538 7.692142e+01
232542 7.692142e+01
232644 7.692142e+01
232681 7.692142e+01
232687 7.692142e+01
232708 7.692142e+01
232710 7.692142e+01
232795 7.692142e+01
232819 7.692142e+01
232833 7.692142e+01
232938 7.692142e+01
232955 7.692142e+01
233001 7.692142e+01
233057 7.692142e+01
233118 7.692142e+01
233127 7.692142e+01
233279 7.692142e+01
233298 7.692142e+01
233368 7.692142e+01
233390 7.692142e+01
233568 7.692142e+01
233612 7.692142e+01
233658 7.692142e+01
233663 7.692142e+01
233698 7.692142e+01
334563 7.580651e+01
335064 7.543164e+01
335472 7.393489e+01
335719 7.198070e+01
336344 7.079963e+01
336740 6.918550e+01
337175 6.749739e+01
337269 6.748135e+01
337610 6.637100e+01
337758 6.605958e+01
338139 6.598476e+01
338189 6.533529e+01
338285 6.423544e+01
339013 6.381780e+01
339271 6.308351e+01
339348 6.263462e+01
339547 6.234862e+01
339642 6.182825e+01
339711 6.161965e+01
339849 6.149910e+01
340052 6.116607e+01
340125 6.090663e+01
341111 6.084772e+01
341143 6.074655e+01
341324 6.062278e+01
341331 6.057536e+01
341474 6.012969e+01
341935 6.006494e+01
342140 5.994582e+01
342200 5.993344e+01
342337 5.985616e+01
342398 5.981441e+01
342466 5.975629e+01
342470 5.973961e+01
342560 5.957958e+01
342677 5.954659e+01
342977 5.953792e+01
343099 5.951027e+01
343156 5.936988e+01
343412 5.935342e+01
343453 5.933757e+01
343493 5.933359e+01
343508 5.926979e+01
343560 5.924437e+01
344276 5.922547e+01
344280 5.919802e+01
344335 5.915111e+01
344400 5.908099e+01
344649 5.903425e+01
344708 5.901695e+01
344931 5.901361e+01
345195 5.896182e+01
345672 5.895074e+01
345851 5.893961e+01
345887 5.893529e+01
345905 5.893246e+01
345956 5.892437e+01
346062 5.892322e+01
346316 5.891697e+01
346334 5.891302e+01
346355 5.890884e+01
346376 5.890791e+01
346515 5.890134e+01
346706 5.889405e+01
346747 5.889209e+01
346825 5.888532e+01
347441 5.886829e+01
347709 5.886775e+01
347886 5.886516e+01
347941 5.886386e+01
348059 5.886189e+01
348094 5.885719e+01
348142 5.885108e+01
348307 5.885037e+01
348471 5.884888e+01
348484 5.884796e+01
348818 5.884795e+01
348946 5.884228e+01
349148 5.883812e+01
349202 5.883214e+01
349360 5.882659e+01
349429 5.882639e+01
349727 5.882583e+01
350071 5.882500e+01
350131 5.881815e+01
350466 5.881758e+01
350513 5.881698e+01
350523 5.881588e+01
350653 5.881526e+01
350660 5.881233e+01
350741 5.881102e+01
351705 5.880882e+01
352032 5.880834e+01
352037 5.880823e+01
352052 5.880800e+01
352057 5.880619e+01
352079 5.880611e+01
352103 5.880351e+01
352170 5.880179e+01
352342 5.880080e+01
352520 5.879879e+01
352568 5.879783e+01
352676 5.879694e+01
352702 5.879525e+01
353056 5.879513e+01
353419 5.879374e+01
353993 5.879366e+01
354031 5.879358e+01
354235 5.879354e+01
354317 5.879281e+01
354383 5.879228e+01
354565 5.879197e+01
355128 5.879191e+01
355160 5.879120e+01
355177 5.879056e+01
355294 5.879013e+01
355558 5.878967e+01
355909 5.878935e+01
356283 5.878889e+01
356435 5.878885e+01
356835 5.878880e+01
356910 5.878870e+01
356919 5.878860e+01
357136 5.878854e+01
357300 5.878843e+01
357411 5.878833e+01
357486 5.878831e+01
357563 5.878828e+01
357719 5.878824e+01
357751 5.878822e+01
357872 5.878821e+01
357880 5.878820e+01
357888 5.878820e+01
357949 5.878819e+01
357979 5.878817e+01
357986 5.878813e+01
358080 5.878812e+01
358087 5.878803e+01
358155 5.878800e+01
358453 5.878795e+01
358668 5.878791e+01
358738 5.878791e+01
358828 5.878784e+01
358997 5.878784e+01
359020 5.878783e+01
359158 5.878783e+01
359236 5.878783e+01
359264 5.878781e+01
359329 5.878776e+01
359727 5.878775e+01
359872 5.878775e+01
360079 5.878774e+01
360375 5.878774e+01
360377 5.878772e+01
360567 5.878770e+01
360722 5.878769e+01
360961 5.878769e+01
361153 5.878769e+01
361173 5.878767e+01
361301 5.878767e+01
361347 5.878766e+01
361500 5.878764e+01
361525 5.878764e+01
361804 5.878764e+01
361814 5.878764e+01
361897 5.878763e+01
361929 5.878763e+01
362170 5.878763e+01
362230 5.878763e+01
362326 5.878762e+01
362369 5.878762e+01
362609 5.878762e+01
362745 5.878761e+01
362761 5.878761e+01
362864 5.878761e+01
362892 5.878761e+01
363135 5.878761e+01
363146 5.878761e+01
363448 5.878761e+01
363626 5.878761e+01
363720 5.878761e+01
363820 5.878761e+01
363864 5.878760e+01
363934 5.878760e+01
363971 5.878760e+01
363974 5.878760e+01
364083 5.878760e+01
364102 5.878760e+01
364134 5.878760e+01
364249 5.878760e+01
364303 5.878760e+01
364391 5.878760e+01
364424 5.878760e+01
364603 5.878760e+01
364625 5.878760e+01
364639 5.878760e+01
364703 5.878760e+01
364727 5.878760e+01
364788 5.878760e+01
365010 5.878760e+01
365149 5.878760e+01
365197 5.878760e+01
365236 5.878760e+01
365268 5.878760e+01
365401 5.878760e+01
365477 5.878760e+01
365512 5.878760e+01
365576 5.878760e+01
365676 5.878760e+01
365738 5.878760e+01
366223 5.878760e+01
366362 5.878760e+01
366383 5.878760e+01
366582 5.878760e+01
366612 5.878760e+01
366685 5.878760e+01
366802 5.878760e+01
366876 5.878760e+01
367078 5.878760e+01
367116 5.878760e+01
367140 5.878760e+01
367268 5.878760e+01
367303 5.878760e+01
367313 5.878760e+01
367371 5.878760e+01
367490 5.878760e+01
367528 5.878760e+01
367551 5.878760e+01
367649 5.878760e+01
367800 5.878760e+01
367816 5.878760e+01
367971 5.878760e+01
368076 5.878760e+01
368263 5.878760e+01
368445 5.878760e+01
368576 5.878760e+01
368640 5.878760e+01
368725 5.878760e+01
368827 5.878760e+01
368873 5.878760e+01
369014 5.878760e+01
369187 5.878760e+01
369518 5.878760e+01
369746 5.878760e+01
369789 5.878760e+01
370230 5.878760e+01
370270 5.878760e+01
370359 5.878760e+01
370383 5.878760e+01
370471 5.878760e+01
370643 5.878760e+01
370709 5.878760e+01
370856 5.878760e+01
370929 5.878760e+01
371051 5.878760e+01
371097 5.878760e+01
371142 5.878760e+01
371315 5.878760e+01
371382 5.878760e+01
371403 5.878760e+01
371530 5.878760e+01
371551 5.878760e+01
371609 5.878760e+01
371733 5.878760e+01
371807 5.878760e+01
372193 5.878760e+01
372446 5.878760e+01
372607 5.878760e+01
372760 5.878760e+01
372773 5.878760e+01
372821 5.878760e+01
372854 5.878760e+01
372966 5.878760e+01
372985 5.878760e+01
373033 5.878760e+01
373046 5.878760e+01
373662 5.878760e+01
373789 5.878760e+01
373977 5.878760e+01
374173 5.878760e+01
374176 5.878760e+01
374369 5.878760e+01
374606 5.878760e+01
374657 5.878760e+01
374856 5.878760e+01
374857 5.878760e+01
374870 5.878760e+01
374998 5.878760e+01
375274 5.878760e+01
375388 5.878760e+01
375515 5.878760e+01
375586 5.878760e+01
375639 5.878760e+01
375643 5.878760e+01
375759 5.878760e+01
375843 5.878760e+01
375898 5.878760e+01
375909 5.878760e+01
375947 5.878760e+01
375973 5.878760e+01
376032 5.878760e+01
376050 5.878760e+01
376537 5.878760e+01
377021 5.878760e+01
377129 5.878760e+01
377175 5.878760e+01
377231 5.878760e+01
377257 5.878760e+01
377264 5.878760e+01
377553 5.878760e+01
377555 5.878760e+01
377601 5.878760e+01
377932 5.878760e+01
378073 5.878760e+01
378165 5.878760e+01
378213 5.878760e+01
378244 5.878760e+01
378341 5.878760e+01
378426 5.878760e+01
378564 5.878760e+01
378629 5.878760e+01
378806 5.878760e+01
378993 5.878760e+01
379131 5.878760e+01
