1 7.036712e+03
8 6.720167e+03
18 6.568753e+03
25 5.819356e+03
73 5.244596e+03
139 5.172501e+03
151 4.753409e+03
304 4.649638e+03
471 4.067155e+03
508 3.969708e+03
528 3.882731e+03
576 3.753859e+03
589 3.580536e+03
607 3.413706e+03
621 3.069380e+03
660 2.969236e+03
667 2.918450e+03
674 2.857765e+03
699 2.659162e+03
711 2.644243e+03
748 2.526116e+03
750 2.243063e+03
794 2.076635e+03
866 1.674308e+03
872 1.642056e+03
949 1.396348e+03
974 1.323400e+03
1129 1.215714e+03
1186 1.186252e+03
1231 1.173351e+03
1232 1.171638e+03
1250 1.040828e+03
1279 1.001616e+03
1373 9.806838e+02
1401 8.881026e+02
1446 8.707736e+02
1547 8.590436e+02
1578 8.182020e+02
1596 7.683192e+02
1780 7.621049e+02
1799 7.097848e+02
1898 6.948851e+02
1932 6.944884e+02
1941 6.229531e+02
2078 6.054185e+02
2088 5.989951e+02
2545 5.500985e+02
2829 5.451433e+02
2861 5.397272e+02
2897 5.061226e+02
3232 4.828881e+02
3478 4.553686e+02
4212 4.386709e+02
7994 3.771656e+02
41479 3.504404e+02
42061 3.442766e+02
42217 3.417692e+02
42246 3.057101e+02
42369 3.041986e+02
42405 2.847485e+02
42489 2.438921e+02
42867 2.430859e+02
42970 2.351820e+02
43009 2.341667e+02
43071 2.337626e+02
43093 2.293013e+02
43123 2.211620e+02
43174 2.184091e+02
43195 2.068955e+02
43425 1.930137e+02
43427 1.901425e+02
43513 1.896284e+02
43696 1.836798e+02
43742 1.813998e+02
43766 1.702951e+02
43827 1.612025e+02
44043 1.548059e+02
44066 1.544437e+02
44181 1.481975e+02
44294 1.427097e+02
44365 1.427004e+02
44384 1.421663e+02
44402 1.402600e+02
44405 1.363602e+02
44524 1.357929e+02
44540 1.356528e+02
44550 1.312839e+02
44688 1.302775e+02
44721 1.301306e+02
44802 1.276385e+02
44835 1.267868e+02
44884 1.246242e+02
44888 1.240168e+02
45038 1.239311e+02
45133 1.235485e+02
45242 1.231536e+02
45249 1.219463e+02
45263 1.216399e+02
45275 1.215034e+02
45295 1.212463e+02
45313 1.147736e+02
45398 1.133779e+02
45771 1.129736e+02
45810 1.125361e+02
45879 1.122030e+02
45904 1.107881e+02
45979 1.083052e+02
46100 1.080754e+02
46157 1.054724e+02
46224 1.052390e+02
46236 1.032207e+02
46554 1.028573e+02
46585 1.013212e+02
46724 9.875249e+01
47029 9.872983e+01
47077 9.871596e+01
47106 9.805562e+01
47167 9.696090e+01
47451 9.630960e+01
47508 9.619490e+01
47564 9.585476e+01
47567 9.560435e+01
47597 9.537603e+01
47621 9.506379e+01
47663 9.464949e+01
47744 9.454448e+01
47750 9.450437e+01
47831 9.395391e+01
47954 9.393796e+01
47997 9.389897e+01
48195 9.363705e+01
48250 9.356000e+01
48288 9.345243e+01
48308 9.335564e+01
48335 9.329289e+01
48339 9.311180e+01
48387 9.304492e+01
48411 9.296651e+01
48452 9.278772e+01
48530 9.277858e+01
48578 9.231824e+01
48633 9.212627e+01
48736 9.184057e+01
48818 9.182310e+01
48923 9.162245e+01
49136 9.148020e+01
49170 9.123029e+01
49183 9.117232e+01
49246 9.115308e+01
49254 9.095073e+01
49295 9.080690e+01
49481 9.069287e+01
49883 9.058051e+01
49909 9.029626e+01
50003 9.008047e+01
50010 9.006994e+01
50272 8.978896e+01
50295 8.966172e+01
50599 8.943262e+01
50779 8.936974e+01
50924 8.933687e+01
50932 8.927592e+01
50955 8.923488e+01
51090 8.905523e+01
51304 8.904689e+01
51428 8.886932e+01
51669 8.884636e+01
51728 8.883178e+01
51819 8.879262e+01
51822 8.876527e+01
51890 8.875718e+01
51900 8.872701e+01
51944 8.872652e+01
51979 8.872503e+01
51986 8.871860e+01
52050 8.871128e+01
52061 8.869701e+01
52218 8.867855e+01
52298 8.860060e+01
52626 8.858580e+01
52706 8.856899e+01
52713 8.853748e+01
52743 8.848410e+01
52753 8.846622e+01
52802 8.845621e+01
52815 8.845551e+01
52856 8.842284e+01
53029 8.842283e+01
53268 8.841919e+01
53272 8.838723e+01
53313 8.838541e+01
53445 8.837714e+01
53505 8.834763e+01
53660 8.832879e+01
53661 8.832412e+01
53753 8.830032e+01
53952 8.829814e+01
54036 8.829441e+01
54101 8.828992e+01
54141 8.827888e+01
54273 8.827834e+01
54285 8.827496e+01
54293 8.826392e+01
54445 8.825290e+01
54609 8.824526e+01
54889 8.824093e+01
54919 8.823854e+01
54992 8.823793e+01
55004 8.823601e+01
55146 8.823417e+01
55169 8.823274e+01
55245 8.822944e+01
55281 8.822561e+01
55711 8.822416e+01
55832 8.822044e+01
55962 8.822025e+01
55973 8.821942e+01
56003 8.821887e+01
56021 8.821787e+01
56155 8.821693e+01
56190 8.821368e+01
56548 8.821257e+01
56592 8.821252e+01
56638 8.821130e+01
56823 8.821034e+01
56974 8.821030e+01
57007 8.820998e+01
57053 8.820978e+01
57150 8.820966e+01
57160 8.820910e+01
57165 8.820841e+01
57236 8.820750e+01
57332 8.820675e+01
57551 8.820657e+01
57610 8.820621e+01
57941 8.820619e+01
57969 8.820603e+01
57991 8.820589e+01
58000 8.820564e+01
58124 8.820552e+01
58166 8.820551e+01
58229 8.820522e+01
58462 8.820503e+01
58517 8.820489e+01
58523 8.820486e+01
58613 8.820482e+01
58662 8.820466e+01
58844 8.820464e+01
58852 8.820459e+01
58875 8.820456e+01
58907 8.820455e+01
58920 8.820454e+01
58928 8.820449e+01
58975 8.820447e+01
59018 8.820440e+01
59066 8.820439e+01
59146 8.820436e+01
59335 8.820435e+01
59347 8.820434e+01
59367 8.820432e+01
59381 8.820430e+01
59382 8.820427e+01
59450 8.820425e+01
59542 8.820424e+01
59613 8.820422e+01
59638 8.820421e+01
59672 8.820421e+01
59696 8.820421e+01
59719 8.820417e+01
59803 8.820416e+01
59879 8.820415e+01
59985 8.820414e+01
60018 8.820414e+01
60025 8.820413e+01
60036 8.820411e+01
60038 8.820411e+01
60161 8.820410e+01
60180 8.820408e+01
60266 8.820408e+01
60278 8.820408e+01
60292 8.820407e+01
60295 8.820407e+01
60338 8.820407e+01
60356 8.820405e+01
60408 8.820404e+01
60434 8.820403e+01
60577 8.820400e+01
60699 8.820399e+01
60712 8.820399e+01
60820 8.820399e+01
60872 8.820399e+01
60878 8.820399e+01
60906 8.820398e+01
60932 8.820398e+01
61036 8.820398e+01
61037 8.820397e+01
61042 8.820397e+01
61103 8.820396e+01
61186 8.820395e+01
61300 8.820395e+01
61359 8.820395e+01
61366 8.820395e+01
61449 8.820394e+01
61586 8.820394e+01
61607 8.820394e+01
61624 8.820394e+01
61667 8.820394e+01
61682 8.820394e+01
61694 8.820394e+01
61706 8.820394e+01
61812 8.820394e+01
61863 8.820394e+01
61931 8.820393e+01
61951 8.820393e+01
61964 8.820393e+01
62092 8.820393e+01
62186 8.820393e+01
62191 8.820393e+01
62278 8.820393e+01
62306 8.820393e+01
62338 8.820393e+01
62367 8.820393e+01
62448 8.820393e+01
62479 8.820393e+01
62880 8.820393e+01
62906 8.820393e+01
62955 8.820393e+01
62971 8.820393e+01
63009 8.820393e+01
63062 8.820393e+01
63073 8.820393e+01
63106 8.820393e+01
63110 8.820393e+01
63125 8.820393e+01
63163 8.820393e+01
63178 8.820393e+01
63255 8.820393e+01
63272 8.820393e+01
63297 8.820393e+01
63301 8.820393e+01
63317 8.820393e+01
63351 8.820393e+01
63369 8.820393e+01
63392 8.820393e+01
63459 8.820393e+01
63541 8.820393e+01
63561 8.820393e+01
63600 8.820393e+01
63674 8.820393e+01
63681 8.820393e+01
63690 8.820393e+01
63785 8.820393e+01
63793 8.820393e+01
63814 8.820393e+01
63878 8.820392e+01
63901 8.820392e+01
64063 8.820392e+01
64080 8.820392e+01
64090 8.820392e+01
64096 8.820392e+01
64109 8.820392e+01
64400 8.820392e+01
64560 8.820392e+01
64670 8.820392e+01
64678 8.820392e+01
64713 8.820392e+01
64765 8.820392e+01
64855 8.820392e+01
64914 8.820392e+01
64920 8.820392e+01
64923 8.820392e+01
65009 8.820392e+01
65040 8.820392e+01
65059 8.820392e+01
65087 8.820392e+01
65131 8.820392e+01
65149 8.820392e+01
65472 8.820392e+01
65490 8.820392e+01
65699 8.820392e+01
65714 8.820392e+01
65804 8.820392e+01
65875 8.820392e+01
65892 8.820392e+01
65926 8.820392e+01
66061 8.820392e+01
66120 8.820392e+01
66200 8.820392e+01
66281 8.820392e+01
66350 8.820392e+01
66393 8.820392e+01
66413 8.820392e+01
66452 8.820392e+01
66491 8.820392e+01
66557 8.820392e+01
66582 8.820392e+01
66676 8.820392e+01
66736 8.820392e+01
66755 8.820392e+01
66785 8.820392e+01
66881 8.820392e+01
66904 8.820392e+01
66999 8.820392e+01
67062 8.820392e+01
67076 8.820392e+01
67141 8.820392e+01
67149 8.820392e+01
67332 8.820392e+01
67411 8.820392e+01
67578 8.820392e+01
67611 8.820392e+01
67670 8.820392e+01
67697 8.820392e+01
67717 8.820392e+01
67732 8.820392e+01
67755 8.820392e+01
67794 8.820392e+01
67952 8.820392e+01
68196 8.820392e+01
68203 8.820392e+01
68253 8.820392e+01
68290 8.820392e+01
68328 8.820392e+01
68405 8.820392e+01
68529 8.820392e+01
68565 8.820392e+01
68650 8.820392e+01
68660 8.820392e+01
68663 8.820392e+01
68859 8.820392e+01
68888 8.820392e+01
68895 8.820392e+01
69058 8.820392e+01
69189 8.820392e+01
69203 8.820392e+01
69241 8.820392e+01
69244 8.820392e+01
69265 8.820392e+01
69348 8.820392e+01
69375 8.820392e+01
69384 8.820392e+01
69386 8.820392e+01
69411 8.820392e+01
69412 8.820392e+01
69459 8.820392e+01
69533 8.820392e+01
69639 8.820392e+01
69737 8.820392e+01
69796 8.820392e+01
69850 8.820392e+01
69858 8.820392e+01
69957 8.820392e+01
70009 8.820392e+01
70156 8.820392e+01
70239 8.820392e+01
70246 8.820392e+01
70398 8.820392e+01
70484 8.820392e+01
70488 8.820392e+01
70496 8.820392e+01
70529 8.820392e+01
70552 8.820392e+01
70556 8.820392e+01
70579 8.820392e+01
70651 8.820392e+01
70664 8.820392e+01
70780 8.820392e+01
70815 8.820392e+01
70817 8.820392e+01
70832 8.820392e+01
70944 8.820392e+01
71139 8.820392e+01
71160 8.820392e+01
71182 8.820392e+01
71253 8.820392e+01
71275 8.820392e+01
254995 8.805995e+01
255540 8.769787e+01
255589 8.755394e+01
255718 8.740184e+01
255725 8.719719e+01
255760 8.709224e+01
255773 8.706402e+01
255813 8.700562e+01
255821 8.700020e+01
255861 8.696769e+01
255883 8.695419e+01
255988 8.693961e+01
256006 8.693209e+01
256012 8.691469e+01
256076 8.684795e+01
256103 8.673886e+01
256190 8.664365e+01
256198 8.657027e+01
256293 8.641140e+01
256387 8.637920e+01
256512 8.637374e+01
256521 8.630024e+01
256580 8.625063e+01
256652 8.618590e+01
256676 8.596644e+01
256858 8.593243e+01
256945 8.592351e+01
256953 8.581400e+01
257101 8.574931e+01
257120 8.573528e+01
257234 8.570211e+01
257282 8.567232e+01
257288 8.560285e+01
257337 8.554317e+01
257544 8.553084e+01
257590 8.552849e+01
257662 8.551034e+01
257669 8.544419e+01
257848 8.543417e+01
257902 8.542201e+01
257969 8.541156e+01
258062 8.537582e+01
258135 8.534688e+01
258252 8.534106e+01
258284 8.529183e+01
258381 8.524148e+01
258941 8.523545e+01
258957 8.522331e+01
258990 8.520593e+01
259110 8.520077e+01
259131 8.519572e+01
259156 8.519220e+01
259297 8.518320e+01
259308 8.517625e+01
259334 8.517363e+01
259350 8.516915e+01
259381 8.516905e+01
259420 8.515794e+01
259468 8.515777e+01
259516 8.515221e+01
259563 8.515034e+01
259654 8.514816e+01
259730 8.514690e+01
259733 8.514680e+01
259788 8.514632e+01
259805 8.514210e+01
259861 8.512740e+01
259866 8.512156e+01
260191 8.510766e+01
260405 8.510061e+01
260558 8.509464e+01
260651 8.509436e+01
260655 8.509398e+01
260673 8.509141e+01
260753 8.508926e+01
260755 8.508874e+01
260821 8.508727e+01
260835 8.508623e+01
260930 8.508596e+01
260982 8.508523e+01
261022 8.508287e+01
261124 8.507997e+01
261276 8.507843e+01
261319 8.507810e+01
261357 8.507796e+01
261377 8.507568e+01
261511 8.507157e+01
261609 8.507150e+01
261611 8.507034e+01
261653 8.506939e+01
261664 8.506907e+01
261696 8.506780e+01
261701 8.506716e+01
261736 8.506572e+01
261784 8.506375e+01
261928 8.506321e+01
261996 8.506243e+01
262079 8.506184e+01
262086 8.506133e+01
262191 8.506051e+01
262250 8.506046e+01
262253 8.505720e+01
262641 8.505687e+01
262710 8.505683e+01
262734 8.505617e+01
262745 8.505493e+01
262908 8.505457e+01
263032 8.505450e+01
263043 8.505410e+01
263113 8.505357e+01
263137 8.505312e+01
263327 8.505302e+01
263572 8.505268e+01
263583 8.505260e+01
263621 8.505170e+01
263743 8.505076e+01
263837 8.505047e+01
263918 8.504997e+01
264008 8.504990e+01
264123 8.504984e+01
264149 8.504962e+01
264195 8.504934e+01
264248 8.504927e+01
264270 8.504923e+01
264286 8.504909e+01
264319 8.504803e+01
264579 8.504798e+01
264617 8.504789e+01
264698 8.504754e+01
264804 8.504750e+01
264954 8.504744e+01
265059 8.504735e+01
265094 8.504697e+01
265142 8.504674e+01
265276 8.504667e+01
265531 8.504661e+01
265591 8.504632e+01
265622 8.504616e+01
265643 8.504616e+01
265727 8.504603e+01
265838 8.504595e+01
265918 8.504592e+01
266080 8.504578e+01
266240 8.504574e+01
266266 8.504554e+01
266337 8.504551e+01
266420 8.504544e+01
266453 8.504544e+01
266518 8.504528e+01
266619 8.504515e+01
266657 8.504502e+01
266692 8.504494e+01
266814 8.504492e+01
266886 8.504485e+01
267013 8.504484e+01
267025 8.504484e+01
267053 8.504481e+01
267114 8.504479e+01
267120 8.504475e+01
267156 8.504473e+01
267181 8.504470e+01
267182 8.504469e+01
267190 8.504468e+01
267239 8.504464e+01
267368 8.504463e+01
267467 8.504457e+01
267540 8.504456e+01
267583 8.504452e+01
267746 8.504451e+01
267758 8.504449e+01
267797 8.504448e+01
267811 8.504447e+01
267898 8.504447e+01
267935 8.504446e+01
267945 8.504445e+01
267967 8.504443e+01
267979 8.504443e+01
268085 8.504441e+01
268090 8.504440e+01
268124 8.504438e+01
268289 8.504438e+01
268319 8.504438e+01
268336 8.504436e+01
268396 8.504436e+01
268462 8.504435e+01
268508 8.504435e+01
268514 8.504434e+01
268535 8.504433e+01
268635 8.504433e+01
268647 8.504432e+01
268669 8.504432e+01
268841 8.504432e+01
268844 8.504431e+01
268949 8.504429e+01
269175 8.504428e+01
269670 8.504427e+01
269735 8.504426e+01
270151 8.504426e+01
270174 8.504426e+01
270235 8.504426e+01
270345 8.504426e+01
270363 8.504425e+01
270375 8.504425e+01
270382 8.504424e+01
270517 8.504424e+01
270563 8.504424e+01
270579 8.504424e+01
270653 8.504424e+01
270676 8.504424e+01
270682 8.504424e+01
270683 8.504423e+01
270720 8.504423e+01
270963 8.504423e+01
270999 8.504423e+01
271144 8.504423e+01
271244 8.504423e+01
271265 8.504422e+01
271284 8.504422e+01
271313 8.504422e+01
271452 8.504422e+01
271494 8.504422e+01
271541 8.504422e+01
271542 8.504422e+01
271563 8.504422e+01
271577 8.504422e+01
271819 8.504422e+01
271882 8.504422e+01
271916 8.504422e+01
271968 8.504422e+01
271990 8.504422e+01
272326 8.504422e+01
272454 8.504422e+01
272547 8.504422e+01
272587 8.504422e+01
272636 8.504422e+01
272674 8.504422e+01
272680 8.504422e+01
272870 8.504422e+01
272900 8.504422e+01
272928 8.504422e+01
273128 8.504421e+01
273218 8.504421e+01
273350 8.504421e+01
273427 8.504421e+01
273431 8.504421e+01
273466 8.504421e+01
273468 8.504421e+01
273476 8.504421e+01
273583 8.504421e+01
273649 8.504421e+01
273701 8.504421e+01
273778 8.504421e+01
273781 8.504421e+01
273869 8.504421e+01
273940 8.504421e+01
273978 8.504421e+01
273993 8.504421e+01
274001 8.504421e+01
274116 8.504421e+01
274175 8.504421e+01
274280 8.504421e+01
274369 8.504421e+01
274449 8.504421e+01
274570 8.504421e+01
274744 8.504421e+01
274780 8.504421e+01
274862 8.504421e+01
274886 8.504421e+01
274899 8.504421e+01
274957 8.504421e+01
274971 8.504421e+01
274980 8.504421e+01
275061 8.504421e+01
275114 8.504421e+01
275145 8.504421e+01
275169 8.504421e+01
275175 8.504421e+01
275229 8.504421e+01
275359 8.504421e+01
275479 8.504421e+01
275522 8.504421e+01
275561 8.504421e+01
275619 8.504421e+01
275690 8.504421e+01
275801 8.504421e+01
275842 8.504421e+01
275895 8.504421e+01
275959 8.504421e+01
276098 8.504421e+01
276168 8.504421e+01
276173 8.504421e+01
276251 8.504421e+01
276269 8.504421e+01
276289 8.504421e+01
276517 8.504421e+01
276528 8.504421e+01
276545 8.504421e+01
276571 8.504421e+01
276632 8.504421e+01
276645 8.504421e+01
276651 8.504421e+01
276709 8.504421e+01
276888 8.504421e+01
276919 8.504421e+01
277318 8.504421e+01
277500 8.504421e+01
277513 8.504421e+01
277586 8.504421e+01
277610 8.504421e+01
277751 8.504421e+01
277764 8.504421e+01
277886 8.504421e+01
278001 8.504421e+01
278014 8.504421e+01
278302 8.504421e+01
278371 8.504421e+01
278388 8.504421e+01
278437 8.504421e+01
278455 8.504421e+01
278528 8.504421e+01
278633 8.504421e+01
278636 8.504421e+01
278684 8.504421e+01
278880 8.504421e+01
278900 8.504421e+01
278939 8.504421e+01
279029 8.504421e+01
279041 8.504421e+01
279047 8.504421e+01
279165 8.504421e+01
279235 8.504421e+01
279249 8.504421e+01
279517 8.504421e+01
279629 8.504421e+01
279648 8.504421e+01
279712 8.504421e+01
279799 8.504421e+01
279931 8.504421e+01
280020 8.504421e+01
280104 8.504421e+01
280106 8.504421e+01
280110 8.504421e+01
280129 8.504421e+01
280159 8.504421e+01
280168 8.504421e+01
280177 8.504421e+01
280185 8.504421e+01
280241 8.504421e+01
280275 8.504421e+01
280313 8.504421e+01
280466 8.504421e+01
280588 8.504421e+01
280711 8.504421e+01
280717 8.504421e+01
280734 8.504421e+01
280764 8.504421e+01
280795 8.504421e+01
280845 8.504421e+01
280881 8.504421e+01
280883 8.504421e+01
280895 8.504421e+01
281091 8.504421e+01
281096 8.504421e+01
281172 8.504421e+01
281228 8.504421e+01
281297 8.504421e+01
281312 8.504421e+01
281327 8.504421e+01
281345 8.504421e+01
281458 8.504421e+01
281669 8.504421e+01
455831 8.390403e+01
456605 8.279131e+01
456795 8.241002e+01
456842 8.191561e+01
456922 7.983484e+01
457415 7.972631e+01
457554 7.969293e+01
457675 7.935085e+01
457702 7.856765e+01
457745 7.796607e+01
457862 7.697480e+01
458703 7.622756e+01
459754 7.590372e+01
459859 7.457974e+01
460050 7.380307e+01
460182 7.367182e+01
460285 7.325965e+01
460307 7.240562e+01
460571 7.110495e+01
460929 7.108747e+01
461006 7.039316e+01
461277 6.919174e+01
461824 6.852161e+01
461883 6.842684e+01
461978 6.823558e+01
461984 6.732200e+01
462069 6.692132e+01
462474 6.675161e+01
462510 6.672653e+01
462606 6.641350e+01
462953 6.629081e+01
463354 6.598854e+01
463372 6.586835e+01
463827 6.557351e+01
463927 6.485231e+01
464880 6.478196e+01
464883 6.472888e+01
464922 6.471061e+01
465102 6.447908e+01
465128 6.412696e+01
465167 6.396323e+01
465251 6.373407e+01
465403 6.363996e+01
465451 6.320955e+01
466060 6.317368e+01
466140 6.292836e+01
466313 6.290988e+01
466374 6.273715e+01
466455 6.272929e+01
466654 6.269789e+01
466729 6.264282e+01
466811 6.256563e+01
466821 6.255950e+01
466835 6.253541e+01
467197 6.253183e+01
467487 6.227642e+01
468258 6.194409e+01
468495 6.191974e+01
468709 6.171827e+01
469327 6.165351e+01
469856 6.156693e+01
470029 6.148500e+01
470199 6.140550e+01
470570 6.118234e+01
470821 6.112307e+01
470859 6.102510e+01
470979 6.094587e+01
470988 6.089231e+01
471096 6.086431e+01
471172 6.081608e+01
471212 6.073106e+01
471243 6.068210e+01
471500 6.058934e+01
471530 6.056496e+01
471877 6.055621e+01
471997 6.050959e+01
472483 6.050404e+01
472566 6.048799e+01
472594 6.048401e+01
472661 6.045691e+01
472697 6.033514e+01
473253 6.022966e+01
473388 6.022102e+01
474157 6.020979e+01
474602 6.020232e+01
474609 6.015721e+01
474637 6.010180e+01
474966 6.009496e+01
474989 6.005687e+01
475104 6.002032e+01
475625 6.001970e+01
475729 6.001029e+01
475731 5.999896e+01
475845 5.998048e+01
475992 5.997277e+01
476009 5.996283e+01
476562 5.994281e+01
476669 5.994119e+01
476738 5.994117e+01
476746 5.991075e+01
476944 5.990462e+01
477282 5.989458e+01
477309 5.989081e+01
477396 5.988967e+01
477647 5.988012e+01
477924 5.987887e+01
477927 5.986669e+01
478202 5.986281e+01
478849 5.985625e+01
479032 5.985510e+01
479391 5.985313e+01
479518 5.985066e+01
479624 5.984019e+01
480350 5.983982e+01
480412 5.983739e+01
480927 5.983527e+01
480994 5.983520e+01
481127 5.983503e+01
481199 5.983464e+01
481216 5.983225e+01
481498 5.982970e+01
483059 5.982883e+01
483593 5.982855e+01
484040 5.982753e+01
484387 5.982726e+01
484553 5.982688e+01
484563 5.982646e+01
484584 5.982630e+01
484720 5.982621e+01
484789 5.982541e+01
484937 5.982521e+01
485084 5.982485e+01
485136 5.982469e+01
485248 5.982458e+01
485293 5.982435e+01
485393 5.982423e+01
485574 5.982407e+01
485577 5.982395e+01
485758 5.982344e+01
485997 5.982332e+01
486018 5.982321e+01
486225 5.982319e+01
486308 5.982303e+01
486324 5.982294e+01
486500 5.982284e+01
486608 5.982265e+01
486679 5.982255e+01
487045 5.982245e+01
487049 5.982242e+01
487184 5.982242e+01
487194 5.982233e+01
487324 5.982232e+01
487352 5.982228e+01
487410 5.982222e+01
487509 5.982221e+01
487582 5.982201e+01
488226 5.982199e+01
488430 5.982197e+01
488431 5.982193e+01
488691 5.982190e+01
488913 5.982186e+01
488956 5.982185e+01
489006 5.982182e+01
489044 5.982182e+01
489152 5.982180e+01
489178 5.982179e+01
489198 5.982179e+01
489268 5.982178e+01
489335 5.982172e+01
489406 5.982168e+01
489713 5.982168e+01
489839 5.982157e+01
490758 5.982157e+01
490773 5.982155e+01
491263 5.982154e+01
491369 5.982154e+01
491404 5.982153e+01
491475 5.982152e+01
491758 5.982152e+01
491781 5.982152e+01
491840 5.982151e+01
492044 5.982151e+01
492054 5.982150e+01
492378 5.982149e+01
492805 5.982148e+01
492992 5.982148e+01
493187 5.982148e+01
493223 5.982148e+01
493266 5.982148e+01
493300 5.982147e+01
493373 5.982147e+01
493594 5.982147e+01
494091 5.982147e+01
494098 5.982147e+01
494269 5.982147e+01
494273 5.982147e+01
494274 5.982147e+01
494288 5.982146e+01
494325 5.982146e+01
494454 5.982146e+01
494525 5.982146e+01
494646 5.982146e+01
494674 5.982146e+01
494822 5.982146e+01
494835 5.982146e+01
494850 5.982146e+01
494970 5.982146e+01
495083 5.982145e+01
495298 5.982145e+01
495540 5.982145e+01
495899 5.982145e+01
496145 5.982145e+01
496172 5.982145e+01
496277 5.982145e+01
496371 5.982145e+01
496506 5.982145e+01
496620 5.982145e+01
496914 5.982145e+01
497007 5.982145e+01
497018 5.982145e+01
497158 5.982145e+01
497213 5.982145e+01
497668 5.982145e+01
497766 5.982145e+01
497874 5.982145e+01
498155 5.982145e+01
498220 5.982145e+01
498356 5.982145e+01
498581 5.982145e+01
498683 5.982145e+01
498766 5.982145e+01
498770 5.982145e+01
498794 5.982145e+01
498814 5.982145e+01
498828 5.982145e+01
499307 5.982145e+01
499335 5.982145e+01
499620 5.982145e+01
499630 5.982145e+01
499810 5.982145e+01
499948 5.982145e+01
