1 8.648201e+03
4 6.125380e+03
12 5.472423e+03
72 5.410966e+03
77 4.390652e+03
491 3.590273e+03
547 3.460607e+03
580 3.288026e+03
598 3.054978e+03
612 2.711229e+03
668 2.699360e+03
719 2.330122e+03
754 2.310581e+03
786 2.206285e+03
835 2.086255e+03
862 2.066247e+03
876 2.021613e+03
884 1.992619e+03
906 1.868980e+03
945 1.785331e+03
952 1.729955e+03
1001 1.686161e+03
1030 1.665749e+03
1084 1.524888e+03
1206 1.347036e+03
1283 1.308427e+03
1376 1.276465e+03
1380 1.273605e+03
1381 1.258881e+03
1401 1.218634e+03
1453 1.179873e+03
1475 1.150487e+03
1481 1.135906e+03
1491 1.075079e+03
1592 1.020095e+03
1596 1.020029e+03
1607 9.376997e+02
1621 8.708794e+02
1712 7.942990e+02
1787 7.586668e+02
1809 7.329817e+02
1840 7.218148e+02
1886 7.213150e+02
1887 6.971566e+02
1932 6.532742e+02
2135 6.299097e+02
2357 5.973265e+02
2442 5.612218e+02
2508 5.517216e+02
2763 5.446451e+02
3151 5.370689e+02
3407 5.049020e+02
3734 4.973040e+02
3776 4.804570e+02
4073 4.581661e+02
4306 4.521755e+02
4670 4.258924e+02
5017 4.228309e+02
6863 4.100023e+02
8779 3.873957e+02
31325 3.852641e+02
31412 3.806162e+02
31676 3.550743e+02
31921 3.293880e+02
32137 3.213804e+02
32220 2.948857e+02
32402 2.902542e+02
32444 2.782433e+02
32587 2.649599e+02
32966 2.536690e+02
33083 2.466504e+02
33143 2.300518e+02
33178 2.222315e+02
33381 2.211666e+02
33433 2.193199e+02
33438 2.072383e+02
33538 2.047290e+02
33539 2.046146e+02
33542 2.026930e+02
33605 1.907094e+02
33838 1.830069e+02
33839 1.824673e+02
33875 1.795298e+02
33893 1.754637e+02
34037 1.637788e+02
34179 1.633658e+02
34186 1.520516e+02
34640 1.504486e+02
34653 1.486730e+02
34691 1.457396e+02
34836 1.443101e+02
34894 1.420852e+02
34902 1.337753e+02
35334 1.186944e+02
35550 1.171059e+02
35659 1.129001e+02
35873 1.128093e+02
35883 1.125304e+02
35936 1.096433e+02
36193 1.065981e+02
36315 1.060376e+02
36361 1.060022e+02
36372 1.055446e+02
36382 1.036414e+02
36402 1.025679e+02
36456 1.006547e+02
36545 1.002044e+02
36580 9.948214e+01
36643 9.936953e+01
36651 9.925427e+01
36738 9.866915e+01
36770 9.750909e+01
36923 9.668252e+01
36946 9.635900e+01
37097 9.626000e+01
37149 9.488173e+01
37224 9.437960e+01
37312 9.382491e+01
37374 9.371214e+01
37402 9.313700e+01
37455 9.233903e+01
37651 9.206572e+01
37666 9.083182e+01
37802 9.019807e+01
38194 9.019628e+01
38241 9.017329e+01
38242 8.940698e+01
38392 8.915835e+01
38492 8.889768e+01
38710 8.872045e+01
38876 8.861349e+01
38896 8.859403e+01
38918 8.857945e+01
38924 8.849779e+01
38947 8.842636e+01
38983 8.839652e+01
38985 8.833888e+01
38990 8.830511e+01
39080 8.821096e+01
39095 8.804761e+01
39415 8.795942e+01
39448 8.792557e+01
39457 8.789585e+01
39470 8.782211e+01
39522 8.774899e+01
39613 8.771477e+01
39674 8.765274e+01
39890 8.761628e+01
39943 8.760976e+01
40003 8.756255e+01
40061 8.751464e+01
40204 8.746721e+01
40254 8.738857e+01
40292 8.738028e+01
40365 8.731888e+01
40592 8.729937e+01
40772 8.729871e+01
40924 8.729217e+01
40973 8.717422e+01
41117 8.716383e+01
41156 8.715012e+01
41365 8.714700e+01
41406 8.714427e+01
41459 8.712185e+01
41525 8.707748e+01
41605 8.703172e+01
41835 8.702180e+01
41996 8.702037e+01
42021 8.697736e+01
42272 8.697005e+01
42282 8.696865e+01
42313 8.695254e+01
42365 8.694712e+01
42372 8.694285e+01
42415 8.690947e+01
42735 8.689149e+01
42936 8.688707e+01
43034 8.688184e+01
43150 8.687971e+01
43281 8.687855e+01
43333 8.687469e+01
43387 8.687087e+01
43468 8.686948e+01
43592 8.686763e+01
43595 8.686371e+01
43613 8.685897e+01
43717 8.685679e+01
43805 8.685309e+01
44002 8.685137e+01
44091 8.685014e+01
44133 8.684830e+01
44260 8.684700e+01
44380 8.684537e+01
44447 8.684531e+01
44449 8.684525e+01
44460 8.684509e+01
44466 8.684279e+01
44508 8.684144e+01
44510 8.684139e+01
44621 8.684097e+01
44656 8.684065e+01
44711 8.683930e+01
44712 8.683918e+01
44746 8.683904e+01
44808 8.683792e+01
44990 8.683638e+01
45118 8.683638e+01
45145 8.683572e+01
45160 8.683529e+01
45190 8.683522e+01
45212 8.683519e+01
45275 8.683484e+01
45323 8.683434e+01
45369 8.683424e+01
45521 8.683410e+01
45574 8.683345e+01
45688 8.683340e+01
45745 8.683332e+01
45818 8.683328e+01
45831 8.683312e+01
45939 8.683304e+01
45948 8.683296e+01
46006 8.683291e+01
46021 8.683290e+01
46027 8.683276e+01
46052 8.683269e+01
46065 8.683261e+01
46073 8.683259e+01
46113 8.683258e+01
46126 8.683239e+01
46141 8.683228e+01
46213 8.683227e+01
46236 8.683210e+01
46473 8.683207e+01
46482 8.683204e+01
46556 8.683202e+01
46559 8.683187e+01
46716 8.683185e+01
46750 8.683185e+01
46781 8.683184e+01
46802 8.683182e+01
46876 8.683172e+01
46908 8.683167e+01
46935 8.683166e+01
46986 8.683165e+01
47031 8.683161e+01
47035 8.683156e+01
47143 8.683152e+01
47341 8.683145e+01
47402 8.683143e+01
47514 8.683141e+01
47596 8.683135e+01
47675 8.683133e+01
47839 8.683132e+01
47856 8.683130e+01
47880 8.683128e+01
47935 8.683128e+01
47943 8.683125e+01
48002 8.683124e+01
48067 8.683123e+01
48140 8.683121e+01
48165 8.683119e+01
48243 8.683118e+01
48308 8.683117e+01
48411 8.683116e+01
48467 8.683115e+01
48600 8.683113e+01
48776 8.683112e+01
48821 8.683112e+01
48846 8.683112e+01
48894 8.683112e+01
48959 8.683112e+01
48966 8.683110e+01
49049 8.683109e+01
49559 8.683108e+01
49580 8.683108e+01
49624 8.683108e+01
49673 8.683107e+01
49716 8.683107e+01
49794 8.683107e+01
49830 8.683107e+01
49880 8.683107e+01
49887 8.683106e+01
49913 8.683106e+01
49972 8.683106e+01
49982 8.683106e+01
50107 8.683106e+01
50122 8.683106e+01
50146 8.683105e+01
50209 8.683105e+01
50276 8.683105e+01
50364 8.683105e+01
50423 8.683104e+01
50746 8.683104e+01
50850 8.683104e+01
51055 8.683104e+01
51082 8.683104e+01
51128 8.683104e+01
51140 8.683104e+01
51155 8.683104e+01
51187 8.683104e+01
51236 8.683104e+01
51241 8.683103e+01
51339 8.683103e+01
51371 8.683103e+01
51479 8.683103e+01
51508 8.683103e+01
52066 8.683103e+01
52193 8.683103e+01
52213 8.683103e+01
52239 8.683103e+01
52307 8.683103e+01
52310 8.683103e+01
52341 8.683103e+01
52378 8.683103e+01
52386 8.683103e+01
52390 8.683103e+01
52420 8.683103e+01
52430 8.683103e+01
52432 8.683103e+01
52449 8.683103e+01
52470 8.683103e+01
52496 8.683103e+01
52542 8.683103e+01
52656 8.683103e+01
52700 8.683103e+01
52801 8.683103e+01
52860 8.683103e+01
52992 8.683103e+01
53047 8.683103e+01
53288 8.683103e+01
53293 8.683103e+01
53312 8.683103e+01
53319 8.683103e+01
53365 8.683103e+01
53393 8.683103e+01
53459 8.683103e+01
53476 8.683103e+01
53478 8.683103e+01
53522 8.683103e+01
53524 8.683103e+01
53576 8.683103e+01
53620 8.683103e+01
53631 8.683103e+01
53676 8.683103e+01
53875 8.683103e+01
53892 8.683103e+01
53897 8.683103e+01
53962 8.683103e+01
53965 8.683103e+01
54004 8.683103e+01
54069 8.683103e+01
54090 8.683103e+01
54362 8.683103e+01
54497 8.683103e+01
54513 8.683103e+01
54525 8.683103e+01
54537 8.683103e+01
54632 8.683103e+01
54633 8.683103e+01
54757 8.683103e+01
54842 8.683103e+01
54905 8.683103e+01
54938 8.683103e+01
54962 8.683103e+01
55095 8.683103e+01
55172 8.683103e+01
55326 8.683103e+01
55375 8.683103e+01
55413 8.683103e+01
55440 8.683103e+01
55500 8.683103e+01
55687 8.683103e+01
55728 8.683103e+01
55813 8.683103e+01
55894 8.683103e+01
55968 8.683103e+01
56025 8.683103e+01
56044 8.683103e+01
56106 8.683103e+01
56142 8.683103e+01
56214 8.683103e+01
56356 8.683103e+01
56462 8.683103e+01
56468 8.683103e+01
56521 8.683103e+01
56527 8.683103e+01
56550 8.683103e+01
56636 8.683103e+01
56724 8.683103e+01
56728 8.683103e+01
56765 8.683103e+01
56787 8.683103e+01
56805 8.683103e+01
56914 8.683103e+01
56966 8.683103e+01
57010 8.683103e+01
57065 8.683103e+01
57127 8.683103e+01
57171 8.683103e+01
57182 8.683103e+01
57250 8.683103e+01
57274 8.683103e+01
57293 8.683103e+01
57418 8.683103e+01
57423 8.683103e+01
57625 8.683103e+01
57665 8.683103e+01
57697 8.683103e+01
57719 8.683103e+01
57783 8.683103e+01
57784 8.683103e+01
57785 8.683103e+01
57853 8.683103e+01
57988 8.683103e+01
58000 8.683103e+01
58045 8.683103e+01
58081 8.683103e+01
58122 8.683103e+01
58128 8.683103e+01
58154 8.683103e+01
58276 8.683103e+01
58337 8.683103e+01
58361 8.683103e+01
58363 8.683103e+01
58417 8.683103e+01
58504 8.683103e+01
58646 8.683103e+01
58777 8.683103e+01
58795 8.683103e+01
58808 8.683103e+01
58903 8.683103e+01
58913 8.683103e+01
59014 8.683103e+01
59105 8.683103e+01
59194 8.683103e+01
59206 8.683103e+01
59314 8.683103e+01
59390 8.683103e+01
59416 8.683103e+01
59462 8.683103e+01
59503 8.683103e+01
59677 8.683103e+01
59716 8.683103e+01
59789 8.683103e+01
59903 8.683103e+01
59911 8.683103e+01
59947 8.683103e+01
59953 8.683103e+01
59955 8.683103e+01
59999 8.683103e+01
60200 8.683103e+01
189244 8.682944e+01
189324 8.663527e+01
189415 8.629300e+01
189421 8.601907e+01
189452 8.568685e+01
189467 8.562156e+01
189485 8.421563e+01
189831 8.372708e+01
189919 8.251058e+01
190264 8.186542e+01
190286 8.149052e+01
190298 8.117073e+01
190499 8.116888e+01
190517 8.112335e+01
190546 8.098223e+01
190646 8.076052e+01
190661 8.027461e+01
190701 8.024392e+01
190758 7.999556e+01
190820 7.934744e+01
190911 7.928087e+01
191135 7.892088e+01
191171 7.869742e+01
191214 7.846440e+01
191258 7.841454e+01
191302 7.828461e+01
191390 7.795766e+01
191520 7.794367e+01
191526 7.783653e+01
191579 7.775565e+01
191588 7.727125e+01
191863 7.704875e+01
192120 7.690996e+01
192350 7.689473e+01
192365 7.687666e+01
192408 7.686336e+01
192413 7.682354e+01
192421 7.682215e+01
192464 7.672899e+01
192516 7.670886e+01
192598 7.667168e+01
192608 7.661425e+01
192678 7.660343e+01
192685 7.654535e+01
192730 7.649863e+01
192760 7.649432e+01
192793 7.647259e+01
192803 7.645450e+01
192807 7.643531e+01
192873 7.634498e+01
193189 7.633647e+01
193202 7.633372e+01
193222 7.629791e+01
193275 7.623781e+01
193357 7.620300e+01
193674 7.608431e+01
193870 7.604617e+01
193881 7.603171e+01
194056 7.602260e+01
194097 7.601903e+01
194120 7.601746e+01
194122 7.601197e+01
194140 7.600033e+01
194169 7.597077e+01
194195 7.595041e+01
194292 7.595018e+01
194350 7.594978e+01
194421 7.594840e+01
194431 7.593478e+01
194456 7.593170e+01
194567 7.592147e+01
194571 7.591668e+01
194583 7.591621e+01
194846 7.591034e+01
194934 7.588960e+01
195076 7.588274e+01
195105 7.587818e+01
195157 7.587710e+01
195177 7.587263e+01
195210 7.586371e+01
195269 7.585949e+01
195455 7.585680e+01
195473 7.584766e+01
195479 7.584470e+01
195733 7.583918e+01
195819 7.583691e+01
195840 7.583650e+01
195947 7.583331e+01
195959 7.582986e+01
196021 7.582374e+01
196163 7.581893e+01
196224 7.581677e+01
196494 7.580677e+01
196592 7.580495e+01
196743 7.580489e+01
196766 7.580487e+01
196786 7.580056e+01
196950 7.579927e+01
196981 7.579913e+01
196985 7.579770e+01
197004 7.579724e+01
197029 7.579671e+01
197148 7.579187e+01
197249 7.578953e+01
197527 7.578861e+01
197580 7.578834e+01
197603 7.578744e+01
197614 7.578719e+01
197800 7.578682e+01
197806 7.578660e+01
197807 7.578477e+01
198037 7.578446e+01
198057 7.578434e+01
198170 7.578378e+01
198311 7.578360e+01
198471 7.578319e+01
198530 7.578312e+01
198614 7.578222e+01
198726 7.578203e+01
198796 7.578148e+01
198897 7.578127e+01
199052 7.578106e+01
199120 7.578101e+01
199196 7.578088e+01
199265 7.578086e+01
199272 7.578073e+01
199311 7.578061e+01
199400 7.578045e+01
199468 7.578044e+01
199509 7.578040e+01
199580 7.578034e+01
199623 7.578026e+01
199666 7.578023e+01
199753 7.578021e+01
199784 7.578018e+01
199848 7.578016e+01
199859 7.578002e+01
199922 7.577991e+01
200072 7.577989e+01
200112 7.577988e+01
200143 7.577986e+01
200152 7.577985e+01
200168 7.577984e+01
200295 7.577984e+01
200373 7.577983e+01
200399 7.577978e+01
200434 7.577978e+01
200518 7.577977e+01
200578 7.577970e+01
200589 7.577969e+01
200675 7.577969e+01
200681 7.577960e+01
200810 7.577958e+01
200883 7.577955e+01
201114 7.577955e+01
201199 7.577955e+01
201211 7.577950e+01
201366 7.577950e+01
201380 7.577947e+01
201386 7.577946e+01
201424 7.577945e+01
201458 7.577943e+01
201785 7.577941e+01
201953 7.577940e+01
202035 7.577938e+01
202051 7.577937e+01
202109 7.577937e+01
202121 7.577936e+01
202123 7.577936e+01
202124 7.577935e+01
202165 7.577934e+01
202171 7.577934e+01
202257 7.577933e+01
202275 7.577932e+01
202370 7.577932e+01
202454 7.577930e+01
202492 7.577930e+01
202708 7.577929e+01
202758 7.577929e+01
202817 7.577928e+01
202927 7.577927e+01
203027 7.577926e+01
203186 7.577926e+01
203243 7.577926e+01
203255 7.577926e+01
203275 7.577926e+01
203343 7.577925e+01
203411 7.577925e+01
203436 7.577925e+01
203480 7.577925e+01
203528 7.577925e+01
203570 7.577925e+01
203685 7.577924e+01
203867 7.577924e+01
204027 7.577924e+01
204040 7.577924e+01
204096 7.577923e+01
204248 7.577923e+01
204293 7.577923e+01
204316 7.577923e+01
204361 7.577923e+01
204398 7.577923e+01
204464 7.577923e+01
204511 7.577923e+01
204569 7.577923e+01
204583 7.577923e+01
204683 7.577923e+01
204752 7.577923e+01
204829 7.577922e+01
205094 7.577922e+01
205201 7.577922e+01
205248 7.577922e+01
205412 7.577922e+01
205448 7.577922e+01
205528 7.577922e+01
205545 7.577922e+01
205572 7.577922e+01
205627 7.577922e+01
205678 7.577922e+01
205864 7.577922e+01
205964 7.577922e+01
206015 7.577922e+01
206095 7.577922e+01
206213 7.577922e+01
206412 7.577922e+01
206431 7.577922e+01
206543 7.577922e+01
206556 7.577922e+01
206693 7.577922e+01
206754 7.577922e+01
206858 7.577922e+01
206869 7.577922e+01
206920 7.577922e+01
207177 7.577922e+01
207257 7.577922e+01
207415 7.577922e+01
207431 7.577922e+01
207507 7.577922e+01
207579 7.577922e+01
207603 7.577922e+01
207701 7.577922e+01
207746 7.577922e+01
207826 7.577922e+01
207950 7.577922e+01
208077 7.577922e+01
208149 7.577922e+01
208313 7.577922e+01
208325 7.577922e+01
208454 7.577922e+01
208472 7.577922e+01
208480 7.577922e+01
208565 7.577922e+01
208596 7.577922e+01
208608 7.577922e+01
208649 7.577922e+01
208677 7.577922e+01
208838 7.577922e+01
208936 7.577922e+01
208981 7.577922e+01
208993 7.577922e+01
209002 7.577922e+01
209029 7.577922e+01
209030 7.577922e+01
209060 7.577922e+01
209315 7.577922e+01
209437 7.577922e+01
209528 7.577922e+01
209534 7.577922e+01
209628 7.577922e+01
209740 7.577922e+01
209905 7.577922e+01
209925 7.577922e+01
209961 7.577922e+01
210022 7.577922e+01
210046 7.577922e+01
210048 7.577922e+01
210072 7.577922e+01
210075 7.577922e+01
210150 7.577922e+01
210235 7.577922e+01
210372 7.577922e+01
210428 7.577922e+01
210508 7.577922e+01
210635 7.577922e+01
210730 7.577922e+01
210767 7.577922e+01
210821 7.577922e+01
210827 7.577922e+01
210828 7.577922e+01
210839 7.577922e+01
210921 7.577922e+01
211010 7.577922e+01
211046 7.577922e+01
211091 7.577922e+01
211152 7.577922e+01
211160 7.577922e+01
211166 7.577922e+01
211263 7.577922e+01
211281 7.577922e+01
211301 7.577922e+01
211698 7.577922e+01
211714 7.577922e+01
211736 7.577922e+01
211738 7.577922e+01
211811 7.577922e+01
211834 7.577922e+01
211851 7.577922e+01
211859 7.577922e+01
211881 7.577922e+01
211959 7.577922e+01
211993 7.577922e+01
211995 7.577922e+01
212012 7.577922e+01
212089 7.577922e+01
212129 7.577922e+01
212130 7.577922e+01
212172 7.577922e+01
212199 7.577922e+01
212256 7.577922e+01
212311 7.577922e+01
212355 7.577922e+01
212390 7.577922e+01
212561 7.577922e+01
212595 7.577922e+01
212739 7.577922e+01
212787 7.577922e+01
212958 7.577922e+01
212981 7.577922e+01
213202 7.577922e+01
213230 7.577922e+01
213255 7.577922e+01
213279 7.577922e+01
213313 7.577922e+01
213314 7.577922e+01
213347 7.577922e+01
213443 7.577922e+01
213601 7.577922e+01
213613 7.577922e+01
213778 7.577922e+01
213783 7.577922e+01
213804 7.577922e+01
213818 7.577922e+01
213842 7.577922e+01
213888 7.577922e+01
