1 7.469391e+02
5 3.110475e+02
82 1.833939e+02
223 1.733000e+02
249 1.671923e+02
278 1.328321e+02
374 1.270185e+02
377 1.262360e+02
378 1.018097e+02
410 1.010288e+02
435 9.892345e+01
444 9.549278e+01
506 8.762158e+01
552 7.846068e+01
569 7.550846e+01
653 6.997119e+01
814 5.318183e+01
1089 4.933563e+01
1606 4.553871e+01
1798 4.252828e+01
2377 3.836285e+01
2714 3.574667e+01
2975 3.391084e+01
3073 2.821550e+01
3092 2.526492e+01
3224 8.654861e+00
3301 6.197726e+00
3318 5.164956e+00
3464 3.039867e+00
3624 2.919864e+00
3625 2.675795e+00
3659 2.178481e+00
3694 2.168182e+00
3737 1.980980e+00
3799 1.950066e+00
3808 1.925221e+00
3809 1.757189e+00
3824 1.524136e+00
3878 1.344251e+00
3888 1.313106e+00
3940 1.305983e+00
3941 1.261916e+00
3960 1.162314e+00
4016 1.126818e+00
4051 1.084188e+00
4055 1.061673e+00
4090 1.046475e+00
4139 1.042775e+00
4141 1.035860e+00
4144 1.031176e+00
4167 1.010083e+00
4278 1.007975e+00
4305 1.006880e+00
4324 1.003496e+00
4351 1.002830e+00
4357 9.998165e-01
4370 9.997780e-01
4428 9.996934e-01
4433 9.973271e-01
4465 9.972735e-01
4493 9.965293e-01
4616 9.962037e-01
4630 9.959252e-01
4663 9.956258e-01
4671 9.954524e-01
4721 9.954254e-01
4736 9.953548e-01
4751 9.953135e-01
4790 9.952393e-01
4792 9.951608e-01
4825 9.951548e-01
4831 9.951023e-01
4903 9.950897e-01
4933 9.950631e-01
4934 9.950169e-01
4983 9.950031e-01
4984 9.949957e-01
5039 9.949899e-01
5080 9.949804e-01
5084 9.949672e-01
5162 9.949666e-01
5202 9.949660e-01
5225 9.949655e-01
5238 9.949645e-01
5248 9.949638e-01
5253 9.949627e-01
5262 9.949618e-01
5296 9.949616e-01
5311 9.949611e-01
5342 9.949611e-01
5343 9.949606e-01
5368 9.949604e-01
5369 9.949603e-01
5420 9.949603e-01
5427 9.949602e-01
5443 9.949599e-01
5446 9.949596e-01
5459 9.949596e-01
5476 9.949594e-01
5508 9.949593e-01
5558 9.949593e-01
5605 9.949592e-01
5608 9.949592e-01
5694 9.949591e-01
5721 9.949591e-01
5740 9.949591e-01
5773 9.949591e-01
5812 9.949591e-01
5973 9.949591e-01
6010 9.949591e-01
6015 9.949591e-01
6045 9.949591e-01
6072 9.949591e-01
6097 9.949591e-01
6098 9.949591e-01
6136 9.949591e-01
6227 9.949591e-01
6232 9.949591e-01
6269 9.949591e-01
6320 9.949591e-01
6331 9.949591e-01
6346 9.949591e-01
6513 9.949591e-01
6578 9.949591e-01
6607 9.949591e-01
6629 9.949591e-01
6717 9.949591e-01
6764 9.949591e-01
6778 9.949591e-01
