1 1.363000e+03
2 7.789621e+02
3 4.917848e+02
21 3.689222e+02
65 3.656296e+02
67 3.235516e+02
97 2.937827e+02
129 2.175098e+02
259 1.654010e+02
306 1.218661e+02
391 9.677351e+01
523 9.369887e+01
535 8.060814e+01
546 7.777207e+01
583 7.167744e+01
641 7.122949e+01
657 5.508345e+01
913 4.072301e+01
1186 4.012626e+01
1514 3.153120e+01
2575 2.460343e+01
2586 1.999986e+01
2830 1.925108e+01
2836 1.916418e+01
2872 1.601260e+01
2896 1.344414e+01
2977 9.869555e+00
3162 9.478988e+00
3263 9.373247e+00
3317 8.926317e+00
3326 8.915707e+00
3344 8.795102e+00
3355 8.554054e+00
3401 8.308013e+00
3418 8.273820e+00
3496 8.151792e+00
3538 8.146392e+00
3567 8.075244e+00
3607 8.010024e+00
3734 8.006129e+00
3749 7.992049e+00
3757 7.978403e+00
3788 7.973919e+00
3885 7.971519e+00
3980 7.969899e+00
3991 7.967518e+00
4022 7.965485e+00
4024 7.964285e+00
4028 7.963457e+00
4039 7.963251e+00
4043 7.962980e+00
4059 7.961932e+00
4098 7.961502e+00
4116 7.960995e+00
4158 7.960899e+00
4193 7.960392e+00
4210 7.960357e+00
4238 7.960273e+00
4294 7.960191e+00
4348 7.960181e+00
4357 7.960113e+00
4366 7.959948e+00
4401 7.959939e+00
4411 7.959925e+00
4414 7.959803e+00
4444 7.959789e+00
4487 7.959776e+00
4497 7.959770e+00
4533 7.959747e+00
4537 7.959740e+00
4538 7.959731e+00
4542 7.959704e+00
4602 7.959695e+00
4716 7.959695e+00
4761 7.959694e+00
4775 7.959692e+00
4781 7.959679e+00
4852 7.959677e+00
4899 7.959677e+00
4918 7.959677e+00
4925 7.959677e+00
4934 7.959675e+00
4944 7.959672e+00
4983 7.959670e+00
5045 7.959670e+00
5056 7.959670e+00
5065 7.959668e+00
5071 7.959668e+00
5201 7.959668e+00
5220 7.959668e+00
5296 7.959668e+00
5318 7.959668e+00
5356 7.959668e+00
5412 7.959668e+00
5430 7.959668e+00
5455 7.959668e+00
5467 7.959668e+00
5531 7.959667e+00
5545 7.959667e+00
5552 7.959667e+00
5557 7.959667e+00
5618 7.959667e+00
5633 7.959667e+00
5644 7.959667e+00
5702 7.959667e+00
5707 7.959667e+00
5711 7.959667e+00
5714 7.959667e+00
5737 7.959667e+00
5739 7.959667e+00
5780 7.959667e+00
5793 7.959667e+00
5796 7.959667e+00
5834 7.959667e+00
5836 7.959667e+00
5854 7.959667e+00
5944 7.959667e+00
5953 7.959667e+00
6003 7.959667e+00
6046 7.959667e+00
6096 7.959667e+00
6154 7.959667e+00
6167 7.959667e+00
6192 7.959667e+00
6200 7.959667e+00
6234 7.959667e+00
6236 7.959667e+00
6269 7.959667e+00
6282 7.959667e+00
6286 7.959667e+00
6330 7.959667e+00
6333 7.959667e+00
6358 7.959667e+00
6371 7.959667e+00
6382 7.959667e+00
6422 7.959667e+00
6458 7.959667e+00
6461 7.959667e+00
6468 7.959667e+00
6496 7.959667e+00
6509 7.959667e+00
6535 7.959667e+00
6566 7.959667e+00
6591 7.959667e+00
32171 6.342832e+00
32215 6.082129e+00
32276 5.702478e+00
32330 5.465347e+00
32331 5.196005e+00
32338 5.019350e+00
32368 4.727945e+00
32370 4.541549e+00
32500 4.461646e+00
32526 4.312950e+00
32566 4.184525e+00
32647 4.140803e+00
32684 4.085414e+00
32759 4.030483e+00
32826 4.016850e+00
32873 4.011685e+00
32940 4.010830e+00
32948 3.998403e+00
32967 3.993610e+00
32980 3.989454e+00
33107 3.984403e+00
33153 3.983758e+00
33179 3.983720e+00
33193 3.982593e+00
33214 3.982540e+00
33253 3.981974e+00
33268 3.981331e+00
33278 3.980898e+00
33330 3.980768e+00
33345 3.980237e+00
33486 3.980147e+00
33528 3.980073e+00
33557 3.979946e+00
33597 3.979892e+00
33687 3.979877e+00
33749 3.979873e+00
33774 3.979871e+00
33778 3.979844e+00
33970 3.979842e+00
34018 3.979840e+00
34092 3.979840e+00
34106 3.979839e+00
34113 3.979838e+00
34146 3.979837e+00
34183 3.979837e+00
34210 3.979837e+00
34240 3.979837e+00
34241 3.979837e+00
34272 3.979837e+00
34296 3.979836e+00
34370 3.979836e+00
34401 3.979836e+00
34434 3.979836e+00
34466 3.979836e+00
34477 3.979836e+00
34532 3.979836e+00
34583 3.979836e+00
34651 3.979836e+00
34700 3.979836e+00
34708 3.979836e+00
34721 3.979836e+00
34732 3.979836e+00
34735 3.979836e+00
34741 3.979836e+00
34743 3.979836e+00
34744 3.979836e+00
34820 3.979836e+00
34831 3.979836e+00
34835 3.979836e+00
34839 3.979836e+00
34842 3.979836e+00
34924 3.979836e+00
34973 3.979836e+00
35002 3.979836e+00
35038 3.979836e+00
35046 3.979836e+00
35055 3.979836e+00
35061 3.979836e+00
35138 3.979836e+00
35156 3.979836e+00
35210 3.979836e+00
35236 3.979836e+00
35268 3.979836e+00
35279 3.979836e+00
35286 3.979836e+00
35289 3.979836e+00
35346 3.979836e+00
35357 3.979836e+00
35368 3.979836e+00
35405 3.979836e+00
35444 3.979836e+00
35474 3.979836e+00
35489 3.979836e+00
35498 3.979836e+00
44102 2.863288e+00
44427 2.654579e+00
44510 2.654432e+00
44529 2.447227e+00
44618 2.408052e+00
44630 2.291119e+00
44808 2.265213e+00
44810 2.163873e+00
44911 2.161478e+00
44926 2.159578e+00
44977 2.115085e+00
45048 2.100704e+00
45063 2.079100e+00
45169 2.062861e+00
45170 2.041562e+00
45230 2.037984e+00
45361 2.024534e+00
45454 2.008140e+00
45550 2.005237e+00
45721 2.002760e+00
45799 2.002689e+00
45886 2.001962e+00
45993 2.001461e+00
46022 2.001000e+00
46027 1.999835e+00
46047 1.995847e+00
46134 1.994010e+00
46207 1.993965e+00
46226 1.991223e+00
46468 1.990833e+00
46648 1.990775e+00
46669 1.990698e+00
46716 1.990240e+00
46784 1.990197e+00
46844 1.990172e+00
46938 1.990129e+00
46940 1.990070e+00
46998 1.990069e+00
47023 1.989968e+00
47353 1.989961e+00
47483 1.989951e+00
47575 1.989951e+00
47622 1.989947e+00
47658 1.989946e+00
47737 1.989941e+00
47742 1.989933e+00
47769 1.989932e+00
47808 1.989929e+00
47832 1.989925e+00
48010 1.989923e+00
48133 1.989922e+00
48147 1.989922e+00
48173 1.989922e+00
48229 1.989921e+00
48276 1.989921e+00
48285 1.989921e+00
48349 1.989919e+00
48491 1.989919e+00
48685 1.989919e+00
48750 1.989918e+00
48785 1.989918e+00
48927 1.989918e+00
48984 1.989918e+00
48987 1.989918e+00
49016 1.989918e+00
49188 1.989918e+00
49283 1.989918e+00
49434 1.989918e+00
49465 1.989918e+00
49489 1.989918e+00
49578 1.989918e+00
49618 1.989918e+00
49627 1.989918e+00
49847 1.989918e+00
49876 1.989918e+00
49994 1.989918e+00
50011 1.989918e+00
50065 1.989918e+00
50085 1.989918e+00
50162 1.989918e+00
50530 1.989918e+00
50674 1.989918e+00
50675 1.989918e+00
50711 1.989918e+00
50810 1.989918e+00
50881 1.989918e+00
51102 1.989918e+00
51254 1.989918e+00
51273 1.989918e+00
51341 1.989918e+00
51511 1.989918e+00
51762 1.989918e+00
63180 1.972940e+00
63237 1.777171e+00
63320 6.354862e-01
63919 5.199502e-01
64039 3.895770e-01
64055 3.371403e-01
64066 2.716855e-01
64254 2.423198e-01
64274 2.085197e-01
64380 1.944442e-01
64430 1.847041e-01
64444 1.451986e-01
64602 1.211798e-01
64646 1.016114e-01
64735 6.467695e-02
64788 4.043366e-02
64982 3.650390e-02
65122 3.578771e-02
65208 2.774359e-02
65485 2.402646e-02
65690 2.039347e-02
65762 1.730862e-02
65786 1.066883e-02
65922 8.444158e-03
66308 6.289102e-03
66362 5.162270e-03
66459 2.334231e-03
66841 2.155563e-03
66900 1.941681e-03
66972 1.929016e-03
67047 1.486594e-03
67103 1.297213e-03
67107 1.278964e-03
67178 8.180436e-04
67261 6.897459e-04
67351 5.726612e-04
67638 2.912795e-04
68044 2.134057e-04
68163 1.678388e-04
68256 1.367594e-04
68328 8.383537e-05
68491 8.370394e-05
68562 6.790045e-05
68569 5.498318e-05
68674 2.998911e-05
68753 1.396399e-05
68881 1.063595e-05
69559 1.005952e-05
69597 9.590882e-06
69611 7.002522e-06
69613 6.525605e-06
69630 5.548890e-06
69779 5.048277e-06
69989 1.077256e-06
70509 4.726719e-07
71047 3.002517e-07
71404 2.714535e-07
71476 1.750537e-07
71614 1.551709e-07
71621 1.475455e-07
71662 1.084922e-07
71861 9.936231e-08
71900 8.263004e-08
72076 7.356444e-08
72240 7.161438e-08
72328 6.577014e-08
72345 2.509775e-08
72707 2.280615e-08
72830 1.854159e-08
72903 1.708749e-08
72909 1.606406e-08
72949 7.091063e-09
