1 5.843758e+03
9 5.812232e+03
77 5.538885e+03
109 5.467013e+03
136 5.402105e+03
146 4.791779e+03
282 3.943289e+03
496 3.864001e+03
507 2.850557e+03
643 2.571882e+03
667 2.539032e+03
712 1.970212e+03
754 1.661357e+03
911 1.588976e+03
913 1.504950e+03
964 1.454742e+03
980 1.447728e+03
998 1.395617e+03
1028 1.281969e+03
1036 1.188471e+03
1123 1.180335e+03
1140 1.037689e+03
1260 9.376742e+02
1309 9.020985e+02
1342 8.605437e+02
1435 8.489874e+02
1476 7.964025e+02
1489 7.821478e+02
1497 7.496209e+02
1593 7.382373e+02
1652 7.261004e+02
1711 6.945580e+02
1753 6.719332e+02
1794 6.469486e+02
1831 6.426121e+02
1861 6.346650e+02
1945 6.320213e+02
2027 5.820945e+02
2102 5.655899e+02
2201 5.493710e+02
2308 5.377953e+02
2444 5.222472e+02
2482 4.991308e+02
3003 4.771091e+02
3088 4.487098e+02
3811 4.372509e+02
4915 4.326047e+02
5735 4.160710e+02
6409 4.044948e+02
7033 3.957660e+02
15329 3.934962e+02
21453 3.820497e+02
27230 3.819405e+02
27332 3.343760e+02
30139 3.200142e+02
30348 2.598666e+02
30866 2.341031e+02
30926 2.082050e+02
31084 2.078059e+02
31211 1.963820e+02
31302 1.781602e+02
31474 1.746865e+02
31542 1.728510e+02
31563 1.723607e+02
31584 1.699635e+02
31602 1.698457e+02
31672 1.646375e+02
31713 1.583538e+02
31863 1.533515e+02
31948 1.296105e+02
32376 1.268563e+02
32432 1.209065e+02
32551 1.195779e+02
32566 1.179799e+02
32581 1.150659e+02
32678 1.148406e+02
32699 1.147926e+02
32738 1.144237e+02
32774 1.115282e+02
32908 1.098902e+02
32978 1.052491e+02
33087 1.024724e+02
33223 1.012937e+02
33404 9.811511e+01
33622 9.781917e+01
33627 9.775300e+01
33731 9.594583e+01
33885 9.578418e+01
33916 9.543856e+01
33942 9.443956e+01
33974 9.396603e+01
34037 9.367003e+01
34064 9.333264e+01
34098 9.281133e+01
34102 9.184507e+01
34264 9.126562e+01
34323 9.117570e+01
34415 9.089761e+01
34438 8.978629e+01
34503 8.965483e+01
34508 8.920971e+01
34604 8.916370e+01
34609 8.894847e+01
34652 8.831006e+01
34851 8.828659e+01
35003 8.750568e+01
35151 8.729066e+01
35211 8.723815e+01
35241 8.687323e+01
35321 8.678087e+01
35333 8.677192e+01
35357 8.639902e+01
35425 8.606112e+01
35473 8.582769e+01
35494 8.578338e+01
35580 8.572760e+01
35616 8.554471e+01
35659 8.552513e+01
35769 8.546242e+01
35773 8.532806e+01
35827 8.521564e+01
35840 8.501768e+01
35969 8.480102e+01
36026 8.451233e+01
36049 8.420842e+01
36330 8.378071e+01
36434 8.366290e+01
36494 8.357736e+01
36754 8.336418e+01
37263 8.331353e+01
37351 8.310299e+01
37410 8.304088e+01
37440 8.304011e+01
37460 8.300037e+01
37478 8.296652e+01
37553 8.294400e+01
37628 8.293761e+01
37654 8.292894e+01
37658 8.287265e+01
37704 8.271299e+01
37744 8.249990e+01
37855 8.249281e+01
38022 8.236984e+01
38143 8.222906e+01
38285 8.213348e+01
38522 8.212648e+01
38532 8.210540e+01
38551 8.209985e+01
38608 8.207948e+01
38783 8.206498e+01
38794 8.194297e+01
38956 8.191930e+01
39025 8.190223e+01
39058 8.189620e+01
39074 8.188128e+01
39125 8.185041e+01
39207 8.179932e+01
39585 8.179845e+01
39601 8.178285e+01
39636 8.176656e+01
39810 8.176079e+01
39908 8.175309e+01
39982 8.174080e+01
39999 8.172256e+01
40163 8.172134e+01
40187 8.170990e+01
40279 8.170933e+01
40310 8.170563e+01
40367 8.169136e+01
40550 8.168153e+01
40593 8.167708e+01
40596 8.167518e+01
40633 8.167239e+01
40656 8.166371e+01
40682 8.166219e+01
40742 8.164930e+01
41083 8.164773e+01
41089 8.164558e+01
41099 8.164525e+01
41157 8.163973e+01
41288 8.163721e+01
41476 8.163604e+01
41507 8.163602e+01
41574 8.163268e+01
41824 8.162912e+01
41950 8.162836e+01
42095 8.162798e+01
42112 8.162748e+01
42122 8.162666e+01
42197 8.162632e+01
42333 8.162615e+01
42345 8.162574e+01
42367 8.162506e+01
42375 8.162504e+01
42402 8.162477e+01
42411 8.162457e+01
42456 8.162399e+01
42525 8.162338e+01
42611 8.162327e+01
42680 8.162234e+01
42777 8.162201e+01
42800 8.162183e+01
42804 8.162095e+01
42821 8.162043e+01
42991 8.161984e+01
43055 8.161955e+01
43374 8.161898e+01
43385 8.161881e+01
43398 8.161862e+01
43443 8.161803e+01
43539 8.161775e+01
43598 8.161749e+01
44031 8.161722e+01
44049 8.161712e+01
44143 8.161682e+01
44291 8.161677e+01
44313 8.161654e+01
44329 8.161632e+01
44435 8.161621e+01
44613 8.161620e+01
44687 8.161611e+01
44724 8.161605e+01
44777 8.161603e+01
44857 8.161592e+01
44883 8.161586e+01
44939 8.161584e+01
44973 8.161583e+01
45014 8.161580e+01
45075 8.161574e+01
45149 8.161572e+01
45191 8.161571e+01
45220 8.161571e+01
45224 8.161567e+01
45239 8.161561e+01
45256 8.161561e+01
45324 8.161560e+01
45333 8.161560e+01
45370 8.161559e+01
45426 8.161555e+01
45485 8.161550e+01
45574 8.161550e+01
45605 8.161550e+01
45635 8.161546e+01
45823 8.161546e+01
45833 8.161543e+01
46011 8.161537e+01
46205 8.161537e+01
46349 8.161537e+01
46357 8.161536e+01
46419 8.161536e+01
46422 8.161535e+01
46529 8.161533e+01
46639 8.161532e+01
46716 8.161532e+01
46951 8.161532e+01
46955 8.161532e+01
46970 8.161531e+01
46982 8.161531e+01
47087 8.161530e+01
47119 8.161530e+01
47136 8.161530e+01
47285 8.161530e+01
47287 8.161530e+01
47310 8.161530e+01
47333 8.161529e+01
47456 8.161529e+01
47630 8.161529e+01
47842 8.161528e+01
47864 8.161528e+01
47869 8.161528e+01
47917 8.161528e+01
47956 8.161528e+01
47989 8.161527e+01
48117 8.161527e+01
48150 8.161527e+01
48162 8.161527e+01
48216 8.161527e+01
48281 8.161527e+01
48364 8.161527e+01
48492 8.161527e+01
48537 8.161527e+01
48652 8.161527e+01
48685 8.161527e+01
48852 8.161527e+01
48923 8.161526e+01
48925 8.161526e+01
48927 8.161526e+01
48985 8.161526e+01
49010 8.161526e+01
49011 8.161526e+01
49033 8.161526e+01
49063 8.161526e+01
49182 8.161526e+01
49216 8.161526e+01
49297 8.161526e+01
49305 8.161526e+01
49402 8.161526e+01
49582 8.161526e+01
49599 8.161526e+01
49749 8.161526e+01
49807 8.161526e+01
49879 8.161526e+01
50029 8.161526e+01
50036 8.161526e+01
50081 8.161526e+01
50089 8.161526e+01
50102 8.161526e+01
50132 8.161526e+01
50397 8.161526e+01
50434 8.161526e+01
50496 8.161526e+01
50589 8.161526e+01
50678 8.161526e+01
50701 8.161526e+01
50775 8.161526e+01
50802 8.161526e+01
50814 8.161526e+01
50844 8.161526e+01
50858 8.161526e+01
50891 8.161526e+01
50932 8.161526e+01
50934 8.161526e+01
50945 8.161526e+01
50992 8.161526e+01
51002 8.161526e+01
51027 8.161526e+01
51070 8.161526e+01
51093 8.161526e+01
51101 8.161526e+01
51106 8.161526e+01
51123 8.161526e+01
51301 8.161526e+01
51320 8.161526e+01
51344 8.161526e+01
51457 8.161526e+01
51485 8.161526e+01
51507 8.161526e+01
51510 8.161526e+01
51607 8.161526e+01
52048 8.161526e+01
52092 8.161526e+01
52113 8.161526e+01
52152 8.161526e+01
52212 8.161526e+01
52271 8.161526e+01
52295 8.161526e+01
52321 8.161526e+01
52324 8.161526e+01
52344 8.161526e+01
52643 8.161526e+01
52659 8.161526e+01
52690 8.161526e+01
52754 8.161526e+01
52803 8.161526e+01
52807 8.161526e+01
52809 8.161526e+01
52862 8.161526e+01
52956 8.161526e+01
52961 8.161526e+01
53017 8.161526e+01
53052 8.161526e+01
53157 8.161526e+01
53161 8.161526e+01
53184 8.161526e+01
53250 8.161526e+01
53345 8.161526e+01
53394 8.161526e+01
53497 8.161526e+01
53555 8.161526e+01
53600 8.161526e+01
53603 8.161526e+01
53608 8.161526e+01
53711 8.161526e+01
53759 8.161526e+01
54032 8.161526e+01
54037 8.161526e+01
54052 8.161526e+01
54122 8.161526e+01
54181 8.161526e+01
54187 8.161526e+01
54204 8.161526e+01
54208 8.161526e+01
54294 8.161526e+01
54351 8.161526e+01
54378 8.161526e+01
54484 8.161526e+01
54543 8.161526e+01
54604 8.161526e+01
54608 8.161526e+01
54719 8.161526e+01
54842 8.161526e+01
55035 8.161526e+01
55127 8.161526e+01
55245 8.161526e+01
55250 8.161526e+01
55342 8.161526e+01
55417 8.161526e+01
55467 8.161526e+01
55514 8.161526e+01
55541 8.161526e+01
55545 8.161526e+01
55617 8.161526e+01
55701 8.161526e+01
55869 8.161526e+01
55901 8.161526e+01
56016 8.161526e+01
56093 8.161526e+01
56094 8.161526e+01
56103 8.161526e+01
56123 8.161526e+01
56183 8.161526e+01
56240 8.161526e+01
56242 8.161526e+01
56261 8.161526e+01
56348 8.161526e+01
56551 8.161526e+01
56610 8.161526e+01
56635 8.161526e+01
56715 8.161526e+01
56727 8.161526e+01
56844 8.161526e+01
56856 8.161526e+01
57049 8.161526e+01
57092 8.161526e+01
57119 8.161526e+01
57187 8.161526e+01
57193 8.161526e+01
57218 8.161526e+01
57232 8.161526e+01
57254 8.161526e+01
57255 8.161526e+01
57381 8.161526e+01
57411 8.161526e+01
57455 8.161526e+01
57458 8.161526e+01
57570 8.161526e+01
57617 8.161526e+01
57630 8.161526e+01
57671 8.161526e+01
57713 8.161526e+01
57721 8.161526e+01
57753 8.161526e+01
57763 8.161526e+01
57773 8.161526e+01
57890 8.161526e+01
57900 8.161526e+01
57902 8.161526e+01
57934 8.161526e+01
57963 8.161526e+01
189977 8.152319e+01
190062 8.135441e+01
190082 8.087030e+01
190269 8.046599e+01
190296 8.039385e+01
190304 8.013541e+01
190406 7.990782e+01
190482 7.978514e+01
190552 7.930496e+01
190723 7.917911e+01
190727 7.900207e+01
190852 7.892383e+01
190994 7.868080e+01
191051 7.863438e+01
191181 7.841822e+01
191261 7.826050e+01
191313 7.816374e+01
191329 7.814278e+01
191491 7.796762e+01
191603 7.791328e+01
191608 7.783605e+01
191834 7.762516e+01
192058 7.758123e+01
192088 7.744058e+01
192139 7.742076e+01
192484 7.741182e+01
192556 7.733611e+01
192630 7.728596e+01
192754 7.722193e+01
192768 7.711639e+01
192851 7.702641e+01
192943 7.698985e+01
193011 7.687655e+01
193073 7.671959e+01
193396 7.659582e+01
193478 7.659274e+01
193537 7.655360e+01
193733 7.654347e+01
193764 7.652603e+01
193803 7.652481e+01
193821 7.650322e+01
193873 7.646944e+01
193948 7.644907e+01
193984 7.643336e+01
194034 7.638569e+01
194261 7.636759e+01
194451 7.636225e+01
194468 7.635424e+01
194612 7.629897e+01
194740 7.629060e+01
194938 7.628996e+01
195026 7.628866e+01
195099 7.628418e+01
195139 7.627443e+01
195206 7.627367e+01
195220 7.627316e+01
195237 7.625229e+01
195248 7.624137e+01
195512 7.623091e+01
195821 7.622321e+01
195950 7.622292e+01
196092 7.622166e+01
196096 7.621919e+01
196104 7.621839e+01
196170 7.621257e+01
196250 7.621048e+01
196267 7.620426e+01
196299 7.620233e+01
196477 7.620229e+01
196507 7.620184e+01
196509 7.620156e+01
196541 7.619709e+01
196588 7.619523e+01
196610 7.619399e+01
196741 7.619353e+01
196753 7.618790e+01
196831 7.618319e+01
196969 7.618292e+01
197084 7.617877e+01
197332 7.617860e+01
197557 7.617711e+01
197635 7.617433e+01
197841 7.617337e+01
197939 7.617222e+01
198016 7.617008e+01
198043 7.616995e+01
198144 7.616783e+01
198181 7.616692e+01
198232 7.616543e+01
198280 7.616425e+01
198283 7.616374e+01
198403 7.616371e+01
198428 7.616278e+01
198635 7.616240e+01
198755 7.616110e+01
198838 7.616093e+01
198844 7.616083e+01
198875 7.615914e+01
198924 7.615838e+01
199096 7.615812e+01
199179 7.615811e+01
199263 7.615712e+01
199335 7.615622e+01
199492 7.615617e+01
199507 7.615616e+01
199531 7.615613e+01
199532 7.615522e+01
199645 7.615500e+01
199791 7.615479e+01
199854 7.615448e+01
199959 7.615372e+01
200355 7.615361e+01
200417 7.615322e+01
200424 7.615287e+01
200563 7.615264e+01
200616 7.615221e+01
200725 7.615198e+01
200842 7.615192e+01
200922 7.615165e+01
201073 7.615161e+01
201124 7.615159e+01
201212 7.615142e+01
201257 7.615109e+01
201414 7.615081e+01
201624 7.615079e+01
201663 7.615058e+01
201756 7.615046e+01
201838 7.615038e+01
201947 7.615036e+01
201962 7.615032e+01
202028 7.615028e+01
202042 7.615025e+01
202121 7.615022e+01
202128 7.615019e+01
202181 7.615015e+01
202200 7.615011e+01
202221 7.615007e+01
202239 7.615001e+01
202285 7.614993e+01
202411 7.614991e+01
202520 7.614986e+01
202524 7.614984e+01
202641 7.614981e+01
202642 7.614976e+01
202701 7.614973e+01
202812 7.614969e+01
202911 7.614965e+01
203000 7.614964e+01
203064 7.614963e+01
203168 7.614960e+01
203283 7.614956e+01
203628 7.614955e+01
203638 7.614955e+01
203681 7.614955e+01
203716 7.614955e+01
203765 7.614955e+01
203796 7.614954e+01
203835 7.614953e+01
203974 7.614952e+01
204143 7.614952e+01
204151 7.614952e+01
204154 7.614951e+01
204204 7.614951e+01
204295 7.614951e+01
204328 7.614951e+01
204331 7.614951e+01
204352 7.614950e+01
204367 7.614950e+01
204429 7.614950e+01
204485 7.614950e+01
204643 7.614949e+01
204769 7.614949e+01
204783 7.614949e+01
204792 7.614949e+01
204813 7.614949e+01
204850 7.614949e+01
204995 7.614949e+01
205012 7.614949e+01
205115 7.614948e+01
205182 7.614948e+01
205261 7.614948e+01
205267 7.614948e+01
205374 7.614948e+01
205484 7.614948e+01
205515 7.614948e+01
205643 7.614948e+01
205706 7.614948e+01
205781 7.614948e+01
205847 7.614948e+01
205893 7.614947e+01
205907 7.614947e+01
206015 7.614947e+01
206043 7.614947e+01
206073 7.614947e+01
206144 7.614947e+01
206173 7.614947e+01
206198 7.614947e+01
206346 7.614947e+01
206474 7.614947e+01
206624 7.614947e+01
206685 7.614947e+01
206686 7.614947e+01
206964 7.614947e+01
206975 7.614947e+01
206999 7.614947e+01
207054 7.614947e+01
207087 7.614947e+01
207092 7.614947e+01
207182 7.614947e+01
207201 7.614947e+01
207314 7.614947e+01
207329 7.614947e+01
207368 7.614947e+01
207405 7.614947e+01
207408 7.614947e+01
207415 7.614947e+01
207491 7.614947e+01
207604 7.614947e+01
207617 7.614947e+01
207627 7.614946e+01
207648 7.614946e+01
207671 7.614946e+01
207957 7.614946e+01
208071 7.614946e+01
208105 7.614946e+01
208275 7.614946e+01
208293 7.614946e+01
208343 7.614946e+01
208360 7.614946e+01
208513 7.614946e+01
208546 7.614946e+01
208730 7.614946e+01
208836 7.614946e+01
208884 7.614946e+01
208900 7.614946e+01
208917 7.614946e+01
208967 7.614946e+01
209083 7.614946e+01
209084 7.614946e+01
209182 7.614946e+01
209306 7.614946e+01
209329 7.614946e+01
209448 7.614946e+01
209481 7.614946e+01
209594 7.614946e+01
209732 7.614946e+01
209807 7.614946e+01
209879 7.614946e+01
209984 7.614946e+01
210026 7.614946e+01
210131 7.614946e+01
210139 7.614946e+01
210205 7.614946e+01
210224 7.614946e+01
210277 7.614946e+01
210331 7.614946e+01
210353 7.614946e+01
210374 7.614946e+01
210413 7.614946e+01
210460 7.614946e+01
210490 7.614946e+01
210531 7.614946e+01
210653 7.614946e+01
210746 7.614946e+01
210787 7.614946e+01
210799 7.614946e+01
210806 7.614946e+01
210911 7.614946e+01
210930 7.614946e+01
210981 7.614946e+01
211023 7.614946e+01
211057 7.614946e+01
211093 7.614946e+01
211147 7.614946e+01
211186 7.614946e+01
211260 7.614946e+01
211505 7.614946e+01
211585 7.614946e+01
211751 7.614946e+01
211800 7.614946e+01
211828 7.614946e+01
211930 7.614946e+01
211952 7.614946e+01
211964 7.614946e+01
211982 7.614946e+01
212077 7.614946e+01
212154 7.614946e+01
212240 7.614946e+01
212304 7.614946e+01
212454 7.614946e+01
212460 7.614946e+01
212493 7.614946e+01
212542 7.614946e+01
212571 7.614946e+01
212590 7.614946e+01
212631 7.614946e+01
212938 7.614946e+01
212941 7.614946e+01
213044 7.614946e+01
213116 7.614946e+01
213162 7.614946e+01
213164 7.614946e+01
213184 7.614946e+01
213323 7.614946e+01
213442 7.614946e+01
213519 7.614946e+01
213565 7.614946e+01
213581 7.614946e+01
213639 7.614946e+01
213655 7.614946e+01
213701 7.614946e+01
213758 7.614946e+01
213862 7.614946e+01
213881 7.614946e+01
213892 7.614946e+01
213935 7.614946e+01
214085 7.614946e+01
214187 7.614946e+01
214250 7.614946e+01
214259 7.614946e+01
214334 7.614946e+01
214420 7.614946e+01
214430 7.614946e+01
214450 7.614946e+01
370917 7.596211e+01
371372 7.475494e+01
372384 7.393989e+01
372923 7.318663e+01
373430 7.295137e+01
373991 7.212978e+01
374260 7.062981e+01
374988 7.003539e+01
375169 6.989872e+01
375470 6.971629e+01
375766 6.966232e+01
375865 6.949074e+01
376097 6.859639e+01
376233 6.835717e+01
376243 6.804830e+01
376819 6.795966e+01
377027 6.776794e+01
377087 6.764395e+01
377173 6.618955e+01
378815 6.566112e+01
379280 6.541588e+01
379966 6.506015e+01
380223 6.504301e+01
380224 6.499716e+01
380243 6.474408e+01
380359 6.463061e+01
380400 6.442961e+01
380492 6.441232e+01
380671 6.431902e+01
380882 6.396572e+01
381174 6.391997e+01
381309 6.376155e+01
381788 6.341177e+01
382455 6.338950e+01
382527 6.329210e+01
382541 6.325550e+01
382983 6.319565e+01
383255 6.310450e+01
383515 6.296306e+01
383561 6.281653e+01
383881 6.278704e+01
384187 6.275200e+01
384190 6.272963e+01
384264 6.269067e+01
384339 6.268698e+01
384840 6.267562e+01
385031 6.265704e+01
385123 6.261903e+01
385276 6.252240e+01
386034 6.250567e+01
386090 6.248741e+01
386268 6.246570e+01
386271 6.244534e+01
386927 6.244486e+01
387000 6.241632e+01
387112 6.241012e+01
387257 6.239848e+01
387340 6.236632e+01
388047 6.236401e+01
388115 6.235761e+01
388143 6.235295e+01
388162 6.234448e+01
388328 6.234238e+01
388334 6.233887e+01
388384 6.233496e+01
388537 6.232933e+01
388949 6.231674e+01
389017 6.230886e+01
389773 6.230435e+01
390040 6.229498e+01
390224 6.227711e+01
390653 6.227562e+01
390712 6.227098e+01
390738 6.226850e+01
390830 6.226390e+01
391054 6.226222e+01
391483 6.226152e+01
391772 6.225900e+01
392157 6.225829e+01
392472 6.225708e+01
392550 6.225347e+01
393616 6.225316e+01
393778 6.225123e+01
394109 6.225081e+01
394502 6.225020e+01
394653 6.225015e+01
395218 6.224951e+01
395319 6.224946e+01
395500 6.224927e+01
395532 6.224837e+01
395590 6.224817e+01
395620 6.224793e+01
396170 6.224727e+01
396721 6.224720e+01
396807 6.224707e+01
396859 6.224698e+01
396921 6.224691e+01
396978 6.224656e+01
397208 6.224641e+01
397405 6.224641e+01
397455 6.224626e+01
397846 6.224616e+01
397879 6.224609e+01
398418 6.224602e+01
398465 6.224591e+01
398513 6.224590e+01
398596 6.224582e+01
398674 6.224578e+01
398724 6.224570e+01
398796 6.224556e+01
399178 6.224554e+01
399331 6.224553e+01
399441 6.224545e+01
399722 6.224534e+01
399878 6.224529e+01
399908 6.224521e+01
399920 6.224515e+01
400300 6.224506e+01
400469 6.224503e+01
400481 6.224500e+01
400526 6.224497e+01
400662 6.224495e+01
400672 6.224493e+01
400994 6.224492e+01
401085 6.224483e+01
401088 6.224478e+01
401150 6.224475e+01
401530 6.224472e+01
401755 6.224471e+01
401890 6.224470e+01
401930 6.224467e+01
402496 6.224463e+01
402694 6.224463e+01
403016 6.224462e+01
403186 6.224461e+01
403212 6.224461e+01
403232 6.224460e+01
403249 6.224460e+01
403324 6.224459e+01
403883 6.224459e+01
403999 6.224458e+01
404258 6.224457e+01
404386 6.224457e+01
404434 6.224457e+01
404471 6.224457e+01
404601 6.224457e+01
404796 6.224457e+01
405022 6.224457e+01
405101 6.224457e+01
405339 6.224456e+01
405426 6.224456e+01
405658 6.224456e+01
405724 6.224456e+01
405915 6.224456e+01
405925 6.224456e+01
405947 6.224456e+01
405972 6.224456e+01
406010 6.224456e+01
406096 6.224456e+01
406239 6.224455e+01
406248 6.224455e+01
406410 6.224455e+01
406573 6.224455e+01
406668 6.224455e+01
406689 6.224455e+01
406736 6.224455e+01
406783 6.224455e+01
406924 6.224455e+01
406949 6.224455e+01
406967 6.224455e+01
407026 6.224455e+01
407190 6.224455e+01
407309 6.224455e+01
407310 6.224455e+01
407481 6.224455e+01
407487 6.224455e+01
407671 6.224455e+01
407858 6.224455e+01
407898 6.224455e+01
407927 6.224454e+01
408041 6.224454e+01
408376 6.224454e+01
408441 6.224454e+01
408447 6.224454e+01
408636 6.224454e+01
408816 6.224454e+01
408834 6.224454e+01
408990 6.224454e+01
409145 6.224454e+01
409361 6.224454e+01
409704 6.224454e+01
409725 6.224454e+01
409777 6.224454e+01
409786 6.224454e+01
410133 6.224454e+01
410404 6.224454e+01
410422 6.224454e+01
410861 6.224454e+01
410904 6.224454e+01
410906 6.224454e+01
410931 6.224454e+01
411287 6.224454e+01
411313 6.224454e+01
411460 6.224454e+01
411719 6.224454e+01
411739 6.224454e+01
411984 6.224454e+01
412021 6.224454e+01
412120 6.224454e+01
412123 6.224454e+01
412180 6.224454e+01
412205 6.224454e+01
412403 6.224454e+01
412502 6.224454e+01
412689 6.224454e+01
412720 6.224454e+01
412742 6.224454e+01
412754 6.224454e+01
413024 6.224454e+01
413186 6.224454e+01
413272 6.224454e+01
413307 6.224454e+01
413532 6.224454e+01
413574 6.224454e+01
413698 6.224454e+01
413816 6.224454e+01
413839 6.224454e+01
413861 6.224454e+01
413945 6.224454e+01
414109 6.224454e+01
414191 6.224454e+01
414235 6.224454e+01
414527 6.224454e+01
414752 6.224454e+01
414816 6.224454e+01
414821 6.224454e+01
414862 6.224454e+01
415022 6.224454e+01
415163 6.224454e+01
415208 6.224454e+01
415324 6.224454e+01
415519 6.224454e+01
415597 6.224454e+01
415903 6.224454e+01
415908 6.224454e+01
415973 6.224454e+01
416122 6.224454e+01
416711 6.224454e+01
416944 6.224454e+01
417028 6.224454e+01
417082 6.224454e+01
417094 6.224454e+01
417284 6.224454e+01
417313 6.224454e+01
417430 6.224454e+01
417454 6.224454e+01
418231 6.224454e+01
418375 6.224454e+01
418404 6.224454e+01
418499 6.224454e+01
418521 6.224454e+01
418525 6.224454e+01
418589 6.224454e+01
418621 6.224454e+01
418849 6.224454e+01
419153 6.224454e+01
419187 6.224454e+01
419205 6.224454e+01
419741 6.224454e+01
420187 6.224454e+01
420257 6.224454e+01
420266 6.224454e+01
420274 6.224454e+01
420749 6.224454e+01
421179 6.224454e+01
421182 6.224454e+01
421298 6.224454e+01
421440 6.224454e+01
421466 6.224454e+01
421588 6.224454e+01
421637 6.224454e+01
421652 6.224454e+01
421680 6.224454e+01
421699 6.224454e+01
421710 6.224454e+01
421804 6.224454e+01
421882 6.224454e+01
422269 6.224454e+01
422328 6.224454e+01
422739 6.224454e+01
422828 6.224454e+01
422866 6.224454e+01
422928 6.224454e+01
