1 7.086128e+03
6 5.946419e+03
9 5.442386e+03
26 5.277118e+03
59 5.119213e+03
149 5.040908e+03
163 4.029500e+03
454 3.828886e+03
463 2.865553e+03
501 2.842398e+03
600 2.725409e+03
604 2.673944e+03
707 2.333172e+03
723 2.191403e+03
745 2.072816e+03
757 1.931713e+03
784 1.740033e+03
883 1.606622e+03
906 1.384594e+03
1030 1.305233e+03
1042 1.299574e+03
1077 1.205664e+03
1111 1.117061e+03
1205 1.066916e+03
1290 9.997437e+02
1296 9.442710e+02
1401 9.024819e+02
1415 8.977106e+02
1451 8.321826e+02
1501 8.037170e+02
1503 8.021229e+02
1544 7.782047e+02
1611 7.695714e+02
1623 7.397333e+02
1663 7.139427e+02
1669 7.091869e+02
1792 6.820195e+02
1801 6.288200e+02
2199 6.040158e+02
2209 5.846172e+02
2278 5.585245e+02
2288 5.508643e+02
2538 5.232948e+02
2586 5.148933e+02
2862 5.139215e+02
2928 5.102918e+02
3373 5.030967e+02
3467 5.009740e+02
3538 4.873632e+02
3590 4.808605e+02
3629 4.705223e+02
3758 4.466879e+02
4826 4.356546e+02
7019 3.975393e+02
13151 3.914748e+02
16520 3.853441e+02
36677 3.781145e+02
36733 3.767319e+02
36783 3.557703e+02
36985 3.344154e+02
37058 3.114535e+02
37407 2.979702e+02
37448 2.973276e+02
37465 2.671697e+02
37504 2.656493e+02
37633 2.603027e+02
37725 2.586186e+02
37751 2.544807e+02
37766 2.400265e+02
37919 2.365825e+02
38139 2.296675e+02
38147 2.280916e+02
38148 2.211448e+02
38149 2.138583e+02
38216 2.125962e+02
38218 2.076569e+02
38291 2.043814e+02
38293 2.042863e+02
38317 2.021970e+02
38355 2.013270e+02
38376 1.930351e+02
38423 1.922189e+02
38425 1.815084e+02
38510 1.795687e+02
38596 1.794606e+02
38676 1.637904e+02
38990 1.612073e+02
39008 1.607059e+02
39107 1.595100e+02
39135 1.552993e+02
39172 1.485771e+02
39249 1.453649e+02
39344 1.449885e+02
39423 1.381213e+02
39474 1.360996e+02
39559 1.326687e+02
39664 1.253806e+02
40010 1.238155e+02
40044 1.227052e+02
40175 1.196891e+02
40207 1.194682e+02
40324 1.185101e+02
40361 1.171136e+02
40367 1.171006e+02
40455 1.150847e+02
40503 1.147322e+02
40541 1.116401e+02
40566 1.097798e+02
40858 1.075541e+02
41172 1.044073e+02
41194 1.042231e+02
41275 1.033360e+02
41406 1.022053e+02
41535 1.021296e+02
41549 1.016871e+02
41632 1.016099e+02
41633 1.009876e+02
41640 1.007288e+02
41669 1.006780e+02
41685 1.006613e+02
41723 9.917007e+01
41887 9.843497e+01
41947 9.793963e+01
41975 9.762406e+01
42001 9.734259e+01
42261 9.724446e+01
42291 9.705270e+01
42346 9.688865e+01
42424 9.669870e+01
42444 9.579591e+01
42448 9.559678e+01
42487 9.465039e+01
42677 9.392733e+01
42717 9.327904e+01
42987 9.306935e+01
43051 9.279872e+01
43360 9.236453e+01
43396 9.156707e+01
43622 9.109086e+01
43685 9.100646e+01
43870 9.093097e+01
43888 9.048908e+01
43994 9.036531e+01
44008 9.035860e+01
44088 9.002615e+01
44173 8.999831e+01
44195 8.998321e+01
44225 8.993584e+01
44228 8.990893e+01
44265 8.971093e+01
44378 8.950459e+01
44491 8.950149e+01
44493 8.946483e+01
44544 8.941738e+01
44555 8.928789e+01
44606 8.925933e+01
44620 8.918012e+01
44787 8.893090e+01
44872 8.892936e+01
44897 8.881094e+01
45163 8.877971e+01
45459 8.870572e+01
45537 8.861681e+01
45644 8.859919e+01
45685 8.853018e+01
45859 8.849313e+01
45888 8.844997e+01
45905 8.835958e+01
46074 8.834915e+01
46118 8.829777e+01
46153 8.828165e+01
46291 8.825851e+01
46355 8.821439e+01
46417 8.817952e+01
46614 8.817581e+01
46638 8.817213e+01
46680 8.811670e+01
46939 8.809881e+01
47109 8.808348e+01
47183 8.807750e+01
47235 8.807139e+01
47383 8.806905e+01
47389 8.806834e+01
47504 8.804824e+01
47567 8.804429e+01
47571 8.803727e+01
47640 8.803318e+01
47674 8.803310e+01
47732 8.802758e+01
47797 8.802668e+01
47823 8.801441e+01
47913 8.801032e+01
47940 8.799983e+01
48171 8.799828e+01
48186 8.799475e+01
48200 8.799377e+01
48207 8.799365e+01
48251 8.799292e+01
48271 8.799263e+01
48291 8.799178e+01
48325 8.798270e+01
48349 8.798160e+01
48364 8.797908e+01
48522 8.797682e+01
48622 8.796984e+01
48802 8.796298e+01
48881 8.796099e+01
48975 8.795954e+01
49010 8.795657e+01
49021 8.795112e+01
49100 8.794919e+01
49172 8.794692e+01
49191 8.794691e+01
49224 8.794291e+01
49303 8.794149e+01
49408 8.793797e+01
49416 8.793778e+01
49491 8.793562e+01
49663 8.793539e+01
49793 8.793372e+01
49797 8.793246e+01
49798 8.793212e+01
50026 8.792960e+01
50148 8.792906e+01
50199 8.792672e+01
50280 8.792603e+01
50352 8.792493e+01
50391 8.792476e+01
50427 8.792407e+01
50448 8.792398e+01
50451 8.792353e+01
50484 8.792123e+01
50625 8.792071e+01
50819 8.792020e+01
50824 8.791958e+01
50825 8.791925e+01
50902 8.791890e+01
50968 8.791808e+01
51033 8.791766e+01
51046 8.791742e+01
51062 8.791651e+01
51234 8.791639e+01
51307 8.791622e+01
51436 8.791541e+01
51513 8.791516e+01
51679 8.791441e+01
51841 8.791437e+01
51929 8.791434e+01
51942 8.791369e+01
51968 8.791329e+01
52196 8.791298e+01
52339 8.791254e+01
52379 8.791254e+01
52425 8.791228e+01
52567 8.791222e+01
52716 8.791215e+01
52743 8.791213e+01
52868 8.791191e+01
52909 8.791178e+01
53024 8.791164e+01
53061 8.791164e+01
53119 8.791144e+01
53323 8.791138e+01
53391 8.791118e+01
53403 8.791087e+01
53527 8.791087e+01
53539 8.791084e+01
53558 8.791079e+01
53611 8.791068e+01
53654 8.791062e+01
53724 8.791062e+01
53751 8.791062e+01
53789 8.791047e+01
53976 8.791045e+01
54043 8.791035e+01
54425 8.791034e+01
54440 8.791023e+01
54591 8.791016e+01
54684 8.791015e+01
54734 8.791014e+01
54925 8.791014e+01
54963 8.791011e+01
54987 8.791011e+01
55029 8.791007e+01
55279 8.791001e+01
55497 8.791001e+01
55502 8.790999e+01
55539 8.790996e+01
55813 8.790996e+01
55855 8.790996e+01
55871 8.790995e+01
55907 8.790994e+01
55912 8.790993e+01
55931 8.790993e+01
56037 8.790993e+01
56040 8.790993e+01
56082 8.790993e+01
56136 8.790993e+01
56142 8.790992e+01
56195 8.790992e+01
56263 8.790992e+01
56276 8.790991e+01
56293 8.790991e+01
56307 8.790991e+01
56313 8.790991e+01
56350 8.790990e+01
56384 8.790990e+01
56422 8.790989e+01
56605 8.790989e+01
56662 8.790989e+01
56666 8.790988e+01
56766 8.790988e+01
56770 8.790988e+01
56801 8.790988e+01
56810 8.790988e+01
56853 8.790988e+01
56880 8.790987e+01
57112 8.790987e+01
57131 8.790987e+01
57353 8.790987e+01
57511 8.790987e+01
57656 8.790987e+01
57691 8.790987e+01
57700 8.790987e+01
57722 8.790986e+01
57815 8.790986e+01
57977 8.790986e+01
58071 8.790986e+01
58094 8.790986e+01
58160 8.790986e+01
58219 8.790986e+01
58252 8.790986e+01
58279 8.790986e+01
58316 8.790986e+01
58391 8.790986e+01
58392 8.790986e+01
58397 8.790986e+01
58593 8.790986e+01
58648 8.790986e+01
58675 8.790986e+01
58686 8.790986e+01
58813 8.790986e+01
58849 8.790986e+01
58856 8.790986e+01
58971 8.790986e+01
59020 8.790986e+01
59051 8.790986e+01
59123 8.790986e+01
59177 8.790986e+01
59228 8.790986e+01
59257 8.790986e+01
59279 8.790986e+01
59290 8.790986e+01
59297 8.790986e+01
59426 8.790986e+01
59431 8.790986e+01
59462 8.790986e+01
59643 8.790986e+01
59648 8.790986e+01
59669 8.790986e+01
59691 8.790986e+01
59917 8.790986e+01
60170 8.790986e+01
60202 8.790986e+01
60215 8.790986e+01
60241 8.790986e+01
60243 8.790986e+01
60247 8.790986e+01
60271 8.790986e+01
60287 8.790986e+01
60425 8.790986e+01
60430 8.790986e+01
60514 8.790986e+01
60594 8.790986e+01
60660 8.790986e+01
60814 8.790986e+01
60828 8.790986e+01
60873 8.790986e+01
60927 8.790986e+01
60966 8.790986e+01
61020 8.790986e+01
61033 8.790986e+01
61112 8.790986e+01
61127 8.790986e+01
61134 8.790986e+01
61173 8.790986e+01
61217 8.790986e+01
61224 8.790986e+01
61265 8.790986e+01
61355 8.790986e+01
61371 8.790986e+01
61381 8.790986e+01
61519 8.790986e+01
61646 8.790986e+01
61737 8.790986e+01
61826 8.790986e+01
61881 8.790986e+01
61950 8.790986e+01
62095 8.790986e+01
62107 8.790986e+01
62175 8.790986e+01
62200 8.790986e+01
62208 8.790986e+01
62266 8.790986e+01
62464 8.790986e+01
62497 8.790986e+01
62563 8.790986e+01
62571 8.790986e+01
62741 8.790986e+01
62757 8.790986e+01
62880 8.790986e+01
62881 8.790986e+01
62888 8.790986e+01
62916 8.790986e+01
62947 8.790986e+01
63001 8.790986e+01
63127 8.790986e+01
63185 8.790986e+01
63194 8.790986e+01
63364 8.790986e+01
63386 8.790986e+01
63425 8.790986e+01
63443 8.790986e+01
63552 8.790986e+01
63590 8.790986e+01
63661 8.790986e+01
63671 8.790986e+01
63703 8.790986e+01
63775 8.790986e+01
63822 8.790986e+01
63858 8.790986e+01
63864 8.790986e+01
63872 8.790986e+01
64075 8.790986e+01
64227 8.790986e+01
64240 8.790986e+01
64258 8.790986e+01
64302 8.790986e+01
64341 8.790986e+01
64386 8.790986e+01
64610 8.790986e+01
64687 8.790986e+01
64814 8.790986e+01
64826 8.790986e+01
64859 8.790986e+01
64893 8.790986e+01
65007 8.790986e+01
65030 8.790986e+01
65047 8.790986e+01
65179 8.790986e+01
65183 8.790986e+01
65327 8.790986e+01
65343 8.790986e+01
65458 8.790986e+01
65506 8.790986e+01
65590 8.790986e+01
65640 8.790986e+01
65641 8.790986e+01
65681 8.790986e+01
65698 8.790986e+01
65754 8.790986e+01
65761 8.790986e+01
65778 8.790986e+01
65790 8.790986e+01
65819 8.790986e+01
65889 8.790986e+01
65958 8.790986e+01
65974 8.790986e+01
65997 8.790986e+01
66060 8.790986e+01
66076 8.790986e+01
66109 8.790986e+01
66120 8.790986e+01
66149 8.790986e+01
66304 8.790986e+01
66310 8.790986e+01
66311 8.790986e+01
66316 8.790986e+01
66365 8.790986e+01
66486 8.790986e+01
189527 8.759749e+01
189704 8.757378e+01
189771 8.717691e+01
189909 8.685102e+01
189930 8.482989e+01
190065 8.480886e+01
190224 8.447834e+01
190380 8.377046e+01
190419 8.339715e+01
190507 8.328932e+01
190508 8.326818e+01
190537 8.311459e+01
190571 8.277736e+01
190589 8.136142e+01
190619 8.107990e+01
190884 8.001826e+01
191290 7.913936e+01
191500 7.891416e+01
191526 7.865061e+01
191557 7.852243e+01
191619 7.837350e+01
191673 7.819118e+01
191783 7.815036e+01
191821 7.796759e+01
191874 7.793105e+01
191884 7.744340e+01
191922 7.726875e+01
191998 7.723197e+01
192014 7.722087e+01
192069 7.719488e+01
192106 7.702416e+01
192122 7.664746e+01
192227 7.610368e+01
192485 7.586390e+01
192610 7.580618e+01
192685 7.576413e+01
192704 7.572165e+01
192771 7.562753e+01
192792 7.556910e+01
192804 7.543005e+01
192840 7.532902e+01
192852 7.522215e+01
193073 7.505412e+01
193204 7.497459e+01
193298 7.493646e+01
193310 7.467187e+01
193498 7.462750e+01
193545 7.451685e+01
193654 7.434619e+01
193759 7.434584e+01
193769 7.433972e+01
193823 7.433668e+01
193833 7.428176e+01
193872 7.424250e+01
193944 7.419121e+01
193969 7.416110e+01
194048 7.415315e+01
194052 7.404782e+01
194233 7.395736e+01
194496 7.390749e+01
194507 7.387585e+01
194597 7.385911e+01
194714 7.374293e+01
194911 7.372937e+01
194932 7.367968e+01
195129 7.367889e+01
195237 7.365713e+01
195239 7.364429e+01
195326 7.356610e+01
195493 7.355398e+01
195498 7.354861e+01
195528 7.352463e+01
195631 7.352258e+01
195655 7.351833e+01
195863 7.351547e+01
195949 7.349478e+01
196001 7.349127e+01
196002 7.349068e+01
196026 7.348296e+01
196169 7.345259e+01
196360 7.344206e+01
196441 7.343336e+01
196529 7.343305e+01
196548 7.343064e+01
196564 7.342977e+01
196571 7.340821e+01
196719 7.340414e+01
196786 7.339990e+01
196823 7.339192e+01
196824 7.338944e+01
196937 7.338107e+01
197007 7.337807e+01
197059 7.337387e+01
197130 7.337169e+01
197190 7.337031e+01
197203 7.336740e+01
197242 7.336658e+01
197246 7.336143e+01
197250 7.336078e+01
197321 7.335876e+01
197444 7.335858e+01
197458 7.335820e+01
197460 7.335515e+01
197521 7.334829e+01
197933 7.334728e+01
197938 7.334522e+01
198150 7.334449e+01
198196 7.334043e+01
198278 7.334006e+01
198286 7.333729e+01
198400 7.333629e+01
198519 7.333473e+01
198551 7.333444e+01
198559 7.333382e+01
198577 7.333307e+01
198656 7.333215e+01
198697 7.333084e+01
198756 7.333049e+01
198958 7.332874e+01
199174 7.332756e+01
199286 7.332737e+01
199358 7.332708e+01
199365 7.332666e+01
199371 7.332563e+01
199656 7.332508e+01
199875 7.332493e+01
199903 7.332381e+01
199942 7.332352e+01
200058 7.332251e+01
200183 7.332128e+01
200444 7.332128e+01
200455 7.332087e+01
200596 7.332030e+01
200775 7.332023e+01
200787 7.332012e+01
200802 7.331996e+01
200822 7.331986e+01
201172 7.331984e+01
201250 7.331983e+01
201257 7.331966e+01
201357 7.331963e+01
201559 7.331954e+01
201652 7.331949e+01
201672 7.331946e+01
201764 7.331933e+01
201847 7.331927e+01
202025 7.331924e+01
202045 7.331924e+01
202118 7.331922e+01
202228 7.331917e+01
202267 7.331916e+01
202375 7.331915e+01
202472 7.331913e+01
202513 7.331912e+01
202526 7.331910e+01
202589 7.331908e+01
202665 7.331906e+01
202794 7.331903e+01
202872 7.331903e+01
203073 7.331902e+01
203086 7.331901e+01
203251 7.331900e+01
203331 7.331900e+01
203353 7.331897e+01
203496 7.331897e+01
203510 7.331896e+01
203533 7.331896e+01
203579 7.331895e+01
203750 7.331895e+01
203780 7.331894e+01
203848 7.331894e+01
203884 7.331894e+01
203906 7.331894e+01
203936 7.331893e+01
203993 7.331892e+01
204227 7.331892e+01
204269 7.331892e+01
204283 7.331891e+01
204375 7.331891e+01
204390 7.331891e+01
204451 7.331891e+01
204461 7.331891e+01
204535 7.331891e+01
204541 7.331891e+01
204634 7.331891e+01
204712 7.331891e+01
204742 7.331891e+01
204754 7.331890e+01
205037 7.331890e+01
205195 7.331890e+01
205200 7.331890e+01
205231 7.331890e+01
205414 7.331890e+01
205547 7.331890e+01
205582 7.331890e+01
205604 7.331890e+01
205682 7.331889e+01
205987 7.331889e+01
206086 7.331889e+01
206198 7.331889e+01
206300 7.331889e+01
206351 7.331889e+01
206379 7.331889e+01
206478 7.331889e+01
206549 7.331889e+01
206576 7.331889e+01
206628 7.331889e+01
206699 7.331889e+01
206720 7.331889e+01
206822 7.331889e+01
206903 7.331889e+01
206911 7.331889e+01
206997 7.331889e+01
207051 7.331889e+01
207060 7.331889e+01
207122 7.331889e+01
207197 7.331889e+01
207291 7.331889e+01
207366 7.331889e+01
207394 7.331889e+01
207468 7.331889e+01
207504 7.331889e+01
207528 7.331889e+01
207659 7.331889e+01
207707 7.331889e+01
207766 7.331889e+01
207819 7.331889e+01
207831 7.331889e+01
207898 7.331889e+01
207938 7.331889e+01
207961 7.331889e+01
207987 7.331889e+01
208021 7.331889e+01
208051 7.331889e+01
208079 7.331889e+01
208296 7.331889e+01
208474 7.331889e+01
208600 7.331889e+01
208625 7.331889e+01
208708 7.331889e+01
208852 7.331889e+01
208947 7.331889e+01
208970 7.331889e+01
208998 7.331889e+01
209010 7.331889e+01
209042 7.331889e+01
209071 7.331889e+01
209084 7.331889e+01
209196 7.331889e+01
209207 7.331889e+01
209229 7.331889e+01
209240 7.331889e+01
209381 7.331889e+01
209439 7.331889e+01
209501 7.331889e+01
209505 7.331889e+01
209539 7.331889e+01
209547 7.331889e+01
209589 7.331889e+01
209595 7.331889e+01
209638 7.331889e+01
209692 7.331889e+01
209916 7.331889e+01
209929 7.331889e+01
209985 7.331889e+01
210027 7.331889e+01
210042 7.331889e+01
210049 7.331889e+01
210125 7.331889e+01
210191 7.331889e+01
210340 7.331889e+01
210375 7.331889e+01
210380 7.331889e+01
210407 7.331889e+01
210446 7.331889e+01
210458 7.331889e+01
210470 7.331889e+01
210561 7.331889e+01
210662 7.331889e+01
210675 7.331889e+01
210676 7.331889e+01
210846 7.331889e+01
210983 7.331889e+01
211122 7.331889e+01
211143 7.331889e+01
211259 7.331889e+01
211321 7.331889e+01
211449 7.331889e+01
211555 7.331889e+01
211648 7.331889e+01
211660 7.331889e+01
211662 7.331889e+01
211673 7.331889e+01
211681 7.331889e+01
211724 7.331889e+01
211791 7.331889e+01
211841 7.331889e+01
211855 7.331889e+01
211881 7.331889e+01
211904 7.331889e+01
211962 7.331889e+01
211974 7.331889e+01
212022 7.331889e+01
212023 7.331889e+01
212045 7.331889e+01
212125 7.331889e+01
212139 7.331889e+01
212158 7.331889e+01
212328 7.331889e+01
212378 7.331889e+01
212444 7.331889e+01
212499 7.331889e+01
212546 7.331889e+01
212707 7.331889e+01
212814 7.331889e+01
212830 7.331889e+01
212861 7.331889e+01
212878 7.331889e+01
212938 7.331889e+01
213071 7.331889e+01
213125 7.331889e+01
213129 7.331889e+01
273032 7.248798e+01
274487 7.210566e+01
274503 7.060080e+01
274719 6.964698e+01
274855 6.836667e+01
274963 6.728097e+01
274989 6.721958e+01
275205 6.604782e+01
276234 6.572152e+01
276907 6.556235e+01
277027 6.320393e+01
277406 6.261465e+01
277518 6.157910e+01
277958 6.044583e+01
278424 6.037823e+01
278540 6.024988e+01
278831 5.982723e+01
278989 5.978393e+01
279078 5.974416e+01
279192 5.927439e+01
279241 5.926037e+01
279435 5.907642e+01
279563 5.886473e+01
279746 5.860730e+01
279825 5.850251e+01
279974 5.826188e+01
280183 5.819806e+01
280524 5.809404e+01
280573 5.802631e+01
280688 5.792016e+01
280946 5.776374e+01
281073 5.772987e+01
281379 5.768913e+01
281386 5.766900e+01
281438 5.760946e+01
281578 5.749921e+01
281975 5.744384e+01
282024 5.737062e+01
282370 5.722901e+01
283012 5.720912e+01
283073 5.714398e+01
283223 5.706522e+01
283241 5.706387e+01
283350 5.702696e+01
283410 5.698884e+01
283885 5.697083e+01
283938 5.696771e+01
284076 5.696556e+01
284148 5.691451e+01
284322 5.691232e+01
284401 5.689105e+01
284564 5.688002e+01
285047 5.687942e+01
285162 5.687022e+01
285293 5.685373e+01
285460 5.685041e+01
285465 5.682657e+01
285778 5.682075e+01
285806 5.680276e+01
285818 5.680250e+01
285839 5.680042e+01
286033 5.680016e+01
286215 5.678564e+01
286221 5.677466e+01
286599 5.676771e+01
287093 5.676753e+01
287101 5.676526e+01
287290 5.675408e+01
287574 5.675001e+01
287759 5.674948e+01
287802 5.674779e+01
287902 5.674516e+01
288067 5.672406e+01
288395 5.672107e+01
288650 5.672078e+01
288836 5.671960e+01
288863 5.671620e+01
288962 5.671366e+01
289050 5.670818e+01
289451 5.670699e+01
289659 5.670388e+01
289729 5.670316e+01
289823 5.669991e+01
290044 5.669695e+01
290124 5.669652e+01
290206 5.669617e+01
290208 5.669080e+01
290895 5.669079e+01
290914 5.668969e+01
291041 5.668946e+01
291086 5.668854e+01
291555 5.668779e+01
291691 5.668766e+01
291877 5.668757e+01
291942 5.668745e+01
291987 5.668717e+01
292060 5.668713e+01
292190 5.668663e+01
292268 5.668647e+01
292302 5.668647e+01
292332 5.668615e+01
292378 5.668602e+01
292457 5.668556e+01
292652 5.668505e+01
292659 5.668468e+01
293575 5.668465e+01
293832 5.668449e+01
293844 5.668428e+01
293946 5.668420e+01
294044 5.668417e+01
294054 5.668414e+01
294060 5.668383e+01
294138 5.668379e+01
294194 5.668367e+01
294216 5.668359e+01
294580 5.668340e+01
294734 5.668315e+01
295419 5.668314e+01
295647 5.668311e+01
295682 5.668310e+01
295717 5.668304e+01
295878 5.668297e+01
295883 5.668295e+01
296037 5.668293e+01
296330 5.668292e+01
296351 5.668292e+01
296361 5.668291e+01
296386 5.668283e+01
296505 5.668283e+01
296660 5.668282e+01
296714 5.668282e+01
296717 5.668276e+01
296766 5.668276e+01
296820 5.668274e+01
296963 5.668274e+01
296986 5.668273e+01
297083 5.668271e+01
297110 5.668265e+01
297487 5.668264e+01
297671 5.668263e+01
297868 5.668262e+01
298013 5.668259e+01
298774 5.668259e+01
298853 5.668258e+01
298863 5.668258e+01
298894 5.668257e+01
299372 5.668256e+01
299613 5.668256e+01
299774 5.668255e+01
299800 5.668255e+01
300031 5.668255e+01
300044 5.668255e+01
300090 5.668255e+01
300122 5.668255e+01
300123 5.668255e+01
300156 5.668255e+01
300174 5.668254e+01
300446 5.668254e+01
300589 5.668254e+01
300705 5.668254e+01
300706 5.668254e+01
300943 5.668254e+01
301010 5.668254e+01
301201 5.668253e+01
301299 5.668253e+01
301475 5.668253e+01
301554 5.668253e+01
301848 5.668253e+01
302072 5.668253e+01
302153 5.668253e+01
302190 5.668253e+01
302451 5.668253e+01
302531 5.668253e+01
302594 5.668253e+01
302672 5.668253e+01
302819 5.668253e+01
302860 5.668253e+01
302968 5.668253e+01
303184 5.668252e+01
303209 5.668252e+01
303670 5.668252e+01
303924 5.668252e+01
304159 5.668252e+01
304205 5.668252e+01
304223 5.668252e+01
304228 5.668252e+01
304520 5.668252e+01
304594 5.668252e+01
304614 5.668252e+01
304671 5.668252e+01
305030 5.668252e+01
305091 5.668252e+01
305125 5.668252e+01
305149 5.668252e+01
305153 5.668252e+01
305156 5.668252e+01
305157 5.668252e+01
305241 5.668252e+01
305289 5.668252e+01
305356 5.668252e+01
305400 5.668252e+01
305420 5.668252e+01
305423 5.668252e+01
305869 5.668252e+01
306073 5.668252e+01
306139 5.668252e+01
306149 5.668252e+01
306193 5.668252e+01
306349 5.668252e+01
306557 5.668252e+01
306583 5.668252e+01
306623 5.668252e+01
306666 5.668252e+01
306711 5.668252e+01
306751 5.668252e+01
306951 5.668252e+01
307044 5.668252e+01
307217 5.668252e+01
307233 5.668252e+01
307269 5.668252e+01
307319 5.668252e+01
307370 5.668252e+01
307371 5.668252e+01
307490 5.668252e+01
307496 5.668252e+01
307715 5.668252e+01
307763 5.668252e+01
307899 5.668252e+01
308027 5.668252e+01
308072 5.668252e+01
308158 5.668252e+01
308283 5.668252e+01
308301 5.668252e+01
308565 5.668252e+01
308682 5.668252e+01
308861 5.668252e+01
308938 5.668252e+01
309219 5.668252e+01
309285 5.668252e+01
309292 5.668252e+01
309334 5.668252e+01
309377 5.668252e+01
309407 5.668252e+01
309476 5.668252e+01
309509 5.668252e+01
309904 5.668252e+01
309980 5.668252e+01
310034 5.668252e+01
310176 5.668252e+01
310240 5.668252e+01
310460 5.668252e+01
311034 5.668252e+01
311132 5.668252e+01
311234 5.668252e+01
311372 5.668252e+01
311607 5.668252e+01
311694 5.668252e+01
312027 5.668252e+01
312356 5.668252e+01
312489 5.668252e+01
312602 5.668252e+01
313137 5.668252e+01
313279 5.668252e+01
313450 5.668252e+01
313477 5.668252e+01
313546 5.668252e+01
313618 5.668252e+01
313648 5.668252e+01
313847 5.668252e+01
313865 5.668252e+01
314033 5.668252e+01
314151 5.668252e+01
314153 5.668252e+01
314245 5.668252e+01
314283 5.668252e+01
314293 5.668252e+01
314566 5.668252e+01
314640 5.668252e+01
314715 5.668252e+01
314980 5.668252e+01
315059 5.668252e+01
315230 5.668252e+01
315279 5.668252e+01
315347 5.668252e+01
315596 5.668252e+01
315719 5.668252e+01
315781 5.668252e+01
315995 5.668252e+01
316184 5.668252e+01
316188 5.668252e+01
316345 5.668252e+01
316503 5.668252e+01
316618 5.668252e+01
316777 5.668252e+01
316851 5.668252e+01
316873 5.668252e+01
317032 5.668252e+01
317078 5.668252e+01
317346 5.668252e+01
