1 2.272965e+04
2 2.102303e+04
3 1.821480e+04
145 1.818125e+04
290 1.761973e+04
362 1.734434e+04
560 1.685517e+04
841 1.613898e+04
1279 1.598707e+04
1994 1.571830e+04
2077 1.562349e+04
2151 1.530029e+04
2765 1.497619e+04
4302 1.490250e+04
4624 1.465963e+04
5661 1.412748e+04
6512 1.275750e+04
8260 1.259911e+04
9814 1.040221e+04
11562 9.552479e+03
12011 9.532303e+03
12148 8.688683e+03
12393 8.399696e+03
12440 8.363619e+03
12457 7.059132e+03
12691 6.845518e+03
12717 6.043313e+03
12910 5.882141e+03
12936 5.864671e+03
12978 5.589177e+03
13268 5.542852e+03
13297 5.498533e+03
13461 5.249346e+03
13465 4.912814e+03
13609 4.775234e+03
13628 4.735105e+03
13725 4.724792e+03
13757 4.704684e+03
13767 4.518695e+03
13785 4.343729e+03
13816 4.313114e+03
13913 4.208471e+03
13996 4.186791e+03
14004 4.082482e+03
14026 4.077771e+03
14057 3.953554e+03
14109 3.939557e+03
14205 3.912706e+03
14237 3.848501e+03
14326 3.767827e+03
14415 3.649620e+03
14538 3.619463e+03
14722 3.578821e+03
14776 3.527790e+03
14828 3.511328e+03
14891 3.510883e+03
15001 3.481865e+03
15129 3.453149e+03
15154 3.450858e+03
15193 3.425158e+03
15227 3.409831e+03
15242 3.407073e+03
15249 3.369047e+03
15252 3.366923e+03
15424 3.365915e+03
15442 3.335801e+03
15561 3.311709e+03
15581 3.292403e+03
15763 3.289291e+03
15805 3.287960e+03
15810 3.277484e+03
15956 3.277003e+03
15963 3.268592e+03
16086 3.246370e+03
16129 3.238953e+03
16256 3.235512e+03
16388 3.229976e+03
16483 3.227310e+03
16641 3.224116e+03
16673 3.223760e+03
16685 3.220894e+03
16848 3.218567e+03
16892 3.218056e+03
16935 3.217448e+03
16962 3.212431e+03
17055 3.209580e+03
17160 3.208816e+03
17175 3.207745e+03
17209 3.206984e+03
17245 3.206085e+03
17249 3.206070e+03
17257 3.204391e+03
17284 3.203246e+03
17421 3.203187e+03
17454 3.202253e+03
17465 3.202033e+03
17518 3.199521e+03
17685 3.199257e+03
17724 3.197698e+03
17753 3.197218e+03
17890 3.196035e+03
18020 3.195679e+03
18072 3.195609e+03
18116 3.195252e+03
18196 3.195251e+03
18217 3.195153e+03
18221 3.195017e+03
18245 3.194648e+03
18267 3.194249e+03
18435 3.193886e+03
18497 3.193489e+03
18503 3.193113e+03
18607 3.193095e+03
18628 3.193069e+03
18638 3.192800e+03
18708 3.192698e+03
18810 3.192537e+03
18831 3.192354e+03
18949 3.192285e+03
18953 3.192077e+03
19105 3.192070e+03
19119 3.191772e+03
19241 3.191751e+03
19466 3.191713e+03
19510 3.191639e+03
19613 3.191602e+03
19652 3.191577e+03
19675 3.191571e+03
19693 3.191460e+03
19884 3.191442e+03
19945 3.191406e+03
20000 3.191388e+03
20005 3.191370e+03
20071 3.191360e+03
20141 3.191346e+03
20144 3.191308e+03
20230 3.191262e+03
20347 3.191255e+03
20352 3.191239e+03
20435 3.191217e+03
20438 3.191211e+03
20618 3.191197e+03
20845 3.191187e+03
20927 3.191187e+03
20945 3.191186e+03
20956 3.191180e+03
20959 3.191176e+03
21006 3.191169e+03
21053 3.191161e+03
21092 3.191151e+03
21319 3.191148e+03
21359 3.191141e+03
21588 3.191139e+03
21624 3.191136e+03
21665 3.191129e+03
21728 3.191119e+03
22063 3.191113e+03
22241 3.191112e+03
22279 3.191109e+03
22321 3.191107e+03
22334 3.191106e+03
22598 3.191105e+03
22659 3.191105e+03
22834 3.191104e+03
22836 3.191104e+03
22871 3.191104e+03
22913 3.191104e+03
22934 3.191103e+03
22979 3.191102e+03
23019 3.191102e+03
23061 3.191101e+03
23192 3.191099e+03
23544 3.191099e+03
23579 3.191097e+03
23761 3.191097e+03
23912 3.191096e+03
24079 3.191096e+03
24208 3.191096e+03
24220 3.191095e+03
24784 3.191095e+03
24931 3.191095e+03
24965 3.191095e+03
25197 3.191094e+03
25262 3.191094e+03
25760 3.191094e+03
25878 3.191094e+03
25970 3.191094e+03
26014 3.191094e+03
26303 3.191094e+03
26464 3.191094e+03
26727 3.191094e+03
26743 3.191094e+03
26875 3.191094e+03
26929 3.191094e+03
26957 3.191094e+03
27056 3.191094e+03
27083 3.191094e+03
27207 3.191093e+03
27580 3.191093e+03
27658 3.191093e+03
27819 3.191093e+03
28705 3.191093e+03
28930 3.191093e+03
29101 3.191093e+03
29148 3.191093e+03
29317 3.191093e+03
29363 3.191093e+03
29372 3.191093e+03
29765 3.191093e+03
29926 3.191093e+03
29966 3.191093e+03
30170 3.191093e+03
30190 3.191093e+03
30222 3.191093e+03
31248 3.191093e+03
31318 3.191093e+03
31337 3.191093e+03
31538 3.191093e+03
31637 3.191093e+03
31796 3.191093e+03
31887 3.191093e+03
31999 3.191093e+03
32062 3.191093e+03
32301 3.191093e+03
32566 3.191093e+03
33228 3.191093e+03
33311 3.191093e+03
33548 3.191093e+03
33805 3.191093e+03
33821 3.191093e+03
35144 3.191093e+03
35474 3.191093e+03
35500 3.191093e+03
35651 3.191093e+03
36181 3.191093e+03
36332 3.191093e+03
36553 3.191093e+03
36762 3.191093e+03
36857 3.191093e+03
37317 3.191093e+03
38019 3.191093e+03
38076 3.191093e+03
38172 3.191093e+03
38315 3.191093e+03
38379 3.191093e+03
38530 3.191093e+03
38538 3.191093e+03
38616 3.191093e+03
39357 3.191093e+03
39581 3.191093e+03
39769 3.191093e+03
40242 3.191093e+03
40309 3.191093e+03
40313 3.191093e+03
40362 3.191093e+03
40513 3.191093e+03
40653 3.191093e+03
40955 3.191093e+03
41142 3.191093e+03
41161 3.191093e+03
42012 3.191093e+03
42036 3.191093e+03
42043 3.191093e+03
42047 3.191093e+03
42099 3.191093e+03
42216 3.191093e+03
43199 3.191093e+03
44196 3.191093e+03
44374 3.191093e+03
44561 3.191093e+03
44755 3.191093e+03
44820 3.191093e+03
44868 3.191093e+03
45020 3.191093e+03
45290 3.191093e+03
45331 3.191093e+03
45504 3.191093e+03
45691 3.191093e+03
45709 3.191093e+03
45867 3.191093e+03
45968 3.191093e+03
46025 3.191093e+03
46202 3.191093e+03
46204 3.191093e+03
46528 3.191093e+03
46768 3.191093e+03
46956 3.191093e+03
46960 3.191093e+03
48810 3.191093e+03
49097 3.191093e+03
49486 3.191093e+03
49504 3.191093e+03
49711 3.191093e+03
50048 3.191093e+03
50635 3.191093e+03
50870 3.191093e+03
51266 3.191093e+03
51457 3.191093e+03
51460 3.191093e+03
51663 3.191093e+03
51677 3.191093e+03
52386 3.191093e+03
52575 3.191093e+03
53258 3.191093e+03
53305 3.191093e+03
53389 3.191093e+03
53609 3.191093e+03
54048 3.191093e+03
54140 3.191093e+03
54177 3.191093e+03
54716 3.191093e+03
54778 3.191093e+03
54786 3.191093e+03
55521 3.191093e+03
55523 3.191093e+03
55774 3.191093e+03
55815 3.191093e+03
55970 3.191093e+03
56211 3.191093e+03
56771 3.191093e+03
56989 3.191093e+03
57020 3.191093e+03
58136 3.191093e+03
58218 3.191093e+03
58398 3.191093e+03
58420 3.191093e+03
58664 3.191093e+03
58729 3.191093e+03
58914 3.191093e+03
58942 3.191093e+03
59009 3.191093e+03
59048 3.191093e+03
59137 3.191093e+03
59255 3.191093e+03
59281 3.191093e+03
59430 3.191093e+03
59967 3.191093e+03
60025 3.191093e+03
60148 3.191093e+03
60273 3.191093e+03
60329 3.191093e+03
60364 3.191093e+03
60448 3.191093e+03
60478 3.191093e+03
60479 3.191093e+03
60495 3.191093e+03
60838 3.191093e+03
61640 3.191093e+03
61740 3.191093e+03
62361 3.191093e+03
62499 3.191093e+03
62556 3.191093e+03
62569 3.191093e+03
62731 3.191093e+03
62800 3.191093e+03
62925 3.191093e+03
63458 3.191093e+03
63499 3.191093e+03
63949 3.191093e+03
64256 3.191093e+03
64422 3.191093e+03
64457 3.191093e+03
64803 3.191093e+03
65190 3.191093e+03
65789 3.191093e+03
65851 3.191093e+03
67182 3.191093e+03
67259 3.191093e+03
67664 3.191093e+03
67951 3.191093e+03
68260 3.191093e+03
68402 3.191093e+03
69272 3.191093e+03
69314 3.191093e+03
69728 3.191093e+03
70052 3.191093e+03
70281 3.191093e+03
70433 3.191093e+03
70434 3.191093e+03
70506 3.191093e+03
70552 3.191093e+03
70802 3.191093e+03
71417 3.191093e+03
71496 3.191093e+03
71867 3.191093e+03
72060 3.191093e+03
72170 3.191093e+03
72451 3.191093e+03
72481 3.191093e+03
72917 3.191093e+03
72989 3.191093e+03
73186 3.191093e+03
73448 3.191093e+03
73893 3.191093e+03
73942 3.191093e+03
74220 3.191093e+03
74336 3.191093e+03
74721 3.191093e+03
74948 3.191093e+03
350575 3.119379e+03
350680 2.825691e+03
351212 2.657762e+03
351322 2.656868e+03
351325 2.450690e+03
351472 2.450369e+03
351516 2.436401e+03
351730 2.302155e+03
352270 2.204792e+03
352486 2.133795e+03
352698 2.089892e+03
352841 1.982451e+03
352926 1.960270e+03
353033 1.935643e+03
353039 1.800522e+03
353472 1.741388e+03
353690 1.698518e+03
354017 1.681321e+03
354134 1.636325e+03
354238 1.532743e+03
354406 1.479336e+03
354780 1.446988e+03
354820 1.444975e+03
354930 1.391867e+03
355188 1.362152e+03
355233 1.327120e+03
355284 1.312746e+03
355527 1.238564e+03
355985 1.238040e+03
356008 1.213527e+03
356235 1.212907e+03
356237 1.192867e+03
356240 1.190490e+03
356486 1.188285e+03
356508 1.177724e+03
356523 1.157002e+03
357165 1.154976e+03
357193 1.152709e+03
357263 1.149143e+03
357297 1.134410e+03
357436 1.128711e+03
357477 1.117313e+03
358162 1.116919e+03
358177 1.115994e+03
358321 1.113216e+03
358419 1.112422e+03
358441 1.111087e+03
358484 1.107461e+03
358561 1.103921e+03
359082 1.102416e+03
359170 1.102337e+03
359223 1.100096e+03
359331 1.097526e+03
359484 1.097059e+03
359575 1.096372e+03
359599 1.096185e+03
359686 1.092301e+03
359853 1.092108e+03
359879 1.091517e+03
360096 1.090461e+03
360100 1.089061e+03
360219 1.088445e+03
360253 1.088225e+03
360273 1.087709e+03
360348 1.086341e+03
360426 1.083882e+03
360484 1.082522e+03
360642 1.081420e+03
360645 1.081306e+03
360867 1.081056e+03
360874 1.079761e+03
361346 1.078808e+03
361697 1.078485e+03
361799 1.078276e+03
361950 1.078042e+03
362117 1.077883e+03
362222 1.077838e+03
362276 1.077800e+03
362296 1.077305e+03
362466 1.077248e+03
362482 1.077236e+03
362491 1.077225e+03
362492 1.076751e+03
362501 1.076584e+03
362643 1.076286e+03
362696 1.076033e+03
362751 1.075901e+03
362759 1.075580e+03
363144 1.075547e+03
363147 1.075211e+03
363273 1.075180e+03
363282 1.075153e+03
363361 1.074968e+03
363578 1.074740e+03
363846 1.074644e+03
363877 1.074630e+03
363901 1.074576e+03
363916 1.074510e+03
363936 1.074430e+03
363941 1.074308e+03
364194 1.074283e+03
364224 1.074235e+03
364371 1.074226e+03
364438 1.074190e+03
364450 1.074159e+03
364731 1.074018e+03
364823 1.073838e+03
364960 1.073815e+03
365073 1.073696e+03
365293 1.073681e+03
365595 1.073649e+03
365600 1.073628e+03
365621 1.073523e+03
365630 1.073512e+03
365853 1.073497e+03
365886 1.073492e+03
365932 1.073428e+03
365935 1.073425e+03
365943 1.073425e+03
365981 1.073424e+03
366016 1.073408e+03
366066 1.073372e+03
366189 1.073308e+03
366342 1.073235e+03
366598 1.073217e+03
366603 1.073203e+03
366701 1.073143e+03
367033 1.073114e+03
367259 1.073098e+03
367426 1.073075e+03
367450 1.073071e+03
367547 1.073069e+03
367563 1.073056e+03
367664 1.073022e+03
367743 1.072988e+03
368340 1.072988e+03
368367 1.072970e+03
368649 1.072953e+03
368756 1.072953e+03
368803 1.072949e+03
368936 1.072941e+03
368990 1.072930e+03
368997 1.072926e+03
369004 1.072925e+03
369068 1.072925e+03
369319 1.072920e+03
369479 1.072911e+03
369765 1.072911e+03
369855 1.072911e+03
369951 1.072909e+03
369958 1.072903e+03
370320 1.072901e+03
370324 1.072900e+03
370537 1.072900e+03
370545 1.072899e+03
370588 1.072898e+03
370606 1.072896e+03
370698 1.072896e+03
370745 1.072895e+03
370849 1.072895e+03
370864 1.072894e+03
370874 1.072894e+03
370978 1.072893e+03
371116 1.072892e+03
371271 1.072890e+03
371439 1.072890e+03
371645 1.072890e+03
371662 1.072889e+03
371666 1.072889e+03
371671 1.072889e+03
371713 1.072888e+03
371727 1.072888e+03
371794 1.072887e+03
372025 1.072886e+03
372077 1.072886e+03
372180 1.072886e+03
372296 1.072886e+03
372375 1.072885e+03
372676 1.072885e+03
372910 1.072885e+03
372973 1.072884e+03
372981 1.072884e+03
373187 1.072884e+03
373199 1.072884e+03
373206 1.072884e+03
373241 1.072884e+03
373292 1.072884e+03
373395 1.072884e+03
373411 1.072884e+03
373497 1.072884e+03
373524 1.072884e+03
373537 1.072884e+03
373563 1.072883e+03
373674 1.072883e+03
374010 1.072883e+03
374096 1.072883e+03
374194 1.072883e+03
374465 1.072883e+03
374574 1.072883e+03
374592 1.072883e+03
374599 1.072883e+03
374603 1.072883e+03
374710 1.072883e+03
374863 1.072883e+03
374950 1.072883e+03
375166 1.072883e+03
375217 1.072883e+03
375268 1.072883e+03
375673 1.072883e+03
375790 1.072883e+03
375917 1.072882e+03
376216 1.072882e+03
376359 1.072882e+03
376433 1.072882e+03
376439 1.072882e+03
376727 1.072882e+03
376743 1.072882e+03
376836 1.072882e+03
376975 1.072882e+03
377069 1.072882e+03
377098 1.072882e+03
377110 1.072882e+03
377121 1.072882e+03
377215 1.072882e+03
377275 1.072882e+03
377364 1.072882e+03
377555 1.072882e+03
377765 1.072882e+03
377804 1.072882e+03
377820 1.072882e+03
378006 1.072882e+03
378043 1.072882e+03
378299 1.072882e+03
378567 1.072882e+03
378715 1.072882e+03
378724 1.072882e+03
378838 1.072882e+03
378839 1.072882e+03
378998 1.072882e+03
379026 1.072882e+03
379233 1.072882e+03
379490 1.072882e+03
379558 1.072882e+03
379751 1.072882e+03
380053 1.072882e+03
380423 1.072882e+03
380825 1.072882e+03
380974 1.072882e+03
381023 1.072882e+03
381047 1.072882e+03
381328 1.072882e+03
381733 1.072882e+03
381771 1.072882e+03
381830 1.072882e+03
381861 1.072882e+03
381950 1.072882e+03
381967 1.072882e+03
382020 1.072882e+03
382041 1.072882e+03
382204 1.072882e+03
382275 1.072882e+03
382309 1.072882e+03
382406 1.072882e+03
382412 1.072882e+03
382426 1.072882e+03
382459 1.072882e+03
382528 1.072882e+03
382569 1.072882e+03
382594 1.072882e+03
382656 1.072882e+03
382769 1.072882e+03
383080 1.072882e+03
383129 1.072882e+03
383284 1.072882e+03
383347 1.072882e+03
383382 1.072882e+03
383575 1.072882e+03
383628 1.072882e+03
383743 1.072882e+03
383768 1.072882e+03
384011 1.072882e+03
384013 1.072882e+03
384110 1.072882e+03
384162 1.072882e+03
384221 1.072882e+03
384261 1.072882e+03
384546 1.072882e+03
384758 1.072882e+03
384780 1.072882e+03
384821 1.072882e+03
384950 1.072882e+03
385259 1.072882e+03
385405 1.072882e+03
385638 1.072882e+03
385691 1.072882e+03
385772 1.072882e+03
386023 1.072882e+03
386149 1.072882e+03
386741 1.072882e+03
386753 1.072882e+03
386826 1.072882e+03
386895 1.072882e+03
387206 1.072882e+03
387364 1.072882e+03
387474 1.072882e+03
387487 1.072882e+03
387525 1.072882e+03
387622 1.072882e+03
387875 1.072882e+03
388048 1.072882e+03
388067 1.072882e+03
388068 1.072882e+03
388089 1.072882e+03
388141 1.072882e+03
388164 1.072882e+03
388439 1.072882e+03
388656 1.072882e+03
388657 1.072882e+03
388856 1.072882e+03
388912 1.072882e+03
388937 1.072882e+03
388939 1.072882e+03
389420 1.072882e+03
389549 1.072882e+03
389596 1.072882e+03
390266 1.072882e+03
390356 1.072882e+03
390404 1.072882e+03
390777 1.072882e+03
390815 1.072882e+03
391281 1.072882e+03
391325 1.072882e+03
391356 1.072882e+03
391465 1.072882e+03
391552 1.072882e+03
391591 1.072882e+03
391595 1.072882e+03
391620 1.072882e+03
391630 1.072882e+03
391669 1.072882e+03
391713 1.072882e+03
391923 1.072882e+03
391939 1.072882e+03
391969 1.072882e+03
392042 1.072882e+03
392278 1.072882e+03
392664 1.072882e+03
392870 1.072882e+03
392946 1.072882e+03
392974 1.072882e+03
393213 1.072882e+03
393374 1.072882e+03
393378 1.072882e+03
393410 1.072882e+03
393417 1.072882e+03
393444 1.072882e+03
393445 1.072882e+03
393447 1.072882e+03
393556 1.072882e+03
393723 1.072882e+03
393883 1.072882e+03
393994 1.072882e+03
394216 1.072882e+03
394291 1.072882e+03
394321 1.072882e+03
394475 1.072882e+03
394484 1.072882e+03
394531 1.072882e+03
394560 1.072882e+03
394917 1.072882e+03
464607 1.037613e+03
464613 1.017377e+03
464701 1.016648e+03
464800 9.160135e+02
464846 8.110182e+02
465222 7.246459e+02
465490 7.036954e+02
465633 6.471402e+02
465968 6.379319e+02
466003 6.202596e+02
466345 5.913229e+02
466709 5.810465e+02
466772 5.756126e+02
466786 5.664867e+02
466980 4.909776e+02
467572 4.902836e+02
467625 4.882573e+02
468146 4.672496e+02
468267 4.479526e+02
468420 4.169790e+02
469269 3.776407e+02
469896 3.708264e+02
470018 3.543254e+02
470649 3.531419e+02
470853 3.477160e+02
471017 3.457935e+02
471121 3.444132e+02
471411 3.376371e+02
471510 3.337097e+02
472028 3.258276e+02
472029 3.209499e+02
472189 3.192067e+02
472508 3.163276e+02
472700 3.107847e+02
473069 3.107827e+02
473218 3.093403e+02
473272 3.017539e+02
474450 3.010917e+02
474747 3.004314e+02
474774 2.967126e+02
475242 2.955125e+02
475390 2.939035e+02
475853 2.937830e+02
475906 2.933799e+02
475996 2.933492e+02
476145 2.928724e+02
476169 2.926037e+02
476193 2.925738e+02
476405 2.918330e+02
476424 2.915035e+02
476500 2.892976e+02
476798 2.888176e+02
476845 2.880169e+02
477388 2.873891e+02
477861 2.873735e+02
478161 2.868427e+02
478574 2.863795e+02
478684 2.860807e+02
478830 2.857802e+02
479475 2.855759e+02
479584 2.855434e+02
479660 2.854431e+02
479711 2.853678e+02
479735 2.850709e+02
480051 2.849570e+02
480119 2.848283e+02
480377 2.846758e+02
480462 2.846615e+02
480894 2.843747e+02
481809 2.841484e+02
482495 2.841457e+02
482573 2.841131e+02
482598 2.838295e+02
483755 2.838221e+02
484428 2.837819e+02
484606 2.837473e+02
484650 2.837289e+02
485195 2.837196e+02
485398 2.837189e+02
485413 2.837032e+02
485563 2.837025e+02
485627 2.836928e+02
485638 2.836878e+02
485658 2.836861e+02
485688 2.836827e+02
485783 2.836740e+02
485816 2.836356e+02
486652 2.836162e+02
486972 2.836133e+02
487238 2.836105e+02
487240 2.836008e+02
487952 2.835964e+02
488005 2.835954e+02
488347 2.835890e+02
488659 2.835884e+02
488711 2.835825e+02
489041 2.835804e+02
489438 2.835779e+02
489544 2.835722e+02
489731 2.835703e+02
489777 2.835703e+02
490019 2.835686e+02
490065 2.835680e+02
490249 2.835659e+02
490389 2.835635e+02
490412 2.835612e+02
490483 2.835607e+02
490616 2.835592e+02
490880 2.835589e+02
491006 2.835582e+02
491074 2.835579e+02
491150 2.835551e+02
491533 2.835543e+02
491665 2.835537e+02
491922 2.835532e+02
491928 2.835530e+02
491984 2.835521e+02
492065 2.835517e+02
492331 2.835517e+02
492404 2.835515e+02
492441 2.835507e+02
492593 2.835501e+02
492778 2.835500e+02
492806 2.835499e+02
492827 2.835494e+02
493058 2.835491e+02
493238 2.835488e+02
493249 2.835488e+02
493259 2.835487e+02
493429 2.835486e+02
493585 2.835484e+02
493605 2.835482e+02
493621 2.835476e+02
493806 2.835474e+02
493877 2.835473e+02
494172 2.835472e+02
494286 2.835469e+02
494344 2.835468e+02
494398 2.835467e+02
494461 2.835465e+02
494753 2.835464e+02
494883 2.835464e+02
494973 2.835461e+02
495032 2.835460e+02
495121 2.835459e+02
495133 2.835457e+02
495423 2.835456e+02
495617 2.835456e+02
496006 2.835455e+02
496591 2.835455e+02
496593 2.835452e+02
496912 2.835452e+02
497281 2.835452e+02
497335 2.835452e+02
497477 2.835451e+02
497558 2.835451e+02
497641 2.835451e+02
497711 2.835450e+02
497985 2.835450e+02
498450 2.835450e+02
498611 2.835450e+02
498672 2.835449e+02
498897 2.835449e+02
499065 2.835449e+02
499182 2.835449e+02
499697 2.835448e+02
499893 2.835448e+02
