1 5.000000e+00
20 5.000000e+00
30 5.000000e+00
89 4.991666e+00
303 4.192278e+00
969 3.855146e+00
3593 3.721406e+00
4643 3.663052e+00
5298 3.618954e+00
5704 3.560055e+00
5770 3.540627e+00
5947 3.519276e+00
6158 3.472227e+00
6586 3.427337e+00
6591 3.389340e+00
6901 3.386425e+00
6955 3.375546e+00
6989 3.352896e+00
7227 3.345053e+00
7260 3.340393e+00
7374 3.334271e+00
7406 3.331225e+00
7428 3.326760e+00
7468 3.326606e+00
7637 3.324764e+00
7643 3.323394e+00
7733 3.322474e+00
7735 3.321936e+00
7768 3.321091e+00
7944 3.321056e+00
7946 3.320885e+00
7963 3.320870e+00
7969 3.320815e+00
7979 3.320674e+00
8002 3.320673e+00
8016 3.320555e+00
8048 3.320466e+00
8083 3.320387e+00
8180 3.320373e+00
8242 3.320327e+00
8343 3.320317e+00
8382 3.320313e+00
8415 3.320292e+00
8421 3.320290e+00
8498 3.320253e+00
8507 3.320236e+00
8564 3.320223e+00
8567 3.320194e+00
8617 3.320170e+00
8671 3.320054e+00
8763 3.320021e+00
8810 3.320021e+00
8830 3.319818e+00
8917 3.319734e+00
8928 3.319723e+00
8951 3.319656e+00
9031 3.319640e+00
9036 3.319581e+00
9037 3.319516e+00
9076 3.319504e+00
9086 3.319448e+00
9096 3.319390e+00
9147 3.319327e+00
9210 3.319289e+00
9229 3.319239e+00
9308 3.319235e+00
9309 3.318983e+00
9390 3.318962e+00
9399 3.318941e+00
9426 3.318935e+00
9459 3.318903e+00
9465 3.318892e+00
9498 3.318850e+00
9555 3.318819e+00
9581 3.318786e+00
9607 3.318785e+00
9635 3.318766e+00
9684 3.318763e+00
9707 3.318720e+00
9728 3.318692e+00
9812 3.318666e+00
9856 3.318651e+00
9871 3.318627e+00
9911 3.318614e+00
9969 3.318614e+00
9980 3.318605e+00
9990 3.318502e+00
10162 3.318478e+00
10246 3.318467e+00
10274 3.318440e+00
10327 3.318420e+00
10401 3.318407e+00
10469 3.318395e+00
10506 3.318391e+00
10525 3.318388e+00
10533 3.318387e+00
10551 3.318384e+00
10602 3.318372e+00
10753 3.318370e+00
10804 3.318358e+00
10955 3.318358e+00
10979 3.318357e+00
10989 3.318357e+00
11013 3.318356e+00
11018 3.318356e+00
11030 3.318355e+00
11091 3.318354e+00
11117 3.318353e+00
11138 3.318352e+00
11144 3.318352e+00
11179 3.318350e+00
11244 3.318350e+00
11265 3.318349e+00
11288 3.318348e+00
11359 3.318348e+00
11392 3.318347e+00
11394 3.318346e+00
11437 3.318345e+00
11485 3.318345e+00
11517 3.318345e+00
11539 3.318344e+00
11549 3.318344e+00
11575 3.318343e+00
11595 3.318342e+00
11653 3.318342e+00
11657 3.318341e+00
11709 3.318341e+00
11717 3.318340e+00
11753 3.318339e+00
11773 3.318338e+00
11831 3.318337e+00
11851 3.318334e+00
11952 3.318334e+00
11960 3.318333e+00
11973 3.318332e+00
11994 3.318332e+00
12007 3.318331e+00
12034 3.318331e+00
12039 3.318329e+00
12104 3.318328e+00
12139 3.318327e+00
12162 3.318327e+00
12194 3.318326e+00
12202 3.318326e+00
12265 3.318323e+00
12354 3.318323e+00
12367 3.318321e+00
12427 3.318320e+00
12438 3.318319e+00
12451 3.318318e+00
12565 3.318316e+00
12581 3.318316e+00
12671 3.318315e+00
12686 3.318315e+00
12698 3.318315e+00
12713 3.318315e+00
12737 3.318314e+00
12791 3.318314e+00
12802 3.318314e+00
12819 3.318314e+00
12829 3.318314e+00
12868 3.318314e+00
12881 3.318313e+00
13029 3.318313e+00
13034 3.318313e+00
13086 3.318313e+00
13143 3.318313e+00
13151 3.318313e+00
13227 3.318313e+00
13251 3.318313e+00
13312 3.318313e+00
13328 3.318313e+00
13361 3.318313e+00
13362 3.318313e+00
13365 3.318313e+00
13379 3.318313e+00
13405 3.318313e+00
13485 3.318313e+00
13499 3.318313e+00
13512 3.318313e+00
13519 3.318313e+00
13538 3.318313e+00
13562 3.318313e+00
13563 3.318313e+00
13571 3.318313e+00
13715 3.318313e+00
13758 3.318313e+00
13776 3.318313e+00
13800 3.318313e+00
13813 3.318313e+00
13909 3.318313e+00
13925 3.318313e+00
13936 3.318313e+00
13962 3.318313e+00
14011 3.318313e+00
14058 3.318313e+00
14070 3.318313e+00
14112 3.318313e+00
14205 3.318313e+00
14209 3.318313e+00
14271 3.318313e+00
14288 3.318313e+00
14313 3.318313e+00
14355 3.318313e+00
14421 3.318313e+00
