1 5.000000e+00
22 5.000000e+00
31 4.999403e+00
168 4.998446e+00
184 4.991874e+00
218 4.883618e+00
281 4.867142e+00
363 4.441016e+00
443 4.287229e+00
481 4.183049e+00
547 4.134390e+00
694 3.864239e+00
1946 3.680296e+00
2326 3.676353e+00
4620 3.644832e+00
4867 3.605225e+00
5091 3.594087e+00
5121 3.556737e+00
5683 3.549033e+00
5867 3.535901e+00
6240 3.535104e+00
7512 3.531765e+00
7543 3.531709e+00
7604 3.529629e+00
7639 3.527144e+00
7907 3.526896e+00
7963 3.526786e+00
7964 3.525975e+00
7980 3.525109e+00
8104 3.524976e+00
8131 3.524886e+00
8143 3.524651e+00
8189 3.524310e+00
8234 3.524221e+00
8260 3.524106e+00
8286 3.523980e+00
8303 3.523672e+00
8304 3.523660e+00
8309 3.523660e+00
8335 3.523556e+00
8343 3.523110e+00
8359 3.523048e+00
8368 3.522667e+00
8385 3.522235e+00
8451 3.521629e+00
8567 3.521151e+00
8590 3.520987e+00
8671 3.520525e+00
8844 3.520504e+00
8865 3.520373e+00
8937 3.520354e+00
8977 3.520329e+00
8995 3.520222e+00
9015 3.520042e+00
9186 3.520034e+00
9193 3.520026e+00
9203 3.519984e+00
9217 3.519964e+00
9249 3.519924e+00
9279 3.519915e+00
9307 3.519913e+00
9308 3.519821e+00
9350 3.519761e+00
9414 3.519646e+00
9484 3.519571e+00
9537 3.519495e+00
9602 3.519227e+00
9726 3.519144e+00
9840 3.519141e+00
9871 3.519086e+00
9985 3.519081e+00
9991 3.519072e+00
10007 3.519065e+00
10009 3.519050e+00
10014 3.519044e+00
10015 3.519016e+00
10136 3.518986e+00
10162 3.518982e+00
10187 3.518973e+00
10261 3.518971e+00
10264 3.518963e+00
10279 3.518954e+00
10290 3.518941e+00
10308 3.518923e+00
10338 3.518878e+00
10391 3.518837e+00
10401 3.518822e+00
10412 3.518734e+00
10438 3.518578e+00
10510 3.518569e+00
10543 3.518452e+00
10589 3.518426e+00
10590 3.518359e+00
10624 3.517866e+00
10675 3.517735e+00
10684 3.517588e+00
10716 3.517501e+00
10755 3.517483e+00
10761 3.517424e+00
10764 3.517323e+00
10785 3.516512e+00
10842 3.516371e+00
10935 3.516354e+00
10970 3.516329e+00
10991 3.515750e+00
11007 3.515658e+00
11061 3.515577e+00
11095 3.515355e+00
11139 3.515207e+00
11157 3.514796e+00
11198 3.514747e+00
11219 3.513615e+00
11427 3.513527e+00
11462 3.513482e+00
11479 3.513455e+00
11490 3.513239e+00
11553 3.513080e+00
11560 3.512864e+00
11645 3.512757e+00
11667 3.512728e+00
11678 3.512587e+00
11719 3.512497e+00
11725 3.512423e+00
11776 3.512406e+00
11870 3.512355e+00
11879 3.512143e+00
11917 3.511953e+00
12086 3.511836e+00
12090 3.511775e+00
12227 3.511774e+00
12263 3.511721e+00
12387 3.511715e+00
12411 3.511699e+00
12423 3.511693e+00
12445 3.511685e+00
12471 3.511665e+00
12605 3.511663e+00
12799 3.511661e+00
12824 3.511655e+00
12846 3.511647e+00
12947 3.511645e+00
12977 3.511642e+00
13046 3.511641e+00
13054 3.511641e+00
13093 3.511639e+00
13195 3.511638e+00
13224 3.511638e+00
13571 3.511637e+00
13591 3.511637e+00
13602 3.511637e+00
13604 3.511637e+00
13712 3.511637e+00
13755 3.511637e+00
13794 3.511637e+00
13892 3.511637e+00
13966 3.511636e+00
14069 3.511636e+00
14127 3.511636e+00
14190 3.511636e+00
14279 3.511636e+00
14359 3.511636e+00
14504 3.511636e+00
14545 3.511636e+00
14612 3.511636e+00
14707 3.511636e+00
14728 3.511636e+00
14782 3.511636e+00
14808 3.511636e+00
14876 3.511636e+00
14880 3.511636e+00
14896 3.511636e+00
14933 3.511636e+00
14939 3.511636e+00
14997 3.511636e+00
38185 3.185961e+00
39958 3.173523e+00
41058 3.123907e+00
43510 3.070987e+00
43645 3.046572e+00
47143 3.006540e+00
47882 2.967323e+00
48180 2.962463e+00
48416 2.956955e+00
48587 2.927492e+00
48737 2.923901e+00
48884 2.911586e+00
49153 2.908588e+00
49223 2.907744e+00
49235 2.907342e+00
49294 2.903281e+00
49513 2.901327e+00
49781 2.900151e+00
49847 2.899091e+00
49999 2.898900e+00
50004 2.898323e+00
50012 2.897030e+00
50051 2.896918e+00
50096 2.896544e+00
50199 2.896522e+00
50360 2.895602e+00
50707 2.895575e+00
50854 2.895486e+00
50864 2.895468e+00
50865 2.895340e+00
50942 2.895105e+00
51058 2.895098e+00
51216 2.895045e+00
51518 2.895028e+00
51534 2.895002e+00
51556 2.894997e+00
51587 2.894943e+00
51770 2.894934e+00
51833 2.894892e+00
51979 2.894858e+00
52069 2.894846e+00
52133 2.894816e+00
52345 2.894765e+00
52588 2.894740e+00
52717 2.894715e+00
52802 2.894709e+00
52841 2.894707e+00
52962 2.894706e+00
52969 2.894649e+00
53142 2.894623e+00
53162 2.894610e+00
53208 2.894593e+00
53219 2.894589e+00
53403 2.894587e+00
53441 2.894585e+00
53459 2.894569e+00
53513 2.894547e+00
53560 2.894546e+00
53611 2.894530e+00
53644 2.894497e+00
53698 2.894483e+00
53830 2.894478e+00
53837 2.894474e+00
53946 2.894467e+00
53976 2.894460e+00
54061 2.894429e+00
54221 2.894427e+00
54306 2.894408e+00
54324 2.894407e+00
54431 2.894396e+00
54575 2.894391e+00
54578 2.894382e+00
54690 2.894366e+00
54696 2.894359e+00
54741 2.894353e+00
54788 2.894344e+00
55002 2.894327e+00
55046 2.894324e+00
55236 2.894310e+00
55394 2.894304e+00
55412 2.894296e+00
55461 2.894293e+00
55581 2.894293e+00
55601 2.894289e+00
55611 2.894282e+00
55657 2.894273e+00
55751 2.894263e+00
56043 2.894254e+00
56426 2.894254e+00
56569 2.894251e+00
56661 2.894248e+00
57040 2.894247e+00
57112 2.894247e+00
57152 2.894247e+00
57183 2.894246e+00
57240 2.894246e+00
57278 2.894246e+00
57287 2.894245e+00
57505 2.894245e+00
57583 2.894245e+00
57663 2.894245e+00
57736 2.894245e+00
57999 2.894245e+00
58101 2.894245e+00
58179 2.894245e+00
58197 2.894245e+00
58300 2.894245e+00
58421 2.894245e+00
58429 2.894245e+00
58508 2.894245e+00
58514 2.894244e+00
58626 2.894244e+00
58682 2.894244e+00
58766 2.894244e+00
58775 2.894244e+00
58862 2.894244e+00
58972 2.894244e+00
59023 2.894244e+00
59167 2.894244e+00
59208 2.894244e+00
59223 2.894244e+00
59264 2.894244e+00
59479 2.894244e+00
59584 2.894244e+00
59636 2.894244e+00
59674 2.894244e+00
59873 2.894243e+00
59881 2.894243e+00
60078 2.894243e+00
60101 2.894243e+00
60171 2.894243e+00
60236 2.894242e+00
60318 2.894242e+00
60418 2.894242e+00
60528 2.894242e+00
60539 2.894241e+00
60551 2.894241e+00
60672 2.894241e+00
60701 2.894240e+00
60703 2.894240e+00
60774 2.894240e+00
60797 2.894240e+00
60806 2.894239e+00
61300 2.894239e+00
61327 2.894238e+00
61459 2.894238e+00
61464 2.894238e+00
61502 2.894238e+00
61506 2.894236e+00
61640 2.894236e+00
61855 2.894236e+00
61884 2.894234e+00
61963 2.894233e+00
62051 2.894232e+00
62158 2.894231e+00
62281 2.894228e+00
62587 2.894228e+00
62697 2.894228e+00
62782 2.894226e+00
62958 2.894224e+00
63146 2.894221e+00
63304 2.894221e+00
63331 2.894220e+00
63453 2.894220e+00
63605 2.894216e+00
63692 2.894216e+00
63773 2.894215e+00
63836 2.894214e+00
63852 2.894214e+00
63963 2.894211e+00
64082 2.894209e+00
64231 2.894208e+00
64232 2.894205e+00
64438 2.894205e+00
64498 2.894203e+00
64660 2.894202e+00
64813 2.894199e+00
64934 2.894198e+00
64985 2.894197e+00
65069 2.894193e+00
65140 2.894190e+00
65286 2.894189e+00
65349 2.894188e+00
65423 2.894187e+00
65459 2.894187e+00
65491 2.894185e+00
65667 2.894184e+00
65674 2.894180e+00
65850 2.894177e+00
65857 2.894170e+00
66043 2.894169e+00
66180 2.894166e+00
66291 2.894164e+00
66305 2.894161e+00
66350 2.894158e+00
66519 2.894150e+00
66744 2.894148e+00
66786 2.894145e+00
66806 2.894145e+00
66831 2.894144e+00
66859 2.894140e+00
66993 2.894135e+00
67131 2.894135e+00
67152 2.894132e+00
67308 2.894123e+00
67612 2.894116e+00
67655 2.894113e+00
67737 2.894112e+00
67807 2.894105e+00
67901 2.894100e+00
67918 2.894100e+00
67970 2.894100e+00
68074 2.894090e+00
68097 2.894079e+00
68353 2.894078e+00
68593 2.894070e+00
68756 2.894064e+00
68806 2.894063e+00
68870 2.894061e+00
68926 2.894059e+00
69026 2.894056e+00
69045 2.894047e+00
69207 2.894033e+00
69448 2.894031e+00
69517 2.894024e+00
69529 2.894022e+00
69648 2.894018e+00
69720 2.894016e+00
69853 2.894004e+00
70067 2.893998e+00
70077 2.893995e+00
70148 2.893980e+00
70456 2.893976e+00
70505 2.893975e+00
70586 2.893975e+00
70626 2.893973e+00
70634 2.893967e+00
70710 2.893953e+00
70726 2.893953e+00
70843 2.893952e+00
70999 2.893944e+00
71127 2.893942e+00
71173 2.893939e+00
71208 2.893930e+00
71217 2.893924e+00
71230 2.893923e+00
71301 2.893923e+00
71380 2.893923e+00
71382 2.893913e+00
71439 2.893907e+00
71455 2.893896e+00
71639 2.893892e+00
71672 2.893885e+00
71735 2.893878e+00
71741 2.893875e+00
71900 2.893861e+00
71901 2.893857e+00
71913 2.893854e+00
71947 2.893851e+00
72033 2.893850e+00
72134 2.893834e+00
72287 2.893824e+00
72397 2.893821e+00
72462 2.893812e+00
72545 2.893793e+00
72709 2.893792e+00
72749 2.893792e+00
72790 2.893790e+00
72856 2.893787e+00
72873 2.893783e+00
72875 2.893762e+00
73040 2.893755e+00
73128 2.893731e+00
73383 2.893724e+00
73460 2.893689e+00
73920 2.893681e+00
73944 2.893679e+00
73946 2.893675e+00
73991 2.893671e+00
74023 2.893651e+00
74050 2.893631e+00
74382 2.893620e+00
74392 2.893615e+00
74497 2.893609e+00
74535 2.893588e+00
74746 2.893580e+00
74835 2.893562e+00
74994 2.893560e+00
75116 2.893537e+00
75262 2.893521e+00
75418 2.893517e+00
75471 2.893479e+00
75561 2.893473e+00
75909 2.893454e+00
76109 2.893440e+00
76120 2.893437e+00
76205 2.893413e+00
76341 2.893391e+00
76484 2.893370e+00
76513 2.893355e+00
76630 2.893339e+00
76686 2.893335e+00
76768 2.893294e+00
77161 2.893269e+00
77344 2.893262e+00
77388 2.893237e+00
77527 2.893227e+00
77653 2.893224e+00
77717 2.893211e+00
77855 2.893206e+00
77916 2.893203e+00
77935 2.893188e+00
78038 2.893185e+00
78100 2.893179e+00
78164 2.893169e+00
78322 2.893161e+00
78378 2.893155e+00
78433 2.893124e+00
78709 2.893109e+00
78907 2.893106e+00
78935 2.893091e+00
78947 2.893062e+00
79198 2.893054e+00
79257 2.893033e+00
79293 2.893029e+00
79414 2.893021e+00
79581 2.893009e+00
79663 2.892992e+00
79701 2.892982e+00
79911 2.892964e+00
80019 2.892944e+00
80025 2.892935e+00
80140 2.892921e+00
80198 2.892908e+00
80539 2.892892e+00
80646 2.892885e+00
80765 2.892884e+00
80774 2.892874e+00
80794 2.892873e+00
80869 2.892857e+00
80874 2.892850e+00
81114 2.892846e+00
81115 2.892844e+00
81117 2.892839e+00
81167 2.892836e+00
81173 2.892828e+00
81266 2.892803e+00
81453 2.892802e+00
81497 2.892794e+00
81573 2.892787e+00
81662 2.892769e+00
81851 2.892765e+00
81924 2.892757e+00
81932 2.892741e+00
82135 2.892720e+00
82380 2.892719e+00
82384 2.892710e+00
82594 2.892710e+00
82607 2.892703e+00
82753 2.892695e+00
82857 2.892688e+00
82900 2.892687e+00
82907 2.892685e+00
82956 2.892676e+00
82965 2.892671e+00
83020 2.892669e+00
83192 2.892665e+00
83205 2.892663e+00
83229 2.892661e+00
83275 2.892651e+00
83379 2.892640e+00
83544 2.892636e+00
83654 2.892630e+00
83722 2.892625e+00
83817 2.892620e+00
83942 2.892618e+00
84049 2.892605e+00
84058 2.892594e+00
84409 2.892587e+00
84615 2.892587e+00
84633 2.892573e+00
84636 2.892570e+00
84720 2.892563e+00
84869 2.892558e+00
85006 2.892551e+00
85079 2.892551e+00
85130 2.892551e+00
85132 2.892548e+00
85184 2.892540e+00
85348 2.892534e+00
85371 2.892530e+00
85443 2.892527e+00
85476 2.892526e+00
85638 2.892525e+00
85642 2.892518e+00
85809 2.892510e+00
86048 2.892507e+00
86049 2.892502e+00
86068 2.892501e+00
86073 2.892491e+00
86147 2.892484e+00
86289 2.892479e+00
86319 2.892476e+00
86354 2.892466e+00
86761 2.892462e+00
86963 2.892449e+00
87196 2.892442e+00
87389 2.892437e+00
87610 2.892436e+00
87678 2.892424e+00
87963 2.892420e+00
88006 2.892415e+00
88163 2.892406e+00
88293 2.892405e+00
88483 2.892402e+00
88503 2.892401e+00
88664 2.892400e+00
88700 2.892399e+00
88734 2.892398e+00
88815 2.892396e+00
88923 2.892392e+00
88973 2.892391e+00
89021 2.892387e+00
89109 2.892382e+00
89240 2.892379e+00
89561 2.892379e+00
89635 2.892376e+00
89752 2.892376e+00
89771 2.892376e+00
89804 2.892374e+00
89872 2.892374e+00
89888 2.892371e+00
89936 2.892369e+00
89988 2.892368e+00
90184 2.892366e+00
90239 2.892365e+00
90258 2.892364e+00
90298 2.892363e+00
90571 2.892361e+00
90603 2.892361e+00
90632 2.892360e+00
90645 2.892358e+00
90678 2.892350e+00
90941 2.892346e+00
91249 2.892345e+00
91267 2.892343e+00
91474 2.892340e+00
91675 2.892339e+00
91732 2.892339e+00
91739 2.892338e+00
91875 2.892337e+00
91933 2.892335e+00
92121 2.892335e+00
92273 2.892335e+00
92317 2.892331e+00
92374 2.892330e+00
92503 2.892328e+00
92639 2.892326e+00
92866 2.892326e+00
92907 2.892326e+00
93073 2.892325e+00
93299 2.892324e+00
93317 2.892324e+00
93383 2.892323e+00
93443 2.892322e+00
93588 2.892322e+00
93804 2.892322e+00
93805 2.892321e+00
94078 2.892321e+00
94154 2.892321e+00
94305 2.892320e+00
94341 2.892320e+00
94365 2.892320e+00
94386 2.892320e+00
94388 2.892320e+00
94389 2.892319e+00
94425 2.892319e+00
94549 2.892319e+00
94651 2.892318e+00
94775 2.892318e+00
94834 2.892318e+00
94941 2.892318e+00
95179 2.892317e+00
95237 2.892317e+00
95336 2.892317e+00
95580 2.892317e+00
95721 2.892317e+00
95877 2.892316e+00
96013 2.892316e+00
96076 2.892316e+00
96140 2.892316e+00
96221 2.892316e+00
96398 2.892316e+00
96461 2.892316e+00
96654 2.892316e+00
96874 2.892316e+00
96908 2.892316e+00
97084 2.892316e+00
97090 2.892316e+00
97166 2.892316e+00
97278 2.892316e+00
97487 2.892316e+00
97549 2.892316e+00
97598 2.892316e+00
97602 2.892316e+00
97674 2.892316e+00
97763 2.892316e+00
97901 2.892316e+00
97916 2.892316e+00
97935 2.892316e+00
97972 2.892316e+00
98128 2.892316e+00
98140 2.892316e+00
98281 2.892316e+00
98312 2.892316e+00
98504 2.892316e+00
98635 2.892316e+00
98708 2.892316e+00
98716 2.892316e+00
98756 2.892316e+00
98758 2.892316e+00
98845 2.892316e+00
98921 2.892316e+00
98977 2.892316e+00
99161 2.892316e+00
99224 2.892316e+00
99265 2.892316e+00
99464 2.892316e+00
99569 2.892316e+00
99658 2.892316e+00
99674 2.892316e+00
99733 2.892316e+00
99836 2.892316e+00
99953 2.892316e+00
99959 2.892316e+00
99990 2.892316e+00
