1 4.535599e+02
7 2.120087e+02
158 1.959335e+02
178 1.916018e+02
206 1.746923e+02
249 1.430231e+02
257 1.097342e+02
284 7.848785e+01
334 7.231829e+01
550 6.883151e+01
632 6.882117e+01
644 6.252193e+01
806 5.807143e+01
928 5.318658e+01
1118 5.140351e+01
1188 4.179093e+01
1369 4.076617e+01
1610 3.962128e+01
2021 3.863970e+01
2139 3.733133e+01
2280 3.562143e+01
2344 2.795760e+01
2435 2.650028e+01
2637 2.627578e+01
2650 2.499916e+01
2669 2.380652e+01
2682 2.342127e+01
2690 1.516935e+01
2802 1.012008e+01
2975 8.595913e+00
3001 8.103802e+00
3007 7.926764e+00
3044 7.817550e+00
3074 7.636583e+00
3082 7.355954e+00
3124 6.890583e+00
3191 6.610950e+00
3210 6.472844e+00
3247 6.459681e+00
3266 6.364416e+00
3269 6.296159e+00
3290 6.243214e+00
3321 6.237930e+00
3332 6.232808e+00
3342 6.194532e+00
3370 6.147148e+00
3410 6.119940e+00
3434 6.111535e+00
3441 6.098319e+00
3471 6.096379e+00
3503 6.056246e+00
3533 6.024881e+00
3561 6.017971e+00
3566 6.015518e+00
3606 5.998691e+00
3631 5.995344e+00
3665 5.987669e+00
3743 5.979851e+00
3767 5.978159e+00
3791 5.975835e+00
3813 5.973338e+00
3871 5.972828e+00
3920 5.972307e+00
3967 5.971576e+00
4003 5.971498e+00
4018 5.971401e+00
4044 5.971069e+00
4062 5.971061e+00
4074 5.970803e+00
4087 5.970762e+00
4095 5.970761e+00
4110 5.970744e+00
4125 5.970433e+00
4148 5.970272e+00
4157 5.970236e+00
4175 5.970229e+00
4181 5.970103e+00
4202 5.969933e+00
4225 5.969871e+00
4313 5.969824e+00
4363 5.969812e+00
4368 5.969788e+00
4381 5.969757e+00
4574 5.969757e+00
4642 5.969757e+00
4648 5.969754e+00
4721 5.969754e+00
4723 5.969753e+00
4740 5.969752e+00
4764 5.969751e+00
4770 5.969751e+00
4836 5.969750e+00
4843 5.969750e+00
4903 5.969750e+00
4976 5.969750e+00
4979 5.969750e+00
4981 5.969750e+00
4985 5.969750e+00
5008 5.969750e+00
5038 5.969749e+00
5111 5.969749e+00
5163 5.969749e+00
5178 5.969749e+00
5180 5.969749e+00
5269 5.969749e+00
5342 5.969749e+00
5374 5.969749e+00
5452 5.969749e+00
5469 5.969749e+00
5483 5.969749e+00
5492 5.969749e+00
5577 5.969749e+00
5604 5.969749e+00
5645 5.969749e+00
5677 5.969749e+00
5760 5.969749e+00
5812 5.969749e+00
5928 5.969749e+00
5933 5.969749e+00
5947 5.969749e+00
6003 5.969749e+00
6014 5.969749e+00
6019 5.969749e+00
6040 5.969749e+00
6075 5.969749e+00
6115 5.969749e+00
6130 5.969749e+00
6163 5.969749e+00
13031 4.363728e+00
13041 4.319917e+00
13090 3.340469e+00
13121 3.031200e+00
13250 1.673359e+00
13352 1.485884e+00
13697 1.418348e+00
13746 1.253489e+00
13872 1.194799e+00
13977 1.152831e+00
14095 1.149701e+00
14121 1.125259e+00
14132 1.117386e+00
14156 1.115877e+00
14236 1.086378e+00
14257 1.053313e+00
14259 1.033975e+00
14407 1.030083e+00
14529 1.025752e+00
14582 1.017832e+00
14713 1.011321e+00
14734 1.008310e+00
14779 1.004492e+00
14906 1.004294e+00
14942 1.001436e+00
14962 9.990478e-01
46313 9.972643e-01
46611 9.969348e-01
46668 9.966791e-01
46840 9.960652e-01
46877 9.958097e-01
46929 9.956210e-01
46957 9.954769e-01
47145 9.954077e-01
47164 9.952885e-01
47285 9.951963e-01
47390 9.951159e-01
47400 9.950570e-01
47632 9.950444e-01
47711 9.950309e-01
47755 9.950090e-01
47814 9.950039e-01
47853 9.950032e-01
47908 9.949974e-01
47950 9.949914e-01
47960 9.949808e-01
48015 9.949805e-01
48067 9.949719e-01
48096 9.949708e-01
48298 9.949680e-01
48331 9.949661e-01
48432 9.949656e-01
48496 9.949645e-01
48570 9.949620e-01
48755 9.949610e-01
48880 9.949601e-01
48885 9.949600e-01
48976 9.949600e-01
49108 9.949599e-01
49131 9.949595e-01
49228 9.949593e-01
49333 9.949592e-01
49505 9.949592e-01
49556 9.949591e-01
49885 9.949591e-01
49887 9.949591e-01
49915 9.949591e-01
49925 9.949591e-01
49967 9.949591e-01
50064 9.949591e-01
50093 9.949591e-01
50180 9.949591e-01
50219 9.949591e-01
50236 9.949591e-01
50275 9.949591e-01
50416 9.949591e-01
50516 9.949591e-01
50646 9.949591e-01
50682 9.949591e-01
50838 9.949591e-01
50958 9.949591e-01
50961 9.949591e-01
50994 9.949591e-01
51082 9.949591e-01
51099 9.949591e-01
51121 9.949591e-01
51125 9.949591e-01
51147 9.949591e-01
51298 9.949591e-01
51302 9.949591e-01
51341 9.949591e-01
51365 9.949591e-01
51554 9.949591e-01
51583 9.949591e-01
51607 9.949591e-01
51630 9.949591e-01
51731 9.949591e-01
51750 9.949591e-01
51763 9.949591e-01
51770 9.949591e-01
51918 9.949591e-01
51946 9.949591e-01
51982 9.949591e-01
52042 9.949591e-01
52043 9.949591e-01
52049 9.949591e-01
52094 9.949591e-01
52145 9.949591e-01
52178 9.949591e-01
52270 9.949591e-01
66404 8.408872e-01
66452 7.480664e-01
66545 3.264222e-01
66906 2.953466e-01
66967 2.440077e-01
67090 2.396101e-01
67164 1.820405e-01
67344 1.397003e-01
67431 1.334335e-01
67470 9.510184e-02
67494 8.867996e-02
67683 3.755760e-02
67899 3.146429e-02
68178 2.861325e-02
68223 2.752215e-02
68274 1.902591e-02
68307 1.457611e-02
68391 9.383936e-03
68514 5.276764e-03
68686 5.006526e-03
68928 4.882184e-03
68987 2.725537e-03
69110 2.364518e-03
69323 1.983073e-03
69389 1.640325e-03
69393 1.317142e-03
69520 8.143355e-04
69750 7.568693e-04
69753 7.359759e-04
69884 5.717232e-04
69955 4.002855e-04
70148 3.814159e-04
70381 3.647686e-04
70396 3.576669e-04
70432 3.305794e-04
70448 3.153680e-04
70514 1.188018e-04
70768 1.156751e-04
70807 1.112731e-04
70858 1.017888e-04
70946 9.328016e-05
70952 9.289750e-05
70955 9.087962e-05
70967 4.836466e-05
70969 4.427197e-05
71100 3.571665e-05
71431 2.845439e-05
71620 2.193395e-05
71654 1.845706e-05
71728 1.752030e-05
71818 1.640581e-05
71877 1.465919e-05
71968 1.126593e-05
72017 7.450322e-06
72337 6.159561e-06
72343 3.684932e-06
72443 3.386846e-06
72545 2.379611e-06
72729 2.185140e-06
72752 2.141368e-06
72758 1.830208e-06
72940 1.256853e-06
73048 1.214160e-06
73066 1.175789e-06
73136 8.591513e-07
73142 8.236054e-07
73162 7.441466e-07
73181 3.523719e-07
73711 3.111112e-07
73722 3.008506e-07
73731 2.922734e-07
73742 2.636839e-07
73803 2.467998e-07
73914 2.381462e-07
73938 1.534693e-07
73990 1.302966e-07
74135 9.419963e-08
74229 4.455875e-08
74307 3.538271e-08
74584 3.468846e-08
74653 3.045323e-08
74729 1.924891e-08
74920 1.793664e-08
75006 1.472945e-08
75128 1.108532e-08
75132 1.094138e-08
75137 8.285775e-09
