1 5.560468e+02
8 4.726573e+02
16 4.679620e+02
32 4.127513e+02
44 3.593478e+02
64 3.528279e+02
83 2.859070e+02
165 2.641679e+02
172 2.635379e+02
177 2.285651e+02
179 1.946854e+02
195 1.682071e+02
235 1.317564e+02
249 1.239783e+02
268 1.205749e+02
327 8.662513e+01
434 8.547192e+01
464 8.325260e+01
531 7.996652e+01
572 7.595201e+01
616 7.004908e+01
639 4.392991e+01
1369 3.630255e+01
1487 3.262870e+01
1538 3.100127e+01
1587 2.803672e+01
1611 2.421208e+01
1624 2.205058e+01
1681 1.485208e+01
1729 1.050845e+01
1737 1.009801e+01
1788 8.976141e+00
1829 7.530305e+00
1962 6.951856e+00
2039 5.772736e+00
2044 5.340888e+00
2128 5.338660e+00
2151 5.021747e+00
2152 4.281986e+00
2224 4.182366e+00
2234 4.162613e+00
2274 4.145047e+00
2335 4.124528e+00
2362 4.107628e+00
2407 4.093275e+00
2423 4.086018e+00
2439 4.042478e+00
2441 4.017757e+00
2514 4.014898e+00
2536 4.002082e+00
2552 4.000912e+00
2564 3.995152e+00
2621 3.989365e+00
2689 3.983904e+00
2730 3.982426e+00
2789 3.982247e+00
2822 3.982199e+00
2834 3.980620e+00
2902 3.980428e+00
2952 3.980388e+00
2956 3.980286e+00
2990 3.980218e+00
3004 3.980112e+00
3081 3.980090e+00
3090 3.980027e+00
3133 3.979991e+00
3160 3.979970e+00
3186 3.979961e+00
3191 3.979910e+00
3218 3.979897e+00
3241 3.979875e+00
3346 3.979856e+00
3359 3.979852e+00
3418 3.979850e+00
3419 3.979847e+00
3448 3.979845e+00
3475 3.979842e+00
3559 3.979842e+00
3561 3.979841e+00
3562 3.979840e+00
3585 3.979839e+00
3626 3.979838e+00
3633 3.979838e+00
3663 3.979838e+00
3670 3.979837e+00
3714 3.979837e+00
3725 3.979837e+00
3743 3.979837e+00
3818 3.979837e+00
3823 3.979836e+00
3868 3.979836e+00
3907 3.979836e+00
3953 3.979836e+00
3978 3.979836e+00
4008 3.979836e+00
4018 3.979836e+00
4029 3.979836e+00
4042 3.979836e+00
4127 3.979836e+00
4180 3.979836e+00
4184 3.979836e+00
4276 3.979836e+00
4302 3.979836e+00
4304 3.979836e+00
4318 3.979836e+00
4343 3.979836e+00
4349 3.979836e+00
4354 3.979836e+00
4381 3.979836e+00
4388 3.979836e+00
4424 3.979836e+00
4428 3.979836e+00
4434 3.979836e+00
4511 3.979836e+00
4513 3.979836e+00
4551 3.979836e+00
4581 3.979836e+00
4587 3.979836e+00
4591 3.979836e+00
4596 3.979836e+00
4597 3.979836e+00
4599 3.979836e+00
4673 3.979836e+00
4683 3.979836e+00
4750 3.979836e+00
4788 3.979836e+00
4823 3.979836e+00
4879 3.979836e+00
4956 3.979836e+00
12135 3.706395e+00
12223 3.555643e+00
12288 2.695934e+00
12344 2.419505e+00
12541 2.315303e+00
12584 1.880018e+00
12639 1.803818e+00
12722 1.486803e+00
12732 1.383038e+00
12792 1.371117e+00
12908 1.214901e+00
13135 1.153413e+00
13189 1.105085e+00
13274 1.096581e+00
13384 1.053133e+00
13429 1.045109e+00
13586 1.042999e+00
13656 1.042734e+00
13657 1.029078e+00
13695 1.021931e+00
13703 1.019232e+00
13730 1.018192e+00
13789 1.017572e+00
13817 1.016260e+00
13892 1.012850e+00
13932 1.010327e+00
13979 1.009920e+00
14030 1.009604e+00
14057 1.008872e+00
14067 1.008736e+00
14085 1.006979e+00
14107 1.001780e+00
14213 9.968512e-01
14396 9.963769e-01
14548 9.961283e-01
14730 9.958605e-01
14766 9.955512e-01
14845 9.954159e-01
14998 9.952530e-01
65625 9.846277e-01
65723 4.648478e-01
66489 4.096250e-01
66492 3.900055e-01
66497 3.149065e-01
66511 2.775677e-01
66736 2.209412e-01
66762 1.837982e-01
66961 1.575467e-01
67058 1.186763e-01
67238 1.036849e-01
67249 7.416150e-02
67313 6.704340e-02
67494 6.599867e-02
67496 6.566881e-02
67558 5.375493e-02
67582 5.098696e-02
67600 4.212342e-02
67658 2.736007e-02
67755 2.301505e-02
67957 1.163234e-02
68341 5.572563e-03
68529 4.462931e-03
68773 4.436913e-03
68784 3.460755e-03
68870 3.178476e-03
68964 2.290065e-03
69119 2.155302e-03
69205 1.241450e-03
69326 9.793459e-04
69330 8.991532e-04
69490 6.975699e-04
69720 4.910536e-04
69922 3.461791e-04
70125 3.257540e-04
70134 3.233092e-04
70175 2.328967e-04
70229 9.900048e-05
70566 8.319446e-05
70807 6.088308e-05
70850 5.673628e-05
70926 3.039745e-05
71114 2.702313e-05
71342 2.358399e-05
71377 2.321684e-05
71504 2.282975e-05
71515 1.084785e-05
71635 9.324242e-06
71812 8.041521e-06
71813 6.378892e-06
71974 5.853929e-06
72144 5.384096e-06
72240 4.643785e-06
72329 2.273040e-06
72530 1.644513e-06
72532 1.458864e-06
72602 1.393723e-06
72770 1.209810e-06
72783 1.021654e-06
72917 9.639944e-07
72929 9.137690e-07
72942 7.208681e-07
73020 6.947338e-07
73127 5.559204e-07
73204 5.424103e-07
73250 4.566407e-07
73363 3.621982e-07
73388 3.595011e-07
73515 3.571012e-07
73548 2.537383e-07
73584 2.338023e-07
73604 2.277224e-07
73617 2.137507e-07
73713 1.306434e-07
73819 1.138065e-07
73941 7.156546e-08
74120 7.054018e-08
74149 6.083835e-08
74320 5.646823e-08
74355 5.332180e-08
74357 4.598486e-08
74376 2.897153e-08
74531 2.366107e-08
74623 1.798428e-08
74780 1.595126e-08
74801 1.205136e-08
74966 1.052378e-08
75000 8.236947e-09
