1.7973755448446038E9 4.632135292361696E9 2.1174786050592094E10 1.2198699346377347E9 2.866732821932565E9 1.518542695111083E9 8.444213454252989E8 8336462.276131881 33426.37067396286 8318.858760253755 4478.109901943381 3472.124128031749 2798.1962035016577 2516.6028173783056 2425.836936354919 2354.7090926249175 2349.408363222674 
5.826033922387875E10 2.4433726534270186E9 6.108877100762076E9 1.07292502130914E9 2.3110145848479047E9 1.0414459343478396E9 1.062374727692975E9 2.27509093371597E7 56241.67603309812 8735.650578678715 5140.875091276371 3864.60382348275 3405.429179975863 3119.5044304505436 2890.736265605044 2856.662597695494 2854.618946428627 
7.548526221388355E9 4.91585102327943E9 1.9558207798092818E9 1.6848280190383503E9 1.973382452358995E10 6.394227810198249E8 6.785485289340029E8 1.3871834705102088E7 36309.19689382047 9046.92183842228 5778.895755305084 4632.328427223032 4153.31847096148 3962.4935199734373 3816.344613641535 3789.342748718658 3788.3807362312164 
7.057715790067831E10 5.601881005031287E9 8.307362893168978E9 1.0181817506238234E9 6.826884240548897E9 7.617427628538922E8 8.888125362346052E8 9176662.754166996 47419.408279457035 9422.217467842254 5326.076148028127 3662.1893695968374 3189.315452484656 2956.1563357460386 2669.259216927053 2516.9821517713044 2421.4057514410733 
1.8859020720934467E10 4.099118743364281E9 2.6602495416807453E10 1.5390714738887954E9 3.8530582753433366E9 1.7624299218339505E9 9.78700821970338E8 1.7029000539714407E7 31080.235535211694 7851.006223296708 4833.301524505609 3623.9669381287904 3259.0302743651437 3093.5581251398526 2888.8919932489343 2860.746067122781 2841.9409184093797 
3.229714742192003E9 2.4998914800506663E9 1.7248331485726807E10 1.911594488401782E9 1.8014120462034096E10 9.960016048711456E8 1.0060636055784119E9 1.5399474899677753E7 46675.98246864184 8782.904450757651 5372.979309039165 4159.18467636457 3750.2220389633057 3479.9500878805147 3308.1661981575708 3295.823151008224 3295.3288268804936 
9.430237505163677E9 3.8413281671830077E9 5.761411556493779E9 2.2182981743025723E9 2.680133307146935E9 1.7054602781053438E9 3.1178987845213985E8 2.5127148101511933E7 47418.2818250592 7598.409083291739 4946.482468587673 3850.090259629822 3361.9524772769655 3229.5221296860273 3128.4681215484743 3109.279221141269 3099.9320057749264 
3.999083300967908E10 5.138995697669632E9 6.571932383365877E9 2.145074251315114E9 5.699406517332766E9 1.2203947068195395E9 8.659939810894655E8 1.7696733426050752E7 51547.38609750488 9298.78969543477 5215.10347081651 4202.09318380842 3680.511269947019 3462.0427469786064 3324.6195973390477 3282.5955359902637 3224.35039166973 
5.2502651798784645E10 3.7502809638539233E9 2.956763019230982E9 1.2877777074537046E9 4.737411985987922E10 1.1905221580391824E9 3.552209912886467E8 2.4532323205324087E7 56255.540873499995 10674.142093479164 5607.890532392356 4210.66643627731 3737.1676929457844 3502.1481466911328 3286.060795362486 3172.2889588002427 3146.708669358637 
5.927542368232403E10 3.67854055216656E9 7.62016755383223E9 3.164960953721939E9 6.299341106076548E9 1.7543109036563509E9 8.74841329898252E8 6786716.684879067 45067.98691015243 8795.256568229197 5014.002123610148 3644.0946390811387 2976.379345468078 2794.5392440147166 2624.910810672506 2605.3271837954485 2592.1767866800196 
1.5138539431519821E10 4.011815126979326E9 3.674224839691377E9 1.1955081045827973E9 1.5293496425426563E10 5.646970097812067E8 8.472958095198067E8 3.2947175611176003E7 50860.72497062049 9773.232843789465 4819.775833999711 3766.224325671451 3213.865363127021 2998.4341311718713 2864.7304117963286 2835.6821251399547 2816.3187453345217 
1.140644424284749E10 2.821805848539616E9 7.713783236440933E9 1.937072591500729E9 9.31502259322958E9 6.71350168094751E8 1.149916058411808E9 1.8631323589117717E7 49896.58101892501 10588.632419068135 5417.79860989867 3889.2404523820187 3373.1631081973155 3237.579993744439 3068.183444306249 3004.86627987278 2994.382246636837 
7.5946622854945965E9 2.1046762852425344E9 2.948776284928553E9 1.9783603764960406E9 2.7559714656687786E10 6.22818617410627E8 4.426427240001992E8 1.4432315824879622E7 53449.52451650275 9638.516816613279 5959.449126734965 4572.617576963515 4039.961823454436 3874.4497189227513 3794.421361199905 3756.9576619857844 3755.433899996314 
2.009906148050744E10 2.8914913874349494E9 1.3747987692765291E10 6.134691090152506E8 1.9513530088921986E9 9.38168724229616E8 7.418336760200553E8 1.292416936776578E7 39616.924283431654 9323.736398444413 5523.604859252872 3890.0718050845353 3045.890267909267 2756.924325311755 2615.9398460763086 2571.840156366088 2558.4207417024927 
2.5676034320476868E10 2.702772707115729E9 1.6289171689855482E10 1.6709841439159603E9 6.882630430909895E9 1.2523488604919562E9 1.0811087850647216E9 1.1111215775944421E7 42639.77511353635 7315.225370069325 4963.682318749459 3943.9685251778374 3502.1959848074066 3378.554912045257 3311.4053695449 3272.3783764552336 3244.6098897721295 
6.175656029120622E9 3.4795951132782426E9 1.161720233031758E10 1.9516309850600855E9 2.4705940278673447E10 1.0239546518392891E9 7.482071203940375E8 1.5557288012918023E7 43109.85475604879 10088.336932993187 5828.207083944091 4395.5068050554 3900.4486020050945 3675.505390066108 3547.320132497207 3526.9360341498614 3515.5353007406447 
1.9765411497482338E10 3.306103651229609E9 5.548267547323097E9 1.3549862990198603E9 5.701704034041536E9 8.07513877032032E8 5.1806031255536276E8 1.218562896461652E7 45585.03255832787 8832.933303275462 5266.951731589746 4315.059825286462 4079.526368697225 3976.381962356825 3904.618450358823 3864.2399331988 3824.278161603619 
2.7349100152842297E10 2.171273494170663E9 6.723313022808455E9 1.2954994384322264E9 7.564996131328131E9 1.2325891823939683E9 4.9081434027231026E8 2.585150543860581E7 54477.95610836812 10377.545924577733 5475.937581355723 4297.283927825472 3465.161426764089 3159.0465551688576 2943.557464972205 2925.8964588615454 2918.267475646588 
3.6691137316351347E9 3.2608864988019443E9 1.1498127099425032E10 1.869693719395643E9 4.93650354523708E9 1.6806738916377017E9 1.6191168200404005E9 3.87632870867908E7 42279.275554005995 9621.08587903982 5095.289254624099 3579.807967095172 3057.1081648849968 2789.7495241161187 2574.916414756831 2552.008431944693 2550.687260269997 
1.815204729543646E10 4.112212085522082E9 4.2185079834006925E9 2.217126846666518E9 1.7487264309324853E9 6.22894171802929E8 1.2140400548118508E9 2.1003058167074744E7 40136.8117975128 9522.15501205638 6045.922130673256 4659.250606304817 3921.8333385631577 3625.4918417509034 3411.8758232626587 3354.3476976180173 3349.5321279705604 
6.684901778803321E10 2.2774183119452014E9 9.25900504168041E9 1.2023472833408396E9 5.118776292893409E9 2.1367720254389818E9 6.036801042858347E8 2.555000848622266E7 47609.66170430008 10926.332881435843 5592.572357046907 3972.3162681429694 3458.2845205176545 3196.2994369501184 3115.40562149166 3081.7801163752447 3047.914024608279 
7.861906640270518E9 4.773553733571423E9 3.0602064835896516E9 2.287529044502244E9 1.248201809765016E10 1.9499400161732996E9 5.133175307970705E8 9765031.130785484 51373.37467643058 8866.4179819978 5178.029649214564 3890.148198559382 3482.8997389692313 3340.9151300478534 3271.7091264139426 3182.8594306262157 3176.2292080187945 
2.4722890956314075E10 4.746988831099745E9 7.125164106537703E9 2.586003477681493E9 9.183805785769932E9 1.3669449488592863E9 1.3224200212993696E9 1.0824217961928014E7 60993.45122726491 8675.469188051191 5446.615096844362 4310.502184135209 3824.8740544702086 3540.9920766246996 3412.6434066630973 3396.8067556923243 3384.9761581501953 
2.1901291500908066E10 2.227375712904219E9 1.4960921713178524E10 9.158439879722157E8 3.5291635565761666E9 9.714646630277343E8 5.0053896855530506E8 1.5726373141089218E7 59738.000000648404 10324.022023332836 5215.7243771242465 3661.48794196193 3129.7032975003094 2728.124583447079 2480.530608125971 2402.884362298273 2388.9943990990214 
1.7033753202324308E10 3.199976779661175E9 9.003437070765306E9 1.2033532980902743E9 7.948263354203909E9 1.1255284357402396E9 9.286481219989021E8 2.3279447662735946E7 48707.661843568894 9359.430463675255 5027.824982776479 3580.754068824117 2932.3259255381736 2803.781473292154 2652.215546355581 2581.6410240112027 2558.6634011844453 
1.1630154210225174E10 3.265598066295314E9 5.121018965062403E9 1.075256076721483E9 2.5889710531216003E10 2.3226290222662654E9 1.2680392832606726E9 2.5973871775516447E7 43830.930248246164 9257.26210413428 5613.895681794377 4637.329051287343 4006.8020925148858 3843.329547495612 3715.0967972943126 3680.6167231235813 3661.857795380777 
1.8374191398058643E10 1.809305959231358E9 5.4187757325083065E9 8.63561957349801E8 6.226753640201307E10 1.4434898598068876E9 6.299428718245046E8 8482668.326616209 46213.90745691159 9757.358788207815 5921.4577692543535 4086.4751598070134 3646.664423493896 3362.3245761799863 3028.3400189610843 2917.310307006723 2912.471911360334 
4.898622840737395E10 2.703772708525023E9 6.55084048705287E9 1.2872795651948457E9 1.5745876738013807E10 1.0056454145640659E9 1.7884055871480164E8 1.171611418254249E7 58534.47413773076 9886.751276292249 5593.518573515266 4336.55467463095 3867.2264922426384 3428.2727097766956 3121.672034662648 3094.016517423026 3090.3688178088314 
4.171825642262331E10 2.5029981089593754E9 1.6347091000027363E10 1.6896460627721753E9 4.713929185480102E9 1.4129496129810195E9 9.597521495088918E8 3.539025697083016E7 74109.85126361836 11890.044751575479 6547.387009361994 4810.929452227889 4152.211504214449 3911.7744620352296 3838.2895154466933 3832.846071823764 3830.497528165012 
5.633933854139999E9 1.0453985074824203E9 3.3193466357248335E9 1.465319801531452E9 1.039832635905573E10 9.068127796254958E8 3.766062312628394E8 2.8235056295328084E7 51344.390095605966 8624.611167022147 4988.264730659681 3974.6980060418136 3385.739322536575 3190.552636352135 3025.815280522642 2947.0724632133374 2930.5066183215527 
8.113868448113287E9 2.770347380642184E9 2.21882706190499E9 8.52605102786959E8 1.2038906223208408E10 5.644900944881912E8 4.5565182654072315E8 1.364815903853791E7 34886.520358784335 7983.871181085364 5023.575217212533 3740.7902874787114 3339.3258472938323 3070.7783726350617 2827.9594025284523 2728.361371811221 2705.318191567904 
1.3704443108606297E10 2.582076072721602E9 2.9747770538794036E9 1.1151155207544086E9 4.591219795517504E9 1.0381864878296161E9 8.390717143894956E8 9552852.45394532 50419.96281329746 9866.500415551694 4563.695321022424 3331.215399558392 2727.459437863772 2509.981207538205 2354.6508347499203 2337.820815186663 2322.7778628072015 
6.832432559610001E9 2.859670908057967E9 1.7902987317491634E10 4.668350837547628E9 9.97077041310333E9 2.0003990069111059E9 4.9664228311535776E8 1.950124046498744E7 53523.55049388781 8734.730818094717 5470.516955815794 3976.541075779969 3108.7944881580434 2853.1674921977437 2579.8868053894466 2504.5808086041147 2501.8837929734323 
9.900253659703154E9 4.800114549093769E9 4.532716810763673E9 1.4024433816807306E9 1.2976248849717428E10 2.539821872553006E8 4.868523559385399E8 1.2765472861160966E7 43784.48730093839 9347.888659416622 6024.38751563043 3914.140972422413 3452.4606616110887 3229.8016931359343 3019.052135401229 3002.0123835934564 2989.425513239451 
5.462164723639711E10 6.828490159060167E9 1.2000970856644117E10 1.860582416836911E9 5.782994618246619E9 1.352700605498622E9 1.0730539050533406E9 9254796.747077167 41187.85606794217 11239.922000508528 4908.821675790593 3662.6386270780004 3243.295787017203 3014.9971259641597 2737.5961585346317 2640.229492737964 2628.649045534321 
7.24939579612403E10 3.0270574369411163E9 3.2621577559481153E9 1.4016381893760743E9 3.2517989099919415E9 1.7422454702181928E9 7.077865339145606E8 1.470034318580003E7 53844.913482334596 9995.464322883287 5512.037768740059 3906.695077664175 3537.125889963081 3302.5303730677488 3086.444596722906 3013.4626297759073 3001.9225949992024 
1.8927202332410828E10 3.341203408809803E9 5.601085721341621E9 1.581202430068625E9 1.1456241617056639E10 5.662561746702064E8 9.755968908584146E8 2.0138794210567474E7 38350.397996087486 8288.34355398878 5364.486880248947 4174.85921172007 3781.556627521547 3651.675819517761 3539.8756127645775 3475.0144969897474 3397.3116271208946 
1.16740703153564E10 4.601854309196506E9 4.0449153854793572E9 1.1647937103748562E9 3.3085659343924816E10 9.59433704893041E8 7.896617833393006E8 2.963498011109064E7 69980.93345196801 10275.76575198037 5297.608062210901 4035.791766109124 3526.328988818861 3285.515813638265 3201.522380131859 3080.4364388533145 3066.54297416698 
3.446305533820045E10 3.29836613415147E9 4.390478469124972E9 1.9350571808514469E9 5.59586730600175E9 8.307271302056087E8 5.191762951751818E8 1.6409429812299717E7 57526.2518955916 9922.110363282689 6233.40291361117 4425.026285213305 3715.6892719297866 3426.953508508199 3274.592775013087 3242.552165984047 3238.176541969672 
7.347280880733908E9 4.124861178213705E9 2.1568318604735413E10 2.808945295426755E9 7.846396555322715E9 7.467388601042036E8 6.758677543486706E8 3.421106215982285E7 46478.64409806513 8892.889822638102 4879.9067379624885 3553.1614484347265 3161.5113054247086 2981.2262580414204 2722.5311444870326 2632.6082489753735 2628.2508571202807 
2.471146592762817E10 1.6065772256823037E9 7.149084772294288E9 1.835768324085532E9 1.6066972458978382E10 1.1842197756760745E9 4.885163233473249E8 2.018757067254292E7 36017.5415063128 7731.842272179785 5307.432435586126 4305.164266490328 3630.7138911514994 3489.734616780681 3436.406358274433 3427.6148289063676 3409.242493160403 
2.858206662725215E10 3.7502512040385175E9 4.681264124294393E9 1.326524995524531E9 2.5473233550205444E10 7.800087814716388E8 1.1483484566431665E9 2.724930198349885E7 42170.51406980684 8839.977483838848 4710.763276614757 3537.6001222501354 2990.8696980280106 2754.0177771359085 2621.083026679646 2539.133303816953 2535.5954212797683 
1.7015360628089586E10 4.442979085586981E9 1.9219827641455626E9 1.03145549466667E9 2.77581372306825E9 7.888427379716791E8 5.832342583995646E8 1.1102804680166056E7 47000.09724753016 9149.11344567588 6020.290368519618 4461.212677898618 3695.008167675398 3476.4717824435193 3270.852900698562 3241.4381137481914 3225.861904331825 
7.651212458817488E9 6.920549023856795E9 8.30929886353528E9 7.268291385841297E8 1.2655023275001093E10 9.842826973568835E8 1.2652747256434307E9 1.1366830247597797E7 52612.37128968474 10062.517759293667 5498.929195207599 4232.8123694604465 3815.896151300328 3561.495998042941 3424.5366941157536 3370.430443608997 3368.0527343033536 
8.992313502955606E9 3.1703809929549465E9 4.715676683125493E9 1.6552257048844056E9 2.0098882620113476E10 1.6424233416095073E9 9.34950644704824E8 1.4696334460739298E7 46494.401572962524 9793.0526440226 6389.1655107355 3986.21156413888 3463.143074154309 3210.676888332294 2981.2444216736235 2965.802244442478 2909.790350409936 
3.993879221556543E9 2.178370160886395E9 5.170415039067612E9 1.2625504607532141E9 1.7080624863033573E10 1.0288915462027855E9 4.9408225142928094E8 1.385402865615426E7 59802.658984184374 10684.695291410384 6366.4995055728905 4607.371885546278 4215.699240342349 3980.521854169615 3708.349895166287 3659.097211310035 3627.8422112310163 
1.5515227039885748E10 1.5518376079578846E9 2.6823479716394066E10 5.821670139430761E8 3.785169770414148E9 3.045363959102688E8 5.547955802764134E8 4915333.617525472 38142.183890730026 9599.594999297087 6069.216552770484 4784.123837299167 4472.273237763804 4234.496318170377 4111.576209088322 4075.3359101801325 4046.46283163076 
1.2640719102192995E10 2.533301273662451E9 3.3169727959154124E9 1.889859819102332E9 3.534611606639387E10 1.1306346490904202E9 7.021766417352527E8 1.1085155483914474E7 42156.243744647894 9449.429954360625 5924.5342850001825 4700.799706722249 4034.6660600060877 3730.4860743148347 3464.6211221524372 3356.6761447047884 3344.249800252467 
3.395073192537133E10 3.8964096448924036E9 2.890021143566903E9 4.836805586224836E8 6.181713739672985E9 1.2285778385310578E9 4.968651430229344E8 1.4385346757382851E7 56989.280437408204 8750.175329770058 4222.924140741223 3215.012650887441 2820.967175874884 2520.3018997350196 2331.3128311116407 2312.8767882683455 2311.4616349197227 
2.6108783644545876E10 1.3562439213107865E9 4.446065946404285E9 2.1285388358308754E9 1.388960969573338E10 2.136631250481191E9 1.2867355817357016E9 1.660740259319807E7 58433.28111048355 9519.496172081002 5155.0348062109015 3976.100458755209 3507.4308094036096 3229.907725854562 3022.295319673901 2970.6227799201242 2967.3332556351406 
2.2601811302175636E10 3.036743263441765E9 1.5324810417604737E9 1.0083603333960952E9 3.8152818450216684E9 4.577471590099727E8 6.872082019211465E8 1.8645385550317157E7 41118.13876616835 9870.152139233109 5578.741603310011 4472.598652476988 3915.1139399563153 3627.3382087041864 3506.192647804837 3486.7272068272687 3484.818144671961 
