1 3.756125e+03
11 3.591114e+03
18 3.492264e+03
212 3.198927e+03
252 2.580507e+03
306 2.272271e+03
316 2.236478e+03
381 2.141477e+03
385 2.026841e+03
393 1.982265e+03
411 1.748036e+03
484 1.339790e+03
514 1.332811e+03
524 1.224895e+03
553 1.128018e+03
616 9.932538e+02
695 9.642550e+02
714 9.460887e+02
748 7.902041e+02
770 7.737300e+02
809 7.439472e+02
824 7.343479e+02
846 6.253991e+02
862 5.844898e+02
938 5.486992e+02
1007 4.796272e+02
1077 4.632050e+02
1181 4.521771e+02
1199 4.084346e+02
1371 3.574879e+02
1482 2.980413e+02
1847 2.750212e+02
2200 2.745373e+02
2210 2.709840e+02
2364 2.527321e+02
4628 2.366009e+02
6018 2.288537e+02
11873 2.278100e+02
11985 2.123574e+02
12438 2.078935e+02
17252 2.068857e+02
18514 2.058084e+02
20858 2.046430e+02
21019 1.907636e+02
21999 1.371619e+02
23181 1.341034e+02
23262 1.279065e+02
23310 1.214365e+02
23413 1.087421e+02
23623 1.060634e+02
23742 1.025873e+02
23774 9.456183e+01
23779 8.966865e+01
23955 8.780359e+01
23972 8.649379e+01
24042 7.430636e+01
24106 7.341659e+01
24167 7.087882e+01
24184 6.908576e+01
24196 6.752588e+01
24230 6.442752e+01
24242 6.219354e+01
24609 6.114918e+01
24704 5.933783e+01
24763 5.436013e+01
25121 5.354946e+01
25126 5.096249e+01
25177 5.088039e+01
25240 4.917821e+01
25391 4.859441e+01
25513 4.845676e+01
25640 4.779383e+01
25751 4.762082e+01
25937 4.755021e+01
25949 4.718550e+01
26024 4.713609e+01
26065 4.685799e+01
26169 4.662697e+01
26348 4.638660e+01
26369 4.636083e+01
26471 4.634052e+01
26554 4.616455e+01
26563 4.616122e+01
26572 4.615114e+01
26648 4.605674e+01
26830 4.605380e+01
26865 4.604174e+01
26871 4.601127e+01
26880 4.594934e+01
26938 4.589887e+01
26995 4.585900e+01
27025 4.584781e+01
27041 4.583679e+01
27117 4.582268e+01
27119 4.576086e+01
27157 4.574360e+01
27193 4.573429e+01
27213 4.562350e+01
27519 4.562307e+01
27611 4.560362e+01
27618 4.558325e+01
27761 4.555783e+01
27824 4.555632e+01
27890 4.550152e+01
27960 4.548984e+01
28108 4.548139e+01
28254 4.548039e+01
28272 4.547967e+01
28279 4.547865e+01
28290 4.546274e+01
28417 4.546184e+01
28418 4.545368e+01
28483 4.544115e+01
28484 4.543537e+01
28631 4.543201e+01
28657 4.542130e+01
28836 4.542097e+01
28877 4.541944e+01
28930 4.541795e+01
28974 4.541691e+01
28987 4.541310e+01
29105 4.540749e+01
29125 4.540547e+01
29142 4.540466e+01
29165 4.540361e+01
29168 4.540051e+01
29206 4.539952e+01
29239 4.539430e+01
29262 4.539429e+01
29452 4.539112e+01
29530 4.539003e+01
29553 4.538180e+01
29637 4.537955e+01
29812 4.537928e+01
29842 4.537669e+01
29876 4.537629e+01
29937 4.537553e+01
29975 4.537536e+01
29995 4.537326e+01
30127 4.537209e+01
30142 4.537153e+01
30143 4.537073e+01
30266 4.537055e+01
30340 4.537046e+01
30408 4.536972e+01
30413 4.536954e+01
30445 4.536863e+01
30505 4.536854e+01
30584 4.536813e+01
30586 4.536726e+01
30600 4.536709e+01
30826 4.536704e+01
30848 4.536703e+01
30860 4.536665e+01
30942 4.536641e+01
30990 4.536637e+01
31005 4.536566e+01
31011 4.536541e+01
31034 4.536532e+01
31164 4.536530e+01
31205 4.536530e+01
31211 4.536514e+01
31247 4.536513e+01
31273 4.536506e+01
31291 4.536481e+01
31381 4.536464e+01
31496 4.536464e+01
31613 4.536461e+01
31749 4.536457e+01
31893 4.536454e+01
31897 4.536451e+01
31935 4.536450e+01
31973 4.536447e+01
32002 4.536444e+01
32014 4.536444e+01
32064 4.536441e+01
32073 4.536440e+01
32109 4.536437e+01
32121 4.536431e+01
32170 4.536430e+01
32242 4.536428e+01
32276 4.536425e+01
32372 4.536425e+01
32404 4.536424e+01
32409 4.536423e+01
32519 4.536422e+01
32527 4.536421e+01
32528 4.536421e+01
32583 4.536419e+01
32703 4.536419e+01
32723 4.536419e+01
32768 4.536417e+01
32885 4.536416e+01
33146 4.536415e+01
33198 4.536414e+01
33297 4.536414e+01
33302 4.536414e+01
33441 4.536414e+01
33448 4.536413e+01
33528 4.536413e+01
33580 4.536413e+01
33694 4.536413e+01
33722 4.536413e+01
33741 4.536413e+01
33788 4.536412e+01
33929 4.536412e+01
33995 4.536412e+01
34016 4.536412e+01
34107 4.536412e+01
34114 4.536411e+01
34134 4.536411e+01
34171 4.536411e+01
34197 4.536411e+01
34304 4.536411e+01
34361 4.536411e+01
34404 4.536411e+01
34536 4.536411e+01
34556 4.536411e+01
34581 4.536411e+01
34626 4.536411e+01
34663 4.536410e+01
34759 4.536410e+01
34772 4.536410e+01
34814 4.536410e+01
34887 4.536410e+01
34989 4.536410e+01
34997 4.536410e+01
35033 4.536410e+01
35053 4.536410e+01
35166 4.536410e+01
35257 4.536410e+01
35293 4.536410e+01
35322 4.536410e+01
35391 4.536410e+01
35507 4.536410e+01
35591 4.536410e+01
35708 4.536410e+01
35788 4.536410e+01
35857 4.536410e+01
35860 4.536410e+01
35886 4.536410e+01
35896 4.536410e+01
35979 4.536410e+01
36009 4.536410e+01
36033 4.536410e+01
36142 4.536410e+01
36184 4.536410e+01
36199 4.536410e+01
36220 4.536410e+01
36283 4.536410e+01
36606 4.536410e+01
36823 4.536410e+01
36864 4.536410e+01
36972 4.536410e+01
37055 4.536410e+01
37089 4.536410e+01
37149 4.536410e+01
37261 4.536410e+01
37308 4.536410e+01
37322 4.536410e+01
37332 4.536410e+01
37419 4.536410e+01
37445 4.536410e+01
37522 4.536410e+01
37556 4.536410e+01
37631 4.536410e+01
37671 4.536410e+01
37745 4.536410e+01
37802 4.536410e+01
37813 4.536410e+01
37816 4.536410e+01
38112 4.536410e+01
38131 4.536410e+01
38204 4.536410e+01
38343 4.536410e+01
38378 4.536410e+01
38396 4.536410e+01
38442 4.536410e+01
38452 4.536410e+01
38517 4.536410e+01
38537 4.536410e+01
38566 4.536410e+01
38595 4.536410e+01
38688 4.536410e+01
38702 4.536410e+01
38713 4.536410e+01
38754 4.536410e+01
38794 4.536410e+01
38884 4.536410e+01
39149 4.536410e+01
39155 4.536410e+01
39167 4.536410e+01
39170 4.536410e+01
39188 4.536410e+01
39372 4.536410e+01
39380 4.536410e+01
39398 4.536410e+01
39426 4.536410e+01
39435 4.536410e+01
39482 4.536410e+01
39511 4.536410e+01
39528 4.536410e+01
101698 4.499184e+01
101756 4.454531e+01
101798 4.432701e+01
101887 4.417734e+01
102056 4.399555e+01
102076 4.394239e+01
102092 4.373789e+01
102131 4.356229e+01
102283 4.350974e+01
102286 4.341729e+01
102307 4.340940e+01
102348 4.337845e+01
102366 4.327947e+01
102498 4.326662e+01
102555 4.317883e+01
102626 4.297761e+01
102800 4.296291e+01
102814 4.290573e+01
102844 4.289316e+01
102848 4.289180e+01
102869 4.286906e+01
102898 4.283855e+01
102921 4.272851e+01
102968 4.268190e+01
103039 4.267796e+01
103126 4.247512e+01
103199 4.242292e+01
103421 4.238203e+01
103440 4.236400e+01
103562 4.233500e+01
103573 4.225150e+01
103660 4.224492e+01
103728 4.224155e+01
103797 4.223600e+01
103816 4.223403e+01
103855 4.220039e+01
103884 4.218532e+01
103942 4.216739e+01
104009 4.215751e+01
104010 4.215283e+01
104011 4.214405e+01
104017 4.214027e+01
104064 4.213201e+01
104071 4.212033e+01
104072 4.211516e+01
104156 4.211067e+01
104181 4.209017e+01
104387 4.208942e+01
104417 4.207861e+01
104420 4.207313e+01
104443 4.207032e+01
104496 4.205035e+01
104579 4.203561e+01
104774 4.203348e+01
104805 4.203208e+01
104818 4.203068e+01
104848 4.202882e+01
104876 4.202484e+01
104933 4.202466e+01
104961 4.202143e+01
104982 4.200878e+01
105058 4.200411e+01
105221 4.199896e+01
105443 4.199406e+01
105507 4.198870e+01
105614 4.198650e+01
105779 4.198594e+01
105804 4.198505e+01
105823 4.198439e+01
105829 4.197752e+01
105856 4.197729e+01
105880 4.197552e+01
105894 4.197336e+01
106094 4.196970e+01
106161 4.196887e+01
106245 4.196803e+01
106305 4.196787e+01
106307 4.196651e+01
106484 4.196557e+01
106501 4.196539e+01
106509 4.196508e+01
106553 4.196340e+01
106577 4.196298e+01
106598 4.196096e+01
106723 4.196036e+01
106752 4.195901e+01
106886 4.195897e+01
106915 4.195816e+01
106932 4.195813e+01
106939 4.195766e+01
106972 4.195722e+01
107004 4.195681e+01
107089 4.195611e+01
107153 4.195579e+01
107296 4.195437e+01
107392 4.195374e+01
107470 4.195353e+01
107528 4.195338e+01
107546 4.195333e+01
107571 4.195284e+01
107640 4.195279e+01
107708 4.195274e+01
107750 4.195257e+01
107804 4.195219e+01
107902 4.195216e+01
107966 4.195214e+01
108023 4.195206e+01
108027 4.195204e+01
108036 4.195189e+01
108095 4.195171e+01
108137 4.195171e+01
108153 4.195165e+01
108591 4.195157e+01
108622 4.195150e+01
108709 4.195143e+01
108736 4.195140e+01
108764 4.195133e+01
108853 4.195132e+01
108884 4.195130e+01
108914 4.195127e+01
108967 4.195126e+01
108981 4.195123e+01
109004 4.195122e+01
109017 4.195121e+01
109019 4.195119e+01
109095 4.195116e+01
109103 4.195110e+01
109580 4.195109e+01
109628 4.195109e+01
109704 4.195108e+01
109757 4.195108e+01
109780 4.195107e+01
109858 4.195107e+01
109866 4.195107e+01
109948 4.195107e+01
109955 4.195106e+01
109985 4.195106e+01
109990 4.195106e+01
110023 4.195106e+01
110056 4.195106e+01
110111 4.195105e+01
110175 4.195105e+01
110257 4.195105e+01
110271 4.195105e+01
110359 4.195105e+01
110417 4.195105e+01
110501 4.195105e+01
110653 4.195105e+01
110703 4.195105e+01
110724 4.195105e+01
110737 4.195105e+01
110956 4.195104e+01
110980 4.195104e+01
111002 4.195104e+01
111290 4.195104e+01
111449 4.195104e+01
111458 4.195104e+01
111513 4.195104e+01
111635 4.195104e+01
111662 4.195104e+01
111732 4.195104e+01
111764 4.195104e+01
111769 4.195104e+01
111790 4.195104e+01
111794 4.195104e+01
111919 4.195104e+01
111969 4.195104e+01
111972 4.195104e+01
111987 4.195104e+01
112057 4.195104e+01
112134 4.195104e+01
112141 4.195104e+01
112172 4.195104e+01
112189 4.195104e+01
112202 4.195104e+01
112207 4.195104e+01
112270 4.195104e+01
112276 4.195104e+01
112328 4.195104e+01
112380 4.195104e+01
112467 4.195104e+01
112482 4.195104e+01
112531 4.195104e+01
112624 4.195104e+01
112655 4.195104e+01
112737 4.195104e+01
112823 4.195104e+01
112829 4.195104e+01
112840 4.195104e+01
112964 4.195104e+01
113152 4.195104e+01
113230 4.195104e+01
113245 4.195104e+01
113268 4.195104e+01
113280 4.195104e+01
113325 4.195104e+01
113335 4.195104e+01
113338 4.195104e+01
113390 4.195104e+01
113417 4.195104e+01
113485 4.195104e+01
113538 4.195104e+01
113571 4.195104e+01
113585 4.195104e+01
113712 4.195104e+01
113802 4.195104e+01
113815 4.195104e+01
113838 4.195104e+01
113889 4.195104e+01
114058 4.195104e+01
114063 4.195104e+01
114107 4.195104e+01
114224 4.195104e+01
114259 4.195104e+01
114287 4.195104e+01
114303 4.195104e+01
114354 4.195104e+01
114429 4.195104e+01
114490 4.195104e+01
114493 4.195104e+01
114509 4.195104e+01
114510 4.195104e+01
114522 4.195104e+01
114525 4.195104e+01
114536 4.195104e+01
114598 4.195104e+01
114639 4.195104e+01
114680 4.195104e+01
114786 4.195104e+01
114884 4.195104e+01
114917 4.195104e+01
115011 4.195104e+01
115137 4.195104e+01
115174 4.195104e+01
115179 4.195104e+01
115189 4.195104e+01
115207 4.195104e+01
115210 4.195104e+01
115324 4.195104e+01
115335 4.195104e+01
115383 4.195104e+01
115390 4.195104e+01
115419 4.195104e+01
115423 4.195104e+01
115502 4.195104e+01
179050 4.189048e+01
179271 4.116911e+01
179613 3.983364e+01
179681 3.944277e+01
180137 3.934018e+01
180139 3.903732e+01
180174 3.832253e+01
180193 3.815147e+01
180201 3.745094e+01
180513 3.735879e+01
180549 3.682469e+01
180589 3.673710e+01
180775 3.645604e+01
180945 3.638637e+01
180982 3.630657e+01
181301 3.585581e+01
181514 3.565492e+01
181586 3.521933e+01
182601 3.520792e+01
182605 3.517031e+01
182723 3.504953e+01
182890 3.488492e+01
183039 3.485009e+01
183458 3.482012e+01
183630 3.480491e+01
183718 3.472426e+01
183882 3.463022e+01
184210 3.457363e+01
184328 3.455736e+01
184331 3.453376e+01
184565 3.450446e+01
184579 3.448117e+01
184936 3.447947e+01
184974 3.445955e+01
185014 3.440711e+01
185270 3.439497e+01
185454 3.438245e+01
185458 3.436682e+01
185579 3.435646e+01
185699 3.435464e+01
185856 3.435358e+01
185939 3.433740e+01
186282 3.433108e+01
186522 3.431798e+01
186620 3.431510e+01
186780 3.430602e+01
186910 3.429543e+01
186913 3.426388e+01
187629 3.425586e+01
187674 3.424134e+01
188060 3.423654e+01
188167 3.423605e+01
188499 3.422172e+01
188937 3.421111e+01
189188 3.419673e+01
189301 3.419405e+01
189380 3.419007e+01
189550 3.418218e+01
189929 3.417216e+01
190081 3.416881e+01
190121 3.415928e+01
190475 3.414679e+01
191060 3.413814e+01
191874 3.413593e+01
191977 3.413222e+01
192199 3.413114e+01
192229 3.413080e+01
192354 3.412670e+01
192443 3.412293e+01
192707 3.412196e+01
192812 3.411856e+01
192985 3.411799e+01
193046 3.411194e+01
193300 3.411068e+01
193622 3.410613e+01
193819 3.410569e+01
194019 3.410497e+01
194261 3.410412e+01
194267 3.410366e+01
194334 3.410359e+01
194339 3.410233e+01
194409 3.410146e+01
194436 3.410036e+01
194487 3.410016e+01
194574 3.409925e+01
194640 3.409910e+01
194743 3.409895e+01
194766 3.409686e+01
195347 3.409653e+01
195378 3.409625e+01
195574 3.409558e+01
195653 3.409546e+01
195837 3.409540e+01
195852 3.409526e+01
195966 3.409520e+01
195968 3.409508e+01
195992 3.409501e+01
196031 3.409499e+01
196039 3.409497e+01
196071 3.409482e+01
196086 3.409481e+01
196141 3.409463e+01
196174 3.409460e+01
196183 3.409455e+01
196231 3.409423e+01
196527 3.409420e+01
196643 3.409418e+01
196644 3.409416e+01
196648 3.409416e+01
196670 3.409411e+01
196678 3.409404e+01
196732 3.409396e+01
196832 3.409395e+01
196838 3.409390e+01
196857 3.409389e+01
196933 3.409385e+01
197119 3.409382e+01
197546 3.409381e+01
197681 3.409379e+01
197693 3.409379e+01
197713 3.409378e+01
197894 3.409378e+01
198011 3.409377e+01
198016 3.409376e+01
198029 3.409376e+01
198128 3.409375e+01
198153 3.409374e+01
198155 3.409372e+01
198250 3.409372e+01
198271 3.409372e+01
198368 3.409371e+01
198375 3.409371e+01
198535 3.409371e+01
198612 3.409370e+01
198711 3.409370e+01
198757 3.409369e+01
198843 3.409369e+01
198879 3.409368e+01
198981 3.409367e+01
199175 3.409367e+01
199183 3.409366e+01
199340 3.409366e+01
199343 3.409366e+01
199446 3.409366e+01
199465 3.409366e+01
199700 3.409366e+01
199821 3.409365e+01
199833 3.409365e+01
199854 3.409365e+01
199929 3.409365e+01
200080 3.409365e+01
200119 3.409365e+01
200161 3.409365e+01
200231 3.409365e+01
200441 3.409365e+01
200587 3.409365e+01
200603 3.409365e+01
200687 3.409365e+01
200697 3.409365e+01
201058 3.409365e+01
201115 3.409365e+01
201147 3.409365e+01
201165 3.409365e+01
201215 3.409365e+01
201306 3.409365e+01
201487 3.409365e+01
201496 3.409364e+01
201736 3.409364e+01
201739 3.409364e+01
201904 3.409364e+01
201951 3.409364e+01
202015 3.409364e+01
202135 3.409364e+01
202179 3.409364e+01
202280 3.409364e+01
202311 3.409364e+01
202434 3.409364e+01
202537 3.409364e+01
202560 3.409364e+01
202648 3.409364e+01
202649 3.409364e+01
202779 3.409364e+01
202929 3.409364e+01
203193 3.409364e+01
203311 3.409364e+01
203317 3.409364e+01
203460 3.409364e+01
203544 3.409364e+01
203790 3.409364e+01
203823 3.409364e+01
203962 3.409364e+01
204217 3.409364e+01
204387 3.409364e+01
204464 3.409364e+01
204730 3.409364e+01
204819 3.409364e+01
204853 3.409364e+01
205034 3.409364e+01
205137 3.409364e+01
205146 3.409364e+01
205456 3.409364e+01
205513 3.409364e+01
205528 3.409364e+01
205554 3.409364e+01
205582 3.409364e+01
205662 3.409364e+01
205729 3.409364e+01
205785 3.409364e+01
205894 3.409364e+01
205919 3.409364e+01
206148 3.409364e+01
206188 3.409364e+01
206423 3.409364e+01
206660 3.409364e+01
206690 3.409364e+01
206760 3.409364e+01
206795 3.409364e+01
206991 3.409364e+01
207208 3.409364e+01
207211 3.409364e+01
207291 3.409364e+01
207362 3.409364e+01
207442 3.409364e+01
207635 3.409364e+01
207658 3.409364e+01
207997 3.409364e+01
208060 3.409364e+01
208322 3.409364e+01
208332 3.409364e+01
208550 3.409364e+01
208725 3.409364e+01
208823 3.409364e+01
208849 3.409364e+01
208950 3.409364e+01
208984 3.409364e+01
209059 3.409364e+01
209168 3.409364e+01
209174 3.409364e+01
209277 3.409364e+01
209315 3.409364e+01
209512 3.409364e+01
209743 3.409364e+01
209786 3.409364e+01
209802 3.409364e+01
209846 3.409364e+01
