1 3.609535e+03
2 3.499024e+03
3 3.266329e+03
8 2.957648e+03
10 2.503982e+03
67 1.999083e+03
97 1.724076e+03
165 1.484042e+03
210 1.215700e+03
244 1.173359e+03
247 1.041291e+03
273 1.024513e+03
278 8.618295e+02
337 8.588124e+02
425 8.587421e+02
444 7.438943e+02
474 7.417616e+02
487 7.229035e+02
489 7.185457e+02
501 6.667040e+02
600 6.353628e+02
615 6.107001e+02
652 5.789452e+02
690 5.584543e+02
714 5.455687e+02
742 5.184598e+02
790 4.828746e+02
818 4.770509e+02
826 4.335536e+02
926 4.276791e+02
969 4.155744e+02
971 3.982566e+02
984 3.759126e+02
1012 3.615675e+02
1026 3.586071e+02
1075 3.567025e+02
1107 3.542948e+02
1117 3.501741e+02
1136 3.484515e+02
1139 3.398448e+02
1157 3.370647e+02
1158 3.355365e+02
1160 3.346308e+02
1189 3.307440e+02
1236 3.260515e+02
1277 3.254214e+02
1290 3.235413e+02
1373 3.220586e+02
1386 3.189841e+02
1391 3.174526e+02
1404 3.172821e+02
1428 3.150861e+02
1453 3.150700e+02
1458 3.146489e+02
1494 3.118235e+02
1516 3.111344e+02
1521 3.095990e+02
1548 3.058654e+02
1681 3.054585e+02
1755 3.052118e+02
1768 3.051116e+02
1778 3.049729e+02
1793 3.047799e+02
1801 3.035317e+02
1814 3.034745e+02
1815 3.031348e+02
1834 3.027365e+02
1901 3.027085e+02
1903 3.025665e+02
1915 3.022298e+02
1920 3.017160e+02
1929 3.016818e+02
1961 3.016256e+02
1969 3.014781e+02
1976 3.013474e+02
2016 3.013232e+02
2047 3.010176e+02
2051 3.008025e+02
2065 3.007824e+02
2181 3.007662e+02
2199 3.006480e+02
2278 3.006040e+02
2306 3.005894e+02
2307 3.004185e+02
2366 3.003548e+02
2387 3.002858e+02
2434 3.002804e+02
2435 3.002720e+02
2449 3.002662e+02
2487 3.002443e+02
2490 3.002076e+02
2527 3.001715e+02
2544 3.001304e+02
2561 3.001302e+02
2592 3.001127e+02
2622 3.001111e+02
2626 3.001107e+02
2637 3.001102e+02
2643 3.000892e+02
2667 3.000828e+02
2690 3.000705e+02
2694 3.000641e+02
2718 3.000511e+02
2724 3.000365e+02
2804 3.000329e+02
2829 3.000300e+02
2840 3.000258e+02
2890 3.000205e+02
2934 3.000171e+02
2942 3.000125e+02
2977 3.000114e+02
3097 3.000100e+02
3103 3.000097e+02
3112 3.000084e+02
3147 3.000075e+02
3163 3.000063e+02
3187 3.000059e+02
3258 3.000045e+02
3317 3.000045e+02
3321 3.000045e+02
3328 3.000039e+02
3359 3.000035e+02
3372 3.000031e+02
3410 3.000028e+02
3430 3.000022e+02
3444 3.000019e+02
3471 3.000016e+02
3503 3.000014e+02
3527 3.000013e+02
3540 3.000012e+02
3581 3.000011e+02
3632 3.000011e+02
3652 3.000010e+02
3656 3.000007e+02
3695 3.000005e+02
3729 3.000005e+02
3739 3.000005e+02
3786 3.000004e+02
3798 3.000004e+02
3801 3.000003e+02
3856 3.000003e+02
3867 3.000002e+02
3969 3.000002e+02
3978 3.000001e+02
3992 3.000001e+02
3993 3.000001e+02
3994 3.000001e+02
4001 3.000001e+02
4024 3.000001e+02
4061 3.000001e+02
4081 3.000001e+02
4105 3.000001e+02
4158 3.000001e+02
4192 3.000001e+02
4235 3.000001e+02
4242 3.000000e+02
4287 3.000000e+02
4323 3.000000e+02
4328 3.000000e+02
4393 3.000000e+02
4409 3.000000e+02
4514 3.000000e+02
4520 3.000000e+02
4543 3.000000e+02
4548 3.000000e+02
4557 3.000000e+02
4593 3.000000e+02
4594 3.000000e+02
4598 3.000000e+02
4599 3.000000e+02
4609 3.000000e+02
4634 3.000000e+02
4665 3.000000e+02
4674 3.000000e+02
4731 3.000000e+02
4757 3.000000e+02
4775 3.000000e+02
4803 3.000000e+02
4878 3.000000e+02
4886 3.000000e+02
4914 3.000000e+02
4920 3.000000e+02
4928 3.000000e+02
4930 3.000000e+02
4999 3.000000e+02
5008 3.000000e+02
5054 3.000000e+02
5067 3.000000e+02
5081 3.000000e+02
5186 3.000000e+02
5191 3.000000e+02
5285 3.000000e+02
5293 3.000000e+02
5298 3.000000e+02
5323 3.000000e+02
5351 3.000000e+02
5378 3.000000e+02
5422 3.000000e+02
5426 3.000000e+02
5472 3.000000e+02
5504 3.000000e+02
5506 3.000000e+02
5537 3.000000e+02
5548 3.000000e+02
5552 3.000000e+02
5615 3.000000e+02
5645 3.000000e+02
5672 3.000000e+02
5759 3.000000e+02
5761 3.000000e+02
5764 3.000000e+02
5793 3.000000e+02
5841 3.000000e+02
5861 3.000000e+02
5876 3.000000e+02
5918 3.000000e+02
5924 3.000000e+02
5975 3.000000e+02
5988 3.000000e+02
5994 3.000000e+02
5997 3.000000e+02
6094 3.000000e+02
6113 3.000000e+02
6138 3.000000e+02
6174 3.000000e+02
6215 3.000000e+02
6291 3.000000e+02
6326 3.000000e+02
6348 3.000000e+02
6439 3.000000e+02
6464 3.000000e+02
6522 3.000000e+02
6549 3.000000e+02
6606 3.000000e+02
6612 3.000000e+02
6633 3.000000e+02
6645 3.000000e+02
6647 3.000000e+02
6742 3.000000e+02
6749 3.000000e+02
6833 3.000000e+02
6861 3.000000e+02
6912 3.000000e+02
6914 3.000000e+02
6932 3.000000e+02
6938 3.000000e+02
6990 3.000000e+02
7010 3.000000e+02
7037 3.000000e+02
7059 3.000000e+02
7070 3.000000e+02
7074 3.000000e+02
7108 3.000000e+02
7188 3.000000e+02
7216 3.000000e+02
7240 3.000000e+02
7246 3.000000e+02
7257 3.000000e+02
7287 3.000000e+02
28799 2.811215e+02
28800 2.811215e+02
28803 2.811215e+02
28806 2.811215e+02
28809 2.811215e+02
28812 2.811215e+02
28815 2.811215e+02
28818 2.811215e+02
28821 2.811215e+02
28824 2.811215e+02
28827 2.811215e+02
28830 2.811215e+02
28833 2.811215e+02
28836 2.811215e+02
28839 2.811215e+02
28842 2.811215e+02
28845 2.811215e+02
28848 2.811215e+02
28851 2.811215e+02
28854 2.811215e+02
28857 2.811215e+02
28860 2.811215e+02
28863 2.811215e+02
28866 2.811215e+02
28869 2.811215e+02
28902 2.811215e+02
28905 2.811215e+02
28908 2.811215e+02
28911 2.811215e+02
28936 2.048104e+02
28937 2.048104e+02
28940 2.048104e+02
28943 2.048104e+02
28946 2.048104e+02
28949 2.048104e+02
28952 2.048104e+02
28955 2.048104e+02
28958 2.048104e+02
28961 2.048104e+02
28964 2.048104e+02
28967 2.048104e+02
28971 1.842490e+02
28974 1.822204e+02
28975 1.822204e+02
28978 1.822204e+02
28980 1.782707e+02
28981 1.782707e+02
28984 1.782707e+02
28987 1.782707e+02
28989 1.707284e+02
29027 1.641563e+02
29030 1.619312e+02
29031 1.619312e+02
29034 1.619312e+02
29037 1.619312e+02
29040 1.619312e+02
29043 1.619312e+02
29044 1.501416e+02
29045 1.501416e+02
29048 1.501416e+02
29049 1.333454e+02
29050 1.333454e+02
29052 1.317454e+02
29053 1.317454e+02
29056 1.317454e+02
29059 1.317454e+02
29062 1.317454e+02
29065 1.317454e+02
29068 1.317454e+02
29071 1.317454e+02
29074 1.317454e+02
29077 1.317454e+02
29080 1.317454e+02
29085 1.304539e+02
29090 1.272536e+02
29091 1.272536e+02
29092 1.264395e+02
29094 1.262038e+02
29096 1.195645e+02
29117 1.192699e+02
29120 1.170600e+02
29123 1.138524e+02
29148 1.138524e+02
29151 1.138524e+02
29154 1.138524e+02
29163 1.138524e+02
29166 1.138524e+02
29169 1.138524e+02
29223 1.138524e+02
29232 1.138524e+02
29235 1.138524e+02
29366 1.138389e+02
29369 1.130429e+02
29370 1.130429e+02
29371 1.104988e+02
29372 1.104988e+02
29374 1.101214e+02
29376 1.070327e+02
29414 1.054213e+02
29415 1.054213e+02
29418 1.054213e+02
29421 1.054213e+02
29422 1.054051e+02
29428 1.049512e+02
29434 1.042277e+02
29435 1.042277e+02
29438 1.042277e+02
29441 1.042277e+02
29692 1.033679e+02
29762 1.033679e+02
29765 1.033679e+02
29768 1.033679e+02
29771 1.033679e+02
29774 1.033679e+02
29777 1.033679e+02
29780 1.033679e+02
29783 1.033679e+02
29786 1.033679e+02
29789 1.033679e+02
29798 1.033679e+02
29976 1.032453e+02
29977 1.032453e+02
29978 1.027161e+02
29979 1.027161e+02
29982 1.027161e+02
29985 1.027161e+02
29988 1.027161e+02
29991 1.027161e+02
29994 1.027161e+02
29997 1.027161e+02
29998 1.021591e+02
29999 1.021591e+02
30002 1.021591e+02
30005 1.021591e+02
30101 1.021591e+02
30104 1.021591e+02
30239 1.021591e+02
30242 1.021591e+02
30245 1.021591e+02
30248 1.021591e+02
30251 1.021591e+02
30254 1.021591e+02
30257 1.021591e+02
30260 1.021591e+02
30263 1.021591e+02
30266 1.021591e+02
30269 1.021591e+02
30272 1.021591e+02
30274 1.018471e+02
30277 1.018223e+02
30278 1.018223e+02
30281 1.018223e+02
30284 1.018223e+02
30287 1.018223e+02
30290 1.018223e+02
30293 1.018223e+02
30296 1.018223e+02
30298 1.017374e+02
30401 1.017374e+02
30404 1.017374e+02
30880 1.016177e+02
30881 1.016177e+02
30882 1.010461e+02
30883 1.010461e+02
30886 1.010461e+02
30889 1.010461e+02
30892 1.010461e+02
30895 1.010461e+02
30898 1.010461e+02
30901 1.010461e+02
30904 1.010461e+02
30907 1.010461e+02
30910 1.010461e+02
30913 1.010461e+02
30916 1.010461e+02
30928 1.010461e+02
30931 1.010461e+02
30934 1.010461e+02
30937 1.010461e+02
30940 1.010461e+02
30943 1.010461e+02
30946 1.010461e+02
30949 1.010461e+02
30952 1.010461e+02
30955 1.010461e+02
30958 1.010461e+02
30961 1.010461e+02
30964 1.010461e+02
30967 1.010461e+02
30970 1.010461e+02
30973 1.010461e+02
30976 1.010461e+02
30979 1.010461e+02
30982 1.010461e+02
30985 1.010461e+02
30988 1.010461e+02
30991 1.010461e+02
30994 1.010461e+02
