1 2.890138e+04
5 2.220361e+04
11 1.961964e+04
137 1.940381e+04
142 1.550829e+04
244 1.262711e+04
290 1.201520e+04
356 1.200903e+04
357 1.138510e+04
358 8.887628e+03
391 7.625682e+03
412 7.150877e+03
471 6.627926e+03
490 6.116615e+03
627 5.434709e+03
631 5.352973e+03
650 3.522428e+03
734 3.409934e+03
782 3.407363e+03
793 3.010111e+03
833 2.891017e+03
878 2.193850e+03
925 2.086684e+03
939 2.046149e+03
1020 1.772496e+03
1030 1.709421e+03
1031 1.445268e+03
1083 1.414006e+03
1118 1.133510e+03
1124 9.090278e+02
1243 8.527403e+02
1404 7.731101e+02
1477 7.209934e+02
1490 5.904418e+02
1508 4.769404e+02
1669 2.949625e+02
1790 2.633810e+02
1895 2.534251e+02
1978 1.994818e+02
2140 1.990540e+02
2271 1.676428e+02
2326 1.414885e+02
2554 1.409490e+02
2632 1.243902e+02
2744 1.230935e+02
2760 1.111111e+02
2804 1.030210e+02
2853 8.829701e+01
2914 8.060403e+01
2928 7.747933e+01
2943 7.247716e+01
2968 5.858582e+01
3159 4.886210e+01
3222 3.919382e+01
3236 3.554823e+01
3332 3.480803e+01
3370 3.224171e+01
3429 2.597830e+01
3652 2.395615e+01
3757 2.076518e+01
3790 1.950659e+01
3964 1.906288e+01
3979 1.896517e+01
3985 1.601902e+01
3989 1.557078e+01
4014 1.397328e+01
4091 1.351772e+01
4116 1.310192e+01
4120 1.183302e+01
4163 9.261725e+00
4265 8.356794e+00
4378 8.162519e+00
4393 7.639399e+00
4407 6.916774e+00
4442 6.483754e+00
4487 6.085711e+00
4608 5.679634e+00
4641 5.363126e+00
4676 5.334697e+00
4682 5.240121e+00
4687 3.537974e+00
4833 3.211370e+00
4843 3.135932e+00
4889 3.053005e+00
5061 2.923154e+00
5116 2.678000e+00
5125 2.676551e+00
5171 2.643463e+00
5224 2.443195e+00
5342 2.406748e+00
5361 2.295137e+00
5369 1.994597e+00
5481 1.894949e+00
5568 1.811538e+00
5620 1.590916e+00
5757 1.386746e+00
5967 1.382178e+00
6013 1.379785e+00
6065 1.366978e+00
6095 1.268150e+00
6149 1.223381e+00
6311 1.199996e+00
6370 1.199152e+00
6440 1.185781e+00
6449 1.128554e+00
6506 1.121660e+00
6532 1.111122e+00
6559 1.105514e+00
6588 1.091345e+00
6650 1.083804e+00
6700 1.076591e+00
6776 1.070733e+00
6801 1.056945e+00
6890 1.051850e+00
6908 1.048722e+00
7034 1.047059e+00
7062 1.043448e+00
7064 1.043293e+00
7092 1.038726e+00
7100 1.034425e+00
7121 1.023082e+00
7157 1.022586e+00
7161 1.021599e+00
7272 1.015907e+00
7313 1.009690e+00
7334 9.777470e-01
7413 9.655960e-01
7447 9.561174e-01
7484 9.342652e-01
7531 8.577612e-01
7588 8.284520e-01
7729 8.263151e-01
7785 8.160442e-01
7809 8.054565e-01
7814 7.995853e-01
7822 6.768767e-01
7937 6.119366e-01
8030 5.733331e-01
8047 5.731138e-01
8099 4.641214e-01
8159 3.321231e-01
8179 3.219406e-01
8215 3.018897e-01
8265 2.931759e-01
8346 2.329690e-01
8410 2.217633e-01
8484 2.110278e-01
8510 1.697470e-01
8527 1.484852e-01
8600 1.143172e-01
8610 1.084137e-01
8615 1.080449e-01
8653 1.014927e-01
8676 9.440751e-02
8734 9.187486e-02
8748 6.229048e-02
8752 5.385998e-02
8830 5.350041e-02
8834 4.904162e-02
8860 4.749811e-02
8935 4.409839e-02
8973 2.033076e-02
9036 1.967932e-02
9125 1.961440e-02
9142 1.863036e-02
9165 1.573506e-02
9168 1.450446e-02
9209 1.350963e-02
9324 9.015787e-03
9333 8.798108e-03
9431 8.655837e-03
9435 7.424884e-03
9492 5.977867e-03
9622 4.480691e-03
9638 4.460739e-03
9717 2.959832e-03
9810 2.785847e-03
9849 2.251254e-03
9899 2.242165e-03
9909 1.973712e-03
9948 1.786690e-03
9980 1.664959e-03
10037 1.459565e-03
10058 1.284815e-03
10113 1.174749e-03
10153 9.506754e-04
10323 8.453801e-04
10325 6.448046e-04
10338 4.875444e-04
10475 4.633669e-04
10525 4.567147e-04
10546 4.197186e-04
10549 3.269538e-04
10613 1.761971e-04
10711 1.736476e-04
10756 1.228630e-04
10768 9.279695e-05
10990 7.942767e-05
11094 7.446522e-05
11110 7.228489e-05
11123 6.161872e-05
11142 5.941021e-05
11191 5.620335e-05
11222 5.176978e-05
11231 4.405729e-05
11264 3.932702e-05
11331 3.533951e-05
11355 3.412624e-05
11364 3.364545e-05
11410 2.841334e-05
11430 2.641013e-05
11432 2.633107e-05
11466 2.606081e-05
11473 2.433211e-05
11497 1.967096e-05
11516 1.430479e-05
11574 9.582140e-06
11695 9.541356e-06
11742 8.866892e-06
11771 7.957036e-06
11776 4.628474e-06
11919 4.241872e-06
12030 3.951160e-06
12040 3.495230e-06
12112 3.222533e-06
12127 2.837959e-06
12149 2.616656e-06
12177 2.286194e-06
12211 2.272856e-06
12235 2.184225e-06
12238 2.053614e-06
12272 1.682306e-06
12301 1.491175e-06
12345 1.039698e-06
12492 6.613704e-07
12607 5.865298e-07
12610 5.346744e-07
12618 5.212825e-07
12643 4.521649e-07
12662 4.253031e-07
12683 3.748833e-07
12706 3.184531e-07
12794 2.880284e-07
12820 2.247702e-07
12877 1.241076e-07
13067 1.169355e-07
13151 1.102457e-07
13200 1.093970e-07
13241 1.077973e-07
13262 1.050331e-07
13278 1.047264e-07
13321 9.471091e-08
13331 9.397493e-08
13335 8.804742e-08
13344 7.806113e-08
13352 7.502336e-08
13375 6.561160e-08
13389 4.864761e-08
13457 4.669422e-08
13459 4.516801e-08
13477 3.853340e-08
13515 3.581376e-08
13532 3.527356e-08
13537 2.911001e-08
13578 2.738700e-08
13589 2.663389e-08
13614 2.526266e-08
13666 2.167220e-08
13675 2.116049e-08
13681 1.694666e-08
13732 1.579425e-08
13788 1.579120e-08
13789 1.539079e-08
13809 1.074340e-08
13856 8.317260e-09
13862 6.038678e-09
