1 4.475033e+04
3 2.532392e+04
7 2.337130e+04
14 2.266901e+04
17 2.126864e+04
18 1.434870e+04
259 1.396667e+04
336 1.274899e+04
341 1.045826e+04
392 7.666685e+03
406 7.524586e+03
529 5.494537e+03
572 5.258227e+03
672 4.145546e+03
723 3.980515e+03
729 3.743506e+03
737 2.548665e+03
912 1.420735e+03
1052 1.416519e+03
1115 1.217508e+03
1156 1.159054e+03
1178 1.075186e+03
1285 9.178076e+02
1296 9.073909e+02
1365 7.902088e+02
1374 6.590598e+02
1518 6.051965e+02
1568 5.605794e+02
1577 5.242593e+02
1580 4.852390e+02
1593 4.804534e+02
1626 3.571778e+02
1700 3.324042e+02
1749 3.158895e+02
1772 2.872112e+02
1824 2.728562e+02
1861 2.465170e+02
1900 2.290280e+02
1956 2.002494e+02
1996 1.747322e+02
2009 1.556377e+02
2042 1.346892e+02
2071 1.155622e+02
2401 1.090767e+02
2479 1.068628e+02
2517 9.701645e+01
2588 8.210363e+01
2663 7.587540e+01
2690 7.301389e+01
2746 6.603986e+01
2819 4.356231e+01
2945 4.297301e+01
2946 3.866839e+01
2958 3.241346e+01
3219 2.885286e+01
3240 2.425148e+01
3377 2.369366e+01
3404 2.184397e+01
3470 2.059959e+01
3478 1.928197e+01
3491 1.734315e+01
3525 1.580434e+01
3533 1.426550e+01
3611 1.420907e+01
3634 1.374548e+01
3900 1.365007e+01
3906 1.165238e+01
4109 1.118289e+01
4137 1.052869e+01
4140 9.756996e+00
4232 7.957784e+00
4280 7.648879e+00
4304 6.999110e+00
4361 6.450985e+00
4403 5.665799e+00
4478 5.481709e+00
4543 5.287678e+00
4547 5.122123e+00
4577 5.040895e+00
4640 4.292297e+00
4726 4.237338e+00
4763 4.066840e+00
4769 4.030860e+00
4779 3.686898e+00
4808 3.542035e+00
4843 3.366012e+00
4900 3.248521e+00
5021 3.214568e+00
5031 3.094657e+00
5062 2.714122e+00
5078 2.653560e+00
5079 2.550608e+00
5142 2.484334e+00
5160 2.311516e+00
5214 2.085714e+00
5309 2.082836e+00
5399 2.042443e+00
5428 1.990329e+00
5432 1.917551e+00
5594 1.676872e+00
5839 1.580731e+00
5879 1.543282e+00
6021 1.476957e+00
6071 1.451783e+00
6092 1.406265e+00
6108 1.380212e+00
6137 1.235038e+00
6233 1.233244e+00
6432 1.211897e+00
6460 1.205480e+00
6483 1.162732e+00
6552 1.136065e+00
6629 1.135708e+00
6645 1.135051e+00
6659 1.121361e+00
6677 1.111580e+00
6701 1.103485e+00
6791 1.076700e+00
6906 1.076053e+00
6919 1.071920e+00
6987 1.068604e+00
7006 1.066535e+00
7022 1.064665e+00
7034 1.056164e+00
7070 1.054005e+00
7088 1.046544e+00
7091 1.040417e+00
7122 1.033242e+00
7293 1.025455e+00
7373 1.022871e+00
7450 1.021606e+00
7466 1.018879e+00
7485 1.017220e+00
7521 1.006567e+00
7527 1.005366e+00
7531 1.004652e+00
7557 9.800149e-01
7687 9.339526e-01
7692 8.872351e-01
7726 8.544367e-01
7750 8.367138e-01
7843 8.196409e-01
7903 7.799180e-01
8066 7.268731e-01
8106 6.813803e-01
8215 6.028896e-01
8241 5.192850e-01
8274 4.808179e-01
8326 4.423012e-01
8374 4.249104e-01
8413 2.898143e-01
8489 2.601786e-01
8523 1.821803e-01
8794 1.762870e-01
8801 1.443791e-01
8855 1.375910e-01
8905 1.246550e-01
8925 1.201041e-01
8954 1.004599e-01
8961 8.141143e-02
9016 7.841333e-02
9057 6.711329e-02
9133 4.888834e-02
9187 4.326700e-02
9239 3.873279e-02
9247 3.368031e-02
9352 2.825638e-02
9428 2.818101e-02
9430 2.534599e-02
9490 2.447241e-02
9507 2.298040e-02
9532 2.296750e-02
9535 1.919244e-02
9538 1.818240e-02
9546 1.477572e-02
9648 1.351475e-02
9741 1.210976e-02
9882 1.144983e-02
9890 1.101594e-02
9891 1.065835e-02
9914 1.052461e-02
9955 9.897635e-03
10015 9.745785e-03
10024 9.620739e-03
10059 9.420852e-03
10152 9.033957e-03
10238 8.922479e-03
10250 8.859061e-03
10286 8.599774e-03
10351 8.130687e-03
10483 8.021202e-03
10537 7.998160e-03
10569 7.899014e-03
10590 7.859409e-03
10620 7.812394e-03
10637 7.767312e-03
10673 7.694154e-03
10790 7.682944e-03
10819 7.649280e-03
10868 7.635076e-03
10886 7.618550e-03
10940 7.589213e-03
11007 7.579916e-03
11013 7.544072e-03
11062 7.542625e-03
11073 7.542592e-03
11089 7.531980e-03
11098 7.522205e-03
11123 7.518541e-03
11186 7.501572e-03
11206 7.489420e-03
11223 7.483818e-03
11226 7.481144e-03
11247 7.457294e-03
11268 7.455880e-03
11326 7.455212e-03
11394 7.447107e-03
11429 7.445528e-03
11438 7.438379e-03
11455 7.431293e-03
11487 7.427587e-03
11529 7.424359e-03
11586 7.417976e-03
11604 7.417144e-03
11654 7.415056e-03
11673 7.408283e-03
11841 7.407753e-03
11845 7.407626e-03
11846 7.407091e-03
11855 7.403831e-03
11871 7.402571e-03
11893 7.400863e-03
12021 7.400153e-03
12089 7.399866e-03
12096 7.399593e-03
12122 7.399557e-03
12159 7.399028e-03
12187 7.398637e-03
12291 7.398352e-03
12326 7.398294e-03
12344 7.398209e-03
12355 7.398011e-03
12368 7.397375e-03
12448 7.397239e-03
12466 7.397144e-03
12507 7.396719e-03
12661 7.396639e-03
12672 7.396577e-03
12712 7.396433e-03
12798 7.396390e-03
12834 7.396364e-03
12841 7.396332e-03
12935 7.396312e-03
12937 7.396304e-03
12951 7.396284e-03
12955 7.396265e-03
12980 7.396234e-03
13009 7.396228e-03
13034 7.396212e-03
13053 7.396199e-03
13066 7.396197e-03
13071 7.396172e-03
13087 7.396164e-03
13106 7.396158e-03
13176 7.396143e-03
13195 7.396133e-03
13247 7.396129e-03
13253 7.396112e-03
13287 7.396107e-03
13293 7.396094e-03
13335 7.396093e-03
13368 7.396081e-03
13402 7.396079e-03
13443 7.396071e-03
13446 7.396067e-03
13532 7.396065e-03
13576 7.396063e-03
13643 7.396060e-03
13724 7.396060e-03
13737 7.396059e-03
13742 7.396058e-03
13753 7.396055e-03
13763 7.396054e-03
13784 7.396053e-03
13788 7.396052e-03
13821 7.396052e-03
13828 7.396050e-03
13911 7.396049e-03
13943 7.396048e-03
13978 7.396047e-03
14001 7.396046e-03
14007 7.396045e-03
14118 7.396045e-03
14126 7.396044e-03
14165 7.396044e-03
14196 7.396043e-03
14229 7.396043e-03
14251 7.396043e-03
14279 7.396042e-03
14324 7.396042e-03
14353 7.396042e-03
14365 7.396042e-03
14472 7.396041e-03
14482 7.396041e-03
14523 7.396041e-03
14661 7.396041e-03
14670 7.396041e-03
14731 7.396041e-03
14747 7.396041e-03
14845 7.396041e-03
14900 7.396041e-03
14960 7.396041e-03
14973 7.396041e-03
15016 7.396041e-03
15088 7.396041e-03
15136 7.396041e-03
15140 7.396041e-03
15143 7.396040e-03
15250 7.396040e-03
15431 7.396040e-03
15433 7.396040e-03
15448 7.396040e-03
15457 7.396040e-03
15466 7.396040e-03
15520 7.396040e-03
15591 7.396040e-03
15603 7.396040e-03
15680 7.396040e-03
15697 7.396040e-03
15745 7.396040e-03
15750 7.396040e-03
15767 7.396040e-03
15785 7.396040e-03
36782 4.474255e-03
37218 4.382975e-03
37300 3.195090e-03
37329 2.907452e-03
37531 1.589777e-03
37764 1.577920e-03
37961 1.550344e-03
37962 1.516783e-03
37991 1.424747e-03
38029 1.036259e-03
38178 9.447454e-04
38332 9.332120e-04
38342 8.174855e-04
38418 7.904648e-04
38453 6.752543e-04
38537 5.827791e-04
38818 5.784803e-04
38820 5.640076e-04
38850 5.443096e-04
38887 5.425613e-04
38910 4.315870e-04
38924 3.670557e-04
39316 3.600475e-04
39424 3.600177e-04
39443 2.674238e-04
39504 2.083327e-04
39695 1.903782e-04
39779 1.698866e-04
39920 1.693046e-04
39937 1.369632e-04
40106 9.955829e-05
40288 7.508594e-05
40500 6.352180e-05
40790 6.214830e-05
40855 5.568103e-05
40896 5.399922e-05
40910 5.181393e-05
40956 3.968067e-05
41241 2.732460e-05
41324 2.429128e-05
41664 2.374773e-05
41676 1.999689e-05
41739 1.996648e-05
41841 1.987254e-05
41937 1.709257e-05
42015 1.689001e-05
42019 1.646223e-05
42036 1.537722e-05
42162 1.516637e-05
42236 1.448519e-05
42293 1.436340e-05
42417 1.130972e-05
42592 1.105511e-05
42626 9.361153e-06
42797 9.084075e-06
42800 7.730019e-06
42999 5.721172e-06
43055 5.642151e-06
43134 4.077287e-06
43627 3.787617e-06
43642 3.765165e-06
43677 2.488566e-06
43975 2.315960e-06
44111 2.119936e-06
44251 2.005656e-06
44258 1.787762e-06
44307 1.787665e-06
44363 1.463611e-06
44611 1.376457e-06
44633 1.175031e-06
44744 1.075354e-06
44752 1.031604e-06
44787 9.852214e-07
44977 8.346214e-07
136605 8.279945e-07
136864 6.884874e-07
136936 4.737010e-07
137288 4.648511e-07
137334 4.466278e-07
137537 4.381036e-07
137543 3.824638e-07
137570 3.132880e-07
137761 3.121685e-07
137764 1.753737e-07
138103 1.376893e-07
138121 1.180608e-07
138410 1.113533e-07
138537 1.026593e-07
138548 8.631385e-08
138567 7.827695e-08
138711 6.587965e-08
139016 5.849001e-08
139097 5.409979e-08
139119 4.837299e-08
139137 4.836451e-08
139155 4.789722e-08
139242 3.713480e-08
139509 3.711306e-08
139522 3.647805e-08
139727 3.611786e-08
139742 3.261676e-08
139765 3.053953e-08
139785 2.463033e-08
139817 1.756807e-08
140397 1.482469e-08
140480 9.950113e-09
259924 8.222829e-09
