1 1.193221e+04
2 2.234541e+03
112 2.046156e+03
141 1.110629e+03
218 8.621971e+02
225 7.563857e+02
285 7.054816e+02
306 6.203418e+02
327 2.382645e+02
431 1.370945e+02
547 1.001813e+02
620 7.590022e+01
692 7.106121e+01
713 4.995022e+01
794 3.731430e+01
821 2.691739e+01
983 2.600556e+01
1035 2.383079e+01
1069 1.260651e+01
1115 1.224352e+01
1135 1.014789e+01
1138 9.513046e+00
1159 5.091552e+00
1297 4.941730e+00
1329 3.702698e+00
1405 2.546081e+00
1494 2.357893e+00
1545 1.712292e+00
1548 1.539828e+00
1580 1.536190e+00
1650 1.308105e+00
1665 1.169073e+00
1925 1.137741e+00
1940 1.121106e+00
1945 9.113979e-01
2066 8.541517e-01
2493 7.963723e-01
2556 6.792113e-01
2921 6.029055e-01
3137 5.339321e-01
3164 4.715163e-01
3213 3.215306e-01
3275 2.463654e-01
3315 1.585579e-01
3411 5.201089e-02
3469 4.110448e-02
3534 2.981301e-02
3545 2.928830e-02
3615 2.219581e-02
3627 1.803326e-02
3646 1.724097e-02
3682 1.682361e-02
3689 1.595529e-02
3692 1.459063e-02
3708 1.455201e-02
3711 1.399305e-02
3718 1.222218e-02
3728 1.156116e-02
3734 8.696356e-03
3750 7.321070e-03
3784 5.080065e-03
3854 1.662357e-03
3904 1.593121e-03
3977 1.512397e-03
4000 7.919761e-04
4079 5.152300e-04
4164 3.808028e-04
4184 2.720554e-04
4215 2.095463e-04
4283 9.315842e-05
4363 7.463280e-05
4400 6.267607e-05
4426 6.031121e-05
4432 5.312007e-05
4433 4.427986e-05
4450 4.001054e-05
4452 3.650533e-05
4468 2.179908e-05
4471 1.387953e-05
4550 9.137503e-06
4572 8.243494e-06
4589 7.575704e-06
4634 4.892312e-06
4663 4.279373e-06
4675 3.058151e-06
4685 3.030678e-06
4711 2.664802e-06
4739 1.770226e-06
4779 1.102693e-06
4829 8.922955e-07
4853 8.102411e-07
4875 6.007511e-07
4887 5.434391e-07
4899 1.770079e-07
4926 1.390646e-07
4956 1.045893e-07
4985 9.192067e-08
5052 9.147062e-08
5055 6.798151e-08
5066 6.248040e-08
5088 3.522080e-08
5114 2.702489e-08
5147 2.064541e-08
5162 1.956329e-08
5163 1.676422e-08
5173 1.488854e-08
5211 1.218295e-08
5216 9.257892e-09
34390 9.078709e-09
45533 7.706237e-09
62921 4.187734e-09
