1 4.335373e+03
2 3.007254e+03
3 8.453894e+02
201 7.729802e+02
241 7.062136e+02
243 6.925010e+02
280 6.779828e+02
281 4.697775e+02
390 4.316500e+02
560 4.245021e+02
589 4.185458e+02
614 4.108122e+02
644 4.102662e+02
665 4.089794e+02
701 4.074999e+02
706 4.057335e+02
765 4.032238e+02
863 4.025945e+02
865 4.024376e+02
886 4.023614e+02
893 4.009848e+02
924 4.005625e+02
1054 4.005171e+02
1060 4.004265e+02
1078 4.003790e+02
1110 4.003674e+02
1116 4.003485e+02
1120 4.003370e+02
1132 4.002674e+02
1191 4.002533e+02
1192 4.002376e+02
1247 4.002190e+02
1303 4.002086e+02
1379 4.002032e+02
1445 4.001994e+02
1452 4.001992e+02
1518 4.001970e+02
1525 4.001956e+02
1577 4.001947e+02
1711 4.001945e+02
1727 4.001944e+02
1740 4.001942e+02
1785 4.001941e+02
1829 4.001940e+02
1832 4.001940e+02
1837 4.001940e+02
1883 4.001940e+02
1885 4.001940e+02
1920 4.001940e+02
1929 4.001939e+02
1930 4.001939e+02
1938 4.001939e+02
1967 4.001939e+02
1985 4.001939e+02
2041 4.001939e+02
2058 4.001939e+02
2069 4.001939e+02
2091 4.001939e+02
2095 4.001939e+02
2098 4.001939e+02
2133 4.001939e+02
2214 4.001939e+02
2230 4.001939e+02
2271 4.001939e+02
2358 4.001939e+02
2433 4.001939e+02
2511 4.001939e+02
2532 4.001939e+02
2534 4.001939e+02
2536 4.001939e+02
2584 4.001939e+02
2599 4.001939e+02
2658 4.001939e+02
2714 4.001939e+02
2730 4.001939e+02
2735 4.001939e+02
2754 4.001939e+02
2828 4.001939e+02
2915 4.001939e+02
2955 4.001939e+02
3027 4.001939e+02
3290 4.001939e+02
3298 4.001939e+02
3321 4.001939e+02
3329 4.001939e+02
3347 4.001939e+02
3355 4.001939e+02
3427 4.001939e+02
3450 4.001939e+02
3497 4.001939e+02
3500 4.001939e+02
3519 4.001939e+02
3521 4.001939e+02
3533 4.001939e+02
3611 4.001939e+02
3637 4.001939e+02
3715 4.001939e+02
3733 4.001939e+02
3825 4.001939e+02
3832 4.001939e+02
3833 4.001939e+02
3843 4.001939e+02
3854 4.001939e+02
3861 4.001939e+02
3870 4.001939e+02
24010 3.886078e+02
24042 3.711874e+02
24045 3.649393e+02
24051 3.519273e+02
24052 3.519273e+02
24054 3.336130e+02
24055 3.336130e+02
24058 3.336130e+02
24061 3.336130e+02
24064 3.336130e+02
24067 3.336130e+02
24070 3.336130e+02
24072 3.242129e+02
24073 3.242129e+02
24076 3.242129e+02
24079 3.242129e+02
24082 3.242129e+02
24085 3.242129e+02
24088 3.242129e+02
24091 3.242129e+02
24094 3.242129e+02
24097 3.242129e+02
24100 3.242129e+02
24103 3.242129e+02
24109 3.242129e+02
24199 3.242129e+02
24202 3.242129e+02
24228 3.233371e+02
24236 2.990114e+02
24244 2.532230e+02
24279 2.424725e+02
24300 2.369788e+02
24301 2.369788e+02
24304 2.369788e+02
24307 2.369788e+02
24310 2.369788e+02
24313 2.369788e+02
24316 2.369788e+02
24319 2.369788e+02
24322 2.369788e+02
24325 2.369788e+02
24328 2.369788e+02
24331 2.369788e+02
24334 2.369788e+02
24337 2.369788e+02
24339 2.354194e+02
24341 2.304048e+02
24343 2.290071e+02
24344 2.290071e+02
24347 2.290071e+02
24350 2.290071e+02
24352 2.275464e+02
24353 2.275464e+02
24354 2.241618e+02
24362 2.190697e+02
24371 2.163988e+02
24372 2.163988e+02
24375 2.163988e+02
24378 2.163988e+02
24381 2.163988e+02
24383 2.151356e+02
24392 2.144696e+02
24399 2.144696e+02
24402 2.144696e+02
24405 2.144696e+02
24411 2.144696e+02
24414 2.144696e+02
24417 2.144696e+02
24420 2.144696e+02
24608 2.138889e+02
24609 2.138889e+02
24612 2.138889e+02
24613 2.123855e+02
24615 2.091156e+02
24616 2.091156e+02
24619 2.091156e+02
24622 2.091156e+02
24625 2.091156e+02
24628 2.091156e+02
24631 2.091156e+02
24634 2.091156e+02
24637 2.091156e+02
24640 2.091156e+02
24642 2.083188e+02
24643 2.083188e+02
24646 2.083188e+02
24649 2.083188e+02
24652 2.083188e+02
24655 2.083188e+02
24658 2.083188e+02
24661 2.083188e+02
24664 2.083188e+02
24667 2.083188e+02
24670 2.083188e+02
24673 2.083188e+02
24676 2.083188e+02
24679 2.083188e+02
24682 2.083188e+02
24685 2.083188e+02
24688 2.083188e+02
24691 2.083188e+02
24694 2.083188e+02
24706 2.083188e+02
24736 2.083188e+02
24739 2.083188e+02
24742 2.083188e+02
24745 2.083188e+02
24748 2.083188e+02
24751 2.083188e+02
24754 2.083188e+02
24766 2.083188e+02
24915 2.078550e+02
24916 2.078550e+02
24919 2.078550e+02
24920 2.069057e+02
24921 2.069057e+02
24924 2.069057e+02
24926 2.065986e+02
24927 2.065986e+02
24928 2.043991e+02
24949 2.042377e+02
25001 2.042377e+02
25016 2.042377e+02
25019 2.042377e+02
25025 2.042377e+02
25236 2.041727e+02
25237 2.041727e+02
25238 2.040042e+02
25239 2.040042e+02
25242 2.040042e+02
25243 2.035787e+02
25244 2.035787e+02
25247 2.035787e+02
25248 2.033937e+02
25254 2.033486e+02
25263 2.030588e+02
25264 2.030588e+02
25266 2.028136e+02
25267 2.028136e+02
25270 2.028136e+02
25272 2.027217e+02
25273 2.027217e+02
25276 2.027217e+02
25278 2.024344e+02
25279 2.024344e+02
25282 2.024344e+02
25285 2.024344e+02
25288 2.024344e+02
25351 2.024344e+02
25856 2.022735e+02
25858 2.017650e+02
25859 2.017650e+02
25862 2.017650e+02
25865 2.017650e+02
25868 2.017650e+02
25871 2.017650e+02
25872 2.012930e+02
25873 2.012930e+02
25876 2.012930e+02
25877 2.012767e+02
25878 2.012767e+02
25881 2.012767e+02
25974 2.012767e+02
26453 2.012154e+02
26454 2.012154e+02
26457 2.012154e+02
26460 2.012154e+02
26463 2.012154e+02
26466 2.012154e+02
26469 2.012154e+02
26472 2.012154e+02
26475 2.012154e+02
26477 2.009820e+02
30014 2.009820e+02
30017 2.009820e+02
30020 2.009820e+02
30023 2.009820e+02
30026 2.009820e+02
30029 2.009820e+02
30032 2.009820e+02
30035 2.009820e+02
30038 2.009820e+02
30041 2.009820e+02
30044 2.009820e+02
30047 2.009820e+02
