1 5.039150e+03
2 3.284660e+03
8 2.348643e+03
357 2.326418e+03
372 2.316956e+03
390 1.920608e+03
400 1.791984e+03
408 1.784848e+03
420 1.699434e+03
447 1.506908e+03
467 1.489917e+03
495 1.039413e+03
500 9.914369e+02
662 9.634844e+02
688 6.418701e+02
819 6.384484e+02
834 6.252930e+02
836 5.939887e+02
847 4.796187e+02
1058 4.707310e+02
1085 4.513262e+02
1087 4.510980e+02
1150 4.177593e+02
1228 3.916332e+02
1239 3.824704e+02
1351 3.728586e+02
1393 3.632727e+02
1479 3.259583e+02
1609 3.130014e+02
1656 3.024847e+02
1926 2.634245e+02
2021 2.427437e+02
4049 2.404199e+02
5304 2.156620e+02
8477 2.142630e+02
8967 1.975545e+02
9450 1.945124e+02
9687 1.927371e+02
9811 1.477947e+02
10640 1.420635e+02
10672 1.320588e+02
10766 1.253392e+02
10822 1.243661e+02
10916 1.241110e+02
10924 1.177720e+02
10944 1.002492e+02
10965 8.687912e+01
11488 7.769243e+01
11686 7.496820e+01
11700 6.985749e+01
11707 6.778372e+01
11803 6.343742e+01
11985 6.031822e+01
12030 5.998505e+01
12071 5.943498e+01
12094 5.617764e+01
12219 5.614994e+01
12261 5.562947e+01
12272 5.549487e+01
12275 5.305980e+01
12477 5.297275e+01
12535 5.294671e+01
12606 5.208718e+01
12730 5.178414e+01
12758 5.122536e+01
13004 5.078434e+01
13021 5.064109e+01
13056 5.055395e+01
13157 5.005226e+01
13235 5.004989e+01
13263 4.997864e+01
13284 4.980117e+01
13366 4.965844e+01
13409 4.960542e+01
13441 4.957305e+01
13459 4.945014e+01
13642 4.929080e+01
13784 4.923015e+01
13798 4.922629e+01
13854 4.922413e+01
13932 4.918315e+01
14000 4.910699e+01
14058 4.903771e+01
14174 4.899204e+01
14199 4.898434e+01
14280 4.894587e+01
14373 4.890426e+01
14407 4.887149e+01
14462 4.887021e+01
14506 4.885338e+01
14564 4.884241e+01
14587 4.883320e+01
14682 4.882757e+01
14700 4.882518e+01
14756 4.877834e+01
14951 4.875175e+01
14971 4.873166e+01
15064 4.871584e+01
15121 4.870984e+01
15147 4.870693e+01
15168 4.870055e+01
15297 4.869062e+01
15353 4.868557e+01
15368 4.865993e+01
15375 4.865739e+01
15397 4.864631e+01
15403 4.864486e+01
15426 4.863699e+01
15472 4.861494e+01
15823 4.861140e+01
15860 4.861000e+01
15869 4.860344e+01
15915 4.860236e+01
15930 4.860129e+01
15962 4.860026e+01
15963 4.859691e+01
15987 4.859545e+01
16003 4.858683e+01
16060 4.858308e+01
16112 4.857907e+01
16178 4.857383e+01
16300 4.857250e+01
16413 4.857242e+01
16435 4.856639e+01
16456 4.856289e+01
16468 4.856221e+01
16510 4.855733e+01
16607 4.855528e+01
16665 4.855093e+01
16814 4.854735e+01
16841 4.854691e+01
16845 4.854649e+01
16887 4.854400e+01
16975 4.853852e+01
17054 4.853844e+01
17160 4.853701e+01
17243 4.853647e+01
17299 4.853620e+01
17355 4.853440e+01
17390 4.853343e+01
17426 4.853311e+01
17477 4.853302e+01
17479 4.853204e+01
17534 4.853070e+01
17612 4.852980e+01
17622 4.852956e+01
17637 4.852842e+01
17657 4.852744e+01
17962 4.852711e+01
18026 4.852661e+01
18029 4.852488e+01
18039 4.852385e+01
18102 4.852330e+01
18122 4.852199e+01
18188 4.852089e+01
18320 4.852028e+01
18353 4.851988e+01
18516 4.851974e+01
18525 4.851970e+01
18532 4.851965e+01
18554 4.851965e+01
18556 4.851952e+01
18567 4.851916e+01
18573 4.851793e+01
18809 4.851787e+01
18818 4.851774e+01
18829 4.851773e+01
18830 4.851752e+01
18934 4.851739e+01
18949 4.851726e+01
18976 4.851726e+01
18983 4.851720e+01
19008 4.851710e+01
19009 4.851643e+01
19165 4.851628e+01
19312 4.851616e+01
19378 4.851605e+01
19392 4.851605e+01
19422 4.851605e+01
19439 4.851596e+01
19501 4.851591e+01
19509 4.851580e+01
19735 4.851573e+01
19805 4.851573e+01
19829 4.851570e+01
19834 4.851567e+01
19892 4.851565e+01
19954 4.851562e+01
19961 4.851561e+01
19977 4.851560e+01
20020 4.851558e+01
20130 4.851557e+01
20132 4.851556e+01
20160 4.851554e+01
20194 4.851552e+01
20219 4.851550e+01
20257 4.851544e+01
20417 4.851544e+01
20563 4.851542e+01
20697 4.851542e+01
20703 4.851542e+01
20714 4.851542e+01
20738 4.851542e+01
20743 4.851540e+01
20869 4.851539e+01
21004 4.851539e+01
21115 4.851539e+01
21125 4.851538e+01
21261 4.851537e+01
21295 4.851537e+01
21315 4.851537e+01
21337 4.851537e+01
21366 4.851537e+01
21372 4.851537e+01
21512 4.851536e+01
21532 4.851536e+01
21606 4.851536e+01
21613 4.851536e+01
21672 4.851536e+01
21689 4.851536e+01
21726 4.851536e+01
21776 4.851536e+01
21888 4.851536e+01
21899 4.851535e+01
21902 4.851535e+01
22132 4.851535e+01
22192 4.851535e+01
22203 4.851535e+01
22227 4.851535e+01
22244 4.851535e+01
22249 4.851535e+01
22298 4.851535e+01
22345 4.851535e+01
22428 4.851535e+01
22588 4.851535e+01
22590 4.851535e+01
22681 4.851535e+01
22712 4.851535e+01
22755 4.851535e+01
22788 4.851535e+01
22872 4.851535e+01
22888 4.851535e+01
22934 4.851535e+01
22952 4.851535e+01
22966 4.851535e+01
23028 4.851535e+01
23222 4.851535e+01
23223 4.851535e+01
23300 4.851535e+01
23319 4.851535e+01
23332 4.851535e+01
23342 4.851535e+01
23428 4.851535e+01
23434 4.851535e+01
23448 4.851535e+01
23578 4.851535e+01
23679 4.851535e+01
23712 4.851535e+01
23724 4.851535e+01
23729 4.851535e+01
23737 4.851535e+01
23780 4.851535e+01
23791 4.851535e+01
23817 4.851535e+01
23854 4.851535e+01
23918 4.851535e+01
23936 4.851535e+01
23945 4.851535e+01
23947 4.851535e+01
24011 4.851535e+01
24090 4.851535e+01
24096 4.851535e+01
24122 4.851535e+01
24124 4.851535e+01
24159 4.851535e+01
24226 4.851535e+01
24230 4.851535e+01
24232 4.851535e+01
24444 4.851535e+01
24518 4.851535e+01
24531 4.851535e+01
24554 4.851535e+01
24582 4.851535e+01
24656 4.851535e+01
24679 4.851535e+01
24733 4.851535e+01
24753 4.851535e+01
24760 4.851535e+01
24770 4.851535e+01
24800 4.851535e+01
24802 4.851535e+01
24808 4.851535e+01
24854 4.851535e+01
24928 4.851535e+01
25014 4.851535e+01
25133 4.851535e+01
25161 4.851535e+01
25207 4.851535e+01
25230 4.851535e+01
25236 4.851535e+01
25406 4.851535e+01
25423 4.851535e+01
25488 4.851535e+01
25527 4.851535e+01
25580 4.851535e+01
25602 4.851535e+01
25630 4.851535e+01
25651 4.851535e+01
25658 4.851535e+01
25747 4.851535e+01
25763 4.851535e+01
25789 4.851535e+01
25790 4.851535e+01
25816 4.851535e+01
25820 4.851535e+01
25861 4.851535e+01
25918 4.851535e+01
25988 4.851535e+01
26129 4.851535e+01
26174 4.851535e+01
26203 4.851535e+01
26217 4.851535e+01
26349 4.851535e+01
26363 4.851535e+01
26384 4.851535e+01
26406 4.851535e+01
26487 4.851535e+01
26547 4.851535e+01
26585 4.851535e+01
26604 4.851535e+01
26606 4.851535e+01
26609 4.851535e+01
103160 4.836445e+01
103251 4.814979e+01
103259 4.785222e+01
103354 4.757725e+01
103516 4.731801e+01
103695 4.725335e+01
103698 4.722848e+01
103755 4.718307e+01
103804 4.707224e+01
103844 4.703124e+01
103863 4.701459e+01
103947 4.692656e+01
103974 4.679341e+01
104090 4.676262e+01
104124 4.669980e+01
104375 4.662431e+01
104410 4.654611e+01
104523 4.654557e+01
104542 4.652047e+01
104624 4.650986e+01
104666 4.649727e+01
104688 4.641285e+01
104751 4.639622e+01
104868 4.639619e+01
104875 4.639435e+01
104893 4.638093e+01
104947 4.636102e+01
105099 4.633123e+01
105222 4.632551e+01
105233 4.632157e+01
105300 4.631150e+01
105327 4.627980e+01
105467 4.627374e+01
105560 4.627217e+01
105562 4.626861e+01
105579 4.626685e+01
105611 4.626386e+01
105681 4.626225e+01
105740 4.625662e+01
105786 4.625306e+01
105823 4.625196e+01
105839 4.623644e+01
105992 4.623353e+01
106082 4.622830e+01
106148 4.622530e+01
106177 4.622452e+01
106247 4.622395e+01
106301 4.622004e+01
106345 4.621860e+01
106359 4.621655e+01
106433 4.621458e+01
106521 4.621450e+01
106526 4.621436e+01
106565 4.621369e+01
106594 4.621177e+01
106630 4.621113e+01
106666 4.620901e+01
106726 4.620835e+01
106736 4.620568e+01
106804 4.620403e+01
106945 4.620328e+01
107003 4.620263e+01
107061 4.620156e+01
107099 4.620079e+01
107195 4.620014e+01
107215 4.619998e+01
107218 4.619781e+01
107360 4.619691e+01
107423 4.619652e+01
107501 4.619602e+01
107541 4.619532e+01
107616 4.619509e+01
107749 4.619435e+01
107835 4.619413e+01
107863 4.619338e+01
107931 4.619311e+01
108046 4.619265e+01
108052 4.619241e+01
108118 4.619241e+01
108290 4.619207e+01
108341 4.619195e+01
108379 4.619159e+01
108461 4.619150e+01
108490 4.619133e+01
108526 4.619125e+01
108543 4.619067e+01
108768 4.619067e+01
108788 4.619054e+01
108895 4.619053e+01
108979 4.619024e+01
109091 4.619018e+01
109135 4.619018e+01
109139 4.619011e+01
109155 4.619009e+01
109238 4.619000e+01
109302 4.618998e+01
109326 4.618993e+01
109362 4.618987e+01
109406 4.618980e+01
109418 4.618980e+01
109501 4.618980e+01
109520 4.618978e+01
109573 4.618977e+01
109585 4.618974e+01
109662 4.618972e+01
109691 4.618969e+01
109705 4.618969e+01
109713 4.618968e+01
109749 4.618964e+01
109783 4.618961e+01
109812 4.618961e+01
109888 4.618960e+01
109911 4.618959e+01
109930 4.618958e+01
109945 4.618958e+01
109971 4.618956e+01
110057 4.618956e+01
110067 4.618955e+01
110128 4.618954e+01
110130 4.618953e+01
110164 4.618952e+01
110192 4.618952e+01
110211 4.618952e+01
110219 4.618952e+01
110253 4.618952e+01
110283 4.618951e+01
110318 4.618950e+01
110419 4.618950e+01
110580 4.618950e+01
110588 4.618949e+01
110635 4.618949e+01
110710 4.618948e+01
110712 4.618948e+01
110713 4.618948e+01
110755 4.618948e+01
110779 4.618948e+01
110797 4.618948e+01
110839 4.618947e+01
110916 4.618947e+01
110942 4.618947e+01
110964 4.618947e+01
110965 4.618947e+01
111007 4.618947e+01
111083 4.618947e+01
111095 4.618946e+01
111177 4.618946e+01
111206 4.618946e+01
111210 4.618946e+01
111221 4.618946e+01
111231 4.618946e+01
111233 4.618946e+01
111256 4.618946e+01
111295 4.618946e+01
111313 4.618946e+01
111323 4.618946e+01
111410 4.618946e+01
111505 4.618946e+01
111564 4.618946e+01
111598 4.618946e+01
111604 4.618946e+01
111612 4.618946e+01
111687 4.618946e+01
111693 4.618946e+01
111696 4.618946e+01
111713 4.618946e+01
111714 4.618946e+01
111717 4.618946e+01
111839 4.618946e+01
111970 4.618946e+01
111974 4.618946e+01
111980 4.618946e+01
112030 4.618946e+01
112045 4.618946e+01
112163 4.618945e+01
112166 4.618945e+01
112197 4.618945e+01
112215 4.618945e+01
112265 4.618945e+01
112313 4.618945e+01
112314 4.618945e+01
112315 4.618945e+01
112398 4.618945e+01
112407 4.618945e+01
112536 4.618945e+01
112550 4.618945e+01
112560 4.618945e+01
112651 4.618945e+01
112688 4.618945e+01
112708 4.618945e+01
112710 4.618945e+01
112736 4.618945e+01
112813 4.618945e+01
112831 4.618945e+01
112889 4.618945e+01
113005 4.618945e+01
113026 4.618945e+01
113192 4.618945e+01
113287 4.618945e+01
113393 4.618945e+01
113396 4.618945e+01
113539 4.618945e+01
113548 4.618945e+01
113553 4.618945e+01
113559 4.618945e+01
113649 4.618945e+01
113679 4.618945e+01
113707 4.618945e+01
113804 4.618945e+01
113924 4.618945e+01
113955 4.618945e+01
114006 4.618945e+01
114018 4.618945e+01
114070 4.618945e+01
114171 4.618945e+01
114172 4.618945e+01
114198 4.618945e+01
114285 4.618945e+01
114396 4.618945e+01
114409 4.618945e+01
114447 4.618945e+01
114457 4.618945e+01
114486 4.618945e+01
114649 4.618945e+01
114679 4.618945e+01
114711 4.618945e+01
114756 4.618945e+01
114770 4.618945e+01
114772 4.618945e+01
114829 4.618945e+01
114928 4.618945e+01
114999 4.618945e+01
115001 4.618945e+01
115051 4.618945e+01
115077 4.618945e+01
115103 4.618945e+01
115131 4.618945e+01
115171 4.618945e+01
115172 4.618945e+01
115195 4.618945e+01
115257 4.618945e+01
115290 4.618945e+01
115299 4.618945e+01
115326 4.618945e+01
115373 4.618945e+01
115376 4.618945e+01
115386 4.618945e+01
115427 4.618945e+01
115538 4.618945e+01
115650 4.618945e+01
115700 4.618945e+01
115712 4.618945e+01
115717 4.618945e+01
115719 4.618945e+01
115726 4.618945e+01
115732 4.618945e+01
115754 4.618945e+01
115759 4.618945e+01
115760 4.618945e+01
115790 4.618945e+01
115811 4.618945e+01
115888 4.618945e+01
115925 4.618945e+01
116135 4.618945e+01
116163 4.618945e+01
116174 4.618945e+01
116231 4.618945e+01
116251 4.618945e+01
116270 4.618945e+01
161268 4.485621e+01
161317 4.196857e+01
161590 4.195880e+01
161996 4.104256e+01
162151 4.023237e+01
162255 3.979034e+01
162407 3.971894e+01
162440 3.915854e+01
162663 3.886348e+01
162800 3.884876e+01
162920 3.856466e+01
163160 3.800880e+01
163700 3.789904e+01
163707 3.783993e+01
163782 3.775852e+01
163808 3.768772e+01
164029 3.765309e+01
164034 3.728513e+01
164205 3.703424e+01
164209 3.695962e+01
165160 3.690546e+01
165743 3.683027e+01
166002 3.667938e+01
166078 3.665876e+01
166291 3.655136e+01
166639 3.649394e+01
166938 3.646484e+01
167059 3.644742e+01
167212 3.644476e+01
167306 3.644210e+01
167444 3.641695e+01
167469 3.639039e+01
167797 3.638132e+01
167819 3.637255e+01
167902 3.635574e+01
168021 3.635082e+01
168826 3.634982e+01
168837 3.634445e+01
168838 3.631629e+01
169144 3.630964e+01
169548 3.630738e+01
169574 3.630684e+01
169617 3.630184e+01
169774 3.629724e+01
169814 3.629317e+01
170017 3.628985e+01
170087 3.628813e+01
170311 3.628452e+01
170359 3.628298e+01
170431 3.628240e+01
170490 3.628119e+01
170593 3.628036e+01
170723 3.627996e+01
170799 3.627917e+01
170856 3.627907e+01
170915 3.627811e+01
170934 3.627612e+01
171136 3.627357e+01
171451 3.627329e+01
171501 3.627327e+01
171549 3.627322e+01
171627 3.627249e+01
171773 3.627193e+01
171830 3.627184e+01
171841 3.627092e+01
172024 3.627084e+01
172220 3.627072e+01
172267 3.627041e+01
172305 3.627016e+01
172395 3.626992e+01
172739 3.626958e+01
172742 3.626957e+01
172806 3.626956e+01
172810 3.626915e+01
172840 3.626900e+01
173052 3.626899e+01
173058 3.626861e+01
173149 3.626861e+01
173162 3.626846e+01
173256 3.626832e+01
173591 3.626815e+01
174078 3.626812e+01
174159 3.626811e+01
174164 3.626805e+01
174274 3.626803e+01
174288 3.626799e+01
174462 3.626796e+01
174542 3.626795e+01
174561 3.626795e+01
174765 3.626790e+01
174866 3.626788e+01
174913 3.626788e+01
174918 3.626787e+01
174925 3.626784e+01
175008 3.626781e+01
175057 3.626776e+01
175140 3.626772e+01
175228 3.626772e+01
175494 3.626771e+01
175547 3.626770e+01
175848 3.626769e+01
175871 3.626768e+01
175966 3.626763e+01
176028 3.626762e+01
176476 3.626762e+01
176500 3.626762e+01
176514 3.626762e+01
176603 3.626761e+01
176606 3.626760e+01
176729 3.626759e+01
176748 3.626758e+01
177047 3.626757e+01
177099 3.626757e+01
177119 3.626756e+01
177250 3.626756e+01
177321 3.626756e+01
177536 3.626755e+01
177581 3.626755e+01
177655 3.626755e+01
177689 3.626755e+01
177778 3.626755e+01
177905 3.626754e+01
177956 3.626754e+01
178405 3.626754e+01
178588 3.626754e+01
178737 3.626754e+01
179086 3.626754e+01
179513 3.626753e+01
179676 3.626753e+01
179768 3.626753e+01
179812 3.626753e+01
179837 3.626753e+01
179987 3.626753e+01
180016 3.626753e+01
180076 3.626753e+01
180100 3.626753e+01
180151 3.626753e+01
180263 3.626753e+01
180519 3.626753e+01
180634 3.626753e+01
181213 3.626753e+01
181229 3.626753e+01
181322 3.626753e+01
181533 3.626753e+01
181736 3.626753e+01
181859 3.626753e+01
181949 3.626753e+01
182064 3.626753e+01
182155 3.626753e+01
182292 3.626753e+01
182354 3.626753e+01
182428 3.626753e+01
182452 3.626753e+01
182526 3.626753e+01
182564 3.626753e+01
182680 3.626753e+01
182697 3.626753e+01
182811 3.626753e+01
182977 3.626753e+01
183036 3.626753e+01
183094 3.626753e+01
183113 3.626753e+01
183222 3.626753e+01
183317 3.626753e+01
183470 3.626753e+01
183583 3.626753e+01
183686 3.626753e+01
183816 3.626753e+01
183909 3.626753e+01
184041 3.626753e+01
184088 3.626753e+01
184184 3.626753e+01
184185 3.626753e+01
184199 3.626753e+01
184281 3.626753e+01
184309 3.626753e+01
184333 3.626753e+01
184766 3.626753e+01
184810 3.626753e+01
184870 3.626753e+01
184897 3.626753e+01
184960 3.626753e+01
185125 3.626753e+01
185314 3.626753e+01
185415 3.626753e+01
185568 3.626753e+01
185709 3.626753e+01
185792 3.626753e+01
185826 3.626753e+01
185849 3.626753e+01
185947 3.626753e+01
186025 3.626753e+01
186053 3.626753e+01
186290 3.626753e+01
186340 3.626753e+01
186499 3.626753e+01
186721 3.626753e+01
186843 3.626753e+01
186903 3.626753e+01
187049 3.626753e+01
187086 3.626753e+01
187194 3.626753e+01
187279 3.626753e+01
187283 3.626753e+01
187400 3.626753e+01
187409 3.626753e+01
187516 3.626753e+01
187536 3.626753e+01
187553 3.626753e+01
187585 3.626753e+01
187631 3.626753e+01
187637 3.626753e+01
187643 3.626753e+01
187743 3.626753e+01
188003 3.626753e+01
188218 3.626753e+01
