1 9.855018e+03
3 8.348787e+03
17 7.906860e+03
32 7.181575e+03
67 6.706847e+03
213 6.628967e+03
216 6.470250e+03
227 5.554693e+03
274 4.744263e+03
392 4.702113e+03
405 4.611396e+03
432 4.480192e+03
450 3.828688e+03
468 3.705667e+03
472 3.698520e+03
502 3.529598e+03
513 3.511739e+03
517 3.443820e+03
544 3.366894e+03
549 3.215292e+03
556 3.095403e+03
582 2.790776e+03
598 2.691857e+03
623 2.658810e+03
692 2.654730e+03
716 2.447463e+03
818 2.321327e+03
824 2.188780e+03
878 2.096832e+03
971 2.052987e+03
1008 2.029464e+03
1012 2.014155e+03
1013 1.968130e+03
1052 1.877812e+03
1058 1.512077e+03
1395 1.480424e+03
1396 1.473083e+03
1406 1.391367e+03
1436 1.366452e+03
1464 1.360340e+03
1489 1.302045e+03
1511 1.291639e+03
1515 1.269207e+03
1516 1.259989e+03
1598 1.230704e+03
1601 1.060044e+03
1668 1.039839e+03
1708 8.864386e+02
1917 8.755477e+02
1929 8.500315e+02
1946 7.575139e+02
2158 7.360696e+02
2164 6.672287e+02
2234 6.155633e+02
2453 5.993228e+02
2465 5.915433e+02
2483 5.908003e+02
2496 5.885939e+02
2499 5.804855e+02
2508 5.528513e+02
2562 5.052099e+02
2700 4.926553e+02
2761 4.912473e+02
2772 4.879962e+02
2776 4.864552e+02
2805 4.770562e+02
2806 4.726195e+02
2844 4.474306e+02
2905 4.371501e+02
2923 4.185231e+02
3057 4.070730e+02
3065 4.041064e+02
3142 3.992197e+02
3159 3.851601e+02
3208 3.819297e+02
3236 3.730343e+02
3301 3.702930e+02
3342 3.694883e+02
3350 3.646641e+02
3363 3.566088e+02
3424 3.543551e+02
3463 3.532308e+02
3490 3.449151e+02
3552 3.441684e+02
3554 3.386890e+02
3651 3.369209e+02
3681 3.363767e+02
3689 3.320286e+02
3736 3.314478e+02
3744 3.295769e+02
3830 3.290037e+02
3844 3.274827e+02
3848 3.273312e+02
3854 3.237249e+02
3892 3.200843e+02
4018 3.186372e+02
4086 3.177576e+02
4088 3.175326e+02
4101 3.156714e+02
4142 3.146242e+02
4208 3.122613e+02
4300 3.120231e+02
4365 3.114669e+02
4368 3.113991e+02
4388 3.104669e+02
4390 3.101933e+02
4421 3.099996e+02
4463 3.097935e+02
4529 3.091844e+02
4546 3.071641e+02
4722 3.070064e+02
4746 3.069136e+02
4751 3.063168e+02
4793 3.058944e+02
4843 3.048963e+02
4987 3.046902e+02
5002 3.036409e+02
5075 3.035230e+02
5121 3.034586e+02
5149 3.034488e+02
5182 3.031359e+02
5189 3.031197e+02
5196 3.028515e+02
5227 3.028118e+02
5300 3.027337e+02
5303 3.023237e+02
5363 3.022104e+02
5471 3.021475e+02
5480 3.017177e+02
5586 3.016314e+02
5587 3.016282e+02
5630 3.015608e+02
5632 3.013621e+02
5660 3.013520e+02
5679 3.012669e+02
5685 3.011734e+02
5761 3.011130e+02
5794 3.010260e+02
5820 3.009439e+02
5886 3.008753e+02
5968 3.008500e+02
5978 3.006758e+02
6155 3.006019e+02
6232 3.005959e+02
6303 3.005551e+02
6314 3.005195e+02
6333 3.004662e+02
6417 3.003570e+02
6501 3.003517e+02
6554 3.003363e+02
6628 3.003057e+02
6659 3.002781e+02
6732 3.002603e+02
6738 3.002418e+02
6820 3.002376e+02
6822 3.002124e+02
6831 3.002108e+02
6876 3.002027e+02
6880 3.002005e+02
6912 3.001685e+02
6919 3.001684e+02
6967 3.001408e+02
7156 3.001350e+02
7188 3.001305e+02
7193 3.001258e+02
7205 3.001223e+02
7272 3.001033e+02
7305 3.000895e+02
7351 3.000771e+02
7462 3.000743e+02
7492 3.000678e+02
7639 3.000654e+02
7677 3.000627e+02
7701 3.000465e+02
7798 3.000462e+02
7835 3.000415e+02
7903 3.000404e+02
7936 3.000389e+02
8001 3.000388e+02
8013 3.000374e+02
8029 3.000318e+02
8080 3.000310e+02
8104 3.000308e+02
8122 3.000280e+02
8181 3.000266e+02
8184 3.000254e+02
8309 3.000254e+02
8310 3.000253e+02
8313 3.000238e+02
8322 3.000213e+02
8428 3.000212e+02
8435 3.000201e+02
8479 3.000192e+02
8489 3.000186e+02
8500 3.000185e+02
8502 3.000175e+02
8531 3.000160e+02
8536 3.000155e+02
8594 3.000147e+02
8606 3.000142e+02
8610 3.000138e+02
8710 3.000127e+02
8711 3.000126e+02
8713 3.000122e+02
8745 3.000120e+02
8747 3.000119e+02
8751 3.000116e+02
8752 3.000115e+02
8764 3.000101e+02
8782 3.000100e+02
8791 3.000097e+02
8809 3.000097e+02
8833 3.000097e+02
8837 3.000096e+02
8846 3.000090e+02
8860 3.000084e+02
8914 3.000083e+02
8934 3.000079e+02
8989 3.000079e+02
8995 3.000074e+02
9042 3.000068e+02
9055 3.000064e+02
9154 3.000059e+02
9200 3.000056e+02
9244 3.000055e+02
9247 3.000043e+02
9384 3.000043e+02
9409 3.000042e+02
9438 3.000041e+02
9446 3.000038e+02
9523 3.000032e+02
9582 3.000031e+02
9587 3.000031e+02
9591 3.000029e+02
9600 3.000027e+02
9659 3.000027e+02
9709 3.000026e+02
9797 3.000025e+02
9829 3.000024e+02
9840 3.000023e+02
9845 3.000023e+02
9891 3.000022e+02
9909 3.000021e+02
9912 3.000021e+02
9921 3.000021e+02
9946 3.000018e+02
9952 3.000016e+02
9976 3.000015e+02
10042 3.000015e+02
10053 3.000014e+02
10128 3.000014e+02
10136 3.000013e+02
10297 3.000012e+02
10334 3.000012e+02
10360 3.000012e+02
10367 3.000011e+02
10403 3.000010e+02
10450 3.000009e+02
10480 3.000009e+02
10484 3.000009e+02
10523 3.000008e+02
10538 3.000008e+02
10580 3.000007e+02
10678 3.000007e+02
10689 3.000007e+02
10694 3.000006e+02
10734 3.000006e+02
10736 3.000006e+02
10816 3.000006e+02
10842 3.000005e+02
10857 3.000005e+02
10916 3.000004e+02
10962 3.000004e+02
10988 3.000004e+02
11043 3.000003e+02
11065 3.000003e+02
11101 3.000003e+02
11118 3.000003e+02
11191 3.000003e+02
11192 3.000003e+02
11248 3.000003e+02
11258 3.000002e+02
11316 3.000002e+02
11395 3.000002e+02
11408 3.000002e+02
11459 3.000002e+02
11493 3.000002e+02
11547 3.000001e+02
11561 3.000001e+02
11567 3.000001e+02
11573 3.000001e+02
11588 3.000001e+02
11600 3.000001e+02
11605 3.000001e+02
11625 3.000001e+02
11682 3.000001e+02
11689 3.000001e+02
11809 3.000001e+02
11836 3.000001e+02
12033 3.000001e+02
12042 3.000001e+02
12061 3.000001e+02
12095 3.000001e+02
12102 3.000001e+02
12116 3.000001e+02
12205 3.000000e+02
12394 3.000000e+02
12470 3.000000e+02
12486 3.000000e+02
12532 3.000000e+02
12604 3.000000e+02
12613 3.000000e+02
12639 3.000000e+02
12681 3.000000e+02
12682 3.000000e+02
12708 3.000000e+02
12757 3.000000e+02
12792 3.000000e+02
12846 3.000000e+02
12894 3.000000e+02
12945 3.000000e+02
12966 3.000000e+02
13004 3.000000e+02
13020 3.000000e+02
13077 3.000000e+02
13102 3.000000e+02
13147 3.000000e+02
13186 3.000000e+02
13228 3.000000e+02
13240 3.000000e+02
13294 3.000000e+02
13319 3.000000e+02
13355 3.000000e+02
13435 3.000000e+02
13496 3.000000e+02
13503 3.000000e+02
13506 3.000000e+02
13590 3.000000e+02
13606 3.000000e+02
13665 3.000000e+02
13684 3.000000e+02
13723 3.000000e+02
13807 3.000000e+02
13811 3.000000e+02
13820 3.000000e+02
13849 3.000000e+02
13860 3.000000e+02
13863 3.000000e+02
13917 3.000000e+02
13952 3.000000e+02
13966 3.000000e+02
13979 3.000000e+02
14179 3.000000e+02
14189 3.000000e+02
14195 3.000000e+02
14284 3.000000e+02
14289 3.000000e+02
14400 3.000000e+02
14512 3.000000e+02
14684 3.000000e+02
14735 3.000000e+02
14767 3.000000e+02
14805 3.000000e+02
14842 3.000000e+02
14980 3.000000e+02
15002 3.000000e+02
15089 3.000000e+02
15167 3.000000e+02
15191 3.000000e+02
15194 3.000000e+02
15261 3.000000e+02
15348 3.000000e+02
15493 3.000000e+02
15499 3.000000e+02
15542 3.000000e+02
15589 3.000000e+02
15621 3.000000e+02
15683 3.000000e+02
15689 3.000000e+02
15725 3.000000e+02
15744 3.000000e+02
15745 3.000000e+02
15773 3.000000e+02
15850 3.000000e+02
15875 3.000000e+02
15920 3.000000e+02
15925 3.000000e+02
15929 3.000000e+02
15944 3.000000e+02
15985 3.000000e+02
16016 3.000000e+02
16085 3.000000e+02
16232 3.000000e+02
16233 3.000000e+02
16294 3.000000e+02
16344 3.000000e+02
16363 3.000000e+02
16421 3.000000e+02
16515 3.000000e+02
16517 3.000000e+02
16579 3.000000e+02
16598 3.000000e+02
16655 3.000000e+02
16703 3.000000e+02
16739 3.000000e+02
16779 3.000000e+02
16810 3.000000e+02
16856 3.000000e+02
16882 3.000000e+02
16937 3.000000e+02
16952 3.000000e+02
16953 3.000000e+02
16954 3.000000e+02
16984 3.000000e+02
17029 3.000000e+02
17058 3.000000e+02
17061 3.000000e+02
17076 3.000000e+02
17166 3.000000e+02
17167 3.000000e+02
17217 3.000000e+02
17262 3.000000e+02
17314 3.000000e+02
17368 3.000000e+02
17393 3.000000e+02
17551 3.000000e+02
17559 3.000000e+02
17654 3.000000e+02
17672 3.000000e+02
17709 3.000000e+02
17747 3.000000e+02
17760 3.000000e+02
17762 3.000000e+02
17892 3.000000e+02
17931 3.000000e+02
17952 3.000000e+02
17956 3.000000e+02
17988 3.000000e+02
18064 3.000000e+02
18078 3.000000e+02
18118 3.000000e+02
18144 3.000000e+02
18158 3.000000e+02
18314 3.000000e+02
18348 3.000000e+02
18367 3.000000e+02
18370 3.000000e+02
18395 3.000000e+02
18500 3.000000e+02
18528 3.000000e+02
18599 3.000000e+02
18611 3.000000e+02
18619 3.000000e+02
18645 3.000000e+02
18652 3.000000e+02
18756 3.000000e+02
18778 3.000000e+02
18800 3.000000e+02
18810 3.000000e+02
18818 3.000000e+02
18844 3.000000e+02
18860 3.000000e+02
18862 3.000000e+02
18902 3.000000e+02
18922 3.000000e+02
18977 3.000000e+02
19029 3.000000e+02
19040 3.000000e+02
19107 3.000000e+02
19112 3.000000e+02
19206 3.000000e+02
19328 3.000000e+02
19332 3.000000e+02
19348 3.000000e+02
19353 3.000000e+02
19365 3.000000e+02
19401 3.000000e+02
19521 3.000000e+02
19536 3.000000e+02
19545 3.000000e+02
19631 3.000000e+02
19636 3.000000e+02
19681 3.000000e+02
19914 3.000000e+02
19926 3.000000e+02
19951 3.000000e+02
19977 3.000000e+02
20024 3.000000e+02
20037 3.000000e+02
20052 3.000000e+02
20063 3.000000e+02
20085 3.000000e+02
20199 3.000000e+02
60146 2.959663e+02
60147 2.959663e+02
60149 2.925174e+02
60150 2.925174e+02
60152 2.908958e+02
60153 2.908958e+02
60156 2.908958e+02
60159 2.908958e+02
60162 2.908958e+02
60165 2.908958e+02
60167 2.854149e+02
60168 2.854149e+02
60171 2.854149e+02
60173 2.766941e+02
60194 2.760395e+02
60200 2.707360e+02
60209 2.615375e+02
60210 2.615375e+02
60213 2.615375e+02
60216 2.615375e+02
60219 2.615375e+02
60222 2.615375e+02
60225 2.615375e+02
60228 2.615375e+02
60231 2.615375e+02
60233 2.609997e+02
60234 2.609997e+02
60237 2.609997e+02
60240 2.609997e+02
60243 2.609997e+02
60246 2.609997e+02
60249 2.609997e+02
60252 2.609997e+02
60255 2.609997e+02
60258 2.609997e+02
60261 2.609997e+02
60264 2.609997e+02
60267 2.609997e+02
60270 2.609997e+02
60273 2.609997e+02
60276 2.609997e+02
60279 2.609997e+02
60282 2.609997e+02
60285 2.609997e+02
60288 2.609997e+02
60291 2.609997e+02
60294 2.609997e+02
60297 2.609997e+02
60300 2.609997e+02
60303 2.609997e+02
60306 2.609997e+02
60309 2.609997e+02
60312 2.609997e+02
60315 2.609997e+02
60318 2.609997e+02
60321 2.609997e+02
60324 2.609997e+02
60327 2.609997e+02
60330 2.609997e+02
60333 2.609997e+02
60336 2.609997e+02
60337 2.601405e+02
60349 2.581508e+02
60350 2.581508e+02
60353 2.581508e+02
60356 2.581508e+02
60357 2.563502e+02
60358 2.563502e+02
60361 2.563502e+02
60364 2.563502e+02
60367 2.563502e+02
60369 2.559942e+02
60370 2.559942e+02
60373 2.559942e+02
60376 2.559942e+02
60379 2.559942e+02
60382 2.559942e+02
60384 2.540689e+02
60396 2.517644e+02
60405 2.516624e+02
60406 2.516624e+02
60409 2.516624e+02
60412 2.516624e+02
60415 2.516624e+02
60418 2.516624e+02
60421 2.516624e+02
60424 2.516624e+02
60426 2.489047e+02
60427 2.489047e+02
60430 2.489047e+02
60433 2.489047e+02
60436 2.489047e+02
60439 2.489047e+02
60442 2.489047e+02
60445 2.489047e+02
60447 2.465359e+02
60448 2.465359e+02
60451 2.465359e+02
60454 2.465359e+02
60457 2.465359e+02
60460 2.465359e+02
60463 2.465359e+02
60466 2.465359e+02
60469 2.465359e+02
60472 2.465359e+02
60475 2.465359e+02
60478 2.465359e+02
60481 2.465359e+02
60484 2.465359e+02
60487 2.465359e+02
60490 2.465359e+02
60493 2.465359e+02
60496 2.465359e+02
60499 2.465359e+02
60502 2.465359e+02
60505 2.465359e+02
60508 2.465359e+02
60511 2.465359e+02
60514 2.465359e+02
60517 2.465359e+02
60520 2.465359e+02
60523 2.465359e+02
60526 2.465359e+02
60529 2.465359e+02
60532 2.465359e+02
60535 2.465359e+02
60538 2.465359e+02
60541 2.465359e+02
60544 2.465359e+02
60547 2.465359e+02
60550 2.465359e+02
60553 2.465359e+02
60556 2.465359e+02
60559 2.465359e+02
60562 2.465359e+02
60565 2.465359e+02
60568 2.465359e+02
60571 2.465359e+02
60574 2.465359e+02
60577 2.465359e+02
60580 2.465359e+02
60583 2.465359e+02
60586 2.465359e+02
60589 2.465359e+02
60592 2.465359e+02
60595 2.465359e+02
60598 2.465359e+02
60601 2.465359e+02
60604 2.465359e+02
60607 2.465359e+02
60610 2.465359e+02
60612 2.456619e+02
60629 2.438224e+02
60630 2.438224e+02
60633 2.438224e+02
60634 2.421992e+02
60639 2.387820e+02
60640 2.387820e+02
60642 2.378603e+02
60643 2.378603e+02
60646 2.378603e+02
60648 2.369587e+02
60656 2.365071e+02
60664 2.336485e+02
60665 2.336485e+02
60668 2.336485e+02
60671 2.336485e+02
60674 2.336485e+02
60675 2.286949e+02
60676 2.286949e+02
60679 2.286949e+02
60682 2.286949e+02
60683 2.255810e+02
60719 2.253552e+02
60743 2.239723e+02
60873 2.239723e+02
60903 2.239723e+02
60906 2.239723e+02
60909 2.239723e+02
61501 2.235743e+02
61502 2.235743e+02
61505 2.235743e+02
61506 2.234013e+02
61512 2.233006e+02
61514 2.224633e+02
61520 2.220321e+02
61528 2.206758e+02
61536 2.193228e+02
61550 2.184163e+02
61556 2.180692e+02
61558 2.175956e+02
61560 2.151292e+02
61571 2.122957e+02
61572 2.122957e+02
61574 2.114160e+02
61583 2.109146e+02
61584 2.109146e+02
61587 2.109146e+02
61589 2.101182e+02
61598 2.100299e+02
61599 2.100299e+02
61602 2.100299e+02
61605 2.100299e+02
61608 2.100299e+02
61611 2.100299e+02
61614 2.100299e+02
61617 2.100299e+02
61620 2.100299e+02
61623 2.100299e+02
61626 2.100299e+02
61629 2.100299e+02
61632 2.100299e+02
61635 2.100299e+02
61637 2.098317e+02
61638 2.098317e+02
61641 2.098317e+02
61644 2.098317e+02
61646 2.091908e+02
61647 2.091908e+02
61650 2.091908e+02
61653 2.091908e+02
61656 2.091908e+02
61659 2.091908e+02
61662 2.091908e+02
61665 2.091908e+02
61668 2.091908e+02
61671 2.091908e+02
61674 2.091908e+02
61677 2.091908e+02
61680 2.091908e+02
61683 2.091908e+02
61686 2.091908e+02
61689 2.091908e+02
61692 2.091908e+02
61695 2.091908e+02
61698 2.091908e+02
61701 2.091908e+02
61704 2.091908e+02
61707 2.091908e+02
61710 2.091908e+02
61713 2.091908e+02
61716 2.091908e+02
61719 2.091908e+02
61722 2.091908e+02
61725 2.091908e+02
61728 2.091908e+02
61731 2.091908e+02
61734 2.091908e+02
61737 2.091908e+02
61740 2.091908e+02
61743 2.091908e+02
61746 2.091908e+02
61749 2.091908e+02
61752 2.091908e+02
61755 2.091908e+02
61756 2.088819e+02
61757 2.088819e+02
61760 2.088819e+02
61763 2.088819e+02
61766 2.088819e+02
61769 2.088819e+02
61770 2.087538e+02
61778 2.084916e+02
61784 2.083376e+02
61786 2.073342e+02
61789 2.072336e+02
61792 2.070866e+02
61793 2.070866e+02
61796 2.070866e+02
61798 2.069319e+02
61803 2.062136e+02
61842 2.060095e+02
61843 2.060095e+02
61846 2.060095e+02
61849 2.060095e+02
61852 2.060095e+02
61855 2.060095e+02
61857 2.056538e+02
61858 2.056538e+02
61861 2.056538e+02
61864 2.056538e+02
61866 2.053799e+02
61867 2.053799e+02
61870 2.053799e+02
61873 2.053799e+02
61876 2.053799e+02
61879 2.053799e+02
61882 2.053799e+02
61885 2.053799e+02
61888 2.053799e+02
61891 2.053799e+02
61893 2.053281e+02
62024 2.052534e+02
62025 2.052534e+02
62028 2.052534e+02
62031 2.052534e+02
62034 2.052534e+02
62037 2.052534e+02
62038 2.050092e+02
62039 2.050092e+02
62040 2.045493e+02
62052 2.045479e+02
62053 2.045479e+02
62056 2.045479e+02
62059 2.045479e+02
62062 2.045479e+02
62065 2.045479e+02
62068 2.045479e+02
62071 2.045479e+02
62074 2.045479e+02
62077 2.045479e+02
62078 2.041688e+02
62080 2.035164e+02
62081 2.035164e+02
62084 2.035164e+02
62087 2.035164e+02
62090 2.035164e+02
62092 2.034872e+02
62095 2.034799e+02
62096 2.034799e+02
62099 2.034799e+02
62102 2.034799e+02
62105 2.034799e+02
62108 2.034799e+02
62110 2.033442e+02
62125 2.033333e+02
62126 2.033333e+02
62129 2.033333e+02
62132 2.033333e+02
62135 2.033333e+02
62138 2.033333e+02
62141 2.033333e+02
62144 2.033333e+02
62147 2.033333e+02
62150 2.033333e+02
62153 2.033333e+02
62156 2.033333e+02
62159 2.033333e+02
62162 2.033333e+02
62165 2.033333e+02
62168 2.033333e+02
62171 2.033333e+02
62174 2.033333e+02
62177 2.033333e+02
62180 2.033333e+02
62183 2.033333e+02
62186 2.033333e+02
62189 2.033333e+02
62192 2.033333e+02
62195 2.033333e+02
62198 2.033333e+02
62201 2.033333e+02
62204 2.033333e+02
62207 2.033333e+02
62210 2.033333e+02
62213 2.033333e+02
62216 2.033333e+02
62219 2.033333e+02
62222 2.033333e+02
62225 2.033333e+02
62228 2.033333e+02
62231 2.033333e+02
62234 2.033333e+02
62237 2.033333e+02
62240 2.033333e+02
62243 2.033333e+02
62246 2.033333e+02
62249 2.033333e+02
62252 2.033333e+02
62255 2.033333e+02
62258 2.033333e+02
62261 2.033333e+02
62264 2.033333e+02
62267 2.033333e+02
62270 2.033333e+02
62273 2.033333e+02
62276 2.033333e+02
62279 2.033333e+02
62282 2.033333e+02
62285 2.033333e+02
62286 2.033228e+02
62291 2.031390e+02
62292 2.031390e+02
62295 2.031390e+02
62298 2.031390e+02
62301 2.031390e+02
62304 2.031390e+02
62307 2.031390e+02
62310 2.031390e+02
62313 2.031390e+02
62314 2.031344e+02
62319 2.030411e+02
62321 2.029975e+02
62322 2.029975e+02
62323 2.029799e+02
62324 2.029799e+02
62325 2.029397e+02
62326 2.029397e+02
62327 2.028461e+02
62328 2.028461e+02
62329 2.026563e+02
62331 2.025003e+02
62333 2.024019e+02
62334 2.024019e+02
62336 2.023676e+02
62337 2.023676e+02
62340 2.023676e+02
62341 2.022040e+02
62343 2.019765e+02
62344 2.019765e+02
62347 2.019765e+02
62350 2.019765e+02
62353 2.019765e+02
62356 2.019765e+02
62358 2.019515e+02
62364 2.018743e+02
62365 2.018743e+02
62368 2.018743e+02
62371 2.018743e+02
62374 2.018743e+02
62377 2.018743e+02
62380 2.018743e+02
62383 2.018743e+02
62386 2.018743e+02
62389 2.018743e+02
62392 2.018743e+02
62394 2.017882e+02
62400 2.017761e+02
62401 2.017761e+02
62403 2.017193e+02
62406 2.016364e+02
62409 2.015706e+02
62410 2.015706e+02
62412 2.015515e+02
62421 2.015224e+02
62422 2.015224e+02
62425 2.015224e+02
62428 2.015224e+02
62431 2.015224e+02
62434 2.015224e+02
62437 2.015224e+02
62440 2.015224e+02
62443 2.015224e+02
62446 2.015224e+02
62449 2.015224e+02
62452 2.015224e+02
62455 2.015224e+02
62458 2.015224e+02
62461 2.015224e+02
62464 2.015224e+02
62467 2.015224e+02
62470 2.015224e+02
62473 2.015224e+02
62476 2.015224e+02
62479 2.015224e+02
62482 2.015224e+02
62485 2.015224e+02
62488 2.015224e+02
62491 2.015224e+02
62494 2.015224e+02
62497 2.015224e+02
62500 2.015224e+02
62503 2.015224e+02
62506 2.015224e+02
62509 2.015224e+02
62512 2.015224e+02
62515 2.015224e+02
62518 2.015224e+02
62521 2.015224e+02
62524 2.015224e+02
62527 2.015224e+02
62530 2.015224e+02
62533 2.015224e+02
62536 2.015224e+02
62539 2.015224e+02
62542 2.015224e+02
62545 2.015224e+02
62548 2.015224e+02
62551 2.015224e+02
62553 2.015138e+02
62554 2.015138e+02
62555 2.014375e+02
62560 2.013321e+02
62563 2.013217e+02
62565 2.012301e+02
62573 2.010896e+02
62574 2.010896e+02
62577 2.010896e+02
62580 2.010896e+02
62583 2.010896e+02
62586 2.010896e+02
62589 2.010896e+02
62592 2.010896e+02
62594 2.010679e+02
62595 2.010679e+02
62598 2.010679e+02
62601 2.010679e+02
62604 2.010679e+02
62606 2.010391e+02
62609 2.010346e+02
62610 2.010346e+02
62612 2.010218e+02
62613 2.010218e+02
62614 2.009040e+02
62615 2.009040e+02
62616 2.007150e+02
62617 2.007150e+02
62620 2.007150e+02
62623 2.007150e+02
62626 2.007150e+02
62629 2.007150e+02
62632 2.007150e+02
62635 2.007150e+02
62638 2.007150e+02
62641 2.007150e+02
62644 2.007150e+02
62647 2.007150e+02
62650 2.007150e+02
62653 2.007150e+02
62656 2.007150e+02
62659 2.007150e+02
62662 2.007150e+02
62665 2.007150e+02
62668 2.007150e+02
62671 2.007150e+02
62674 2.007150e+02
62677 2.007150e+02
62680 2.007150e+02
62683 2.007150e+02
62686 2.007150e+02
62689 2.007150e+02
62692 2.007150e+02
62695 2.007150e+02
62698 2.007150e+02
62701 2.007150e+02
62704 2.007150e+02
62707 2.007150e+02
62710 2.007150e+02
62713 2.007150e+02
62716 2.007150e+02
62719 2.007150e+02
62720 2.007039e+02
62729 2.006999e+02
62731 2.006565e+02
62732 2.006565e+02
62735 2.006565e+02
62738 2.006565e+02
62740 2.006538e+02
62741 2.006538e+02
62742 2.005950e+02
62743 2.005950e+02
62746 2.005950e+02
62749 2.005950e+02
62750 2.005414e+02
62761 2.004903e+02
62762 2.004903e+02
62764 2.004760e+02
62769 2.004346e+02
62770 2.004346e+02
62771 2.004339e+02
62772 2.004339e+02
62775 2.004339e+02
62778 2.004339e+02
62781 2.004339e+02
62784 2.004339e+02
62786 2.004278e+02
62794 2.003867e+02
62803 2.003698e+02
62857 2.003674e+02
62860 2.003385e+02
62861 2.003385e+02
62864 2.003385e+02
62867 2.003385e+02
62870 2.003385e+02
62873 2.003385e+02
62876 2.003385e+02
62879 2.003385e+02
62882 2.003385e+02
62884 2.003327e+02
62885 2.003327e+02
62888 2.003327e+02
62891 2.003327e+02
62894 2.003327e+02
62897 2.003327e+02
62900 2.003327e+02
62903 2.003327e+02
62906 2.003327e+02
62909 2.003327e+02
62912 2.003327e+02
62915 2.003327e+02
62918 2.003327e+02
62921 2.003327e+02
62924 2.003327e+02
62927 2.003327e+02
62930 2.003327e+02
62933 2.003327e+02
62936 2.003327e+02
62939 2.003327e+02
62942 2.003327e+02
62945 2.003327e+02
62948 2.003327e+02
62951 2.003327e+02
62954 2.003327e+02
62957 2.003327e+02
62960 2.003327e+02
62963 2.003327e+02
62966 2.003327e+02
62969 2.003327e+02
62972 2.003327e+02
62975 2.003327e+02
62978 2.003327e+02
62981 2.003327e+02
62984 2.003327e+02
62986 2.003281e+02
62987 2.003281e+02
62988 2.003164e+02
62994 2.003152e+02
62995 2.003152e+02
62998 2.003152e+02
62999 2.003041e+02
63000 2.003041e+02
63003 2.003041e+02
63006 2.003041e+02
63009 2.003041e+02
63012 2.003041e+02
63014 2.003037e+02
63015 2.003037e+02
63016 2.002828e+02
63017 2.002828e+02
63020 2.002828e+02
63021 2.002660e+02
63022 2.002660e+02
63024 2.002617e+02
63039 2.002555e+02
63040 2.002555e+02
63043 2.002555e+02
63044 2.002219e+02
63045 2.002219e+02
63046 2.002042e+02
63073 2.002007e+02
63085 2.001964e+02
63086 2.001964e+02
63089 2.001964e+02
63092 2.001964e+02
63095 2.001964e+02
63098 2.001964e+02
63101 2.001964e+02
63104 2.001964e+02
63107 2.001964e+02
63109 2.001950e+02
63110 2.001950e+02
63113 2.001950e+02
63116 2.001950e+02
63119 2.001950e+02
63122 2.001950e+02
63125 2.001950e+02
63128 2.001950e+02
63131 2.001950e+02
63134 2.001950e+02
63136 2.001914e+02
63137 2.001914e+02
63140 2.001914e+02
63143 2.001914e+02
63146 2.001914e+02
63149 2.001914e+02
63152 2.001914e+02
63155 2.001914e+02
63158 2.001914e+02
63161 2.001914e+02
63164 2.001914e+02
63167 2.001914e+02
63170 2.001914e+02
63173 2.001914e+02
63176 2.001914e+02
63179 2.001914e+02
63182 2.001914e+02
63185 2.001914e+02
63188 2.001914e+02
63191 2.001914e+02
63194 2.001914e+02
63197 2.001914e+02
63200 2.001914e+02
63203 2.001914e+02
63206 2.001914e+02
63209 2.001914e+02
63212 2.001914e+02
63215 2.001914e+02
63218 2.001914e+02
63221 2.001914e+02
63224 2.001914e+02
63227 2.001914e+02
63230 2.001914e+02
63233 2.001914e+02
63236 2.001914e+02
63239 2.001914e+02
63242 2.001914e+02
63245 2.001914e+02
63248 2.001914e+02
63251 2.001914e+02
63254 2.001914e+02
63255 2.001851e+02
63256 2.001851e+02
63259 2.001851e+02
63261 2.001820e+02
63262 2.001820e+02
63265 2.001820e+02
63266 2.001724e+02
63281 2.001700e+02
63282 2.001700e+02
63283 2.001660e+02
63294 2.001542e+02
63296 2.001397e+02
63304 2.001386e+02
63305 2.001386e+02
63308 2.001386e+02
63311 2.001386e+02
63312 2.001292e+02
63313 2.001292e+02
63315 2.001283e+02
63316 2.001283e+02
63318 2.001267e+02
63320 2.001133e+02
63321 2.001133e+02
63324 2.001133e+02
63327 2.001133e+02
63330 2.001133e+02
63333 2.001133e+02
63336 2.001133e+02
63338 2.001128e+02
63339 2.001128e+02
63342 2.001128e+02
63345 2.001128e+02
63348 2.001128e+02
63351 2.001128e+02
63354 2.001128e+02
63357 2.001128e+02
63360 2.001128e+02
63363 2.001128e+02
63366 2.001128e+02
63368 2.001100e+02
63392 2.001047e+02
63401 2.001046e+02
63522 2.001046e+02
63525 2.001046e+02
64855 2.001004e+02
64857 2.000970e+02
64858 2.000970e+02
64861 2.000970e+02
64862 2.000939e+02
64863 2.000939e+02
64866 2.000939e+02
64867 2.000889e+02
64868 2.000889e+02
64871 2.000889e+02
64872 2.000864e+02
64873 2.000864e+02
64875 2.000857e+02
64876 2.000857e+02
64878 2.000843e+02
64879 2.000843e+02
64882 2.000843e+02
64885 2.000843e+02
64886 2.000772e+02
64894 2.000703e+02
64896 2.000693e+02
64897 2.000693e+02
64898 2.000662e+02
64899 2.000662e+02
64901 2.000660e+02
64902 2.000660e+02
64905 2.000660e+02
64908 2.000660e+02
64911 2.000660e+02
64914 2.000660e+02
64916 2.000641e+02
64917 2.000641e+02
64918 2.000592e+02
64930 2.000578e+02
64931 2.000578e+02
64932 2.000537e+02
64933 2.000537e+02
64936 2.000537e+02
64939 2.000537e+02
64942 2.000537e+02
64944 2.000534e+02
64956 2.000524e+02
64957 2.000524e+02
64960 2.000524e+02
64963 2.000524e+02
64966 2.000524e+02
64969 2.000524e+02
64972 2.000524e+02
64975 2.000524e+02
64978 2.000524e+02
64981 2.000524e+02
64983 2.000499e+02
64984 2.000499e+02
64986 2.000488e+02
64987 2.000488e+02
64990 2.000488e+02
64993 2.000488e+02
64996 2.000488e+02
64999 2.000488e+02
65002 2.000488e+02
65005 2.000488e+02
65007 2.000486e+02
65008 2.000486e+02
65011 2.000486e+02
65014 2.000486e+02
65017 2.000486e+02
65020 2.000486e+02
65022 2.000476e+02
65115 2.000473e+02
65118 2.000465e+02
65119 2.000465e+02
65120 2.000442e+02
65121 2.000442e+02
65124 2.000442e+02
65125 2.000411e+02
65128 2.000409e+02
65129 2.000409e+02
65132 2.000409e+02
65135 2.000409e+02
65138 2.000409e+02
65141 2.000409e+02
65142 2.000389e+02
65143 2.000389e+02
65146 2.000389e+02
65149 2.000389e+02
65152 2.000389e+02
65153 2.000388e+02
65154 2.000388e+02
65157 2.000388e+02
65160 2.000388e+02
65163 2.000388e+02
65166 2.000388e+02
65168 2.000384e+02
65169 2.000384e+02
65172 2.000384e+02
65173 2.000362e+02
65174 2.000362e+02
65177 2.000362e+02
65180 2.000362e+02
65183 2.000362e+02
65184 2.000316e+02
65185 2.000316e+02
65186 2.000281e+02
65188 2.000258e+02
65189 2.000258e+02
65192 2.000258e+02
65195 2.000258e+02
65198 2.000258e+02
65201 2.000258e+02
65204 2.000258e+02
65207 2.000258e+02
65210 2.000258e+02
65213 2.000258e+02
65216 2.000258e+02
65219 2.000258e+02
65222 2.000258e+02
65225 2.000258e+02
65227 2.000258e+02
65228 2.000258e+02
65231 2.000258e+02
65234 2.000258e+02
65237 2.000258e+02
65239 2.000243e+02
65240 2.000243e+02
65243 2.000243e+02
65246 2.000243e+02
65249 2.000243e+02
65252 2.000243e+02
65255 2.000243e+02
65258 2.000243e+02
65261 2.000243e+02
65264 2.000243e+02
65267 2.000243e+02
65270 2.000243e+02
65273 2.000243e+02
65276 2.000243e+02
65278 2.000239e+02
65383 2.000237e+02
65385 2.000223e+02
65396 2.000216e+02
65398 2.000211e+02
65407 2.000208e+02
65412 2.000199e+02
65418 2.000195e+02
65423 2.000188e+02
65425 2.000169e+02
65434 2.000163e+02
65442 2.000141e+02
65448 2.000138e+02
65456 2.000125e+02
65480 2.000122e+02
65481 2.000122e+02
65483 2.000118e+02
65498 2.000118e+02
65510 2.000114e+02
65546 2.000113e+02
65638 2.000110e+02
65639 2.000110e+02
65642 2.000110e+02
65645 2.000110e+02
65648 2.000110e+02
65650 2.000109e+02
65651 2.000109e+02
65652 2.000103e+02
65653 2.000103e+02
65654 2.000103e+02
65665 2.000094e+02
65666 2.000094e+02
65669 2.000094e+02
65671 2.000092e+02
65672 2.000092e+02
65675 2.000092e+02
65678 2.000092e+02
65681 2.000092e+02
65684 2.000092e+02
65687 2.000092e+02
65690 2.000092e+02
65691 2.000089e+02
65692 2.000089e+02
65695 2.000089e+02
65698 2.000089e+02
65701 2.000089e+02
65704 2.000089e+02
65707 2.000089e+02
65710 2.000089e+02
65713 2.000089e+02
65714 2.000083e+02
65715 2.000083e+02
65716 2.000070e+02
65722 2.000069e+02
65723 2.000069e+02
65726 2.000069e+02
65729 2.000069e+02
65732 2.000069e+02
65735 2.000069e+02
65738 2.000069e+02
65740 2.000065e+02
65779 2.000063e+02
65803 2.000063e+02
65804 2.000063e+02
65807 2.000063e+02
65810 2.000063e+02
65813 2.000063e+02
65816 2.000063e+02
65819 2.000063e+02
65822 2.000063e+02
65825 2.000063e+02
65828 2.000063e+02
65831 2.000063e+02
65834 2.000063e+02
65837 2.000063e+02
65840 2.000063e+02
65843 2.000063e+02
65846 2.000063e+02
65849 2.000063e+02
65852 2.000063e+02
65855 2.000063e+02
65858 2.000063e+02
65861 2.000063e+02
65864 2.000063e+02
65867 2.000063e+02
65870 2.000063e+02
65873 2.000063e+02
65876 2.000063e+02
65879 2.000063e+02
65882 2.000063e+02
65885 2.000063e+02
65888 2.000063e+02
65891 2.000063e+02
65894 2.000063e+02
65897 2.000063e+02
65900 2.000063e+02
65903 2.000063e+02
65906 2.000063e+02
65907 2.000062e+02
65910 2.000062e+02
65916 2.000062e+02
65917 2.000062e+02
65920 2.000062e+02
65921 2.000060e+02
65923 2.000060e+02
65924 2.000060e+02
65925 2.000056e+02
65936 2.000052e+02
65937 2.000052e+02
65940 2.000052e+02
65943 2.000052e+02
65944 2.000049e+02
65946 2.000047e+02
65949 2.000047e+02
65960 2.000042e+02
65961 2.000042e+02
65962 2.000038e+02
65965 2.000038e+02
65966 2.000038e+02
65969 2.000038e+02
65970 2.000037e+02
65971 2.000037e+02
65974 2.000037e+02
65977 2.000037e+02
65978 2.000031e+02
65979 2.000031e+02
65982 2.000031e+02
65985 2.000031e+02
65987 2.000030e+02
66002 2.000029e+02
66005 2.000028e+02
66032 2.000026e+02
66033 2.000026e+02
66036 2.000026e+02
66039 2.000026e+02
66042 2.000026e+02
66045 2.000026e+02
66048 2.000026e+02
66051 2.000026e+02
66054 2.000026e+02
66057 2.000026e+02
66059 2.000025e+02
67960 2.000024e+02
67971 2.000024e+02
67972 2.000024e+02
67975 2.000024e+02
67978 2.000024e+02
67981 2.000024e+02
67984 2.000024e+02
67987 2.000024e+02
67990 2.000024e+02
67991 2.000023e+02
67992 2.000023e+02
67995 2.000023e+02
67998 2.000023e+02
68001 2.000023e+02
68002 2.000023e+02
68005 2.000023e+02
68006 2.000023e+02
68009 2.000023e+02
68012 2.000023e+02
68015 2.000023e+02
68016 2.000020e+02
68017 2.000020e+02
68020 2.000020e+02
68023 2.000020e+02
68025 2.000020e+02
68031 2.000020e+02
68036 2.000017e+02
68042 2.000017e+02
68043 2.000017e+02
68045 2.000016e+02
68046 2.000016e+02
68049 2.000016e+02
68052 2.000016e+02
68055 2.000016e+02
68057 2.000016e+02
68058 2.000016e+02
68061 2.000016e+02
68064 2.000016e+02
68067 2.000016e+02
68070 2.000016e+02
68073 2.000016e+02
68076 2.000016e+02
68078 2.000015e+02
68090 2.000014e+02
68227 2.000014e+02
68232 2.000014e+02
68237 2.000013e+02
68242 2.000013e+02
68248 2.000013e+02
68251 2.000013e+02
68252 2.000013e+02
68255 2.000013e+02
68256 2.000013e+02
68257 2.000013e+02
68260 2.000013e+02
68261 2.000012e+02
68269 2.000012e+02
68270 2.000012e+02
68271 2.000011e+02
68273 2.000010e+02
68276 2.000010e+02
68277 2.000010e+02
68280 2.000010e+02
68282 2.000010e+02
68283 2.000010e+02
68286 2.000010e+02
68287 2.000009e+02
68288 2.000009e+02
68291 2.000009e+02
68294 2.000009e+02
68297 2.000009e+02
68300 2.000009e+02
68303 2.000009e+02
68306 2.000009e+02
68308 2.000009e+02
68309 2.000009e+02
68312 2.000009e+02
68314 2.000009e+02
68315 2.000009e+02
68318 2.000009e+02
68320 2.000008e+02
68321 2.000008e+02
68324 2.000008e+02
68326 2.000008e+02
68327 2.000008e+02
68330 2.000008e+02
68333 2.000008e+02
68336 2.000008e+02
68339 2.000008e+02
68341 2.000008e+02
68342 2.000008e+02
68345 2.000008e+02
68347 2.000008e+02
68348 2.000008e+02
68351 2.000008e+02
68354 2.000008e+02
68356 2.000007e+02
68357 2.000007e+02
68360 2.000007e+02
68363 2.000007e+02
68366 2.000007e+02
68369 2.000007e+02
68372 2.000007e+02
68375 2.000007e+02
68377 2.000007e+02
68484 2.000007e+02
68489 2.000007e+02
68522 2.000007e+02
68523 2.000007e+02
68526 2.000007e+02
68529 2.000007e+02
68530 2.000006e+02
68536 2.000006e+02
68550 2.000006e+02
68555 2.000005e+02
68556 2.000005e+02
68557 2.000005e+02
68558 2.000005e+02
68561 2.000005e+02
68564 2.000005e+02
68565 2.000005e+02
68566 2.000005e+02
68568 2.000004e+02
68616 2.000004e+02
68637 2.000004e+02
68646 2.000004e+02
68647 2.000004e+02
68650 2.000004e+02
68653 2.000004e+02
68656 2.000004e+02
68659 2.000004e+02
68662 2.000004e+02
68665 2.000004e+02
68668 2.000004e+02
68671 2.000004e+02
68674 2.000004e+02
68677 2.000004e+02
68680 2.000004e+02
68683 2.000004e+02
68686 2.000004e+02
68689 2.000004e+02
68692 2.000004e+02
68695 2.000004e+02
68698 2.000004e+02
68701 2.000004e+02
68704 2.000004e+02
68707 2.000004e+02
68710 2.000004e+02
68713 2.000004e+02
68716 2.000004e+02
68719 2.000004e+02
68722 2.000004e+02
68725 2.000004e+02
68728 2.000004e+02
68731 2.000004e+02
68734 2.000004e+02
68737 2.000004e+02
68740 2.000004e+02
68743 2.000004e+02
68746 2.000004e+02
68749 2.000004e+02
68750 2.000004e+02
68751 2.000004e+02
68754 2.000004e+02
68757 2.000004e+02
68758 2.000004e+02
68759 2.000004e+02
68762 2.000004e+02
68765 2.000004e+02
68766 2.000004e+02
68767 2.000004e+02
68768 2.000004e+02
68769 2.000004e+02
68770 2.000004e+02
68771 2.000004e+02
68772 2.000003e+02
68773 2.000003e+02
68774 2.000003e+02
68782 2.000003e+02
68799 2.000003e+02
68800 2.000003e+02
68801 2.000003e+02
68803 2.000002e+02
68804 2.000002e+02
68807 2.000002e+02
68808 2.000002e+02
68811 2.000002e+02
68820 2.000002e+02
68827 2.000002e+02
68833 2.000002e+02
68836 2.000002e+02
70989 2.000002e+02
71010 2.000002e+02
71028 2.000002e+02
71052 2.000002e+02
71053 2.000002e+02
71056 2.000002e+02
71059 2.000002e+02
71062 2.000002e+02
71065 2.000002e+02
71068 2.000002e+02
71071 2.000002e+02
71074 2.000002e+02
71077 2.000002e+02
71080 2.000002e+02
71083 2.000002e+02
71086 2.000002e+02
71089 2.000002e+02
71092 2.000002e+02
71095 2.000002e+02
71098 2.000002e+02
71101 2.000002e+02
71104 2.000002e+02
71107 2.000002e+02
71110 2.000002e+02
71113 2.000002e+02
71116 2.000002e+02
71119 2.000002e+02
71122 2.000002e+02
71125 2.000002e+02
71128 2.000002e+02
71131 2.000002e+02
71134 2.000002e+02
71137 2.000002e+02
71140 2.000002e+02
71143 2.000002e+02
71146 2.000002e+02
71149 2.000002e+02
71152 2.000002e+02
71155 2.000002e+02
71158 2.000002e+02
71161 2.000002e+02
71164 2.000002e+02
71167 2.000002e+02
71170 2.000002e+02
71172 2.000002e+02
71174 2.000002e+02
71177 2.000002e+02
71178 2.000002e+02
71179 2.000002e+02
71185 2.000002e+02
71197 2.000002e+02
71208 2.000001e+02
71210 2.000001e+02
71211 2.000001e+02
71214 2.000001e+02
71215 2.000001e+02
71216 2.000001e+02
71219 2.000001e+02
71221 2.000001e+02
71222 2.000001e+02
71224 2.000001e+02
71229 2.000001e+02
71230 2.000001e+02
71232 2.000001e+02
71237 2.000001e+02
71240 2.000001e+02
71241 2.000001e+02
71244 2.000001e+02
71246 2.000001e+02
71247 2.000001e+02
71250 2.000001e+02
71253 2.000001e+02
71256 2.000001e+02
71259 2.000001e+02
71262 2.000001e+02
71264 2.000001e+02
71265 2.000001e+02
71268 2.000001e+02
71271 2.000001e+02
71274 2.000001e+02
71277 2.000001e+02
71280 2.000001e+02
71283 2.000001e+02
71286 2.000001e+02
71289 2.000001e+02
71292 2.000001e+02
71294 2.000001e+02
71327 2.000001e+02
71328 2.000001e+02
71331 2.000001e+02
71334 2.000001e+02
71337 2.000001e+02
71340 2.000001e+02
71343 2.000001e+02
71346 2.000001e+02
71349 2.000001e+02
71352 2.000001e+02
71355 2.000001e+02
71358 2.000001e+02
71361 2.000001e+02
71364 2.000001e+02
71367 2.000001e+02
71370 2.000001e+02
71373 2.000001e+02
71376 2.000001e+02
71379 2.000001e+02
71382 2.000001e+02
71385 2.000001e+02
71388 2.000001e+02
71391 2.000001e+02
71394 2.000001e+02
71397 2.000001e+02
71400 2.000001e+02
71403 2.000001e+02
71406 2.000001e+02
71409 2.000001e+02
71412 2.000001e+02
71415 2.000001e+02
71418 2.000001e+02
71421 2.000001e+02
71424 2.000001e+02
71427 2.000001e+02
71430 2.000001e+02
71431 2.000001e+02
71445 2.000001e+02
71454 2.000001e+02
71468 2.000001e+02
71469 2.000001e+02
71472 2.000001e+02
71475 2.000001e+02
71478 2.000001e+02
71480 2.000001e+02
71481 2.000001e+02
71483 2.000001e+02
71484 2.000001e+02
71487 2.000001e+02
71490 2.000001e+02
71493 2.000001e+02
71495 2.000001e+02
71496 2.000001e+02
71499 2.000001e+02
71500 2.000001e+02
71501 2.000001e+02
71504 2.000001e+02
71507 2.000001e+02
71510 2.000001e+02
71513 2.000001e+02
71516 2.000001e+02
71522 2.000001e+02
71525 2.000001e+02
71534 2.000001e+02
71576 2.000001e+02
71579 2.000001e+02
71582 2.000001e+02
71585 2.000001e+02
73873 2.000001e+02
73897 2.000000e+02
73898 2.000000e+02
73901 2.000000e+02
73904 2.000000e+02
73907 2.000000e+02
73910 2.000000e+02
73913 2.000000e+02
73916 2.000000e+02
73919 2.000000e+02
73922 2.000000e+02
73925 2.000000e+02
73928 2.000000e+02
73931 2.000000e+02
73934 2.000000e+02
73937 2.000000e+02
73940 2.000000e+02
73943 2.000000e+02
73946 2.000000e+02
73949 2.000000e+02
73952 2.000000e+02
73955 2.000000e+02
73958 2.000000e+02
73961 2.000000e+02
73964 2.000000e+02
73967 2.000000e+02
73970 2.000000e+02
73973 2.000000e+02
73976 2.000000e+02
73979 2.000000e+02
73982 2.000000e+02
73985 2.000000e+02
73988 2.000000e+02
73991 2.000000e+02
73994 2.000000e+02
73997 2.000000e+02
74000 2.000000e+02
74003 2.000000e+02
74006 2.000000e+02
74009 2.000000e+02
74012 2.000000e+02
74015 2.000000e+02
74018 2.000000e+02
74021 2.000000e+02
74024 2.000000e+02
74027 2.000000e+02
74030 2.000000e+02
74033 2.000000e+02
74036 2.000000e+02
74039 2.000000e+02
74040 2.000000e+02
74045 2.000000e+02
74047 2.000000e+02
74067 2.000000e+02
74075 2.000000e+02
74080 2.000000e+02
74081 2.000000e+02
74084 2.000000e+02
74087 2.000000e+02
74088 2.000000e+02
74090 2.000000e+02
74091 2.000000e+02
74092 2.000000e+02
74097 2.000000e+02
74098 2.000000e+02
74101 2.000000e+02
74104 2.000000e+02
74105 2.000000e+02
74129 2.000000e+02
74130 2.000000e+02
74133 2.000000e+02
74136 2.000000e+02
74139 2.000000e+02
74142 2.000000e+02
74145 2.000000e+02
74148 2.000000e+02
74150 2.000000e+02
74151 2.000000e+02
74154 2.000000e+02
74157 2.000000e+02
74160 2.000000e+02
74163 2.000000e+02
74166 2.000000e+02
74169 2.000000e+02
74172 2.000000e+02
74175 2.000000e+02
74177 2.000000e+02
74178 2.000000e+02
74181 2.000000e+02
74184 2.000000e+02
74187 2.000000e+02
74190 2.000000e+02
74193 2.000000e+02
74196 2.000000e+02
74199 2.000000e+02
74202 2.000000e+02
74205 2.000000e+02
74208 2.000000e+02
74217 2.000000e+02
74220 2.000000e+02
74223 2.000000e+02
74271 2.000000e+02
74277 2.000000e+02
74283 2.000000e+02
74286 2.000000e+02
74289 2.000000e+02
74292 2.000000e+02
74295 2.000000e+02
74298 2.000000e+02
74301 2.000000e+02
74304 2.000000e+02
74307 2.000000e+02
74310 2.000000e+02
74313 2.000000e+02
74316 2.000000e+02
74319 2.000000e+02
74322 2.000000e+02
74325 2.000000e+02
74328 2.000000e+02
74331 2.000000e+02
74334 2.000000e+02
74337 2.000000e+02
74340 2.000000e+02
74343 2.000000e+02
74346 2.000000e+02
74349 2.000000e+02
74352 2.000000e+02
74355 2.000000e+02
74358 2.000000e+02
74361 2.000000e+02
74364 2.000000e+02
74367 2.000000e+02
74370 2.000000e+02
74373 2.000000e+02
74376 2.000000e+02
74379 2.000000e+02
74382 2.000000e+02
74385 2.000000e+02
76727 2.000000e+02
76730 2.000000e+02
76731 2.000000e+02
76733 2.000000e+02
76734 2.000000e+02
76736 2.000000e+02
76747 2.000000e+02
76748 2.000000e+02
76749 2.000000e+02
76752 2.000000e+02
76753 2.000000e+02
76754 2.000000e+02
76755 2.000000e+02
76758 2.000000e+02
76761 2.000000e+02
76764 2.000000e+02
76766 2.000000e+02
76767 2.000000e+02
76770 2.000000e+02
76773 2.000000e+02
76774 2.000000e+02
76776 2.000000e+02
76777 2.000000e+02
76780 2.000000e+02
76783 2.000000e+02
76785 2.000000e+02
76786 2.000000e+02
76787 2.000000e+02
76788 2.000000e+02
76790 2.000000e+02
76804 2.000000e+02
76805 2.000000e+02
76808 2.000000e+02
76811 2.000000e+02
76814 2.000000e+02
76817 2.000000e+02
76820 2.000000e+02
76823 2.000000e+02
76826 2.000000e+02
76829 2.000000e+02
76832 2.000000e+02
76835 2.000000e+02
76838 2.000000e+02
76841 2.000000e+02
76844 2.000000e+02
76847 2.000000e+02
76850 2.000000e+02
76853 2.000000e+02
76856 2.000000e+02
76859 2.000000e+02
76862 2.000000e+02
76864 2.000000e+02
76894 2.000000e+02
76901 2.000000e+02
76904 2.000000e+02
76907 2.000000e+02
76910 2.000000e+02
76913 2.000000e+02
76916 2.000000e+02
76919 2.000000e+02
76922 2.000000e+02
76925 2.000000e+02
76928 2.000000e+02
76931 2.000000e+02
76934 2.000000e+02
76976 2.000000e+02
76979 2.000000e+02
76982 2.000000e+02
76985 2.000000e+02
76988 2.000000e+02
76991 2.000000e+02
76994 2.000000e+02
76997 2.000000e+02
77000 2.000000e+02
77003 2.000000e+02
77006 2.000000e+02
77009 2.000000e+02
77012 2.000000e+02
77015 2.000000e+02
77018 2.000000e+02
77021 2.000000e+02
77024 2.000000e+02
77027 2.000000e+02
77030 2.000000e+02
77033 2.000000e+02
77036 2.000000e+02
77039 2.000000e+02
77042 2.000000e+02
77045 2.000000e+02
77048 2.000000e+02
77051 2.000000e+02
77054 2.000000e+02
77057 2.000000e+02
77060 2.000000e+02
77063 2.000000e+02
77066 2.000000e+02
77069 2.000000e+02
77072 2.000000e+02
77075 2.000000e+02
77078 2.000000e+02
79506 2.000000e+02
79507 2.000000e+02
79510 2.000000e+02
79513 2.000000e+02
79516 2.000000e+02
79519 2.000000e+02
79522 2.000000e+02
79525 2.000000e+02
79526 2.000000e+02
79543 2.000000e+02
79558 2.000000e+02
79559 2.000000e+02
79562 2.000000e+02
79564 2.000000e+02
79565 2.000000e+02
79568 2.000000e+02
79571 2.000000e+02
79574 2.000000e+02
79577 2.000000e+02
79580 2.000000e+02
79581 2.000000e+02
79582 2.000000e+02
79584 2.000000e+02
79594 2.000000e+02
79603 2.000000e+02
79606 2.000000e+02
79609 2.000000e+02
79612 2.000000e+02
79633 2.000000e+02
79636 2.000000e+02
79639 2.000000e+02
79648 2.000000e+02
79651 2.000000e+02
79885 2.000000e+02
82203 2.000000e+02
82204 2.000000e+02
82207 2.000000e+02
82210 2.000000e+02
82213 2.000000e+02
82216 2.000000e+02
82219 2.000000e+02
82222 2.000000e+02
82224 2.000000e+02
82225 2.000000e+02
82228 2.000000e+02
82231 2.000000e+02
82234 2.000000e+02
82237 2.000000e+02
82240 2.000000e+02
82242 2.000000e+02
82243 2.000000e+02
82246 2.000000e+02
82249 2.000000e+02
82252 2.000000e+02
82255 2.000000e+02
82258 2.000000e+02
82261 2.000000e+02
82264 2.000000e+02
82267 2.000000e+02
82270 2.000000e+02
82273 2.000000e+02
82276 2.000000e+02
82279 2.000000e+02
82282 2.000000e+02
82285 2.000000e+02
82288 2.000000e+02
82291 2.000000e+02
82294 2.000000e+02
82297 2.000000e+02
82300 2.000000e+02
82303 2.000000e+02
82306 2.000000e+02
82309 2.000000e+02
82312 2.000000e+02
82315 2.000000e+02
82330 2.000000e+02
82333 2.000000e+02
82336 2.000000e+02
82351 2.000000e+02
82354 2.000000e+02
82357 2.000000e+02
82360 2.000000e+02
82363 2.000000e+02
82366 2.000000e+02
82369 2.000000e+02
87605 2.000000e+02
87607 2.000000e+02
87608 2.000000e+02
87611 2.000000e+02
87612 2.000000e+02
87614 2.000000e+02
87623 2.000000e+02
87624 2.000000e+02
87626 2.000000e+02
87628 2.000000e+02
87629 2.000000e+02
87631 2.000000e+02
87632 2.000000e+02
87635 2.000000e+02
87638 2.000000e+02
87641 2.000000e+02
87644 2.000000e+02
87647 2.000000e+02
87649 2.000000e+02
87654 2.000000e+02
87655 2.000000e+02
87658 2.000000e+02
87661 2.000000e+02
87662 2.000000e+02
87663 2.000000e+02
87665 2.000000e+02
87666 2.000000e+02
87669 2.000000e+02
87672 2.000000e+02
87674 2.000000e+02
87675 2.000000e+02
87678 2.000000e+02
87679 2.000000e+02
87680 2.000000e+02
87683 2.000000e+02
87686 2.000000e+02
87689 2.000000e+02
87695 2.000000e+02
87698 2.000000e+02
87701 2.000000e+02
87707 2.000000e+02
87716 2.000000e+02
87719 2.000000e+02
87722 2.000000e+02
87725 2.000000e+02
87728 2.000000e+02
87731 2.000000e+02
87764 2.000000e+02
87767 2.000000e+02
87770 2.000000e+02
87773 2.000000e+02
87776 2.000000e+02
87779 2.000000e+02
87782 2.000000e+02
87785 2.000000e+02
87788 2.000000e+02
87791 2.000000e+02
87794 2.000000e+02
87797 2.000000e+02
87800 2.000000e+02
87803 2.000000e+02
87806 2.000000e+02
87809 2.000000e+02
87812 2.000000e+02
87815 2.000000e+02
87818 2.000000e+02
87821 2.000000e+02
87824 2.000000e+02
87827 2.000000e+02
87830 2.000000e+02
87833 2.000000e+02
87836 2.000000e+02
87839 2.000000e+02
87842 2.000000e+02
87845 2.000000e+02
87848 2.000000e+02
87851 2.000000e+02
87854 2.000000e+02
87857 2.000000e+02
87860 2.000000e+02
87863 2.000000e+02
87866 2.000000e+02
87869 2.000000e+02
87872 2.000000e+02
87875 2.000000e+02
87878 2.000000e+02
87881 2.000000e+02
87884 2.000000e+02
87887 2.000000e+02
87890 2.000000e+02
87893 2.000000e+02
87896 2.000000e+02
87899 2.000000e+02
87902 2.000000e+02
87905 2.000000e+02
87908 2.000000e+02
87911 2.000000e+02
87914 2.000000e+02
87917 2.000000e+02
87920 2.000000e+02
87923 2.000000e+02
87926 2.000000e+02
87929 2.000000e+02
87932 2.000000e+02
87935 2.000000e+02
87938 2.000000e+02
87941 2.000000e+02
87944 2.000000e+02
87947 2.000000e+02
87950 2.000000e+02
87953 2.000000e+02
90002 2.000000e+02
90005 2.000000e+02
90008 2.000000e+02
90011 2.000000e+02
90014 2.000000e+02
90017 2.000000e+02
90020 2.000000e+02
90023 2.000000e+02
90026 2.000000e+02
90029 2.000000e+02
90032 2.000000e+02
90035 2.000000e+02
90038 2.000000e+02
90041 2.000000e+02
90044 2.000000e+02
90047 2.000000e+02
90050 2.000000e+02
90053 2.000000e+02
90056 2.000000e+02
90059 2.000000e+02
90062 2.000000e+02
90065 2.000000e+02
90068 2.000000e+02
90071 2.000000e+02
90074 2.000000e+02
90077 2.000000e+02
90080 2.000000e+02
90083 2.000000e+02
90086 2.000000e+02
90089 2.000000e+02
90092 2.000000e+02
92617 2.000000e+02
92618 2.000000e+02
92621 2.000000e+02
92624 2.000000e+02
92626 2.000000e+02
92627 2.000000e+02
92629 2.000000e+02
92644 2.000000e+02
92645 2.000000e+02
92648 2.000000e+02
92651 2.000000e+02
92654 2.000000e+02
92657 2.000000e+02
92660 2.000000e+02
92663 2.000000e+02
92666 2.000000e+02
92669 2.000000e+02
92672 2.000000e+02
92675 2.000000e+02
92678 2.000000e+02
92681 2.000000e+02
92684 2.000000e+02
92687 2.000000e+02
92690 2.000000e+02
92693 2.000000e+02
92696 2.000000e+02
92698 2.000000e+02
92699 2.000000e+02
92702 2.000000e+02
92705 2.000000e+02
92708 2.000000e+02
92711 2.000000e+02
92714 2.000000e+02
92726 2.000000e+02
92729 2.000000e+02
92732 2.000000e+02
92735 2.000000e+02
92738 2.000000e+02
92741 2.000000e+02
92744 2.000000e+02
92747 2.000000e+02
92885 2.000000e+02
92888 2.000000e+02
92891 2.000000e+02
92894 2.000000e+02
92897 2.000000e+02
92900 2.000000e+02
92903 2.000000e+02
92906 2.000000e+02
92909 2.000000e+02
92912 2.000000e+02
92915 2.000000e+02
92918 2.000000e+02
92921 2.000000e+02
92924 2.000000e+02
92927 2.000000e+02
92930 2.000000e+02
92933 2.000000e+02
92936 2.000000e+02
92939 2.000000e+02
92942 2.000000e+02
92945 2.000000e+02
92948 2.000000e+02
92951 2.000000e+02
92954 2.000000e+02
92957 2.000000e+02
92960 2.000000e+02
92963 2.000000e+02
92966 2.000000e+02
92969 2.000000e+02
92972 2.000000e+02
