1 4.202481e+04
14 3.246282e+04
19 2.931649e+04
77 2.567782e+04
196 2.337423e+04
249 2.126065e+04
286 1.894713e+04
297 1.155367e+04
364 1.059377e+04
370 9.780627e+03
384 6.169617e+03
437 5.769183e+03
465 4.625480e+03
485 3.608635e+03
580 3.124453e+03
640 2.397504e+03
642 2.241389e+03
661 2.102504e+03
671 2.065343e+03
686 1.776006e+03
747 1.244393e+03
797 9.378255e+02
904 7.807739e+02
941 6.712217e+02
1081 6.166613e+02
1084 4.627325e+02
1194 4.227296e+02
1300 3.322305e+02
1370 3.149454e+02
1480 2.148311e+02
1650 1.799857e+02
1815 1.716979e+02
1924 1.594445e+02
2033 1.468227e+02
2048 1.446801e+02
2086 1.415575e+02
2149 1.396350e+02
2172 1.384667e+02
2213 1.352911e+02
2241 1.323376e+02
2275 1.315334e+02
2317 1.262754e+02
2327 1.260758e+02
2332 1.226478e+02
2363 1.203813e+02
2430 1.124018e+02
2546 1.105497e+02
2628 1.017001e+02
2750 1.011761e+02
2769 1.001175e+02
2836 9.954024e+01
2843 9.885777e+01
2851 9.788703e+01
2865 9.528979e+01
2878 9.043816e+01
3133 8.990532e+01
3190 8.757682e+01
3247 8.723147e+01
3263 8.710479e+01
3410 8.662383e+01
3415 8.640692e+01
3423 8.356468e+01
3496 8.127580e+01
3638 7.786081e+01
3720 7.463021e+01
3876 7.443212e+01
3885 7.332914e+01
3930 7.280968e+01
3985 7.193992e+01
3998 7.064893e+01
4054 6.857474e+01
4155 6.816316e+01
4431 6.806283e+01
4441 6.672727e+01
4454 6.543760e+01
4500 6.315539e+01
4587 6.293349e+01
4633 6.270430e+01
4637 6.112443e+01
4649 6.068668e+01
4666 5.840973e+01
4830 5.807103e+01
4873 5.750901e+01
4902 5.551171e+01
4944 5.529185e+01
5005 5.349307e+01
5196 5.285525e+01
5219 5.257602e+01
5223 5.224537e+01
5262 5.143266e+01
5282 5.138371e+01
5320 5.130260e+01
5393 5.055420e+01
5439 5.036622e+01
5500 5.009820e+01
5546 4.996845e+01
5594 4.964565e+01
5613 4.896091e+01
5671 4.887393e+01
5850 4.886992e+01
5874 4.842038e+01
5876 4.832566e+01
5884 4.694248e+01
6122 4.688394e+01
6199 4.649233e+01
6225 4.645163e+01
6263 4.634125e+01
6323 4.628596e+01
6371 4.582327e+01
6428 4.582297e+01
6430 4.579986e+01
6431 4.564943e+01
6445 4.556988e+01
6460 4.546624e+01
6488 4.542304e+01
6556 4.531506e+01
6584 4.526101e+01
6619 4.521190e+01
6638 4.475015e+01
6738 4.472892e+01
6949 4.463297e+01
7077 4.455150e+01
7160 4.451836e+01
7227 4.446524e+01
7238 4.443577e+01
7239 4.441359e+01
7256 4.437192e+01
7257 4.429103e+01
7306 4.421898e+01
7413 4.417406e+01
7450 4.398352e+01
7576 4.397314e+01
7727 4.386648e+01
7778 4.384570e+01
7807 4.380583e+01
7808 4.370898e+01
7815 4.360243e+01
7858 4.344483e+01
7899 4.327898e+01
8000 4.314003e+01
8050 4.286843e+01
8084 4.242892e+01
8123 4.216723e+01
8147 4.174275e+01
8168 4.135613e+01
8169 4.058651e+01
8255 3.947668e+01
8277 3.814061e+01
8352 3.680412e+01
8572 3.501507e+01
8708 3.476102e+01
8712 3.291627e+01
8781 2.930252e+01
9180 2.770719e+01
9424 2.622880e+01
9522 2.566292e+01
9524 2.518792e+01
9541 2.497128e+01
9578 2.346806e+01
9655 2.314581e+01
9686 2.199702e+01
9848 2.199083e+01
9855 2.148062e+01
9927 2.135434e+01
9977 2.126501e+01
10039 2.121535e+01
10067 2.100403e+01
10083 2.075794e+01
10096 2.069064e+01
10132 2.010645e+01
10259 2.008216e+01
10275 1.980228e+01
10296 1.978438e+01
10300 1.931083e+01
10337 1.899283e+01
10394 1.889903e+01
10564 1.876997e+01
10566 1.853714e+01
10754 1.819589e+01
10771 1.794629e+01
10954 1.790482e+01
11013 1.773107e+01
11058 1.767477e+01
11089 1.762270e+01
11141 1.734480e+01
11163 1.732197e+01
11194 1.712220e+01
11267 1.711142e+01
11277 1.707994e+01
11288 1.695934e+01
11316 1.686153e+01
11326 1.682792e+01
11386 1.680598e+01
11467 1.677649e+01
11493 1.673709e+01
11540 1.665437e+01
11629 1.664030e+01
11651 1.663788e+01
11704 1.660738e+01
11740 1.655502e+01
11848 1.655491e+01
11875 1.653036e+01
11877 1.651647e+01
11928 1.651186e+01
11934 1.650840e+01
11949 1.650697e+01
11975 1.649782e+01
11977 1.648499e+01
12000 1.646976e+01
12010 1.645752e+01
12014 1.644686e+01
12096 1.644092e+01
12106 1.640313e+01
12128 1.638885e+01
12208 1.637992e+01
12211 1.636191e+01
12278 1.635479e+01
12317 1.634576e+01
12446 1.633766e+01
12518 1.633497e+01
12589 1.631612e+01
12708 1.630131e+01
12767 1.628352e+01
12873 1.626051e+01
13178 1.625899e+01
13200 1.625816e+01
13224 1.624634e+01
13278 1.624058e+01
13319 1.621466e+01
13465 1.621206e+01
13533 1.620516e+01
13556 1.620355e+01
13589 1.620173e+01
13603 1.617567e+01
13769 1.617492e+01
13810 1.616222e+01
13814 1.614408e+01
13836 1.613911e+01
13878 1.613791e+01
13940 1.612296e+01
13958 1.611829e+01
13970 1.609481e+01
14000 1.607980e+01
14003 1.607292e+01
14072 1.602864e+01
14433 1.600602e+01
14469 1.594175e+01
14553 1.585594e+01
14792 1.583552e+01
14835 1.575670e+01
14837 1.574333e+01
14860 1.572261e+01
14887 1.565894e+01
15075 1.563212e+01
15127 1.553795e+01
15260 1.551191e+01
15319 1.547397e+01
15335 1.547264e+01
15359 1.534558e+01
15446 1.525496e+01
15448 1.524045e+01
15535 1.515803e+01
15567 1.515621e+01
15803 1.513084e+01
15855 1.508748e+01
15859 1.499212e+01
15887 1.499123e+01
15962 1.496160e+01
15984 1.494545e+01
16019 1.489658e+01
16109 1.470819e+01
16595 1.469236e+01
16646 1.453847e+01
16682 1.451144e+01
16909 1.450871e+01
16911 1.450605e+01
16957 1.450160e+01
16972 1.442246e+01
17002 1.441465e+01
17058 1.441018e+01
17136 1.440903e+01
17207 1.436875e+01
17229 1.435631e+01
17242 1.431557e+01
17271 1.431406e+01
17351 1.431138e+01
17385 1.429302e+01
17447 1.426465e+01
17470 1.426418e+01
17509 1.424829e+01
17531 1.424767e+01
17549 1.424428e+01
17573 1.422413e+01
17581 1.421542e+01
17611 1.421506e+01
17616 1.421351e+01
17621 1.420765e+01
17640 1.418392e+01
17661 1.410857e+01
17856 1.409819e+01
17888 1.408774e+01
17971 1.408718e+01
17994 1.408214e+01
17998 1.407221e+01
18008 1.406333e+01
18029 1.405617e+01
18075 1.404148e+01
18112 1.403767e+01
18170 1.403337e+01
18195 1.402130e+01
18244 1.401531e+01
18253 1.400958e+01
18314 1.399461e+01
18343 1.396012e+01
18459 1.394692e+01
18475 1.393997e+01
18503 1.387979e+01
18656 1.385745e+01
18746 1.384836e+01
18778 1.383157e+01
18899 1.377635e+01
19014 1.376785e+01
19052 1.372095e+01
19092 1.371247e+01
19121 1.370572e+01
19126 1.370173e+01
19137 1.369582e+01
19156 1.369552e+01
19170 1.367758e+01
19177 1.366178e+01
19190 1.364079e+01
19252 1.363500e+01
19272 1.362790e+01
19295 1.349813e+01
19418 1.346171e+01
19593 1.342922e+01
19669 1.338465e+01
19696 1.338155e+01
19731 1.325871e+01
19903 1.320628e+01
19945 1.316892e+01
19952 1.315942e+01
20004 1.308756e+01
20051 1.306989e+01
20135 1.306320e+01
20160 1.304818e+01
20192 1.303670e+01
20193 1.282783e+01
20261 1.281175e+01
20373 1.280990e+01
20409 1.276246e+01
20473 1.271631e+01
20513 1.271430e+01
20589 1.264245e+01
20708 1.262692e+01
20711 1.262030e+01
20713 1.255100e+01
20781 1.254841e+01
20804 1.248484e+01
20858 1.240216e+01
20892 1.237722e+01
20994 1.230690e+01
21023 1.228069e+01
21167 1.219132e+01
21170 1.219053e+01
21275 1.218771e+01
21406 1.218311e+01
21460 1.218141e+01
21506 1.214788e+01
21520 1.214256e+01
21583 1.201272e+01
21738 1.197892e+01
21822 1.197470e+01
21896 1.192068e+01
22004 1.191635e+01
22144 1.189940e+01
22149 1.185391e+01
22286 1.168244e+01
22458 1.163505e+01
22480 1.155875e+01
22550 1.148964e+01
22667 1.145390e+01
22681 1.144242e+01
22732 1.141391e+01
22742 1.135039e+01
22862 1.118482e+01
23262 1.116555e+01
23278 1.093574e+01
23324 1.091141e+01
23549 1.090777e+01
23552 1.086136e+01
23600 1.081081e+01
23613 1.077956e+01
23705 1.069984e+01
23726 1.056100e+01
23870 1.055718e+01
23910 1.045981e+01
24015 1.041287e+01
24127 1.033840e+01
24318 1.033373e+01
24349 1.028257e+01
24368 1.027023e+01
24370 1.026220e+01
24392 1.019218e+01
24598 1.017802e+01
24635 1.013341e+01
24645 1.011810e+01
24685 1.007786e+01
24869 1.007701e+01
24874 1.000316e+01
24971 1.000193e+01
24978 9.932661e+00
25018 9.837216e+00
25345 9.814762e+00
25437 9.748457e+00
25543 9.745004e+00
25588 9.731123e+00
25593 9.722493e+00
25625 9.689454e+00
25738 9.675788e+00
25859 9.641570e+00
25954 9.629287e+00
25984 9.611724e+00
26011 9.600671e+00
26111 9.558999e+00
26112 9.556141e+00
26191 9.544552e+00
26197 9.540858e+00
26223 9.539780e+00
26282 9.534271e+00
26296 9.531845e+00
26312 9.531610e+00
26341 9.527971e+00
26345 9.523127e+00
26353 9.516595e+00
26394 9.485592e+00
26489 9.483864e+00
26514 9.482852e+00
26569 9.479654e+00
26593 9.462857e+00
26651 9.460446e+00
26691 9.458590e+00
26705 9.457148e+00
26734 9.435834e+00
26744 9.434271e+00
26746 9.433203e+00
26751 9.394211e+00
26875 9.390831e+00
26965 9.342035e+00
27077 9.331534e+00
27115 9.317823e+00
27134 9.311504e+00
27163 9.271871e+00
27229 9.263930e+00
27256 9.251520e+00
27264 9.251438e+00
27341 9.234216e+00
27394 9.232424e+00
27425 9.192634e+00
27431 9.167829e+00
27434 9.146178e+00
27456 9.103025e+00
27538 9.095078e+00
27773 9.079287e+00
27785 9.076750e+00
27799 9.037791e+00
27807 9.004809e+00
27971 8.998674e+00
28021 8.986558e+00
28028 8.895311e+00
28104 8.861698e+00
28175 8.817348e+00
28259 8.793993e+00
28330 8.757828e+00
28407 8.741414e+00
28412 8.651223e+00
28418 8.628441e+00
28430 8.623650e+00
28440 8.602923e+00
28472 8.576953e+00
28514 8.568200e+00
28522 8.477674e+00
28653 8.451915e+00
28721 8.427180e+00
28776 8.391656e+00
28786 8.319370e+00
28841 8.257762e+00
29024 8.256108e+00
29053 8.207581e+00
29056 8.126622e+00
29155 8.113175e+00
29177 8.091916e+00
29188 8.028265e+00
29227 7.975819e+00
29229 7.971955e+00
29296 7.921443e+00
29362 7.818827e+00
29552 7.818772e+00
29679 7.716435e+00
29736 7.699556e+00
29913 7.605045e+00
29957 7.570342e+00
29958 7.486871e+00
30113 7.447682e+00
30140 7.438179e+00
30163 7.383631e+00
30359 7.377604e+00
30374 7.366947e+00
30387 7.342289e+00
30391 7.268943e+00
30436 7.239276e+00
30520 7.072748e+00
30868 7.010301e+00
30916 7.006965e+00
31013 6.981526e+00
31086 6.976014e+00
31146 6.954254e+00
31155 6.947193e+00
31162 6.922734e+00
31212 6.921806e+00
31244 6.894904e+00
31249 6.886314e+00
31269 6.873369e+00
31296 6.768733e+00
31425 6.731406e+00
31489 6.700350e+00
31496 6.632646e+00
31623 6.612257e+00
31693 6.579626e+00
31744 6.547051e+00
31828 6.520934e+00
31884 6.500431e+00
31975 6.490169e+00
31981 6.457589e+00
32041 6.453963e+00
32096 6.428195e+00
32139 6.422482e+00
32174 6.398547e+00
32207 6.390737e+00
32235 6.354026e+00
32367 6.312983e+00
32405 6.292658e+00
32490 6.287693e+00
32534 6.253070e+00
32577 6.145752e+00
32810 6.107267e+00
32836 6.074437e+00
32943 6.036047e+00
32978 5.937042e+00
33103 5.872325e+00
33160 5.871228e+00
33199 5.855610e+00
33211 5.844393e+00
33251 5.843505e+00
33265 5.840813e+00
33270 5.729701e+00
33412 5.696229e+00
33457 5.651382e+00
33461 5.635802e+00
33518 5.607193e+00
33557 5.578995e+00
33663 5.562575e+00
33752 5.500803e+00
33852 5.463549e+00
33909 5.366280e+00
33986 5.364743e+00
34032 5.359922e+00
34033 5.263844e+00
34120 5.224007e+00
34236 5.191647e+00
34296 5.185447e+00
34367 5.130869e+00
34392 5.043971e+00
34672 4.972517e+00
34797 4.949827e+00
34811 4.875317e+00
34909 4.795220e+00
34943 4.766343e+00
35088 4.764035e+00
35133 4.747783e+00
35142 4.704071e+00
35177 4.692683e+00
35217 4.649792e+00
35323 4.627537e+00
35353 4.622042e+00
35371 4.602041e+00
35405 4.590431e+00
35417 4.498417e+00
35508 4.486300e+00
35561 4.481320e+00
35586 4.471720e+00
35593 4.460784e+00
35634 4.395357e+00
35752 4.367410e+00
35800 4.331777e+00
35913 4.317687e+00
35922 4.294547e+00
35938 4.255687e+00
36062 4.238752e+00
36070 4.231727e+00
36081 4.229776e+00
36120 4.218729e+00
36159 4.201536e+00
36183 4.184666e+00
36188 4.140152e+00
36197 4.111741e+00
36203 4.087539e+00
36257 4.068454e+00
36343 4.036836e+00
36367 4.017655e+00
36452 4.000400e+00
36526 3.993465e+00
36546 3.935284e+00
36547 3.873983e+00
36700 3.848817e+00
36707 3.834662e+00
36798 3.819733e+00
36909 3.810292e+00
36934 3.715454e+00
37116 3.704627e+00
37129 3.679422e+00
37148 3.677656e+00
37181 3.610811e+00
37315 3.564090e+00
37419 3.434491e+00
37629 3.415029e+00
37642 3.400228e+00
37722 3.341268e+00
37768 3.340925e+00
37776 3.337218e+00
37801 3.323653e+00
37876 3.281279e+00
37975 3.200378e+00
38052 3.190213e+00
38151 3.176078e+00
38287 3.167103e+00
38394 3.139351e+00
38458 3.132841e+00
38492 3.109866e+00
38515 3.052991e+00
38518 3.030818e+00
38553 2.992574e+00
38558 2.971309e+00
38740 2.963879e+00
38769 2.963667e+00
38801 2.939970e+00
38854 2.928668e+00
38856 2.898087e+00
38879 2.895753e+00
38889 2.877676e+00
38945 2.862642e+00
39111 2.804357e+00
39212 2.718263e+00
39366 2.679821e+00
39419 2.660306e+00
39432 2.634492e+00
39471 2.602629e+00
39511 2.576990e+00
39574 2.548791e+00
39674 2.540280e+00
39678 2.508157e+00
39729 2.459968e+00
39771 2.452050e+00
39817 2.436235e+00
39923 2.392966e+00
39978 2.354183e+00
40035 2.331389e+00
40103 2.330595e+00
40136 2.297045e+00
40151 2.249865e+00
40207 2.241487e+00
40314 2.204171e+00
40350 2.196470e+00
40352 2.172413e+00
40389 2.163766e+00
40439 2.158592e+00
40449 2.148894e+00
40507 2.109852e+00
40551 2.088975e+00
40605 2.006005e+00
40896 1.955188e+00
40915 1.928548e+00
40923 1.865458e+00
40932 1.861921e+00
41025 1.846929e+00
41132 1.830705e+00
41152 1.739469e+00
41311 1.713153e+00
41325 1.671730e+00
41373 1.633594e+00
41383 1.586015e+00
41410 1.577842e+00
41444 1.571351e+00
41451 1.553269e+00
41506 1.549002e+00
41572 1.508158e+00
41604 1.504890e+00
41687 1.490857e+00
41697 1.402698e+00
41835 1.367815e+00
41878 1.366764e+00
41968 1.329871e+00
42200 1.218455e+00
42393 1.145954e+00
42418 1.133204e+00
42422 1.126202e+00
42518 1.104703e+00
42550 1.086670e+00
42564 1.084483e+00
42581 1.084247e+00
42618 1.078339e+00
42624 1.041040e+00
42625 1.026755e+00
42737 1.010047e+00
42780 9.997961e-01
42853 9.684431e-01
42978 9.351532e-01
43195 9.277223e-01
43211 9.105521e-01
43241 9.007640e-01
43273 8.926653e-01
43289 8.820316e-01
43305 8.781281e-01
43334 8.681578e-01
43352 8.627700e-01
43385 8.457045e-01
43413 8.244119e-01
43458 8.173787e-01
43627 8.145536e-01
43685 7.987456e-01
43755 7.937832e-01
43786 7.869816e-01
43789 7.597677e-01
43810 7.208117e-01
43830 7.126183e-01
44029 7.084276e-01
44097 6.953596e-01
44102 6.848427e-01
44105 6.566017e-01
44256 6.291769e-01
44368 6.050541e-01
44451 5.940615e-01
44469 5.897658e-01
44507 5.827704e-01
44591 5.774859e-01
44632 5.752414e-01
44750 5.661778e-01
44888 5.502191e-01
44893 5.387970e-01
44900 5.356385e-01
44955 4.948029e-01
129948 4.803659e-01
129993 4.750994e-01
130018 4.749476e-01
130073 4.464487e-01
130218 4.421526e-01
130276 4.363862e-01
130302 4.272017e-01
130335 4.182044e-01
130357 4.172062e-01
130419 4.083131e-01
130452 3.771009e-01
130509 3.706555e-01
130521 3.657192e-01
130552 3.646498e-01
130603 3.605131e-01
130611 3.584516e-01
130625 3.552671e-01
130734 3.523969e-01
130744 3.401762e-01
130754 3.317409e-01
130829 3.270832e-01
130865 3.233129e-01
130866 3.084774e-01
130941 3.019189e-01
130984 2.894991e-01
131076 2.641879e-01
131295 2.594434e-01
131386 2.497016e-01
131446 2.392458e-01
131493 2.373334e-01
131542 2.185250e-01
131554 2.165302e-01
131666 2.151197e-01
131667 2.045069e-01
131789 1.963133e-01
131822 1.927056e-01
131858 1.896594e-01
131872 1.589002e-01
132103 1.561522e-01
132107 1.555993e-01
132170 1.447279e-01
132211 1.311818e-01
132361 1.286888e-01
132363 1.147374e-01
132388 8.729495e-02
132734 8.636547e-02
132817 8.462560e-02
132821 8.330409e-02
132846 7.921461e-02
132895 7.566225e-02
132936 7.470212e-02
132948 7.020027e-02
133031 7.012765e-02
133092 6.274015e-02
133155 5.903631e-02
133312 5.897447e-02
133322 5.482777e-02
133373 4.380379e-02
133400 4.356620e-02
133482 4.112689e-02
133507 4.101575e-02
133526 3.959817e-02
133545 3.791733e-02
133571 3.743547e-02
133597 3.472324e-02
133616 3.273823e-02
133759 3.215711e-02
133774 3.075134e-02
133780 3.006027e-02
133800 2.782485e-02
133886 2.485375e-02
134068 2.466621e-02
134072 2.369084e-02
134082 2.355416e-02
134083 2.011633e-02
134226 1.629380e-02
134408 1.541198e-02
134431 1.382163e-02
134509 1.343074e-02
134534 1.331440e-02
134574 1.295711e-02
134607 1.241307e-02
134701 1.213216e-02
134749 1.183469e-02
134756 1.080082e-02
134798 9.574738e-03
134870 8.587853e-03
134978 7.921967e-03
135119 7.718764e-03
135137 5.411679e-03
135357 5.383348e-03
135385 4.139260e-03
135418 3.252050e-03
135682 2.810882e-03
135715 2.743189e-03
135802 2.729087e-03
135808 2.713067e-03
135817 2.139011e-03
135888 2.119489e-03
135935 2.094870e-03
135948 2.061621e-03
135981 1.702001e-03
136013 1.489445e-03
136108 1.300834e-03
136139 1.266409e-03
136177 1.232992e-03
136180 1.026999e-03
136224 9.846546e-04
136271 9.467495e-04
136336 9.146289e-04
136358 9.060265e-04
136361 6.659939e-04
136403 6.166083e-04
136463 5.960107e-04
136495 5.733104e-04
136570 4.836670e-04
136680 4.743039e-04
136706 4.102377e-04
136759 4.034924e-04
136783 3.086703e-04
136875 2.775945e-04
136900 2.698298e-04
136947 2.390926e-04
136994 2.024570e-04
137034 1.775206e-04
137175 1.742102e-04
137182 1.684748e-04
137196 1.497141e-04
137232 1.469551e-04
137237 1.262763e-04
137308 1.117516e-04
137387 1.062433e-04
137394 1.022829e-04
137401 9.940897e-05
137454 9.696674e-05
137500 8.200600e-05
137516 7.431402e-05
137590 6.553422e-05
137665 5.942160e-05
137713 5.634252e-05
137848 5.214157e-05
137879 5.015287e-05
137914 4.120785e-05
137921 3.712258e-05
137950 3.372068e-05
137963 2.619015e-05
138084 2.574986e-05
138156 2.354423e-05
138170 2.112108e-05
138216 1.960220e-05
138223 1.483113e-05
138340 1.390483e-05
138358 1.260453e-05
138391 1.207481e-05
138394 9.376038e-06
138429 9.256399e-06
138431 9.074236e-06
138501 7.455841e-06
138502 7.336673e-06
138579 5.627547e-06
138711 4.517093e-06
138745 4.461632e-06
138782 3.893097e-06
138791 3.028437e-06
138878 2.054957e-06
138919 1.792318e-06
138994 1.559349e-06
139037 1.267298e-06
139158 1.195093e-06
139161 1.019236e-06
139203 9.817266e-07
139239 8.529877e-07
139285 8.352779e-07
139343 5.052081e-07
139420 3.751208e-07
139608 3.361298e-07
139634 3.114754e-07
139683 2.939164e-07
139699 2.085480e-07
139772 1.753688e-07
139828 1.550416e-07
139963 1.358054e-07
140009 9.533874e-08
140059 6.938804e-08
140094 6.760649e-08
140188 5.655938e-08
140278 4.936417e-08
140369 4.188081e-08
140407 3.832364e-08
140422 3.765800e-08
140442 3.235289e-08
140451 2.703836e-08
140472 2.623828e-08
140479 1.937994e-08
140605 1.583920e-08
140623 1.365765e-08
140713 1.068517e-08
140736 1.037462e-08
140754 1.016740e-08
140794 9.568755e-09
252044 9.506135e-09
