1 2.199309e+01
2 2.186973e+01
3 2.172321e+01
4 2.129559e+01
42 2.122812e+01
107 2.105558e+01
201 2.099365e+01
623 2.098710e+01
732 2.076614e+01
3895 2.064899e+01
7692 2.061840e+01
26276 2.060193e+01
26277 2.060193e+01
26280 2.060193e+01
30002 2.060193e+01
30005 2.060193e+01
30008 2.060193e+01
30011 2.060193e+01
30014 2.060193e+01
30017 2.060193e+01
30020 2.060193e+01
30023 2.060193e+01
30056 2.060193e+01
30059 2.060193e+01
30062 2.060193e+01
30065 2.060193e+01
30068 2.060193e+01
30071 2.060193e+01
30074 2.060193e+01
30077 2.060193e+01
30080 2.060193e+01
30083 2.060193e+01
30086 2.060193e+01
30089 2.060193e+01
30092 2.060193e+01
30095 2.060193e+01
30098 2.060193e+01
30101 2.060193e+01
30104 2.060193e+01
30107 2.060193e+01
30332 2.060193e+01
30335 2.060193e+01
30338 2.060193e+01
30341 2.060193e+01
30344 2.060193e+01
30347 2.060193e+01
30350 2.060193e+01
30353 2.060193e+01
30386 2.060193e+01
30389 2.060193e+01
30392 2.060193e+01
30395 2.060193e+01
30398 2.060193e+01
30401 2.060193e+01
30404 2.060193e+01
30407 2.060193e+01
36527 2.054000e+01
36528 2.054000e+01
36531 2.054000e+01
36534 2.054000e+01
36537 2.054000e+01
36540 2.054000e+01
36543 2.054000e+01
36546 2.054000e+01
36549 2.054000e+01
36552 2.054000e+01
36555 2.054000e+01
36558 2.053950e+01
36561 2.053913e+01
65280 2.036853e+01
65284 2.036853e+01
65287 2.036853e+01
65290 2.036853e+01
65293 2.036853e+01
65296 2.036853e+01
65299 2.036853e+01
65338 2.036853e+01
65341 2.036853e+01
65344 2.036853e+01
65347 2.036853e+01
65350 2.036853e+01
65353 2.036853e+01
65386 2.036853e+01
65389 2.036853e+01
65392 2.036853e+01
65395 2.036853e+01
65482 2.036853e+01
65485 2.036853e+01
65488 2.036853e+01
65491 2.036853e+01
65494 2.036853e+01
65497 2.036853e+01
65500 2.036853e+01
65503 2.036853e+01
65506 2.036853e+01
65509 2.036853e+01
65518 2.036853e+01
65521 2.036853e+01
65524 2.036853e+01
65527 2.036853e+01
65530 2.036853e+01
65533 2.036853e+01
65566 2.036853e+01
65569 2.036853e+01
65572 2.036853e+01
65575 2.036853e+01
65578 2.036853e+01
65581 2.036853e+01
65584 2.036853e+01
65587 2.036853e+01
65590 2.036853e+01
65593 2.036853e+01
65596 2.036853e+01
65599 2.036853e+01
65602 2.036853e+01
65605 2.036853e+01
65608 2.036853e+01
65611 2.036853e+01
65614 2.036853e+01
65617 2.036853e+01
65620 2.036853e+01
65623 2.036853e+01
65626 2.036853e+01
65629 2.036853e+01
65632 2.036853e+01
65635 2.036853e+01
65638 2.036853e+01
65641 2.036853e+01
65644 2.036853e+01
65647 2.036853e+01
65650 2.036853e+01
65653 2.036853e+01
65656 2.036853e+01
65659 2.036853e+01
65662 2.036853e+01
65665 2.036853e+01
65668 2.036853e+01
65671 2.036853e+01
65674 2.036853e+01
65677 2.036853e+01
65680 2.036853e+01
65683 2.036853e+01
65686 2.036853e+01
65689 2.036853e+01
65692 2.036853e+01
65695 2.036853e+01
65818 2.036853e+01
65821 2.036853e+01
65824 2.036853e+01
65827 2.036853e+01
65830 2.036853e+01
65833 2.036853e+01
65866 2.036853e+01
65869 2.036853e+01
65872 2.036853e+01
65875 2.036853e+01
65878 2.036853e+01
65881 2.036853e+01
65884 2.036853e+01
65887 2.036853e+01
65890 2.036853e+01
65893 2.036853e+01
65896 2.036853e+01
65899 2.036853e+01
65902 2.036853e+01
65905 2.036853e+01
65908 2.036853e+01
65911 2.036853e+01
65914 2.036853e+01
65917 2.036853e+01
65920 2.036853e+01
65923 2.036853e+01
65926 2.036853e+01
65929 2.036853e+01
65932 2.036853e+01
65935 2.036853e+01
65938 2.036853e+01
65941 2.036853e+01
65944 2.036853e+01
65947 2.036853e+01
65950 2.036853e+01
65953 2.036853e+01
65956 2.036853e+01
65959 2.036853e+01
65962 2.036853e+01
65965 2.036853e+01
65968 2.036853e+01
65971 2.036853e+01
65974 2.036853e+01
65977 2.036853e+01
65980 2.036853e+01
65983 2.036853e+01
65986 2.036853e+01
65989 2.036853e+01
