1 5.564824e+02
6 4.494025e+02
9 3.779035e+02
17 3.637468e+02
22 3.155848e+02
23 2.364316e+02
97 2.050882e+02
141 1.613580e+02
272 1.137352e+02
376 1.024741e+02
412 9.795761e+01
459 9.716730e+01
474 9.568348e+01
475 9.014826e+01
482 8.074748e+01
565 6.993563e+01
670 6.274580e+01
704 5.718422e+01
840 5.445660e+01
900 3.721030e+01
1732 2.164541e+01
1867 1.860846e+01
1893 1.855272e+01
1916 8.119864e+00
2053 6.175860e+00
2083 6.087837e+00
2144 4.944389e+00
2197 4.478825e+00
2294 4.427501e+00
2338 4.314914e+00
2359 4.179905e+00
2377 4.106914e+00
2412 4.049368e+00
2464 4.031186e+00
2544 4.029215e+00
2548 4.028309e+00
2619 4.027826e+00
2621 4.022055e+00
2641 4.011758e+00
2662 4.001572e+00
2676 4.001475e+00
2700 3.995041e+00
2706 3.994133e+00
2722 3.985841e+00
2799 3.984247e+00
2818 3.984114e+00
2821 3.982975e+00
2893 3.982181e+00
2900 3.982020e+00
2915 3.981936e+00
2930 3.981930e+00
2943 3.981478e+00
3009 3.981236e+00
3014 3.981188e+00
3017 3.981147e+00
3041 3.980674e+00
3100 3.980165e+00
3145 3.980116e+00
3182 3.980041e+00
3269 3.979946e+00
3309 3.979891e+00
3392 3.979877e+00
3394 3.979875e+00
3406 3.979865e+00
3467 3.979855e+00
3490 3.979853e+00
3492 3.979853e+00
3514 3.979849e+00
3523 3.979849e+00
3531 3.979845e+00
3576 3.979843e+00
3587 3.979841e+00
3627 3.979841e+00
3631 3.979841e+00
3654 3.979839e+00
3684 3.979839e+00
3693 3.979839e+00
3708 3.979839e+00
3720 3.979839e+00
3726 3.979838e+00
3730 3.979837e+00
3856 3.979837e+00
3889 3.979837e+00
3934 3.979836e+00
3959 3.979836e+00
3966 3.979836e+00
4042 3.979836e+00
4047 3.979836e+00
4069 3.979836e+00
4070 3.979836e+00
4092 3.979836e+00
4113 3.979836e+00
4176 3.979836e+00
4236 3.979836e+00
4259 3.979836e+00
4307 3.979836e+00
4362 3.979836e+00
4376 3.979836e+00
4406 3.979836e+00
4413 3.979836e+00
4419 3.979836e+00
4487 3.979836e+00
4500 3.979836e+00
4548 3.979836e+00
4575 3.979836e+00
4607 3.979836e+00
4647 3.979836e+00
4684 3.979836e+00
4737 3.979836e+00
4738 3.979836e+00
4773 3.979836e+00
4777 3.979836e+00
4851 3.979836e+00
4856 3.979836e+00
4894 3.979836e+00
4935 3.979836e+00
4940 3.979836e+00
4982 3.979836e+00
5012 3.979836e+00
5019 3.979836e+00
5039 3.979836e+00
5077 3.979836e+00
12751 3.890811e+00
12786 3.615114e+00
12884 3.572121e+00
12953 3.508444e+00
13003 3.389931e+00
13021 3.304609e+00
13060 3.235867e+00
13191 3.149523e+00
13230 3.068040e+00
13493 3.062990e+00
13543 3.060837e+00
13548 3.058483e+00
13549 3.044985e+00
13574 3.037903e+00
13596 3.025122e+00
13868 3.017756e+00
13900 3.002526e+00
14039 3.000078e+00
14106 2.999694e+00
14114 2.995853e+00
14126 2.995142e+00
14153 2.992926e+00
14216 2.988118e+00
14479 2.987930e+00
14509 2.987740e+00
14552 2.987658e+00
14572 2.987638e+00
14604 2.987129e+00
14639 2.986791e+00
14681 2.986074e+00
14692 2.985792e+00
14874 2.985433e+00
14975 2.985316e+00
42934 2.985274e+00
42971 2.985198e+00
43103 2.985173e+00
43197 2.985096e+00
43219 2.985040e+00
43278 2.984988e+00
43475 2.984963e+00
43572 2.984953e+00
43597 2.984936e+00
43674 2.984914e+00
43801 2.984912e+00
43810 2.984896e+00
43858 2.984890e+00
43920 2.984888e+00
43962 2.984887e+00
44094 2.984887e+00
44106 2.984887e+00
44117 2.984884e+00
44176 2.984881e+00
44319 2.984881e+00
44392 2.984881e+00
44396 2.984880e+00
44446 2.984879e+00
44489 2.984879e+00
44556 2.984879e+00
44580 2.984879e+00
44660 2.984878e+00
44770 2.984878e+00
44824 2.984878e+00
44832 2.984878e+00
44852 2.984878e+00
44946 2.984878e+00
45007 2.984878e+00
45009 2.984878e+00
45027 2.984878e+00
45038 2.984877e+00
45126 2.984877e+00
45137 2.984877e+00
45258 2.984877e+00
45267 2.984877e+00
45334 2.984877e+00
45339 2.984877e+00
45439 2.984877e+00
45791 2.984877e+00
46012 2.984877e+00
46017 2.984877e+00
46119 2.984877e+00
46129 2.984877e+00
46248 2.984877e+00
46320 2.984877e+00
46362 2.984877e+00
46407 2.984877e+00
46423 2.984877e+00
46440 2.984877e+00
46515 2.984877e+00
46550 2.984877e+00
46626 2.984877e+00
46629 2.984877e+00
46633 2.984877e+00
46666 2.984877e+00
46760 2.984877e+00
46792 2.984877e+00
46805 2.984877e+00
46825 2.984877e+00
46945 2.984877e+00
47016 2.984877e+00
47017 2.984877e+00
47043 2.984877e+00
47103 2.984877e+00
47139 2.984877e+00
47171 2.984877e+00
47257 2.984877e+00
47414 2.984877e+00
47498 2.984877e+00
47530 2.984877e+00
47582 2.984877e+00
47589 2.984877e+00
47637 2.984877e+00
47725 2.984877e+00
47808 2.984877e+00
47821 2.984877e+00
47876 2.984877e+00
61380 2.831734e+00
61388 2.503291e+00
61749 2.162909e+00
62116 1.992883e+00
62127 1.584057e+00
62276 1.459745e+00
62556 1.356038e+00
62838 1.290729e+00
62891 1.260539e+00
62940 1.134678e+00
63131 1.050260e+00
63793 1.025046e+00
63966 1.015926e+00
64185 1.006022e+00
64505 1.001714e+00
64915 9.993797e-01
64992 9.977618e-01
64994 9.970254e-01
65389 9.963361e-01
65736 9.962296e-01
65763 9.959689e-01
65859 9.959565e-01
65951 9.955191e-01
66041 9.955138e-01
66094 9.953580e-01
66119 9.952376e-01
66238 9.951680e-01
66522 9.951287e-01
66722 9.950678e-01
66738 9.950566e-01
66819 9.950242e-01
66998 9.950090e-01
67219 9.949898e-01
67346 9.949870e-01
67462 9.949841e-01
67534 9.949798e-01
67542 9.949725e-01
67566 9.949690e-01
67811 9.949682e-01
67876 9.949653e-01
67948 9.949646e-01
67988 9.949638e-01
68180 9.949624e-01
68536 9.949620e-01
68574 9.949616e-01
68632 9.949603e-01
68767 9.949603e-01
69004 9.949600e-01
69304 9.949598e-01
69340 9.949597e-01
69383 9.949597e-01
69400 9.949596e-01
69450 9.949596e-01
69531 9.949595e-01
69648 9.949594e-01
69676 9.949594e-01
69724 9.949592e-01
69802 9.949592e-01
69920 9.949592e-01
70145 9.949592e-01
70270 9.949592e-01
70322 9.949591e-01
70328 9.949591e-01
70373 9.949591e-01
70741 9.949591e-01
70854 9.949591e-01
70914 9.949591e-01
71113 9.949591e-01
71198 9.949591e-01
71268 9.949591e-01
71371 9.949591e-01
71502 9.949591e-01
71523 9.949591e-01
71623 9.949591e-01
71781 9.949591e-01
72193 9.949591e-01
72203 9.949591e-01
72328 9.949591e-01
72541 9.949591e-01
72591 9.949591e-01
72797 9.949591e-01
72867 9.949591e-01
72967 9.949591e-01
73138 9.949591e-01
73238 9.949591e-01
73360 9.949591e-01
73380 9.949591e-01
73719 9.949591e-01
73944 9.949591e-01
73966 9.949591e-01
73985 9.949591e-01
74120 9.949591e-01
74125 9.949591e-01
74233 9.949591e-01
74240 9.949591e-01
74439 9.949591e-01
74528 9.949591e-01
74538 9.949591e-01
85345 5.954584e-01
85697 5.353447e-01
85959 4.832052e-01
86048 4.752439e-01
86081 4.016656e-01
86154 2.156126e-01
86329 1.942348e-01
86532 1.098246e-01
86719 8.471361e-02
86731 7.556830e-02
86923 5.491895e-02
86949 3.942913e-02
87077 2.055748e-02
87320 1.952195e-02
87461 1.868427e-02
87543 1.176333e-02
87719 1.022090e-02
87763 8.968946e-03
87950 7.037454e-03
88124 3.308941e-03
88189 2.901345e-03
88198 1.987635e-03
88534 1.785952e-03
88694 1.483498e-03
88917 1.252957e-03
88928 1.136546e-03
88961 9.559407e-04
89077 7.819144e-04
89088 4.965863e-04
89357 3.062909e-04
89535 2.998281e-04
89741 1.634304e-04
89921 1.421987e-04
89932 7.713110e-05
90327 6.590790e-05
90527 4.423817e-05
90594 4.007841e-05
90677 2.617318e-05
90759 2.176723e-05
90927 1.605263e-05
90986 1.165596e-05
91264 1.156217e-05
91290 9.865962e-06
91306 5.492725e-06
91716 2.283637e-06
91795 2.045855e-06
92100 1.779242e-06
92137 1.629342e-06
92190 1.295485e-06
92412 1.167282e-06
92448 1.050140e-06
92537 8.881996e-07
92660 8.057323e-07
92746 8.013867e-07
92752 5.748295e-07
92895 2.994175e-07
92920 1.982800e-07
93327 1.935409e-07
93364 1.663469e-07
93438 9.992200e-08
93539 8.266383e-08
93620 5.329528e-08
93786 3.738286e-08
94020 3.511004e-08
94133 2.798461e-08
94165 2.624806e-08
94171 2.440368e-08
94343 1.434558e-08
94478 1.343499e-08
94490 1.122018e-08
94671 8.955426e-09
94677 6.083740e-09
