1 5.641023e+04
4 5.330472e+04
9 3.767947e+04
12 3.650401e+04
19 3.322337e+04
34 2.825745e+04
277 2.439027e+04
386 1.868817e+04
450 1.197489e+04
497 1.115533e+04
505 1.092428e+04
563 6.390494e+03
671 3.669403e+03
793 3.087893e+03
898 2.827488e+03
919 2.637891e+03
975 2.589785e+03
1047 2.270850e+03
1071 2.038620e+03
1104 1.814060e+03
1115 1.758168e+03
1117 1.302341e+03
1187 1.298073e+03
1249 1.286030e+03
1250 8.530612e+02
1369 7.723267e+02
1434 7.237762e+02
1458 7.072056e+02
1540 5.818137e+02
1553 5.181952e+02
1710 4.988232e+02
1735 4.452325e+02
1749 4.138335e+02
1776 3.688290e+02
1838 3.490841e+02
1912 3.079597e+02
2086 3.020879e+02
2119 2.861256e+02
2146 2.645145e+02
2150 2.504681e+02
2181 2.063487e+02
2277 2.013448e+02
2312 1.972314e+02
2315 1.896064e+02
2357 1.829314e+02
2376 1.733935e+02
2430 1.326288e+02
2574 1.151705e+02
2605 1.139773e+02
2650 1.100126e+02
2739 1.040968e+02
2778 1.034898e+02
2805 1.023896e+02
2846 9.526312e+01
2896 9.416076e+01
2914 8.555286e+01
2993 8.407412e+01
3044 8.000477e+01
3096 7.916585e+01
3129 7.623412e+01
3188 7.368021e+01
3205 7.235526e+01
3252 7.078279e+01
3257 6.943168e+01
3347 6.501246e+01
3373 6.168889e+01
3478 6.144978e+01
3484 6.102163e+01
3503 5.896067e+01
3606 5.774618e+01
3747 5.564136e+01
3810 5.506673e+01
3856 5.485990e+01
3872 5.473315e+01
3888 5.448776e+01
3892 5.427865e+01
3935 5.413385e+01
3998 5.234980e+01
4083 5.234681e+01
4108 5.203953e+01
4199 5.159666e+01
4205 5.146104e+01
4269 5.145419e+01
4276 5.100264e+01
4296 5.078422e+01
4324 5.057677e+01
4374 5.039443e+01
4380 5.030525e+01
4381 4.997266e+01
4480 4.990914e+01
4504 4.959597e+01
4552 4.951279e+01
4609 4.948360e+01
4610 4.945868e+01
4614 4.923371e+01
4715 4.910668e+01
4852 4.907907e+01
4915 4.905250e+01
4950 4.905057e+01
4957 4.886534e+01
4986 4.885219e+01
5035 4.881526e+01
5048 4.880720e+01
5050 4.875097e+01
5108 4.871366e+01
5132 4.859226e+01
5162 4.857418e+01
5178 4.855177e+01
5227 4.853468e+01
5241 4.852312e+01
5305 4.849521e+01
5355 4.844614e+01
5386 4.844109e+01
5499 4.843222e+01
5500 4.839850e+01
5505 4.839010e+01
5569 4.835935e+01
5573 4.830906e+01
5594 4.828344e+01
5621 4.825901e+01
5649 4.823815e+01
5687 4.821677e+01
5824 4.821140e+01
5845 4.818529e+01
5923 4.815521e+01
5924 4.815160e+01
5943 4.812599e+01
6056 4.812384e+01
6101 4.807782e+01
6182 4.802768e+01
6307 4.801208e+01
6325 4.798424e+01
6378 4.795723e+01
6411 4.795706e+01
6467 4.794555e+01
6525 4.794340e+01
6535 4.794329e+01
6620 4.790241e+01
6857 4.789348e+01
6875 4.784857e+01
6995 4.783753e+01
7049 4.782454e+01
7211 4.781548e+01
7233 4.780256e+01
7269 4.780137e+01
7312 4.779334e+01
7338 4.778143e+01
7371 4.778064e+01
7381 4.778062e+01
7383 4.777775e+01
7408 4.775544e+01
7418 4.769176e+01
7476 4.768422e+01
7520 4.766838e+01
7591 4.765224e+01
7610 4.762825e+01
7683 4.759811e+01
7746 4.759462e+01
7760 4.759106e+01
7789 4.755590e+01
7817 4.754996e+01
7887 4.753606e+01
7940 4.752219e+01
7995 4.751673e+01
7998 4.748895e+01
8044 4.745483e+01
8108 4.745011e+01
8121 4.740143e+01
8170 4.739812e+01
8254 4.738327e+01
8285 4.738173e+01
8311 4.734416e+01
8321 4.731835e+01
8408 4.728976e+01
8476 4.723261e+01
8576 4.721885e+01
8618 4.721792e+01
8704 4.716092e+01
8767 4.714890e+01
8802 4.714409e+01
8855 4.706082e+01
8910 4.704149e+01
8965 4.700524e+01
9014 4.697542e+01
9148 4.693714e+01
9163 4.693116e+01
9244 4.692218e+01
9277 4.683912e+01
9371 4.679792e+01
9669 4.657596e+01
9978 4.655646e+01
10055 4.646347e+01
10109 4.641464e+01
10171 4.636025e+01
10208 4.635317e+01
10217 4.629098e+01
10328 4.627815e+01
10401 4.625589e+01
10405 4.621516e+01
10620 4.616062e+01
10639 4.613556e+01
10794 4.609628e+01
10834 4.600693e+01
10975 4.595438e+01
11036 4.593070e+01
11122 4.584930e+01
11269 4.580911e+01
11487 4.570921e+01
11519 4.569879e+01
11640 4.565736e+01
11731 4.558777e+01
11813 4.552421e+01
11827 4.552106e+01
11869 4.549951e+01
11884 4.547628e+01
11898 4.546347e+01
11950 4.544212e+01
11997 4.538505e+01
12089 4.538490e+01
12099 4.536436e+01
12185 4.535257e+01
12196 4.533675e+01
12278 4.531754e+01
12300 4.531237e+01
12339 4.526652e+01
12364 4.526020e+01
12464 4.524825e+01
12506 4.518321e+01
12592 4.515189e+01
12643 4.514627e+01
12738 4.514335e+01
12771 4.509723e+01
12818 4.502712e+01
12845 4.490566e+01
13113 4.486931e+01
13291 4.486014e+01
13369 4.483325e+01
13384 4.480699e+01
13551 4.474017e+01
13586 4.472809e+01
13610 4.467655e+01
13710 4.466734e+01
13771 4.465613e+01
13951 4.465383e+01
14002 4.459214e+01
14040 4.455370e+01
14069 4.453331e+01
14203 4.443375e+01
14272 4.442900e+01
14298 4.440616e+01
14307 4.435250e+01
14361 4.427556e+01
14453 4.423136e+01
14631 4.420524e+01
14784 4.417488e+01
14833 4.415271e+01
15003 4.407167e+01
15030 4.396545e+01
15216 4.394961e+01
15414 4.394779e+01
15477 4.391504e+01
15539 4.385083e+01
15599 4.380498e+01
15641 4.374289e+01
15784 4.373568e+01
15799 4.370704e+01
15875 4.366576e+01
15936 4.364247e+01
16343 4.363574e+01
16359 4.361464e+01
16384 4.361393e+01
16440 4.361036e+01
16471 4.360301e+01
16570 4.358861e+01
16647 4.357708e+01
16741 4.357265e+01
16796 4.356914e+01
16885 4.356733e+01
16901 4.356537e+01
16947 4.351985e+01
17062 4.351737e+01
17146 4.351589e+01
17179 4.351531e+01
17277 4.349514e+01
17542 4.349056e+01
17563 4.348784e+01
17584 4.348645e+01
17640 4.348497e+01
17697 4.347588e+01
18153 4.347245e+01
18182 4.346824e+01
18278 4.346743e+01
18359 4.346730e+01
18385 4.346671e+01
18415 4.346504e+01
18425 4.346423e+01
18440 4.346181e+01
18532 4.346074e+01
18547 4.345953e+01
18752 4.345867e+01
18910 4.345863e+01
18941 4.345813e+01
18954 4.345766e+01
18998 4.345758e+01
19079 4.345656e+01
19220 4.345489e+01
19250 4.345479e+01
19663 4.345448e+01
19771 4.345419e+01
19888 4.345406e+01
19898 4.345067e+01
20248 4.345010e+01
20349 4.344994e+01
20832 4.344989e+01
20852 4.344953e+01
20916 4.344949e+01
21247 4.344942e+01
21266 4.344918e+01
21597 4.344868e+01
21650 4.344851e+01
21733 4.344844e+01
21997 4.344842e+01
22126 4.344833e+01
22175 4.344829e+01
22256 4.344826e+01
22274 4.344823e+01
22317 4.344822e+01
22319 4.344812e+01
22397 4.344808e+01
22439 4.344801e+01
22654 4.344799e+01
22664 4.344792e+01
22754 4.344790e+01
22792 4.344787e+01
22986 4.344779e+01
23184 4.344772e+01
23642 4.344771e+01
23906 4.344764e+01
24966 4.344763e+01
25385 4.344759e+01
25476 4.344759e+01
25483 4.344758e+01
25604 4.344756e+01
26001 4.344756e+01
26043 4.344752e+01
26630 4.344751e+01
26685 4.344751e+01
26756 4.344750e+01
26782 4.344750e+01
26804 4.344750e+01
26835 4.344750e+01
26849 4.344748e+01
27566 4.344747e+01
27641 4.344746e+01
27653 4.344746e+01
27816 4.344745e+01
28130 4.344744e+01
28221 4.344744e+01
28232 4.344744e+01
28296 4.344743e+01
28396 4.344743e+01
28450 4.344743e+01
28457 4.344743e+01
28608 4.344742e+01
28670 4.344742e+01
28883 4.344742e+01
28997 4.344741e+01
29016 4.344741e+01
29118 4.344741e+01
29172 4.344740e+01
29538 4.344739e+01
30833 4.344738e+01
31102 4.344738e+01
31200 4.344738e+01
31357 4.344738e+01
31442 4.344737e+01
31750 4.344737e+01
31815 4.344737e+01
33680 4.344737e+01
33916 4.344736e+01
34248 4.344736e+01
34475 4.344736e+01
34492 4.344736e+01
35038 4.344736e+01
35202 4.344735e+01
35264 4.344735e+01
35375 4.344735e+01
35412 4.344735e+01
36192 4.344735e+01
36601 4.344735e+01
36894 4.344735e+01
36932 4.344734e+01
37394 4.344734e+01
37851 4.344734e+01
38221 4.344734e+01
38371 4.344734e+01
38390 4.344734e+01
38437 4.344734e+01
38588 4.344734e+01
39073 4.344734e+01
39357 4.344734e+01
39540 4.344734e+01
39622 4.344734e+01
39777 4.344734e+01
39784 4.344734e+01
39929 4.344734e+01
40092 4.344734e+01
40627 4.344734e+01
40714 4.344734e+01
41268 4.344734e+01
41510 4.344734e+01
41613 4.344734e+01
42045 4.344733e+01
42127 4.344733e+01
42656 4.344733e+01
43289 4.344733e+01
43882 4.344733e+01
44742 4.344733e+01
44980 4.344733e+01
45135 4.344733e+01
45849 4.344733e+01
46405 4.344733e+01
46524 4.344733e+01
46676 4.344733e+01
46778 4.344733e+01
46852 4.344733e+01
47112 4.344733e+01
47576 4.344733e+01
47644 4.344733e+01
47806 4.344733e+01
47809 4.344733e+01
47993 4.344733e+01
48178 4.344733e+01
48538 4.344733e+01
48613 4.344733e+01
48668 4.344733e+01
49777 4.344733e+01
49938 4.344733e+01
50039 4.344733e+01
50125 4.344733e+01
50214 4.344733e+01
50250 4.344733e+01
50425 4.344733e+01
50448 4.344733e+01
50514 4.344733e+01
50518 4.344733e+01
50778 4.344733e+01
51624 4.344733e+01
51827 4.344733e+01
52160 4.344733e+01
52343 4.344733e+01
52371 4.344733e+01
52613 4.344733e+01
52995 4.344733e+01
53004 4.344733e+01
53467 4.344733e+01
53572 4.344733e+01
53785 4.344733e+01
54535 4.344733e+01
54653 4.344733e+01
54967 4.344733e+01
55093 4.344733e+01
55209 4.344733e+01
55263 4.344733e+01
55265 4.344733e+01
55361 4.344733e+01
55474 4.344733e+01
55645 4.344733e+01
55763 4.344733e+01
56076 4.344733e+01
56272 4.344733e+01
56402 4.344733e+01
56546 4.344733e+01
56661 4.344733e+01
56801 4.344733e+01
58472 4.344733e+01
58483 4.344733e+01
58702 4.344733e+01
59371 4.344733e+01
59381 4.344733e+01
59470 4.344733e+01
59559 4.344733e+01
59690 4.344733e+01
59725 4.344733e+01
59970 4.344733e+01
60288 4.344733e+01
60383 4.344733e+01
60386 4.344733e+01
60458 4.344733e+01
60527 4.344733e+01
60744 4.344733e+01
60902 4.344733e+01
60946 4.344733e+01
61887 4.344733e+01
62028 4.344733e+01
62170 4.344733e+01
62242 4.344733e+01
62332 4.344733e+01
62662 4.344733e+01
62703 4.344733e+01
63108 4.344733e+01
63459 4.344733e+01
63484 4.344733e+01
63901 4.344733e+01
64048 4.344733e+01
65557 4.344733e+01
65791 4.344733e+01
65858 4.344733e+01
66410 4.344733e+01
66779 4.344733e+01
66811 4.344733e+01
66879 4.344733e+01
66905 4.344733e+01
66923 4.344733e+01
66955 4.344733e+01
67023 4.344733e+01
67507 4.344733e+01
67912 4.344733e+01
68017 4.344733e+01
68222 4.344733e+01
68438 4.344733e+01
68448 4.344733e+01
68457 4.344733e+01
68770 4.344733e+01
68788 4.344733e+01
68819 4.344733e+01
68938 4.344733e+01
68950 4.344733e+01
68979 4.344733e+01
68998 4.344733e+01
69019 4.344733e+01
69029 4.344733e+01
69942 4.344733e+01
70020 4.344733e+01
70035 4.344733e+01
70182 4.344733e+01
70260 4.344733e+01
70464 4.344733e+01
70571 4.344733e+01
70839 4.344733e+01
71042 4.344733e+01
71146 4.344733e+01
71941 4.344733e+01
72552 4.344733e+01
72602 4.344733e+01
72622 4.344733e+01
72641 4.344733e+01
72848 4.344733e+01
72875 4.344733e+01
73014 4.344733e+01
73102 4.344733e+01
73148 4.344733e+01
73178 4.344733e+01
73782 4.344733e+01
74168 4.344733e+01
74198 4.344733e+01
74242 4.344733e+01
74304 4.344733e+01
74491 4.344733e+01
74630 4.344733e+01
74809 4.344733e+01
74983 4.344733e+01
228419 4.344733e+01
228612 4.344733e+01
228999 4.344733e+01
229111 4.344733e+01
229824 4.344733e+01
229978 4.344733e+01
230472 4.344733e+01
230510 4.344733e+01
230640 4.344733e+01
230675 4.344733e+01
230713 4.344733e+01
230762 4.344733e+01
230818 4.344733e+01
231029 4.344733e+01
231099 4.344733e+01
231303 4.344733e+01
231645 4.344733e+01
231666 4.344733e+01
231839 4.344733e+01
231893 4.344733e+01
231988 4.344733e+01
232014 4.344733e+01
232119 4.344733e+01
232280 4.344733e+01
232450 4.344733e+01
232585 4.344733e+01
232591 4.344733e+01
232610 4.344733e+01
232697 4.344733e+01
232708 4.344733e+01
233154 4.344733e+01
233544 4.344733e+01
233812 4.344733e+01
233855 4.344733e+01
233905 4.344733e+01
233977 4.344733e+01
234204 4.344733e+01
234283 4.344733e+01
234422 4.344733e+01
234497 4.344733e+01
234565 4.344733e+01
234900 4.344733e+01
235259 4.344733e+01
235330 4.344733e+01
235490 4.344733e+01
235561 4.344733e+01
235665 4.344733e+01
235694 4.344733e+01
235869 4.344733e+01
236151 4.344733e+01
236325 4.344733e+01
236370 4.344733e+01
236531 4.344733e+01
236808 4.344733e+01
237086 4.344733e+01
237125 4.344733e+01
237217 4.344733e+01
237333 4.344733e+01
237466 4.344733e+01
237627 4.344733e+01
237730 4.344733e+01
238006 4.344733e+01
238031 4.344733e+01
238207 4.344733e+01
238415 4.344733e+01
238461 4.344733e+01
238492 4.344733e+01
238656 4.344733e+01
345099 4.344733e+01
346763 4.344733e+01
347300 4.344733e+01
347391 4.344733e+01
347498 4.344733e+01
347753 4.344733e+01
348364 4.344733e+01
348505 4.344733e+01
348781 4.344733e+01
349043 4.344733e+01
350219 4.344733e+01
350442 4.344733e+01
