1 2.614426e+04
2 1.185978e+04
3 9.473134e+03
5 8.564385e+03
9 7.046620e+03
15 4.084594e+03
22 3.693377e+03
55 3.470797e+03
66 3.172345e+03
93 2.818283e+03
192 2.702579e+03
311 2.576412e+03
473 2.561569e+03
604 2.484019e+03
634 2.428290e+03
1052 2.410377e+03
1103 2.320753e+03
1258 2.317817e+03
1375 2.258587e+03
1448 2.218396e+03
1571 2.212658e+03
1643 2.151433e+03
1743 2.079083e+03
1784 2.063959e+03
1823 2.023090e+03
1984 1.953469e+03
2072 1.938819e+03
2115 1.883613e+03
2199 1.877659e+03
2212 1.852565e+03
2528 1.837236e+03
2604 1.835302e+03
2696 1.785763e+03
2773 1.781651e+03
2888 1.771732e+03
2900 1.711811e+03
2936 1.685979e+03
3214 1.580954e+03
3879 1.559994e+03
3945 1.550387e+03
3960 1.529455e+03
4196 1.494212e+03
4323 1.483375e+03
4327 1.466237e+03
4375 1.464588e+03
4408 1.449826e+03
4440 1.385094e+03
4937 1.370715e+03
4993 1.359728e+03
5000 1.327658e+03
5237 1.292485e+03
5549 1.269349e+03
5572 1.235032e+03
5751 1.230627e+03
5884 1.215793e+03
5944 1.206246e+03
6047 1.198107e+03
6087 1.197796e+03
6235 1.195951e+03
6249 1.187659e+03
6309 1.183282e+03
6339 1.176465e+03
6383 1.144648e+03
6487 1.143274e+03
6572 1.125034e+03
6583 1.123869e+03
6618 1.116605e+03
6698 1.112935e+03
6731 1.105196e+03
6738 1.071221e+03
6787 1.067354e+03
6967 1.053775e+03
6982 1.036438e+03
7249 1.015219e+03
7305 1.007632e+03
7339 1.000421e+03
7456 9.931028e+02
7525 9.847684e+02
7559 9.844366e+02
7661 9.782935e+02
7886 9.744405e+02
7924 9.719934e+02
7988 9.578478e+02
8135 9.572436e+02
8179 9.503340e+02
8276 9.457902e+02
8278 9.383417e+02
8353 9.271440e+02
8592 9.212295e+02
8692 9.198085e+02
8815 9.175534e+02
8857 9.113472e+02
9091 9.066538e+02
9192 9.047565e+02
9241 8.951348e+02
9453 8.870999e+02
9489 8.819376e+02
9828 8.769338e+02
9834 8.716938e+02
10120 8.686752e+02
10334 8.652843e+02
10343 8.632133e+02
10416 8.585931e+02
10569 8.508253e+02
10956 8.472349e+02
10980 8.430600e+02
11278 8.423303e+02
11360 8.410820e+02
11588 8.376609e+02
11618 8.349769e+02
11672 8.329866e+02
11675 8.325309e+02
11999 8.297474e+02
12009 8.264614e+02
12183 8.238123e+02
12230 8.229073e+02
12290 8.198937e+02
12366 8.192404e+02
12413 8.190657e+02
12569 8.178893e+02
12823 8.174639e+02
12912 8.152667e+02
12931 8.112004e+02
13476 8.099104e+02
13477 8.093986e+02
13514 8.087032e+02
13560 8.086802e+02
13570 8.078032e+02
13633 8.068619e+02
13698 8.067710e+02
13700 8.044422e+02
13803 8.025812e+02
13854 8.022923e+02
14062 8.013302e+02
14229 8.006657e+02
14231 8.005286e+02
14242 7.997586e+02
14282 7.990235e+02
14338 7.989836e+02
14350 7.987624e+02
14396 7.980986e+02
14540 7.970597e+02
14647 7.968407e+02
14835 7.951093e+02
15059 7.949282e+02
15083 7.929868e+02
15424 7.928371e+02
15526 7.927090e+02
15562 7.925352e+02
15682 7.914727e+02
15893 7.907533e+02
15963 7.904367e+02
15970 7.898785e+02
15975 7.894247e+02
16207 7.893953e+02
16271 7.893751e+02
16395 7.885976e+02
16487 7.885883e+02
16542 7.874422e+02
16883 7.873794e+02
16952 7.872754e+02
17004 7.871375e+02
17100 7.869296e+02
17122 7.868531e+02
17125 7.868056e+02
17138 7.861107e+02
17189 7.856590e+02
17265 7.855448e+02
17312 7.855240e+02
17343 7.855164e+02
17352 7.853111e+02
17563 7.851550e+02
17616 7.844446e+02
17892 7.842285e+02
17896 7.835313e+02
18280 7.834108e+02
18293 7.828465e+02
18692 7.825549e+02
18888 7.824412e+02
18923 7.824112e+02
19073 7.823086e+02
19086 7.822391e+02
19181 7.821804e+02
19224 7.819566e+02
19277 7.819186e+02
19307 7.818474e+02
19385 7.816487e+02
19401 7.815624e+02
19427 7.815214e+02
19503 7.811224e+02
19534 7.811070e+02
19687 7.810271e+02
19691 7.809914e+02
19732 7.805765e+02
19835 7.805187e+02
19871 7.803927e+02
20033 7.802295e+02
20083 7.802127e+02
20153 7.801181e+02
20161 7.800931e+02
20247 7.799623e+02
20351 7.798880e+02
20353 7.798865e+02
20373 7.798210e+02
20420 7.795824e+02
20713 7.795212e+02
20726 7.793837e+02
20836 7.792511e+02
20862 7.791795e+02
20974 7.791619e+02
20994 7.791499e+02
21089 7.790193e+02
21116 7.788023e+02
21267 7.787711e+02
21357 7.785851e+02
21823 7.785835e+02
21894 7.785823e+02
21942 7.784300e+02
21973 7.783344e+02
22272 7.782814e+02
22305 7.782659e+02
22466 7.782619e+02
22489 7.781150e+02
22518 7.779529e+02
22637 7.778977e+02
22984 7.778473e+02
23014 7.778467e+02
23168 7.778010e+02
23457 7.777648e+02
23461 7.777096e+02
23685 7.777083e+02
23701 7.777038e+02
23704 7.776711e+02
23738 7.776424e+02
23812 7.775055e+02
24229 7.775013e+02
24267 7.774931e+02
24387 7.774690e+02
24475 7.774425e+02
24686 7.774191e+02
24724 7.773467e+02
24799 7.773260e+02
24954 7.772972e+02
25166 7.772905e+02
25267 7.772544e+02
25507 7.772482e+02
25554 7.772466e+02
25698 7.772095e+02
25802 7.771905e+02
25843 7.771855e+02
25906 7.771835e+02
25971 7.771500e+02
26060 7.771447e+02
26089 7.771138e+02
26195 7.770669e+02
26338 7.770645e+02
26447 7.770605e+02
26496 7.770549e+02
26523 7.770315e+02
26864 7.770264e+02
26870 7.770247e+02
26918 7.769956e+02
27069 7.769866e+02
27074 7.769750e+02
27094 7.769736e+02
27180 7.769691e+02
27228 7.769679e+02
27286 7.769606e+02
27297 7.769594e+02
27310 7.769393e+02
27447 7.769364e+02
27474 7.769297e+02
27565 7.768953e+02
28076 7.768915e+02
28123 7.768907e+02
28150 7.768798e+02
28462 7.768754e+02
28523 7.768730e+02
28554 7.768632e+02
28605 7.768558e+02
28711 7.768535e+02
28799 7.768502e+02
28910 7.768391e+02
29087 7.768355e+02
29119 7.768292e+02
29130 7.768245e+02
29179 7.768242e+02
29373 7.768204e+02
29477 7.768194e+02
29522 7.768137e+02
29620 7.768112e+02
29645 7.768103e+02
29655 7.768023e+02
29700 7.767985e+02
29962 7.767982e+02
30057 7.767979e+02
30120 7.767827e+02
30252 7.767809e+02
30414 7.767718e+02
30818 7.767709e+02
31003 7.767662e+02
31389 7.767635e+02
31413 7.767615e+02
31506 7.767607e+02
31581 7.767559e+02
31776 7.767540e+02
31817 7.767534e+02
31898 7.767531e+02
31904 7.767529e+02
31915 7.767519e+02
31924 7.767508e+02
31970 7.767493e+02
31975 7.767478e+02
32128 7.767466e+02
32199 7.767463e+02
32339 7.767458e+02
32411 7.767432e+02
32422 7.767420e+02
32485 7.767379e+02
32643 7.767360e+02
32741 7.767351e+02
32820 7.767341e+02
32831 7.767319e+02
32920 7.767319e+02
33108 7.767308e+02
33156 7.767304e+02
33164 7.767293e+02
33223 7.767281e+02
33251 7.767279e+02
33271 7.767275e+02
33308 7.767254e+02
33316 7.767251e+02
33327 7.767245e+02
33357 7.767244e+02
33481 7.767230e+02
33592 7.767228e+02
33615 7.767220e+02
33683 7.767217e+02
33719 7.767210e+02
33749 7.767182e+02
33979 7.767175e+02
33987 7.767173e+02
34009 7.767170e+02
34198 7.767167e+02
34229 7.767160e+02
34339 7.767153e+02
34388 7.767136e+02
34422 7.767134e+02
34515 7.767118e+02
34598 7.767113e+02
34700 7.767109e+02
34955 7.767091e+02
35118 7.767086e+02
35234 7.767086e+02
35254 7.767084e+02
35332 7.767083e+02
35367 7.767075e+02
35396 7.767073e+02
35413 7.767068e+02
35536 7.767068e+02
35553 7.767065e+02
35556 7.767061e+02
35649 7.767055e+02
35800 7.767051e+02
35878 7.767049e+02
35940 7.767030e+02
36164 7.767017e+02
36626 7.767015e+02
36648 7.767012e+02
36683 7.767007e+02
36890 7.767006e+02
36903 7.767001e+02
36938 7.767001e+02
36983 7.767000e+02
37018 7.766996e+02
37159 7.766993e+02
37212 7.766992e+02
37272 7.766991e+02
37312 7.766986e+02
37367 7.766980e+02
37397 7.766977e+02
37519 7.766974e+02
37902 7.766972e+02
37968 7.766972e+02
37975 7.766968e+02
38103 7.766967e+02
38157 7.766965e+02
38192 7.766963e+02
38352 7.766958e+02
38720 7.766958e+02
38742 7.766958e+02
38782 7.766957e+02
38799 7.766956e+02
38951 7.766955e+02
38974 7.766953e+02
39011 7.766952e+02
39135 7.766952e+02
39194 7.766951e+02
39365 7.766951e+02
39471 7.766950e+02
39554 7.766948e+02
39699 7.766948e+02
39772 7.766948e+02
39786 7.766947e+02
39823 7.766947e+02
39845 7.766946e+02
39881 7.766945e+02
39935 7.766945e+02
39962 7.766945e+02
39993 7.766945e+02
40004 7.766944e+02
40061 7.766944e+02
40084 7.766943e+02
40211 7.766942e+02
40282 7.766942e+02
40451 7.766942e+02
40452 7.766941e+02
40503 7.766940e+02
40670 7.766940e+02
40756 7.766939e+02
40776 7.766939e+02
40824 7.766938e+02
41087 7.766938e+02
41109 7.766937e+02
41192 7.766936e+02
41315 7.766936e+02
41360 7.766936e+02
41466 7.766935e+02
41477 7.766935e+02
41582 7.766935e+02
41648 7.766935e+02
41686 7.766935e+02
41727 7.766934e+02
41775 7.766934e+02
41850 7.766934e+02
41874 7.766934e+02
41923 7.766934e+02
41959 7.766934e+02
42048 7.766934e+02
42056 7.766934e+02
42086 7.766934e+02
42102 7.766934e+02
42108 7.766933e+02
42126 7.766933e+02
42465 7.766933e+02
42466 7.766933e+02
42483 7.766933e+02
42510 7.766933e+02
42513 7.766933e+02
42773 7.766933e+02
42890 7.766933e+02
43019 7.766933e+02
43167 7.766933e+02
43211 7.766933e+02
43275 7.766933e+02
43353 7.766933e+02
43488 7.766933e+02
43491 7.766933e+02
43538 7.766932e+02
43553 7.766932e+02
43565 7.766932e+02
43622 7.766932e+02
43642 7.766932e+02
43644 7.766932e+02
43693 7.766932e+02
43771 7.766932e+02
44008 7.766932e+02
44048 7.766932e+02
44049 7.766932e+02
44111 7.766932e+02
44158 7.766932e+02
44171 7.766932e+02
44276 7.766932e+02
44301 7.766932e+02
44401 7.766932e+02
44449 7.766932e+02
44562 7.766932e+02
44693 7.766932e+02
45017 7.766932e+02
45018 7.766932e+02
45065 7.766932e+02
45089 7.766932e+02
45153 7.766932e+02
45174 7.766932e+02
45277 7.766932e+02
45362 7.766932e+02
45364 7.766932e+02
45412 7.766932e+02
45782 7.766932e+02
45837 7.766932e+02
45891 7.766932e+02
45911 7.766932e+02
45918 7.766932e+02
45979 7.766932e+02
45988 7.766932e+02
45989 7.766932e+02
45993 7.766932e+02
46083 7.766932e+02
46175 7.766932e+02
46178 7.766932e+02
46280 7.766932e+02
46317 7.766932e+02
46387 7.766932e+02
46510 7.766932e+02
46518 7.766932e+02
46634 7.766932e+02
46685 7.766932e+02
46738 7.766932e+02
46765 7.766932e+02
46855 7.766932e+02
46898 7.766932e+02
46970 7.766932e+02
47008 7.766932e+02
47033 7.766932e+02
47048 7.766932e+02
47092 7.766932e+02
47095 7.766932e+02
47126 7.766932e+02
47262 7.766932e+02
47420 7.766932e+02
47483 7.766932e+02
47509 7.766932e+02
47547 7.766932e+02
47585 7.766932e+02
47588 7.766931e+02
47654 7.766931e+02
47776 7.766931e+02
48433 7.766931e+02
48444 7.766931e+02
48529 7.766931e+02
48532 7.766931e+02
48705 7.766931e+02
48766 7.766931e+02
48827 7.766931e+02
48972 7.766931e+02
48982 7.766931e+02
48995 7.766931e+02
49216 7.766931e+02
49267 7.766931e+02
49270 7.766931e+02
49287 7.766931e+02
49378 7.766931e+02
49556 7.766931e+02
49563 7.766931e+02
49655 7.766931e+02
49776 7.766931e+02
49787 7.766931e+02
49826 7.766931e+02
49923 7.766931e+02
49926 7.766931e+02
50051 7.766931e+02
50195 7.766931e+02
50246 7.766931e+02
50354 7.766931e+02
50364 7.766931e+02
50375 7.766931e+02
50615 7.766931e+02
50640 7.766931e+02
50755 7.766931e+02
50835 7.766931e+02
50956 7.766931e+02
50974 7.766931e+02
51071 7.766931e+02
51078 7.766931e+02
51143 7.766931e+02
51251 7.766931e+02
51279 7.766931e+02
51442 7.766931e+02
51454 7.766931e+02
51484 7.766931e+02
51533 7.766931e+02
51575 7.766931e+02
51605 7.766931e+02
51607 7.766931e+02
51631 7.766931e+02
51678 7.766931e+02
51694 7.766931e+02
51759 7.766931e+02
51768 7.766931e+02
51793 7.766931e+02
51844 7.766931e+02
51875 7.766931e+02
51984 7.766930e+02
52095 7.766930e+02
52306 7.766930e+02
52317 7.766930e+02
52353 7.766930e+02
52386 7.766930e+02
52526 7.766930e+02
52613 7.766930e+02
52662 7.766930e+02
52696 7.766930e+02
52702 7.766930e+02
52761 7.766930e+02
52802 7.766930e+02
52858 7.766930e+02
52931 7.766930e+02
53004 7.766930e+02
53073 7.766930e+02
53104 7.766930e+02
53121 7.766930e+02
53189 7.766930e+02
53257 7.766929e+02
53680 7.766929e+02
53791 7.766929e+02
53813 7.766929e+02
53864 7.766929e+02
53893 7.766929e+02
53932 7.766929e+02
54010 7.766929e+02
54037 7.766929e+02
54108 7.766929e+02
54315 7.766929e+02
54379 7.766929e+02
54432 7.766929e+02
54462 7.766929e+02
54464 7.766929e+02
54484 7.766929e+02
54525 7.766929e+02
54528 7.766929e+02
54621 7.766928e+02
54729 7.766928e+02
54787 7.766928e+02
54836 7.766928e+02
54915 7.766928e+02
54952 7.766928e+02
55096 7.766928e+02
55200 7.766928e+02
55206 7.766928e+02
55253 7.766928e+02
55316 7.766928e+02
55368 7.766928e+02
55454 7.766928e+02
55466 7.766928e+02
55500 7.766928e+02
55541 7.766928e+02
55557 7.766928e+02
55573 7.766928e+02
55622 7.766928e+02
55708 7.766928e+02
55819 7.766928e+02
55859 7.766928e+02
56002 7.766928e+02
56027 7.766928e+02
56033 7.766928e+02
56084 7.766928e+02
56131 7.766928e+02
56140 7.766928e+02
56145 7.766928e+02
56151 7.766928e+02
56252 7.766928e+02
56509 7.766928e+02
56587 7.766928e+02
56605 7.766928e+02
56636 7.766928e+02
56640 7.766928e+02
56670 7.766928e+02
56690 7.766928e+02
56704 7.766928e+02
56732 7.766928e+02
56783 7.766928e+02
56893 7.766928e+02
56980 7.766928e+02
57075 7.766928e+02
57087 7.766928e+02
57121 7.766928e+02
57132 7.766928e+02
57327 7.766928e+02
57391 7.766928e+02
57450 7.766928e+02
57470 7.766928e+02
57814 7.766928e+02
57903 7.766928e+02
57975 7.766928e+02
58299 7.766928e+02
58403 7.766928e+02
58441 7.766928e+02
58450 7.766928e+02
58453 7.766928e+02
58460 7.766928e+02
58499 7.766928e+02
58712 7.766928e+02
58776 7.766928e+02
58809 7.766928e+02
58837 7.766928e+02
58921 7.766928e+02
59048 7.766928e+02
59058 7.766928e+02
59169 7.766928e+02
59270 7.766928e+02
59291 7.766928e+02
59317 7.766928e+02
59426 7.766928e+02
59432 7.766928e+02
59435 7.766928e+02
59448 7.766928e+02
59476 7.766928e+02
59531 7.766928e+02
59583 7.766928e+02
59608 7.766928e+02
59763 7.766928e+02
59825 7.766928e+02
59837 7.766928e+02
59955 7.766928e+02
60025 7.766928e+02
60036 7.766928e+02
60058 7.766928e+02
60086 7.766928e+02
60110 7.766928e+02
60159 7.766928e+02
60217 7.766928e+02
60276 7.766928e+02
60300 7.766928e+02
60369 7.766928e+02
60414 7.766928e+02
60425 7.766928e+02
60429 7.766928e+02
60459 7.766928e+02
60504 7.766928e+02
60527 7.766928e+02
60603 7.766928e+02
60636 7.766928e+02
60680 7.766928e+02
60682 7.766928e+02
60751 7.766928e+02
60770 7.766928e+02
60784 7.766928e+02
60942 7.766928e+02
60986 7.766928e+02
61051 7.766928e+02
61113 7.766928e+02
61133 7.766928e+02
61153 7.766928e+02
61250 7.766928e+02
61253 7.766928e+02
61266 7.766928e+02
61345 7.766928e+02
61681 7.766928e+02
61736 7.766928e+02
61756 7.766928e+02
61789 7.766928e+02
61891 7.766928e+02
61905 7.766928e+02
61973 7.766928e+02
62026 7.766928e+02
62063 7.766928e+02
62104 7.766928e+02
62157 7.766928e+02
62215 7.766928e+02
62431 7.766928e+02
62436 7.766928e+02
62462 7.766928e+02
62644 7.766928e+02
62702 7.766928e+02
62805 7.766928e+02
62809 7.766928e+02
62855 7.766928e+02
62909 7.766928e+02
62934 7.766928e+02
62987 7.766928e+02
62988 7.766928e+02
63020 7.766928e+02
63028 7.766928e+02
63065 7.766928e+02
63082 7.766928e+02
63186 7.766928e+02
63205 7.766928e+02
63224 7.766928e+02
63469 7.766928e+02
63541 7.766928e+02
63620 7.766928e+02
63693 7.766928e+02
63904 7.766928e+02
63992 7.766928e+02
64037 7.766928e+02
64067 7.766928e+02
64082 7.766928e+02
64134 7.766928e+02
64155 7.766928e+02
64158 7.766928e+02
64176 7.766928e+02
64229 7.766928e+02
64265 7.766928e+02
64268 7.766928e+02
64343 7.766928e+02
64465 7.766928e+02
64562 7.766928e+02
64587 7.766928e+02
64729 7.766928e+02
64972 7.766928e+02
64996 7.766928e+02
65003 7.766928e+02
65071 7.766928e+02
65197 7.766928e+02
65204 7.766928e+02
65325 7.766928e+02
65464 7.766928e+02
65465 7.766928e+02
65576 7.766928e+02
65650 7.766928e+02
65659 7.766928e+02
65726 7.766928e+02
65867 7.766928e+02
65939 7.766928e+02
65948 7.766928e+02
65952 7.766928e+02
66073 7.766928e+02
66107 7.766928e+02
66195 7.766928e+02
66202 7.766928e+02
66210 7.766928e+02
66230 7.766928e+02
66237 7.766928e+02
66254 7.766928e+02
66340 7.766928e+02
66377 7.766928e+02
66410 7.766928e+02
66525 7.766928e+02
66535 7.766928e+02
66572 7.766928e+02
66636 7.766928e+02
66653 7.766928e+02
66678 7.766928e+02
66693 7.766928e+02
66851 7.766928e+02
66898 7.766928e+02
66927 7.766928e+02
66975 7.766928e+02
67013 7.766928e+02
67046 7.766928e+02
67078 7.766928e+02
67112 7.766928e+02
67177 7.766928e+02
67203 7.766928e+02
67308 7.766928e+02
67325 7.766928e+02
67434 7.766928e+02
67449 7.766928e+02
67456 7.766928e+02
67529 7.766928e+02
157544 7.669762e+02
157801 7.645140e+02
157975 7.380638e+02
158305 7.365206e+02
158325 7.278044e+02
158493 7.270984e+02
158518 7.265199e+02
158566 7.257114e+02
158630 7.187769e+02
158660 7.146515e+02
158963 7.070420e+02
159073 7.066034e+02
159140 6.994719e+02
159196 6.949542e+02
159274 6.840995e+02
159567 6.823038e+02
159580 6.774626e+02
159778 6.728986e+02
160060 6.716796e+02
160070 6.662035e+02
160176 6.653417e+02
160233 6.560897e+02
160253 6.545895e+02
160805 6.536982e+02
160881 6.470935e+02
161007 6.459330e+02
161177 6.454341e+02
161206 6.436592e+02
161336 6.408808e+02
161506 6.351348e+02
161699 6.332561e+02
162018 6.317196e+02
162079 6.284578e+02
162133 6.281811e+02
162154 6.279110e+02
162196 6.214961e+02
162423 6.155313e+02
162614 6.153891e+02
162730 6.147318e+02
162898 6.146446e+02
162915 6.120411e+02
163085 6.103958e+02
163118 6.094092e+02
163303 6.081932e+02
163326 6.071242e+02
163500 6.063787e+02
163528 6.049589e+02
163610 6.046799e+02
163648 6.042975e+02
163726 6.031596e+02
163784 6.024184e+02
163920 6.015621e+02
163961 6.008137e+02
163965 6.002857e+02
164029 6.001489e+02
164163 5.982220e+02
164196 5.968024e+02
164535 5.964330e+02
164800 5.963452e+02
164824 5.958751e+02
164898 5.927643e+02
165380 5.920027e+02
165496 5.913627e+02
165512 5.909500e+02
165595 5.908357e+02
165660 5.902006e+02
165925 5.898085e+02
165926 5.897702e+02
165984 5.890760e+02
166130 5.881895e+02
166251 5.873651e+02
166320 5.867615e+02
166470 5.856288e+02
166568 5.849834e+02
166743 5.843421e+02
166983 5.841685e+02
167060 5.839894e+02
167105 5.831438e+02
167181 5.831010e+02
167185 5.830037e+02
167348 5.827365e+02
167351 5.826354e+02
167386 5.825499e+02
167495 5.823614e+02
167499 5.815604e+02
167542 5.815345e+02
167803 5.809650e+02
167853 5.804069e+02
168088 5.802222e+02
168144 5.801447e+02
168221 5.800689e+02
168297 5.796661e+02
168359 5.796064e+02
168422 5.795063e+02
168454 5.794115e+02
168464 5.793227e+02
168468 5.791121e+02
168610 5.788818e+02
168720 5.787355e+02
168721 5.785624e+02
168831 5.784996e+02
168862 5.784962e+02
168880 5.783981e+02
168948 5.783742e+02
168962 5.782818e+02
169036 5.781279e+02
169051 5.779055e+02
169159 5.776699e+02
169227 5.775530e+02
169237 5.773817e+02
169327 5.772515e+02
169390 5.771769e+02
169436 5.771765e+02
169458 5.769146e+02
169623 5.768314e+02
169638 5.767138e+02
169865 5.767024e+02
169923 5.765071e+02
169983 5.762909e+02
170183 5.762704e+02
170365 5.760508e+02
170430 5.760357e+02
170567 5.760243e+02
170594 5.759479e+02
170669 5.759197e+02
170676 5.758000e+02
170812 5.756696e+02
171099 5.756609e+02
171105 5.755664e+02
171177 5.755431e+02
171194 5.755136e+02
171227 5.754548e+02
171301 5.752445e+02
171618 5.752278e+02
171655 5.752066e+02
171701 5.751269e+02
171719 5.750977e+02
171749 5.750018e+02
171886 5.749775e+02
171910 5.749527e+02
171958 5.749439e+02
171978 5.748356e+02
172066 5.747177e+02
172115 5.746846e+02
172276 5.746585e+02
172480 5.746168e+02
172562 5.744857e+02
172887 5.744476e+02
172984 5.744272e+02
172997 5.744074e+02
173077 5.744060e+02
173292 5.743884e+02
173361 5.743861e+02
173398 5.743096e+02
173679 5.743094e+02
173762 5.742986e+02
173868 5.742526e+02
174025 5.742519e+02
174044 5.742147e+02
174231 5.742098e+02
174337 5.742040e+02
174368 5.741954e+02
174502 5.741017e+02
174889 5.741002e+02
174962 5.740769e+02
175025 5.740747e+02
175062 5.740618e+02
175091 5.740349e+02
175111 5.740267e+02
175522 5.740159e+02
175582 5.740037e+02
175647 5.739980e+02
175849 5.739863e+02
175881 5.739799e+02
175915 5.739513e+02
175951 5.739461e+02
176123 5.739423e+02
176141 5.739188e+02
176370 5.739158e+02
176390 5.739067e+02
176493 5.738974e+02
176556 5.738958e+02
176631 5.738942e+02
176691 5.738604e+02
177195 5.738598e+02
177198 5.738490e+02
177200 5.738101e+02
177652 5.738035e+02
177959 5.738011e+02
177963 5.737996e+02
177986 5.737948e+02
178057 5.737905e+02
178153 5.737823e+02
178337 5.737698e+02
178359 5.737631e+02
178773 5.737608e+02
178780 5.737595e+02
178808 5.737543e+02
178860 5.737531e+02
178877 5.737419e+02
178920 5.737378e+02
179104 5.737345e+02
179167 5.737300e+02
179226 5.737297e+02
179360 5.737276e+02
179449 5.737219e+02
179526 5.737171e+02
179566 5.737169e+02
179600 5.737152e+02
179649 5.737151e+02
179664 5.737146e+02
179725 5.737116e+02
179730 5.737053e+02
180052 5.737052e+02
180181 5.737012e+02
180268 5.736961e+02
180359 5.736924e+02
180592 5.736909e+02
180772 5.736900e+02
180779 5.736857e+02
180816 5.736842e+02
181068 5.736822e+02
181118 5.736784e+02
181277 5.736768e+02
181285 5.736761e+02
181359 5.736743e+02
181456 5.736725e+02
181625 5.736706e+02
181709 5.736691e+02
181724 5.736685e+02
181787 5.736678e+02
181834 5.736655e+02
181867 5.736644e+02
181913 5.736639e+02
182008 5.736615e+02
182134 5.736610e+02
182363 5.736605e+02
182371 5.736586e+02
182643 5.736544e+02
182849 5.736538e+02
182951 5.736538e+02
183008 5.736533e+02
183128 5.736530e+02
183201 5.736527e+02
183216 5.736525e+02
183267 5.736519e+02
183303 5.736507e+02
183385 5.736499e+02
183481 5.736486e+02
183602 5.736485e+02
183701 5.736479e+02
183714 5.736461e+02
183929 5.736445e+02
184158 5.736443e+02
184282 5.736421e+02
184570 5.736413e+02
184610 5.736392e+02
185135 5.736383e+02
185185 5.736381e+02
185306 5.736370e+02
185391 5.736365e+02
185406 5.736363e+02
185479 5.736362e+02
185503 5.736359e+02
185526 5.736359e+02
185538 5.736358e+02
185565 5.736355e+02
185761 5.736334e+02
185923 5.736334e+02
186041 5.736333e+02
186058 5.736332e+02
186114 5.736330e+02
186141 5.736325e+02
186158 5.736325e+02
186323 5.736319e+02
186601 5.736308e+02
186748 5.736308e+02
186787 5.736300e+02
186851 5.736299e+02
186889 5.736296e+02
186926 5.736296e+02
186988 5.736293e+02
187032 5.736291e+02
187082 5.736287e+02
187233 5.736284e+02
187303 5.736281e+02
187328 5.736281e+02
187395 5.736277e+02
187469 5.736277e+02
187480 5.736276e+02
187537 5.736261e+02
188103 5.736259e+02
188284 5.736258e+02
188289 5.736256e+02
188318 5.736256e+02
188342 5.736254e+02
188430 5.736246e+02
188636 5.736244e+02
188796 5.736243e+02
188831 5.736240e+02
188950 5.736238e+02
189029 5.736237e+02
189145 5.736236e+02
189154 5.736235e+02
189206 5.736233e+02
189244 5.736232e+02
189506 5.736231e+02
189516 5.736230e+02
189540 5.736228e+02
189550 5.736226e+02
189749 5.736223e+02
190086 5.736222e+02
190202 5.736218e+02
190349 5.736218e+02
190811 5.736217e+02
190872 5.736217e+02
190912 5.736216e+02
190936 5.736216e+02
191094 5.736214e+02
191116 5.736214e+02
191334 5.736214e+02
191391 5.736213e+02
191431 5.736213e+02
191457 5.736213e+02
191532 5.736213e+02
191553 5.736213e+02
191598 5.736212e+02
191708 5.736212e+02
191772 5.736211e+02
191841 5.736211e+02
191956 5.736211e+02
192121 5.736210e+02
192172 5.736210e+02
192173 5.736210e+02
192204 5.736210e+02
192299 5.736210e+02
192440 5.736210e+02
192501 5.736209e+02
192812 5.736209e+02
192940 5.736209e+02
192969 5.736209e+02
193190 5.736209e+02
193289 5.736209e+02
193298 5.736208e+02
193300 5.736208e+02
193388 5.736208e+02
193394 5.736208e+02
193401 5.736208e+02
193477 5.736208e+02
193556 5.736208e+02
193560 5.736208e+02
193764 5.736208e+02
193854 5.736208e+02
193921 5.736208e+02
193934 5.736208e+02
193946 5.736208e+02
194011 5.736208e+02
194023 5.736208e+02
194031 5.736208e+02
194044 5.736208e+02
194121 5.736208e+02
194129 5.736208e+02
194161 5.736208e+02
194251 5.736208e+02
194553 5.736208e+02
194728 5.736208e+02
194804 5.736208e+02
194817 5.736208e+02
194968 5.736208e+02
194989 5.736208e+02
195039 5.736208e+02
195107 5.736208e+02
195119 5.736208e+02
195146 5.736208e+02
195205 5.736208e+02
195222 5.736208e+02
195312 5.736208e+02
195364 5.736208e+02
195372 5.736208e+02
195436 5.736208e+02
195487 5.736208e+02
195506 5.736207e+02
195557 5.736207e+02
195565 5.736207e+02
195633 5.736207e+02
195644 5.736207e+02
195661 5.736207e+02
195688 5.736207e+02
195762 5.736207e+02
195823 5.736207e+02
195831 5.736207e+02
195846 5.736207e+02
195885 5.736207e+02
195899 5.736207e+02
195927 5.736207e+02
195939 5.736207e+02
195974 5.736207e+02
196033 5.736207e+02
196035 5.736207e+02
196128 5.736207e+02
196229 5.736207e+02
196263 5.736207e+02
196332 5.736207e+02
196333 5.736207e+02
196460 5.736207e+02
196630 5.736207e+02
196633 5.736207e+02
196661 5.736207e+02
196828 5.736207e+02
196842 5.736207e+02
196879 5.736207e+02
196927 5.736207e+02
196928 5.736207e+02
196944 5.736207e+02
196958 5.736207e+02
197050 5.736207e+02
197082 5.736207e+02
197163 5.736207e+02
197214 5.736207e+02
197253 5.736207e+02
197276 5.736207e+02
197436 5.736207e+02
197449 5.736207e+02
197476 5.736207e+02
197482 5.736207e+02
197571 5.736207e+02
197577 5.736207e+02
197579 5.736207e+02
197652 5.736207e+02
197663 5.736207e+02
197675 5.736207e+02
197751 5.736207e+02
197768 5.736207e+02
197865 5.736207e+02
197949 5.736207e+02
198033 5.736207e+02
198073 5.736207e+02
198108 5.736207e+02
198171 5.736207e+02
198222 5.736207e+02
198382 5.736207e+02
198383 5.736207e+02
198562 5.736207e+02
198578 5.736207e+02
198585 5.736207e+02
198719 5.736207e+02
198761 5.736207e+02
198775 5.736207e+02
198859 5.736207e+02
199053 5.736207e+02
199089 5.736207e+02
199105 5.736207e+02
199141 5.736207e+02
199220 5.736207e+02
199420 5.736207e+02
199440 5.736207e+02
199445 5.736207e+02
199506 5.736207e+02
199533 5.736207e+02
199573 5.736207e+02
199605 5.736207e+02
199625 5.736207e+02
199660 5.736207e+02
199758 5.736207e+02
199808 5.736207e+02
199815 5.736207e+02
199845 5.736207e+02
199868 5.736207e+02
199870 5.736207e+02
199876 5.736207e+02
199948 5.736207e+02
199967 5.736207e+02
199992 5.736207e+02
200067 5.736207e+02
200084 5.736207e+02
200193 5.736207e+02
200196 5.736207e+02
200223 5.736207e+02
200304 5.736207e+02
200325 5.736207e+02
200335 5.736207e+02
200367 5.736207e+02
200418 5.736207e+02
200565 5.736207e+02
200779 5.736207e+02
200788 5.736207e+02
200850 5.736207e+02
200924 5.736207e+02
201173 5.736207e+02
201188 5.736207e+02
201201 5.736207e+02
201272 5.736207e+02
201318 5.736207e+02
201354 5.736207e+02
201404 5.736207e+02
201423 5.736207e+02
201462 5.736207e+02
201625 5.736207e+02
201683 5.736207e+02
201733 5.736207e+02
201868 5.736207e+02
201874 5.736207e+02
201915 5.736207e+02
202062 5.736207e+02
202186 5.736207e+02
202326 5.736207e+02
202359 5.736207e+02
202381 5.736207e+02
202413 5.736207e+02
202445 5.736207e+02
202530 5.736207e+02
202549 5.736207e+02
202569 5.736207e+02
202653 5.736207e+02
202802 5.736207e+02
203055 5.736207e+02
203071 5.736207e+02
203078 5.736207e+02
203265 5.736207e+02
203295 5.736207e+02
203438 5.736207e+02
203456 5.736207e+02
203459 5.736207e+02
203536 5.736207e+02
203539 5.736207e+02
203555 5.736207e+02
203565 5.736207e+02
203630 5.736207e+02
203757 5.736207e+02
203851 5.736207e+02
203915 5.736207e+02
203933 5.736207e+02
204058 5.736207e+02
204071 5.736207e+02
204128 5.736207e+02
204158 5.736207e+02
204165 5.736207e+02
204246 5.736207e+02
204265 5.736207e+02
204475 5.736207e+02
204554 5.736207e+02
204643 5.736207e+02
204661 5.736207e+02
204754 5.736207e+02
204865 5.736207e+02
204879 5.736207e+02
204905 5.736207e+02
204920 5.736207e+02
204943 5.736207e+02
204983 5.736207e+02
205050 5.736207e+02
205072 5.736207e+02
205221 5.736207e+02
205266 5.736207e+02
205365 5.736207e+02
205646 5.736207e+02
205729 5.736207e+02
205790 5.736207e+02
205824 5.736207e+02
205980 5.736207e+02
206013 5.736207e+02
206105 5.736207e+02
206191 5.736207e+02
206338 5.736207e+02
206397 5.736207e+02
206416 5.736207e+02
206498 5.736207e+02
206554 5.736207e+02
206591 5.736207e+02
206615 5.736207e+02
206873 5.736207e+02
206918 5.736207e+02
206933 5.736207e+02
206957 5.736207e+02
206961 5.736207e+02
207004 5.736207e+02
207035 5.736207e+02
207105 5.736207e+02
207255 5.736207e+02
207349 5.736207e+02
207501 5.736207e+02
207580 5.736207e+02
207586 5.736207e+02
207692 5.736207e+02
207767 5.736207e+02
207865 5.736207e+02
207886 5.736207e+02
207994 5.736207e+02
208014 5.736207e+02
208118 5.736207e+02
208133 5.736207e+02
208199 5.736207e+02
208299 5.736207e+02
208372 5.736207e+02
208502 5.736207e+02
208511 5.736207e+02
208525 5.736207e+02
208566 5.736207e+02
208628 5.736207e+02
208633 5.736207e+02
208641 5.736207e+02
208673 5.736207e+02
208682 5.736207e+02
208691 5.736207e+02
208737 5.736207e+02
208812 5.736207e+02
208847 5.736207e+02
208851 5.736207e+02
209263 5.736207e+02
209372 5.736207e+02
209374 5.736207e+02
209383 5.736207e+02
209398 5.736207e+02
209481 5.736207e+02
209533 5.736207e+02
209552 5.736207e+02
209556 5.736207e+02
209575 5.736207e+02
209584 5.736207e+02
209713 5.736207e+02
209787 5.736207e+02
209835 5.736207e+02
209870 5.736207e+02
209976 5.736207e+02
210010 5.736207e+02
210047 5.736207e+02
210151 5.736207e+02
210177 5.736207e+02
210241 5.736207e+02
210254 5.736207e+02
210442 5.736207e+02
210483 5.736207e+02
210521 5.736207e+02
210572 5.736207e+02
210638 5.736207e+02
210769 5.736207e+02
210773 5.736207e+02
210943 5.736207e+02
210948 5.736207e+02
211026 5.736207e+02
211154 5.736207e+02
211203 5.736207e+02
211210 5.736207e+02
211213 5.736207e+02
211271 5.736207e+02
211397 5.736207e+02
211618 5.736207e+02
211738 5.736207e+02
211739 5.736207e+02
211855 5.736207e+02
211882 5.736207e+02
211935 5.736207e+02
211994 5.736207e+02
212028 5.736207e+02
212033 5.736207e+02
212066 5.736207e+02
212079 5.736207e+02
212115 5.736207e+02
212140 5.736207e+02
212248 5.736207e+02
212263 5.736207e+02
212292 5.736207e+02
212297 5.736207e+02
212332 5.736207e+02
212361 5.736207e+02
212497 5.736207e+02
212536 5.736207e+02
212551 5.736207e+02
212573 5.736207e+02
212632 5.736207e+02
212700 5.736207e+02
212805 5.736207e+02
212927 5.736207e+02
213016 5.736207e+02
213055 5.736207e+02
213155 5.736207e+02
213251 5.736207e+02
213252 5.736207e+02
213256 5.736207e+02
213303 5.736207e+02
213489 5.736207e+02
213496 5.736207e+02
213594 5.736207e+02
213690 5.736206e+02
213717 5.736206e+02
213759 5.736206e+02
213771 5.736206e+02
213831 5.736206e+02
213834 5.736206e+02
213858 5.736206e+02
213993 5.736206e+02
214033 5.736206e+02
214062 5.736206e+02
214211 5.736206e+02
214235 5.736206e+02
214236 5.736206e+02
214260 5.736206e+02
214265 5.736206e+02
214279 5.736206e+02
214538 5.736206e+02
214546 5.736206e+02
214616 5.736206e+02
214643 5.736206e+02
214679 5.736206e+02
214747 5.736206e+02
214774 5.736206e+02
214846 5.736206e+02
214865 5.736206e+02
214953 5.736206e+02
215154 5.736206e+02
215363 5.736206e+02
215397 5.736206e+02
215408 5.736206e+02
215415 5.736206e+02
215481 5.736206e+02
215781 5.736206e+02
215830 5.736206e+02
215857 5.736206e+02
215893 5.736206e+02
215896 5.736206e+02
215940 5.736206e+02
216002 5.736206e+02
216204 5.736206e+02
216349 5.736206e+02
216360 5.736206e+02
216522 5.736206e+02
216545 5.736206e+02
216590 5.736206e+02
216608 5.736206e+02
216776 5.736206e+02
216956 5.736206e+02
217017 5.736206e+02
217123 5.736206e+02
217159 5.736206e+02
217190 5.736206e+02
217339 5.736206e+02
217432 5.736206e+02
217575 5.736206e+02
217623 5.736206e+02
217780 5.736206e+02
217821 5.736206e+02
217834 5.736206e+02
217881 5.736206e+02
217940 5.736206e+02
218010 5.736206e+02
218057 5.736206e+02
218108 5.736206e+02
218149 5.736206e+02
218249 5.736206e+02
218310 5.736206e+02
218364 5.736206e+02
218400 5.736206e+02
218486 5.736206e+02
218522 5.736206e+02
218584 5.736206e+02
218847 5.736206e+02
219005 5.736205e+02
219075 5.736205e+02
219098 5.736205e+02
219390 5.736205e+02
219398 5.736205e+02
219420 5.736205e+02
219514 5.736205e+02
219627 5.736205e+02
219628 5.736205e+02
219670 5.736205e+02
219707 5.736205e+02
219842 5.736205e+02
219879 5.736205e+02
220276 5.736205e+02
220282 5.736205e+02
220398 5.736205e+02
220433 5.736205e+02
220436 5.736205e+02
220503 5.736205e+02
220505 5.736205e+02
220511 5.736205e+02
220697 5.736205e+02
220720 5.736205e+02
220733 5.736205e+02
220735 5.736205e+02
220740 5.736205e+02
220769 5.736205e+02
220779 5.736205e+02
220797 5.736205e+02
220808 5.736205e+02
220815 5.736205e+02
220839 5.736205e+02
220854 5.736205e+02
221104 5.736205e+02
221111 5.736205e+02
221166 5.736205e+02
221178 5.736205e+02
221181 5.736205e+02
221191 5.736205e+02
221211 5.736205e+02
221262 5.736205e+02
221318 5.736205e+02
221383 5.736205e+02
221399 5.736205e+02
221506 5.736205e+02
221579 5.736205e+02
221582 5.736205e+02
221634 5.736205e+02
221645 5.736205e+02
221647 5.736205e+02
221794 5.736205e+02
221865 5.736205e+02
222011 5.736205e+02
222047 5.736205e+02
222054 5.736205e+02
222140 5.736205e+02
222150 5.736205e+02
222179 5.736205e+02
222218 5.736205e+02
222304 5.736205e+02
222359 5.736205e+02
222606 5.736205e+02
222660 5.736205e+02
222685 5.736205e+02
222698 5.736205e+02
222746 5.736205e+02
222823 5.736205e+02
222868 5.736205e+02
222969 5.736205e+02
223109 5.736205e+02
223200 5.736205e+02
223230 5.736205e+02
223235 5.736205e+02
223311 5.736205e+02
223484 5.736205e+02
223520 5.736205e+02
223550 5.736205e+02
223557 5.736205e+02
223621 5.736205e+02
223695 5.736205e+02
223719 5.736205e+02
223744 5.736205e+02
223753 5.736205e+02
223763 5.736205e+02
223818 5.736205e+02
223922 5.736205e+02
224002 5.736205e+02
224107 5.736205e+02
224188 5.736205e+02
224220 5.736205e+02
224262 5.736205e+02
224358 5.736205e+02
224472 5.736205e+02
224479 5.736205e+02
224485 5.736205e+02
224556 5.736205e+02
224672 5.736205e+02
224757 5.736205e+02
224781 5.736205e+02
224828 5.736205e+02
224951 5.736205e+02
224984 5.736205e+02
225034 5.736205e+02
225114 5.736205e+02
225154 5.736205e+02
225164 5.736205e+02
225208 5.736205e+02
225245 5.736205e+02
225351 5.736205e+02
225403 5.736205e+02
225446 5.736205e+02
225449 5.736205e+02
225556 5.736205e+02
225593 5.736205e+02
225631 5.736205e+02
225695 5.736205e+02
225720 5.736205e+02
225791 5.736205e+02
225797 5.736205e+02
225815 5.736205e+02
225826 5.736205e+02
226034 5.736205e+02
226134 5.736205e+02
226148 5.736205e+02
226156 5.736205e+02
226292 5.736205e+02
226492 5.736205e+02
226642 5.736205e+02
226652 5.736205e+02
226675 5.736205e+02
226718 5.736205e+02
226727 5.736205e+02
226758 5.736205e+02
226786 5.736205e+02
226850 5.736205e+02
226892 5.736205e+02
226917 5.736205e+02
226934 5.736205e+02
226967 5.736205e+02
226984 5.736205e+02
227012 5.736205e+02
227039 5.736205e+02
227073 5.736205e+02
227082 5.736205e+02
227094 5.736205e+02
227116 5.736205e+02
227168 5.736205e+02
227242 5.736205e+02
227254 5.736205e+02
227256 5.736205e+02
227303 5.736205e+02
227335 5.736205e+02
227390 5.736205e+02
227394 5.736205e+02
227419 5.736205e+02
227500 5.736205e+02
227514 5.736205e+02
227573 5.736205e+02
227715 5.736205e+02
227719 5.736205e+02
227727 5.736205e+02
227731 5.736205e+02
227739 5.736205e+02
227764 5.736205e+02
227765 5.736205e+02
227784 5.736205e+02
227785 5.736205e+02
227865 5.736205e+02
227904 5.736205e+02
227908 5.736205e+02
227937 5.736205e+02
227946 5.736205e+02
227996 5.736205e+02
228013 5.736205e+02
228154 5.736205e+02
228192 5.736205e+02
228252 5.736205e+02
228271 5.736205e+02
228370 5.736205e+02
228390 5.736205e+02
228522 5.736205e+02
228566 5.736205e+02
228597 5.736205e+02
228720 5.736205e+02
228749 5.736205e+02
228766 5.736205e+02
228774 5.736205e+02
228803 5.736205e+02
228940 5.736205e+02
249116 5.720811e+02
249998 5.719347e+02
250162 5.642899e+02
250238 5.641426e+02
250279 5.639898e+02
250342 5.557188e+02
250351 5.450886e+02
250367 5.369141e+02
250391 5.309423e+02
250434 5.282997e+02
250508 5.236834e+02
250595 5.208573e+02
250734 5.059989e+02
251000 5.033715e+02
251819 4.948372e+02
252058 4.941218e+02
252195 4.868035e+02
252241 4.789495e+02
252647 4.737218e+02
252849 4.716686e+02
253619 4.687289e+02
253883 4.588226e+02
254262 4.581631e+02
254390 4.531825e+02
254465 4.528345e+02
254751 4.475601e+02
254842 4.380045e+02
255096 4.377457e+02
255288 4.326894e+02
255475 4.309105e+02
255533 4.270319e+02
255540 4.137575e+02
256186 4.126559e+02
256361 4.120701e+02
256454 4.117772e+02
256516 4.058410e+02
256565 3.988202e+02
257283 3.984986e+02
257390 3.951150e+02
257840 3.913062e+02
258572 3.888281e+02
258578 3.839327e+02
258579 3.832929e+02
258608 3.791319e+02
259226 3.757341e+02
259399 3.740277e+02
259403 3.714968e+02
259432 3.705610e+02
259580 3.687571e+02
260016 3.635209e+02
260262 3.602507e+02
261070 3.588403e+02
261102 3.556347e+02
261662 3.516653e+02
261987 3.512838e+02
262185 3.481908e+02
262254 3.479508e+02
262797 3.462561e+02
262829 3.415615e+02
263616 3.412451e+02
263701 3.368902e+02
264013 3.354803e+02
264080 3.350228e+02
264954 3.324652e+02
265216 3.295157e+02
265539 3.289690e+02
265562 3.282987e+02
265615 3.281414e+02
265682 3.274405e+02
265825 3.273283e+02
265879 3.271135e+02
265892 3.266424e+02
265934 3.256335e+02
266506 3.244252e+02
266783 3.237730e+02
266866 3.236544e+02
266962 3.236508e+02
266966 3.227624e+02
267226 3.226788e+02
267247 3.219147e+02
267584 3.212143e+02
267637 3.210615e+02
267660 3.206350e+02
267701 3.196738e+02
268045 3.196737e+02
268119 3.194391e+02
268162 3.189938e+02
268229 3.188913e+02
268512 3.188080e+02
268593 3.185523e+02
268645 3.185514e+02
268685 3.184306e+02
268787 3.166307e+02
269267 3.163822e+02
269345 3.162828e+02
269360 3.143912e+02
269614 3.140272e+02
270291 3.137066e+02
270364 3.121055e+02
270378 3.114440e+02
271247 3.107217e+02
271308 3.102752e+02
271441 3.099910e+02
271606 3.099199e+02
271847 3.098438e+02
271913 3.096911e+02
271931 3.093571e+02
272301 3.090587e+02
272568 3.090275e+02
272571 3.087767e+02
272661 3.086604e+02
272816 3.086220e+02
272965 3.083452e+02
273009 3.082415e+02
273116 3.080249e+02
273170 3.079132e+02
273206 3.078790e+02
273292 3.077378e+02
273337 3.075976e+02
273548 3.067073e+02
274634 3.062766e+02
274805 3.061062e+02
274839 3.059863e+02
275041 3.059282e+02
275053 3.057695e+02
275106 3.053702e+02
275447 3.053668e+02
275749 3.053667e+02
275936 3.051817e+02
275964 3.051384e+02
276123 3.046111e+02
276426 3.045854e+02
276671 3.045700e+02
277094 3.045185e+02
277415 3.044137e+02
277479 3.041534e+02
277629 3.040814e+02
277823 3.036863e+02
278766 3.036633e+02
278854 3.036281e+02
278861 3.035940e+02
278970 3.035134e+02
279172 3.034912e+02
279343 3.031041e+02
279692 3.031025e+02
279808 3.030473e+02
280036 3.028799e+02
280209 3.025882e+02
280760 3.024807e+02
280929 3.024787e+02
280974 3.024372e+02
281015 3.023419e+02
281314 3.023347e+02
281448 3.022492e+02
281500 3.022053e+02
281812 3.021422e+02
281821 3.020435e+02
282017 3.019931e+02
282612 3.019866e+02
282699 3.019841e+02
282739 3.019476e+02
282792 3.019344e+02
282869 3.018962e+02
282905 3.017931e+02
282984 3.016352e+02
283404 3.015077e+02
284666 3.014878e+02
284687 3.014182e+02
285060 3.013520e+02
285299 3.013361e+02
285320 3.011904e+02
285830 3.011677e+02
286133 3.011398e+02
286401 3.011132e+02
286408 3.010314e+02
286861 3.009634e+02
287515 3.009166e+02
288001 3.008814e+02
288033 3.008407e+02
288104 3.008390e+02
288186 3.008287e+02
288249 3.008107e+02
288468 3.008091e+02
288538 3.008037e+02
288576 3.007954e+02
288607 3.007259e+02
288786 3.007172e+02
288913 3.006751e+02
289150 3.006258e+02
289353 3.006200e+02
289656 3.005942e+02
290009 3.005854e+02
290061 3.005830e+02
290111 3.005499e+02
290279 3.005113e+02
290863 3.005027e+02
290987 3.004982e+02
291041 3.004811e+02
291394 3.004658e+02
291524 3.004494e+02
291541 3.004349e+02
291559 3.004250e+02
291742 3.004246e+02
291978 3.004065e+02
292030 3.003940e+02
292406 3.003783e+02
292936 3.003739e+02
293073 3.003709e+02
293203 3.003567e+02
293206 3.003276e+02
293687 3.003165e+02
293886 3.003099e+02
294006 3.003095e+02
294029 3.003013e+02
294545 3.002895e+02
294684 3.002758e+02
294865 3.002683e+02
295016 3.002643e+02
295033 3.002637e+02
295212 3.002546e+02
295258 3.002543e+02
295285 3.002364e+02
295530 3.002358e+02
295552 3.002150e+02
295636 3.002105e+02
295792 3.001979e+02
296072 3.001941e+02
296479 3.001858e+02
296487 3.001820e+02
296879 3.001687e+02
297118 3.001624e+02
297178 3.001555e+02
297642 3.001546e+02
297794 3.001542e+02
297855 3.001400e+02
298419 3.001334e+02
298715 3.001299e+02
298895 3.001250e+02
299337 3.001242e+02
299372 3.001211e+02
299377 3.001150e+02
299800 3.001146e+02
299843 3.001113e+02
299902 3.001096e+02
299987 3.001054e+02
300506 3.001030e+02
300579 3.001005e+02
300744 3.000993e+02
300782 3.000972e+02
301040 3.000942e+02
301130 3.000892e+02
301636 3.000880e+02
301754 3.000868e+02
301890 3.000858e+02
301898 3.000761e+02
302629 3.000725e+02
302993 3.000717e+02
303196 3.000705e+02
303214 3.000704e+02
303366 3.000670e+02
303388 3.000663e+02
303552 3.000647e+02
303710 3.000605e+02
303738 3.000599e+02
303770 3.000593e+02
303794 3.000582e+02
304101 3.000557e+02
304208 3.000554e+02
304427 3.000553e+02
304457 3.000507e+02
304639 3.000504e+02
304834 3.000462e+02
305038 3.000449e+02
305245 3.000443e+02
305735 3.000418e+02
305953 3.000411e+02
306113 3.000405e+02
306319 3.000353e+02
307105 3.000350e+02
307108 3.000326e+02
308031 3.000321e+02
308223 3.000315e+02
308383 3.000287e+02
308691 3.000283e+02
309313 3.000282e+02
309559 3.000280e+02
309731 3.000277e+02
309782 3.000277e+02
309885 3.000264e+02
310018 3.000238e+02
310280 3.000235e+02
310289 3.000225e+02
310558 3.000211e+02
310834 3.000211e+02
311517 3.000198e+02
311934 3.000192e+02
312077 3.000186e+02
312363 3.000184e+02
312427 3.000182e+02
312442 3.000182e+02
312448 3.000172e+02
312498 3.000166e+02
312727 3.000163e+02
312874 3.000157e+02
312934 3.000156e+02
313072 3.000151e+02
313362 3.000150e+02
313400 3.000147e+02
313417 3.000141e+02
313532 3.000140e+02
313551 3.000134e+02
313833 3.000130e+02
314222 3.000129e+02
314379 3.000127e+02
314439 3.000118e+02
314619 3.000113e+02
315623 3.000107e+02
315715 3.000106e+02
315762 3.000104e+02
315811 3.000103e+02
315895 3.000103e+02
316035 3.000100e+02
316284 3.000095e+02
317142 3.000090e+02
317330 3.000085e+02
317534 3.000076e+02
317934 3.000076e+02
318293 3.000075e+02
318663 3.000072e+02
318816 3.000068e+02
318865 3.000067e+02
319033 3.000063e+02
319074 3.000063e+02
319357 3.000060e+02
319527 3.000058e+02
319736 3.000057e+02
319740 3.000055e+02
319744 3.000052e+02
319934 3.000048e+02
320301 3.000048e+02
320323 3.000047e+02
320471 3.000047e+02
320487 3.000045e+02
320718 3.000041e+02
320951 3.000037e+02
321319 3.000035e+02
321701 3.000034e+02
321799 3.000028e+02
322346 3.000028e+02
322646 3.000026e+02
322752 3.000026e+02
322777 3.000026e+02
322795 3.000024e+02
322906 3.000022e+02
323211 3.000022e+02
323638 3.000021e+02
323669 3.000021e+02
323676 3.000021e+02
323839 3.000019e+02
324012 3.000018e+02
324283 3.000018e+02
324383 3.000018e+02
324562 3.000016e+02
324752 3.000016e+02
324799 3.000016e+02
324830 3.000015e+02
325035 3.000013e+02
325280 3.000012e+02
325553 3.000010e+02
326086 3.000010e+02
326209 3.000008e+02
326270 3.000008e+02
326652 3.000007e+02
326654 3.000006e+02
327079 3.000006e+02
327110 3.000005e+02
327185 3.000004e+02
327587 3.000004e+02
327788 3.000004e+02
327969 3.000003e+02
328352 3.000003e+02
328889 3.000002e+02
328951 3.000002e+02
329168 3.000002e+02
329206 3.000002e+02
329233 3.000002e+02
329335 3.000002e+02
329379 3.000002e+02
329427 3.000002e+02
329441 3.000002e+02
329630 3.000002e+02
329680 3.000001e+02
329699 3.000001e+02
329749 3.000001e+02
329927 3.000001e+02
330117 3.000001e+02
330127 3.000001e+02
330384 3.000001e+02
330717 3.000001e+02
330749 3.000001e+02
331454 3.000000e+02
331687 3.000000e+02
331815 3.000000e+02
332440 3.000000e+02
332507 3.000000e+02
332671 3.000000e+02
332823 3.000000e+02
332900 3.000000e+02
332915 3.000000e+02
333036 3.000000e+02
333054 3.000000e+02
333313 3.000000e+02
333321 3.000000e+02
333696 3.000000e+02
334136 3.000000e+02
334315 3.000000e+02
334338 3.000000e+02
334675 3.000000e+02
334903 3.000000e+02
334919 3.000000e+02
334962 3.000000e+02
335290 3.000000e+02
335528 3.000000e+02
335721 3.000000e+02
335816 3.000000e+02
335836 3.000000e+02
335981 3.000000e+02
336222 3.000000e+02
336351 3.000000e+02
336568 3.000000e+02
336594 3.000000e+02
336613 3.000000e+02
336642 3.000000e+02
336745 3.000000e+02
336817 3.000000e+02
336908 3.000000e+02
336972 3.000000e+02
337034 3.000000e+02
337209 3.000000e+02
337635 3.000000e+02
337949 3.000000e+02
338283 3.000000e+02
338405 3.000000e+02
338409 3.000000e+02
338637 3.000000e+02
338727 3.000000e+02
338765 3.000000e+02
338778 3.000000e+02
338963 3.000000e+02
339163 3.000000e+02
339464 3.000000e+02
339520 3.000000e+02
339607 3.000000e+02
340142 3.000000e+02
340219 3.000000e+02
340285 3.000000e+02
340322 3.000000e+02
340353 3.000000e+02
340500 3.000000e+02
340658 3.000000e+02
340726 3.000000e+02
341043 3.000000e+02
341144 3.000000e+02
341324 3.000000e+02
341363 3.000000e+02
341425 3.000000e+02
341443 3.000000e+02
341741 3.000000e+02
341766 3.000000e+02
341912 3.000000e+02
342013 3.000000e+02
342048 3.000000e+02
343155 3.000000e+02
343369 3.000000e+02
343471 3.000000e+02
343591 3.000000e+02
344009 3.000000e+02
344127 3.000000e+02
344225 3.000000e+02
344272 3.000000e+02
344486 3.000000e+02
345047 3.000000e+02
345052 3.000000e+02
345224 3.000000e+02
345776 3.000000e+02
345791 3.000000e+02
345793 3.000000e+02
345804 3.000000e+02
346086 3.000000e+02
346232 3.000000e+02
346234 3.000000e+02
346624 3.000000e+02
346709 3.000000e+02
347284 3.000000e+02
347392 3.000000e+02
347422 3.000000e+02
347608 3.000000e+02
347916 3.000000e+02
348500 3.000000e+02
348601 3.000000e+02
348639 3.000000e+02
349349 3.000000e+02
349642 3.000000e+02
349754 3.000000e+02
350089 3.000000e+02
350327 3.000000e+02
350417 3.000000e+02
350716 3.000000e+02
351079 3.000000e+02
351123 3.000000e+02
351636 3.000000e+02
351703 3.000000e+02
351934 3.000000e+02
352146 3.000000e+02
352182 3.000000e+02
352185 3.000000e+02
352372 3.000000e+02
352501 3.000000e+02
352583 3.000000e+02
352834 3.000000e+02
352962 3.000000e+02
353166 3.000000e+02
