1 1.563776e+04
2 5.192702e+03
31 4.160900e+03
52 3.436583e+03
68 3.233734e+03
96 3.015180e+03
103 2.966946e+03
117 2.862264e+03
147 2.819685e+03
234 2.659912e+03
293 2.572526e+03
332 2.512513e+03
516 2.478508e+03
1017 2.449167e+03
1036 2.382232e+03
1149 2.381574e+03
1219 2.326426e+03
1441 2.282465e+03
1481 2.278936e+03
1505 2.184680e+03
1916 2.122276e+03
2010 2.100331e+03
2078 1.948898e+03
2739 1.745856e+03
3454 1.673025e+03
3607 1.664591e+03
3754 1.602709e+03
3871 1.592422e+03
3958 1.476270e+03
4136 1.422281e+03
4378 1.418116e+03
4448 1.417049e+03
4709 1.364177e+03
4961 1.358481e+03
5005 1.333754e+03
5199 1.324725e+03
5318 1.314600e+03
5351 1.254908e+03
5525 1.241811e+03
5546 1.232640e+03
5655 1.223602e+03
5723 1.211543e+03
5760 1.191252e+03
5885 1.182453e+03
5919 1.166720e+03
6103 1.147839e+03
6219 1.139194e+03
6269 1.132492e+03
6370 1.130372e+03
6404 1.130251e+03
6437 1.129295e+03
6447 1.115622e+03
6573 1.109511e+03
6626 1.108705e+03
6637 1.106136e+03
6651 1.101077e+03
6694 1.082221e+03
6780 1.079973e+03
6786 1.057697e+03
6953 1.053184e+03
6954 1.048604e+03
7159 1.047801e+03
7191 1.030608e+03
7595 1.029229e+03
7711 1.022443e+03
7763 1.016158e+03
7798 9.961286e+02
7856 9.959609e+02
7867 9.955476e+02
8201 9.915087e+02
8250 9.900002e+02
8319 9.747844e+02
8630 9.682931e+02
8728 9.658896e+02
8879 9.559257e+02
8991 9.542215e+02
9073 9.384736e+02
9372 9.373742e+02
9454 9.360816e+02
9462 9.357611e+02
9470 9.298088e+02
9498 9.281554e+02
9546 9.240234e+02
9581 9.198110e+02
9607 9.196929e+02
9633 9.184632e+02
9792 9.178964e+02
9838 9.122974e+02
9895 9.120720e+02
9910 9.112527e+02
9977 9.091436e+02
10047 9.081980e+02
10076 9.053725e+02
10323 9.043395e+02
10356 9.039089e+02
10405 9.023190e+02
10451 8.950675e+02
10590 8.931485e+02
10636 8.913746e+02
10748 8.910931e+02
10892 8.878765e+02
11041 8.863750e+02
11171 8.843943e+02
11253 8.840862e+02
11274 8.753166e+02
11645 8.748288e+02
11729 8.745981e+02
11772 8.728454e+02
11837 8.717262e+02
11918 8.715689e+02
12073 8.711598e+02
12087 8.710916e+02
12156 8.677731e+02
12209 8.673913e+02
12242 8.665686e+02
12508 8.664360e+02
12518 8.660636e+02
12527 8.657290e+02
12595 8.647610e+02
12643 8.635738e+02
12695 8.605420e+02
13131 8.594724e+02
13158 8.594229e+02
13166 8.582062e+02
13188 8.574180e+02
13272 8.547835e+02
13385 8.518530e+02
13797 8.507385e+02
13870 8.505475e+02
13874 8.486776e+02
14087 8.474189e+02
14091 8.470169e+02
14146 8.467449e+02
14327 8.467105e+02
14340 8.460440e+02
14425 8.446331e+02
14537 8.438728e+02
14621 8.435647e+02
14688 8.435133e+02
14783 8.432013e+02
14801 8.419294e+02
14871 8.414990e+02
14893 8.414906e+02
14941 8.409021e+02
14993 8.397447e+02
15239 8.387691e+02
15331 8.386317e+02
15347 8.380675e+02
15415 8.376073e+02
15544 8.375406e+02
15608 8.374781e+02
15673 8.369689e+02
15681 8.365355e+02
15687 8.363296e+02
15852 8.362691e+02
15860 8.355008e+02
15900 8.352639e+02
16040 8.352560e+02
16047 8.340574e+02
16235 8.327179e+02
16334 8.324351e+02
16544 8.322660e+02
16583 8.319606e+02
16586 8.316174e+02
16636 8.312603e+02
16791 8.304480e+02
17143 8.302420e+02
17214 8.293261e+02
17745 8.293254e+02
17771 8.292332e+02
17807 8.291443e+02
17821 8.287941e+02
17876 8.287938e+02
17903 8.287226e+02
17942 8.282160e+02
18020 8.280936e+02
18107 8.272635e+02
18172 8.272463e+02
18299 8.270028e+02
18303 8.269354e+02
18312 8.268609e+02
18424 8.266782e+02
18674 8.266110e+02
18686 8.265198e+02
18688 8.264166e+02
18703 8.264068e+02
18719 8.264051e+02
18744 8.260970e+02
18864 8.259131e+02
19140 8.257084e+02
19178 8.256999e+02
19189 8.252594e+02
19267 8.249298e+02
19320 8.247232e+02
19615 8.243495e+02
19849 8.243070e+02
19912 8.241859e+02
19937 8.241689e+02
19961 8.239068e+02
19977 8.238656e+02
20017 8.237912e+02
20104 8.237316e+02
20196 8.235764e+02
20519 8.235759e+02
20521 8.234946e+02
20561 8.234881e+02
20590 8.234509e+02
20646 8.232430e+02
20869 8.231772e+02
20923 8.231752e+02
20929 8.231462e+02
20945 8.230938e+02
20961 8.230677e+02
21064 8.230664e+02
21111 8.230106e+02
21130 8.229789e+02
21246 8.229530e+02
21368 8.229057e+02
21414 8.228489e+02
21469 8.228283e+02
21556 8.228176e+02
21745 8.228024e+02
21753 8.227840e+02
21757 8.227737e+02
21802 8.227051e+02
21924 8.227047e+02
21971 8.225742e+02
22263 8.224434e+02
22506 8.224378e+02
22593 8.223341e+02
22793 8.222893e+02
22914 8.222433e+02
22943 8.222191e+02
23260 8.221758e+02
23340 8.221600e+02
23463 8.221473e+02
23490 8.221438e+02
23528 8.221101e+02
23563 8.220826e+02
23586 8.220637e+02
23671 8.220522e+02
23710 8.220468e+02
23774 8.220460e+02
23848 8.220251e+02
23986 8.219982e+02
24167 8.219562e+02
24242 8.219445e+02
24336 8.219333e+02
24506 8.219302e+02
24581 8.219148e+02
24670 8.219120e+02
24680 8.218998e+02
24719 8.218887e+02
24778 8.218582e+02
24911 8.218576e+02
24938 8.218510e+02
24955 8.218470e+02
25014 8.218456e+02
25028 8.218190e+02
25212 8.218149e+02
25219 8.217973e+02
25284 8.217941e+02
25351 8.217772e+02
25521 8.217538e+02
25693 8.217434e+02
25745 8.217416e+02
25944 8.217353e+02
26099 8.217199e+02
26202 8.217183e+02
26286 8.217131e+02
26316 8.216979e+02
26479 8.216925e+02
26487 8.216871e+02
26543 8.216857e+02
26673 8.216841e+02
26714 8.216786e+02
26849 8.216759e+02
26857 8.216709e+02
26887 8.216651e+02
26936 8.216597e+02
27162 8.216430e+02
27456 8.216360e+02
27656 8.216288e+02
27938 8.216284e+02
27982 8.216276e+02
28025 8.216242e+02
28064 8.216231e+02
28082 8.216157e+02
28108 8.216043e+02
28500 8.215985e+02
28514 8.215969e+02
28603 8.215903e+02
28730 8.215898e+02
28754 8.215866e+02
28786 8.215861e+02
28853 8.215826e+02
29227 8.215780e+02
29426 8.215749e+02
29474 8.215686e+02
29620 8.215674e+02
29702 8.215614e+02
29957 8.215610e+02
30049 8.215570e+02
30167 8.215553e+02
30291 8.215547e+02
30318 8.215526e+02
30352 8.215469e+02
31012 8.215454e+02
31286 8.215432e+02
31503 8.215420e+02
31634 8.215417e+02
31676 8.215389e+02
31722 8.215378e+02
31848 8.215378e+02
31927 8.215373e+02
31946 8.215373e+02
31953 8.215364e+02
31992 8.215363e+02
32026 8.215347e+02
32297 8.215342e+02
32326 8.215340e+02
32400 8.215325e+02
32423 8.215325e+02
32453 8.215314e+02
32644 8.215311e+02
32693 8.215295e+02
32737 8.215287e+02
33038 8.215284e+02
33051 8.215282e+02
33131 8.215270e+02
33290 8.215259e+02
33363 8.215238e+02
33692 8.215236e+02
33826 8.215226e+02
33967 8.215225e+02
34044 8.215217e+02
34084 8.215216e+02
34126 8.215215e+02
34270 8.215210e+02
34503 8.215209e+02
34613 8.215205e+02
34659 8.215197e+02
34924 8.215197e+02
34944 8.215196e+02
34958 8.215193e+02
35145 8.215186e+02
35196 8.215185e+02
35303 8.215184e+02
35347 8.215184e+02
35361 8.215180e+02
35479 8.215178e+02
35554 8.215171e+02
35793 8.215169e+02
35857 8.215169e+02
35955 8.215168e+02
35979 8.215167e+02
36060 8.215164e+02
36229 8.215163e+02
36385 8.215161e+02
36428 8.215160e+02
36671 8.215160e+02
36749 8.215159e+02
36800 8.215158e+02
36818 8.215157e+02
37063 8.215155e+02
37109 8.215155e+02
37175 8.215155e+02
37180 8.215154e+02
37194 8.215154e+02
37197 8.215153e+02
37280 8.215151e+02
37442 8.215150e+02
37446 8.215149e+02
37621 8.215149e+02
37629 8.215149e+02
37706 8.215148e+02
37748 8.215148e+02
37754 8.215147e+02
37759 8.215147e+02
37799 8.215146e+02
37939 8.215145e+02
38021 8.215144e+02
38238 8.215142e+02
38459 8.215142e+02
38489 8.215141e+02
38514 8.215140e+02
38741 8.215140e+02
38749 8.215139e+02
38839 8.215139e+02
38872 8.215139e+02
38888 8.215139e+02
38949 8.215138e+02
38968 8.215137e+02
38987 8.215137e+02
38991 8.215137e+02
39020 8.215137e+02
39288 8.215136e+02
39450 8.215135e+02
39482 8.215135e+02
39489 8.215135e+02
39498 8.215134e+02
39535 8.215134e+02
39627 8.215134e+02
39632 8.215133e+02
39642 8.215133e+02
39735 8.215133e+02
39780 8.215132e+02
39824 8.215132e+02
39825 8.215131e+02
40097 8.215131e+02
40144 8.215131e+02
40355 8.215131e+02
40366 8.215130e+02
40412 8.215130e+02
40428 8.215130e+02
40458 8.215130e+02
40493 8.215130e+02
40524 8.215130e+02
40530 8.215130e+02
40550 8.215130e+02
40564 8.215129e+02
40573 8.215129e+02
40635 8.215129e+02
40671 8.215129e+02
40982 8.215128e+02
41082 8.215128e+02
41101 8.215128e+02
41144 8.215128e+02
41263 8.215128e+02
41269 8.215128e+02
41308 8.215128e+02
41317 8.215127e+02
41381 8.215127e+02
41385 8.215127e+02
41431 8.215127e+02
41461 8.215127e+02
41487 8.215127e+02
41503 8.215127e+02
41563 8.215127e+02
41596 8.215127e+02
41609 8.215127e+02
41610 8.215127e+02
41710 8.215127e+02
41754 8.215127e+02
41803 8.215127e+02
41824 8.215127e+02
41835 8.215127e+02
41842 8.215127e+02
41920 8.215127e+02
41965 8.215127e+02
41980 8.215126e+02
42032 8.215126e+02
42129 8.215126e+02
42258 8.215126e+02
42376 8.215126e+02
42494 8.215126e+02
42571 8.215126e+02
42743 8.215126e+02
42752 8.215126e+02
42816 8.215126e+02
42904 8.215126e+02
42918 8.215126e+02
43043 8.215126e+02
43106 8.215126e+02
43259 8.215126e+02
43291 8.215126e+02
43445 8.215126e+02
43555 8.215126e+02
43689 8.215126e+02
43705 8.215126e+02
43717 8.215126e+02
43722 8.215126e+02
43723 8.215126e+02
43822 8.215126e+02
43898 8.215126e+02
43932 8.215126e+02
43980 8.215126e+02
44014 8.215126e+02
44019 8.215126e+02
44024 8.215126e+02
44025 8.215126e+02
44220 8.215126e+02
44226 8.215126e+02
44261 8.215126e+02
44289 8.215126e+02
44298 8.215126e+02
44313 8.215126e+02
44376 8.215126e+02
44720 8.215126e+02
44866 8.215126e+02
44969 8.215126e+02
45029 8.215126e+02
45153 8.215126e+02
45186 8.215125e+02
45187 8.215125e+02
45318 8.215125e+02
45386 8.215125e+02
45391 8.215125e+02
45410 8.215125e+02
45412 8.215125e+02
45567 8.215125e+02
45704 8.215125e+02
45716 8.215125e+02
45727 8.215125e+02
46065 8.215125e+02
46118 8.215125e+02
46157 8.215125e+02
46399 8.215125e+02
46408 8.215125e+02
46426 8.215125e+02
46797 8.215125e+02
46812 8.215125e+02
46882 8.215125e+02
46959 8.215125e+02
46971 8.215125e+02
46990 8.215125e+02
47004 8.215125e+02
47031 8.215125e+02
47184 8.215125e+02
47255 8.215125e+02
47274 8.215125e+02
47288 8.215125e+02
47300 8.215125e+02
47316 8.215125e+02
47368 8.215125e+02
47379 8.215125e+02
47383 8.215125e+02
47406 8.215125e+02
47478 8.215125e+02
47559 8.215125e+02
47622 8.215125e+02
47651 8.215125e+02
47827 8.215125e+02
47882 8.215125e+02
47896 8.215125e+02
47957 8.215125e+02
47959 8.215125e+02
47979 8.215125e+02
48002 8.215125e+02
48043 8.215125e+02
48054 8.215125e+02
48121 8.215125e+02
48123 8.215125e+02
48198 8.215125e+02
48227 8.215125e+02
48233 8.215125e+02
48330 8.215125e+02
48351 8.215125e+02
48418 8.215125e+02
48670 8.215125e+02
48684 8.215125e+02
48737 8.215125e+02
48778 8.215125e+02
48848 8.215125e+02
48851 8.215125e+02
48865 8.215125e+02
48892 8.215125e+02
49008 8.215125e+02
49014 8.215125e+02
49041 8.215125e+02
49071 8.215125e+02
49081 8.215125e+02
49109 8.215125e+02
49137 8.215125e+02
49237 8.215125e+02
49305 8.215125e+02
49426 8.215125e+02
49443 8.215125e+02
49641 8.215125e+02
49701 8.215125e+02
49734 8.215125e+02
49926 8.215125e+02
50090 8.215125e+02
50327 8.215125e+02
50353 8.215125e+02
50745 8.215125e+02
50772 8.215125e+02
50827 8.215125e+02
50909 8.215125e+02
51240 8.215125e+02
51473 8.215125e+02
51490 8.215125e+02
51539 8.215125e+02
51719 8.215125e+02
51793 8.215125e+02
51827 8.215125e+02
51906 8.215125e+02
51941 8.215125e+02
51959 8.215125e+02
51994 8.215125e+02
52105 8.215125e+02
52162 8.215125e+02
52377 8.215125e+02
52415 8.215125e+02
52489 8.215125e+02
52522 8.215125e+02
52583 8.215125e+02
52600 8.215125e+02
52691 8.215125e+02
52704 8.215125e+02
52730 8.215125e+02
52758 8.215125e+02
52833 8.215125e+02
52998 8.215125e+02
53002 8.215125e+02
53071 8.215125e+02
53133 8.215125e+02
53158 8.215125e+02
53163 8.215125e+02
53166 8.215125e+02
53190 8.215125e+02
53213 8.215125e+02
53272 8.215125e+02
53292 8.215125e+02
53301 8.215125e+02
53328 8.215125e+02
53361 8.215125e+02
53369 8.215125e+02
53376 8.215125e+02
53394 8.215125e+02
53411 8.215125e+02
53438 8.215125e+02
53444 8.215125e+02
53506 8.215125e+02
53560 8.215125e+02
53578 8.215125e+02
53602 8.215125e+02
53649 8.215125e+02
53694 8.215125e+02
53863 8.215125e+02
53992 8.215125e+02
54071 8.215124e+02
54224 8.215124e+02
54253 8.215124e+02
54257 8.215124e+02
54275 8.215124e+02
54413 8.215124e+02
54555 8.215124e+02
54636 8.215124e+02
54856 8.215124e+02
54991 8.215124e+02
54995 8.215124e+02
55003 8.215124e+02
55026 8.215124e+02
55075 8.215124e+02
55091 8.215124e+02
55100 8.215124e+02
55110 8.215124e+02
55115 8.215124e+02
55185 8.215124e+02
55226 8.215124e+02
55236 8.215124e+02
55264 8.215124e+02
55276 8.215124e+02
55410 8.215124e+02
55492 8.215124e+02
55542 8.215124e+02
55562 8.215124e+02
55584 8.215124e+02
55632 8.215124e+02
55931 8.215124e+02
55937 8.215124e+02
56039 8.215124e+02
56137 8.215124e+02
56174 8.215124e+02
56188 8.215124e+02
56330 8.215124e+02
56331 8.215124e+02
56387 8.215124e+02
56399 8.215124e+02
56408 8.215124e+02
56524 8.215124e+02
56562 8.215124e+02
56744 8.215124e+02
56750 8.215124e+02
56757 8.215124e+02
56785 8.215124e+02
56811 8.215124e+02
56814 8.215124e+02
56830 8.215124e+02
57023 8.215124e+02
57053 8.215124e+02
57149 8.215124e+02
57153 8.215124e+02
57279 8.215124e+02
57403 8.215124e+02
57439 8.215124e+02
57452 8.215124e+02
57499 8.215124e+02
57558 8.215124e+02
57575 8.215124e+02
57619 8.215124e+02
57622 8.215124e+02
57647 8.215124e+02
57692 8.215124e+02
57743 8.215124e+02
57749 8.215124e+02
57821 8.215124e+02
57822 8.215124e+02
57880 8.215124e+02
58029 8.215124e+02
58073 8.215124e+02
58111 8.215124e+02
58146 8.215124e+02
58268 8.215124e+02
58315 8.215124e+02
58319 8.215124e+02
58334 8.215124e+02
58459 8.215124e+02
58568 8.215124e+02
58643 8.215124e+02
58658 8.215124e+02
58696 8.215124e+02
58781 8.215124e+02
58883 8.215124e+02
58888 8.215124e+02
58939 8.215124e+02
58944 8.215124e+02
58964 8.215124e+02
59052 8.215124e+02
59055 8.215124e+02
59148 8.215124e+02
59202 8.215124e+02
59217 8.215124e+02
59318 8.215124e+02
59382 8.215124e+02
59422 8.215124e+02
59694 8.215124e+02
59749 8.215124e+02
59919 8.215124e+02
59955 8.215124e+02
60008 8.215124e+02
60044 8.215124e+02
60076 8.215124e+02
60129 8.215124e+02
60159 8.215124e+02
60200 8.215124e+02
60227 8.215124e+02
60294 8.215124e+02
60310 8.215124e+02
60387 8.215124e+02
60388 8.215124e+02
60409 8.215124e+02
60424 8.215124e+02
60467 8.215124e+02
60527 8.215124e+02
60577 8.215124e+02
60751 8.215124e+02
60779 8.215124e+02
60870 8.215124e+02
61134 8.215124e+02
61186 8.215124e+02
61233 8.215124e+02
61261 8.215124e+02
61386 8.215124e+02
61481 8.215124e+02
61577 8.215124e+02
61698 8.215124e+02
61725 8.215124e+02
61727 8.215124e+02
61791 8.215124e+02
61883 8.215124e+02
61918 8.215124e+02
61991 8.215124e+02
62025 8.215124e+02
62026 8.215124e+02
62072 8.215124e+02
62137 8.215124e+02
62425 8.215124e+02
62493 8.215124e+02
62549 8.215124e+02
62664 8.215124e+02
62728 8.215124e+02
62811 8.215124e+02
62846 8.215124e+02
62852 8.215124e+02
63048 8.215124e+02
63088 8.215124e+02
63151 8.215124e+02
63184 8.215124e+02
63242 8.215124e+02
63321 8.215124e+02
63329 8.215124e+02
63342 8.215124e+02
63359 8.215124e+02
63376 8.215124e+02
63464 8.215124e+02
63534 8.215124e+02
63605 8.215124e+02
63641 8.215124e+02
63652 8.215124e+02
63724 8.215124e+02
63746 8.215124e+02
63763 8.215124e+02
63765 8.215124e+02
63795 8.215124e+02
63821 8.215124e+02
63906 8.215124e+02
63931 8.215124e+02
63943 8.215124e+02
64011 8.215124e+02
64062 8.215124e+02
64086 8.215124e+02
64126 8.215124e+02
64142 8.215124e+02
64311 8.215124e+02
64328 8.215124e+02
64345 8.215124e+02
64349 8.215124e+02
64375 8.215124e+02
64438 8.215124e+02
64458 8.215124e+02
64505 8.215124e+02
64567 8.215124e+02
64625 8.215124e+02
64777 8.215124e+02
64795 8.215124e+02
64800 8.215124e+02
64835 8.215124e+02
64866 8.215124e+02
64867 8.215124e+02
64873 8.215124e+02
64921 8.215124e+02
64935 8.215124e+02
64974 8.215124e+02
65054 8.215124e+02
65154 8.215124e+02
239447 8.132097e+02
239850 8.130716e+02
239879 7.981129e+02
240159 7.865088e+02
240180 7.549736e+02
240197 7.261584e+02
241776 6.991884e+02
241886 6.910422e+02
242328 6.703676e+02
242751 6.577398e+02
243031 6.404729e+02
243566 6.403867e+02
243829 6.227671e+02
243897 5.952030e+02
244978 5.901991e+02
245020 5.878904e+02
245125 5.781709e+02
245172 5.679511e+02
246076 5.585789e+02
246116 5.470922e+02
246467 5.327541e+02
246507 5.325267e+02
246691 5.108138e+02
247067 4.978555e+02
247193 4.794745e+02
248539 4.725665e+02
249174 4.705114e+02
249379 4.678868e+02
249440 4.663078e+02
249450 4.610517e+02
249804 4.595146e+02
250058 4.562263e+02
250291 4.533559e+02
250396 4.491464e+02
250520 4.464908e+02
250528 4.407134e+02
250693 4.396969e+02
250755 4.390560e+02
250762 4.389090e+02
250768 4.373173e+02
250948 4.358510e+02
251050 4.326222e+02
251109 4.255044e+02
251123 4.219589e+02
251392 4.193793e+02
251582 4.189850e+02
251836 4.148493e+02
251990 4.119373e+02
252057 4.090323e+02
252060 4.082154e+02
252117 4.075492e+02
252259 3.983636e+02
252404 3.972858e+02
252839 3.971060e+02
252963 3.966159e+02
253003 3.856822e+02
253029 3.833511e+02
254395 3.833315e+02
254571 3.832146e+02
254609 3.747034e+02
254662 3.700546e+02
255545 3.692910e+02
255607 3.665365e+02
255681 3.632181e+02
255930 3.565748e+02
256444 3.565124e+02
256511 3.551641e+02
257100 3.541108e+02
257126 3.516449e+02
257430 3.507917e+02
257448 3.499179e+02
257570 3.479480e+02
258088 3.467169e+02
258135 3.430393e+02
258551 3.403574e+02
259190 3.402592e+02
259413 3.394715e+02
259556 3.385911e+02
259618 3.377388e+02
259747 3.366477e+02
259942 3.346771e+02
260148 3.337557e+02
260590 3.331098e+02
260650 3.308481e+02
260705 3.302781e+02
260940 3.297421e+02
261281 3.272303e+02
262209 3.272222e+02
262217 3.266909e+02
262294 3.259497e+02
262606 3.253669e+02
262632 3.252453e+02
262748 3.245462e+02
262791 3.241851e+02
262853 3.225232e+02
262989 3.218081e+02
263168 3.193118e+02
263556 3.185999e+02
264075 3.185692e+02
264932 3.170256e+02
265428 3.169734e+02
265576 3.154759e+02
265761 3.138936e+02
266200 3.137685e+02
266582 3.133530e+02
266701 3.129245e+02
266746 3.126411e+02
267080 3.126322e+02
267112 3.123482e+02
267130 3.113249e+02
267486 3.112250e+02
267649 3.111792e+02
267653 3.108442e+02
267710 3.104130e+02
267783 3.103313e+02
267796 3.100574e+02
267861 3.099521e+02
267967 3.097144e+02
268306 3.095425e+02
268512 3.094027e+02
268560 3.091683e+02
268718 3.088533e+02
269165 3.082597e+02
269649 3.082284e+02
269941 3.079817e+02
270002 3.076984e+02
270216 3.074960e+02
270318 3.071082e+02
270821 3.070731e+02
270836 3.069751e+02
270906 3.069720e+02
270910 3.069679e+02
270980 3.067762e+02
271061 3.060557e+02
271460 3.058217e+02
272075 3.057280e+02
272679 3.055693e+02
272843 3.054849e+02
272859 3.050579e+02
273404 3.049987e+02
273426 3.046524e+02
273636 3.044499e+02
274025 3.042677e+02
274036 3.042526e+02
274138 3.040303e+02
274185 3.039540e+02
274206 3.039301e+02
274352 3.037232e+02
275232 3.037183e+02
275475 3.036981e+02
275504 3.036079e+02
275632 3.031661e+02
276223 3.031357e+02
276347 3.030317e+02
276721 3.029803e+02
276901 3.029481e+02
277185 3.028919e+02
277308 3.028411e+02
277403 3.027578e+02
277480 3.027451e+02
277506 3.027161e+02
277525 3.026607e+02
277663 3.025377e+02
277792 3.024811e+02
277910 3.024605e+02
278134 3.024376e+02
278159 3.022398e+02
279213 3.021538e+02
279507 3.021073e+02
279670 3.020407e+02
280027 3.019684e+02
280104 3.019321e+02
280414 3.018094e+02
280765 3.017733e+02
280817 3.017333e+02
281082 3.017204e+02
281191 3.017139e+02
281581 3.016114e+02
281972 3.015676e+02
282177 3.015619e+02
282397 3.015515e+02
282480 3.015241e+02
282513 3.014377e+02
282958 3.014372e+02
283103 3.013658e+02
284028 3.013559e+02
284239 3.012820e+02
284492 3.012795e+02
284599 3.012178e+02
284658 3.011886e+02
284809 3.010959e+02
285529 3.010871e+02
285590 3.010640e+02
285764 3.010625e+02
285833 3.010321e+02
286088 3.010040e+02
286143 3.009410e+02
286530 3.009227e+02
286591 3.008649e+02
286847 3.008438e+02
286933 3.008160e+02
287205 3.007573e+02
287592 3.007145e+02
287871 3.007079e+02
288089 3.006939e+02
288198 3.006770e+02
288273 3.006728e+02
288550 3.006653e+02
288656 3.006646e+02
288692 3.006289e+02
288973 3.006080e+02
289096 3.005737e+02
289459 3.005569e+02
289506 3.005450e+02
289539 3.005285e+02
289641 3.004801e+02
290322 3.004457e+02
290915 3.004317e+02
290971 3.004222e+02
291144 3.003973e+02
291198 3.003955e+02
291236 3.003698e+02
291601 3.003668e+02
291813 3.003525e+02
291989 3.003454e+02
292109 3.003436e+02
292193 3.003358e+02
292539 3.003345e+02
292563 3.003096e+02
292754 3.003078e+02
292970 3.002975e+02
293476 3.002892e+02
293540 3.002888e+02
293721 3.002853e+02
293778 3.002803e+02
293791 3.002478e+02
293932 3.002351e+02
294663 3.002289e+02
294947 3.002239e+02
294967 3.002183e+02
295189 3.002129e+02
295579 3.002087e+02
295670 3.002050e+02
295758 3.001781e+02
296501 3.001735e+02
296736 3.001722e+02
296845 3.001676e+02
297142 3.001674e+02
297171 3.001615e+02
297252 3.001531e+02
297468 3.001408e+02
297556 3.001338e+02
298559 3.001287e+02
298911 3.001235e+02
299034 3.001216e+02
299224 3.001167e+02
299359 3.001165e+02
299375 3.001155e+02
299407 3.001105e+02
299421 3.001019e+02
300086 3.000970e+02
300661 3.000951e+02
300887 3.000909e+02
301170 3.000890e+02
301282 3.000879e+02
301288 3.000865e+02
301352 3.000865e+02
301592 3.000772e+02
302584 3.000746e+02
302617 3.000711e+02
302934 3.000710e+02
302957 3.000708e+02
303013 3.000649e+02
303073 3.000640e+02
303161 3.000624e+02
303463 3.000621e+02
303587 3.000590e+02
303622 3.000588e+02
303661 3.000553e+02
304557 3.000543e+02
304591 3.000537e+02
304630 3.000526e+02
304632 3.000491e+02
304788 3.000472e+02
304888 3.000411e+02
305749 3.000392e+02
306436 3.000384e+02
306489 3.000343e+02
307078 3.000324e+02
307540 3.000317e+02
307716 3.000313e+02
307743 3.000311e+02
307760 3.000297e+02
307783 3.000272e+02
307954 3.000268e+02
308247 3.000255e+02
308384 3.000251e+02
308385 3.000249e+02
308644 3.000240e+02
308782 3.000235e+02
309088 3.000232e+02
309172 3.000198e+02
310342 3.000185e+02
310407 3.000183e+02
310449 3.000165e+02
311405 3.000155e+02
311875 3.000147e+02
311960 3.000146e+02
312111 3.000142e+02
312367 3.000142e+02
312409 3.000141e+02
312559 3.000140e+02
312658 3.000138e+02
312691 3.000134e+02
312706 3.000134e+02
312865 3.000134e+02
312945 3.000127e+02
312957 3.000122e+02
313165 3.000110e+02
314388 3.000110e+02
314437 3.000108e+02
314470 3.000107e+02
314607 3.000103e+02
314645 3.000096e+02
314659 3.000094e+02
314662 3.000081e+02
315388 3.000078e+02
316085 3.000077e+02
316364 3.000066e+02
316790 3.000062e+02
317504 3.000062e+02
317536 3.000060e+02
317795 3.000058e+02
317813 3.000055e+02
317826 3.000054e+02
318090 3.000050e+02
318268 3.000046e+02
318770 3.000041e+02
319157 3.000038e+02
319402 3.000037e+02
319653 3.000036e+02
319920 3.000035e+02
320053 3.000034e+02
320073 3.000033e+02
320145 3.000031e+02
320267 3.000029e+02
320756 3.000027e+02
320858 3.000026e+02
321014 3.000025e+02
321142 3.000025e+02
321222 3.000024e+02
321273 3.000019e+02
321967 3.000018e+02
323428 3.000018e+02
323522 3.000017e+02
323542 3.000016e+02
323773 3.000015e+02
323932 3.000014e+02
324121 3.000013e+02
324277 3.000012e+02
324429 3.000012e+02
324538 3.000010e+02
325063 3.000010e+02
325203 3.000008e+02
325243 3.000008e+02
325247 3.000007e+02
325477 3.000007e+02
325495 3.000007e+02
325661 3.000006e+02
325755 3.000005e+02
326582 3.000005e+02
327216 3.000004e+02
327221 3.000004e+02
327352 3.000004e+02
327407 3.000003e+02
327899 3.000003e+02
328192 3.000003e+02
328206 3.000003e+02
328317 3.000002e+02
328487 3.000002e+02
328576 3.000002e+02
328651 3.000002e+02
328835 3.000001e+02
328962 3.000001e+02
329097 3.000001e+02
329228 3.000001e+02
329510 3.000001e+02
329775 3.000001e+02
330539 3.000001e+02
330632 3.000001e+02
330823 3.000001e+02
330843 3.000001e+02
331009 3.000001e+02
331237 3.000000e+02
331273 3.000000e+02
331605 3.000000e+02
331657 3.000000e+02
331767 3.000000e+02
331891 3.000000e+02
331914 3.000000e+02
332205 3.000000e+02
332219 3.000000e+02
332259 3.000000e+02
332280 3.000000e+02
332471 3.000000e+02
332593 3.000000e+02
332625 3.000000e+02
333173 3.000000e+02
333493 3.000000e+02
333620 3.000000e+02
333794 3.000000e+02
334042 3.000000e+02
334150 3.000000e+02
334152 3.000000e+02
334172 3.000000e+02
334244 3.000000e+02
334277 3.000000e+02
335070 3.000000e+02
335569 3.000000e+02
335765 3.000000e+02
335855 3.000000e+02
335864 3.000000e+02
335897 3.000000e+02
335913 3.000000e+02
336061 3.000000e+02
336062 3.000000e+02
336245 3.000000e+02
336429 3.000000e+02
336520 3.000000e+02
336933 3.000000e+02
337118 3.000000e+02
337199 3.000000e+02
337267 3.000000e+02
337430 3.000000e+02
337845 3.000000e+02
338267 3.000000e+02
338282 3.000000e+02
338286 3.000000e+02
338402 3.000000e+02
338558 3.000000e+02
339142 3.000000e+02
339213 3.000000e+02
339252 3.000000e+02
339298 3.000000e+02
339437 3.000000e+02
339602 3.000000e+02
339648 3.000000e+02
339662 3.000000e+02
340079 3.000000e+02
340480 3.000000e+02
340532 3.000000e+02
340592 3.000000e+02
341046 3.000000e+02
341095 3.000000e+02
341322 3.000000e+02
342210 3.000000e+02
342534 3.000000e+02
343078 3.000000e+02
343328 3.000000e+02
343607 3.000000e+02
343667 3.000000e+02
344103 3.000000e+02
344178 3.000000e+02
344939 3.000000e+02
345066 3.000000e+02
345138 3.000000e+02
345250 3.000000e+02
345261 3.000000e+02
345305 3.000000e+02
345368 3.000000e+02
345583 3.000000e+02
345853 3.000000e+02
345907 3.000000e+02
345923 3.000000e+02
345925 3.000000e+02
346001 3.000000e+02
346416 3.000000e+02
346780 3.000000e+02
347405 3.000000e+02
347439 3.000000e+02
347527 3.000000e+02
347587 3.000000e+02
347645 3.000000e+02
347679 3.000000e+02
347792 3.000000e+02
347983 3.000000e+02
348375 3.000000e+02
348519 3.000000e+02
348565 3.000000e+02
348676 3.000000e+02
349370 3.000000e+02
349549 3.000000e+02
349839 3.000000e+02
349909 3.000000e+02
350101 3.000000e+02
350146 3.000000e+02
350271 3.000000e+02
350393 3.000000e+02
350725 3.000000e+02
350728 3.000000e+02
350813 3.000000e+02
350827 3.000000e+02
351781 3.000000e+02
351869 3.000000e+02
351980 3.000000e+02
352067 3.000000e+02
352107 3.000000e+02
352206 3.000000e+02
352236 3.000000e+02
352286 3.000000e+02
352588 3.000000e+02
352878 3.000000e+02
353052 3.000000e+02
353165 3.000000e+02
