1 1.401909e+04
2 4.754953e+03
3 4.698335e+03
17 3.737971e+03
55 3.380962e+03
69 3.106809e+03
127 2.906583e+03
148 2.897387e+03
198 2.853435e+03
202 2.796797e+03
224 2.759876e+03
237 2.636125e+03
314 2.610548e+03
328 2.571142e+03
550 2.500288e+03
706 2.495228e+03
714 2.430713e+03
946 2.386627e+03
1170 2.217094e+03
1494 2.188186e+03
1546 2.108273e+03
1790 2.066652e+03
1834 2.047894e+03
1978 2.042883e+03
2090 1.985012e+03
2177 1.929532e+03
2532 1.908583e+03
2717 1.905626e+03
2779 1.848472e+03
2863 1.844973e+03
3013 1.842815e+03
3069 1.797128e+03
3115 1.739416e+03
3259 1.730295e+03
3276 1.656839e+03
3456 1.649522e+03
3510 1.643376e+03
3641 1.595426e+03
3776 1.584554e+03
3792 1.577554e+03
3804 1.487025e+03
4137 1.458424e+03
4368 1.446670e+03
4374 1.433232e+03
4444 1.422568e+03
4481 1.420717e+03
4487 1.399302e+03
4576 1.296474e+03
4904 1.276161e+03
5066 1.272707e+03
5079 1.241508e+03
5261 1.233141e+03
5309 1.207859e+03
5414 1.202106e+03
5428 1.186801e+03
5486 1.176780e+03
5551 1.159025e+03
5608 1.130941e+03
5692 1.116540e+03
5804 1.076357e+03
6079 1.075967e+03
6109 1.074458e+03
6148 1.050537e+03
6391 1.023812e+03
6501 1.019016e+03
6547 1.010865e+03
6664 9.964163e+02
6674 9.810550e+02
7175 9.616380e+02
7267 9.407199e+02
7393 9.367750e+02
7409 9.229239e+02
7643 9.175598e+02
7701 9.167432e+02
7715 8.872153e+02
8207 8.831592e+02
8273 8.803920e+02
8357 8.764901e+02
8428 8.705728e+02
8509 8.688365e+02
8583 8.640116e+02
8624 8.601291e+02
8658 8.555339e+02
8775 8.540198e+02
8832 8.491627e+02
8947 8.334488e+02
9602 8.222650e+02
9857 8.146738e+02
9876 8.117931e+02
9995 8.083459e+02
10059 8.062609e+02
10326 8.033035e+02
10327 8.006856e+02
10359 7.969277e+02
10610 7.966623e+02
10659 7.938014e+02
10744 7.916776e+02
10864 7.909300e+02
10942 7.829260e+02
11364 7.822893e+02
11433 7.821534e+02
11652 7.804837e+02
11788 7.804340e+02
11866 7.801901e+02
11923 7.786216e+02
11929 7.748158e+02
11938 7.730871e+02
12160 7.710895e+02
12256 7.675718e+02
12425 7.656653e+02
12652 7.646377e+02
12759 7.620651e+02
13211 7.614918e+02
13386 7.607928e+02
13398 7.603758e+02
13433 7.580664e+02
13544 7.567091e+02
13625 7.540457e+02
14173 7.514263e+02
14425 7.490505e+02
14535 7.478061e+02
14733 7.464820e+02
15006 7.459626e+02
15034 7.441650e+02
15081 7.425477e+02
15221 7.371651e+02
16366 7.370346e+02
16428 7.365107e+02
16548 7.361560e+02
16702 7.359727e+02
16757 7.354448e+02
16798 7.345958e+02
16891 7.345197e+02
16946 7.342479e+02
16966 7.341348e+02
16987 7.337708e+02
17047 7.334171e+02
17111 7.332772e+02
17123 7.328431e+02
17218 7.326107e+02
17379 7.325067e+02
17380 7.322985e+02
17381 7.320714e+02
17578 7.316612e+02
17711 7.314889e+02
17714 7.314428e+02
17733 7.295644e+02
17869 7.295595e+02
17891 7.295400e+02
17954 7.292541e+02
18130 7.291745e+02
18176 7.290690e+02
18229 7.287708e+02
18312 7.278571e+02
18422 7.274855e+02
18500 7.268929e+02
19089 7.267660e+02
19148 7.264095e+02
19155 7.264057e+02
19262 7.261986e+02
19416 7.261898e+02
19436 7.258865e+02
19610 7.258418e+02
19648 7.256353e+02
19679 7.252659e+02
19730 7.252417e+02
19863 7.252012e+02
19957 7.249378e+02
20031 7.248176e+02
20079 7.247427e+02
20096 7.240483e+02
20310 7.239764e+02
20342 7.236660e+02
20512 7.236551e+02
20521 7.234984e+02
20601 7.232745e+02
20776 7.231564e+02
21066 7.229451e+02
21109 7.227809e+02
21171 7.227698e+02
21209 7.226530e+02
21346 7.224821e+02
21406 7.221013e+02
21518 7.219333e+02
21583 7.218977e+02
21866 7.218165e+02
21948 7.217568e+02
21973 7.217177e+02
22034 7.216772e+02
22088 7.214600e+02
22112 7.214086e+02
22192 7.212358e+02
22272 7.212011e+02
22507 7.211403e+02
22544 7.209900e+02
22901 7.209568e+02
22922 7.208876e+02
22929 7.208454e+02
23027 7.206784e+02
23111 7.206240e+02
23200 7.204494e+02
23384 7.204491e+02
23680 7.203946e+02
23757 7.202758e+02
23848 7.201208e+02
24179 7.201060e+02
24241 7.201008e+02
24249 7.199993e+02
24359 7.199255e+02
24385 7.198699e+02
24628 7.198339e+02
24795 7.197724e+02
24857 7.197592e+02
24981 7.196356e+02
25232 7.196320e+02
25278 7.195457e+02
25484 7.195198e+02
25616 7.195197e+02
25718 7.195116e+02
25755 7.194946e+02
25813 7.194407e+02
25853 7.194293e+02
25919 7.194125e+02
26062 7.193831e+02
26103 7.193772e+02
26195 7.193634e+02
26268 7.193393e+02
26272 7.192653e+02
26348 7.192523e+02
26557 7.192367e+02
26599 7.192205e+02
26713 7.192140e+02
26717 7.191551e+02
26789 7.191177e+02
26978 7.191167e+02
27068 7.191012e+02
27088 7.190980e+02
27110 7.190615e+02
27244 7.190535e+02
27323 7.190378e+02
27333 7.190342e+02
27490 7.190223e+02
27611 7.190042e+02
27719 7.190007e+02
27852 7.189965e+02
27868 7.189915e+02
27942 7.189581e+02
27976 7.189440e+02
28008 7.189416e+02
28051 7.189158e+02
28256 7.189096e+02
28266 7.188904e+02
28333 7.188770e+02
28406 7.188465e+02
28728 7.188207e+02
28963 7.187987e+02
29019 7.187892e+02
29300 7.187874e+02
29348 7.187844e+02
29387 7.187835e+02
29497 7.187776e+02
29605 7.187647e+02
29766 7.187467e+02
29790 7.187411e+02
29818 7.187319e+02
29965 7.187245e+02
30023 7.187241e+02
30031 7.187238e+02
30079 7.187223e+02
30271 7.187149e+02
30365 7.187119e+02
30375 7.187036e+02
30382 7.187031e+02
30406 7.186980e+02
30589 7.186966e+02
30616 7.186910e+02
30648 7.186874e+02
30678 7.186856e+02
30827 7.186838e+02
30829 7.186795e+02
30919 7.186770e+02
31098 7.186713e+02
31298 7.186660e+02
31329 7.186635e+02
31463 7.186622e+02
31499 7.186612e+02
31548 7.186602e+02
31584 7.186553e+02
31720 7.186539e+02
31723 7.186525e+02
31805 7.186512e+02
31853 7.186506e+02
31873 7.186478e+02
31885 7.186459e+02
31957 7.186441e+02
31968 7.186428e+02
32056 7.186397e+02
32059 7.186305e+02
32360 7.186288e+02
32389 7.186276e+02
32458 7.186273e+02
32462 7.186231e+02
32516 7.186189e+02
32623 7.186183e+02
32691 7.186138e+02
32957 7.186107e+02
32973 7.186107e+02
33106 7.186092e+02
33170 7.186091e+02
33206 7.186083e+02
33289 7.186082e+02
33332 7.186023e+02
33554 7.186023e+02
33619 7.186015e+02
33639 7.186001e+02
33736 7.185983e+02
33784 7.185965e+02
33898 7.185958e+02
34198 7.185957e+02
34380 7.185956e+02
34440 7.185930e+02
34588 7.185928e+02
34600 7.185917e+02
34752 7.185901e+02
34946 7.185893e+02
34963 7.185877e+02
35256 7.185872e+02
35277 7.185864e+02
35398 7.185863e+02
35487 7.185856e+02
35506 7.185841e+02
35571 7.185829e+02
35607 7.185824e+02
35785 7.185819e+02
35837 7.185814e+02
35856 7.185813e+02
35867 7.185813e+02
35888 7.185809e+02
36002 7.185808e+02
36016 7.185797e+02
36051 7.185779e+02
36179 7.185775e+02
36346 7.185770e+02
36372 7.185770e+02
36555 7.185756e+02
36913 7.185752e+02
36929 7.185752e+02
37045 7.185749e+02
37172 7.185749e+02
37246 7.185740e+02
37439 7.185735e+02
37727 7.185735e+02
37731 7.185733e+02
37798 7.185730e+02
37808 7.185725e+02
37855 7.185724e+02
37934 7.185722e+02
37944 7.185718e+02
38095 7.185714e+02
38283 7.185712e+02
38398 7.185709e+02
38537 7.185708e+02
38554 7.185706e+02
38652 7.185702e+02
38733 7.185702e+02
38784 7.185698e+02
38899 7.185698e+02
38901 7.185698e+02
38934 7.185696e+02
39113 7.185694e+02
39163 7.185692e+02
39341 7.185690e+02
39400 7.185688e+02
39628 7.185685e+02
39705 7.185683e+02
39889 7.185678e+02
40046 7.185676e+02
40067 7.185675e+02
40103 7.185675e+02
40286 7.185674e+02
40346 7.185673e+02
40446 7.185671e+02
40553 7.185670e+02
40684 7.185669e+02
40687 7.185668e+02
40697 7.185667e+02
40736 7.185666e+02
40840 7.185665e+02
41093 7.185664e+02
41158 7.185663e+02
41290 7.185662e+02
41306 7.185661e+02
41411 7.185659e+02
41601 7.185658e+02
41636 7.185658e+02
41661 7.185657e+02
41712 7.185657e+02
41767 7.185657e+02
41814 7.185654e+02
41947 7.185654e+02
42114 7.185653e+02
42182 7.185653e+02
42207 7.185653e+02
42240 7.185652e+02
42274 7.185652e+02
42346 7.185652e+02
42386 7.185651e+02
42483 7.185651e+02
42624 7.185651e+02
42639 7.185651e+02
42683 7.185651e+02
42697 7.185650e+02
42719 7.185650e+02
42777 7.185650e+02
42795 7.185650e+02
42814 7.185649e+02
42861 7.185649e+02
42928 7.185649e+02
42965 7.185649e+02
42977 7.185649e+02
43003 7.185649e+02
43025 7.185649e+02
43027 7.185649e+02
43082 7.185649e+02
43113 7.185648e+02
43180 7.185648e+02
43214 7.185648e+02
43557 7.185647e+02
43648 7.185647e+02
43681 7.185647e+02
43710 7.185647e+02
43788 7.185647e+02
43799 7.185647e+02
43828 7.185647e+02
43921 7.185647e+02
43929 7.185647e+02
43939 7.185647e+02
43963 7.185647e+02
43964 7.185647e+02
44086 7.185647e+02
44130 7.185646e+02
44251 7.185646e+02
44616 7.185646e+02
44652 7.185646e+02
44670 7.185646e+02
44757 7.185646e+02
44783 7.185646e+02
44878 7.185646e+02
44978 7.185646e+02
45281 7.185646e+02
45353 7.185646e+02
45367 7.185646e+02
45544 7.185646e+02
45549 7.185646e+02
45592 7.185646e+02
45686 7.185646e+02
45782 7.185646e+02
45832 7.185646e+02
45864 7.185646e+02
45892 7.185646e+02
46035 7.185646e+02
46154 7.185646e+02
46164 7.185646e+02
46200 7.185646e+02
46250 7.185646e+02
46260 7.185646e+02
46280 7.185646e+02
46370 7.185646e+02
46673 7.185646e+02
46680 7.185646e+02
46703 7.185646e+02
46793 7.185646e+02
46841 7.185646e+02
46852 7.185646e+02
46916 7.185646e+02
46971 7.185646e+02
47015 7.185646e+02
47041 7.185646e+02
47065 7.185646e+02
47113 7.185646e+02
47163 7.185645e+02
47338 7.185645e+02
47454 7.185645e+02
47501 7.185645e+02
47507 7.185645e+02
47517 7.185645e+02
47545 7.185645e+02
47622 7.185645e+02
47655 7.185645e+02
47748 7.185645e+02
47757 7.185645e+02
47826 7.185645e+02
47934 7.185645e+02
47962 7.185645e+02
48014 7.185645e+02
48024 7.185645e+02
48058 7.185645e+02
48080 7.185645e+02
48233 7.185645e+02
48273 7.185645e+02
48290 7.185645e+02
48367 7.185645e+02
48373 7.185645e+02
48378 7.185645e+02
48399 7.185645e+02
48443 7.185645e+02
48449 7.185645e+02
48558 7.185645e+02
48633 7.185645e+02
48771 7.185645e+02
48801 7.185645e+02
49194 7.185645e+02
49394 7.185645e+02
49561 7.185645e+02
49565 7.185645e+02
49570 7.185645e+02
49615 7.185645e+02
49638 7.185645e+02
49692 7.185645e+02
49712 7.185645e+02
49769 7.185645e+02
49829 7.185645e+02
49978 7.185645e+02
50029 7.185645e+02
50097 7.185645e+02
50114 7.185645e+02
50198 7.185645e+02
50239 7.185645e+02
50243 7.185645e+02
50296 7.185645e+02
50372 7.185645e+02
50407 7.185645e+02
50456 7.185645e+02
50540 7.185645e+02
50588 7.185645e+02
50652 7.185645e+02
50665 7.185645e+02
50711 7.185645e+02
50728 7.185645e+02
50751 7.185645e+02
50762 7.185645e+02
50769 7.185645e+02
50792 7.185645e+02
50810 7.185645e+02
50841 7.185645e+02
50947 7.185645e+02
50953 7.185645e+02
50990 7.185645e+02
51009 7.185645e+02
51021 7.185645e+02
51074 7.185645e+02
51121 7.185645e+02
51154 7.185645e+02
51158 7.185645e+02
51204 7.185645e+02
51205 7.185645e+02
51246 7.185645e+02
51261 7.185645e+02
51370 7.185645e+02
51673 7.185645e+02
51726 7.185645e+02
51822 7.185645e+02
51876 7.185645e+02
51880 7.185645e+02
51901 7.185645e+02
51954 7.185645e+02
51969 7.185645e+02
51987 7.185645e+02
52246 7.185644e+02
52274 7.185644e+02
52405 7.185644e+02
52462 7.185644e+02
52474 7.185644e+02
52494 7.185644e+02
52520 7.185644e+02
52619 7.185644e+02
52697 7.185644e+02
52745 7.185644e+02
52798 7.185644e+02
52839 7.185644e+02
52847 7.185644e+02
52911 7.185644e+02
52936 7.185644e+02
53033 7.185644e+02
53073 7.185644e+02
53249 7.185644e+02
53348 7.185644e+02
53358 7.185644e+02
53456 7.185644e+02
53479 7.185644e+02
53526 7.185644e+02
53737 7.185644e+02
53789 7.185644e+02
53856 7.185644e+02
53886 7.185644e+02
53896 7.185644e+02
53951 7.185644e+02
54004 7.185644e+02
54047 7.185644e+02
54262 7.185644e+02
54292 7.185644e+02
54300 7.185644e+02
54308 7.185644e+02
54348 7.185644e+02
54497 7.185644e+02
54585 7.185644e+02
54613 7.185644e+02
54712 7.185644e+02
54806 7.185644e+02
55058 7.185644e+02
55140 7.185644e+02
55157 7.185644e+02
55184 7.185644e+02
55249 7.185644e+02
55261 7.185644e+02
55344 7.185644e+02
55586 7.185644e+02
55635 7.185644e+02
55816 7.185644e+02
55894 7.185644e+02
55915 7.185644e+02
55935 7.185644e+02
55939 7.185644e+02
55971 7.185644e+02
55985 7.185644e+02
56002 7.185644e+02
56011 7.185644e+02
56162 7.185644e+02
56183 7.185644e+02
56242 7.185644e+02
56275 7.185644e+02
56308 7.185644e+02
56316 7.185644e+02
56324 7.185644e+02
56327 7.185644e+02
56377 7.185644e+02
56414 7.185644e+02
56416 7.185644e+02
56541 7.185644e+02
56585 7.185644e+02
56766 7.185644e+02
56794 7.185644e+02
56846 7.185644e+02
56866 7.185644e+02
56897 7.185644e+02
56926 7.185644e+02
57087 7.185644e+02
57141 7.185644e+02
57391 7.185644e+02
57504 7.185644e+02
57619 7.185644e+02
57642 7.185644e+02
57829 7.185644e+02
57833 7.185644e+02
57944 7.185644e+02
58019 7.185644e+02
58173 7.185644e+02
58277 7.185644e+02
58502 7.185644e+02
58567 7.185644e+02
58722 7.185644e+02
58905 7.185644e+02
58938 7.185644e+02
58986 7.185644e+02
59239 7.185644e+02
59263 7.185644e+02
59322 7.185644e+02
59380 7.185644e+02
59474 7.185644e+02
59578 7.185644e+02
59579 7.185644e+02
59682 7.185644e+02
59685 7.185644e+02
59814 7.185644e+02
59914 7.185644e+02
59961 7.185644e+02
60000 7.185644e+02
60024 7.185644e+02
60045 7.185644e+02
60089 7.185644e+02
60096 7.185644e+02
60260 7.185644e+02
60318 7.185644e+02
60322 7.185644e+02
60393 7.185644e+02
60442 7.185644e+02
60549 7.185644e+02
60714 7.185644e+02
60750 7.185644e+02
60849 7.185644e+02
60900 7.185644e+02
60958 7.185644e+02
60992 7.185644e+02
61085 7.185644e+02
61153 7.185644e+02
61175 7.185644e+02
61185 7.185644e+02
61261 7.185644e+02
61302 7.185644e+02
61472 7.185644e+02
61474 7.185644e+02
61707 7.185644e+02
61764 7.185644e+02
61809 7.185644e+02
61888 7.185644e+02
61940 7.185644e+02
61959 7.185644e+02
62053 7.185644e+02
62146 7.185644e+02
62383 7.185644e+02
62473 7.185644e+02
62580 7.185644e+02
62879 7.185644e+02
63167 7.185644e+02
63169 7.185644e+02
63204 7.185644e+02
63240 7.185644e+02
63360 7.185644e+02
63365 7.185644e+02
63460 7.185644e+02
63474 7.185644e+02
63533 7.185644e+02
63569 7.185644e+02
63581 7.185644e+02
63625 7.185644e+02
63711 7.185644e+02
63729 7.185644e+02
64081 7.185644e+02
64206 7.185644e+02
64249 7.185644e+02
64286 7.185644e+02
64337 7.185644e+02
64451 7.185644e+02
64485 7.185644e+02
64515 7.185644e+02
64598 7.185644e+02
64606 7.185644e+02
64608 7.185644e+02
64699 7.185644e+02
64775 7.185644e+02
64776 7.185644e+02
64812 7.185644e+02
64920 7.185644e+02
64964 7.185644e+02
64981 7.185644e+02
64983 7.185644e+02
65101 7.185644e+02
65125 7.185644e+02
65131 7.185644e+02
65132 7.185644e+02
65173 7.185644e+02
65301 7.185644e+02
65374 7.185644e+02
65444 7.185644e+02
65741 7.185644e+02
65930 7.185644e+02
65996 7.185644e+02
66035 7.185644e+02
66105 7.185644e+02
66118 7.185644e+02
66156 7.185644e+02
66198 7.185644e+02
66239 7.185644e+02
66253 7.185644e+02
66285 7.185644e+02
66347 7.185644e+02
66385 7.185644e+02
66387 7.185644e+02
66415 7.185644e+02
66545 7.185644e+02
66555 7.185644e+02
66597 7.185644e+02
66602 7.185644e+02
66658 7.185644e+02
66700 7.185644e+02
66744 7.185644e+02
66835 7.185644e+02
66843 7.185644e+02
66868 7.185644e+02
66869 7.185644e+02
66876 7.185644e+02
66898 7.185644e+02
66973 7.185644e+02
67049 7.185644e+02
67067 7.185644e+02
67089 7.185644e+02
67180 7.185644e+02
67202 7.185644e+02
67291 7.185644e+02
67300 7.185644e+02
67315 7.185644e+02
67375 7.185644e+02
67376 7.185644e+02
67424 7.185644e+02
67450 7.185644e+02
67459 7.185644e+02
67544 7.185644e+02
67591 7.185644e+02
67641 7.185644e+02
67648 7.185644e+02
67667 7.185644e+02
67749 7.185644e+02
67799 7.185644e+02
67815 7.185644e+02
67828 7.185644e+02
67838 7.185644e+02
67844 7.185644e+02
67947 7.185644e+02
68049 7.185644e+02
68058 7.185644e+02
68182 7.185644e+02
68259 7.185644e+02
68308 7.185644e+02
68327 7.185644e+02
68334 7.185644e+02
68388 7.185644e+02
68428 7.185644e+02
68448 7.185644e+02
68454 7.185644e+02
68468 7.185644e+02
68565 7.185644e+02
68580 7.185644e+02
68665 7.185644e+02
68704 7.185644e+02
68706 7.185644e+02
68762 7.185644e+02
68787 7.185644e+02
68799 7.185644e+02
68829 7.185644e+02
68969 7.185644e+02
69012 7.185644e+02
69025 7.185644e+02
69126 7.185644e+02
69141 7.185644e+02
69178 7.185644e+02
69232 7.185644e+02
69233 7.185644e+02
69247 7.185644e+02
69349 7.185644e+02
69355 7.185644e+02
69474 7.185644e+02
69508 7.185644e+02
69593 7.185644e+02
69594 7.185644e+02
69610 7.185644e+02
69672 7.185644e+02
69696 7.185644e+02
69747 7.185644e+02
69873 7.185644e+02
69888 7.185644e+02
69900 7.185644e+02
70182 7.185644e+02
70204 7.185644e+02
70211 7.185644e+02
70318 7.185644e+02
70472 7.185644e+02
70510 7.185644e+02
70584 7.185644e+02
70610 7.185644e+02
70701 7.185644e+02
70770 7.185644e+02
70907 7.185644e+02
70936 7.185644e+02
70938 7.185644e+02
71013 7.185644e+02
71031 7.185644e+02
71193 7.185644e+02
71214 7.185644e+02
71252 7.185644e+02
71362 7.185644e+02
71370 7.185644e+02
71376 7.185644e+02
71546 7.185644e+02
71615 7.185644e+02
71647 7.185644e+02
71649 7.185644e+02
71660 7.185644e+02
71713 7.185644e+02
71722 7.185644e+02
71769 7.185644e+02
71928 7.185644e+02
72101 7.185644e+02
72169 7.185644e+02
72198 7.185644e+02
72217 7.185644e+02
72398 7.185644e+02
72412 7.185644e+02
72422 7.185644e+02
72531 7.185644e+02
72578 7.185644e+02
72835 7.185644e+02
72837 7.185644e+02
72855 7.185644e+02
72872 7.185644e+02
72933 7.185644e+02
72991 7.185644e+02
73113 7.185644e+02
73198 7.185644e+02
73370 7.185644e+02
73383 7.185644e+02
73401 7.185644e+02
73476 7.185644e+02
73537 7.185644e+02
73588 7.185644e+02
73638 7.185644e+02
73644 7.185644e+02
73648 7.185644e+02
73668 7.185644e+02
73694 7.185644e+02
73778 7.185644e+02
73815 7.185644e+02
73830 7.185644e+02
73861 7.185644e+02
73870 7.185644e+02
74015 7.185644e+02
74032 7.185644e+02
74077 7.185644e+02
74127 7.185644e+02
74187 7.185644e+02
74330 7.185644e+02
74332 7.185644e+02
74402 7.185644e+02
74558 7.185644e+02
74575 7.185644e+02
74620 7.185644e+02
74682 7.185644e+02
74693 7.185644e+02
74761 7.185644e+02
74784 7.185644e+02
74837 7.185644e+02
74841 7.185644e+02
74906 7.185644e+02
159903 7.175403e+02
159967 7.173126e+02
160079 7.144833e+02
160082 7.128661e+02
160125 7.093407e+02
160174 7.082854e+02
160187 7.037828e+02
160239 7.009232e+02
160282 6.953970e+02
160480 6.943944e+02
160560 6.907062e+02
160585 6.898596e+02
160616 6.875670e+02
160654 6.861123e+02
160733 6.708743e+02
161229 6.706607e+02
161365 6.674994e+02
161550 6.669901e+02
161637 6.625355e+02
161759 6.615337e+02
161837 6.612575e+02
161884 6.606859e+02
161943 6.592309e+02
162027 6.585323e+02
162148 6.566751e+02
162167 6.564916e+02
162197 6.544387e+02
162243 6.524325e+02
162276 6.520226e+02
162411 6.479379e+02
162891 6.461436e+02
163052 6.461139e+02
163090 6.448839e+02
163181 6.446033e+02
163182 6.432069e+02
163214 6.417381e+02
163303 6.410067e+02
163362 6.383095e+02
163372 6.378997e+02
163457 6.330054e+02
163657 6.326217e+02
163845 6.313161e+02
164005 6.303604e+02
164019 6.301252e+02
164123 6.297446e+02
164145 6.295158e+02
164464 6.293272e+02
164484 6.288413e+02
164485 6.286815e+02
164525 6.284310e+02
164567 6.279268e+02
164570 6.274814e+02
164619 6.260412e+02
164643 6.256344e+02
164747 6.252172e+02
164846 6.245286e+02
164890 6.232704e+02
165073 6.229016e+02
165191 6.215486e+02
165244 6.209782e+02
165265 6.208803e+02
165506 6.202117e+02
165866 6.183750e+02
165967 6.179601e+02
166015 6.174394e+02
166039 6.162349e+02
166299 6.156511e+02
166385 6.156365e+02
166390 6.151808e+02
166486 6.142401e+02
166526 6.137659e+02
166696 6.134352e+02
166707 6.129523e+02
166828 6.121984e+02
166936 6.118455e+02
166970 6.117757e+02
167100 6.115503e+02
167182 6.114247e+02
167198 6.105221e+02
167428 6.098485e+02
167554 6.093913e+02
167717 6.092060e+02
168030 6.084971e+02
168404 6.083959e+02
168601 6.083104e+02
168607 6.082375e+02
168627 6.079018e+02
168679 6.075483e+02
168706 6.075238e+02
168767 6.073923e+02
168862 6.073220e+02
168864 6.067026e+02
169098 6.066838e+02
169143 6.063651e+02
169170 6.060084e+02
169687 6.057742e+02
169831 6.057428e+02
170074 6.056473e+02
170194 6.052623e+02
170403 6.047879e+02
170868 6.047478e+02
171022 6.044682e+02
171216 6.043969e+02
171258 6.042945e+02
171370 6.040739e+02
171378 6.038286e+02
171633 6.037805e+02
171781 6.037416e+02
171844 6.037133e+02
171882 6.036084e+02
172038 6.035731e+02
172142 6.035646e+02
172205 6.035533e+02
172280 6.032916e+02
172425 6.032486e+02
172560 6.031164e+02
172699 6.031040e+02
172713 6.029800e+02
172874 6.029653e+02
172907 6.028901e+02
172955 6.027956e+02
173118 6.027601e+02
173264 6.027276e+02
173304 6.026098e+02
173494 6.025538e+02
173836 6.025405e+02
173844 6.024979e+02
173870 6.024804e+02
174024 6.023548e+02
174319 6.023423e+02
174380 6.023386e+02
174514 6.021985e+02
174675 6.021983e+02
174726 6.021368e+02
174820 6.021203e+02
174885 6.021036e+02
174989 6.020862e+02
175058 6.020687e+02
175114 6.020314e+02
175134 6.019684e+02
175173 6.019396e+02
175238 6.019071e+02
175490 6.018564e+02
175509 6.018111e+02
175587 6.017543e+02
175817 6.017527e+02
175831 6.016950e+02
175941 6.016717e+02
176014 6.016595e+02
176046 6.016514e+02
176084 6.016270e+02
176252 6.016097e+02
176297 6.015685e+02
176352 6.015468e+02
176420 6.015237e+02
176617 6.014983e+02
176625 6.014595e+02
176712 6.014546e+02
176814 6.014290e+02
176879 6.014040e+02
176900 6.013946e+02
177003 6.013773e+02
177256 6.013227e+02
177394 6.013101e+02
177434 6.013039e+02
177505 6.012676e+02
177914 6.012512e+02
177960 6.012380e+02
178022 6.011977e+02
178294 6.011899e+02
178336 6.011895e+02
178378 6.011617e+02
178585 6.011542e+02
178630 6.011471e+02
178635 6.011444e+02
178678 6.011236e+02
178724 6.011160e+02
178837 6.011157e+02
178868 6.011156e+02
178893 6.011096e+02
178952 6.010993e+02
178999 6.010919e+02
179068 6.010916e+02
179076 6.010716e+02
179157 6.010715e+02
179308 6.010621e+02
179324 6.010449e+02
179618 6.010298e+02
179759 6.010276e+02
179803 6.010274e+02
179978 6.010264e+02
179984 6.010245e+02
180014 6.010219e+02
180048 6.010191e+02
180142 6.010187e+02
180302 6.010140e+02
180347 6.010123e+02
180348 6.009965e+02
180652 6.009916e+02
181048 6.009915e+02
181066 6.009881e+02
181279 6.009809e+02
181362 6.009782e+02
181396 6.009724e+02
181437 6.009680e+02
181677 6.009644e+02
181713 6.009640e+02
181779 6.009589e+02
181791 6.009581e+02
181834 6.009495e+02
182230 6.009490e+02
182303 6.009488e+02
182315 6.009476e+02
182317 6.009467e+02
182352 6.009451e+02
182362 6.009439e+02
182438 6.009395e+02
182497 6.009347e+02
182853 6.009326e+02
183055 6.009319e+02
183105 6.009298e+02
183200 6.009289e+02
183281 6.009254e+02
183390 6.009244e+02
183492 6.009236e+02
183513 6.009179e+02
183773 6.009174e+02
183780 6.009147e+02
184018 6.009146e+02
184171 6.009145e+02
184178 6.009126e+02
184300 6.009120e+02
184435 6.009108e+02
184468 6.009095e+02
184486 6.009082e+02
184726 6.009063e+02
184781 6.009057e+02
184928 6.009055e+02
185006 6.009051e+02
185028 6.009043e+02
185029 6.009037e+02
185084 6.009028e+02
185099 6.009028e+02
185181 6.009025e+02
185212 6.009015e+02
185254 6.009004e+02
185264 6.009002e+02
185374 6.008999e+02
185428 6.008998e+02
185470 6.008992e+02
185679 6.008982e+02
185844 6.008970e+02
185908 6.008969e+02
185918 6.008958e+02
186052 6.008954e+02
186164 6.008954e+02
186179 6.008942e+02
186606 6.008937e+02
186637 6.008926e+02
186994 6.008919e+02
187073 6.008913e+02
187196 6.008913e+02
187224 6.008911e+02
187227 6.008904e+02
187461 6.008902e+02
187476 6.008902e+02
187509 6.008899e+02
187529 6.008892e+02
187584 6.008892e+02
187695 6.008890e+02
187739 6.008887e+02
187746 6.008882e+02
187946 6.008878e+02
187966 6.008875e+02
187978 6.008871e+02
188050 6.008871e+02
188100 6.008870e+02
188270 6.008865e+02
188282 6.008864e+02
188295 6.008862e+02
188357 6.008858e+02
188441 6.008853e+02
188672 6.008852e+02
188741 6.008851e+02
188783 6.008846e+02
188860 6.008845e+02
188916 6.008844e+02
189018 6.008842e+02
189022 6.008840e+02
189132 6.008832e+02
189344 6.008831e+02
189368 6.008830e+02
189388 6.008825e+02
189726 6.008824e+02
189956 6.008823e+02
189999 6.008823e+02
190007 6.008821e+02
190161 6.008818e+02
190188 6.008817e+02
190285 6.008817e+02
190305 6.008813e+02
190432 6.008811e+02
190678 6.008809e+02
190706 6.008809e+02
190743 6.008808e+02
191004 6.008807e+02
191072 6.008806e+02
191131 6.008806e+02
191232 6.008806e+02
191323 6.008803e+02
191371 6.008803e+02
191451 6.008803e+02
191505 6.008802e+02
191539 6.008801e+02
191784 6.008801e+02
191900 6.008800e+02
191914 6.008800e+02
191993 6.008800e+02
192019 6.008800e+02
192031 6.008800e+02
192076 6.008799e+02
192094 6.008798e+02
192118 6.008798e+02
192277 6.008798e+02
192363 6.008797e+02
192464 6.008797e+02
192505 6.008797e+02
192507 6.008796e+02
192771 6.008796e+02
192799 6.008796e+02
192902 6.008796e+02
192948 6.008795e+02
192965 6.008795e+02
193124 6.008795e+02
193215 6.008795e+02
193254 6.008795e+02
193381 6.008795e+02
193429 6.008795e+02
193446 6.008795e+02
193447 6.008795e+02
193749 6.008794e+02
193879 6.008794e+02
193982 6.008794e+02
194028 6.008794e+02
194034 6.008794e+02
194145 6.008794e+02
194166 6.008793e+02
194542 6.008793e+02
194613 6.008793e+02
194699 6.008793e+02
194707 6.008793e+02
194828 6.008793e+02
194886 6.008793e+02
194928 6.008793e+02
194984 6.008793e+02
195011 6.008793e+02
195068 6.008793e+02
195153 6.008793e+02
195158 6.008793e+02
195163 6.008793e+02
195202 6.008793e+02
195205 6.008793e+02
195293 6.008793e+02
195303 6.008793e+02
195308 6.008793e+02
195367 6.008793e+02
195409 6.008793e+02
195416 6.008793e+02
195419 6.008793e+02
195499 6.008793e+02
195531 6.008793e+02
195558 6.008793e+02
195564 6.008793e+02
195594 6.008793e+02
195663 6.008793e+02
195679 6.008793e+02
195759 6.008793e+02
195774 6.008793e+02
195782 6.008793e+02
195821 6.008793e+02
195888 6.008793e+02
195934 6.008793e+02
196007 6.008793e+02
196104 6.008793e+02
196224 6.008793e+02
196262 6.008793e+02
196281 6.008793e+02
196318 6.008793e+02
196391 6.008793e+02
196455 6.008793e+02
196542 6.008793e+02
196543 6.008793e+02
196553 6.008793e+02
196657 6.008793e+02
196662 6.008793e+02
196731 6.008793e+02
196742 6.008793e+02
196752 6.008793e+02
196760 6.008793e+02
196782 6.008793e+02
196791 6.008793e+02
196808 6.008793e+02
196828 6.008793e+02
196965 6.008793e+02
197015 6.008793e+02
197072 6.008793e+02
197204 6.008793e+02
197235 6.008793e+02
197262 6.008793e+02
197337 6.008793e+02
197366 6.008793e+02
197384 6.008793e+02
197398 6.008793e+02
197437 6.008793e+02
197441 6.008793e+02
197448 6.008793e+02
197457 6.008792e+02
197495 6.008792e+02
197526 6.008792e+02
197570 6.008792e+02
197605 6.008792e+02
197706 6.008792e+02
197886 6.008792e+02
197957 6.008792e+02
198141 6.008792e+02
198193 6.008792e+02
198206 6.008792e+02
198237 6.008792e+02
198272 6.008792e+02
198308 6.008792e+02
198334 6.008792e+02
198360 6.008792e+02
198427 6.008792e+02
198695 6.008792e+02
198921 6.008792e+02
198950 6.008792e+02
198995 6.008792e+02
199018 6.008792e+02
199249 6.008792e+02
199251 6.008792e+02
199398 6.008792e+02
199733 6.008792e+02
199735 6.008792e+02
199754 6.008792e+02
199776 6.008792e+02
199924 6.008792e+02
199928 6.008792e+02
200046 6.008792e+02
200073 6.008792e+02
200197 6.008792e+02
200324 6.008792e+02
200548 6.008792e+02
200578 6.008792e+02
200771 6.008792e+02
200852 6.008792e+02
200910 6.008792e+02
200918 6.008792e+02
200966 6.008792e+02
201063 6.008792e+02
201119 6.008792e+02
201138 6.008792e+02
201139 6.008792e+02
201155 6.008792e+02
201185 6.008792e+02
201298 6.008792e+02
201359 6.008792e+02
201420 6.008792e+02
201423 6.008792e+02
201623 6.008792e+02
201663 6.008792e+02
201676 6.008792e+02
201741 6.008792e+02
201813 6.008792e+02
201826 6.008792e+02
201837 6.008792e+02
201851 6.008792e+02
201878 6.008792e+02
202014 6.008792e+02
202081 6.008792e+02
202174 6.008792e+02
202349 6.008792e+02
202422 6.008792e+02
202486 6.008792e+02
202694 6.008792e+02
202748 6.008792e+02
202789 6.008792e+02
202797 6.008792e+02
202818 6.008792e+02
202860 6.008792e+02
202933 6.008792e+02
202934 6.008792e+02
202999 6.008792e+02
203032 6.008792e+02
203040 6.008792e+02
203104 6.008792e+02
203195 6.008792e+02
203269 6.008792e+02
203321 6.008792e+02
203329 6.008792e+02
203350 6.008792e+02
203469 6.008792e+02
203539 6.008792e+02
203672 6.008792e+02
203712 6.008792e+02
203713 6.008792e+02
203736 6.008792e+02
203761 6.008792e+02
203800 6.008792e+02
203801 6.008792e+02
203805 6.008792e+02
203806 6.008792e+02
204122 6.008792e+02
204265 6.008792e+02
204378 6.008792e+02
204381 6.008792e+02
204656 6.008792e+02
204662 6.008792e+02
204742 6.008792e+02
204761 6.008792e+02
205107 6.008792e+02
205128 6.008792e+02
205142 6.008792e+02
205176 6.008792e+02
205194 6.008792e+02
205272 6.008792e+02
205319 6.008792e+02
205415 6.008792e+02
205511 6.008792e+02
205530 6.008792e+02
205571 6.008792e+02
205598 6.008792e+02
205734 6.008792e+02
205736 6.008792e+02
205766 6.008792e+02
205794 6.008792e+02
205872 6.008792e+02
206027 6.008792e+02
206095 6.008792e+02
206108 6.008792e+02
206117 6.008792e+02
206150 6.008792e+02
206178 6.008792e+02
206216 6.008792e+02
206301 6.008792e+02
206364 6.008792e+02
206386 6.008792e+02
206442 6.008792e+02
206491 6.008792e+02
206656 6.008792e+02
206816 6.008792e+02
206847 6.008792e+02
206887 6.008792e+02
207013 6.008792e+02
207465 6.008792e+02
207679 6.008792e+02
207747 6.008792e+02
207779 6.008792e+02
207783 6.008792e+02
207812 6.008792e+02
207894 6.008792e+02
207988 6.008792e+02
207995 6.008792e+02
208031 6.008792e+02
208045 6.008792e+02
208148 6.008792e+02
208224 6.008792e+02
208248 6.008792e+02
208351 6.008792e+02
208473 6.008792e+02
208484 6.008792e+02
208517 6.008791e+02
208521 6.008791e+02
208551 6.008791e+02
208567 6.008791e+02
208610 6.008791e+02
208647 6.008791e+02
208714 6.008791e+02
208840 6.008791e+02
208850 6.008791e+02
208859 6.008791e+02
208881 6.008791e+02
208924 6.008791e+02
208931 6.008791e+02
208960 6.008791e+02
209105 6.008791e+02
209126 6.008791e+02
209170 6.008791e+02
209256 6.008791e+02
209269 6.008791e+02
209438 6.008791e+02
209510 6.008791e+02
209524 6.008791e+02
209561 6.008791e+02
209576 6.008791e+02
209584 6.008791e+02
209601 6.008791e+02
209632 6.008791e+02
209764 6.008791e+02
209952 6.008791e+02
209980 6.008791e+02
210030 6.008791e+02
210043 6.008791e+02
210069 6.008791e+02
210192 6.008791e+02
210559 6.008791e+02
210563 6.008791e+02
210613 6.008791e+02
210615 6.008791e+02
210630 6.008791e+02
210632 6.008791e+02
210662 6.008791e+02
210731 6.008791e+02
210866 6.008791e+02
210908 6.008791e+02
211001 6.008791e+02
211022 6.008791e+02
211162 6.008791e+02
211211 6.008791e+02
211334 6.008791e+02
211424 6.008791e+02
211613 6.008791e+02
211749 6.008791e+02
211833 6.008791e+02
211843 6.008791e+02
211872 6.008791e+02
211927 6.008791e+02
211956 6.008791e+02
212003 6.008791e+02
212089 6.008791e+02
212092 6.008791e+02
212193 6.008791e+02
212205 6.008791e+02
212210 6.008791e+02
212289 6.008791e+02
212385 6.008791e+02
212445 6.008791e+02
212481 6.008791e+02
212534 6.008791e+02
212537 6.008791e+02
212621 6.008791e+02
212641 6.008791e+02
212669 6.008791e+02
212731 6.008791e+02
212770 6.008791e+02
213005 6.008791e+02
213040 6.008791e+02
213157 6.008791e+02
213184 6.008791e+02
213211 6.008791e+02
213369 6.008791e+02
213375 6.008791e+02
213555 6.008791e+02
213575 6.008791e+02
213642 6.008791e+02
213661 6.008791e+02
213885 6.008791e+02
213897 6.008791e+02
213947 6.008791e+02
213951 6.008791e+02
213976 6.008791e+02
214049 6.008791e+02
214065 6.008791e+02
214109 6.008791e+02
214124 6.008791e+02
214134 6.008791e+02
214236 6.008791e+02
214252 6.008791e+02
214259 6.008791e+02
214287 6.008791e+02
214305 6.008791e+02
214321 6.008791e+02
214390 6.008791e+02
214429 6.008791e+02
214463 6.008791e+02
214496 6.008791e+02
214579 6.008791e+02
214612 6.008791e+02
214665 6.008791e+02
214666 6.008791e+02
214714 6.008791e+02
214764 6.008791e+02
214908 6.008791e+02
214913 6.008791e+02
214920 6.008791e+02
215037 6.008791e+02
215044 6.008791e+02
215115 6.008791e+02
215154 6.008791e+02
215274 6.008791e+02
215283 6.008791e+02
215324 6.008791e+02
215394 6.008791e+02
215403 6.008791e+02
215442 6.008791e+02
215541 6.008791e+02
215587 6.008791e+02
215672 6.008791e+02
215700 6.008791e+02
215732 6.008791e+02
215805 6.008791e+02
215880 6.008791e+02
215922 6.008791e+02
215938 6.008791e+02
215985 6.008791e+02
215995 6.008791e+02
216068 6.008791e+02
216074 6.008791e+02
216228 6.008791e+02
216250 6.008791e+02
216284 6.008791e+02
216361 6.008791e+02
216390 6.008791e+02
216442 6.008791e+02
216507 6.008791e+02
216556 6.008791e+02
216598 6.008791e+02
216608 6.008791e+02
216650 6.008791e+02
216700 6.008791e+02
216715 6.008791e+02
216729 6.008791e+02
216795 6.008791e+02
216848 6.008791e+02
216902 6.008791e+02
216965 6.008791e+02
217039 6.008791e+02
217080 6.008791e+02
217180 6.008791e+02
217195 6.008791e+02
217241 6.008791e+02
217250 6.008791e+02
217321 6.008791e+02
217350 6.008791e+02
217396 6.008791e+02
217409 6.008791e+02
217415 6.008791e+02
217494 6.008791e+02
217587 6.008791e+02
217618 6.008791e+02
217634 6.008791e+02
217688 6.008791e+02
217724 6.008791e+02
217788 6.008791e+02
217828 6.008791e+02
413045 5.963871e+02
413790 5.933222e+02
414045 5.859963e+02
414364 5.697884e+02
414461 5.569636e+02
415252 5.535108e+02
415357 5.244461e+02
415388 5.102993e+02
416233 5.009174e+02
417103 4.985678e+02
417108 4.985606e+02
417174 4.939298e+02
417669 4.813577e+02
418156 4.749019e+02
418708 4.734060e+02
418795 4.707081e+02
419522 4.666404e+02
419528 4.576215e+02
420106 4.533298e+02
420157 4.512847e+02
420928 4.505881e+02
420954 4.483557e+02
421006 4.466891e+02
421146 4.351186e+02
421692 4.270379e+02
421800 4.263158e+02
422078 4.141728e+02
423187 4.126191e+02
423446 4.076192e+02
423454 4.068651e+02
423899 4.068036e+02
424010 4.061438e+02
424059 3.954875e+02
425054 3.919374e+02
425311 3.882731e+02
425578 3.812548e+02
426359 3.745292e+02
427935 3.734583e+02
428114 3.724635e+02
428561 3.716937e+02
428759 3.708055e+02
428834 3.703406e+02
428889 3.699852e+02
428960 3.690079e+02
428963 3.660343e+02
428974 3.657351e+02
429269 3.647360e+02
429275 3.640817e+02
429355 3.636215e+02
429373 3.626467e+02
429389 3.614037e+02
429493 3.582871e+02
429742 3.560430e+02
430446 3.535624e+02
430595 3.533641e+02
431288 3.529064e+02
431383 3.528366e+02
431464 3.496921e+02
432186 3.462581e+02
432399 3.462484e+02
432753 3.451731e+02
433170 3.434525e+02
433854 3.403626e+02
434284 3.398033e+02
434621 3.393611e+02
434683 3.390072e+02
434769 3.380610e+02
434955 3.367181e+02
435174 3.366405e+02
435416 3.362600e+02
435737 3.347824e+02
435793 3.335667e+02
435832 3.327112e+02
435968 3.324638e+02
436638 3.315259e+02
437486 3.305488e+02
437672 3.302898e+02
437807 3.299006e+02
437818 3.297949e+02
437841 3.281687e+02
439260 3.269794e+02
439459 3.250325e+02
440416 3.234585e+02
440734 3.215037e+02
441163 3.212112e+02
441558 3.211162e+02
441763 3.194762e+02
442385 3.184197e+02
442582 3.179364e+02
442759 3.169435e+02
443919 3.162279e+02
443973 3.153995e+02
444856 3.152091e+02
445182 3.151760e+02
445240 3.146276e+02
445362 3.144958e+02
445523 3.144461e+02
445620 3.132732e+02
445811 3.128411e+02
446040 3.127293e+02
446593 3.115314e+02
446837 3.110270e+02
447011 3.107487e+02
448393 3.106042e+02
448418 3.102290e+02
449254 3.101803e+02
449293 3.092034e+02
449827 3.091124e+02
450000 3.086943e+02
450832 3.082577e+02
450866 3.080170e+02
451214 3.079357e+02
451347 3.073329e+02
452148 3.073021e+02
452360 3.070341e+02
452396 3.069915e+02
452421 3.068440e+02
452535 3.065031e+02
452596 3.064043e+02
452721 3.062865e+02
453218 3.062451e+02
453379 3.061766e+02
453624 3.059909e+02
454052 3.059886e+02
454356 3.059357e+02
454411 3.056753e+02
454592 3.056203e+02
454673 3.051871e+02
455124 3.049777e+02
455810 3.049381e+02
456014 3.048681e+02
456171 3.047645e+02
456558 3.045733e+02
456775 3.045473e+02
456849 3.042616e+02
457076 3.042137e+02
457314 3.040603e+02
457546 3.038805e+02
457981 3.035946e+02
458801 3.035022e+02
459350 3.033796e+02
459471 3.033226e+02
460153 3.033124e+02
460166 3.031746e+02
460358 3.030934e+02
460422 3.029904e+02
460624 3.029808e+02
460774 3.028503e+02
460782 3.028235e+02
460846 3.026814e+02
461748 3.026014e+02
461777 3.025455e+02
462361 3.024415e+02
462414 3.023340e+02
463052 3.022571e+02
463162 3.021921e+02
463337 3.021218e+02
463994 3.020943e+02
464584 3.020506e+02
464604 3.019445e+02
464816 3.019339e+02
464986 3.017129e+02
464989 3.017113e+02
465511 3.016927e+02
465586 3.016592e+02
465661 3.016395e+02
465810 3.014546e+02
466392 3.014452e+02
467140 3.014402e+02
467218 3.014329e+02
467302 3.014242e+02
467324 3.014229e+02
467366 3.014186e+02
467433 3.013484e+02
467730 3.013225e+02
467920 3.013156e+02
468042 3.012956e+02
468044 3.012730e+02
468073 3.012636e+02
468083 3.012225e+02
468380 3.011984e+02
468411 3.011946e+02
468588 3.011814e+02
468959 3.011507e+02
468990 3.011036e+02
469171 3.010275e+02
469692 3.009690e+02
469776 3.009147e+02
470558 3.009079e+02
470655 3.009063e+02
471269 3.008606e+02
471846 3.008441e+02
472153 3.008403e+02
472327 3.008293e+02
472516 3.007744e+02
472754 3.007543e+02
472997 3.006908e+02
474083 3.006798e+02
474660 3.006741e+02
474795 3.006638e+02
474812 3.006333e+02
474824 3.005968e+02
475425 3.005948e+02
475458 3.005910e+02
475711 3.005885e+02
475813 3.005451e+02
476273 3.005289e+02
476592 3.005042e+02
476791 3.004848e+02
477163 3.004829e+02
477172 3.004675e+02
477311 3.004547e+02
478034 3.004404e+02
478155 3.004350e+02
478337 3.004349e+02
478356 3.004158e+02
478541 3.004133e+02
478800 3.003957e+02
478895 3.003924e+02
479393 3.003422e+02
480158 3.003370e+02
480481 3.003219e+02
481580 3.003169e+02
481592 3.003128e+02
481705 3.003044e+02
481729 3.002936e+02
482400 3.002809e+02
482573 3.002785e+02
482592 3.002779e+02
482809 3.002298e+02
483586 3.002194e+02
484020 3.002131e+02
484589 3.002016e+02
484776 3.001916e+02
485239 3.001907e+02
485403 3.001815e+02
485685 3.001801e+02
486180 3.001768e+02
486606 3.001749e+02
486978 3.001688e+02
487400 3.001619e+02
487674 3.001596e+02
487780 3.001539e+02
487962 3.001480e+02
488424 3.001430e+02
488826 3.001412e+02
488878 3.001371e+02
488920 3.001324e+02
488952 3.001264e+02
489191 3.001225e+02
489284 3.001168e+02
489969 3.001153e+02
490203 3.001109e+02
490246 3.001081e+02
490661 3.001063e+02
490732 3.000997e+02
491348 3.000969e+02
491397 3.000908e+02
492428 3.000904e+02
492809 3.000871e+02
493360 3.000862e+02
493513 3.000852e+02
493575 3.000837e+02
493863 3.000796e+02
494036 3.000785e+02
494164 3.000744e+02
494956 3.000717e+02
495326 3.000701e+02
496032 3.000674e+02
496534 3.000644e+02
496799 3.000608e+02
497417 3.000605e+02
497628 3.000574e+02
497884 3.000561e+02
498044 3.000554e+02
498113 3.000527e+02
498417 3.000520e+02
498569 3.000499e+02
498852 3.000493e+02
499008 3.000489e+02
499130 3.000453e+02
499487 3.000448e+02
499657 3.000444e+02
499772 3.000430e+02
499799 3.000426e+02
499894 3.000414e+02
