1 1.249947e+03
2 1.137616e+03
3 8.239082e+02
5 7.680153e+02
11 7.347115e+02
15 7.311746e+02
60 6.826939e+02
97 6.352575e+02
702 6.347880e+02
774 6.251037e+02
812 6.242733e+02
989 6.226813e+02
996 6.121816e+02
1059 6.044834e+02
1100 5.863532e+02
1163 5.831586e+02
1245 5.765474e+02
1334 5.731924e+02
1351 5.711296e+02
1385 5.687863e+02
1497 5.625537e+02
1529 5.479085e+02
1591 5.327105e+02
1605 5.293487e+02
1625 5.277913e+02
1628 5.274311e+02
1761 5.218011e+02
1763 5.118388e+02
1971 5.101248e+02
2535 5.029983e+02
2603 4.931884e+02
2765 4.870488e+02
2832 4.811962e+02
3269 4.799724e+02
3341 4.726254e+02
3554 4.716941e+02
3590 4.688444e+02
3617 4.683858e+02
3663 4.647658e+02
3763 4.601455e+02
3868 4.553553e+02
3877 4.514743e+02
3961 4.439145e+02
4076 4.427050e+02
4155 4.425258e+02
5023 4.406977e+02
5073 4.395274e+02
5136 4.360479e+02
5154 4.335166e+02
5326 4.311594e+02
5433 4.301255e+02
5469 4.295038e+02
5489 4.289673e+02
5517 4.189346e+02
5969 4.175782e+02
6041 4.150931e+02
6134 4.072668e+02
6401 4.061955e+02
6420 3.975885e+02
6521 3.967866e+02
6804 3.955420e+02
6871 3.954452e+02
6880 3.946734e+02
6931 3.864878e+02
6978 3.864141e+02
7028 3.850268e+02
7200 3.819859e+02
7393 3.801486e+02
7409 3.785605e+02
7534 3.764712e+02
7582 3.755000e+02
7655 3.747844e+02
7738 3.742192e+02
7864 3.738232e+02
7956 3.733993e+02
7963 3.724519e+02
7987 3.713738e+02
8006 3.675588e+02
8066 3.643131e+02
8147 3.632640e+02
8284 3.602158e+02
8427 3.584413e+02
8447 3.571442e+02
8474 3.570100e+02
8534 3.557777e+02
8581 3.555769e+02
8608 3.536456e+02
8639 3.536062e+02
8663 3.509619e+02
8969 3.502575e+02
9212 3.489389e+02
9252 3.488284e+02
9304 3.483745e+02
9313 3.467602e+02
9316 3.462165e+02
9346 3.455273e+02
9560 3.425224e+02
9620 3.418506e+02
9914 3.413913e+02
9966 3.401344e+02
10057 3.401101e+02
10148 3.391018e+02
10154 3.388347e+02
10253 3.373040e+02
10307 3.362333e+02
10368 3.355099e+02
10647 3.350800e+02
10651 3.346842e+02
10700 3.341179e+02
10931 3.330216e+02
10954 3.328438e+02
11046 3.323896e+02
11665 3.308059e+02
11780 3.292367e+02
12052 3.290041e+02
12177 3.288855e+02
12197 3.286529e+02
12303 3.286493e+02
12316 3.285983e+02
12425 3.279128e+02
12495 3.269309e+02
12807 3.259643e+02
12893 3.259057e+02
13068 3.257192e+02
13070 3.246167e+02
13145 3.243707e+02
13607 3.241103e+02
13671 3.237204e+02
13770 3.235715e+02
13857 3.234292e+02
13905 3.234193e+02
13915 3.229079e+02
14005 3.227759e+02
14138 3.226538e+02
14148 3.218546e+02
14312 3.218443e+02
14463 3.217590e+02
14526 3.217533e+02
14550 3.216502e+02
14603 3.213986e+02
14684 3.210588e+02
14852 3.207858e+02
14923 3.204616e+02
15080 3.203689e+02
15212 3.202578e+02
15213 3.201144e+02
15471 3.199209e+02
15488 3.198710e+02
15617 3.198114e+02
15736 3.196948e+02
15773 3.196821e+02
15875 3.194113e+02
15927 3.189423e+02
16067 3.187967e+02
16156 3.186023e+02
16163 3.185496e+02
16267 3.184247e+02
16585 3.182656e+02
16597 3.181626e+02
16846 3.179907e+02
16851 3.179744e+02
16925 3.179305e+02
16991 3.178407e+02
17078 3.177601e+02
17113 3.176058e+02
17217 3.174370e+02
17445 3.174174e+02
17662 3.173841e+02
17733 3.173538e+02
17758 3.173431e+02
17768 3.171732e+02
17837 3.171486e+02
17909 3.171225e+02
17998 3.171130e+02
18025 3.170691e+02
18029 3.168089e+02
18273 3.167565e+02
18496 3.167257e+02
18504 3.166499e+02
18554 3.165522e+02
18867 3.165415e+02
18907 3.165181e+02
18984 3.164309e+02
19002 3.164187e+02
19075 3.162997e+02
19160 3.162202e+02
19235 3.162125e+02
19397 3.161843e+02
19501 3.161266e+02
19508 3.161193e+02
19614 3.160805e+02
19743 3.159969e+02
19914 3.159289e+02
20067 3.159011e+02
20083 3.158772e+02
20188 3.158167e+02
20395 3.158014e+02
20491 3.157677e+02
20528 3.157502e+02
20640 3.157260e+02
20681 3.156915e+02
20763 3.156587e+02
20781 3.156361e+02
20804 3.156218e+02
20882 3.156139e+02
20898 3.155469e+02
21070 3.155450e+02
21164 3.155359e+02
21198 3.155332e+02
21254 3.155225e+02
21279 3.155145e+02
21320 3.154988e+02
21340 3.154558e+02
21402 3.154463e+02
21626 3.154449e+02
21779 3.154261e+02
21783 3.154132e+02
21990 3.153967e+02
22130 3.153877e+02
22337 3.153793e+02
22349 3.153791e+02
22367 3.153632e+02
22435 3.153603e+02
22443 3.153566e+02
22535 3.153330e+02
22561 3.153143e+02
22670 3.153128e+02
22946 3.152975e+02
23047 3.152966e+02
23073 3.152510e+02
23203 3.152497e+02
23571 3.152392e+02
23614 3.152390e+02
23618 3.152389e+02
23652 3.152376e+02
23668 3.152281e+02
23717 3.152171e+02
23730 3.152155e+02
23802 3.151969e+02
23855 3.151966e+02
23859 3.151904e+02
23936 3.151885e+02
24037 3.151874e+02
24073 3.151635e+02
24247 3.151596e+02
24346 3.151472e+02
24491 3.151427e+02
24534 3.151418e+02
24648 3.151325e+02
24652 3.151257e+02
24841 3.151214e+02
24931 3.151200e+02
24955 3.151174e+02
25068 3.151148e+02
25074 3.151126e+02
25154 3.151077e+02
25208 3.151070e+02
25224 3.151057e+02
25251 3.151053e+02
25262 3.150930e+02
25404 3.150892e+02
25528 3.150819e+02
25771 3.150800e+02
25821 3.150732e+02
26149 3.150696e+02
26241 3.150679e+02
26306 3.150666e+02
26330 3.150658e+02
26529 3.150651e+02
26569 3.150634e+02
26674 3.150595e+02
26726 3.150559e+02
26856 3.150538e+02
26973 3.150534e+02
27110 3.150493e+02
27303 3.150477e+02
27355 3.150439e+02
27512 3.150422e+02
27811 3.150413e+02
27972 3.150390e+02
28014 3.150375e+02
28042 3.150360e+02
28159 3.150359e+02
28194 3.150355e+02
28198 3.150307e+02
28421 3.150306e+02
28551 3.150298e+02
28792 3.150280e+02
29066 3.150277e+02
29158 3.150272e+02
29375 3.150249e+02
29531 3.150243e+02
29573 3.150235e+02
29576 3.150228e+02
29628 3.150228e+02
29657 3.150224e+02
29698 3.150216e+02
29724 3.150215e+02
29749 3.150205e+02
29926 3.150196e+02
30010 3.150191e+02
30044 3.150189e+02
30106 3.150182e+02
30184 3.150172e+02
30340 3.150163e+02
30353 3.150161e+02
30356 3.150159e+02
30438 3.150154e+02
30526 3.150145e+02
30556 3.150139e+02
30638 3.150138e+02
30697 3.150127e+02
30785 3.150123e+02
30806 3.150122e+02
30858 3.150119e+02
31041 3.150114e+02
31137 3.150108e+02
31146 3.150105e+02
31266 3.150091e+02
31518 3.150086e+02
31585 3.150082e+02
31737 3.150073e+02
32138 3.150073e+02
32217 3.150072e+02
32223 3.150071e+02
32231 3.150069e+02
32238 3.150068e+02
32246 3.150066e+02
32273 3.150061e+02
32351 3.150058e+02
32407 3.150054e+02
32565 3.150053e+02
32571 3.150050e+02
32631 3.150050e+02
32632 3.150049e+02
32826 3.150048e+02
32859 3.150046e+02
32866 3.150044e+02
32917 3.150042e+02
32982 3.150041e+02
33106 3.150031e+02
33266 3.150030e+02
33419 3.150030e+02
33597 3.150029e+02
33671 3.150028e+02
33673 3.150025e+02
33786 3.150025e+02
33830 3.150023e+02
33861 3.150022e+02
33950 3.150021e+02
34076 3.150018e+02
34134 3.150018e+02
34213 3.150016e+02
34270 3.150015e+02
34285 3.150015e+02
34333 3.150013e+02
34716 3.150013e+02
34769 3.150011e+02
35009 3.150011e+02
35086 3.150011e+02
35127 3.150010e+02
35300 3.150009e+02
35342 3.150008e+02
35481 3.150006e+02
35545 3.150006e+02
35607 3.150006e+02
35749 3.150006e+02
35845 3.150005e+02
35920 3.150004e+02
35960 3.150004e+02
36007 3.150003e+02
36052 3.150003e+02
36122 3.150003e+02
36228 3.150002e+02
36232 3.150002e+02
36345 3.150000e+02
36647 3.149999e+02
36667 3.149999e+02
36683 3.149998e+02
36907 3.149998e+02
36948 3.149998e+02
36970 3.149998e+02
37056 3.149998e+02
37086 3.149997e+02
37368 3.149997e+02
37375 3.149996e+02
37444 3.149995e+02
37500 3.149995e+02
37697 3.149995e+02
37782 3.149994e+02
37901 3.149994e+02
38059 3.149994e+02
38064 3.149994e+02
38130 3.149994e+02
38132 3.149994e+02
38227 3.149994e+02
38262 3.149993e+02
38267 3.149993e+02
38334 3.149993e+02
38365 3.149993e+02
38481 3.149993e+02
38486 3.149992e+02
38543 3.149992e+02
38630 3.149992e+02
38650 3.149992e+02
38968 3.149991e+02
39098 3.149991e+02
39290 3.149991e+02
39312 3.149991e+02
39353 3.149991e+02
39399 3.149991e+02
39636 3.149991e+02
39725 3.149990e+02
39800 3.149990e+02
39824 3.149990e+02
39832 3.149990e+02
39889 3.149990e+02
39896 3.149990e+02
39971 3.149990e+02
40097 3.149990e+02
40236 3.149990e+02
40288 3.149990e+02
40302 3.149990e+02
40362 3.149989e+02
40364 3.149989e+02
40624 3.149989e+02
40692 3.149989e+02
40781 3.149989e+02
40870 3.149989e+02
40930 3.149989e+02
41040 3.149989e+02
41062 3.149989e+02
41086 3.149989e+02
41104 3.149989e+02
41106 3.149989e+02
41113 3.149989e+02
41115 3.149989e+02
41240 3.149988e+02
41689 3.149988e+02
41725 3.149988e+02
41735 3.149988e+02
41774 3.149988e+02
42111 3.149988e+02
42112 3.149988e+02
42114 3.149988e+02
42132 3.149988e+02
42227 3.149988e+02
42404 3.149988e+02
42423 3.149988e+02
42445 3.149988e+02
42457 3.149988e+02
42492 3.149988e+02
42519 3.149988e+02
42700 3.149988e+02
42725 3.149988e+02
42750 3.149987e+02
42787 3.149987e+02
42860 3.149987e+02
42866 3.149987e+02
42910 3.149987e+02
42961 3.149987e+02
43233 3.149987e+02
43267 3.149987e+02
43350 3.149987e+02
43359 3.149987e+02
43519 3.149987e+02
43540 3.149987e+02
43678 3.149987e+02
43687 3.149987e+02
43852 3.149987e+02
43917 3.149987e+02
43932 3.149987e+02
43972 3.149987e+02
44045 3.149987e+02
44074 3.149987e+02
44197 3.149987e+02
44274 3.149987e+02
44320 3.149987e+02
44354 3.149987e+02
44423 3.149987e+02
44504 3.149987e+02
44542 3.149987e+02
44733 3.149987e+02
44943 3.149987e+02
44959 3.149987e+02
44960 3.149987e+02
45000 3.149987e+02
45011 3.149987e+02
45084 3.149987e+02
45119 3.149987e+02
45248 3.149987e+02
45259 3.149987e+02
45270 3.149987e+02
45323 3.149987e+02
45441 3.149987e+02
45523 3.149987e+02
45593 3.149987e+02
45621 3.149987e+02
45645 3.149987e+02
45677 3.149987e+02
45689 3.149987e+02
45691 3.149987e+02
45823 3.149987e+02
45891 3.149987e+02
45931 3.149987e+02
45980 3.149987e+02
46206 3.149987e+02
46364 3.149987e+02
46383 3.149987e+02
46392 3.149987e+02
46450 3.149987e+02
46483 3.149987e+02
46487 3.149987e+02
46563 3.149987e+02
46677 3.149987e+02
46718 3.149987e+02
46721 3.149987e+02
46748 3.149987e+02
46858 3.149987e+02
46888 3.149987e+02
47040 3.149987e+02
47124 3.149987e+02
47126 3.149987e+02
47203 3.149987e+02
47272 3.149987e+02
47308 3.149987e+02
47367 3.149987e+02
47410 3.149987e+02
47429 3.149987e+02
47530 3.149987e+02
47567 3.149987e+02
47747 3.149987e+02
47788 3.149987e+02
47813 3.149987e+02
48017 3.149987e+02
48214 3.149987e+02
48353 3.149987e+02
48408 3.149987e+02
48436 3.149987e+02
48478 3.149987e+02
48520 3.149987e+02
48534 3.149987e+02
48617 3.149987e+02
48638 3.149987e+02
48739 3.149987e+02
48805 3.149987e+02
48809 3.149987e+02
48871 3.149987e+02
48936 3.149987e+02
49017 3.149987e+02
49096 3.149987e+02
49223 3.149987e+02
49248 3.149987e+02
49299 3.149987e+02
49391 3.149987e+02
49394 3.149987e+02
49550 3.149987e+02
49591 3.149987e+02
49608 3.149987e+02
49620 3.149987e+02
49623 3.149987e+02
49632 3.149987e+02
49715 3.149987e+02
49731 3.149987e+02
49753 3.149987e+02
49758 3.149987e+02
49767 3.149987e+02
49770 3.149987e+02
49803 3.149987e+02
49807 3.149987e+02
49849 3.149987e+02
49850 3.149987e+02
49872 3.149987e+02
49943 3.149987e+02
49958 3.149987e+02
49961 3.149987e+02
50005 3.149987e+02
50094 3.149987e+02
50216 3.149987e+02
50226 3.149987e+02
50320 3.149987e+02
50369 3.149987e+02
50435 3.149987e+02
50497 3.149987e+02
50527 3.149987e+02
50558 3.149987e+02
50573 3.149987e+02
50611 3.149987e+02
50714 3.149987e+02
50735 3.149987e+02
50787 3.149987e+02
50811 3.149987e+02
50831 3.149987e+02
50845 3.149987e+02
50906 3.149987e+02
50946 3.149987e+02
51017 3.149987e+02
51023 3.149987e+02
51057 3.149987e+02
51160 3.149987e+02
51184 3.149987e+02
51401 3.149987e+02
51404 3.149987e+02
51446 3.149987e+02
51505 3.149987e+02
51507 3.149987e+02
51508 3.149987e+02
51556 3.149987e+02
51636 3.149987e+02
51883 3.149987e+02
51997 3.149987e+02
52077 3.149987e+02
52332 3.149987e+02
52423 3.149987e+02
52424 3.149987e+02
52426 3.149987e+02
52495 3.149987e+02
52536 3.149987e+02
52642 3.149987e+02
52657 3.149987e+02
52721 3.149987e+02
52752 3.149987e+02
52816 3.149987e+02
53119 3.149987e+02
53164 3.149987e+02
53238 3.149987e+02
53365 3.149987e+02
53391 3.149987e+02
53451 3.149987e+02
53644 3.149987e+02
53653 3.149987e+02
53695 3.149987e+02
53782 3.149987e+02
53911 3.149987e+02
53913 3.149987e+02
53947 3.149987e+02
53967 3.149987e+02
54132 3.149987e+02
54172 3.149987e+02
54472 3.149987e+02
54492 3.149987e+02
54533 3.149987e+02
54555 3.149987e+02
54698 3.149987e+02
54726 3.149987e+02
54832 3.149987e+02
54856 3.149987e+02
54884 3.149987e+02
55030 3.149987e+02
55062 3.149987e+02
55065 3.149987e+02
55197 3.149987e+02
55241 3.149987e+02
55388 3.149987e+02
55648 3.149987e+02
55682 3.149987e+02
55700 3.149987e+02
55757 3.149987e+02
55935 3.149987e+02
56078 3.149987e+02
56168 3.149987e+02
56241 3.149987e+02
56248 3.149987e+02
56287 3.149987e+02
56345 3.149987e+02
56361 3.149987e+02
56399 3.149987e+02
56467 3.149987e+02
56592 3.149987e+02
57059 3.149987e+02
57087 3.149987e+02
57089 3.149987e+02
57103 3.149987e+02
57124 3.149987e+02
57212 3.149987e+02
57253 3.149987e+02
57306 3.149987e+02
57381 3.149987e+02
57449 3.149987e+02
57546 3.149987e+02
57548 3.149987e+02
57597 3.149987e+02
57598 3.149987e+02
57605 3.149987e+02
57632 3.149987e+02
57674 3.149987e+02
57702 3.149987e+02
57711 3.149987e+02
57748 3.149987e+02
57828 3.149987e+02
57831 3.149987e+02
57874 3.149987e+02
57951 3.149987e+02
58083 3.149987e+02
58143 3.149987e+02
58167 3.149987e+02
58236 3.149987e+02
58308 3.149987e+02
58350 3.149987e+02
58393 3.149987e+02
58437 3.149987e+02
58522 3.149987e+02
58605 3.149987e+02
58704 3.149987e+02
58712 3.149987e+02
58797 3.149987e+02
58868 3.149987e+02
58879 3.149987e+02
58914 3.149987e+02
58921 3.149987e+02
58976 3.149987e+02
59094 3.149987e+02
59109 3.149987e+02
59167 3.149987e+02
59199 3.149987e+02
59297 3.149987e+02
59347 3.149987e+02
59376 3.149987e+02
59445 3.149987e+02
59530 3.149987e+02
59543 3.149987e+02
59616 3.149987e+02
59712 3.149987e+02
59728 3.149987e+02
59769 3.149987e+02
59849 3.149987e+02
59852 3.149987e+02
59881 3.149987e+02
60088 3.149987e+02
60159 3.149987e+02
60286 3.149987e+02
60315 3.149987e+02
60329 3.149987e+02
60568 3.149987e+02
60574 3.149987e+02
60609 3.149987e+02
60621 3.149987e+02
60658 3.149987e+02
60665 3.149987e+02
60756 3.149987e+02
60838 3.149987e+02
60879 3.149987e+02
60889 3.149987e+02
61035 3.149987e+02
61090 3.149987e+02
61113 3.149987e+02
61132 3.149987e+02
61250 3.149987e+02
61296 3.149987e+02
61313 3.149987e+02
61495 3.149987e+02
61582 3.149987e+02
61600 3.149987e+02
61722 3.149987e+02
61861 3.149987e+02
61928 3.149987e+02
61956 3.149987e+02
62073 3.149987e+02
62125 3.149987e+02
62154 3.149987e+02
62201 3.149987e+02
62232 3.149987e+02
62458 3.149987e+02
62521 3.149987e+02
62550 3.149987e+02
62574 3.149987e+02
62578 3.149987e+02
62595 3.149987e+02
62856 3.149987e+02
63009 3.149987e+02
63053 3.149987e+02
63083 3.149987e+02
63109 3.149987e+02
63124 3.149987e+02
63126 3.149987e+02
63191 3.149987e+02
63210 3.149987e+02
63238 3.149987e+02
63320 3.149987e+02
63335 3.149987e+02
63358 3.149987e+02
63516 3.149987e+02
63522 3.149987e+02
63677 3.149987e+02
63686 3.149987e+02
63723 3.149987e+02
63741 3.149987e+02
63797 3.149987e+02
63809 3.149987e+02
63917 3.149987e+02
63995 3.149987e+02
64016 3.149987e+02
64041 3.149987e+02
64152 3.149987e+02
64187 3.149987e+02
64264 3.149987e+02
64393 3.149987e+02
64429 3.149987e+02
64482 3.149987e+02
64631 3.149987e+02
64632 3.149987e+02
64752 3.149987e+02
64767 3.149987e+02
64800 3.149987e+02
64873 3.149987e+02
64912 3.149987e+02
64986 3.149987e+02
65206 3.149987e+02
65292 3.149987e+02
65589 3.149987e+02
65615 3.149987e+02
65619 3.149987e+02
65633 3.149987e+02
65643 3.149987e+02
65648 3.149987e+02
65861 3.149987e+02
65874 3.149987e+02
66130 3.149987e+02
66145 3.149987e+02
66218 3.149987e+02
66226 3.149987e+02
66309 3.149987e+02
66333 3.149987e+02
66395 3.149987e+02
66711 3.149987e+02
66854 3.149987e+02
66899 3.149987e+02
67015 3.149987e+02
67019 3.149987e+02
67047 3.149987e+02
67169 3.149987e+02
67233 3.149987e+02
67256 3.149987e+02
67310 3.149987e+02
67355 3.149987e+02
67379 3.149987e+02
67429 3.149987e+02
67433 3.149987e+02
67470 3.149987e+02
67480 3.149987e+02
67543 3.149987e+02
67577 3.149987e+02
67601 3.149987e+02
67649 3.149987e+02
67673 3.149987e+02
67733 3.149987e+02
67790 3.149987e+02
67824 3.149987e+02
67943 3.149987e+02
161931 3.144917e+02
161956 3.144804e+02
161973 3.144468e+02
162028 3.143744e+02
162143 3.138181e+02
162445 3.137703e+02
162567 3.132021e+02
162573 3.128684e+02
162574 3.126128e+02
162993 3.124159e+02
163051 3.119136e+02
163082 3.118619e+02
163106 3.118023e+02
163138 3.116755e+02
163200 3.116505e+02
163303 3.115365e+02
163311 3.114163e+02
163473 3.113675e+02
163504 3.113516e+02
163508 3.110422e+02
163513 3.109286e+02
163748 3.106899e+02
163927 3.104070e+02
163996 3.102646e+02
164098 3.098235e+02
164404 3.097509e+02
164530 3.097224e+02
164541 3.096512e+02
164571 3.094623e+02
164689 3.091460e+02
164841 3.090437e+02
164867 3.089099e+02
165059 3.088924e+02
165061 3.087964e+02
165185 3.086888e+02
165221 3.086797e+02
165252 3.086114e+02
165335 3.083385e+02
165471 3.083196e+02
165678 3.081926e+02
165732 3.079912e+02
165927 3.078982e+02
166106 3.078716e+02
166132 3.078422e+02
166154 3.078352e+02
166194 3.078088e+02
166200 3.076665e+02
166337 3.073849e+02
166413 3.072931e+02
166667 3.072695e+02
166768 3.071160e+02
166776 3.070304e+02
167109 3.069789e+02
167153 3.069493e+02
167199 3.068971e+02
167336 3.068684e+02
167517 3.068143e+02
167595 3.068074e+02
167620 3.068010e+02
167671 3.067903e+02
167720 3.067885e+02
167728 3.067606e+02
167795 3.067496e+02
167812 3.067390e+02
167822 3.067310e+02
167869 3.066705e+02
167952 3.066576e+02
168103 3.066355e+02
168173 3.065790e+02
168335 3.065710e+02
168422 3.065193e+02
168576 3.065059e+02
168657 3.064794e+02
168803 3.064787e+02
168841 3.064565e+02
168887 3.064456e+02
168975 3.064409e+02
168987 3.064363e+02
169044 3.063675e+02
169167 3.063564e+02
169288 3.063541e+02
169513 3.063485e+02
169564 3.063444e+02
169572 3.063135e+02
169641 3.063105e+02
169680 3.062934e+02
169791 3.062790e+02
169837 3.062662e+02
170121 3.062516e+02
170260 3.062448e+02
170345 3.062078e+02
170525 3.061707e+02
170579 3.061098e+02
171309 3.060914e+02
171573 3.060888e+02
171665 3.060805e+02
171673 3.060539e+02
171879 3.060418e+02
172040 3.060356e+02
172119 3.060317e+02
172169 3.060232e+02
172210 3.060134e+02
172287 3.060078e+02
172313 3.060001e+02
172564 3.059913e+02
172748 3.059859e+02
172842 3.059750e+02
172846 3.059688e+02
173082 3.059636e+02
173221 3.059615e+02
173232 3.059599e+02
173375 3.059591e+02
173438 3.059515e+02
173451 3.059457e+02
173544 3.059392e+02
173840 3.059337e+02
174034 3.059314e+02
174035 3.059269e+02
174140 3.059241e+02
174156 3.059230e+02
174229 3.059219e+02
174459 3.059212e+02
174476 3.059157e+02
174486 3.059141e+02
174499 3.059085e+02
174574 3.059080e+02
174636 3.059065e+02
174652 3.059029e+02
174852 3.059006e+02
175054 3.058975e+02
175104 3.058938e+02
175153 3.058931e+02
175300 3.058895e+02
175351 3.058877e+02
175388 3.058842e+02
175587 3.058823e+02
175606 3.058806e+02
175701 3.058787e+02
175728 3.058749e+02
175750 3.058699e+02
175889 3.058660e+02
176085 3.058601e+02
176258 3.058587e+02
176467 3.058559e+02
176479 3.058553e+02
176499 3.058544e+02
176525 3.058530e+02
176624 3.058499e+02
177021 3.058497e+02
177083 3.058468e+02
177377 3.058424e+02
177673 3.058419e+02
177959 3.058406e+02
178109 3.058382e+02
178199 3.058361e+02
178464 3.058356e+02
178472 3.058340e+02
178667 3.058333e+02
178693 3.058328e+02
178773 3.058308e+02
178798 3.058300e+02
179079 3.058298e+02
179243 3.058283e+02
179246 3.058283e+02
179289 3.058275e+02
179383 3.058274e+02
179399 3.058273e+02
179401 3.058269e+02
179433 3.058264e+02
179642 3.058260e+02
179832 3.058256e+02
179901 3.058249e+02
179974 3.058249e+02
180076 3.058241e+02
180231 3.058240e+02
180306 3.058237e+02
180312 3.058227e+02
180527 3.058227e+02
180592 3.058212e+02
180602 3.058212e+02
180805 3.058211e+02
181012 3.058200e+02
181164 3.058188e+02
181293 3.058187e+02
181302 3.058186e+02
181310 3.058185e+02
181520 3.058177e+02
181830 3.058177e+02
181904 3.058172e+02
182050 3.058169e+02
182116 3.058168e+02
182219 3.058164e+02
182301 3.058163e+02
182325 3.058162e+02
182356 3.058161e+02
182403 3.058158e+02
182470 3.058157e+02
182542 3.058155e+02
182562 3.058154e+02
182707 3.058147e+02
183064 3.058145e+02
183160 3.058145e+02
183195 3.058144e+02
183313 3.058143e+02
183322 3.058143e+02
183376 3.058142e+02
183429 3.058140e+02
183474 3.058140e+02
183478 3.058139e+02
183527 3.058136e+02
183664 3.058134e+02
184006 3.058133e+02
184052 3.058132e+02
184132 3.058131e+02
184197 3.058130e+02
184488 3.058129e+02
184623 3.058129e+02
184667 3.058128e+02
184672 3.058128e+02
184725 3.058127e+02
185021 3.058127e+02
185076 3.058126e+02
185103 3.058126e+02
185114 3.058125e+02
185313 3.058125e+02
185460 3.058125e+02
185543 3.058124e+02
185581 3.058122e+02
186235 3.058122e+02
186236 3.058122e+02
186260 3.058120e+02
186487 3.058120e+02
186641 3.058120e+02
186664 3.058119e+02
186821 3.058118e+02
187124 3.058117e+02
187329 3.058117e+02
187375 3.058117e+02
187520 3.058117e+02
187524 3.058117e+02
187537 3.058117e+02
187592 3.058116e+02
187608 3.058116e+02
187659 3.058116e+02
187691 3.058116e+02
187732 3.058116e+02
187780 3.058116e+02
187853 3.058115e+02
187859 3.058115e+02
187975 3.058115e+02
188112 3.058115e+02
188245 3.058114e+02
188293 3.058114e+02
188300 3.058114e+02
188304 3.058114e+02
188334 3.058114e+02
188474 3.058114e+02
188484 3.058114e+02
188580 3.058113e+02
188717 3.058113e+02
188810 3.058113e+02
188903 3.058113e+02
188920 3.058113e+02
189007 3.058112e+02
189291 3.058112e+02
189383 3.058112e+02
189400 3.058112e+02
189493 3.058112e+02
189654 3.058112e+02
189677 3.058112e+02
189701 3.058112e+02
189744 3.058112e+02
189799 3.058112e+02
189867 3.058111e+02
189934 3.058111e+02
189944 3.058111e+02
189955 3.058111e+02
190021 3.058111e+02
190033 3.058111e+02
190299 3.058111e+02
190321 3.058111e+02
190432 3.058111e+02
190497 3.058110e+02
190801 3.058110e+02
190982 3.058110e+02
191065 3.058110e+02
191086 3.058110e+02
191184 3.058110e+02
191329 3.058110e+02
191398 3.058110e+02
191506 3.058110e+02
191517 3.058110e+02
191615 3.058110e+02
191662 3.058110e+02
191675 3.058110e+02
191724 3.058110e+02
191782 3.058110e+02
191795 3.058110e+02
191951 3.058110e+02
191965 3.058110e+02
192012 3.058110e+02
192062 3.058110e+02
192094 3.058110e+02
192123 3.058109e+02
192161 3.058109e+02
192241 3.058109e+02
192245 3.058109e+02
192332 3.058109e+02
192407 3.058109e+02
192481 3.058109e+02
192537 3.058109e+02
192595 3.058109e+02
192691 3.058109e+02
192785 3.058109e+02
192795 3.058109e+02
192833 3.058109e+02
192847 3.058109e+02
192911 3.058109e+02
192981 3.058109e+02
193015 3.058109e+02
193123 3.058109e+02
193128 3.058109e+02
193176 3.058109e+02
193183 3.058109e+02
193309 3.058109e+02
193382 3.058109e+02
193530 3.058109e+02
193599 3.058109e+02
193842 3.058109e+02
193918 3.058109e+02
193923 3.058109e+02
194024 3.058109e+02
194101 3.058109e+02
194114 3.058109e+02
194283 3.058109e+02
194365 3.058109e+02
194369 3.058109e+02
194377 3.058109e+02
194393 3.058109e+02
194410 3.058109e+02
194415 3.058109e+02
194427 3.058109e+02
194438 3.058109e+02
194505 3.058109e+02
194527 3.058109e+02
194581 3.058109e+02
194676 3.058109e+02
194697 3.058109e+02
194733 3.058109e+02
194736 3.058109e+02
194788 3.058109e+02
194910 3.058109e+02
194913 3.058109e+02
194961 3.058109e+02
195167 3.058109e+02
195181 3.058109e+02
195198 3.058109e+02
195253 3.058109e+02
195325 3.058109e+02
195358 3.058109e+02
195611 3.058109e+02
195615 3.058109e+02
195623 3.058109e+02
195643 3.058109e+02
195648 3.058109e+02
195692 3.058109e+02
195773 3.058109e+02
195876 3.058109e+02
195930 3.058109e+02
195988 3.058109e+02
196005 3.058109e+02
196020 3.058109e+02
196088 3.058109e+02
196090 3.058109e+02
196226 3.058109e+02
196283 3.058109e+02
196376 3.058109e+02
196400 3.058109e+02
196440 3.058109e+02
196701 3.058109e+02
196742 3.058109e+02
196796 3.058109e+02
196992 3.058109e+02
197043 3.058109e+02
197264 3.058109e+02
197295 3.058109e+02
197358 3.058109e+02
197474 3.058109e+02
197491 3.058109e+02
197569 3.058109e+02
197571 3.058109e+02
197612 3.058109e+02
197712 3.058109e+02
197760 3.058109e+02
197804 3.058109e+02
197844 3.058109e+02
197895 3.058109e+02
197967 3.058109e+02
197976 3.058109e+02
198011 3.058109e+02
198018 3.058109e+02
198164 3.058109e+02
198262 3.058109e+02
198277 3.058109e+02
198325 3.058109e+02
198483 3.058109e+02
198484 3.058109e+02
198587 3.058109e+02
198633 3.058109e+02
198729 3.058109e+02
198838 3.058109e+02
198886 3.058109e+02
198929 3.058109e+02
198938 3.058109e+02
199038 3.058109e+02
199121 3.058109e+02
199173 3.058109e+02
199183 3.058109e+02
199194 3.058109e+02
199233 3.058109e+02
199249 3.058109e+02
199341 3.058109e+02
199481 3.058109e+02
199617 3.058109e+02
199941 3.058109e+02
200030 3.058109e+02
200103 3.058109e+02
200108 3.058109e+02
200166 3.058109e+02
200207 3.058109e+02
200227 3.058109e+02
200339 3.058109e+02
200374 3.058109e+02
200407 3.058109e+02
200434 3.058109e+02
200508 3.058109e+02
200523 3.058109e+02
200685 3.058109e+02
200757 3.058109e+02
200769 3.058109e+02
200781 3.058109e+02
201134 3.058109e+02
201354 3.058109e+02
201565 3.058109e+02
201573 3.058109e+02
201582 3.058109e+02
201601 3.058109e+02
201647 3.058109e+02
201832 3.058109e+02
201873 3.058109e+02
201947 3.058109e+02
201952 3.058109e+02
201958 3.058109e+02
201977 3.058109e+02
202006 3.058109e+02
202032 3.058109e+02
202060 3.058109e+02
202097 3.058109e+02
202201 3.058109e+02
202252 3.058109e+02
202373 3.058109e+02
202407 3.058109e+02
202469 3.058109e+02
202553 3.058109e+02
202612 3.058109e+02
202662 3.058109e+02
202794 3.058109e+02
202817 3.058109e+02
202837 3.058109e+02
202891 3.058109e+02
202899 3.058109e+02
202945 3.058109e+02
203018 3.058109e+02
203350 3.058109e+02
203458 3.058109e+02
203594 3.058109e+02
203733 3.058109e+02
203799 3.058109e+02
203945 3.058109e+02
204082 3.058109e+02
204122 3.058109e+02
204363 3.058109e+02
204386 3.058109e+02
204422 3.058109e+02
204648 3.058109e+02
204676 3.058109e+02
204695 3.058109e+02
204901 3.058109e+02
204923 3.058109e+02
204983 3.058109e+02
204987 3.058109e+02
205035 3.058109e+02
205104 3.058109e+02
205279 3.058109e+02
205290 3.058109e+02
205294 3.058109e+02
205295 3.058109e+02
205375 3.058109e+02
205504 3.058109e+02
205610 3.058109e+02
205613 3.058109e+02
205633 3.058109e+02
205639 3.058109e+02
205926 3.058109e+02
205996 3.058109e+02
206028 3.058109e+02
206070 3.058109e+02
206085 3.058109e+02
206096 3.058109e+02
206295 3.058109e+02
206325 3.058109e+02
206410 3.058109e+02
206471 3.058109e+02
206488 3.058109e+02
206647 3.058109e+02
206714 3.058109e+02
206819 3.058109e+02
207302 3.058109e+02
207331 3.058109e+02
207479 3.058109e+02
207548 3.058109e+02
207630 3.058109e+02
207664 3.058109e+02
207700 3.058109e+02
207741 3.058109e+02
207778 3.058109e+02
207790 3.058109e+02
207921 3.058109e+02
207962 3.058109e+02
208093 3.058109e+02
208095 3.058109e+02
208096 3.058109e+02
208181 3.058109e+02
208203 3.058109e+02
208258 3.058109e+02
208355 3.058109e+02
208387 3.058109e+02
208404 3.058109e+02
208512 3.058109e+02
208543 3.058109e+02
208654 3.058109e+02
208716 3.058109e+02
208736 3.058109e+02
208756 3.058109e+02
208826 3.058109e+02
208861 3.058109e+02
208911 3.058109e+02
209191 3.058109e+02
209247 3.058109e+02
209320 3.058109e+02
209419 3.058109e+02
209504 3.058109e+02
209568 3.058109e+02
209606 3.058109e+02
209666 3.058109e+02
209726 3.058109e+02
209731 3.058109e+02
209787 3.058109e+02
209826 3.058109e+02
209932 3.058109e+02
209952 3.058109e+02
209964 3.058109e+02
210035 3.058109e+02
210084 3.058109e+02
210160 3.058109e+02
210192 3.058109e+02
210265 3.058109e+02
210347 3.058109e+02
210398 3.058109e+02
210477 3.058109e+02
210524 3.058109e+02
210574 3.058109e+02
210608 3.058109e+02
210656 3.058109e+02
210717 3.058109e+02
210753 3.058109e+02
210824 3.058109e+02
210869 3.058109e+02
210905 3.058109e+02
210931 3.058109e+02
210985 3.058109e+02
210995 3.058109e+02
211029 3.058109e+02
211082 3.058109e+02
211137 3.058109e+02
211155 3.058109e+02
211166 3.058109e+02
211222 3.058109e+02
211226 3.058109e+02
211263 3.058109e+02
211298 3.058109e+02
211558 3.058109e+02
211630 3.058109e+02
211651 3.058109e+02
211737 3.058109e+02
211743 3.058109e+02
211791 3.058109e+02
211891 3.058109e+02
211962 3.058109e+02
212015 3.058109e+02
212064 3.058109e+02
212124 3.058109e+02
212151 3.058109e+02
212172 3.058109e+02
212456 3.058109e+02
212496 3.058109e+02
212498 3.058109e+02
212528 3.058109e+02
212655 3.058109e+02
212680 3.058109e+02
212685 3.058109e+02
212755 3.058109e+02
212865 3.058109e+02
213006 3.058109e+02
213059 3.058109e+02
250659 3.044423e+02
251068 3.040218e+02
251140 3.032091e+02
252582 3.023168e+02
252638 3.017993e+02
252731 3.017037e+02
252828 3.016119e+02
252949 3.013637e+02
253317 3.007453e+02
253827 3.007444e+02
254661 3.006614e+02
254729 3.005971e+02
254785 2.998727e+02
255317 2.986750e+02
255596 2.982537e+02
255635 2.980452e+02
256193 2.979328e+02
256242 2.978131e+02
256325 2.972713e+02
256525 2.969219e+02
256926 2.966825e+02
257031 2.964796e+02
257452 2.956061e+02
257698 2.952048e+02
258151 2.949517e+02
258240 2.948684e+02
258457 2.948625e+02
258512 2.943448e+02
259047 2.941972e+02
259275 2.941423e+02
259479 2.941220e+02
259535 2.937583e+02
259599 2.936705e+02
260278 2.933988e+02
260819 2.933941e+02
260988 2.933881e+02
261083 2.928098e+02
261528 2.927804e+02
261552 2.926992e+02
261609 2.925304e+02
262359 2.924408e+02
262446 2.921904e+02
263053 2.921542e+02
263091 2.920416e+02
263711 2.920083e+02
263734 2.918691e+02
263760 2.918588e+02
263831 2.916115e+02
264107 2.915606e+02
264109 2.913267e+02
264155 2.912892e+02
264166 2.911040e+02
264434 2.910694e+02
264652 2.910421e+02
264693 2.909385e+02
264701 2.908085e+02
264729 2.908082e+02
264847 2.908068e+02
264861 2.907803e+02
265031 2.907171e+02
265065 2.905980e+02
265213 2.905901e+02
265509 2.905860e+02
265574 2.904934e+02
265583 2.904554e+02
265645 2.904444e+02
265896 2.901592e+02
266758 2.900874e+02
267043 2.900539e+02
267202 2.898694e+02
267650 2.898249e+02
267745 2.896992e+02
267950 2.896892e+02
267982 2.896121e+02
268198 2.893578e+02
268726 2.893447e+02
268921 2.892832e+02
268943 2.891607e+02
269055 2.891330e+02
269354 2.891319e+02
269536 2.890879e+02
269704 2.890324e+02
269757 2.889528e+02
270052 2.888892e+02
270297 2.887864e+02
271030 2.886239e+02
271154 2.885956e+02
271317 2.885631e+02
271402 2.885082e+02
271828 2.884926e+02
272526 2.884679e+02
272563 2.884397e+02
272565 2.883664e+02
272625 2.883342e+02
273023 2.883242e+02
273126 2.882508e+02
273251 2.881962e+02
273336 2.881507e+02
273582 2.881493e+02
273755 2.881340e+02
273869 2.881247e+02
274014 2.881125e+02
274530 2.880766e+02
274690 2.880536e+02
274739 2.880405e+02
275292 2.880402e+02
275401 2.880283e+02
275493 2.879512e+02
275595 2.879398e+02
276383 2.879091e+02
276525 2.878948e+02
277050 2.878743e+02
277172 2.878405e+02
277234 2.877908e+02
277441 2.877886e+02
277464 2.877649e+02
277578 2.877491e+02
277587 2.877488e+02
277649 2.876831e+02
277651 2.876828e+02
277776 2.876622e+02
277865 2.876501e+02
278002 2.875838e+02
278250 2.875728e+02
278333 2.875670e+02
278397 2.875508e+02
278539 2.875416e+02
278636 2.874752e+02
278774 2.874674e+02
278831 2.874567e+02
278870 2.873967e+02
279414 2.873850e+02
279594 2.873740e+02
279757 2.873642e+02
279850 2.873438e+02
280103 2.873203e+02
280438 2.873051e+02
280510 2.872744e+02
280521 2.872679e+02
280548 2.872650e+02
280774 2.872594e+02
280840 2.872476e+02
280983 2.872193e+02
281149 2.872174e+02
281185 2.872142e+02
281189 2.872048e+02
281229 2.871880e+02
281231 2.871845e+02
281323 2.871815e+02
281425 2.871631e+02
281495 2.871494e+02
281596 2.871450e+02
282150 2.871448e+02
282504 2.871227e+02
282542 2.870881e+02
283495 2.870804e+02
283536 2.870671e+02
283557 2.870482e+02
283583 2.870439e+02
283746 2.870368e+02
284377 2.870277e+02
284611 2.870167e+02
285000 2.870165e+02
285164 2.870129e+02
285176 2.869690e+02
285684 2.869626e+02
285687 2.869546e+02
285729 2.869402e+02
285763 2.869328e+02
286026 2.869244e+02
286631 2.869219e+02
286691 2.869196e+02
286699 2.869042e+02
286771 2.868989e+02
286833 2.868921e+02
286929 2.868879e+02
287077 2.868864e+02
287195 2.868835e+02
287251 2.868741e+02
287287 2.868568e+02
287803 2.868520e+02
287917 2.868455e+02
287925 2.868342e+02
288015 2.868269e+02
288701 2.868226e+02
289004 2.868221e+02
289592 2.868206e+02
289629 2.868104e+02
289998 2.868056e+02
290012 2.868029e+02
290144 2.867955e+02
290351 2.867926e+02
290565 2.867871e+02
290660 2.867833e+02
290683 2.867828e+02
290768 2.867767e+02
290903 2.867728e+02
291169 2.867716e+02
291186 2.867583e+02
291617 2.867554e+02
291986 2.867539e+02
292172 2.867508e+02
292209 2.867484e+02
292251 2.867447e+02
292351 2.867410e+02
292444 2.867293e+02
293093 2.867282e+02
293226 2.867276e+02
293336 2.867265e+02
293399 2.867257e+02
293570 2.867199e+02
293578 2.867182e+02
293718 2.867153e+02
294092 2.867122e+02
294429 2.867116e+02
294434 2.867052e+02
294775 2.866990e+02
295523 2.866982e+02
295644 2.866956e+02
295810 2.866942e+02
296295 2.866926e+02
296341 2.866909e+02
296359 2.866898e+02
296413 2.866895e+02
296752 2.866892e+02
296952 2.866834e+02
297380 2.866800e+02
298121 2.866784e+02
298389 2.866784e+02
298705 2.866761e+02
298856 2.866748e+02
299161 2.866747e+02
299825 2.866736e+02
300309 2.866712e+02
300713 2.866670e+02
301192 2.866659e+02
301431 2.866622e+02
301807 2.866607e+02
302528 2.866601e+02
302778 2.866583e+02
303050 2.866567e+02
303105 2.866563e+02
303696 2.866555e+02
303817 2.866549e+02
303911 2.866545e+02
304236 2.866524e+02
304843 2.866502e+02
305572 2.866497e+02
305848 2.866492e+02
305897 2.866491e+02
306461 2.866491e+02
306484 2.866469e+02
306851 2.866455e+02
307160 2.866453e+02
307784 2.866453e+02
307802 2.866452e+02
307879 2.866450e+02
307986 2.866444e+02
308033 2.866443e+02
308053 2.866434e+02
308675 2.866422e+02
309296 2.866413e+02
309803 2.866412e+02
309848 2.866409e+02
309860 2.866405e+02
309934 2.866404e+02
310014 2.866382e+02
311907 2.866381e+02
311939 2.866379e+02
311975 2.866369e+02
312366 2.866365e+02
312929 2.866361e+02
313163 2.866358e+02
313439 2.866355e+02
313842 2.866350e+02
313886 2.866348e+02
314055 2.866341e+02
314488 2.866341e+02
315104 2.866340e+02
315481 2.866339e+02
315759 2.866338e+02
315809 2.866335e+02
315957 2.866334e+02
316100 2.866334e+02
316231 2.866334e+02
316319 2.866331e+02
316367 2.866329e+02
316449 2.866329e+02
316714 2.866325e+02
316828 2.866325e+02
317245 2.866323e+02
317468 2.866319e+02
317474 2.866318e+02
317600 2.866316e+02
318388 2.866315e+02
318534 2.866309e+02
319100 2.866308e+02
319217 2.866308e+02
319296 2.866308e+02
319316 2.866302e+02
319706 2.866300e+02
319937 2.866299e+02
320063 2.866298e+02
320290 2.866298e+02
320496 2.866297e+02
320815 2.866296e+02
320935 2.866296e+02
321205 2.866294e+02
321479 2.866294e+02
321590 2.866294e+02
321622 2.866294e+02
321663 2.866292e+02
321724 2.866292e+02
321836 2.866291e+02
321846 2.866289e+02
322148 2.866289e+02
322232 2.866288e+02
322332 2.866285e+02
322524 2.866284e+02
322538 2.866283e+02
322803 2.866283e+02
322862 2.866283e+02
322969 2.866283e+02
323005 2.866282e+02
323107 2.866282e+02
323195 2.866282e+02
323241 2.866281e+02
323603 2.866279e+02
323997 2.866278e+02
324074 2.866277e+02
324790 2.866275e+02
325662 2.866274e+02
325694 2.866274e+02
325817 2.866273e+02
326012 2.866273e+02
326120 2.866272e+02
326306 2.866271e+02
326469 2.866271e+02
326557 2.866271e+02
326672 2.866269e+02
328519 2.866269e+02
328546 2.866267e+02
329352 2.866266e+02
329630 2.866266e+02
329716 2.866266e+02
329725 2.866265e+02
329746 2.866265e+02
330690 2.866265e+02
330907 2.866264e+02
330974 2.866264e+02
330984 2.866264e+02
331055 2.866263e+02
331115 2.866263e+02
331152 2.866262e+02
331192 2.866261e+02
333260 2.866261e+02
333561 2.866261e+02
333580 2.866260e+02
334111 2.866259e+02
334801 2.866259e+02
334888 2.866258e+02
334895 2.866258e+02
335014 2.866258e+02
335590 2.866257e+02
336115 2.866256e+02
336551 2.866256e+02
336934 2.866256e+02
337017 2.866256e+02
337042 2.866255e+02
337370 2.866255e+02
337373 2.866255e+02
337381 2.866255e+02
337441 2.866255e+02
337676 2.866255e+02
337859 2.866255e+02
338059 2.866255e+02
338087 2.866254e+02
338284 2.866254e+02
338733 2.866254e+02
338850 2.866254e+02
338919 2.866254e+02
339033 2.866254e+02
339302 2.866254e+02
339348 2.866254e+02
339380 2.866254e+02
339451 2.866253e+02
339607 2.866253e+02
339636 2.866253e+02
340339 2.866253e+02
340846 2.866253e+02
340938 2.866253e+02
341097 2.866252e+02
341142 2.866252e+02
341969 2.866252e+02
342845 2.866252e+02
343750 2.866252e+02
343990 2.866252e+02
344036 2.866251e+02
344936 2.866251e+02
345158 2.866251e+02
345276 2.866251e+02
345301 2.866251e+02
345646 2.866251e+02
345790 2.866251e+02
345883 2.866251e+02
345914 2.866250e+02
346181 2.866250e+02
346260 2.866250e+02
347512 2.866250e+02
347529 2.866250e+02
347607 2.866249e+02
348179 2.866249e+02
348346 2.866249e+02
348492 2.866249e+02
348596 2.866249e+02
348714 2.866249e+02
349213 2.866249e+02
349364 2.866249e+02
349459 2.866249e+02
349638 2.866249e+02
349663 2.866249e+02
349947 2.866249e+02
350015 2.866249e+02
350200 2.866249e+02
350367 2.866249e+02
350381 2.866248e+02
350526 2.866248e+02
350938 2.866248e+02
350944 2.866248e+02
351131 2.866248e+02
351188 2.866248e+02
351442 2.866248e+02
351694 2.866248e+02
351816 2.866248e+02
352124 2.866248e+02
352207 2.866248e+02
352263 2.866248e+02
352280 2.866248e+02
352446 2.866248e+02
353017 2.866248e+02
353457 2.866248e+02
353900 2.866248e+02
353977 2.866248e+02
354069 2.866248e+02
354071 2.866247e+02
354204 2.866247e+02
354779 2.866247e+02
355046 2.866247e+02
355141 2.866247e+02
355400 2.866247e+02
356263 2.866247e+02
356322 2.866247e+02
356473 2.866247e+02
356486 2.866247e+02
356521 2.866247e+02
356818 2.866247e+02
356968 2.866247e+02
357006 2.866247e+02
357023 2.866247e+02
357034 2.866247e+02
357098 2.866247e+02
357178 2.866247e+02
357180 2.866247e+02
357347 2.866247e+02
357439 2.866247e+02
357504 2.866247e+02
357639 2.866247e+02
357669 2.866247e+02
357682 2.866247e+02
357825 2.866247e+02
357908 2.866247e+02
358416 2.866247e+02
358659 2.866247e+02
358754 2.866247e+02
358761 2.866247e+02
358841 2.866247e+02
359280 2.866247e+02
359412 2.866247e+02
359545 2.866247e+02
359680 2.866247e+02
359722 2.866247e+02
359772 2.866247e+02
359845 2.866247e+02
359925 2.866247e+02
359998 2.866247e+02
360011 2.866247e+02
360160 2.866247e+02
360161 2.866247e+02
360231 2.866247e+02
360236 2.866247e+02
360254 2.866247e+02
360279 2.866247e+02
360487 2.866247e+02
360566 2.866247e+02
361223 2.866247e+02
361246 2.866247e+02
361262 2.866247e+02
361292 2.866247e+02
361726 2.866247e+02
362140 2.866247e+02
362157 2.866247e+02
362158 2.866247e+02
362453 2.866247e+02
362527 2.866247e+02
362927 2.866247e+02
363373 2.866247e+02
363867 2.866247e+02
364532 2.866247e+02
364601 2.866247e+02
366591 2.866247e+02
366603 2.866247e+02
367476 2.866247e+02
369328 2.866247e+02
369441 2.866247e+02
369820 2.866247e+02
370092 2.866247e+02
370192 2.866247e+02
370369 2.866247e+02
372453 2.866247e+02
372944 2.866247e+02
373212 2.866247e+02
373529 2.866247e+02
373622 2.866247e+02
374422 2.866247e+02
374529 2.866247e+02
374613 2.866247e+02
374657 2.866247e+02
374677 2.866247e+02
374863 2.866247e+02
375013 2.866247e+02
375188 2.866247e+02
375417 2.866247e+02
375501 2.866247e+02
375550 2.866247e+02
375892 2.866247e+02
375946 2.866247e+02
376011 2.866247e+02
376377 2.866247e+02
376515 2.866247e+02
377721 2.866247e+02
378250 2.866247e+02
378260 2.866247e+02
378340 2.866247e+02
378380 2.866247e+02
378526 2.866247e+02
378558 2.866247e+02
378730 2.866247e+02
378869 2.866247e+02
379186 2.866247e+02
379409 2.866247e+02
379549 2.866247e+02
379585 2.866247e+02
379602 2.866247e+02
379627 2.866247e+02
379742 2.866247e+02
379829 2.866247e+02
379843 2.866247e+02
379977 2.866247e+02
380001 2.866247e+02
380339 2.866247e+02
380440 2.866247e+02
380463 2.866247e+02
380465 2.866247e+02
380563 2.866247e+02
380589 2.866247e+02
380603 2.866247e+02
380704 2.866247e+02
380773 2.866247e+02
380901 2.866247e+02
381221 2.866247e+02
381332 2.866247e+02
381367 2.866247e+02
381388 2.866247e+02
381452 2.866247e+02
381552 2.866247e+02
381699 2.866247e+02
381841 2.866247e+02
381842 2.866247e+02
381979 2.866247e+02
382010 2.866247e+02
382018 2.866247e+02
382070 2.866247e+02
382101 2.866247e+02
382236 2.866247e+02
382331 2.866247e+02
382370 2.866247e+02
382536 2.866247e+02
382646 2.866247e+02
382673 2.866247e+02
382843 2.866247e+02
383063 2.866247e+02
383330 2.866247e+02
383370 2.866247e+02
383434 2.866247e+02
383513 2.866247e+02
383688 2.866247e+02
383727 2.866247e+02
383734 2.866247e+02
383848 2.866247e+02
383970 2.866247e+02
384167 2.866247e+02
384224 2.866247e+02
384317 2.866247e+02
384448 2.866247e+02
384643 2.866247e+02
384650 2.866247e+02
384837 2.866247e+02
384925 2.866247e+02
385035 2.866247e+02
385414 2.866247e+02
385483 2.866247e+02
385509 2.866247e+02
385522 2.866247e+02
385580 2.866247e+02
385583 2.866247e+02
385683 2.866247e+02
385690 2.866247e+02
385699 2.866247e+02
385711 2.866247e+02
385714 2.866247e+02
385716 2.866247e+02
385763 2.866247e+02
385777 2.866247e+02
385919 2.866247e+02
386112 2.866247e+02
386198 2.866247e+02
386330 2.866247e+02
386369 2.866247e+02
386370 2.866247e+02
386563 2.866247e+02
386621 2.866247e+02
386647 2.866247e+02
386913 2.866247e+02
386939 2.866247e+02
387241 2.866247e+02
387302 2.866247e+02
387370 2.866247e+02
387430 2.866247e+02
387447 2.866247e+02
387620 2.866247e+02
387849 2.866247e+02
388274 2.866247e+02
388544 2.866247e+02
388743 2.866247e+02
388759 2.866247e+02
389182 2.866247e+02
389218 2.866247e+02
389271 2.866247e+02
389315 2.866247e+02
389331 2.866247e+02
389379 2.866247e+02
389706 2.866247e+02
389749 2.866247e+02
389858 2.866247e+02
389861 2.866247e+02
390213 2.866247e+02
390335 2.866247e+02
390619 2.866247e+02
390722 2.866247e+02
390893 2.866247e+02
390910 2.866247e+02
391072 2.866247e+02
391115 2.866247e+02
391208 2.866247e+02
391310 2.866247e+02
391322 2.866247e+02
391414 2.866247e+02
391631 2.866247e+02
391651 2.866247e+02
391715 2.866247e+02
391727 2.866247e+02
391897 2.866247e+02
391911 2.866247e+02
391919 2.866247e+02
391956 2.866247e+02
391970 2.866247e+02
392015 2.866247e+02
392066 2.866247e+02
392262 2.866247e+02
392276 2.866247e+02
