1 1.055080e+05
2 4.049023e+04
4 1.152908e+04
9 6.141400e+02
16 6.117525e+02
18 3.617898e+02
27 3.504537e+02
35 3.446506e+02
45 3.428146e+02
62 3.274344e+02
665 3.249673e+02
763 3.248153e+02
823 3.237665e+02
1048 3.187080e+02
1295 3.184121e+02
1330 3.182380e+02
1355 3.181167e+02
1378 3.179590e+02
1416 3.162796e+02
1504 3.159185e+02
1517 3.156316e+02
1542 3.153336e+02
1632 3.152148e+02
1668 3.150522e+02
1682 3.149943e+02
1710 3.146241e+02
1764 3.145719e+02
1801 3.145717e+02
1802 3.145224e+02
1821 3.143869e+02
1835 3.141763e+02
1890 3.140255e+02
1964 3.139740e+02
1968 3.137622e+02
2027 3.134180e+02
2081 3.133898e+02
2134 3.130913e+02
2143 3.130516e+02
2159 3.129880e+02
2185 3.128281e+02
2250 3.128268e+02
2253 3.126094e+02
2327 3.125981e+02
2358 3.125704e+02
2366 3.124542e+02
2384 3.123883e+02
2410 3.123170e+02
2509 3.122862e+02
2545 3.122100e+02
2621 3.121850e+02
2625 3.120994e+02
2694 3.120149e+02
2731 3.118790e+02
2848 3.118725e+02
2850 3.117805e+02
2928 3.117643e+02
2959 3.117225e+02
3020 3.117081e+02
3098 3.117073e+02
3100 3.117058e+02
3115 3.116570e+02
3116 3.116511e+02
3184 3.115989e+02
3254 3.115969e+02
3311 3.115832e+02
3345 3.115785e+02
3373 3.115783e+02
3411 3.115729e+02
3460 3.115699e+02
3467 3.115687e+02
3489 3.115486e+02
3504 3.115372e+02
3583 3.115305e+02
3585 3.115214e+02
3640 3.115213e+02
3660 3.115202e+02
3711 3.115150e+02
3719 3.115068e+02
3810 3.115018e+02
3830 3.114991e+02
3839 3.114884e+02
3945 3.114842e+02
3963 3.114821e+02
3982 3.114794e+02
4062 3.114754e+02
4063 3.114745e+02
4169 3.114693e+02
4251 3.114659e+02
4268 3.114645e+02
4287 3.114643e+02
4356 3.114639e+02
4366 3.114622e+02
4496 3.114617e+02
4579 3.114615e+02
4586 3.114612e+02
4587 3.114608e+02
4589 3.114575e+02
4724 3.114575e+02
4826 3.114569e+02
4848 3.114562e+02
4875 3.114561e+02
4885 3.114552e+02
4976 3.114551e+02
4978 3.114549e+02
5009 3.114548e+02
5040 3.114546e+02
5064 3.114541e+02
5092 3.114539e+02
5169 3.114538e+02
5272 3.114536e+02
5287 3.114534e+02
5367 3.114533e+02
5437 3.114533e+02
5453 3.114533e+02
5457 3.114532e+02
5518 3.114531e+02
5527 3.114530e+02
5630 3.114529e+02
5656 3.114529e+02
5661 3.114529e+02
5688 3.114529e+02
5722 3.114528e+02
5782 3.114528e+02
5801 3.114527e+02
5953 3.114527e+02
5998 3.114527e+02
6001 3.114527e+02
6018 3.114526e+02
6039 3.114526e+02
6052 3.114526e+02
6067 3.114526e+02
6077 3.114526e+02
6159 3.114526e+02
6175 3.114526e+02
6258 3.114526e+02
6274 3.114526e+02
6302 3.114526e+02
6386 3.114525e+02
6481 3.114525e+02
6483 3.114525e+02
6566 3.114525e+02
6603 3.114525e+02
6683 3.114525e+02
6729 3.114525e+02
6730 3.114525e+02
6749 3.114525e+02
6815 3.114525e+02
6858 3.114525e+02
6891 3.114525e+02
6919 3.114525e+02
6928 3.114525e+02
6958 3.114525e+02
6959 3.114525e+02
7025 3.114525e+02
7061 3.114525e+02
7085 3.114525e+02
7133 3.114525e+02
7151 3.114525e+02
7230 3.114525e+02
7255 3.114525e+02
7270 3.114525e+02
7280 3.114525e+02
7297 3.114525e+02
7304 3.114525e+02
7375 3.114525e+02
7408 3.114525e+02
7446 3.114525e+02
7492 3.114525e+02
7531 3.114525e+02
7546 3.114525e+02
7573 3.114525e+02
7590 3.114525e+02
7610 3.114525e+02
7705 3.114525e+02
7744 3.114525e+02
7792 3.114525e+02
7812 3.114525e+02
7837 3.114525e+02
7878 3.114525e+02
7902 3.114525e+02
7972 3.114525e+02
8093 3.114525e+02
8103 3.114525e+02
8144 3.114525e+02
8208 3.114525e+02
8233 3.114525e+02
8235 3.114525e+02
8323 3.114525e+02
8338 3.114525e+02
8361 3.114525e+02
8382 3.114525e+02
8397 3.114525e+02
8467 3.114525e+02
8477 3.114525e+02
8501 3.114525e+02
8504 3.114525e+02
8542 2.721256e+02
8728 2.546401e+02
9158 2.171260e+02
15200 2.141898e+02
15208 2.067530e+02
15234 2.004907e+02
15235 2.004907e+02
15238 2.004907e+02
15241 2.004907e+02
15244 2.004907e+02
15247 2.004907e+02
15250 2.004907e+02
15253 2.004907e+02
15256 2.004907e+02
15259 2.004907e+02
15262 2.004907e+02
15265 2.004907e+02
15268 2.004907e+02
15271 2.004907e+02
15274 2.004907e+02
15277 2.004907e+02
15280 2.004907e+02
15283 2.004907e+02
15286 2.004907e+02
15289 2.004907e+02
15292 2.004907e+02
15295 2.004907e+02
15298 2.004907e+02
15301 2.004907e+02
15304 2.004907e+02
15307 2.004907e+02
15310 2.004907e+02
15313 2.004907e+02
15316 2.004907e+02
15319 2.004907e+02
15322 2.004907e+02
15426 1.993443e+02
15427 1.993443e+02
15430 1.993443e+02
15433 1.993443e+02
15436 1.993443e+02
15439 1.993443e+02
15442 1.993443e+02
15480 1.990942e+02
15488 1.987769e+02
15490 1.924389e+02
15495 1.903270e+02
15500 1.809726e+02
15501 1.809726e+02
15504 1.809726e+02
15507 1.809726e+02
15510 1.809726e+02
15511 1.788972e+02
15512 1.788972e+02
15513 1.744521e+02
15514 1.744521e+02
15517 1.744521e+02
15520 1.744521e+02
15522 1.736440e+02
15527 1.690134e+02
15528 1.690134e+02
15531 1.690134e+02
15534 1.690134e+02
15535 1.623666e+02
15559 1.620101e+02
15568 1.618782e+02
15569 1.618782e+02
15570 1.615764e+02
15571 1.615764e+02
15574 1.615764e+02
15577 1.615764e+02
15580 1.615764e+02
15583 1.615764e+02
15586 1.615764e+02
15589 1.615764e+02
15592 1.615764e+02
15595 1.615764e+02
15780 1.599030e+02
15781 1.599030e+02
15784 1.599030e+02
15787 1.599030e+02
15790 1.599030e+02
15793 1.599030e+02
15796 1.599030e+02
15799 1.599030e+02
15802 1.599030e+02
15805 1.599030e+02
15808 1.599030e+02
15811 1.599030e+02
15814 1.599030e+02
15817 1.599030e+02
15820 1.599030e+02
15823 1.599030e+02
15826 1.599030e+02
15829 1.599030e+02
15830 1.592393e+02
15847 1.587154e+02
15877 1.581142e+02
15878 1.581142e+02
15881 1.581142e+02
15884 1.581142e+02
15887 1.581142e+02
15890 1.581142e+02
15893 1.581142e+02
15896 1.581142e+02
15899 1.581142e+02
15902 1.581142e+02
15905 1.581142e+02
16129 1.580616e+02
16152 1.580035e+02
16182 1.579286e+02
16183 1.579286e+02
16186 1.579286e+02
16189 1.579286e+02
16192 1.579286e+02
16195 1.579286e+02
16198 1.579286e+02
16201 1.579286e+02
16204 1.579286e+02
16207 1.579286e+02
16210 1.579286e+02
16213 1.579286e+02
16216 1.579286e+02
16219 1.579286e+02
16222 1.579286e+02
16225 1.579286e+02
16228 1.579286e+02
16231 1.579286e+02
16234 1.579286e+02
16237 1.579286e+02
16240 1.579286e+02
16243 1.579286e+02
16246 1.579286e+02
16249 1.579286e+02
16252 1.579286e+02
16255 1.579286e+02
16258 1.579286e+02
16261 1.579286e+02
16264 1.579286e+02
16267 1.579286e+02
16270 1.579286e+02
16273 1.579286e+02
16276 1.579286e+02
16279 1.579286e+02
16282 1.579286e+02
16285 1.579286e+02
16288 1.579286e+02
16291 1.579286e+02
16294 1.579286e+02
16297 1.579286e+02
16300 1.579286e+02
16303 1.579286e+02
16306 1.579286e+02
16309 1.579286e+02
16312 1.579286e+02
16315 1.579286e+02
16318 1.579286e+02
16321 1.579286e+02
16324 1.579286e+02
16327 1.579286e+02
16330 1.579286e+02
16333 1.579286e+02
16336 1.579286e+02
16339 1.579286e+02
16342 1.579286e+02
16345 1.579286e+02
16348 1.579286e+02
16351 1.579286e+02
16354 1.579286e+02
16357 1.579286e+02
16360 1.579286e+02
16363 1.579286e+02
16366 1.579286e+02
16369 1.579286e+02
16372 1.579286e+02
16375 1.579286e+02
16378 1.579286e+02
16381 1.579286e+02
16384 1.579286e+02
16387 1.579286e+02
16390 1.579286e+02
16393 1.579286e+02
16396 1.579286e+02
16399 1.579286e+02
16402 1.579286e+02
16405 1.579286e+02
16408 1.579286e+02
16411 1.579286e+02
16414 1.579286e+02
16417 1.579286e+02
16420 1.579286e+02
16423 1.579286e+02
16426 1.579286e+02
16429 1.579286e+02
16432 1.579286e+02
16435 1.579286e+02
16438 1.579286e+02
16441 1.579286e+02
16444 1.579286e+02
16447 1.579286e+02
16450 1.579286e+02
16453 1.579286e+02
16456 1.579286e+02
16457 1.579107e+02
16483 1.578605e+02
16756 1.578437e+02
16757 1.578437e+02
16760 1.578437e+02
16763 1.578437e+02
16766 1.578437e+02
16769 1.578437e+02
16772 1.578437e+02
16775 1.578437e+02
16778 1.578437e+02
16781 1.578437e+02
16783 1.578360e+02
19155 1.573873e+02
19156 1.573873e+02
19177 1.573873e+02
19261 1.573873e+02
19311 1.527632e+02
19329 1.467012e+02
19330 1.467012e+02
19333 1.467012e+02
19335 1.457776e+02
19352 1.441547e+02
19353 1.441547e+02
19356 1.441547e+02
19359 1.441547e+02
19362 1.441547e+02
19365 1.441547e+02
19367 1.425314e+02
19368 1.425314e+02
19371 1.425314e+02
19374 1.425314e+02
19376 1.422745e+02
19382 1.414879e+02
19391 1.388509e+02
19392 1.388509e+02
19395 1.388509e+02
19398 1.388509e+02
19401 1.388509e+02
19404 1.388509e+02
19407 1.388509e+02
19410 1.388509e+02
19413 1.388509e+02
19416 1.388509e+02
19419 1.388509e+02
19422 1.388509e+02
19425 1.388509e+02
19428 1.388509e+02
19431 1.388509e+02
19434 1.388509e+02
19437 1.388509e+02
19439 1.386270e+02
19440 1.386270e+02
19443 1.386270e+02
19444 1.351364e+02
19445 1.351364e+02
19448 1.351364e+02
19451 1.351364e+02
19454 1.351364e+02
19457 1.351364e+02
19460 1.351364e+02
19469 1.351364e+02
19472 1.351364e+02
19475 1.351364e+02
19478 1.351364e+02
19481 1.351364e+02
19635 1.345704e+02
19641 1.330989e+02
19665 1.323133e+02
19727 1.315715e+02
19728 1.315715e+02
19731 1.315715e+02
19734 1.315715e+02
19737 1.315715e+02
19738 1.305315e+02
19741 1.292840e+02
19742 1.292840e+02
19745 1.292840e+02
19746 1.280026e+02
19747 1.280026e+02
19749 1.269122e+02
19750 1.269122e+02
19753 1.269122e+02
19756 1.269122e+02
19967 1.266471e+02
19968 1.266471e+02
19971 1.266471e+02
19974 1.266471e+02
19976 1.264238e+02
19979 1.263691e+02
19988 1.263425e+02
19989 1.263425e+02
19992 1.263425e+02
19995 1.263425e+02
19997 1.262909e+02
19998 1.262909e+02
20001 1.262909e+02
20004 1.262909e+02
20007 1.262909e+02
20010 1.262909e+02
20013 1.262909e+02
20016 1.262909e+02
20019 1.262909e+02
20022 1.262909e+02
20025 1.262909e+02
20028 1.262909e+02
20269 1.258868e+02
20274 1.258714e+02
20275 1.258714e+02
20276 1.254941e+02
20303 1.253284e+02
20304 1.253284e+02
20307 1.253284e+02
20310 1.253284e+02
20313 1.253284e+02
20316 1.253284e+02
20319 1.253284e+02
20322 1.253284e+02
20325 1.253284e+02
20328 1.253284e+02
20331 1.253284e+02
20334 1.253284e+02
20337 1.253284e+02
20340 1.253284e+02
20343 1.253284e+02
20346 1.253284e+02
20349 1.253284e+02
20352 1.253284e+02
20355 1.253284e+02
20358 1.253284e+02
20361 1.253284e+02
20364 1.253284e+02
20367 1.253284e+02
20370 1.253284e+02
20373 1.253284e+02
20376 1.253284e+02
20379 1.253284e+02
20382 1.253284e+02
20385 1.253284e+02
20388 1.253284e+02
20391 1.253284e+02
20394 1.253284e+02
20397 1.253284e+02
20400 1.253284e+02
20403 1.253284e+02
20406 1.253284e+02
20409 1.253284e+02
20412 1.253284e+02
20415 1.253284e+02
20418 1.253284e+02
20421 1.253284e+02
20424 1.253284e+02
20427 1.253284e+02
20430 1.253284e+02
20433 1.253284e+02
20436 1.253284e+02
20439 1.253284e+02
20442 1.253284e+02
20445 1.253284e+02
20448 1.253284e+02
20451 1.253284e+02
20454 1.253284e+02
20457 1.253284e+02
20460 1.253284e+02
20463 1.253284e+02
20466 1.253284e+02
20469 1.253284e+02
20472 1.253284e+02
20475 1.253284e+02
20478 1.253284e+02
20481 1.253284e+02
20484 1.253284e+02
20487 1.253284e+02
20490 1.253284e+02
20493 1.253284e+02
20496 1.253284e+02
20499 1.253284e+02
20502 1.253284e+02
20505 1.253284e+02
20508 1.253284e+02
20511 1.253284e+02
20514 1.253284e+02
20517 1.253284e+02
20520 1.253284e+02
20523 1.253284e+02
20526 1.253284e+02
20529 1.253284e+02
20532 1.253284e+02
20535 1.253284e+02
20538 1.253284e+02
20541 1.253284e+02
20544 1.253284e+02
20547 1.253284e+02
20550 1.253284e+02
20553 1.253284e+02
20556 1.253284e+02
20559 1.253284e+02
20562 1.253284e+02
20565 1.253284e+02
20568 1.253284e+02
20571 1.253284e+02
20574 1.253284e+02
20577 1.253284e+02
20580 1.253284e+02
20583 1.253284e+02
20586 1.253284e+02
20587 1.252817e+02
20588 1.252817e+02
20589 1.251891e+02
20597 1.251164e+02
20603 1.250723e+02
20604 1.250723e+02
20607 1.250723e+02
20608 1.250163e+02
20609 1.250163e+02
20611 1.250158e+02
20622 1.249212e+02
20623 1.249212e+02
20626 1.249212e+02
20629 1.249212e+02
20632 1.249212e+02
20635 1.249212e+02
20638 1.249212e+02
20641 1.249212e+02
20644 1.249212e+02
20647 1.249212e+02
20650 1.249212e+02
20653 1.249212e+02
20656 1.249212e+02
20659 1.249212e+02
20662 1.249212e+02
20665 1.249212e+02
20668 1.249212e+02
20671 1.249212e+02
20674 1.249212e+02
20677 1.249212e+02
20680 1.249212e+02
20683 1.249212e+02
20686 1.249212e+02
20689 1.249212e+02
20692 1.249212e+02
20695 1.249212e+02
20698 1.249212e+02
20701 1.249212e+02
20704 1.249212e+02
20707 1.249212e+02
20710 1.249212e+02
20713 1.249212e+02
20716 1.249212e+02
20719 1.249212e+02
20722 1.249212e+02
20725 1.249212e+02
20728 1.249212e+02
20731 1.249212e+02
20734 1.249212e+02
20737 1.249212e+02
20740 1.249212e+02
20743 1.249212e+02
20746 1.249212e+02
20749 1.249212e+02
20752 1.249212e+02
20755 1.249212e+02
20758 1.249212e+02
20761 1.249212e+02
20764 1.249212e+02
20767 1.249212e+02
20770 1.249212e+02
20773 1.249212e+02
20776 1.249212e+02
20779 1.249212e+02
20782 1.249212e+02
20785 1.249212e+02
20788 1.249212e+02
20791 1.249212e+02
20794 1.249212e+02
20797 1.249212e+02
20800 1.249212e+02
20803 1.249212e+02
20806 1.249212e+02
20809 1.249212e+02
20812 1.249212e+02
20815 1.249212e+02
20818 1.249212e+02
20821 1.249212e+02
20824 1.249212e+02
20827 1.249212e+02
20830 1.249212e+02
20833 1.249212e+02
20836 1.249212e+02
20839 1.249212e+02
20842 1.249212e+02
20845 1.249212e+02
20848 1.249212e+02
20851 1.249212e+02
20854 1.249212e+02
20857 1.249212e+02
20860 1.249212e+02
20863 1.249212e+02
20866 1.249212e+02
20869 1.249212e+02
20872 1.249212e+02
20875 1.249212e+02
20878 1.249212e+02
20881 1.249212e+02
20884 1.249212e+02
20887 1.249212e+02
20890 1.249212e+02
20893 1.249212e+02
20896 1.249212e+02
20899 1.249212e+02
20902 1.249212e+02
20905 1.249212e+02
20908 1.249212e+02
20911 1.249212e+02
20914 1.249212e+02
20917 1.249212e+02
20920 1.249212e+02
20923 1.249212e+02
20926 1.249212e+02
20929 1.249212e+02
20932 1.249212e+02
20935 1.249212e+02
20938 1.249212e+02
30002 1.249212e+02
30005 1.249212e+02
30008 1.249212e+02
30011 1.249212e+02
30014 1.249212e+02
30017 1.249212e+02
30020 1.249212e+02
30023 1.249212e+02
30026 1.249212e+02
30029 1.249212e+02
30032 1.249212e+02
30035 1.249212e+02
30038 1.249212e+02
30041 1.249212e+02
30044 1.249212e+02
30047 1.249212e+02
30050 1.249212e+02
30053 1.249212e+02
30056 1.249212e+02
30059 1.249212e+02
30062 1.249212e+02
30065 1.249212e+02
30068 1.249212e+02
30071 1.249212e+02
30074 1.249212e+02
30077 1.249212e+02
30080 1.249212e+02
30083 1.249212e+02
30086 1.249212e+02
30089 1.249212e+02
30092 1.249212e+02
30095 1.249212e+02
30098 1.249212e+02
30101 1.249212e+02
30104 1.249212e+02
30107 1.249212e+02
30110 1.249212e+02
30113 1.249212e+02
30116 1.249212e+02
30119 1.249212e+02
30122 1.249212e+02
30125 1.249212e+02
30128 1.249212e+02
30131 1.249212e+02
30134 1.249212e+02
30137 1.249212e+02
30140 1.249212e+02
30143 1.249212e+02
30146 1.249212e+02
30149 1.249212e+02
30152 1.249212e+02
30155 1.249212e+02
30158 1.249212e+02
30161 1.249212e+02
30164 1.249212e+02
30167 1.249212e+02
30170 1.249212e+02
30173 1.249212e+02
30176 1.249212e+02
30179 1.249212e+02
30182 1.249212e+02
30185 1.249212e+02
30188 1.249212e+02
30191 1.249212e+02
30194 1.249212e+02
30197 1.249212e+02
30200 1.249212e+02
30203 1.249212e+02
30206 1.249212e+02
30209 1.249212e+02
30212 1.249212e+02
30215 1.249212e+02
30218 1.249212e+02
30221 1.249212e+02
30224 1.249212e+02
30227 1.249212e+02
30230 1.249212e+02
30233 1.249212e+02
30236 1.249212e+02
30239 1.249212e+02
30242 1.249212e+02
30245 1.249212e+02
30248 1.249212e+02
30251 1.249212e+02
30254 1.249212e+02
30257 1.249212e+02
30260 1.249212e+02
30263 1.249212e+02
30266 1.249212e+02
30269 1.249212e+02
30272 1.249212e+02
30275 1.249212e+02
30278 1.249212e+02
30281 1.249212e+02
30284 1.249212e+02
30287 1.249212e+02
30290 1.249212e+02
30293 1.249212e+02
30296 1.249212e+02
30299 1.249212e+02
