1 8.446207e+02
8 7.491847e+02
13 7.282069e+02
31 6.878149e+02
55 6.837563e+02
56 5.525328e+02
57 5.446385e+02
64 5.269392e+02
79 5.259664e+02
80 5.231453e+02
107 5.214545e+02
134 5.159666e+02
156 4.507219e+02
1035 4.476690e+02
1539 4.329105e+02
2095 4.263625e+02
2200 4.224248e+02
2205 4.217391e+02
2342 4.210544e+02
2359 4.139888e+02
2394 4.108996e+02
2433 4.092494e+02
2490 4.056423e+02
2645 4.021866e+02
2699 4.020272e+02
2768 4.016544e+02
2848 3.942652e+02
3093 3.931975e+02
3114 3.921565e+02
3187 3.891297e+02
3188 3.879512e+02
3195 3.867338e+02
3221 3.836802e+02
3373 3.821255e+02
3424 3.819185e+02
3469 3.813016e+02
3474 3.805383e+02
3505 3.791248e+02
3506 3.786513e+02
3526 3.745781e+02
3599 3.725245e+02
3740 3.665624e+02
3799 3.650330e+02
3910 3.645963e+02
3974 3.634616e+02
4057 3.611110e+02
4141 3.604039e+02
4168 3.558339e+02
4323 3.534808e+02
4595 3.502124e+02
4787 3.490606e+02
4839 3.466882e+02
5272 3.464143e+02
5291 3.456628e+02
5356 3.446638e+02
5383 3.422703e+02
5397 3.398767e+02
5441 3.384536e+02
5561 3.376246e+02
5595 3.367473e+02
5638 3.340025e+02
5843 3.338688e+02
5870 3.335811e+02
5917 3.324119e+02
5949 3.316098e+02
5951 3.308566e+02
6013 3.304501e+02
6071 3.295649e+02
6104 3.267096e+02
6445 3.238697e+02
6648 3.237050e+02
6749 3.222641e+02
6881 3.208019e+02
6961 3.204288e+02
7014 3.194417e+02
7173 3.192764e+02
7212 3.189968e+02
7244 3.175373e+02
7342 3.158561e+02
7683 3.149916e+02
7752 3.148416e+02
7931 3.142313e+02
7970 3.130399e+02
8149 3.130070e+02
8164 3.115568e+02
8253 3.114504e+02
8305 3.107112e+02
8395 3.101512e+02
8597 3.094521e+02
8766 3.086552e+02
9023 3.084857e+02
9037 3.083610e+02
9039 3.079687e+02
9041 3.074381e+02
9194 3.074353e+02
9360 3.067320e+02
9510 3.067034e+02
9568 3.058684e+02
9622 3.057687e+02
9949 3.055629e+02
10048 3.053096e+02
10060 3.052321e+02
10077 3.051274e+02
10081 3.049640e+02
10200 3.045419e+02
10376 3.043789e+02
10416 3.043230e+02
10480 3.040022e+02
10866 3.034904e+02
11058 3.033256e+02
11429 3.031501e+02
11533 3.029374e+02
11622 3.029339e+02
11694 3.026215e+02
11769 3.026117e+02
11834 3.025413e+02
11901 3.024785e+02
11932 3.022076e+02
12181 3.020826e+02
12269 3.020409e+02
12296 3.018316e+02
12337 3.017747e+02
12383 3.017441e+02
12491 3.015843e+02
12770 3.015127e+02
12812 3.014939e+02
12820 3.014580e+02
13020 3.014276e+02
13083 3.011246e+02
13238 3.009363e+02
13459 3.009099e+02
13514 3.008552e+02
13580 3.007429e+02
13646 3.006134e+02
13912 3.004274e+02
14321 3.004002e+02
14339 3.003224e+02
14437 3.003156e+02
14722 3.002916e+02
14776 3.002396e+02
14829 3.002312e+02
14862 3.001431e+02
14907 3.000712e+02
15242 2.999772e+02
15339 2.999712e+02
15466 2.999630e+02
15593 2.999227e+02
15725 2.998048e+02
16062 2.997955e+02
16206 2.997583e+02
16494 2.997379e+02
16551 2.997283e+02
16696 2.996836e+02
17020 2.996422e+02
17108 2.996301e+02
17266 2.996264e+02
17268 2.996129e+02
17356 2.995826e+02
17422 2.995301e+02
17447 2.994674e+02
17541 2.994304e+02
17643 2.994041e+02
17704 2.993840e+02
17780 2.993629e+02
17874 2.993529e+02
18022 2.993278e+02
18093 2.993113e+02
18111 2.993016e+02
18141 2.992734e+02
18187 2.992623e+02
18344 2.992241e+02
18506 2.991963e+02
18707 2.991819e+02
18849 2.991688e+02
18899 2.991485e+02
19014 2.991467e+02
19119 2.991399e+02
19283 2.991245e+02
19436 2.991131e+02
19469 2.991112e+02
19499 2.991074e+02
19607 2.991007e+02
19619 2.990911e+02
19690 2.990817e+02
19704 2.990616e+02
19818 2.990540e+02
19856 2.990503e+02
20056 2.990361e+02
20229 2.990164e+02
20372 2.990105e+02
20453 2.989839e+02
20557 2.989547e+02
20863 2.989451e+02
20934 2.989423e+02
21114 2.989420e+02
21218 2.989116e+02
21559 2.988928e+02
21761 2.988861e+02
21871 2.988816e+02
21939 2.988814e+02
22097 2.988802e+02
22200 2.988778e+02
22204 2.988733e+02
22247 2.988717e+02
22299 2.988680e+02
22358 2.988662e+02
22402 2.988661e+02
22410 2.988634e+02
22435 2.988612e+02
22440 2.988610e+02
22457 2.988559e+02
22801 2.988515e+02
22934 2.988511e+02
22939 2.988460e+02
23038 2.988444e+02
23055 2.988414e+02
23128 2.988392e+02
23195 2.988385e+02
23353 2.988336e+02
23561 2.988333e+02
23580 2.988295e+02
23593 2.988286e+02
23895 2.988235e+02
23915 2.988143e+02
24514 2.988066e+02
24703 2.988036e+02
24742 2.988024e+02
24799 2.987977e+02
25157 2.987951e+02
25610 2.987921e+02
25700 2.987896e+02
25711 2.987885e+02
26055 2.987837e+02
26104 2.987794e+02
26181 2.987759e+02
26978 2.987748e+02
27149 2.987745e+02
27169 2.987741e+02
27179 2.987736e+02
27200 2.987731e+02
27285 2.987718e+02
27351 2.987708e+02
27367 2.987695e+02
27463 2.987695e+02
27516 2.987693e+02
27617 2.987683e+02
27646 2.987678e+02
27687 2.987670e+02
27728 2.987670e+02
27758 2.987667e+02
27863 2.987649e+02
28138 2.987649e+02
28160 2.987643e+02
28188 2.987638e+02
28234 2.987629e+02
28281 2.987628e+02
28294 2.987622e+02
28406 2.987622e+02
28442 2.987618e+02
28478 2.987614e+02
28525 2.987605e+02
28538 2.987600e+02
28599 2.987598e+02
28659 2.987581e+02
28955 2.987577e+02
29089 2.987574e+02
29096 2.987569e+02
29116 2.987550e+02
29581 2.987549e+02
29612 2.987546e+02
29710 2.987544e+02
29797 2.987542e+02
29848 2.987537e+02
29882 2.987533e+02
29995 2.987529e+02
30101 2.987525e+02
30175 2.987524e+02
30182 2.987519e+02
30229 2.987518e+02
30252 2.987514e+02
30287 2.987513e+02
30423 2.987511e+02
30424 2.987510e+02
30442 2.987509e+02
30487 2.987506e+02
30525 2.987497e+02
30764 2.987495e+02
30806 2.987485e+02
31298 2.987484e+02
31346 2.987484e+02
31441 2.987484e+02
31515 2.987484e+02
31520 2.987481e+02
31550 2.987477e+02
31628 2.987474e+02
31740 2.987472e+02
31834 2.987469e+02
32179 2.987469e+02
32328 2.987467e+02
32379 2.987466e+02
32465 2.987465e+02
32563 2.987463e+02
32583 2.987462e+02
32646 2.987462e+02
32693 2.987461e+02
32698 2.987460e+02
32800 2.987457e+02
32888 2.987457e+02
32944 2.987455e+02
32997 2.987455e+02
33037 2.987453e+02
33144 2.987451e+02
33262 2.987449e+02
33300 2.987444e+02
33740 2.987442e+02
33820 2.987442e+02
34062 2.987442e+02
34257 2.987440e+02
34412 2.987440e+02
34498 2.987438e+02
34938 2.987437e+02
34953 2.987436e+02
35092 2.987436e+02
35120 2.987435e+02
35267 2.987435e+02
35303 2.987434e+02
35411 2.987434e+02
35439 2.987433e+02
35496 2.987432e+02
35572 2.987432e+02
35594 2.987432e+02
35691 2.987431e+02
35740 2.987431e+02
35751 2.987430e+02
35754 2.987430e+02
35798 2.987429e+02
35816 2.987429e+02
36005 2.987429e+02
36020 2.987429e+02
36089 2.987428e+02
36145 2.987428e+02
36150 2.987427e+02
36190 2.987426e+02
36556 2.987426e+02
36590 2.987425e+02
36709 2.987425e+02
36828 2.987425e+02
36868 2.987424e+02
36917 2.987424e+02
36932 2.987424e+02
36944 2.987424e+02
36953 2.987424e+02
37025 2.987423e+02
37041 2.987423e+02
37046 2.987423e+02
37079 2.987423e+02
37222 2.987423e+02
37328 2.987422e+02
37588 2.987422e+02
37590 2.987422e+02
37697 2.987422e+02
37743 2.987421e+02
37826 2.987421e+02
37984 2.987421e+02
37986 2.987421e+02
38108 2.987421e+02
38148 2.987421e+02
38299 2.987420e+02
38457 2.987420e+02
38513 2.987420e+02
38682 2.987419e+02
38718 2.987419e+02
38943 2.987419e+02
39174 2.987419e+02
39185 2.987419e+02
39230 2.987418e+02
39382 2.987418e+02
39576 2.987418e+02
39684 2.987418e+02
39742 2.987418e+02
39840 2.987418e+02
39873 2.987418e+02
39971 2.987418e+02
39990 2.987418e+02
40108 2.987417e+02
40120 2.987417e+02
40204 2.987417e+02
40290 2.987417e+02
40352 2.987417e+02
40419 2.987417e+02
40443 2.987417e+02
40808 2.987417e+02
41061 2.987417e+02
41132 2.987417e+02
41136 2.987416e+02
41220 2.987416e+02
41223 2.987416e+02
41257 2.987416e+02
41259 2.987416e+02
41325 2.987416e+02
41434 2.987416e+02
41520 2.987416e+02
41524 2.987416e+02
41544 2.987416e+02
41595 2.987416e+02
41630 2.987416e+02
41757 2.987416e+02
41975 2.987416e+02
42072 2.987416e+02
42080 2.987416e+02
42117 2.987416e+02
42119 2.987416e+02
42164 2.987416e+02
42266 2.987416e+02
42429 2.987416e+02
42455 2.987416e+02
42494 2.987416e+02
42503 2.987416e+02
42546 2.987416e+02
42568 2.987416e+02
42631 2.987416e+02
42649 2.987416e+02
42679 2.987416e+02
42837 2.987416e+02
42866 2.987416e+02
42920 2.987416e+02
42922 2.987416e+02
42926 2.987416e+02
42950 2.987416e+02
43048 2.987416e+02
43138 2.987416e+02
43141 2.987416e+02
43220 2.987416e+02
43229 2.987416e+02
43254 2.987416e+02
43276 2.987416e+02
43342 2.987416e+02
43452 2.987416e+02
43490 2.987416e+02
43497 2.987416e+02
43540 2.987416e+02
43544 2.987416e+02
43546 2.987416e+02
43558 2.987416e+02
43584 2.987416e+02
43662 2.987416e+02
43702 2.987416e+02
43743 2.987416e+02
43794 2.987416e+02
43840 2.987416e+02
43959 2.987416e+02
43995 2.987416e+02
44013 2.987416e+02
44109 2.987416e+02
44129 2.987416e+02
44189 2.987416e+02
44257 2.987416e+02
44483 2.987416e+02
44671 2.987416e+02
44749 2.987416e+02
44779 2.987416e+02
44854 2.987416e+02
44911 2.987416e+02
44989 2.987416e+02
45062 2.987416e+02
45064 2.987416e+02
45079 2.987416e+02
45088 2.987416e+02
45209 2.987416e+02
45435 2.987416e+02
45486 2.987416e+02
45576 2.987416e+02
45606 2.987416e+02
45692 2.987416e+02
45737 2.987416e+02
45767 2.987416e+02
45837 2.987416e+02
45870 2.987416e+02
45982 2.987416e+02
46017 2.987416e+02
46023 2.987416e+02
46059 2.987416e+02
46118 2.987416e+02
46132 2.987416e+02
46250 2.987416e+02
46264 2.987416e+02
46384 2.987416e+02
46392 2.987416e+02
46476 2.987416e+02
46523 2.987416e+02
46526 2.987416e+02
46530 2.987416e+02
46564 2.987416e+02
46603 2.987416e+02
46645 2.987416e+02
46761 2.987416e+02
46770 2.987416e+02
46820 2.987416e+02
46841 2.987416e+02
46892 2.987416e+02
46910 2.987416e+02
46960 2.987416e+02
47023 2.987416e+02
47131 2.987416e+02
47139 2.987416e+02
47236 2.987416e+02
47318 2.987416e+02
47350 2.987416e+02
47430 2.987416e+02
47656 2.987416e+02
47657 2.987416e+02
47864 2.987416e+02
47903 2.987416e+02
47913 2.987416e+02
47940 2.987416e+02
47984 2.987416e+02
48092 2.987416e+02
48201 2.987416e+02
48357 2.987416e+02
48453 2.987416e+02
48505 2.987416e+02
48605 2.987416e+02
48727 2.987416e+02
48775 2.987416e+02
48779 2.987416e+02
48832 2.987416e+02
49027 2.987416e+02
49146 2.987416e+02
49167 2.987416e+02
49176 2.987416e+02
49264 2.987416e+02
49332 2.987416e+02
49357 2.987416e+02
49364 2.987416e+02
49416 2.987416e+02
49483 2.987416e+02
49507 2.987416e+02
49565 2.987416e+02
49624 2.987416e+02
49678 2.987416e+02
49713 2.987416e+02
49789 2.987416e+02
49843 2.987416e+02
50035 2.987416e+02
50080 2.987416e+02
50122 2.987416e+02
50150 2.987416e+02
50158 2.987416e+02
50159 2.987416e+02
50186 2.987416e+02
50235 2.987416e+02
50329 2.987416e+02
50342 2.987416e+02
50425 2.987416e+02
50642 2.987416e+02
50759 2.987416e+02
50774 2.987416e+02
50914 2.987416e+02
50930 2.987416e+02
51142 2.987416e+02
51208 2.987416e+02
51287 2.987416e+02
51386 2.987416e+02
51416 2.987416e+02
51542 2.987416e+02
51549 2.987416e+02
51561 2.987416e+02
51610 2.987416e+02
51704 2.987416e+02
51713 2.987416e+02
51777 2.987416e+02
51817 2.987416e+02
51873 2.987416e+02
51890 2.987416e+02
51966 2.987416e+02
52078 2.987416e+02
52087 2.987416e+02
52147 2.987416e+02
52182 2.987416e+02
52333 2.987416e+02
52373 2.987416e+02
52707 2.987416e+02
52710 2.987416e+02
52733 2.987416e+02
52814 2.987416e+02
52883 2.987416e+02
52997 2.987416e+02
53039 2.987416e+02
53059 2.987416e+02
53272 2.987416e+02
53301 2.987416e+02
53354 2.987416e+02
53415 2.987416e+02
53419 2.987416e+02
53472 2.987416e+02
53570 2.987416e+02
53765 2.987416e+02
53788 2.987416e+02
53867 2.987416e+02
53891 2.987416e+02
53895 2.987416e+02
53898 2.987416e+02
53983 2.987416e+02
54058 2.987416e+02
54197 2.987416e+02
54296 2.987416e+02
54305 2.987416e+02
54311 2.987416e+02
54393 2.987416e+02
54409 2.987416e+02
54433 2.987416e+02
54494 2.987416e+02
54498 2.987416e+02
54587 2.987416e+02
54705 2.987416e+02
54787 2.987416e+02
54937 2.987416e+02
54942 2.987416e+02
54981 2.987416e+02
55054 2.987416e+02
55128 2.987416e+02
55140 2.987416e+02
55163 2.987416e+02
55165 2.987416e+02
55222 2.987416e+02
55269 2.987416e+02
55448 2.987416e+02
55459 2.987416e+02
55464 2.987416e+02
55557 2.987416e+02
55567 2.987416e+02
55612 2.987416e+02
55613 2.987416e+02
55656 2.987416e+02
55804 2.987416e+02
55810 2.987416e+02
55845 2.987416e+02
55856 2.987416e+02
55951 2.987416e+02
55973 2.987416e+02
56040 2.987416e+02
56119 2.987416e+02
56126 2.987416e+02
56172 2.987416e+02
56195 2.987416e+02
56244 2.987416e+02
56378 2.987416e+02
56515 2.987416e+02
56529 2.987416e+02
56559 2.987416e+02
56599 2.987416e+02
56697 2.987416e+02
56823 2.987416e+02
56912 2.987416e+02
57085 2.987416e+02
57134 2.987416e+02
57174 2.987416e+02
57182 2.987416e+02
57223 2.987416e+02
57310 2.987416e+02
57341 2.987416e+02
57364 2.987416e+02
57495 2.987416e+02
57603 2.987416e+02
57664 2.987416e+02
57703 2.987416e+02
57964 2.987416e+02
57999 2.987416e+02
58013 2.987416e+02
58132 2.987416e+02
58361 2.987416e+02
58407 2.987416e+02
58414 2.987416e+02
58619 2.987416e+02
58631 2.987416e+02
58648 2.987416e+02
58673 2.987416e+02
58737 2.987416e+02
58743 2.987416e+02
58764 2.987416e+02
58798 2.987416e+02
58841 2.987416e+02
58896 2.987416e+02
58937 2.987416e+02
58983 2.987416e+02
59051 2.987416e+02
59105 2.987416e+02
59147 2.987416e+02
59251 2.987416e+02
59280 2.987416e+02
59505 2.987416e+02
59547 2.987416e+02
59551 2.987416e+02
59609 2.987416e+02
59612 2.987416e+02
59631 2.987416e+02
59669 2.987416e+02
59709 2.987416e+02
59718 2.987416e+02
59777 2.987416e+02
59853 2.987416e+02
59869 2.987416e+02
59887 2.987416e+02
59954 2.987416e+02
60054 2.987416e+02
60132 2.987416e+02
60255 2.987416e+02
60344 2.987416e+02
60345 2.987416e+02
60381 2.987416e+02
60457 2.987416e+02
60491 2.987416e+02
60612 2.987416e+02
60656 2.987416e+02
60685 2.987416e+02
60692 2.987416e+02
60701 2.987416e+02
60726 2.987416e+02
60780 2.987416e+02
60784 2.987416e+02
60864 2.987416e+02
61018 2.987416e+02
61141 2.987416e+02
61247 2.987416e+02
61274 2.987416e+02
61312 2.987416e+02
61316 2.987416e+02
61373 2.987416e+02
61413 2.987416e+02
61449 2.987416e+02
61453 2.987416e+02
61473 2.987416e+02
61483 2.987416e+02
61544 2.987416e+02
61614 2.987416e+02
61626 2.987416e+02
61650 2.987416e+02
61751 2.987416e+02
61792 2.987416e+02
61803 2.987416e+02
61820 2.987416e+02
61830 2.987416e+02
61933 2.987416e+02
62211 2.987416e+02
62290 2.987416e+02
62334 2.987416e+02
62476 2.987416e+02
62571 2.987416e+02
62591 2.987416e+02
62822 2.987416e+02
62842 2.987416e+02
62866 2.987416e+02
62917 2.987416e+02
62945 2.987416e+02
63026 2.987416e+02
63039 2.987416e+02
63154 2.987416e+02
63155 2.987416e+02
63217 2.987416e+02
63288 2.987416e+02
63344 2.987416e+02
63358 2.987416e+02
63463 2.987416e+02
63536 2.987416e+02
63545 2.987416e+02
63557 2.987416e+02
63608 2.987416e+02
63647 2.987416e+02
63681 2.987416e+02
63686 2.987416e+02
63724 2.987416e+02
63729 2.987416e+02
63886 2.987416e+02
64078 2.987416e+02
64104 2.987416e+02
64142 2.987416e+02
64143 2.987416e+02
64262 2.987416e+02
64300 2.987416e+02
64305 2.987416e+02
64314 2.987416e+02
64352 2.987416e+02
64353 2.987416e+02
64372 2.987416e+02
64429 2.987416e+02
64438 2.987416e+02
64472 2.987416e+02
64473 2.987416e+02
64599 2.987416e+02
64637 2.987416e+02
64685 2.987416e+02
64711 2.987416e+02
64721 2.987416e+02
64744 2.987416e+02
64961 2.987416e+02
64973 2.987416e+02
65042 2.987416e+02
65054 2.987416e+02
65141 2.987416e+02
65201 2.987416e+02
65215 2.987416e+02
65312 2.987416e+02
65332 2.987416e+02
65389 2.987416e+02
65443 2.987416e+02
65506 2.987416e+02
65618 2.987416e+02
65634 2.987416e+02
65678 2.987416e+02
65789 2.987416e+02
65818 2.987416e+02
65843 2.987416e+02
65856 2.987416e+02
65868 2.987416e+02
65945 2.987416e+02
65982 2.987416e+02
66016 2.987416e+02
66203 2.987416e+02
66272 2.987416e+02
66394 2.987416e+02
66418 2.987416e+02
66468 2.987416e+02
66544 2.987416e+02
66725 2.987416e+02
66766 2.987416e+02
66803 2.987416e+02
66892 2.987416e+02
66967 2.987416e+02
67116 2.987416e+02
67212 2.987416e+02
67310 2.987416e+02
67345 2.987416e+02
67401 2.987416e+02
67591 2.987416e+02
67749 2.987416e+02
67966 2.987416e+02
67975 2.987416e+02
67991 2.987416e+02
68034 2.987416e+02
68098 2.987416e+02
68100 2.987416e+02
68107 2.987416e+02
68176 2.987416e+02
68227 2.987416e+02
68299 2.987416e+02
68472 2.987416e+02
68509 2.987416e+02
68602 2.987416e+02
68692 2.987416e+02
68771 2.987416e+02
68785 2.987416e+02
68940 2.987416e+02
69025 2.987416e+02
69039 2.987416e+02
69064 2.987416e+02
69456 2.987416e+02
69502 2.987416e+02
69527 2.987416e+02
69561 2.987416e+02
69599 2.987416e+02
69688 2.987416e+02
69768 2.987416e+02
69892 2.987416e+02
69914 2.987416e+02
70031 2.987416e+02
70092 2.987416e+02
70174 2.987416e+02
70208 2.987416e+02
70328 2.987416e+02
70401 2.987416e+02
70409 2.987416e+02
70431 2.987416e+02
70440 2.987416e+02
70459 2.987416e+02
70674 2.987416e+02
70864 2.987416e+02
70876 2.987416e+02
70910 2.987416e+02
70912 2.987416e+02
70946 2.987416e+02
70969 2.987416e+02
71042 2.987416e+02
71154 2.987416e+02
71271 2.987416e+02
71349 2.987416e+02
71383 2.987416e+02
71389 2.987416e+02
71413 2.987416e+02
71427 2.987416e+02
71443 2.987416e+02
71462 2.987416e+02
71574 2.987416e+02
71660 2.987416e+02
71679 2.987416e+02
71751 2.987416e+02
71794 2.987416e+02
71859 2.987416e+02
71902 2.987416e+02
71952 2.987416e+02
71991 2.987416e+02
72015 2.987416e+02
72080 2.987416e+02
72171 2.987416e+02
72194 2.987416e+02
72233 2.987416e+02
72242 2.987416e+02
72252 2.987416e+02
72298 2.987416e+02
72323 2.987416e+02
72378 2.987416e+02
72396 2.987416e+02
72414 2.987416e+02
72484 2.987416e+02
72493 2.987416e+02
72512 2.987416e+02
72523 2.987416e+02
72557 2.987416e+02
72590 2.987416e+02
72916 2.987416e+02
73028 2.987416e+02
73229 2.987416e+02
73283 2.987416e+02
73305 2.987416e+02
73441 2.987416e+02
73453 2.987416e+02
73463 2.987416e+02
73510 2.987416e+02
73524 2.987416e+02
73594 2.987416e+02
73596 2.987416e+02
73828 2.987416e+02
73831 2.987416e+02
73843 2.987416e+02
73933 2.987416e+02
73949 2.987416e+02
73987 2.987416e+02
74142 2.987416e+02
74184 2.987416e+02
74198 2.987416e+02
74204 2.987416e+02
74418 2.987416e+02
74419 2.987416e+02
74511 2.987416e+02
74590 2.987416e+02
74605 2.987416e+02
74636 2.987416e+02
74675 2.987416e+02
74932 2.987416e+02
247313 2.982671e+02
247381 2.981996e+02
247418 2.972276e+02
247883 2.966783e+02
248496 2.962178e+02
248700 2.958629e+02
249054 2.956476e+02
249085 2.949974e+02
249219 2.942412e+02
250368 2.942081e+02
250570 2.939758e+02
250680 2.937933e+02
250977 2.936866e+02
251018 2.933842e+02
251111 2.933215e+02
251197 2.932453e+02
251241 2.930408e+02
251281 2.918747e+02
252155 2.915578e+02
252230 2.909382e+02
253131 2.908332e+02
253699 2.905814e+02
253813 2.905272e+02
253990 2.897267e+02
254238 2.895789e+02
254512 2.895449e+02
254541 2.894434e+02
254552 2.894019e+02
254893 2.892954e+02
255027 2.888118e+02
255089 2.887826e+02
255335 2.886730e+02
255631 2.883107e+02
256225 2.879883e+02
256329 2.879681e+02
256337 2.879199e+02
256519 2.879079e+02
256541 2.877306e+02
257229 2.875907e+02
257424 2.875898e+02
257658 2.875115e+02
257700 2.874860e+02
257933 2.873174e+02
257982 2.866771e+02
258613 2.865866e+02
258928 2.865478e+02
258960 2.865449e+02
259331 2.863811e+02
259926 2.863278e+02
260291 2.863007e+02
260661 2.862429e+02
260713 2.862175e+02
260733 2.861209e+02
260928 2.859857e+02
261000 2.859541e+02
261240 2.858942e+02
261300 2.858323e+02
261594 2.857063e+02
262780 2.856966e+02
262811 2.856322e+02
262872 2.854189e+02
263477 2.852719e+02
263805 2.852543e+02
263957 2.852042e+02
264037 2.851847e+02
264108 2.851708e+02
264116 2.851090e+02
264251 2.850890e+02
264336 2.850052e+02
264371 2.844629e+02
266860 2.844600e+02
266959 2.844127e+02
267245 2.844099e+02
267594 2.843527e+02
268172 2.843124e+02
268348 2.842898e+02
268435 2.842320e+02
268827 2.842176e+02
269137 2.841837e+02
269324 2.841406e+02
269466 2.841392e+02
269568 2.841267e+02
269805 2.841029e+02
269885 2.840733e+02
270001 2.840541e+02
270148 2.840434e+02
270190 2.840404e+02
270337 2.840382e+02
270460 2.840198e+02
270841 2.840106e+02
270913 2.840039e+02
271152 2.838476e+02
272099 2.838130e+02
272417 2.837864e+02
272575 2.837862e+02
272766 2.836601e+02
272920 2.836303e+02
274060 2.836270e+02
274159 2.836134e+02
274362 2.836105e+02
274445 2.835949e+02
274448 2.835551e+02
274821 2.835483e+02
274943 2.835425e+02
274959 2.835214e+02
275005 2.834948e+02
275070 2.833939e+02
275672 2.833535e+02
275799 2.833198e+02
276562 2.833056e+02
276600 2.833015e+02
276688 2.832997e+02
276741 2.832967e+02
276823 2.832900e+02
276951 2.832858e+02
276990 2.832607e+02
277150 2.832506e+02
277297 2.832320e+02
277502 2.831983e+02
277659 2.831980e+02
277664 2.831049e+02
278988 2.831028e+02
278998 2.830856e+02
279051 2.830560e+02
279504 2.830423e+02
279879 2.830423e+02
279949 2.830365e+02
279953 2.830145e+02
280055 2.830144e+02
280092 2.830085e+02
280114 2.830006e+02
280175 2.829906e+02
280268 2.829742e+02
280447 2.829293e+02
281310 2.829180e+02
281650 2.828850e+02
281878 2.828830e+02
281893 2.828606e+02
282235 2.828381e+02
282690 2.828173e+02
282837 2.827937e+02
283215 2.827849e+02
283229 2.827820e+02
283275 2.827663e+02
283636 2.827615e+02
283686 2.827609e+02
283743 2.827398e+02
283994 2.827368e+02
284064 2.827356e+02
284148 2.827219e+02
284295 2.827200e+02
284363 2.827157e+02
284651 2.827153e+02
284718 2.827143e+02
284801 2.826990e+02
285014 2.826942e+02
285417 2.826738e+02
286174 2.826498e+02
287209 2.826494e+02
287541 2.826203e+02
287625 2.826103e+02
288867 2.826090e+02
289056 2.825997e+02
289492 2.825987e+02
289634 2.825985e+02
289649 2.825891e+02
289812 2.825858e+02
289825 2.825703e+02
290136 2.825667e+02
290336 2.825562e+02
290530 2.825518e+02
290893 2.825453e+02
292097 2.825415e+02
292144 2.825362e+02
292538 2.825325e+02
292604 2.825264e+02
292670 2.825221e+02
293184 2.825206e+02
293327 2.825142e+02
293593 2.825072e+02
293815 2.825024e+02
294395 2.825009e+02
294396 2.824968e+02
294500 2.824964e+02
294592 2.824879e+02
294789 2.824866e+02
295182 2.824862e+02
295438 2.824845e+02
295539 2.824829e+02
295766 2.824811e+02
295841 2.824775e+02
296393 2.824726e+02
296562 2.824705e+02
296631 2.824686e+02
297065 2.824659e+02
297080 2.824658e+02
297352 2.824641e+02
297375 2.824610e+02
297504 2.824603e+02
297789 2.824586e+02
297885 2.824572e+02
298033 2.824554e+02
298172 2.824551e+02
298182 2.824550e+02
298183 2.824538e+02
298239 2.824536e+02
298391 2.824488e+02
298908 2.824481e+02
299216 2.824472e+02
299268 2.824448e+02
299434 2.824442e+02
299507 2.824429e+02
299831 2.824408e+02
300226 2.824405e+02
300241 2.824382e+02
300743 2.824369e+02
300745 2.824369e+02
300854 2.824355e+02
301047 2.824326e+02
301178 2.824324e+02
301252 2.824323e+02
301284 2.824313e+02
301385 2.824305e+02
301415 2.824277e+02
302010 2.824253e+02
302383 2.824248e+02
302791 2.824219e+02
303677 2.824206e+02
304176 2.824205e+02
304353 2.824196e+02
304431 2.824194e+02
304490 2.824193e+02
304592 2.824181e+02
304646 2.824178e+02
304918 2.824165e+02
305433 2.824157e+02
305972 2.824142e+02
306573 2.824138e+02
306649 2.824127e+02
306716 2.824123e+02
306756 2.824115e+02
306878 2.824115e+02
307251 2.824103e+02
307552 2.824097e+02
307803 2.824092e+02
307817 2.824091e+02
308199 2.824090e+02
308326 2.824084e+02
308479 2.824079e+02
308832 2.824077e+02
308859 2.824075e+02
308860 2.824068e+02
308975 2.824068e+02
309127 2.824066e+02
309172 2.824065e+02
309201 2.824062e+02
309208 2.824062e+02
309232 2.824060e+02
309311 2.824049e+02
309336 2.824045e+02
309901 2.824029e+02
310833 2.824028e+02
311047 2.824021e+02
311432 2.824020e+02
311651 2.824017e+02
311755 2.824011e+02
311931 2.824010e+02
311962 2.824009e+02
311996 2.824005e+02
312016 2.824004e+02
312069 2.824001e+02
312553 2.824000e+02
312844 2.824000e+02
312849 2.823999e+02
312884 2.823999e+02
312962 2.823998e+02
313025 2.823995e+02
313522 2.823992e+02
313725 2.823988e+02
313982 2.823987e+02
314211 2.823986e+02
314338 2.823984e+02
314406 2.823978e+02
314440 2.823976e+02
314567 2.823976e+02
314856 2.823972e+02
315202 2.823971e+02
315405 2.823971e+02
315492 2.823968e+02
315675 2.823968e+02
315907 2.823966e+02
315916 2.823966e+02
315932 2.823965e+02
316017 2.823963e+02
316082 2.823962e+02
316312 2.823961e+02
316427 2.823961e+02
316553 2.823960e+02
316635 2.823959e+02
317226 2.823958e+02
317241 2.823957e+02
317268 2.823956e+02
317365 2.823951e+02
318143 2.823950e+02
318295 2.823949e+02
318344 2.823948e+02
318461 2.823948e+02
318643 2.823947e+02
318828 2.823944e+02
319566 2.823944e+02
319665 2.823943e+02
319690 2.823940e+02
320178 2.823940e+02
320192 2.823939e+02
320607 2.823938e+02
320639 2.823938e+02
320710 2.823933e+02
321420 2.823932e+02
321598 2.823931e+02
321653 2.823931e+02
321762 2.823930e+02
321829 2.823927e+02
322419 2.823926e+02
322429 2.823925e+02
322881 2.823924e+02
322979 2.823924e+02
323354 2.823924e+02
323413 2.823923e+02
323703 2.823923e+02
323714 2.823923e+02
323776 2.823922e+02
323894 2.823922e+02
323976 2.823921e+02
323987 2.823921e+02
324107 2.823921e+02
324184 2.823920e+02
324317 2.823920e+02
324490 2.823919e+02
324787 2.823918e+02
324791 2.823918e+02
324894 2.823918e+02
325274 2.823917e+02
325676 2.823917e+02
325708 2.823916e+02
325781 2.823916e+02
325917 2.823916e+02
325928 2.823916e+02
326011 2.823916e+02
326026 2.823916e+02
326085 2.823914e+02
326121 2.823914e+02
326545 2.823914e+02
326819 2.823913e+02
326976 2.823913e+02
327102 2.823913e+02
327259 2.823913e+02
327488 2.823911e+02
328202 2.823911e+02
328306 2.823911e+02
328634 2.823911e+02
328837 2.823911e+02
328883 2.823911e+02
328913 2.823910e+02
329084 2.823910e+02
329223 2.823910e+02
329292 2.823910e+02
329614 2.823909e+02
330170 2.823909e+02
330388 2.823909e+02
330431 2.823909e+02
330605 2.823909e+02
330716 2.823909e+02
330880 2.823909e+02
330882 2.823908e+02
330927 2.823908e+02
331128 2.823908e+02
331183 2.823908e+02
331234 2.823908e+02
331313 2.823907e+02
331483 2.823907e+02
331529 2.823907e+02
331642 2.823907e+02
331755 2.823907e+02
332411 2.823907e+02
332674 2.823907e+02
332980 2.823907e+02
333105 2.823907e+02
333137 2.823906e+02
333388 2.823906e+02
333470 2.823906e+02
333590 2.823906e+02
333704 2.823906e+02
333918 2.823906e+02
334110 2.823906e+02
334455 2.823906e+02
334811 2.823906e+02
335116 2.823906e+02
335215 2.823905e+02
335464 2.823905e+02
335528 2.823905e+02
335694 2.823905e+02
335773 2.823905e+02
336126 2.823905e+02
336288 2.823905e+02
336298 2.823905e+02
336392 2.823905e+02
336557 2.823905e+02
336691 2.823905e+02
337029 2.823905e+02
337156 2.823905e+02
337190 2.823905e+02
337352 2.823905e+02
337414 2.823905e+02
337430 2.823905e+02
337503 2.823905e+02
337535 2.823905e+02
337590 2.823905e+02
337893 2.823905e+02
338009 2.823905e+02
339261 2.823905e+02
339608 2.823905e+02
340193 2.823905e+02
340222 2.823905e+02
340256 2.823905e+02
340447 2.823905e+02
340483 2.823905e+02
340505 2.823905e+02
340639 2.823905e+02
340845 2.823905e+02
340938 2.823905e+02
340962 2.823905e+02
341240 2.823905e+02
341255 2.823905e+02
341466 2.823905e+02
341600 2.823905e+02
341703 2.823905e+02
342000 2.823905e+02
342159 2.823905e+02
342164 2.823905e+02
342206 2.823905e+02
342469 2.823905e+02
342617 2.823905e+02
342983 2.823905e+02
343340 2.823905e+02
343591 2.823905e+02
343609 2.823905e+02
343684 2.823905e+02
344218 2.823905e+02
344538 2.823905e+02
344569 2.823905e+02
344698 2.823905e+02
344701 2.823905e+02
344757 2.823905e+02
344907 2.823905e+02
345245 2.823905e+02
345475 2.823905e+02
346271 2.823905e+02
346320 2.823905e+02
346371 2.823905e+02
346551 2.823905e+02
346633 2.823905e+02
348350 2.823905e+02
348582 2.823905e+02
348638 2.823905e+02
348660 2.823905e+02
348721 2.823905e+02
349006 2.823905e+02
349295 2.823905e+02
349660 2.823905e+02
349842 2.823905e+02
350363 2.823905e+02
350574 2.823905e+02
350604 2.823905e+02
350668 2.823905e+02
351076 2.823905e+02
351262 2.823905e+02
351325 2.823905e+02
351391 2.823905e+02
351730 2.823905e+02
352658 2.823905e+02
352729 2.823905e+02
352781 2.823905e+02
352905 2.823905e+02
352909 2.823905e+02
352945 2.823905e+02
353137 2.823905e+02
353152 2.823905e+02
353167 2.823905e+02
353180 2.823905e+02
353283 2.823905e+02
353323 2.823905e+02
353364 2.823905e+02
353419 2.823905e+02
353957 2.823905e+02
354074 2.823905e+02
354106 2.823905e+02
354285 2.823905e+02
354344 2.823905e+02
354443 2.823905e+02
354603 2.823905e+02
354610 2.823905e+02
354969 2.823905e+02
355014 2.823905e+02
355023 2.823905e+02
355122 2.823905e+02
355149 2.823905e+02
355253 2.823905e+02
355258 2.823905e+02
355291 2.823905e+02
355380 2.823905e+02
355445 2.823905e+02
355549 2.823905e+02
355813 2.823905e+02
355844 2.823905e+02
356124 2.823905e+02
356271 2.823905e+02
356289 2.823905e+02
356323 2.823905e+02
356361 2.823905e+02
356500 2.823905e+02
356507 2.823905e+02
356598 2.823905e+02
356630 2.823905e+02
356828 2.823905e+02
356993 2.823905e+02
357041 2.823905e+02
357133 2.823905e+02
357366 2.823905e+02
357377 2.823905e+02
357527 2.823905e+02
357544 2.823905e+02
357813 2.823905e+02
357819 2.823905e+02
357820 2.823905e+02
357929 2.823905e+02
357951 2.823905e+02
357978 2.823905e+02
358064 2.823905e+02
358118 2.823905e+02
358132 2.823905e+02
358537 2.823905e+02
358598 2.823905e+02
358800 2.823905e+02
358994 2.823905e+02
359008 2.823905e+02
359185 2.823905e+02
359487 2.823905e+02
359649 2.823905e+02
359713 2.823905e+02
359808 2.823905e+02
359935 2.823905e+02
359957 2.823905e+02
360032 2.823905e+02
360050 2.823905e+02
360073 2.823905e+02
360136 2.823905e+02
360252 2.823905e+02
360374 2.823905e+02
360465 2.823905e+02
360494 2.823905e+02
360548 2.823905e+02
360597 2.823905e+02
360706 2.823905e+02
360717 2.823905e+02
360899 2.823905e+02
360978 2.823905e+02
361027 2.823905e+02
361144 2.823905e+02
361362 2.823905e+02
361406 2.823905e+02
361544 2.823905e+02
361718 2.823905e+02
361805 2.823905e+02
361816 2.823905e+02
361840 2.823905e+02
361992 2.823905e+02
362054 2.823905e+02
362055 2.823905e+02
362094 2.823905e+02
362222 2.823905e+02
362327 2.823905e+02
362613 2.823905e+02
362679 2.823905e+02
362734 2.823905e+02
362855 2.823905e+02
362988 2.823905e+02
363019 2.823905e+02
363026 2.823905e+02
363027 2.823905e+02
363129 2.823905e+02
363130 2.823905e+02
363285 2.823905e+02
363287 2.823905e+02
363366 2.823905e+02
363418 2.823905e+02
363426 2.823905e+02
363527 2.823905e+02
363538 2.823905e+02
363710 2.823905e+02
363820 2.823905e+02
363919 2.823905e+02
363932 2.823905e+02
363996 2.823905e+02
364007 2.823905e+02
364252 2.823905e+02
422688 2.820827e+02
423981 2.816316e+02
424299 2.816274e+02
424512 2.816064e+02
424694 2.815445e+02
424736 2.810162e+02
426817 2.807511e+02
427415 2.807275e+02
428923 2.806948e+02
428963 2.806476e+02
428977 2.805285e+02
429005 2.803246e+02
429121 2.803122e+02
429432 2.799408e+02
431255 2.799128e+02
431906 2.798693e+02
431947 2.797818e+02
432097 2.797238e+02
432322 2.795083e+02
432971 2.793983e+02
433381 2.792601e+02
433657 2.791597e+02
433917 2.791165e+02
434340 2.790907e+02
434668 2.788524e+02
436629 2.788229e+02
436680 2.787896e+02
436698 2.787224e+02
437116 2.786116e+02
437324 2.784889e+02
438069 2.782565e+02
440393 2.781262e+02
441951 2.780762e+02
441959 2.780741e+02
442042 2.779847e+02
442244 2.779841e+02
442692 2.779320e+02
442791 2.778762e+02
443513 2.778542e+02
443951 2.778500e+02
443957 2.776519e+02
445469 2.774862e+02
446715 2.774168e+02
446762 2.774089e+02
448012 2.774009e+02
448016 2.773998e+02
448020 2.773544e+02
448389 2.772897e+02
448769 2.772851e+02
448798 2.772671e+02
448810 2.772427e+02
449156 2.772100e+02
449575 2.771806e+02
450641 2.771538e+02
450719 2.771198e+02
451265 2.771146e+02
451468 2.771098e+02
451865 2.770928e+02
451904 2.770619e+02
452117 2.770314e+02
452443 2.770270e+02
452776 2.769451e+02
454006 2.769302e+02
454772 2.768692e+02
455541 2.768677e+02
455593 2.768622e+02
456064 2.768532e+02
456124 2.768348e+02
456160 2.768200e+02
456377 2.768069e+02
456718 2.768012e+02
457246 2.767916e+02
457657 2.767815e+02
457738 2.767657e+02
457876 2.767444e+02
458017 2.767435e+02
458048 2.767413e+02
458785 2.767090e+02
460495 2.766957e+02
460531 2.766935e+02
460734 2.766858e+02
461030 2.766813e+02
461031 2.766731e+02
461132 2.766597e+02
461978 2.766477e+02
462100 2.766470e+02
462224 2.766431e+02
462266 2.766381e+02
462674 2.766373e+02
462803 2.766335e+02
462852 2.766191e+02
462911 2.766164e+02
463598 2.766042e+02
463879 2.766040e+02
464226 2.765984e+02
464246 2.765891e+02
464630 2.765881e+02
464812 2.765870e+02
464963 2.765548e+02
465320 2.765448e+02
466172 2.765381e+02
466221 2.765366e+02
466537 2.765350e+02
466637 2.765346e+02
466707 2.765337e+02
466761 2.765302e+02
466931 2.765216e+02
467062 2.765205e+02
467085 2.765190e+02
467306 2.765139e+02
467404 2.765136e+02
467491 2.765085e+02
467536 2.765074e+02
467670 2.764917e+02
467969 2.764908e+02
467997 2.764773e+02
468144 2.764749e+02
469581 2.764723e+02
469629 2.764659e+02
469711 2.764620e+02
470062 2.764588e+02
470353 2.764583e+02
470921 2.764582e+02
472053 2.764548e+02
472114 2.764481e+02
472133 2.764464e+02
472264 2.764452e+02
472722 2.764198e+02
473395 2.764145e+02
475785 2.764132e+02
476017 2.764120e+02
476031 2.764115e+02
476161 2.764074e+02
476453 2.764054e+02
476463 2.763993e+02
476770 2.763975e+02
477050 2.763944e+02
478123 2.763939e+02
478139 2.763913e+02
478222 2.763893e+02
478366 2.763873e+02
478552 2.763838e+02
478814 2.763831e+02
478972 2.763805e+02
479143 2.763800e+02
479192 2.763790e+02
479714 2.763745e+02
480146 2.763710e+02
480520 2.763692e+02
480550 2.763667e+02
480743 2.763657e+02
480903 2.763649e+02
480979 2.763632e+02
481156 2.763588e+02
481383 2.763565e+02
481939 2.763561e+02
482273 2.763544e+02
482550 2.763543e+02
482660 2.763541e+02
482691 2.763526e+02
482718 2.763509e+02
482725 2.763509e+02
482790 2.763469e+02
482839 2.763452e+02
482951 2.763414e+02
483887 2.763403e+02
483993 2.763401e+02
484017 2.763398e+02
484121 2.763390e+02
484321 2.763381e+02
484922 2.763349e+02
486709 2.763295e+02
487316 2.763290e+02
487574 2.763285e+02
487597 2.763265e+02
487908 2.763218e+02
489071 2.763207e+02
489399 2.763204e+02
489411 2.763199e+02
489433 2.763191e+02
489623 2.763189e+02
489866 2.763167e+02
490019 2.763165e+02
490143 2.763158e+02
490869 2.763155e+02
490874 2.763148e+02
491102 2.763141e+02
491352 2.763120e+02
491996 2.763116e+02
492016 2.763104e+02
492121 2.763102e+02
492349 2.763095e+02
492608 2.763085e+02
492660 2.763082e+02
492725 2.763080e+02
493238 2.763069e+02
493406 2.763066e+02
493910 2.763065e+02
494003 2.763058e+02
494044 2.763057e+02
494214 2.763040e+02
494735 2.763037e+02
494828 2.763036e+02
495001 2.763032e+02
495194 2.763027e+02
495510 2.763013e+02
497244 2.763009e+02
497312 2.762993e+02
499442 2.762989e+02
