1 1.601724e+03
2 1.326684e+03
3 1.119458e+03
4 9.805685e+02
5 7.701395e+02
52 6.244496e+02
59 6.102151e+02
69 6.043260e+02
74 5.198052e+02
194 5.174614e+02
204 5.134783e+02
256 5.099256e+02
337 5.046314e+02
406 4.919258e+02
457 4.862617e+02
475 4.838714e+02
515 4.812527e+02
558 4.764076e+02
737 4.737787e+02
1337 4.724790e+02
1354 4.717405e+02
1466 4.715884e+02
1477 4.681432e+02
1529 4.650897e+02
1544 4.631459e+02
1579 4.620594e+02
1611 4.525258e+02
1737 4.510345e+02
1753 4.479475e+02
1829 4.450371e+02
1843 4.322115e+02
2260 4.316468e+02
2281 4.250130e+02
2314 4.215494e+02
2460 4.194683e+02
2619 4.106596e+02
2621 4.042306e+02
2641 4.000321e+02
2774 3.995484e+02
2921 3.977713e+02
3001 3.960735e+02
3061 3.880547e+02
3140 3.835026e+02
3400 3.748691e+02
3817 3.728133e+02
3990 3.669614e+02
4041 3.635614e+02
4289 3.610927e+02
4398 3.602454e+02
4406 3.598768e+02
4428 3.590183e+02
4638 3.580262e+02
4749 3.563016e+02
4862 3.562488e+02
4870 3.512815e+02
5049 3.458424e+02
5273 3.437950e+02
5388 3.426483e+02
5628 3.364390e+02
6206 3.321542e+02
6715 3.308907e+02
6766 3.306557e+02
6793 3.290597e+02
6795 3.251390e+02
7515 3.239661e+02
7524 3.225603e+02
7685 3.224062e+02
7753 3.217034e+02
7815 3.210914e+02
8017 3.190016e+02
8398 3.184851e+02
8682 3.179132e+02
8757 3.169405e+02
8832 3.165574e+02
8881 3.160525e+02
8986 3.155121e+02
9062 3.148395e+02
9456 3.146427e+02
9475 3.143887e+02
9507 3.136353e+02
9620 3.135707e+02
9732 3.126994e+02
9969 3.120686e+02
10045 3.120318e+02
10113 3.113548e+02
10166 3.111253e+02
10512 3.109600e+02
10532 3.109581e+02
10557 3.104041e+02
10640 3.103373e+02
10727 3.100720e+02
10736 3.097094e+02
10776 3.095427e+02
10898 3.088312e+02
11031 3.083022e+02
11096 3.081854e+02
11113 3.080050e+02
11371 3.077431e+02
11583 3.076692e+02
11813 3.075071e+02
11912 3.074499e+02
11949 3.074046e+02
11952 3.070631e+02
11971 3.069688e+02
12038 3.064500e+02
12097 3.063098e+02
12141 3.061274e+02
12366 3.060603e+02
12427 3.060041e+02
12463 3.057756e+02
12592 3.055123e+02
12598 3.052157e+02
12727 3.047502e+02
13137 3.046784e+02
13166 3.041831e+02
13655 3.040189e+02
13714 3.039275e+02
13823 3.039175e+02
13907 3.037467e+02
13947 3.036145e+02
14007 3.035596e+02
14052 3.033317e+02
14171 3.033281e+02
14288 3.030260e+02
14379 3.030117e+02
14411 3.029099e+02
14470 3.029060e+02
14476 3.027334e+02
14563 3.026320e+02
14637 3.026179e+02
14811 3.026091e+02
14817 3.025567e+02
14956 3.024880e+02
15019 3.024364e+02
15037 3.024069e+02
15059 3.022732e+02
15242 3.022492e+02
15244 3.021490e+02
15254 3.020942e+02
15301 3.020279e+02
15418 3.018865e+02
15705 3.018853e+02
15732 3.018506e+02
15867 3.015783e+02
16077 3.015297e+02
16267 3.014992e+02
16561 3.014819e+02
16572 3.013524e+02
16703 3.013071e+02
16751 3.013024e+02
16838 3.012938e+02
16843 3.012818e+02
16879 3.012028e+02
16884 3.011922e+02
16964 3.011479e+02
17004 3.011365e+02
17102 3.011021e+02
17124 3.010945e+02
17404 3.010744e+02
17507 3.010718e+02
17535 3.010225e+02
17701 3.009971e+02
17724 3.009204e+02
17981 3.008452e+02
18211 3.008333e+02
18423 3.008150e+02
18425 3.008114e+02
18461 3.007910e+02
18536 3.007552e+02
18724 3.006636e+02
19079 3.006493e+02
19264 3.006474e+02
19277 3.006148e+02
19362 3.005846e+02
19395 3.005471e+02
19647 3.005287e+02
19663 3.005162e+02
19997 3.005028e+02
20092 3.004957e+02
20134 3.004829e+02
20265 3.004773e+02
20273 3.004772e+02
20282 3.004721e+02
20349 3.004649e+02
20401 3.004459e+02
20407 3.004252e+02
20578 3.004222e+02
20626 3.004103e+02
20924 3.003877e+02
20969 3.003580e+02
21395 3.003453e+02
21704 3.003405e+02
21785 3.003279e+02
21990 3.003252e+02
22115 3.003206e+02
22116 3.003130e+02
22166 3.003093e+02
22196 3.003039e+02
22215 3.003031e+02
22242 3.003007e+02
22247 3.002739e+02
22643 3.002716e+02
22865 3.002646e+02
22944 3.002639e+02
22979 3.002634e+02
23108 3.002593e+02
23121 3.002530e+02
23166 3.002527e+02
23192 3.002468e+02
23280 3.002461e+02
23315 3.002421e+02
23364 3.002379e+02
23408 3.002337e+02
23433 3.002321e+02
23472 3.002290e+02
23672 3.002286e+02
23694 3.002267e+02
23759 3.002256e+02
23846 3.002251e+02
23867 3.002157e+02
23950 3.002111e+02
24212 3.002097e+02
24503 3.002080e+02
24652 3.002041e+02
24822 3.002035e+02
25034 3.002009e+02
25126 3.001920e+02
25274 3.001920e+02
25513 3.001882e+02
25749 3.001878e+02
25809 3.001869e+02
25868 3.001862e+02
25875 3.001856e+02
25945 3.001842e+02
25966 3.001827e+02
26050 3.001819e+02
26222 3.001814e+02
26301 3.001814e+02
26307 3.001799e+02
26430 3.001796e+02
26462 3.001795e+02
26580 3.001768e+02
26637 3.001762e+02
26702 3.001757e+02
26845 3.001756e+02
26895 3.001754e+02
26940 3.001750e+02
26947 3.001745e+02
26951 3.001735e+02
27001 3.001733e+02
27033 3.001720e+02
27079 3.001719e+02
27105 3.001716e+02
27125 3.001713e+02
27194 3.001712e+02
27197 3.001694e+02
27216 3.001693e+02
27238 3.001687e+02
27248 3.001676e+02
27367 3.001672e+02
27375 3.001656e+02
27421 3.001645e+02
27818 3.001642e+02
27885 3.001642e+02
27909 3.001614e+02
27979 3.001613e+02
28014 3.001612e+02
28071 3.001610e+02
28177 3.001601e+02
28408 3.001593e+02
28666 3.001589e+02
28682 3.001584e+02
28727 3.001582e+02
28832 3.001572e+02
28922 3.001567e+02
28977 3.001566e+02
29192 3.001553e+02
29330 3.001552e+02
29477 3.001543e+02
29591 3.001543e+02
29621 3.001539e+02
29623 3.001538e+02
29743 3.001536e+02
29758 3.001534e+02
29782 3.001530e+02
29849 3.001527e+02
29996 3.001526e+02
30009 3.001521e+02
30232 3.001517e+02
30372 3.001516e+02
30401 3.001515e+02
30447 3.001511e+02
30543 3.001510e+02
30560 3.001510e+02
30666 3.001508e+02
30844 3.001505e+02
30860 3.001502e+02
31097 3.001501e+02
31204 3.001500e+02
31243 3.001500e+02
31292 3.001499e+02
31327 3.001498e+02
31340 3.001496e+02
31367 3.001495e+02
31463 3.001494e+02
31620 3.001493e+02
31695 3.001491e+02
31858 3.001490e+02
31936 3.001489e+02
31957 3.001487e+02
32028 3.001484e+02
32029 3.001482e+02
32294 3.001481e+02
32354 3.001480e+02
32383 3.001480e+02
32448 3.001479e+02
32562 3.001477e+02
32572 3.001477e+02
32656 3.001476e+02
32752 3.001475e+02
32830 3.001475e+02
32859 3.001474e+02
32896 3.001474e+02
32897 3.001473e+02
32965 3.001472e+02
32977 3.001470e+02
33049 3.001470e+02
33059 3.001470e+02
33142 3.001468e+02
33227 3.001468e+02
33353 3.001468e+02
33367 3.001467e+02
33487 3.001465e+02
33523 3.001465e+02
33638 3.001464e+02
33678 3.001464e+02
33753 3.001464e+02
33756 3.001463e+02
33780 3.001463e+02
33804 3.001462e+02
33840 3.001462e+02
33883 3.001462e+02
33910 3.001462e+02
33925 3.001461e+02
33971 3.001460e+02
34067 3.001460e+02
34085 3.001460e+02
34308 3.001460e+02
34340 3.001459e+02
34384 3.001459e+02
34451 3.001458e+02
34548 3.001458e+02
34656 3.001457e+02
34703 3.001456e+02
34931 3.001456e+02
35016 3.001456e+02
35074 3.001455e+02
35192 3.001455e+02
35222 3.001454e+02
35365 3.001454e+02
35373 3.001453e+02
35489 3.001453e+02
35699 3.001452e+02
35732 3.001452e+02
36033 3.001451e+02
36052 3.001451e+02
36073 3.001451e+02
36152 3.001449e+02
36431 3.001449e+02
36491 3.001449e+02
36622 3.001448e+02
36879 3.001448e+02
37011 3.001448e+02
37120 3.001448e+02
37140 3.001447e+02
37426 3.001447e+02
37518 3.001446e+02
37763 3.001446e+02
37775 3.001446e+02
37817 3.001446e+02
37882 3.001446e+02
37902 3.001446e+02
38069 3.001445e+02
38215 3.001445e+02
38363 3.001445e+02
38408 3.001445e+02
38449 3.001445e+02
38554 3.001445e+02
38575 3.001445e+02
38576 3.001445e+02
38577 3.001445e+02
38614 3.001444e+02
38625 3.001444e+02
38820 3.001444e+02
38825 3.001444e+02
38844 3.001444e+02
38848 3.001444e+02
38849 3.001444e+02
39094 3.001444e+02
39125 3.001444e+02
39271 3.001444e+02
39477 3.001443e+02
39826 3.001443e+02
39833 3.001443e+02
39956 3.001443e+02
39999 3.001443e+02
40016 3.001443e+02
40046 3.001443e+02
40070 3.001443e+02
40288 3.001443e+02
40321 3.001443e+02
40356 3.001443e+02
40364 3.001443e+02
40426 3.001443e+02
40482 3.001443e+02
40499 3.001443e+02
40842 3.001443e+02
40979 3.001443e+02
41063 3.001443e+02
41081 3.001443e+02
41226 3.001443e+02
41353 3.001443e+02
41416 3.001442e+02
41465 3.001442e+02
41534 3.001442e+02
41559 3.001442e+02
41596 3.001442e+02
41630 3.001442e+02
41668 3.001442e+02
41986 3.001442e+02
42076 3.001442e+02
42127 3.001442e+02
42151 3.001442e+02
42169 3.001442e+02
42310 3.001442e+02
42379 3.001442e+02
42431 3.001442e+02
42607 3.001442e+02
42625 3.001442e+02
42848 3.001442e+02
42951 3.001442e+02
42952 3.001442e+02
42971 3.001442e+02
43153 3.001442e+02
43159 3.001442e+02
43185 3.001442e+02
43191 3.001442e+02
43215 3.001442e+02
43223 3.001442e+02
43346 3.001442e+02
43360 3.001442e+02
43398 3.001442e+02
43451 3.001442e+02
43459 3.001442e+02
43475 3.001442e+02
43500 3.001442e+02
43536 3.001442e+02
43551 3.001442e+02
43573 3.001442e+02
43612 3.001442e+02
43652 3.001442e+02
43658 3.001442e+02
43688 3.001442e+02
43697 3.001442e+02
43728 3.001442e+02
43853 3.001442e+02
43892 3.001442e+02
44000 3.001442e+02
44012 3.001442e+02
44133 3.001442e+02
44221 3.001442e+02
44245 3.001442e+02
44266 3.001442e+02
44334 3.001442e+02
44373 3.001442e+02
44383 3.001442e+02
44459 3.001442e+02
44523 3.001442e+02
44574 3.001442e+02
44594 3.001442e+02
44652 3.001442e+02
44658 3.001442e+02
44748 3.001442e+02
44785 3.001442e+02
44837 3.001442e+02
44841 3.001442e+02
44862 3.001442e+02
44872 3.001442e+02
44876 3.001442e+02
44912 3.001442e+02
44920 3.001442e+02
45008 3.001442e+02
45072 3.001442e+02
45324 3.001442e+02
45498 3.001442e+02
45503 3.001442e+02
45513 3.001442e+02
45572 3.001442e+02
45620 3.001442e+02
45652 3.001442e+02
45658 3.001442e+02
45677 3.001442e+02
45680 3.001442e+02
45685 3.001442e+02
45737 3.001442e+02
45749 3.001442e+02
45847 3.001442e+02
45849 3.001442e+02
45871 3.001442e+02
45894 3.001442e+02
45922 3.001442e+02
45982 3.001442e+02
46040 3.001442e+02
46208 3.001442e+02
46233 3.001442e+02
46344 3.001442e+02
46485 3.001442e+02
46525 3.001442e+02
46565 3.001442e+02
46715 3.001442e+02
46737 3.001442e+02
46881 3.001442e+02
46961 3.001442e+02
47079 3.001442e+02
47199 3.001442e+02
47250 3.001442e+02
47271 3.001442e+02
47275 3.001442e+02
47434 3.001442e+02
47527 3.001442e+02
47641 3.001442e+02
47803 3.001442e+02
48145 3.001442e+02
48155 3.001442e+02
48159 3.001442e+02
48194 3.001442e+02
48201 3.001442e+02
48211 3.001442e+02
48255 3.001442e+02
48287 3.001442e+02
48300 3.001442e+02
48432 3.001442e+02
48436 3.001442e+02
48492 3.001442e+02
48508 3.001442e+02
48567 3.001442e+02
48616 3.001442e+02
48641 3.001442e+02
48832 3.001442e+02
48869 3.001442e+02
48870 3.001442e+02
48883 3.001442e+02
48911 3.001442e+02
49033 3.001442e+02
49044 3.001442e+02
49084 3.001442e+02
49092 3.001442e+02
49099 3.001442e+02
49123 3.001442e+02
49142 3.001442e+02
49163 3.001442e+02
49184 3.001442e+02
49188 3.001442e+02
49211 3.001442e+02
49318 3.001442e+02
49503 3.001442e+02
49622 3.001442e+02
49711 3.001442e+02
49730 3.001442e+02
49754 3.001442e+02
49833 3.001442e+02
49920 3.001442e+02
49973 3.001442e+02
49979 3.001442e+02
49998 3.001442e+02
50012 3.001442e+02
50109 3.001442e+02
50146 3.001442e+02
50270 3.001442e+02
50275 3.001442e+02
50335 3.001442e+02
50382 3.001442e+02
50504 3.001442e+02
51152 3.001442e+02
51233 3.001442e+02
51266 3.001442e+02
51293 3.001442e+02
51300 3.001442e+02
51302 3.001442e+02
51366 3.001442e+02
51415 3.001442e+02
51472 3.001442e+02
51571 3.001442e+02
51667 3.001442e+02
51690 3.001442e+02
51754 3.001442e+02
51764 3.001442e+02
51781 3.001442e+02
51801 3.001442e+02
51807 3.001442e+02
51835 3.001442e+02
51852 3.001442e+02
51859 3.001442e+02
51895 3.001442e+02
52106 3.001442e+02
52114 3.001442e+02
52140 3.001442e+02
52192 3.001442e+02
52268 3.001442e+02
52269 3.001442e+02
52326 3.001442e+02
52380 3.001442e+02
52441 3.001442e+02
52458 3.001442e+02
52480 3.001442e+02
52517 3.001442e+02
52526 3.001442e+02
52670 3.001442e+02
52709 3.001442e+02
52777 3.001442e+02
52823 3.001442e+02
52829 3.001442e+02
52922 3.001442e+02
53037 3.001442e+02
53145 3.001442e+02
53147 3.001442e+02
53268 3.001442e+02
53283 3.001442e+02
53355 3.001442e+02
53395 3.001442e+02
53557 3.001442e+02
53630 3.001442e+02
53725 3.001442e+02
53790 3.001442e+02
53909 3.001442e+02
54094 3.001442e+02
54108 3.001442e+02
54168 3.001442e+02
54252 3.001442e+02
54406 3.001442e+02
54419 3.001442e+02
54473 3.001442e+02
54488 3.001442e+02
54507 3.001442e+02
54518 3.001442e+02
54672 3.001442e+02
54731 3.001442e+02
54768 3.001442e+02
54773 3.001442e+02
54801 3.001442e+02
55049 3.001442e+02
55058 3.001442e+02
55144 3.001442e+02
55164 3.001442e+02
55342 3.001442e+02
55538 3.001442e+02
55623 3.001442e+02
55656 3.001442e+02
55769 3.001442e+02
55815 3.001442e+02
55930 3.001442e+02
56005 3.001442e+02
56018 3.001442e+02
56025 3.001442e+02
56084 3.001442e+02
56178 3.001442e+02
56203 3.001442e+02
56303 3.001442e+02
56364 3.001442e+02
56372 3.001442e+02
56602 3.001442e+02
56694 3.001442e+02
56729 3.001442e+02
56761 3.001442e+02
56836 3.001442e+02
56843 3.001442e+02
56907 3.001442e+02
56957 3.001442e+02
56971 3.001442e+02
57070 3.001442e+02
57125 3.001442e+02
57128 3.001442e+02
57185 3.001442e+02
57239 3.001442e+02
57294 3.001442e+02
57312 3.001442e+02
57341 3.001442e+02
57374 3.001442e+02
57586 3.001442e+02
57593 3.001442e+02
57708 3.001442e+02
57746 3.001442e+02
57801 3.001442e+02
57937 3.001442e+02
58151 3.001442e+02
58168 3.001442e+02
58306 3.001442e+02
58331 3.001442e+02
58463 3.001442e+02
58515 3.001442e+02
58533 3.001442e+02
58564 3.001442e+02
58569 3.001442e+02
58672 3.001442e+02
58707 3.001442e+02
58778 3.001442e+02
58836 3.001442e+02
59125 3.001442e+02
59131 3.001442e+02
59158 3.001442e+02
59218 3.001442e+02
59220 3.001442e+02
59278 3.001442e+02
59457 3.001442e+02
59520 3.001442e+02
59674 3.001442e+02
59692 3.001442e+02
59730 3.001442e+02
59750 3.001442e+02
59798 3.001442e+02
59815 3.001442e+02
59849 3.001442e+02
59853 3.001442e+02
59872 3.001442e+02
59921 3.001442e+02
59928 3.001442e+02
59963 3.001442e+02
59992 3.001442e+02
60013 3.001442e+02
60076 3.001442e+02
60101 3.001442e+02
60138 3.001442e+02
60628 3.001442e+02
60672 3.001442e+02
60743 3.001442e+02
60756 3.001442e+02
60787 3.001442e+02
60809 3.001442e+02
60909 3.001442e+02
60912 3.001442e+02
60935 3.001442e+02
60940 3.001442e+02
60998 3.001442e+02
61085 3.001442e+02
61137 3.001442e+02
61142 3.001442e+02
61185 3.001442e+02
61229 3.001442e+02
61230 3.001442e+02
61250 3.001442e+02
61267 3.001442e+02
61283 3.001442e+02
61312 3.001442e+02
61448 3.001442e+02
61471 3.001442e+02
61677 3.001442e+02
61731 3.001442e+02
61765 3.001442e+02
61768 3.001442e+02
61769 3.001442e+02
61789 3.001442e+02
61845 3.001442e+02
61879 3.001442e+02
61963 3.001442e+02
61973 3.001442e+02
62115 3.001442e+02
62164 3.001442e+02
62170 3.001442e+02
62208 3.001442e+02
62213 3.001442e+02
62284 3.001442e+02
62327 3.001442e+02
62342 3.001442e+02
62360 3.001442e+02
62428 3.001442e+02
62478 3.001442e+02
62546 3.001442e+02
62551 3.001442e+02
62582 3.001442e+02
62589 3.001442e+02
62710 3.001442e+02
62784 3.001442e+02
62798 3.001442e+02
62874 3.001442e+02
63009 3.001442e+02
63292 3.001442e+02
63528 3.001442e+02
63531 3.001442e+02
63590 3.001442e+02
63627 3.001442e+02
63944 3.001442e+02
63946 3.001442e+02
63990 3.001442e+02
64021 3.001442e+02
64040 3.001442e+02
64054 3.001442e+02
64095 3.001442e+02
64101 3.001442e+02
64105 3.001442e+02
64113 3.001442e+02
64375 3.001442e+02
64434 3.001442e+02
64466 3.001442e+02
64500 3.001442e+02
64641 3.001442e+02
64656 3.001442e+02
64670 3.001442e+02
64779 3.001442e+02
64897 3.001442e+02
64919 3.001442e+02
65001 3.001442e+02
65031 3.001442e+02
65122 3.001442e+02
65251 3.001442e+02
65320 3.001442e+02
65486 3.001442e+02
65498 3.001442e+02
65504 3.001442e+02
65593 3.001442e+02
65716 3.001442e+02
65773 3.001442e+02
65789 3.001442e+02
65859 3.001442e+02
66004 3.001442e+02
66084 3.001442e+02
66251 3.001442e+02
66316 3.001442e+02
66335 3.001442e+02
66352 3.001442e+02
66401 3.001442e+02
66512 3.001442e+02
66535 3.001442e+02
66557 3.001442e+02
66733 3.001442e+02
66817 3.001442e+02
66835 3.001442e+02
66909 3.001442e+02
66931 3.001442e+02
66972 3.001442e+02
67013 3.001442e+02
67047 3.001442e+02
67139 3.001442e+02
67191 3.001442e+02
67211 3.001442e+02
67220 3.001442e+02
67227 3.001442e+02
67327 3.001442e+02
67349 3.001442e+02
67424 3.001442e+02
67512 3.001442e+02
67597 3.001442e+02
67598 3.001442e+02
67654 3.001442e+02
67709 3.001442e+02
67756 3.001442e+02
67853 3.001442e+02
67968 3.001442e+02
68110 3.001442e+02
68114 3.001442e+02
68115 3.001442e+02
68128 3.001442e+02
68161 3.001442e+02
68179 3.001442e+02
68220 3.001442e+02
68316 3.001442e+02
68821 3.001442e+02
68838 3.001442e+02
68891 3.001442e+02
68910 3.001442e+02
68935 3.001442e+02
69035 3.001442e+02
69067 3.001442e+02
69169 3.001442e+02
69248 3.001442e+02
69345 3.001442e+02
69603 3.001442e+02
69648 3.001442e+02
69655 3.001442e+02
69798 3.001442e+02
69864 3.001442e+02
69890 3.001442e+02
69891 3.001442e+02
70016 3.001442e+02
70102 3.001442e+02
70138 3.001442e+02
70418 3.001442e+02
70639 3.001442e+02
70737 3.001442e+02
70756 3.001442e+02
70776 3.001442e+02
70790 3.001442e+02
70849 3.001442e+02
70901 3.001442e+02
70944 3.001442e+02
70987 3.001442e+02
71084 3.001442e+02
71100 3.001442e+02
71202 3.001442e+02
71241 3.001442e+02
71272 3.001442e+02
71440 3.001442e+02
71476 3.001442e+02
71523 3.001442e+02
71615 3.001442e+02
71664 3.001442e+02
71702 3.001442e+02
71727 3.001442e+02
71760 3.001442e+02
71781 3.001442e+02
71858 3.001442e+02
71957 3.001442e+02
72106 3.001442e+02
72158 3.001442e+02
72163 3.001442e+02
72170 3.001442e+02
72258 3.001442e+02
72354 3.001442e+02
72428 3.001442e+02
72463 3.001442e+02
72665 3.001442e+02
72761 3.001442e+02
72792 3.001442e+02
72896 3.001442e+02
72944 3.001442e+02
73112 3.001442e+02
73158 3.001442e+02
73244 3.001442e+02
73274 3.001442e+02
73358 3.001442e+02
73362 3.001442e+02
73664 3.001442e+02
73688 3.001442e+02
73742 3.001442e+02
73789 3.001442e+02
73816 3.001442e+02
73996 3.001442e+02
74022 3.001442e+02
74063 3.001442e+02
74115 3.001442e+02
74150 3.001442e+02
74154 3.001442e+02
74191 3.001442e+02
74311 3.001442e+02
74591 3.001442e+02
74596 3.001442e+02
74628 3.001442e+02
74652 3.001442e+02
74799 3.001442e+02
74839 3.001442e+02
74879 3.001442e+02
74969 3.001442e+02
74988 3.001442e+02
159114 3.001220e+02
159189 3.000550e+02
159221 2.999883e+02
159238 2.996080e+02
159279 2.995089e+02
159313 2.993527e+02
159382 2.991164e+02
159387 2.990236e+02
159404 2.988460e+02
159546 2.987118e+02
159548 2.976040e+02
159832 2.972968e+02
159969 2.971608e+02
160034 2.967393e+02
160062 2.965962e+02
160433 2.961927e+02
160797 2.961844e+02
160802 2.954621e+02
160826 2.953519e+02
160894 2.950933e+02
160959 2.950839e+02
160970 2.950392e+02
161066 2.944534e+02
161185 2.942035e+02
161394 2.941731e+02
161545 2.940078e+02
161615 2.938450e+02
161686 2.937910e+02
161712 2.935002e+02
162075 2.931266e+02
162187 2.929777e+02
162387 2.929239e+02
162512 2.928348e+02
162542 2.927460e+02
162559 2.924718e+02
162748 2.921576e+02
162786 2.920837e+02
162881 2.916905e+02
163633 2.914781e+02
163812 2.911234e+02
163998 2.910628e+02
164082 2.908989e+02
164168 2.906469e+02
164264 2.906329e+02
164392 2.905139e+02
164642 2.901131e+02
165028 2.900610e+02
165104 2.899600e+02
165184 2.899519e+02
165232 2.897990e+02
165338 2.896585e+02
165538 2.896580e+02
165584 2.896547e+02
165639 2.895840e+02
165674 2.895450e+02
165688 2.894320e+02
165876 2.893890e+02
166050 2.893564e+02
166166 2.892733e+02
166214 2.892003e+02
166340 2.891506e+02
166396 2.891497e+02
166400 2.891201e+02
166412 2.891200e+02
166493 2.890800e+02
166608 2.890738e+02
166623 2.890126e+02
166756 2.889926e+02
166757 2.889803e+02
166834 2.888760e+02
167099 2.888395e+02
167257 2.888264e+02
167273 2.887600e+02
167346 2.887504e+02
167665 2.886764e+02
167769 2.886703e+02
167783 2.886653e+02
167857 2.886607e+02
167887 2.886543e+02
167902 2.885700e+02
168168 2.885427e+02
168227 2.885153e+02
168375 2.885124e+02
168430 2.884951e+02
168497 2.884781e+02
168550 2.884659e+02
168585 2.884421e+02
168648 2.884332e+02
168701 2.884109e+02
168830 2.884041e+02
168864 2.884031e+02
168918 2.883694e+02
169101 2.883670e+02
169206 2.883655e+02
169355 2.883407e+02
169579 2.883320e+02
169613 2.883242e+02
169685 2.883135e+02
169768 2.882998e+02
169829 2.882958e+02
169940 2.882793e+02
170085 2.882754e+02
170101 2.882616e+02
170148 2.882523e+02
170380 2.882522e+02
170386 2.882419e+02
170479 2.882390e+02
170536 2.882386e+02
170622 2.882338e+02
170702 2.882290e+02
170726 2.882154e+02
170836 2.882042e+02
171029 2.881845e+02
171119 2.881836e+02
171147 2.881641e+02
171468 2.881566e+02
171754 2.881515e+02
171787 2.881505e+02
171866 2.881476e+02
171926 2.881398e+02
172026 2.881341e+02
172134 2.881337e+02
172162 2.881223e+02
172343 2.881168e+02
172348 2.881155e+02
172422 2.881103e+02
172588 2.881080e+02
172894 2.881025e+02
173043 2.881015e+02
173128 2.881011e+02
173129 2.881008e+02
173134 2.881000e+02
173139 2.880971e+02
173156 2.880940e+02
173185 2.880935e+02
173217 2.880935e+02
173229 2.880916e+02
173291 2.880908e+02
173295 2.880900e+02
173327 2.880812e+02
173644 2.880791e+02
173687 2.880730e+02
173821 2.880711e+02
174022 2.880711e+02
174105 2.880704e+02
174168 2.880698e+02
174281 2.880654e+02
174362 2.880633e+02
174423 2.880625e+02
174484 2.880613e+02
174534 2.880602e+02
174565 2.880601e+02
174775 2.880577e+02
174862 2.880567e+02
174963 2.880566e+02
174968 2.880548e+02
175044 2.880547e+02
175124 2.880544e+02
175131 2.880511e+02
175420 2.880506e+02
175496 2.880489e+02
175516 2.880485e+02
175658 2.880482e+02
175675 2.880459e+02
175809 2.880453e+02
175841 2.880452e+02
175909 2.880439e+02
175990 2.880435e+02
176000 2.880419e+02
176060 2.880410e+02
176116 2.880404e+02
176136 2.880400e+02
176449 2.880389e+02
176511 2.880372e+02
176644 2.880355e+02
176983 2.880350e+02
177001 2.880341e+02
177062 2.880333e+02
177196 2.880333e+02
177230 2.880313e+02
177422 2.880312e+02
177621 2.880295e+02
177860 2.880291e+02
177866 2.880287e+02
178011 2.880286e+02
178070 2.880285e+02
178184 2.880280e+02
178282 2.880280e+02
178414 2.880279e+02
178458 2.880278e+02
178493 2.880277e+02
178504 2.880270e+02
178552 2.880261e+02
178616 2.880259e+02
178732 2.880253e+02
178839 2.880252e+02
178864 2.880249e+02
179092 2.880243e+02
179396 2.880236e+02
179478 2.880236e+02
179528 2.880235e+02
179634 2.880235e+02
179683 2.880234e+02
179730 2.880233e+02
179966 2.880231e+02
180017 2.880230e+02
180060 2.880226e+02
180124 2.880224e+02
180139 2.880223e+02
180163 2.880219e+02
180186 2.880216e+02
180198 2.880216e+02
180759 2.880214e+02
180874 2.880214e+02
180890 2.880213e+02
180933 2.880210e+02
181040 2.880209e+02
181120 2.880205e+02
181327 2.880205e+02
181344 2.880203e+02
181413 2.880202e+02
181445 2.880198e+02
181600 2.880198e+02
181658 2.880196e+02
181741 2.880193e+02
181921 2.880191e+02
182072 2.880190e+02
182113 2.880190e+02
182216 2.880188e+02
182360 2.880188e+02
182372 2.880188e+02
182403 2.880186e+02
182445 2.880185e+02
182541 2.880185e+02
182557 2.880185e+02
182603 2.880185e+02
182609 2.880184e+02
182621 2.880184e+02
182655 2.880183e+02
182724 2.880183e+02
182754 2.880182e+02
182815 2.880180e+02
182915 2.880180e+02
182998 2.880179e+02
183028 2.880177e+02
183102 2.880177e+02
183132 2.880173e+02
183473 2.880173e+02
183487 2.880171e+02
183541 2.880171e+02
183644 2.880171e+02
183706 2.880170e+02
183728 2.880169e+02
183754 2.880169e+02
183921 2.880168e+02
183953 2.880165e+02
184325 2.880164e+02
184448 2.880164e+02
184521 2.880164e+02
184600 2.880163e+02
184636 2.880163e+02
184644 2.880163e+02
184695 2.880162e+02
184739 2.880162e+02
184899 2.880162e+02
184930 2.880160e+02
185269 2.880160e+02
185577 2.880160e+02
185658 2.880160e+02
185672 2.880159e+02
185684 2.880159e+02
185697 2.880158e+02
185724 2.880158e+02
185919 2.880158e+02
185952 2.880157e+02
186060 2.880157e+02
186067 2.880156e+02
186132 2.880156e+02
186185 2.880156e+02
186229 2.880156e+02
186230 2.880156e+02
186256 2.880156e+02
186264 2.880156e+02
186280 2.880156e+02
186329 2.880155e+02
186371 2.880155e+02
186499 2.880154e+02
186555 2.880154e+02
186699 2.880154e+02
186747 2.880154e+02
186758 2.880153e+02
186799 2.880153e+02
187259 2.880152e+02
187793 2.880151e+02
187933 2.880151e+02
187957 2.880151e+02
188012 2.880151e+02
188140 2.880151e+02
188177 2.880150e+02
188472 2.880150e+02
188572 2.880150e+02
188672 2.880150e+02
188674 2.880150e+02
188803 2.880150e+02
188869 2.880149e+02
189050 2.880149e+02
189054 2.880149e+02
189096 2.880149e+02
189315 2.880149e+02
189332 2.880148e+02
189713 2.880148e+02
189813 2.880148e+02
189858 2.880148e+02
189975 2.880148e+02
189988 2.880148e+02
190012 2.880148e+02
190029 2.880148e+02
190324 2.880148e+02
190426 2.880148e+02
190449 2.880148e+02
190552 2.880147e+02
190612 2.880147e+02
190681 2.880147e+02
190821 2.880147e+02
190861 2.880147e+02
190929 2.880147e+02
191046 2.880147e+02
191069 2.880147e+02
191262 2.880147e+02
191308 2.880147e+02
191470 2.880147e+02
191624 2.880147e+02
191632 2.880147e+02
191663 2.880147e+02
191676 2.880147e+02
191713 2.880147e+02
191739 2.880147e+02
191858 2.880147e+02
191920 2.880147e+02
191939 2.880147e+02
191952 2.880147e+02
192076 2.880147e+02
192080 2.880147e+02
192098 2.880147e+02
192101 2.880147e+02
192132 2.880147e+02
192298 2.880146e+02
192344 2.880146e+02
192514 2.880146e+02
192550 2.880146e+02
192575 2.880146e+02
192599 2.880146e+02
192618 2.880146e+02
192677 2.880146e+02
192714 2.880146e+02
192746 2.880146e+02
192792 2.880146e+02
192846 2.880146e+02
192850 2.880146e+02
192933 2.880146e+02
192953 2.880146e+02
193308 2.880146e+02
193320 2.880146e+02
193365 2.880146e+02
193425 2.880146e+02
193449 2.880146e+02
193471 2.880146e+02
193509 2.880146e+02
193599 2.880146e+02
193616 2.880146e+02
193638 2.880146e+02
193720 2.880146e+02
193818 2.880146e+02
193820 2.880146e+02
193831 2.880146e+02
193861 2.880146e+02
193883 2.880146e+02
193938 2.880146e+02
193960 2.880146e+02
194000 2.880146e+02
194004 2.880146e+02
194170 2.880146e+02
194183 2.880146e+02
194345 2.880146e+02
194461 2.880146e+02
194468 2.880146e+02
194544 2.880146e+02
194578 2.880146e+02
194698 2.880146e+02
194812 2.880146e+02
194817 2.880146e+02
194819 2.880146e+02
194824 2.880146e+02
194826 2.880146e+02
194863 2.880146e+02
194998 2.880146e+02
195115 2.880146e+02
195193 2.880146e+02
195324 2.880146e+02
195484 2.880146e+02
195489 2.880146e+02
195516 2.880146e+02
195518 2.880146e+02
195556 2.880146e+02
195617 2.880146e+02
195635 2.880146e+02
195678 2.880146e+02
195687 2.880146e+02
195766 2.880146e+02
195874 2.880146e+02
195929 2.880146e+02
196032 2.880146e+02
196034 2.880146e+02
196045 2.880146e+02
196057 2.880146e+02
196152 2.880146e+02
196198 2.880146e+02
196202 2.880146e+02
196234 2.880146e+02
196283 2.880146e+02
196299 2.880146e+02
196461 2.880146e+02
196631 2.880146e+02
196662 2.880146e+02
196687 2.880146e+02
196751 2.880146e+02
196755 2.880146e+02
196901 2.880146e+02
196998 2.880146e+02
197068 2.880146e+02
197149 2.880146e+02
197150 2.880146e+02
197205 2.880146e+02
197235 2.880146e+02
197318 2.880146e+02
197567 2.880146e+02
197570 2.880146e+02
197610 2.880146e+02
197678 2.880146e+02
197870 2.880146e+02
198017 2.880146e+02
198023 2.880146e+02
198036 2.880146e+02
198054 2.880146e+02
198150 2.880146e+02
198302 2.880146e+02
198365 2.880146e+02
198384 2.880146e+02
198406 2.880146e+02
198407 2.880146e+02
198532 2.880146e+02
198548 2.880146e+02
198569 2.880146e+02
198576 2.880146e+02
198634 2.880146e+02
198798 2.880146e+02
198821 2.880146e+02
198838 2.880146e+02
198846 2.880146e+02
198861 2.880146e+02
198866 2.880146e+02
198935 2.880146e+02
198967 2.880146e+02
199029 2.880146e+02
199038 2.880146e+02
199068 2.880146e+02
199088 2.880146e+02
199090 2.880146e+02
199225 2.880146e+02
199319 2.880146e+02
199329 2.880146e+02
199358 2.880146e+02
199449 2.880146e+02
199453 2.880146e+02
199617 2.880146e+02
199694 2.880146e+02
199708 2.880146e+02
199763 2.880146e+02
199823 2.880146e+02
199869 2.880146e+02
199942 2.880146e+02
199948 2.880146e+02
199962 2.880146e+02
200089 2.880146e+02
200134 2.880146e+02
200285 2.880146e+02
200372 2.880146e+02
200523 2.880146e+02
200656 2.880146e+02
200720 2.880146e+02
200753 2.880146e+02
200942 2.880146e+02
201003 2.880146e+02
201009 2.880146e+02
201029 2.880146e+02
201073 2.880146e+02
201102 2.880146e+02
201131 2.880146e+02
201133 2.880146e+02
201143 2.880146e+02
201243 2.880146e+02
201301 2.880146e+02
201362 2.880146e+02
201387 2.880146e+02
201434 2.880146e+02
201446 2.880146e+02
201472 2.880146e+02
201763 2.880146e+02
201809 2.880146e+02
201816 2.880146e+02
201831 2.880146e+02
201838 2.880146e+02
202075 2.880146e+02
202155 2.880146e+02
202264 2.880146e+02
202276 2.880146e+02
202393 2.880146e+02
202629 2.880146e+02
202642 2.880146e+02
202779 2.880146e+02
202783 2.880146e+02
202841 2.880146e+02
202947 2.880146e+02
203097 2.880146e+02
203253 2.880146e+02
203334 2.880146e+02
203357 2.880146e+02
203522 2.880146e+02
203527 2.880146e+02
203539 2.880146e+02
203561 2.880146e+02
203567 2.880146e+02
203575 2.880146e+02
203666 2.880146e+02
203676 2.880146e+02
203679 2.880146e+02
203808 2.880146e+02
203827 2.880146e+02
204044 2.880146e+02
204078 2.880146e+02
204121 2.880146e+02
204141 2.880146e+02
204202 2.880146e+02
204472 2.880146e+02
204494 2.880146e+02
204523 2.880146e+02
204525 2.880146e+02
204573 2.880146e+02
204580 2.880146e+02
204634 2.880146e+02
204655 2.880146e+02
204680 2.880146e+02
204724 2.880146e+02
204730 2.880146e+02
204755 2.880146e+02
204791 2.880146e+02
204807 2.880146e+02
204847 2.880146e+02
204871 2.880146e+02
205231 2.880146e+02
205349 2.880146e+02
205367 2.880146e+02
205467 2.880146e+02
205507 2.880146e+02
205558 2.880146e+02
205596 2.880146e+02
205612 2.880146e+02
205626 2.880146e+02
205650 2.880146e+02
205659 2.880146e+02
205666 2.880146e+02
205765 2.880146e+02
205912 2.880146e+02
205955 2.880146e+02
205975 2.880146e+02
205983 2.880146e+02
206056 2.880146e+02
206141 2.880146e+02
206162 2.880146e+02
206198 2.880146e+02
206418 2.880146e+02
206442 2.880146e+02
206470 2.880146e+02
206484 2.880146e+02
206516 2.880146e+02
206542 2.880146e+02
206710 2.880146e+02
206897 2.880146e+02
206899 2.880146e+02
206921 2.880146e+02
207040 2.880146e+02
207049 2.880146e+02
207244 2.880146e+02
207276 2.880146e+02
207316 2.880146e+02
207338 2.880146e+02
207736 2.880146e+02
207819 2.880146e+02
207858 2.880146e+02
208020 2.880146e+02
208056 2.880146e+02
208173 2.880146e+02
208238 2.880146e+02
208309 2.880146e+02
208446 2.880146e+02
208465 2.880146e+02
208483 2.880146e+02
208538 2.880146e+02
208550 2.880146e+02
208741 2.880146e+02
208764 2.880146e+02
208802 2.880146e+02
208810 2.880146e+02
208844 2.880146e+02
209003 2.880146e+02
209170 2.880146e+02
209263 2.880146e+02
209290 2.880146e+02
209581 2.880146e+02
209704 2.880146e+02
209895 2.880146e+02
209916 2.880146e+02
209931 2.880146e+02
209979 2.880146e+02
210017 2.880146e+02
210069 2.880146e+02
210099 2.880146e+02
210124 2.880146e+02
210193 2.880146e+02
210297 2.880146e+02
210298 2.880146e+02
210307 2.880146e+02
210346 2.880146e+02
210484 2.880146e+02
210612 2.880146e+02
210718 2.880146e+02
210882 2.880146e+02
210981 2.880146e+02
211028 2.880146e+02
211089 2.880146e+02
211111 2.880146e+02
211127 2.880146e+02
211195 2.880146e+02
211232 2.880146e+02
211268 2.880146e+02
211361 2.880146e+02
211446 2.880146e+02
211461 2.880146e+02
211466 2.880146e+02
211586 2.880146e+02
211809 2.880146e+02
211868 2.880146e+02
212019 2.880146e+02
212103 2.880146e+02
212137 2.880146e+02
212369 2.880146e+02
212480 2.880146e+02
212501 2.880146e+02
212529 2.880146e+02
212818 2.880146e+02
212832 2.880146e+02
212905 2.880146e+02
212969 2.880146e+02
212972 2.880146e+02
213248 2.880146e+02
213303 2.880146e+02
213317 2.880146e+02
213382 2.880146e+02
213585 2.880146e+02
213638 2.880146e+02
213791 2.880146e+02
213887 2.880146e+02
213971 2.880146e+02
214117 2.880146e+02
214216 2.880146e+02
214307 2.880146e+02
214341 2.880146e+02
214419 2.880146e+02
214450 2.880146e+02
214458 2.880146e+02
214744 2.880146e+02
214864 2.880146e+02
214974 2.880146e+02
214981 2.880146e+02
215004 2.880146e+02
215072 2.880146e+02
215228 2.880146e+02
215236 2.880146e+02
215260 2.880146e+02
215371 2.880146e+02
215399 2.880146e+02
215451 2.880146e+02
215493 2.880146e+02
215543 2.880146e+02
215653 2.880146e+02
215821 2.880146e+02
215868 2.880146e+02
215883 2.880146e+02
215897 2.880146e+02
215921 2.880146e+02
215953 2.880146e+02
215955 2.880146e+02
216066 2.880146e+02
216204 2.880146e+02
216210 2.880146e+02
216243 2.880146e+02
216285 2.880146e+02
216337 2.880146e+02
216351 2.880146e+02
216488 2.880146e+02
216590 2.880146e+02
216591 2.880146e+02
216627 2.880146e+02
216668 2.880146e+02
216683 2.880146e+02
216819 2.880146e+02
216820 2.880146e+02
216825 2.880146e+02
216859 2.880146e+02
216875 2.880146e+02
216911 2.880146e+02
216922 2.880146e+02
216997 2.880146e+02
217085 2.880146e+02
217099 2.880146e+02
217116 2.880146e+02
217141 2.880146e+02
217158 2.880146e+02
217183 2.880146e+02
217233 2.880146e+02
217322 2.880146e+02
217365 2.880146e+02
217375 2.880146e+02
217429 2.880146e+02
217494 2.880146e+02
217539 2.880146e+02
217589 2.880146e+02
217659 2.880146e+02
217751 2.880146e+02
217775 2.880146e+02
217786 2.880146e+02
217819 2.880146e+02
217859 2.880146e+02
217871 2.880146e+02
217901 2.880146e+02
217944 2.880146e+02
217963 2.880146e+02
218009 2.880146e+02
218022 2.880146e+02
218024 2.880146e+02
218124 2.880146e+02
218157 2.880146e+02
218276 2.880146e+02
218308 2.880146e+02
218364 2.880146e+02
218371 2.880146e+02
218438 2.880146e+02
247971 2.873248e+02
249176 2.870346e+02
249757 2.867984e+02
249957 2.864437e+02
250130 2.860388e+02
250783 2.860230e+02
250893 2.857609e+02
251145 2.857066e+02
251239 2.855774e+02
251306 2.855751e+02
251504 2.855607e+02
251505 2.855365e+02
251532 2.848140e+02
251715 2.846174e+02
252320 2.841930e+02
252389 2.841415e+02
252584 2.841191e+02
252663 2.838523e+02
253098 2.834285e+02
254578 2.833130e+02
254665 2.830666e+02
254691 2.830559e+02
254896 2.828438e+02
255058 2.826903e+02
255524 2.826838e+02
255651 2.826780e+02
256010 2.825915e+02
256279 2.824880e+02
256333 2.824413e+02
256822 2.822177e+02
256906 2.822017e+02
257075 2.820051e+02
257165 2.818902e+02
257360 2.818290e+02
257597 2.814668e+02
257767 2.814506e+02
258062 2.812360e+02
258781 2.811787e+02
259026 2.810879e+02
259166 2.809240e+02
259655 2.808940e+02
259850 2.808607e+02
259970 2.808288e+02
260027 2.807493e+02
260653 2.806225e+02
260794 2.804591e+02
261023 2.803339e+02
261444 2.802934e+02
261701 2.801441e+02
262290 2.800278e+02
262753 2.798980e+02
263139 2.798717e+02
263168 2.797896e+02
263354 2.797757e+02
263388 2.796146e+02
264220 2.795638e+02
264454 2.795104e+02
265551 2.794723e+02
265586 2.794376e+02
265715 2.794281e+02
265826 2.794187e+02
265860 2.794081e+02
265940 2.794055e+02
265989 2.793687e+02
266186 2.793654e+02
266194 2.793515e+02
266219 2.793281e+02
266402 2.792091e+02
266681 2.792002e+02
267292 2.791369e+02
268338 2.790220e+02
268493 2.790068e+02
268679 2.789626e+02
268764 2.789606e+02
269062 2.789290e+02
269437 2.788631e+02
269745 2.788566e+02
270033 2.788226e+02
270139 2.787813e+02
270340 2.787565e+02
271490 2.787526e+02
271561 2.786662e+02
271778 2.786505e+02
272022 2.786428e+02
272112 2.785686e+02
272383 2.785523e+02
273266 2.785424e+02
273281 2.785358e+02
273310 2.785320e+02
273388 2.785318e+02
273458 2.785069e+02
273512 2.784318e+02
273958 2.783891e+02
274866 2.783677e+02
275094 2.783638e+02
275292 2.783525e+02
275408 2.783168e+02
275418 2.783085e+02
275625 2.782913e+02
275795 2.782665e+02
276215 2.782315e+02
276968 2.782261e+02
276969 2.782201e+02
277026 2.782107e+02
277095 2.781899e+02
277277 2.781851e+02
277376 2.781724e+02
277472 2.781649e+02
277865 2.781462e+02
278089 2.781300e+02
278492 2.781285e+02
278727 2.780840e+02
279147 2.780824e+02
279298 2.780811e+02
279806 2.780773e+02
279809 2.780370e+02
280436 2.780361e+02
280457 2.780321e+02
280543 2.780231e+02
280640 2.780198e+02
280721 2.780092e+02
280970 2.780009e+02
281136 2.779999e+02
281161 2.779913e+02
281256 2.779891e+02
281465 2.779857e+02
281491 2.779513e+02
282453 2.779467e+02
282939 2.779378e+02
283026 2.779224e+02
283382 2.778942e+02
284724 2.778893e+02
285153 2.778876e+02
285592 2.778853e+02
285633 2.778787e+02
285704 2.778757e+02
286009 2.778750e+02
286376 2.778661e+02
286492 2.778529e+02
286981 2.778458e+02
288201 2.778402e+02
288212 2.778358e+02
289127 2.778315e+02
289151 2.778293e+02
289430 2.778275e+02
289447 2.778259e+02
289590 2.778175e+02
290620 2.778166e+02
290684 2.778149e+02
290752 2.778116e+02
290796 2.778078e+02
290844 2.778046e+02
290989 2.778012e+02
291130 2.777996e+02
291336 2.777916e+02
291817 2.777899e+02
292039 2.777893e+02
292058 2.777888e+02
292289 2.777885e+02
292481 2.777859e+02
292546 2.777837e+02
292639 2.777790e+02
292833 2.777777e+02
292978 2.777773e+02
293088 2.777772e+02
293102 2.777760e+02
293105 2.777737e+02
293163 2.777735e+02
293340 2.777730e+02
293687 2.777681e+02
293735 2.777671e+02
293772 2.777671e+02
293782 2.777663e+02
293839 2.777649e+02
294084 2.777645e+02
294489 2.777606e+02
294535 2.777603e+02
294587 2.777566e+02
295502 2.777566e+02
295512 2.777565e+02
295674 2.777541e+02
296029 2.777515e+02
296284 2.777509e+02
296639 2.777503e+02
296659 2.777475e+02
296817 2.777460e+02
297360 2.777443e+02
297586 2.777438e+02
297644 2.777431e+02
297669 2.777422e+02
297757 2.777420e+02
297791 2.777417e+02
297857 2.777389e+02
298174 2.777374e+02
298343 2.777372e+02
298562 2.777350e+02
298709 2.777344e+02
298823 2.777342e+02
298919 2.777329e+02
299053 2.777328e+02
299390 2.777317e+02
299569 2.777311e+02
299653 2.777311e+02
300120 2.777275e+02
300831 2.777257e+02
301186 2.777254e+02
301260 2.777251e+02
301262 2.777245e+02
301388 2.777243e+02
301455 2.777237e+02
301525 2.777233e+02
301582 2.777216e+02
301854 2.777194e+02
303072 2.777191e+02
303123 2.777190e+02
303194 2.777183e+02
303198 2.777180e+02
303230 2.777177e+02
303378 2.777176e+02
303510 2.777171e+02
303636 2.777158e+02
304239 2.777154e+02
304840 2.777148e+02
305060 2.777142e+02
305173 2.777138e+02
305359 2.777125e+02
305621 2.777118e+02
305944 2.777111e+02
306674 2.777108e+02
306692 2.777095e+02
306790 2.777089e+02
307279 2.777085e+02
307330 2.777081e+02
307462 2.777081e+02
307708 2.777076e+02
307768 2.777073e+02
307925 2.777065e+02
308206 2.777060e+02
308511 2.777056e+02
308886 2.777054e+02
309228 2.777052e+02
309432 2.777048e+02
309694 2.777044e+02
310864 2.777043e+02
310952 2.777043e+02
311151 2.777042e+02
311185 2.777042e+02
311245 2.777037e+02
311858 2.777035e+02
311877 2.777033e+02
311994 2.777030e+02
312239 2.777025e+02
312341 2.777022e+02
312741 2.777019e+02
313070 2.777015e+02
313084 2.777015e+02
313590 2.777013e+02
313800 2.777011e+02
313812 2.777010e+02
314128 2.777009e+02
314332 2.777009e+02
314458 2.777009e+02
314481 2.777008e+02
314485 2.777008e+02
314541 2.777005e+02
315020 2.777003e+02
315041 2.777003e+02
315078 2.777001e+02
315205 2.776999e+02
315338 2.776996e+02
315599 2.776994e+02
315960 2.776991e+02
316595 2.776991e+02
316821 2.776989e+02
316988 2.776989e+02
316989 2.776987e+02
317075 2.776987e+02
317474 2.776986e+02
317587 2.776984e+02
318634 2.776984e+02
318801 2.776983e+02
318997 2.776981e+02
319057 2.776980e+02
319848 2.776978e+02
320881 2.776976e+02
321161 2.776976e+02
321575 2.776976e+02
321777 2.776975e+02
321778 2.776975e+02
321891 2.776974e+02
322069 2.776974e+02
322215 2.776973e+02
322330 2.776972e+02
322355 2.776972e+02
322431 2.776971e+02
322533 2.776971e+02
322599 2.776970e+02
322648 2.776970e+02
322755 2.776969e+02
322871 2.776969e+02
322987 2.776969e+02
323325 2.776968e+02
323795 2.776967e+02
324271 2.776967e+02
324595 2.776967e+02
324606 2.776966e+02
324609 2.776966e+02
324629 2.776966e+02
324753 2.776966e+02
324884 2.776966e+02
324995 2.776965e+02
325024 2.776965e+02
325122 2.776964e+02
325143 2.776964e+02
325254 2.776964e+02
325489 2.776964e+02
325569 2.776963e+02
325799 2.776962e+02
326345 2.776962e+02
326377 2.776962e+02
326386 2.776962e+02
326642 2.776961e+02
326715 2.776960e+02
327659 2.776959e+02
327681 2.776959e+02
327805 2.776959e+02
327857 2.776959e+02
327906 2.776958e+02
328114 2.776958e+02
328428 2.776957e+02
328639 2.776957e+02
328717 2.776957e+02
328763 2.776957e+02
328805 2.776957e+02
328827 2.776957e+02
328938 2.776957e+02
329028 2.776957e+02
329030 2.776957e+02
329039 2.776956e+02
329121 2.776956e+02
329172 2.776956e+02
329343 2.776956e+02
329539 2.776956e+02
329675 2.776955e+02
329967 2.776955e+02
330009 2.776955e+02
330259 2.776955e+02
330271 2.776955e+02
330327 2.776954e+02
330417 2.776954e+02
331346 2.776954e+02
331494 2.776954e+02
331690 2.776954e+02
332081 2.776954e+02
332170 2.776953e+02
332218 2.776953e+02
332442 2.776953e+02
332443 2.776953e+02
332533 2.776953e+02
333744 2.776953e+02
334348 2.776952e+02
334569 2.776952e+02
335044 2.776952e+02
335062 2.776952e+02
335225 2.776952e+02
335424 2.776952e+02
335961 2.776952e+02
335998 2.776952e+02
336013 2.776952e+02
336250 2.776952e+02
336520 2.776951e+02
336578 2.776951e+02
336792 2.776951e+02
336938 2.776951e+02
336943 2.776951e+02
337106 2.776951e+02
337119 2.776951e+02
337187 2.776951e+02
337506 2.776951e+02
337873 2.776951e+02
338231 2.776951e+02
338398 2.776951e+02
338772 2.776951e+02
338779 2.776951e+02
338845 2.776951e+02
338864 2.776951e+02
338964 2.776951e+02
339070 2.776951e+02
339184 2.776950e+02
339351 2.776950e+02
339430 2.776950e+02
339439 2.776950e+02
339619 2.776950e+02
339853 2.776950e+02
339891 2.776950e+02
339955 2.776950e+02
340451 2.776950e+02
340463 2.776950e+02
340773 2.776950e+02
340816 2.776950e+02
340921 2.776950e+02
341297 2.776950e+02
341330 2.776950e+02
341358 2.776950e+02
341657 2.776950e+02
341765 2.776950e+02
341804 2.776950e+02
342184 2.776950e+02
342239 2.776950e+02
342474 2.776950e+02
343074 2.776950e+02
343294 2.776950e+02
343710 2.776950e+02
343867 2.776950e+02
344250 2.776950e+02
344356 2.776950e+02
344532 2.776950e+02
344564 2.776950e+02
344601 2.776950e+02
344683 2.776950e+02
344808 2.776950e+02
345279 2.776950e+02
345350 2.776950e+02
345384 2.776950e+02
345395 2.776950e+02
345472 2.776950e+02
345657 2.776950e+02
345750 2.776950e+02
345752 2.776950e+02
345774 2.776950e+02
345784 2.776950e+02
345871 2.776950e+02
345993 2.776950e+02
346084 2.776950e+02
346234 2.776950e+02
347097 2.776950e+02
347497 2.776950e+02
347601 2.776950e+02
347643 2.776950e+02
347737 2.776950e+02
347866 2.776950e+02
348119 2.776950e+02
348152 2.776950e+02
348215 2.776950e+02
348243 2.776950e+02
348276 2.776950e+02
348663 2.776950e+02
348687 2.776950e+02
348795 2.776950e+02
348798 2.776950e+02
348829 2.776950e+02
349069 2.776950e+02
349354 2.776950e+02
349472 2.776950e+02
349482 2.776950e+02
349490 2.776950e+02
349590 2.776950e+02
349769 2.776950e+02
350078 2.776950e+02
350181 2.776950e+02
350238 2.776950e+02
350377 2.776950e+02
350424 2.776950e+02
350790 2.776950e+02
350847 2.776950e+02
350909 2.776950e+02
350990 2.776950e+02
351011 2.776950e+02
351043 2.776950e+02
351523 2.776950e+02
351589 2.776950e+02
351718 2.776950e+02
351825 2.776950e+02
351912 2.776950e+02
352021 2.776950e+02
352125 2.776950e+02
352320 2.776950e+02
352444 2.776950e+02
352562 2.776950e+02
352581 2.776950e+02
353083 2.776950e+02
353089 2.776950e+02
353212 2.776950e+02
353265 2.776950e+02
353503 2.776950e+02
353723 2.776950e+02
353800 2.776950e+02
354212 2.776950e+02
354302 2.776950e+02
354324 2.776950e+02
354388 2.776950e+02
354452 2.776950e+02
354521 2.776950e+02
354625 2.776950e+02
355015 2.776950e+02
355131 2.776950e+02
355284 2.776950e+02
355434 2.776950e+02
355597 2.776950e+02
355618 2.776950e+02
356136 2.776950e+02
356185 2.776950e+02
356190 2.776950e+02
356249 2.776950e+02
356261 2.776950e+02
356298 2.776950e+02
356381 2.776950e+02
356636 2.776950e+02
356668 2.776950e+02
356822 2.776950e+02
356938 2.776950e+02
357057 2.776950e+02
357113 2.776950e+02
357149 2.776950e+02
357173 2.776950e+02
357174 2.776950e+02
357209 2.776950e+02
357262 2.776950e+02
357656 2.776950e+02
357704 2.776950e+02
357744 2.776950e+02
358262 2.776950e+02
358410 2.776950e+02
358453 2.776950e+02
358809 2.776950e+02
359055 2.776950e+02
359067 2.776950e+02
359223 2.776950e+02
359309 2.776950e+02
359349 2.776950e+02
359440 2.776950e+02
359549 2.776950e+02
359588 2.776950e+02
359746 2.776950e+02
359761 2.776950e+02
359989 2.776950e+02
360099 2.776950e+02
360551 2.776950e+02
360612 2.776950e+02
360685 2.776950e+02
360876 2.776950e+02
360989 2.776950e+02
361323 2.776950e+02
361409 2.776950e+02
361458 2.776950e+02
361669 2.776950e+02
361708 2.776950e+02
361754 2.776950e+02
361831 2.776950e+02
361890 2.776950e+02
361907 2.776950e+02
362182 2.776950e+02
448778 2.776691e+02
449083 2.776220e+02
449508 2.776174e+02
449926 2.776115e+02
450030 2.775793e+02
450274 2.775646e+02
450649 2.775465e+02
451424 2.775089e+02
452431 2.775015e+02
452807 2.774851e+02
453163 2.774736e+02
453229 2.774705e+02
453233 2.774685e+02
453403 2.774539e+02
453406 2.774489e+02
453608 2.774218e+02
454840 2.773854e+02
455591 2.773731e+02
455711 2.773612e+02
455942 2.773590e+02
456065 2.773528e+02
456364 2.773392e+02
456435 2.773253e+02
456842 2.773223e+02
456893 2.773174e+02
456998 2.773051e+02
457024 2.772678e+02
457892 2.772596e+02
458122 2.772520e+02
458410 2.772418e+02
458476 2.772194e+02
458970 2.772035e+02
458993 2.771981e+02
459476 2.771580e+02
461550 2.771343e+02
461845 2.771249e+02
462013 2.771169e+02
462228 2.771156e+02
462432 2.771141e+02
463042 2.770915e+02
463388 2.770804e+02
463995 2.770785e+02
464490 2.770735e+02
464571 2.770713e+02
464776 2.770674e+02
465021 2.770572e+02
465223 2.770376e+02
466255 2.770124e+02
466787 2.770120e+02
467314 2.770087e+02
467984 2.770011e+02
468196 2.769981e+02
468204 2.769893e+02
468236 2.769873e+02
468269 2.769786e+02
468490 2.769766e+02
468679 2.769687e+02
468917 2.769593e+02
469860 2.769552e+02
470620 2.769473e+02
471085 2.769466e+02
471554 2.769331e+02
472238 2.769302e+02
472387 2.769295e+02
472404 2.769274e+02
472446 2.769164e+02
472986 2.769155e+02
473586 2.769117e+02
473811 2.769084e+02
473867 2.769077e+02
473928 2.768979e+02
474414 2.768966e+02
475087 2.768917e+02
475527 2.768875e+02
475809 2.768850e+02
475942 2.768847e+02
476234 2.768836e+02
476389 2.768816e+02
477009 2.768782e+02
477472 2.768742e+02
477804 2.768654e+02
479676 2.768642e+02
479858 2.768639e+02
479871 2.768635e+02
479922 2.768632e+02
479970 2.768621e+02
480075 2.768615e+02
480188 2.768611e+02
480300 2.768596e+02
480331 2.768595e+02
480430 2.768588e+02
480433 2.768584e+02
480616 2.768581e+02
480747 2.768580e+02
481219 2.768570e+02
481297 2.768560e+02
481384 2.768532e+02
481499 2.768528e+02
481842 2.768525e+02
481884 2.768508e+02
482037 2.768507e+02
482429 2.768505e+02
482431 2.768481e+02
482434 2.768423e+02
483857 2.768421e+02
484018 2.768411e+02
484250 2.768386e+02
485445 2.768380e+02
485574 2.768369e+02
485853 2.768358e+02
486248 2.768353e+02
486437 2.768349e+02
486507 2.768344e+02
486771 2.768342e+02
486802 2.768325e+02
486935 2.768305e+02
487575 2.768304e+02
488168 2.768303e+02
488187 2.768295e+02
488194 2.768282e+02
488513 2.768269e+02
489004 2.768264e+02
489135 2.768262e+02
489634 2.768260e+02
489762 2.768253e+02
489875 2.768243e+02
490383 2.768238e+02
490421 2.768231e+02
490502 2.768225e+02
490638 2.768224e+02
490769 2.768218e+02
491325 2.768218e+02
491534 2.768213e+02
491699 2.768213e+02
491753 2.768208e+02
491766 2.768203e+02
491884 2.768194e+02
492089 2.768194e+02
492106 2.768192e+02
492259 2.768191e+02
492470 2.768189e+02
492846 2.768185e+02
492963 2.768171e+02
493405 2.768171e+02
494006 2.768171e+02
494065 2.768167e+02
494262 2.768167e+02
494356 2.768148e+02
494994 2.768146e+02
495171 2.768146e+02
495196 2.768145e+02
495230 2.768144e+02
495515 2.768128e+02
496422 2.768127e+02
496637 2.768124e+02
496906 2.768116e+02
497673 2.768115e+02
497779 2.768114e+02
498162 2.768113e+02
499069 2.768111e+02
499259 2.768111e+02
499301 2.768108e+02
