1 1.244202e+04
2 1.060957e+04
58 1.019868e+04
458 9.970453e+03
478 9.436840e+03
668 8.263980e+03
2468 8.210866e+03
3143 7.033154e+03
4323 6.496175e+03
4665 6.119209e+03
5112 5.615719e+03
5305 5.018020e+03
5723 4.888352e+03
6028 4.844363e+03
6113 4.407862e+03
6289 4.329680e+03
6304 3.893533e+03
6570 3.705876e+03
6753 3.587530e+03
6788 3.413098e+03
6799 3.301670e+03
6907 3.102692e+03
7022 2.683651e+03
7300 2.608772e+03
7302 2.523332e+03
7320 2.462038e+03
7465 2.453601e+03
7477 2.450993e+03
7668 2.446271e+03
7680 2.397702e+03
7695 2.228986e+03
7995 2.143717e+03
8129 2.110557e+03
8145 2.083493e+03
8260 2.037512e+03
8324 2.020669e+03
8382 2.016238e+03
8428 2.009903e+03
8433 2.007535e+03
8469 1.998752e+03
8494 1.960913e+03
8496 1.948689e+03
8797 1.939310e+03
8808 1.933085e+03
8868 1.932431e+03
8966 1.931012e+03
9007 1.915889e+03
9068 1.913115e+03
9143 1.911091e+03
9193 1.909321e+03
9209 1.904350e+03
9612 1.902493e+03
9658 1.901442e+03
9692 1.899850e+03
9725 1.898540e+03
9727 1.897387e+03
9769 1.896664e+03
9852 1.894755e+03
10029 1.894232e+03
10058 1.893311e+03
10160 1.893286e+03
10169 1.893201e+03
10178 1.893007e+03
10197 1.892792e+03
10198 1.892297e+03
10250 1.891756e+03
10263 1.891569e+03
10299 1.890916e+03
10315 1.890816e+03
10372 1.890582e+03
10410 1.890372e+03
10520 1.889988e+03
10702 1.889971e+03
10775 1.889947e+03
10780 1.889860e+03
10808 1.889815e+03
10820 1.889660e+03
10939 1.889604e+03
11027 1.889589e+03
11030 1.889393e+03
11051 1.889391e+03
11064 1.889261e+03
11172 1.889255e+03
11244 1.889211e+03
11259 1.889203e+03
11260 1.889190e+03
11299 1.889137e+03
11398 1.889134e+03
11457 1.889090e+03
11552 1.889080e+03
11574 1.889071e+03
11577 1.889051e+03
11776 1.889049e+03
11780 1.889048e+03
11783 1.889047e+03
11784 1.889036e+03
11789 1.889015e+03
11837 1.889014e+03
11889 1.889013e+03
11937 1.889013e+03
11986 1.888998e+03
12082 1.888997e+03
12131 1.888994e+03
12194 1.888992e+03
12228 1.888992e+03
12241 1.888987e+03
12345 1.888986e+03
12362 1.888985e+03
12386 1.888983e+03
12451 1.888981e+03
12495 1.888981e+03
12512 1.888979e+03
12635 1.888978e+03
12641 1.888978e+03
12664 1.888978e+03
12772 1.888977e+03
12782 1.888977e+03
12901 1.888976e+03
12956 1.888976e+03
12965 1.888975e+03
13193 1.888975e+03
13209 1.888975e+03
13249 1.888974e+03
13311 1.888974e+03
13374 1.888974e+03
13385 1.888974e+03
13398 1.888974e+03
13424 1.888974e+03
13495 1.888974e+03
13525 1.888974e+03
13585 1.888974e+03
13684 1.888974e+03
13718 1.888974e+03
13820 1.888974e+03
13905 1.888974e+03
13936 1.888974e+03
13992 1.888974e+03
14018 1.888974e+03
14028 1.888974e+03
14060 1.888973e+03
14188 1.888973e+03
14241 1.888973e+03
14245 1.888973e+03
14273 1.888973e+03
14439 1.888973e+03
14483 1.888973e+03
14503 1.888973e+03
14509 1.888973e+03
14577 1.888973e+03
14602 1.888973e+03
14668 1.888973e+03
14677 1.888973e+03
14713 1.888973e+03
14721 1.888973e+03
14829 1.888973e+03
14907 1.888973e+03
14929 1.888973e+03
14951 1.888973e+03
14997 1.888973e+03
15042 1.888973e+03
15175 1.888973e+03
15224 1.888973e+03
15226 1.888973e+03
15264 1.888973e+03
15338 1.888973e+03
15339 1.888973e+03
15347 1.888973e+03
15404 1.888973e+03
15443 1.888973e+03
15489 1.888973e+03
15517 1.888973e+03
15530 1.888973e+03
15631 1.888973e+03
15677 1.888973e+03
15682 1.888973e+03
15688 1.888973e+03
15709 1.888973e+03
15877 1.888973e+03
15995 1.888973e+03
16038 1.888973e+03
16056 1.888973e+03
16182 1.888973e+03
16285 1.888973e+03
16323 1.888973e+03
16454 1.888973e+03
16634 1.888973e+03
16650 1.888973e+03
16673 1.888973e+03
16757 1.888973e+03
16781 1.888973e+03
16810 1.888973e+03
16969 1.888973e+03
16979 1.888973e+03
16980 1.888973e+03
17052 1.888973e+03
17056 1.888973e+03
17116 1.888973e+03
17170 1.888973e+03
17285 1.888973e+03
17301 1.888973e+03
17375 1.888973e+03
17404 1.888973e+03
17454 1.888973e+03
17494 1.888973e+03
17508 1.888973e+03
17586 1.888973e+03
17619 1.888973e+03
17706 1.888973e+03
17717 1.888973e+03
17808 1.888973e+03
17818 1.888973e+03
17832 1.888973e+03
17871 1.888973e+03
17886 1.888973e+03
17918 1.888973e+03
17970 1.888973e+03
17985 1.888973e+03
18008 1.888973e+03
18010 1.888973e+03
18072 1.888973e+03
18107 1.888973e+03
18248 1.888973e+03
18262 1.888973e+03
18267 1.888973e+03
18303 1.888973e+03
18368 1.888973e+03
18371 1.888973e+03
18375 1.888973e+03
18516 1.888973e+03
18575 1.888973e+03
18588 1.888973e+03
18627 1.888973e+03
18707 1.888973e+03
18827 1.888973e+03
18840 1.888973e+03
18877 1.888973e+03
18909 1.888973e+03
19055 1.888973e+03
19100 1.888973e+03
19108 1.888973e+03
19110 1.888973e+03
19112 1.888973e+03
19149 1.888973e+03
19159 1.888973e+03
19177 1.888973e+03
19212 1.888973e+03
19228 1.888973e+03
19232 1.888973e+03
19357 1.888973e+03
19374 1.888973e+03
19383 1.888973e+03
19387 1.888973e+03
19455 1.888973e+03
19456 1.888973e+03
40271 1.869118e+03
40462 1.745779e+03
40633 1.435074e+03
40934 1.380769e+03
40935 1.238140e+03
41240 1.151168e+03
41667 1.134536e+03
41685 1.118310e+03
41786 1.078057e+03
41864 1.071643e+03
42176 9.949582e+02
42214 9.904482e+02
42284 9.860650e+02
42316 9.380060e+02
42435 9.060710e+02
42593 8.819924e+02
42897 8.592969e+02
43031 8.554216e+02
43049 8.071807e+02
43391 7.999270e+02
43430 7.994862e+02
43481 7.920237e+02
43532 7.888177e+02
43608 7.800399e+02
43628 7.765019e+02
43810 7.660251e+02
43837 7.658048e+02
43976 7.590820e+02
44498 7.566966e+02
44535 7.521555e+02
44675 7.476709e+02
44721 7.465966e+02
44786 7.459309e+02
140176 7.228110e+02
140185 6.713570e+02
140298 6.137852e+02
140878 5.627616e+02
141058 5.398749e+02
141149 5.043376e+02
141234 5.027226e+02
141365 4.837338e+02
141441 4.450538e+02
141802 4.443923e+02
142149 4.252040e+02
142396 4.239083e+02
142489 4.202541e+02
142582 4.144629e+02
142687 4.125893e+02
142973 4.070084e+02
142992 4.013975e+02
143395 4.008824e+02
143397 4.002204e+02
143742 3.999476e+02
143984 3.991139e+02
144189 3.986338e+02
144209 3.977765e+02
144352 3.957780e+02
144488 3.955657e+02
144757 3.954590e+02
144828 3.954466e+02
144850 3.953650e+02
144876 3.953593e+02
144894 3.944520e+02
144954 3.941161e+02
145058 3.940851e+02
145134 3.939724e+02
145189 3.936729e+02
145193 3.936233e+02
145210 3.933213e+02
145433 3.931313e+02
145485 3.930486e+02
145488 3.928268e+02
145710 3.926579e+02
145811 3.926080e+02
145833 3.922068e+02
145868 3.921954e+02
146063 3.921798e+02
146069 3.920466e+02
146110 3.919843e+02
146212 3.919283e+02
146240 3.918938e+02
146343 3.918691e+02
146449 3.918583e+02
146511 3.917948e+02
146628 3.916403e+02
146997 3.916084e+02
147166 3.915619e+02
147624 3.915381e+02
147628 3.915306e+02
147850 3.915300e+02
147855 3.915011e+02
147950 3.914803e+02
148158 3.914668e+02
148265 3.914262e+02
148660 3.914211e+02
148699 3.913943e+02
148971 3.913758e+02
149087 3.913662e+02
149543 3.913629e+02
149610 3.913485e+02
149723 3.913361e+02
150052 3.913327e+02
150285 3.913297e+02
150453 3.913288e+02
150506 3.913202e+02
150947 3.913162e+02
151196 3.913139e+02
151456 3.913125e+02
152078 3.913109e+02
152159 3.913083e+02
152184 3.913073e+02
152444 3.913069e+02
152558 3.913057e+02
152655 3.913043e+02
152701 3.913034e+02
152877 3.913024e+02
153067 3.913017e+02
153231 3.913011e+02
153919 3.913008e+02
153975 3.913003e+02
154227 3.913000e+02
154242 3.912997e+02
154407 3.912993e+02
154618 3.912990e+02
154707 3.912988e+02
155240 3.912987e+02
155286 3.912983e+02
155611 3.912982e+02
155994 3.912982e+02
156406 3.912982e+02
156799 3.912981e+02
156842 3.912981e+02
156843 3.912981e+02
156880 3.912980e+02
156943 3.912979e+02
157613 3.912979e+02
157875 3.912979e+02
158196 3.912978e+02
158655 3.912978e+02
158746 3.912977e+02
158826 3.912977e+02
158896 3.912977e+02
159500 3.912977e+02
159556 3.912977e+02
159564 3.912977e+02
160088 3.912977e+02
160118 3.912977e+02
160216 3.912977e+02
160501 3.912977e+02
160732 3.912976e+02
161804 3.912976e+02
161890 3.912976e+02
161902 3.912976e+02
162215 3.912976e+02
162774 3.912976e+02
162803 3.912976e+02
163068 3.912976e+02
163105 3.912976e+02
163200 3.912976e+02
163392 3.912976e+02
163429 3.912976e+02
164221 3.912976e+02
164239 3.912976e+02
164339 3.912976e+02
164476 3.912976e+02
164567 3.912976e+02
164669 3.912976e+02
164677 3.912976e+02
165038 3.912976e+02
165269 3.912976e+02
165496 3.912976e+02
166639 3.912976e+02
166756 3.912976e+02
166850 3.912976e+02
166892 3.912976e+02
167040 3.912976e+02
167573 3.912976e+02
167594 3.912976e+02
167679 3.912976e+02
167930 3.912976e+02
167978 3.912976e+02
168157 3.912976e+02
168667 3.912976e+02
169391 3.912976e+02
169579 3.912976e+02
169627 3.912976e+02
170068 3.912976e+02
170277 3.912976e+02
170577 3.912976e+02
170702 3.912976e+02
171443 3.912976e+02
171520 3.912976e+02
171692 3.912976e+02
171738 3.912976e+02
171777 3.912976e+02
171793 3.912976e+02
172659 3.912976e+02
172826 3.912976e+02
173131 3.912976e+02
173271 3.912976e+02
173304 3.912976e+02
173465 3.912976e+02
173494 3.912976e+02
173874 3.912976e+02
174102 3.912976e+02
174401 3.912976e+02
174800 3.912976e+02
175078 3.912976e+02
175212 3.912976e+02
175243 3.912976e+02
176709 3.912976e+02
176782 3.912976e+02
176900 3.912976e+02
177095 3.912976e+02
177205 3.912976e+02
177301 3.912976e+02
177327 3.912976e+02
177965 3.912976e+02
179538 3.912976e+02
180164 3.912976e+02
180650 3.912976e+02
180955 3.912976e+02
180980 3.912976e+02
181261 3.912976e+02
181274 3.912976e+02
181315 3.912976e+02
181340 3.912976e+02
181417 3.912976e+02
181542 3.912976e+02
181627 3.912976e+02
181867 3.912976e+02
182427 3.912976e+02
182595 3.912976e+02
183501 3.912976e+02
183551 3.912976e+02
183569 3.912976e+02
184499 3.912976e+02
185161 3.912976e+02
185706 3.912976e+02
185761 3.912976e+02
186619 3.912976e+02
186621 3.912976e+02
187621 3.912976e+02
187743 3.912976e+02
187893 3.912976e+02
188242 3.912976e+02
188476 3.912976e+02
188597 3.912976e+02
188885 3.912976e+02
189302 3.912976e+02
190674 3.912976e+02
190688 3.912976e+02
191137 3.912976e+02
191583 3.912976e+02
191655 3.912976e+02
191984 3.912976e+02
192007 3.912976e+02
192507 3.912976e+02
192600 3.912976e+02
193056 3.912976e+02
193195 3.912976e+02
193302 3.912976e+02
193389 3.912976e+02
193459 3.912976e+02
194172 3.912976e+02
194235 3.912976e+02
194522 3.912976e+02
195021 3.912976e+02
195048 3.912976e+02
195332 3.912976e+02
195355 3.912976e+02
195437 3.912976e+02
195813 3.912976e+02
195834 3.912976e+02
195919 3.912976e+02
195967 3.912976e+02
196093 3.912976e+02
196516 3.912976e+02
247271 3.788159e+02
247313 3.470403e+02
247709 3.277692e+02
247905 3.176179e+02
248136 2.952843e+02
248547 2.331621e+02
248910 2.046332e+02
249095 1.955332e+02
249197 1.701560e+02
250109 1.559688e+02
250333 1.504764e+02
250698 1.271366e+02
250919 1.220630e+02
251370 1.201996e+02
251815 1.055963e+02
252776 1.011668e+02
253169 9.914778e+01
253216 9.828529e+01
253416 9.463511e+01
253845 9.424947e+01
254163 9.414366e+01
254277 9.309566e+01
254353 9.235123e+01
254465 9.026636e+01
254694 8.887462e+01
255957 8.869307e+01
256138 8.787370e+01
256656 8.756149e+01
256783 8.752420e+01
257389 8.731944e+01
257406 8.725783e+01
257786 8.689471e+01
257793 8.641463e+01
258035 8.626467e+01
258221 8.612540e+01
258655 8.602935e+01
258786 8.589154e+01
259093 8.584867e+01
259196 8.564741e+01
259599 8.564169e+01
259668 8.556632e+01
259903 8.549412e+01
259973 8.545796e+01
260005 8.535778e+01
260006 8.524861e+01
260152 8.524139e+01
260156 8.511361e+01
260785 8.503013e+01
260964 8.502419e+01
261114 8.498398e+01
261130 8.497188e+01
261215 8.494998e+01
261331 8.492395e+01
261419 8.491434e+01
261829 8.487889e+01
262021 8.486625e+01
262042 8.486120e+01
262188 8.484679e+01
262189 8.484100e+01
262564 8.483300e+01
262610 8.478307e+01
263571 8.475701e+01
263959 8.475613e+01
264069 8.475078e+01
264189 8.474646e+01
264437 8.474330e+01
264680 8.474329e+01
264710 8.474082e+01
264809 8.473792e+01
264831 8.473537e+01
264846 8.472369e+01
265415 8.472365e+01
265721 8.472240e+01
265773 8.472106e+01
265856 8.471957e+01
265969 8.471782e+01
266674 8.471572e+01
266994 8.471388e+01
267187 8.470978e+01
268385 8.470972e+01
268404 8.470915e+01
268641 8.470903e+01
268796 8.470900e+01
268916 8.470876e+01
268921 8.470828e+01
269123 8.470801e+01
269270 8.470779e+01
269581 8.470761e+01
269618 8.470740e+01
269699 8.470712e+01
270038 8.470702e+01
270088 8.470693e+01
270221 8.470680e+01
270491 8.470674e+01
270629 8.470654e+01
270640 8.470646e+01
270735 8.470633e+01
271015 8.470630e+01
271036 8.470610e+01
271653 8.470599e+01
271690 8.470596e+01
271985 8.470592e+01
271997 8.470584e+01
272381 8.470584e+01
272439 8.470581e+01
272805 8.470579e+01
272815 8.470578e+01
272861 8.470578e+01
272995 8.470577e+01
273158 8.470577e+01
273182 8.470576e+01
273185 8.470574e+01
273365 8.470573e+01
273399 8.470569e+01
273803 8.470569e+01
273919 8.470569e+01
273966 8.470567e+01
274028 8.470566e+01
275189 8.470565e+01
275568 8.470564e+01
275583 8.470564e+01
275588 8.470564e+01
275621 8.470564e+01
275770 8.470564e+01
275844 8.470563e+01
276038 8.470563e+01
276774 8.470562e+01
276824 8.470562e+01
276933 8.470562e+01
277238 8.470562e+01
278077 8.470562e+01
278466 8.470562e+01
278544 8.470562e+01
278650 8.470562e+01
278785 8.470562e+01
278822 8.470561e+01
279014 8.470561e+01
279339 8.470561e+01
279394 8.470561e+01
279767 8.470561e+01
279846 8.470561e+01
279941 8.470561e+01
279991 8.470561e+01
280190 8.470561e+01
280203 8.470561e+01
280358 8.470561e+01
280563 8.470561e+01
281297 8.470561e+01
281374 8.470561e+01
281563 8.470561e+01
281865 8.470561e+01
282066 8.470561e+01
282250 8.470561e+01
282361 8.470561e+01
282379 8.470561e+01
282599 8.470561e+01
283147 8.470561e+01
283189 8.470561e+01
283384 8.470561e+01
283463 8.470561e+01
283552 8.470561e+01
283578 8.470561e+01
283760 8.470561e+01
283764 8.470561e+01
283907 8.470561e+01
283935 8.470561e+01
283957 8.470561e+01
283966 8.470561e+01
283977 8.470561e+01
284173 8.470561e+01
284208 8.470561e+01
284461 8.470561e+01
284751 8.470561e+01
284788 8.470561e+01
285062 8.470561e+01
285565 8.470561e+01
285719 8.470561e+01
285788 8.470561e+01
285838 8.470561e+01
285857 8.470561e+01
285997 8.470561e+01
286696 8.470561e+01
287133 8.470561e+01
287189 8.470561e+01
287208 8.470561e+01
287215 8.470561e+01
287274 8.470561e+01
287807 8.470561e+01
288040 8.470561e+01
288076 8.470561e+01
288232 8.470561e+01
288304 8.470561e+01
288327 8.470561e+01
288440 8.470561e+01
288563 8.470561e+01
288588 8.470561e+01
288906 8.470561e+01
288935 8.470561e+01
288958 8.470561e+01
288980 8.470561e+01
289033 8.470561e+01
289044 8.470561e+01
289201 8.470561e+01
289460 8.470561e+01
289509 8.470561e+01
289609 8.470561e+01
289828 8.470561e+01
289998 8.470561e+01
290118 8.470561e+01
290229 8.470561e+01
290339 8.470561e+01
290377 8.470561e+01
290600 8.470561e+01
290679 8.470561e+01
290760 8.470561e+01
290880 8.470561e+01
290982 8.470561e+01
291217 8.470561e+01
291469 8.470561e+01
291566 8.470561e+01
291594 8.470561e+01
291598 8.470561e+01
291789 8.470561e+01
292219 8.470561e+01
292508 8.470561e+01
292628 8.470561e+01
292932 8.470561e+01
292950 8.470561e+01
292982 8.470561e+01
293085 8.470561e+01
293108 8.470561e+01
293393 8.470561e+01
293582 8.470561e+01
293635 8.470561e+01
293724 8.470561e+01
293964 8.470561e+01
293975 8.470561e+01
293988 8.470561e+01
294487 8.470561e+01
294517 8.470561e+01
294564 8.470561e+01
294631 8.470561e+01
294721 8.470561e+01
294975 8.470561e+01
