1 1.221776e+04
2 1.183402e+04
7 1.135874e+04
19 1.113316e+04
28 1.090272e+04
33 1.066126e+04
61 1.059359e+04
107 9.447000e+03
849 9.185278e+03
1159 9.141626e+03
1476 8.831324e+03
2978 8.716519e+03
3378 8.283320e+03
3881 8.241410e+03
4188 8.149835e+03
4870 7.214468e+03
5541 7.213463e+03
6258 7.170368e+03
6271 6.389450e+03
6442 5.965161e+03
6639 5.580702e+03
6719 5.347191e+03
6876 4.630950e+03
6969 4.555564e+03
7089 4.422177e+03
7219 4.286038e+03
7305 3.842657e+03
7551 3.820475e+03
7558 3.426056e+03
7604 3.235835e+03
7769 3.196554e+03
7797 3.189904e+03
7850 3.125030e+03
7869 3.092257e+03
8034 3.052659e+03
8067 2.998525e+03
8104 2.895463e+03
8108 2.854188e+03
8208 2.849528e+03
8209 2.847750e+03
8218 2.789526e+03
8225 2.788959e+03
8274 2.755007e+03
8276 2.752387e+03
8325 2.743598e+03
8383 2.717154e+03
8412 2.675999e+03
8456 2.652577e+03
8476 2.636712e+03
8480 2.618867e+03
8522 2.606652e+03
8681 2.547269e+03
8882 2.535033e+03
8956 2.511720e+03
9016 2.507990e+03
9078 2.504294e+03
9200 2.500974e+03
9323 2.496809e+03
9328 2.496274e+03
9354 2.496053e+03
9365 2.491519e+03
9435 2.488366e+03
9461 2.487086e+03
9471 2.483439e+03
9558 2.483120e+03
9596 2.482845e+03
9659 2.480962e+03
9675 2.480116e+03
9749 2.480034e+03
9764 2.479256e+03
9774 2.477599e+03
9777 2.473712e+03
9832 2.471954e+03
10097 2.471503e+03
10180 2.471097e+03
10181 2.470353e+03
10236 2.469442e+03
10284 2.469220e+03
10377 2.468971e+03
10392 2.468628e+03
10402 2.468197e+03
10460 2.468193e+03
10469 2.468135e+03
10476 2.468029e+03
10492 2.467886e+03
10689 2.467792e+03
10757 2.467630e+03
10819 2.467568e+03
10854 2.467395e+03
10915 2.467388e+03
10940 2.467358e+03
10963 2.467319e+03
11124 2.467305e+03
11125 2.467266e+03
11151 2.467226e+03
11163 2.467162e+03
11192 2.467157e+03
11246 2.467120e+03
11258 2.467087e+03
11262 2.467075e+03
11281 2.467032e+03
11301 2.467026e+03
11338 2.467004e+03
11375 2.467001e+03
11419 2.466984e+03
11472 2.466982e+03
11475 2.466971e+03
11491 2.466918e+03
11560 2.466907e+03
11564 2.466901e+03
11604 2.466900e+03
11700 2.466886e+03
11764 2.466853e+03
11881 2.466843e+03
11964 2.466839e+03
12168 2.466833e+03
12222 2.466832e+03
12234 2.466831e+03
12248 2.466828e+03
12288 2.466825e+03
12312 2.466825e+03
12327 2.466824e+03
12356 2.466823e+03
12419 2.466821e+03
12505 2.466820e+03
12524 2.466820e+03
12529 2.466817e+03
12719 2.466816e+03
12750 2.466815e+03
12763 2.466814e+03
12790 2.466814e+03
12892 2.466814e+03
12917 2.466813e+03
13077 2.466813e+03
13147 2.466813e+03
13159 2.466812e+03
13188 2.466812e+03
13227 2.466812e+03
13352 2.466812e+03
13391 2.466812e+03
13404 2.466812e+03
13492 2.466812e+03
13526 2.466812e+03
13533 2.466812e+03
13571 2.466811e+03
13729 2.466811e+03
13762 2.466811e+03
13791 2.466811e+03
13834 2.466811e+03
13873 2.466811e+03
13896 2.466811e+03
13988 2.466811e+03
14075 2.466811e+03
14111 2.466811e+03
14150 2.466811e+03
14164 2.466811e+03
14180 2.466811e+03
14240 2.466811e+03
14277 2.466811e+03
14365 2.466811e+03
14406 2.466811e+03
14448 2.466811e+03
14483 2.466811e+03
14491 2.466811e+03
14493 2.466811e+03
14509 2.466811e+03
14524 2.466811e+03
14648 2.466811e+03
14761 2.466811e+03
14768 2.466811e+03
14779 2.466811e+03
14815 2.466811e+03
14896 2.466811e+03
15014 2.466811e+03
15065 2.466811e+03
15085 2.466811e+03
15087 2.466811e+03
15089 2.466811e+03
15166 2.466811e+03
15233 2.466811e+03
15332 2.466811e+03
15352 2.466811e+03
15410 2.466811e+03
15454 2.466811e+03
15696 2.466811e+03
15758 2.466811e+03
15766 2.466811e+03
15813 2.466811e+03
15835 2.466811e+03
15837 2.466811e+03
15880 2.466811e+03
15898 2.466811e+03
15927 2.466811e+03
15959 2.466811e+03
15965 2.466811e+03
16053 2.466811e+03
16063 2.466811e+03
16077 2.466811e+03
16226 2.466811e+03
16233 2.466811e+03
16276 2.466811e+03
16309 2.466811e+03
16353 2.466811e+03
16389 2.466811e+03
16475 2.466811e+03
16565 2.466811e+03
16568 2.466811e+03
16704 2.466811e+03
16741 2.466811e+03
16744 2.466811e+03
16756 2.466811e+03
16837 2.466811e+03
16851 2.466811e+03
16865 2.466811e+03
16904 2.466811e+03
16939 2.466811e+03
16990 2.466811e+03
17026 2.466811e+03
17046 2.466811e+03
17093 2.466811e+03
17151 2.466811e+03
17167 2.466811e+03
17173 2.466811e+03
17233 2.466811e+03
17237 2.466811e+03
17393 2.466811e+03
17461 2.466811e+03
17463 2.466811e+03
17515 2.466811e+03
17670 2.466811e+03
17701 2.466811e+03
17736 2.466811e+03
17760 2.466811e+03
17841 2.466811e+03
17928 2.466811e+03
17969 2.466811e+03
18009 2.466811e+03
18018 2.466811e+03
18031 2.466811e+03
18095 2.466811e+03
18131 2.466811e+03
18291 2.466811e+03
18323 2.466811e+03
18347 2.466811e+03
18372 2.466811e+03
18416 2.466811e+03
18424 2.466811e+03
18437 2.466811e+03
18454 2.466811e+03
18464 2.466811e+03
18546 2.466811e+03
18556 2.466811e+03
18596 2.466811e+03
18602 2.466811e+03
18644 2.466811e+03
18676 2.466811e+03
18708 2.466811e+03
18728 2.466811e+03
18763 2.466811e+03
18767 2.466811e+03
18792 2.466811e+03
18795 2.466811e+03
18865 2.466811e+03
19068 2.466811e+03
19071 2.466811e+03
19102 2.466811e+03
19116 2.466811e+03
19122 2.466811e+03
19136 2.466811e+03
19199 2.466811e+03
19219 2.466811e+03
19243 2.466811e+03
19248 2.466811e+03
19261 2.466811e+03
19318 2.466811e+03
101219 2.189718e+03
101286 2.044195e+03
101308 1.927308e+03
101313 1.925813e+03
101345 1.781090e+03
101389 1.708228e+03
101395 1.612311e+03
101479 1.295946e+03
101572 1.282484e+03
101597 1.179831e+03
101661 1.163289e+03
101669 1.142562e+03
101749 1.116671e+03
101754 1.111398e+03
101778 9.846944e+02
101911 9.836694e+02
101922 9.785662e+02
101962 9.603659e+02
101963 9.417521e+02
102026 9.245726e+02
102040 9.040115e+02
102099 9.025359e+02
102142 8.925850e+02
102143 8.571447e+02
102204 8.347596e+02
102218 8.149456e+02
102362 8.122526e+02
102386 7.831041e+02
102424 7.578561e+02
102623 7.490334e+02
102713 7.435242e+02
102933 7.416374e+02
103018 7.400860e+02
103054 7.388292e+02
103076 7.384103e+02
103090 7.383884e+02
103091 7.361504e+02
103179 7.330536e+02
103181 7.312816e+02
103232 7.307352e+02
103365 7.300762e+02
103371 7.299062e+02
103378 7.290293e+02
103390 7.282657e+02
103519 7.276372e+02
103541 7.243698e+02
103718 7.225652e+02
103866 7.210301e+02
104023 7.208397e+02
104134 7.202459e+02
104150 7.197534e+02
104337 7.195163e+02
104494 7.188005e+02
104559 7.186027e+02
104731 7.185522e+02
104796 7.183672e+02
104835 7.183671e+02
104884 7.183007e+02
104887 7.182351e+02
104926 7.182209e+02
104975 7.181896e+02
105029 7.181296e+02
105050 7.181293e+02
105059 7.180756e+02
105089 7.180739e+02
105125 7.180515e+02
105126 7.180017e+02
105158 7.179813e+02
105203 7.179466e+02
105220 7.179420e+02
105326 7.179398e+02
105380 7.179202e+02
105382 7.178869e+02
105424 7.178738e+02
105458 7.178685e+02
105496 7.178389e+02
105568 7.178367e+02
105590 7.178353e+02
105619 7.178180e+02
105630 7.178054e+02
105659 7.177928e+02
105718 7.177839e+02
105829 7.177833e+02
105951 7.177789e+02
105979 7.177646e+02
106033 7.177637e+02
106045 7.177625e+02
106047 7.177611e+02
106074 7.177575e+02
106091 7.177556e+02
106095 7.177546e+02
106112 7.177515e+02
106189 7.177458e+02
106196 7.177448e+02
106282 7.177438e+02
106290 7.177425e+02
106314 7.177389e+02
106348 7.177355e+02
106393 7.177352e+02
106402 7.177318e+02
106445 7.177278e+02
106602 7.177274e+02
106662 7.177272e+02
106677 7.177266e+02
106714 7.177251e+02
106756 7.177243e+02
106774 7.177230e+02
106807 7.177219e+02
107050 7.177207e+02
107070 7.177195e+02
107261 7.177189e+02
107306 7.177188e+02
107363 7.177186e+02
107433 7.177181e+02
107465 7.177180e+02
107502 7.177180e+02
107512 7.177179e+02
107524 7.177178e+02
107528 7.177177e+02
107531 7.177174e+02
107671 7.177171e+02
107706 7.177170e+02
107811 7.177168e+02
107818 7.177168e+02
107939 7.177167e+02
107988 7.177167e+02
108060 7.177167e+02
108153 7.177167e+02
108183 7.177166e+02
108294 7.177166e+02
108335 7.177166e+02
108342 7.177166e+02
108364 7.177166e+02
108370 7.177166e+02
108388 7.177166e+02
108424 7.177166e+02
108535 7.177166e+02
108575 7.177165e+02
108646 7.177165e+02
108725 7.177165e+02
108765 7.177165e+02
108780 7.177165e+02
108835 7.177165e+02
108871 7.177165e+02
108886 7.177165e+02
109008 7.177165e+02
109022 7.177165e+02
109028 7.177165e+02
109041 7.177165e+02
109049 7.177165e+02
109050 7.177165e+02
109193 7.177165e+02
109195 7.177165e+02
109211 7.177165e+02
109231 7.177165e+02
109234 7.177165e+02
109288 7.177165e+02
109461 7.177165e+02
109521 7.177165e+02
109588 7.177165e+02
109591 7.177165e+02
109603 7.177165e+02
109610 7.177165e+02
109659 7.177165e+02
109665 7.177165e+02
109683 7.177165e+02
109726 7.177165e+02
109735 7.177165e+02
109737 7.177165e+02
109844 7.177165e+02
109929 7.177165e+02
109934 7.177165e+02
109962 7.177165e+02
110064 7.177165e+02
110136 7.177165e+02
110137 7.177165e+02
110144 7.177165e+02
110182 7.177165e+02
110202 7.177165e+02
110223 7.177165e+02
110245 7.177165e+02
110265 7.177165e+02
110271 7.177165e+02
110301 7.177165e+02
110363 7.177165e+02
110396 7.177165e+02
110409 7.177165e+02
110415 7.177165e+02
110461 7.177165e+02
110475 7.177165e+02
110489 7.177165e+02
110576 7.177165e+02
110596 7.177165e+02
110600 7.177165e+02
110641 7.177165e+02
110669 7.177165e+02
110704 7.177165e+02
110797 7.177165e+02
110831 7.177165e+02
110860 7.177165e+02
110862 7.177165e+02
110957 7.177165e+02
111005 7.177165e+02
111083 7.177165e+02
111116 7.177165e+02
111146 7.177165e+02
111176 7.177165e+02
111197 7.177165e+02
111206 7.177165e+02
111207 7.177165e+02
111250 7.177165e+02
111451 7.177165e+02
111506 7.177165e+02
111526 7.177165e+02
111577 7.177165e+02
111656 7.177165e+02
111670 7.177165e+02
111841 7.177165e+02
111862 7.177165e+02
111865 7.177165e+02
111919 7.177165e+02
111936 7.177165e+02
111975 7.177165e+02
112016 7.177165e+02
112034 7.177165e+02
112125 7.177165e+02
112255 7.177165e+02
112291 7.177165e+02
112298 7.177165e+02
112311 7.177165e+02
112313 7.177165e+02
112322 7.177165e+02
112353 7.177165e+02
112358 7.177165e+02
112459 7.177165e+02
112527 7.177165e+02
112538 7.177165e+02
112563 7.177165e+02
112650 7.177165e+02
112681 7.177165e+02
112753 7.177165e+02
112774 7.177165e+02
112791 7.177165e+02
112872 7.177165e+02
112874 7.177165e+02
112937 7.177165e+02
112959 7.177165e+02
112971 7.177165e+02
113122 7.177165e+02
113150 7.177165e+02
113176 7.177165e+02
113190 7.177165e+02
113289 7.177165e+02
143857 6.658282e+02
144059 5.650771e+02
144455 5.535846e+02
144724 5.382839e+02
144752 5.244791e+02
144994 5.131429e+02
145014 4.937122e+02
145034 4.589818e+02
145105 4.526262e+02
145223 4.518684e+02
145462 4.494510e+02
145607 4.312469e+02
145665 4.233018e+02
145701 4.096298e+02
145902 3.961062e+02
145921 3.765215e+02
145962 3.648246e+02
146062 3.641110e+02
146144 3.464390e+02
146737 3.446272e+02
146935 3.435466e+02
146953 3.355534e+02
147020 3.339004e+02
147048 3.319408e+02
147151 3.233852e+02
147369 3.194451e+02
147562 3.174149e+02
147688 3.166969e+02
147735 3.139529e+02
147856 3.114841e+02
147951 3.097820e+02
148055 3.091998e+02
148351 3.044610e+02
148508 3.043367e+02
148574 3.043261e+02
148587 3.026720e+02
148820 3.022754e+02
148904 3.001007e+02
148996 2.994036e+02
149071 2.988427e+02
149107 2.986048e+02
149113 2.969199e+02
149200 2.960850e+02
149468 2.954102e+02
149639 2.950764e+02
149780 2.950131e+02
149801 2.949465e+02
149838 2.944813e+02
149956 2.943183e+02
150079 2.938976e+02
150135 2.932276e+02
150424 2.930368e+02
150457 2.927164e+02
150686 2.925832e+02
150777 2.925648e+02
150900 2.925404e+02
150903 2.924882e+02
150913 2.923978e+02
150996 2.921448e+02
151166 2.920441e+02
151470 2.918894e+02
151731 2.918001e+02
151746 2.917843e+02
152092 2.917832e+02
152169 2.917382e+02
152243 2.917089e+02
152449 2.916950e+02
152468 2.916903e+02
152545 2.916786e+02
152595 2.916619e+02
152636 2.916424e+02
152645 2.916353e+02
152828 2.916198e+02
152889 2.916184e+02
152942 2.916161e+02
152969 2.916076e+02
153241 2.915995e+02
153431 2.915868e+02
153448 2.915781e+02
153592 2.915758e+02
153718 2.915714e+02
154181 2.915701e+02
154195 2.915675e+02
154201 2.915660e+02
154281 2.915576e+02
154641 2.915570e+02
154705 2.915559e+02
154744 2.915557e+02
154757 2.915505e+02
154950 2.915496e+02
155052 2.915490e+02
155194 2.915490e+02
155207 2.915486e+02
155510 2.915485e+02
155541 2.915484e+02
155601 2.915483e+02
155607 2.915478e+02
155698 2.915470e+02
155828 2.915463e+02
155857 2.915458e+02
155876 2.915456e+02
156087 2.915454e+02
156253 2.915453e+02
156257 2.915451e+02
156264 2.915439e+02
156492 2.915435e+02
156740 2.915432e+02
156872 2.915429e+02
156931 2.915427e+02
157030 2.915427e+02
157045 2.915426e+02
157051 2.915425e+02
157093 2.915424e+02
157122 2.915423e+02
157219 2.915418e+02
157795 2.915418e+02
157983 2.915416e+02
158293 2.915415e+02
158535 2.915415e+02
158547 2.915415e+02
158567 2.915415e+02
158658 2.915414e+02
158763 2.915414e+02
158881 2.915414e+02
158913 2.915413e+02
159052 2.915413e+02
159135 2.915413e+02
159207 2.915412e+02
159591 2.915412e+02
159619 2.915412e+02
159759 2.915412e+02
159828 2.915412e+02
160072 2.915412e+02
160086 2.915412e+02
160179 2.915412e+02
160211 2.915412e+02
160214 2.915411e+02
160226 2.915411e+02
160380 2.915411e+02
160396 2.915411e+02
160462 2.915411e+02
160511 2.915411e+02
160539 2.915411e+02
160643 2.915411e+02
160653 2.915411e+02
160756 2.915411e+02
160820 2.915411e+02
160834 2.915411e+02
160992 2.915411e+02
161046 2.915411e+02
161270 2.915411e+02
161605 2.915411e+02
161750 2.915411e+02
161828 2.915411e+02
161857 2.915411e+02
161864 2.915411e+02
161981 2.915411e+02
162049 2.915411e+02
162291 2.915411e+02
162420 2.915411e+02
162528 2.915411e+02
162711 2.915411e+02
162876 2.915411e+02
163067 2.915411e+02
163082 2.915411e+02
163144 2.915411e+02
163364 2.915411e+02
163397 2.915411e+02
163447 2.915411e+02
163542 2.915411e+02
163622 2.915411e+02
163700 2.915411e+02
163759 2.915411e+02
164219 2.915411e+02
164334 2.915411e+02
164460 2.915411e+02
164537 2.915411e+02
164712 2.915411e+02
164923 2.915411e+02
165002 2.915411e+02
165067 2.915411e+02
165279 2.915411e+02
165440 2.915411e+02
165640 2.915411e+02
165778 2.915411e+02
165799 2.915411e+02
165847 2.915411e+02
165909 2.915411e+02
165954 2.915411e+02
166070 2.915411e+02
166088 2.915411e+02
166210 2.915411e+02
166221 2.915411e+02
166310 2.915411e+02
166455 2.915411e+02
166548 2.915411e+02
166557 2.915411e+02
166580 2.915411e+02
166626 2.915411e+02
166797 2.915411e+02
166854 2.915411e+02
166900 2.915411e+02
167020 2.915411e+02
167307 2.915411e+02
167402 2.915411e+02
167435 2.915411e+02
167721 2.915411e+02
167963 2.915411e+02
168058 2.915411e+02
168105 2.915411e+02
168109 2.915411e+02
168157 2.915411e+02
168195 2.915411e+02
168426 2.915411e+02
168477 2.915411e+02
168622 2.915411e+02
168632 2.915411e+02
168806 2.915411e+02
168875 2.915411e+02
169212 2.915411e+02
169325 2.915411e+02
169328 2.915411e+02
169525 2.915411e+02
170331 2.915411e+02
170375 2.915411e+02
170500 2.915411e+02
170666 2.915411e+02
170724 2.915411e+02
170730 2.915411e+02
170733 2.915411e+02
170794 2.915411e+02
170843 2.915411e+02
170863 2.915411e+02
170954 2.915411e+02
170955 2.915411e+02
171217 2.915411e+02
171299 2.915411e+02
171322 2.915411e+02
237071 2.872060e+02
237135 2.795859e+02
237352 2.751587e+02
237368 2.589554e+02
237751 2.577508e+02
237856 2.448423e+02
238000 2.319523e+02
238648 2.303844e+02
238790 2.294838e+02
238842 2.285986e+02
238958 2.237747e+02
239125 2.181039e+02
239155 2.167801e+02
239313 2.147263e+02
239347 2.124515e+02
239997 2.117059e+02
240131 2.071865e+02
240268 2.066768e+02
240518 2.062804e+02
240821 2.047735e+02
240828 2.038026e+02
240870 2.011273e+02
241030 1.977986e+02
241136 1.962705e+02
241226 1.924843e+02
241460 1.902525e+02
241991 1.872098e+02
242405 1.870443e+02
242738 1.859445e+02
242932 1.857015e+02
243001 1.853555e+02
243171 1.844968e+02
243195 1.843634e+02
243279 1.839346e+02
243535 1.832139e+02
243823 1.823539e+02
244335 1.822751e+02
244429 1.813444e+02
244503 1.813081e+02
244982 1.811663e+02
245062 1.811060e+02
245122 1.809586e+02
245232 1.808401e+02
245411 1.806993e+02
245443 1.806702e+02
245633 1.803675e+02
245942 1.800047e+02
246166 1.799989e+02
246334 1.798662e+02
246969 1.798314e+02
247016 1.797748e+02
247096 1.797448e+02
247428 1.797049e+02
247527 1.795148e+02
248182 1.794669e+02
248218 1.794544e+02
248415 1.794386e+02
248514 1.794160e+02
248551 1.793942e+02
248611 1.793761e+02
248663 1.793625e+02
248908 1.793545e+02
249030 1.793334e+02
249044 1.793331e+02
249276 1.793043e+02
249576 1.792969e+02
249588 1.792749e+02
249834 1.792500e+02
250779 1.792476e+02
250863 1.792444e+02
251021 1.792365e+02
251206 1.792315e+02
251348 1.792194e+02
251353 1.792161e+02
251781 1.792137e+02
252292 1.792084e+02
253031 1.792083e+02
253186 1.792060e+02
253219 1.792053e+02
253592 1.792049e+02
253674 1.792046e+02
253907 1.792037e+02
254100 1.792037e+02
254241 1.792025e+02
254328 1.792023e+02
254528 1.792016e+02
254532 1.791998e+02
254734 1.791994e+02
255071 1.791992e+02
255107 1.791990e+02
255112 1.791990e+02
255143 1.791977e+02
255630 1.791976e+02
255643 1.791960e+02
256209 1.791958e+02
256240 1.791958e+02
256387 1.791957e+02
256731 1.791955e+02
256748 1.791954e+02
256795 1.791949e+02
257405 1.791948e+02
257450 1.791948e+02
257553 1.791947e+02
257568 1.791947e+02
257600 1.791945e+02
257826 1.791945e+02
257842 1.791944e+02
257941 1.791941e+02
258348 1.791941e+02
258609 1.791941e+02
258741 1.791940e+02
258742 1.791940e+02
258759 1.791940e+02
258833 1.791939e+02
258966 1.791939e+02
259011 1.791938e+02
259343 1.791938e+02
259404 1.791938e+02
259412 1.791938e+02
259550 1.791937e+02
260325 1.791937e+02
260335 1.791937e+02
260669 1.791937e+02
260678 1.791936e+02
261070 1.791936e+02
261189 1.791936e+02
261200 1.791936e+02
261214 1.791936e+02
261329 1.791936e+02
261641 1.791936e+02
261723 1.791936e+02
261852 1.791936e+02
261930 1.791936e+02
261934 1.791936e+02
262041 1.791936e+02
262403 1.791936e+02
262696 1.791936e+02
262820 1.791935e+02
263156 1.791935e+02
263193 1.791935e+02
263250 1.791935e+02
263645 1.791935e+02
263731 1.791935e+02
263859 1.791935e+02
264000 1.791935e+02
264012 1.791935e+02
264254 1.791935e+02
264259 1.791935e+02
264393 1.791935e+02
264520 1.791935e+02
264550 1.791935e+02
264637 1.791935e+02
264737 1.791935e+02
264942 1.791935e+02
264948 1.791935e+02
264964 1.791935e+02
265122 1.791935e+02
265163 1.791935e+02
265292 1.791935e+02
265300 1.791935e+02
265509 1.791935e+02
265957 1.791935e+02
266048 1.791935e+02
266151 1.791935e+02
266152 1.791935e+02
266363 1.791935e+02
267015 1.791935e+02
267119 1.791935e+02
267317 1.791935e+02
267393 1.791935e+02
267760 1.791935e+02
268149 1.791935e+02
268551 1.791935e+02
268700 1.791935e+02
268737 1.791935e+02
268763 1.791935e+02
268828 1.791935e+02
268947 1.791935e+02
269007 1.791935e+02
269343 1.791935e+02
269355 1.791935e+02
269468 1.791935e+02
269470 1.791935e+02
269811 1.791935e+02
269933 1.791935e+02
270258 1.791935e+02
270341 1.791935e+02
270427 1.791935e+02
270623 1.791935e+02
270747 1.791935e+02
271543 1.791935e+02
272152 1.791935e+02
272453 1.791935e+02
272549 1.791935e+02
272571 1.791935e+02
272740 1.791935e+02
272784 1.791935e+02
272971 1.791935e+02
273420 1.791935e+02
273476 1.791935e+02
273594 1.791935e+02
273705 1.791935e+02
273716 1.791935e+02
273939 1.791935e+02
274137 1.791935e+02
274346 1.791935e+02
274633 1.791935e+02
274656 1.791935e+02
274752 1.791935e+02
275341 1.791935e+02
275438 1.791935e+02
275744 1.791935e+02
275885 1.791935e+02
276141 1.791935e+02
276263 1.791935e+02
276277 1.791935e+02
276294 1.791935e+02
276374 1.791935e+02
276746 1.791935e+02
276775 1.791935e+02
276790 1.791935e+02
276955 1.791935e+02
277076 1.791935e+02
277149 1.791935e+02
277182 1.791935e+02
277340 1.791935e+02
277458 1.791935e+02
277482 1.791935e+02
277795 1.791935e+02
277868 1.791935e+02
277898 1.791935e+02
277959 1.791935e+02
278388 1.791935e+02
278491 1.791935e+02
278854 1.791935e+02
278971 1.791935e+02
279383 1.791935e+02
279472 1.791935e+02
279787 1.791935e+02
280263 1.791935e+02
280398 1.791935e+02
280452 1.791935e+02
280561 1.791935e+02
280734 1.791935e+02
280997 1.791935e+02
281160 1.791935e+02
281181 1.791935e+02
281213 1.791935e+02
281242 1.791935e+02
281304 1.791935e+02
281383 1.791935e+02
281393 1.791935e+02
281484 1.791935e+02
281756 1.791935e+02
