1 1.328653e+04
3 1.133047e+04
11 1.123548e+04
14 1.084388e+04
16 1.057255e+04
50 1.035625e+04
54 1.033118e+04
64 9.263009e+03
765 9.209382e+03
1040 9.187582e+03
1210 8.634422e+03
2409 8.446910e+03
3594 8.369861e+03
3779 8.036060e+03
3910 7.825804e+03
4233 7.743125e+03
5076 7.714481e+03
6427 7.012371e+03
7381 6.617477e+03
7478 6.186541e+03
7535 6.075953e+03
7896 5.512768e+03
7960 5.500897e+03
7961 5.336917e+03
8014 4.407643e+03
8132 4.101914e+03
8331 3.715237e+03
8569 3.461917e+03
8650 3.432216e+03
8731 3.220273e+03
8844 2.748375e+03
8962 2.375133e+03
9000 2.083049e+03
9173 2.050122e+03
9261 2.009077e+03
9287 1.796519e+03
9523 1.748272e+03
9550 1.713475e+03
9566 1.698988e+03
9610 1.646707e+03
9614 1.640942e+03
9621 1.611563e+03
9654 1.586445e+03
9694 1.578650e+03
9705 1.568251e+03
9721 1.548718e+03
9753 1.512750e+03
9777 1.468855e+03
10085 1.460768e+03
10087 1.453771e+03
10156 1.431075e+03
10200 1.431069e+03
10201 1.426688e+03
10209 1.421791e+03
10219 1.415148e+03
10221 1.411082e+03
10261 1.403344e+03
10378 1.401894e+03
10403 1.399499e+03
10415 1.391774e+03
10446 1.391749e+03
10458 1.387908e+03
10490 1.383414e+03
10531 1.381140e+03
10620 1.370952e+03
10875 1.370469e+03
10880 1.369739e+03
10883 1.367820e+03
10918 1.367518e+03
10929 1.366474e+03
10959 1.366186e+03
11009 1.365666e+03
11010 1.364880e+03
11022 1.362744e+03
11050 1.362371e+03
11054 1.362205e+03
11106 1.361880e+03
11128 1.361587e+03
11195 1.361284e+03
11208 1.360654e+03
11214 1.359708e+03
11254 1.359636e+03
11345 1.358231e+03
11404 1.358064e+03
11556 1.357872e+03
11607 1.357782e+03
11622 1.357780e+03
11632 1.357672e+03
11637 1.357204e+03
11677 1.357198e+03
11707 1.356937e+03
11742 1.356509e+03
11758 1.356323e+03
11827 1.356211e+03
11910 1.356050e+03
11940 1.355773e+03
12079 1.355669e+03
12129 1.355636e+03
12172 1.355578e+03
12200 1.355538e+03
12288 1.355487e+03
12412 1.355479e+03
12480 1.355475e+03
12492 1.355470e+03
12540 1.355456e+03
12579 1.355454e+03
12588 1.355442e+03
12605 1.355437e+03
12634 1.355431e+03
12637 1.355388e+03
12677 1.355385e+03
12714 1.355384e+03
12765 1.355371e+03
12789 1.355368e+03
12803 1.355367e+03
12827 1.355357e+03
12858 1.355342e+03
12859 1.355340e+03
12926 1.355334e+03
12983 1.355331e+03
13001 1.355327e+03
13116 1.355323e+03
13186 1.355323e+03
13212 1.355320e+03
13213 1.355310e+03
13393 1.355310e+03
13460 1.355305e+03
13497 1.355305e+03
13528 1.355303e+03
13611 1.355303e+03
13623 1.355301e+03
13643 1.355300e+03
13666 1.355299e+03
13708 1.355298e+03
13775 1.355298e+03
13893 1.355297e+03
13905 1.355296e+03
13941 1.355296e+03
13998 1.355295e+03
14016 1.355294e+03
14087 1.355294e+03
14130 1.355294e+03
14205 1.355293e+03
14227 1.355293e+03
14337 1.355293e+03
14362 1.355293e+03
14397 1.355293e+03
14403 1.355293e+03
14410 1.355292e+03
14437 1.355292e+03
14501 1.355292e+03
14587 1.355292e+03
14699 1.355292e+03
14755 1.355292e+03
14770 1.355292e+03
14795 1.355292e+03
14796 1.355292e+03
14813 1.355291e+03
14841 1.355291e+03
14868 1.355291e+03
14877 1.355291e+03
14901 1.355291e+03
14931 1.355291e+03
14952 1.355291e+03
14975 1.355291e+03
15009 1.355291e+03
15018 1.355291e+03
15156 1.355291e+03
15261 1.355291e+03
15309 1.355291e+03
15325 1.355291e+03
15337 1.355291e+03
15339 1.355291e+03
15417 1.355291e+03
15418 1.355291e+03
15469 1.355291e+03
15470 1.355291e+03
15523 1.355291e+03
15562 1.355291e+03
15662 1.355291e+03
15687 1.355291e+03
15712 1.355291e+03
15725 1.355291e+03
15740 1.355291e+03
15760 1.355291e+03
15793 1.355291e+03
15824 1.355291e+03
15868 1.355291e+03
15885 1.355291e+03
15894 1.355291e+03
15912 1.355291e+03
15922 1.355291e+03
15964 1.355291e+03
15967 1.355291e+03
16125 1.355291e+03
16144 1.355291e+03
16148 1.355291e+03
16237 1.355291e+03
16252 1.355291e+03
16319 1.355291e+03
16335 1.355291e+03
16391 1.355291e+03
16438 1.355291e+03
16485 1.355291e+03
16499 1.355291e+03
16517 1.355291e+03
16519 1.355291e+03
16565 1.355291e+03
16592 1.355291e+03
16599 1.355291e+03
16665 1.355291e+03
16686 1.355291e+03
16707 1.355291e+03
16771 1.355291e+03
16874 1.355291e+03
16904 1.355291e+03
16926 1.355291e+03
16931 1.355291e+03
16985 1.355291e+03
17047 1.355291e+03
17049 1.355291e+03
17133 1.355291e+03
17163 1.355291e+03
17260 1.355291e+03
17272 1.355291e+03
17289 1.355291e+03
17313 1.355291e+03
17319 1.355291e+03
17328 1.355291e+03
17337 1.355291e+03
17339 1.355291e+03
17387 1.355291e+03
17391 1.355291e+03
17403 1.355291e+03
17445 1.355291e+03
17511 1.355291e+03
17580 1.355291e+03
17594 1.355291e+03
17604 1.355291e+03
17608 1.355291e+03
17629 1.355291e+03
17717 1.355291e+03
17780 1.355291e+03
17820 1.355291e+03
17827 1.355291e+03
17839 1.355291e+03
17856 1.355291e+03
17870 1.355291e+03
17871 1.355291e+03
17915 1.355291e+03
17958 1.355291e+03
18006 1.355291e+03
18020 1.355291e+03
18038 1.355291e+03
18064 1.355291e+03
18068 1.355291e+03
18108 1.355291e+03
18225 1.355291e+03
18282 1.355291e+03
18326 1.355291e+03
18374 1.355291e+03
18443 1.355291e+03
18507 1.355291e+03
18556 1.355291e+03
18638 1.355291e+03
18678 1.355291e+03
18808 1.355291e+03
18818 1.355291e+03
18821 1.355291e+03
18861 1.355291e+03
18863 1.355291e+03
18877 1.355291e+03
18901 1.355291e+03
18911 1.355291e+03
18912 1.355291e+03
18917 1.355291e+03
18940 1.355291e+03
19004 1.355291e+03
19068 1.355291e+03
19161 1.355291e+03
19166 1.355291e+03
19226 1.355291e+03
19238 1.355291e+03
19239 1.355291e+03
19292 1.355291e+03
19326 1.355291e+03
19331 1.355291e+03
19344 1.355291e+03
19361 1.355291e+03
19426 1.355291e+03
19445 1.355291e+03
19506 1.355291e+03
19513 1.355291e+03
19520 1.355291e+03
19544 1.355291e+03
19558 1.355291e+03
19581 1.355291e+03
19585 1.355291e+03
19586 1.355291e+03
19617 1.355291e+03
19652 1.355291e+03
19667 1.355291e+03
19705 1.355291e+03
19712 1.355291e+03
19735 1.355291e+03
19744 1.355291e+03
19771 1.355291e+03
19784 1.355291e+03
19870 1.355291e+03
19891 1.355291e+03
19935 1.355291e+03
19945 1.355291e+03
19951 1.355291e+03
20013 1.355291e+03
20020 1.355291e+03
20087 1.355291e+03
20154 1.355291e+03
101198 1.355196e+03
101213 1.355099e+03
101243 1.354906e+03
101281 1.354198e+03
101364 1.353200e+03
101365 1.353058e+03
101377 1.352836e+03
101427 1.352754e+03
101445 1.352562e+03
101559 1.352239e+03
101592 1.352005e+03
101625 1.351635e+03
101766 1.351436e+03
101783 1.351343e+03
101817 1.351226e+03
101820 1.351141e+03
101858 1.351115e+03
101880 1.351039e+03
101907 1.350913e+03
101954 1.350717e+03
101987 1.350694e+03
102142 1.350681e+03
102170 1.350577e+03
102234 1.350469e+03
102260 1.350440e+03
102489 1.350423e+03
102507 1.350398e+03
102562 1.350387e+03
102573 1.350380e+03
102613 1.350370e+03
102636 1.350369e+03
102684 1.350362e+03
102704 1.350327e+03
102782 1.350316e+03
102909 1.350306e+03
102911 1.350297e+03
102996 1.350294e+03
103107 1.350285e+03
103122 1.350281e+03
103154 1.350280e+03
103159 1.350273e+03
103223 1.350270e+03
103225 1.350259e+03
103255 1.350258e+03
103287 1.350255e+03
103430 1.350255e+03
103446 1.350254e+03
103471 1.350253e+03
103483 1.350248e+03
103509 1.350247e+03
103523 1.350246e+03
103547 1.350246e+03
103550 1.350243e+03
103552 1.350243e+03
103581 1.350238e+03
103594 1.350236e+03
103636 1.350236e+03
103726 1.350236e+03
103730 1.350234e+03
103741 1.350233e+03
103760 1.350231e+03
103871 1.350231e+03
103875 1.350229e+03
103911 1.350229e+03
103984 1.350228e+03
104010 1.350228e+03
104062 1.350227e+03
104065 1.350227e+03
104102 1.350226e+03
104151 1.350226e+03
104190 1.350225e+03
104379 1.350225e+03
104399 1.350224e+03
104435 1.350224e+03
104546 1.350224e+03
104549 1.350224e+03
104557 1.350224e+03
104662 1.350224e+03
104666 1.350224e+03
104689 1.350224e+03
104737 1.350224e+03
104748 1.350223e+03
104811 1.350223e+03
104922 1.350223e+03
104964 1.350223e+03
105011 1.350223e+03
105082 1.350223e+03
105089 1.350223e+03
105160 1.350223e+03
105171 1.350223e+03
105220 1.350223e+03
105223 1.350223e+03
105238 1.350223e+03
105242 1.350223e+03
105304 1.350223e+03
105309 1.350223e+03
105428 1.350223e+03
105439 1.350223e+03
105525 1.350223e+03
105593 1.350223e+03
105627 1.350223e+03
105649 1.350223e+03
105723 1.350223e+03
105741 1.350223e+03
105761 1.350223e+03
105773 1.350223e+03
105842 1.350223e+03
105923 1.350223e+03
105937 1.350223e+03
105950 1.350223e+03
105955 1.350223e+03
105962 1.350223e+03
106061 1.350223e+03
106072 1.350223e+03
106117 1.350223e+03
106128 1.350223e+03
106160 1.350223e+03
106350 1.350223e+03
106408 1.350223e+03
106489 1.350223e+03
106499 1.350223e+03
106528 1.350223e+03
106565 1.350223e+03
106566 1.350223e+03
106581 1.350223e+03
106613 1.350223e+03
106638 1.350223e+03
106741 1.350223e+03
106794 1.350223e+03
106898 1.350223e+03
106955 1.350223e+03
106968 1.350223e+03
107011 1.350223e+03
107068 1.350223e+03
107129 1.350223e+03
107183 1.350223e+03
107237 1.350223e+03
107242 1.350223e+03
107279 1.350223e+03
107309 1.350223e+03
107332 1.350223e+03
107409 1.350223e+03
107415 1.350223e+03
107550 1.350223e+03
107584 1.350223e+03
107599 1.350223e+03
107618 1.350223e+03
107718 1.350223e+03
107752 1.350223e+03
107885 1.350223e+03
107923 1.350223e+03
107932 1.350223e+03
107935 1.350223e+03
107937 1.350223e+03
107972 1.350223e+03
108033 1.350223e+03
108035 1.350223e+03
108036 1.350223e+03
108112 1.350223e+03
108117 1.350223e+03
108144 1.350223e+03
108158 1.350223e+03
108187 1.350223e+03
108195 1.350223e+03
108198 1.350223e+03
108296 1.350223e+03
108413 1.350223e+03
108608 1.350223e+03
108640 1.350223e+03
108648 1.350223e+03
108653 1.350223e+03
108675 1.350223e+03
108690 1.350223e+03
108696 1.350223e+03
108712 1.350223e+03
108726 1.350223e+03
108778 1.350223e+03
108910 1.350223e+03
108972 1.350223e+03
108975 1.350223e+03
109025 1.350223e+03
109086 1.350223e+03
109131 1.350223e+03
109136 1.350223e+03
109143 1.350223e+03
109196 1.350223e+03
109270 1.350223e+03
109273 1.350223e+03
109299 1.350223e+03
109313 1.350223e+03
109314 1.350223e+03
109348 1.350223e+03
109396 1.350223e+03
109481 1.350223e+03
109483 1.350223e+03
109484 1.350223e+03
109497 1.350223e+03
109514 1.350223e+03
109544 1.350223e+03
109632 1.350223e+03
109642 1.350223e+03
109706 1.350223e+03
109740 1.350223e+03
109741 1.350223e+03
109851 1.350223e+03
109931 1.350223e+03
109983 1.350223e+03
109990 1.350223e+03
110036 1.350223e+03
110102 1.350223e+03
110197 1.350223e+03
110203 1.350223e+03
110234 1.350223e+03
110251 1.350223e+03
110371 1.350223e+03
110373 1.350223e+03
110378 1.350223e+03
110496 1.350223e+03
110526 1.350223e+03
110561 1.350223e+03
135255 1.346007e+03
135400 1.281471e+03
135460 1.240763e+03
135714 1.212762e+03
135753 1.207111e+03
135773 1.149620e+03
135999 1.132830e+03
136149 1.129179e+03
136190 1.109875e+03
136468 1.102852e+03
136483 1.094726e+03
136572 1.062546e+03
136931 1.059245e+03
136985 1.056315e+03
137014 1.054295e+03
137079 1.052772e+03
137116 1.048534e+03
137268 1.048490e+03
137280 1.038704e+03
137309 1.029812e+03
137401 1.028232e+03
137463 1.021553e+03
137779 1.019820e+03
137803 1.018496e+03
137863 1.012394e+03
138097 1.008489e+03
138127 1.006312e+03
138231 1.001330e+03
138508 1.001121e+03
138559 1.000822e+03
138638 9.974638e+02
138895 9.973100e+02
138966 9.971775e+02
139044 9.970370e+02
139152 9.969876e+02
139215 9.967950e+02
139262 9.967691e+02
139264 9.963677e+02
139280 9.963114e+02
139282 9.928199e+02
139835 9.927566e+02
139841 9.915892e+02
140423 9.913820e+02
140425 9.911586e+02
140431 9.910465e+02
140648 9.908741e+02
140789 9.906339e+02
140831 9.904317e+02
140880 9.901786e+02
141066 9.901242e+02
141359 9.900526e+02
141366 9.900327e+02
141396 9.899384e+02
141577 9.899068e+02
141619 9.898933e+02
141627 9.898910e+02
141671 9.898358e+02
141683 9.897623e+02
141686 9.896898e+02
141687 9.894610e+02
142047 9.894539e+02
142130 9.894046e+02
142178 9.893682e+02
142298 9.892955e+02
142583 9.892735e+02
142652 9.892667e+02
142753 9.892488e+02
142827 9.892081e+02
143002 9.891871e+02
143238 9.891811e+02
143282 9.891653e+02
143362 9.891591e+02
143391 9.891483e+02
143399 9.891431e+02
143632 9.891388e+02
143741 9.891379e+02
143822 9.891298e+02
143847 9.891164e+02
143989 9.891162e+02
144012 9.891091e+02
144024 9.891073e+02
144025 9.890934e+02
144151 9.890919e+02
144425 9.890879e+02
144512 9.890860e+02
144572 9.890855e+02
144592 9.890813e+02
144599 9.890799e+02
144683 9.890792e+02
144831 9.890791e+02
144936 9.890789e+02
144941 9.890772e+02
145165 9.890762e+02
145167 9.890761e+02
145169 9.890752e+02
145253 9.890743e+02
145275 9.890733e+02
145364 9.890731e+02
145418 9.890723e+02
145575 9.890716e+02
145683 9.890716e+02
145687 9.890708e+02
145689 9.890708e+02
145768 9.890704e+02
145912 9.890702e+02
145949 9.890689e+02
146263 9.890687e+02
146332 9.890687e+02
146421 9.890685e+02
146803 9.890683e+02
146922 9.890682e+02
146952 9.890681e+02
147070 9.890681e+02
147093 9.890679e+02
147140 9.890676e+02
147186 9.890676e+02
147262 9.890675e+02
147403 9.890675e+02
147652 9.890674e+02
147768 9.890674e+02
147886 9.890674e+02
147901 9.890674e+02
147917 9.890673e+02
148092 9.890673e+02
148213 9.890673e+02
148235 9.890673e+02
148246 9.890673e+02
148339 9.890672e+02
148359 9.890672e+02
148492 9.890671e+02
148615 9.890671e+02
148960 9.890671e+02
149054 9.890671e+02
149352 9.890671e+02
149359 9.890670e+02
149486 9.890670e+02
149547 9.890670e+02
149572 9.890670e+02
149615 9.890670e+02
149617 9.890670e+02
149657 9.890670e+02
149815 9.890670e+02
149926 9.890670e+02
149998 9.890670e+02
150080 9.890670e+02
150090 9.890670e+02
150158 9.890670e+02
150200 9.890670e+02
150249 9.890670e+02
150273 9.890670e+02
150357 9.890670e+02
150398 9.890670e+02
150420 9.890670e+02
150439 9.890670e+02
150493 9.890670e+02
150659 9.890670e+02
150804 9.890670e+02
150851 9.890670e+02
150928 9.890670e+02
150968 9.890670e+02
151739 9.890670e+02
151843 9.890670e+02
152014 9.890670e+02
152240 9.890670e+02
152282 9.890670e+02
152439 9.890670e+02
152482 9.890670e+02
152533 9.890670e+02
152639 9.890670e+02
152684 9.890670e+02
152777 9.890670e+02
152825 9.890670e+02
153056 9.890670e+02
153167 9.890670e+02
153317 9.890670e+02
153514 9.890670e+02
153643 9.890670e+02
153682 9.890670e+02
153894 9.890670e+02
154097 9.890670e+02
154324 9.890670e+02
154342 9.890670e+02
154345 9.890670e+02
154504 9.890670e+02
154538 9.890670e+02
154763 9.890670e+02
154912 9.890670e+02
155047 9.890670e+02
155095 9.890670e+02
155198 9.890670e+02
155256 9.890670e+02
155257 9.890670e+02
155295 9.890670e+02
155381 9.890670e+02
155396 9.890670e+02
155550 9.890670e+02
155615 9.890670e+02
155635 9.890670e+02
155787 9.890670e+02
155802 9.890670e+02
155903 9.890670e+02
156139 9.890670e+02
156480 9.890670e+02
156539 9.890670e+02
156557 9.890670e+02
156654 9.890670e+02
156855 9.890670e+02
156885 9.890670e+02
157159 9.890670e+02
157206 9.890670e+02
157264 9.890670e+02
157783 9.890670e+02
157880 9.890670e+02
157970 9.890670e+02
158431 9.890670e+02
158476 9.890670e+02
158503 9.890670e+02
158621 9.890670e+02
158757 9.890670e+02
158806 9.890670e+02
158820 9.890670e+02
159349 9.890670e+02
159407 9.890670e+02
159449 9.890670e+02
159487 9.890670e+02
159498 9.890670e+02
159579 9.890670e+02
159597 9.890670e+02
159626 9.890670e+02
159665 9.890670e+02
159666 9.890670e+02
159671 9.890670e+02
159709 9.890670e+02
159741 9.890670e+02
160129 9.890670e+02
160178 9.890670e+02
160253 9.890670e+02
160338 9.890670e+02
160419 9.890670e+02
160443 9.890670e+02
160445 9.890670e+02
160532 9.890670e+02
160533 9.890670e+02
160603 9.890670e+02
160679 9.890670e+02
160736 9.890670e+02
160740 9.890670e+02
160787 9.890670e+02
161033 9.890670e+02
161264 9.890670e+02
161308 9.890670e+02
161327 9.890670e+02
241698 9.258636e+02
241789 8.675106e+02
242336 7.520540e+02
243048 7.287725e+02
243076 6.645252e+02
243530 6.428031e+02
243777 6.321866e+02
243840 6.258839e+02
243934 6.136451e+02
243937 5.840430e+02
244132 5.769707e+02
244156 5.296785e+02
244309 5.041048e+02
244548 4.581107e+02
244649 4.269342e+02
245030 4.088635e+02
245564 4.025786e+02
245763 4.004581e+02
245981 3.779120e+02
246414 3.729364e+02
246906 3.721967e+02
247043 3.666563e+02
247077 3.661571e+02
247120 3.648136e+02
247207 3.479558e+02
248004 3.437681e+02
248530 3.406949e+02
248966 3.275294e+02
249391 3.271640e+02
249772 3.245136e+02
249981 3.226961e+02
250534 3.197015e+02
250948 3.195840e+02
250959 3.172382e+02
251102 3.148080e+02
251919 3.133411e+02
251984 3.102990e+02
252568 3.101073e+02
252710 3.100131e+02
252721 3.094227e+02
252777 3.079724e+02
253254 3.059980e+02
253287 3.048964e+02
253999 3.039413e+02
254407 3.032261e+02
254537 3.026628e+02
255203 3.006600e+02
256176 3.003500e+02
256337 3.003006e+02
256579 3.001646e+02
256598 3.000404e+02
256691 2.999902e+02
256787 2.999831e+02
256861 2.999588e+02
256896 2.997692e+02
256921 2.997380e+02
257060 2.994144e+02
257179 2.986677e+02
259130 2.986051e+02
259440 2.985716e+02
259567 2.985447e+02
259740 2.985103e+02
259879 2.984916e+02
259892 2.983624e+02
260336 2.983485e+02
260409 2.983412e+02
260523 2.982474e+02
260965 2.982116e+02
261418 2.982034e+02
261565 2.981871e+02
261580 2.981853e+02
261598 2.981521e+02
261946 2.981426e+02
262158 2.981285e+02
262460 2.981182e+02
262599 2.981036e+02
263159 2.980974e+02
263551 2.980940e+02
263752 2.980934e+02
263800 2.980931e+02
263818 2.980859e+02
264319 2.980805e+02
264538 2.980796e+02
264764 2.980782e+02
265150 2.980774e+02
265290 2.980765e+02
265501 2.980757e+02
265575 2.980743e+02
265744 2.980741e+02
265761 2.980736e+02
266150 2.980729e+02
266166 2.980723e+02
266234 2.980716e+02
266664 2.980712e+02
266722 2.980700e+02
267135 2.980695e+02
267746 2.980694e+02
267824 2.980693e+02
268076 2.980691e+02
268210 2.980690e+02
268741 2.980690e+02
268807 2.980690e+02
268839 2.980689e+02
268922 2.980688e+02
268924 2.980687e+02
269028 2.980687e+02
269141 2.980686e+02
269191 2.980686e+02
269340 2.980685e+02
269413 2.980684e+02
269527 2.980684e+02
269681 2.980683e+02
269728 2.980683e+02
269954 2.980682e+02
270170 2.980682e+02
270225 2.980682e+02
270273 2.980682e+02
270275 2.980681e+02
270573 2.980681e+02
270596 2.980680e+02
271724 2.980680e+02
271773 2.980680e+02
271930 2.980680e+02
271971 2.980680e+02
272036 2.980680e+02
272211 2.980680e+02
272617 2.980680e+02
272695 2.980679e+02
272985 2.980679e+02
273247 2.980679e+02
273330 2.980679e+02
273344 2.980679e+02
273552 2.980679e+02
274008 2.980679e+02
274229 2.980679e+02
274447 2.980679e+02
274463 2.980679e+02
274489 2.980679e+02
274557 2.980679e+02
274783 2.980679e+02
274901 2.980679e+02
275073 2.980679e+02
275510 2.980679e+02
275697 2.980679e+02
275836 2.980679e+02
276842 2.980679e+02
276967 2.980679e+02
277198 2.980679e+02
277331 2.980679e+02
277397 2.980679e+02
277416 2.980679e+02
277647 2.980679e+02
277895 2.980679e+02
277908 2.980679e+02
277938 2.980679e+02
277959 2.980679e+02
278144 2.980679e+02
278592 2.980679e+02
278736 2.980679e+02
278741 2.980679e+02
279015 2.980679e+02
279561 2.980679e+02
279756 2.980679e+02
279777 2.980679e+02
280045 2.980679e+02
280167 2.980679e+02
280235 2.980679e+02
280298 2.980679e+02
280333 2.980679e+02
280415 2.980679e+02
280690 2.980679e+02
280721 2.980679e+02
280824 2.980679e+02
281068 2.980679e+02
281121 2.980679e+02
281142 2.980679e+02
281541 2.980679e+02
281929 2.980679e+02
281953 2.980679e+02
282015 2.980679e+02
282370 2.980679e+02
282421 2.980679e+02
282530 2.980679e+02
282696 2.980679e+02
282728 2.980679e+02
282818 2.980679e+02
283459 2.980679e+02
283472 2.980679e+02
283529 2.980679e+02
283826 2.980679e+02
284154 2.980679e+02
284259 2.980679e+02
284328 2.980679e+02
284401 2.980679e+02
284741 2.980679e+02
284798 2.980679e+02
284894 2.980679e+02
285562 2.980679e+02
285574 2.980679e+02
285730 2.980679e+02
285807 2.980679e+02
285941 2.980679e+02
286139 2.980679e+02
286345 2.980679e+02
286409 2.980679e+02
286467 2.980679e+02
286619 2.980679e+02
286762 2.980679e+02
287321 2.980679e+02
287325 2.980679e+02
287502 2.980679e+02
287773 2.980679e+02
287894 2.980679e+02
287910 2.980679e+02
287948 2.980679e+02
287997 2.980679e+02
288259 2.980679e+02
288373 2.980679e+02
288559 2.980679e+02
288754 2.980679e+02
288947 2.980679e+02
288993 2.980679e+02
289138 2.980679e+02
289227 2.980679e+02
289252 2.980679e+02
289373 2.980679e+02
289561 2.980679e+02
289778 2.980679e+02
289932 2.980679e+02
289999 2.980679e+02
290012 2.980679e+02
290113 2.980679e+02
290156 2.980679e+02
290221 2.980679e+02
290249 2.980679e+02
290357 2.980679e+02
290471 2.980679e+02
290980 2.980679e+02
291155 2.980679e+02
291497 2.980679e+02
291501 2.980679e+02
291742 2.980679e+02
291746 2.980679e+02
292000 2.980679e+02
292555 2.980679e+02
292571 2.980679e+02
292636 2.980679e+02
292679 2.980679e+02
292814 2.980679e+02
292925 2.980679e+02
