1 6.253072e+03
2 4.960334e+03
3 2.685571e+03
4 1.889087e+03
13 1.873842e+03
17 1.782723e+03
21 1.377944e+03
232 1.204723e+03
267 9.626619e+02
353 9.187688e+02
425 8.321766e+02
465 8.146030e+02
481 7.223726e+02
539 6.909514e+02
545 5.997384e+02
565 5.951442e+02
601 5.543056e+02
648 5.408592e+02
711 5.260080e+02
827 5.121752e+02
844 3.944533e+02
852 3.799121e+02
979 3.638650e+02
1077 3.627076e+02
1167 3.596441e+02
1195 3.357359e+02
1240 3.247710e+02
1305 3.179570e+02
1347 3.055470e+02
1376 2.621042e+02
1561 2.471290e+02
1717 1.979472e+02
4115 1.867476e+02
4351 1.780553e+02
5373 1.694906e+02
5514 1.670995e+02
5578 1.645843e+02
5585 1.164786e+02
5774 1.148041e+02
5867 1.133517e+02
5944 1.030617e+02
6022 9.344883e+01
6062 5.793310e+01
6360 5.108886e+01
6410 4.568415e+01
6451 4.413338e+01
6504 4.327796e+01
6517 3.937482e+01
6532 3.886966e+01
6554 3.799027e+01
6576 3.447791e+01
6584 3.390700e+01
6600 3.237408e+01
6611 2.992966e+01
6613 2.845358e+01
6748 2.694941e+01
6773 2.603080e+01
6777 2.421365e+01
6811 2.183857e+01
6858 2.040847e+01
6976 1.893802e+01
7019 1.867659e+01
7021 1.816869e+01
7034 1.747280e+01
7042 1.550241e+01
7077 1.455211e+01
7172 1.401095e+01
7173 1.368432e+01
7211 1.314520e+01
7240 1.314066e+01
7250 1.211913e+01
7346 1.164627e+01
7354 1.099548e+01
7462 1.065326e+01
7559 1.049006e+01
7581 1.045681e+01
7677 1.006189e+01
7780 1.004228e+01
7818 9.945417e+00
7830 9.797338e+00
7839 9.673481e+00
7902 9.628840e+00
7936 9.514870e+00
7983 9.423632e+00
8009 9.386198e+00
8029 9.376712e+00
8067 9.368185e+00
8074 9.359585e+00
8092 9.350106e+00
8104 9.274624e+00
8169 9.187181e+00
8464 9.146901e+00
8492 9.140523e+00
8500 9.094813e+00
8529 9.091932e+00
8533 9.079629e+00
8587 9.068526e+00
8636 9.063652e+00
8641 9.058656e+00
8730 9.055361e+00
8787 9.048875e+00
8807 9.042122e+00
8828 9.036416e+00
8831 9.036229e+00
8854 9.035162e+00
8857 9.026583e+00
8867 9.016262e+00
8875 9.008093e+00
8890 9.008040e+00
8958 9.007233e+00
8984 9.002547e+00
9001 9.001880e+00
9007 8.990045e+00
9045 8.985956e+00
9084 8.982725e+00
9113 8.982533e+00
9118 8.980852e+00
9150 8.980703e+00
9166 8.978093e+00
9194 8.976125e+00
9203 8.973256e+00
9226 8.970923e+00
9287 8.966594e+00
9379 8.965672e+00
9400 8.964691e+00
9414 8.962827e+00
9497 8.962359e+00
9518 8.959758e+00
9639 8.959317e+00
9644 8.959306e+00
9652 8.958659e+00
9703 8.958303e+00
9714 8.958012e+00
9724 8.957440e+00
9799 8.957149e+00
9842 8.956560e+00
9902 8.956201e+00
9924 8.956130e+00
9925 8.955947e+00
10022 8.955758e+00
10116 8.955443e+00
10184 8.955258e+00
10225 8.955236e+00
10257 8.955214e+00
10279 8.955162e+00
10289 8.955082e+00
10335 8.955006e+00
10358 8.954887e+00
10561 8.954842e+00
10675 8.954828e+00
10683 8.954823e+00
10734 8.954799e+00
10776 8.954780e+00
10781 8.954761e+00
10850 8.954758e+00
10876 8.954757e+00
10877 8.954746e+00
10878 8.954743e+00
10906 8.954720e+00
10909 8.954712e+00
11048 8.954710e+00
11054 8.954710e+00
11071 8.954698e+00
11140 8.954686e+00
11161 8.954680e+00
11173 8.954679e+00
11177 8.954677e+00
11197 8.954676e+00
11204 8.954667e+00
11237 8.954666e+00
11269 8.954666e+00
11270 8.954655e+00
11301 8.954650e+00
11436 8.954650e+00
11446 8.954649e+00
11452 8.954642e+00
11610 8.954640e+00
11716 8.954638e+00
11878 8.954636e+00
11960 8.954636e+00
12074 8.954636e+00
12093 8.954635e+00
12104 8.954634e+00
12125 8.954634e+00
12130 8.954634e+00
12186 8.954634e+00
12193 8.954633e+00
12315 8.954633e+00
12427 8.954633e+00
12522 8.954632e+00
12562 8.954632e+00
12646 8.954632e+00
12784 8.954632e+00
12803 8.954632e+00
12822 8.954632e+00
12853 8.954632e+00
12866 8.954632e+00
12871 8.954632e+00
13037 8.954632e+00
13078 8.954632e+00
13100 8.954632e+00
13175 8.954632e+00
13196 8.954632e+00
13206 8.954632e+00
13235 8.954632e+00
13248 8.954632e+00
13308 8.954632e+00
13319 8.954632e+00
13437 8.954632e+00
13441 8.954632e+00
13520 8.954632e+00
13607 8.954632e+00
13626 8.954632e+00
13662 8.954632e+00
13672 8.954632e+00
13683 8.954632e+00
13703 8.954632e+00
13749 8.954632e+00
13761 8.954632e+00
13788 8.954632e+00
13881 8.954632e+00
13921 8.954632e+00
13924 8.954632e+00
13963 8.954632e+00
13969 8.954632e+00
14056 8.954632e+00
14110 8.954632e+00
14123 8.954632e+00
14141 8.954632e+00
14183 8.954632e+00
14277 8.954632e+00
14402 8.954632e+00
14405 8.954632e+00
14419 8.954632e+00
14420 8.954632e+00
14436 8.954632e+00
14441 8.954632e+00
14460 8.954632e+00
14465 8.954632e+00
14474 8.954632e+00
14482 8.954632e+00
14523 8.954632e+00
14620 8.954632e+00
14649 8.954632e+00
14668 8.954632e+00
14708 8.954632e+00
14766 8.954632e+00
14805 8.954632e+00
14822 8.954632e+00
14864 8.954632e+00
14914 8.954632e+00
14959 8.954632e+00
14964 8.954632e+00
14969 8.954632e+00
15013 8.954632e+00
15046 8.954632e+00
15090 8.954632e+00
15091 8.954632e+00
15101 8.954632e+00
15122 8.954632e+00
15153 8.954632e+00
15165 8.954632e+00
15186 8.954632e+00
15214 8.954632e+00
15256 8.954632e+00
15265 8.954632e+00
15316 8.954632e+00
15408 8.954632e+00
15429 8.954632e+00
15437 8.954632e+00
15510 8.954632e+00
15517 8.954632e+00
15589 8.954632e+00
15773 8.954632e+00
15840 8.954632e+00
15910 8.954632e+00
16016 8.954632e+00
16066 8.954632e+00
16102 8.954632e+00
194864 8.556187e+00
194969 7.415858e+00
195148 6.292654e+00
195257 5.802965e+00
195504 5.787473e+00
195631 5.540446e+00
196315 5.482099e+00
196735 5.146033e+00
196753 4.838722e+00
196776 4.780956e+00
196991 4.723437e+00
197157 4.614303e+00
197235 4.542531e+00
197322 4.344301e+00
197521 4.005660e+00
197634 4.000224e+00
197673 3.817787e+00
198061 3.756460e+00
198211 3.578391e+00
198650 3.389121e+00
199086 3.365562e+00
199367 3.257085e+00
199922 3.249162e+00
199977 3.240901e+00
200195 3.228434e+00
200196 3.186692e+00
200340 3.169479e+00
200400 3.120474e+00
200923 3.114021e+00
201025 3.100457e+00
201052 3.094534e+00
201181 3.078012e+00
201577 3.047644e+00
201901 3.037898e+00
202612 3.031915e+00
202751 3.026090e+00
203167 3.025442e+00
203182 3.024566e+00
203199 3.013152e+00
203327 3.007500e+00
203530 3.007105e+00
203713 3.007046e+00
203872 3.006843e+00
204126 3.006754e+00
204153 3.006170e+00
204173 3.004097e+00
204259 2.999570e+00
204443 2.998434e+00
204845 2.997261e+00
205156 2.995938e+00
205261 2.995325e+00
205287 2.992988e+00
205423 2.992273e+00
205551 2.991338e+00
205882 2.990883e+00
205969 2.990545e+00
205973 2.990428e+00
205984 2.990147e+00
206039 2.988089e+00
206927 2.988042e+00
207040 2.987778e+00
207173 2.987295e+00
207212 2.987173e+00
207434 2.986924e+00
207689 2.986904e+00
207721 2.986780e+00
207894 2.986236e+00
208208 2.985978e+00
208341 2.985768e+00
208503 2.985702e+00
208851 2.985642e+00
208889 2.985631e+00
208921 2.985590e+00
209280 2.985541e+00
209355 2.985527e+00
209371 2.985422e+00
209537 2.985394e+00
209557 2.985379e+00
209684 2.985369e+00
209787 2.985351e+00
210130 2.985264e+00
210269 2.985237e+00
210288 2.985152e+00
210714 2.985101e+00
211390 2.985088e+00
211412 2.985047e+00
211552 2.985031e+00
211574 2.985021e+00
211857 2.985005e+00
211938 2.985004e+00
212115 2.984996e+00
212305 2.984989e+00
212347 2.984975e+00
212438 2.984964e+00
212504 2.984956e+00
212709 2.984953e+00
212761 2.984936e+00
213012 2.984931e+00
213088 2.984927e+00
213680 2.984923e+00
213977 2.984911e+00
214291 2.984910e+00
214488 2.984907e+00
214518 2.984904e+00
215000 2.984903e+00
215097 2.984901e+00
215105 2.984901e+00
215140 2.984901e+00
215149 2.984897e+00
215327 2.984894e+00
215395 2.984893e+00
215694 2.984893e+00
215697 2.984891e+00
215742 2.984890e+00
215847 2.984889e+00
215848 2.984888e+00
215880 2.984887e+00
215939 2.984885e+00
216375 2.984883e+00
216877 2.984883e+00
217014 2.984882e+00
217174 2.984881e+00
217503 2.984881e+00
217735 2.984881e+00
217826 2.984881e+00
218142 2.984880e+00
218252 2.984879e+00
218515 2.984879e+00
218552 2.984879e+00
218742 2.984879e+00
218883 2.984879e+00
218886 2.984879e+00
219089 2.984879e+00
219106 2.984878e+00
219881 2.984878e+00
220060 2.984878e+00
220083 2.984878e+00
220100 2.984878e+00
220152 2.984878e+00
220409 2.984878e+00
220706 2.984878e+00
220963 2.984878e+00
221489 2.984878e+00
221890 2.984878e+00
221994 2.984877e+00
222605 2.984877e+00
222707 2.984877e+00
222971 2.984877e+00
223127 2.984877e+00
223487 2.984877e+00
223680 2.984877e+00
223915 2.984877e+00
223939 2.984877e+00
224118 2.984877e+00
224812 2.984877e+00
224973 2.984877e+00
225170 2.984877e+00
225326 2.984877e+00
225513 2.984877e+00
225693 2.984877e+00
225981 2.984877e+00
226324 2.984877e+00
226437 2.984877e+00
226691 2.984877e+00
226881 2.984877e+00
227687 2.984877e+00
227720 2.984877e+00
227723 2.984877e+00
227785 2.984877e+00
227809 2.984877e+00
228599 2.984877e+00
228753 2.984877e+00
228759 2.984877e+00
228879 2.984877e+00
229025 2.984877e+00
229239 2.984877e+00
229878 2.984877e+00
229968 2.984877e+00
230309 2.984877e+00
230597 2.984877e+00
230667 2.984877e+00
231093 2.984877e+00
231106 2.984877e+00
231285 2.984877e+00
231302 2.984877e+00
231460 2.984877e+00
231481 2.984877e+00
232526 2.984877e+00
232546 2.984877e+00
232608 2.984877e+00
232722 2.984877e+00
232873 2.984877e+00
233204 2.984877e+00
233267 2.984877e+00
233530 2.984877e+00
233965 2.984877e+00
234276 2.984877e+00
234284 2.984877e+00
234306 2.984877e+00
234350 2.984877e+00
