1 2.382207e+05
2 2.143605e+05
7 5.614875e+04
8 3.193435e+04
21 1.746715e+04
107 9.053284e+03
118 7.199986e+03
137 5.625824e+03
168 5.164644e+03
183 4.218946e+03
227 3.338299e+03
272 2.679305e+03
280 1.934975e+03
331 1.572280e+03
406 8.100260e+02
644 7.703687e+02
646 7.293614e+02
655 6.797921e+02
665 5.609363e+02
685 3.112254e+02
735 2.143403e+02
825 1.585518e+02
1005 1.388767e+02
1142 1.296415e+02
1161 1.248605e+02
1246 1.240286e+02
1259 1.233299e+02
1311 1.207025e+02
1337 1.122348e+02
1359 1.104104e+02
1400 1.055362e+02
1408 1.033604e+02
1429 9.789730e+01
1470 7.948376e+01
1525 7.937576e+01
1559 7.891560e+01
1574 7.801282e+01
1581 7.531842e+01
1594 7.485748e+01
1600 7.280928e+01
1608 6.475944e+01
1610 6.385231e+01
1641 6.150444e+01
1647 6.136874e+01
1668 5.756774e+01
1680 3.817856e+01
1779 2.975519e+01
1854 2.852398e+01
1858 2.347192e+01
1934 2.142599e+01
1938 1.365199e+01
2025 1.043876e+01
2144 9.887259e+00
2177 8.808890e+00
2181 7.465599e+00
2200 5.014250e+00
2262 4.822549e+00
2270 3.938107e+00
2343 2.868772e+00
2381 2.091121e+00
2445 1.524862e+00
2488 1.174247e+00
2535 1.144222e+00
2568 1.126405e+00
2575 1.087715e+00
2698 6.807141e-01
2755 5.831237e-01
2765 5.291735e-01
2776 5.025829e-01
2785 3.203405e-01
2828 1.965712e-01
3008 9.661949e-02
3046 8.222084e-02
3143 7.464045e-02
3199 6.375634e-02
3239 5.546828e-02
3251 4.574358e-02
3369 3.373768e-02
3493 2.659006e-02
3694 1.730171e-02
3809 1.653715e-02
3823 1.572308e-02
3857 1.256287e-02
3896 1.248115e-02
3961 1.136144e-02
4023 1.113338e-02
4056 9.829405e-03
4120 7.308594e-03
4262 7.107538e-03
4346 7.006447e-03
4382 6.998283e-03
4387 6.138168e-03
4405 5.804571e-03
4630 5.689664e-03
4643 5.218217e-03
4680 5.193106e-03
4704 5.165366e-03
4720 4.619778e-03
4882 4.523531e-03
4926 4.397297e-03
4929 3.840850e-03
4973 3.767324e-03
5011 3.633069e-03
5031 3.461876e-03
5078 3.354013e-03
5112 3.158546e-03
5160 2.914802e-03
5170 2.757035e-03
5230 2.490497e-03
5291 2.311063e-03
5341 2.174894e-03
5381 2.050651e-03
5407 2.048885e-03
5442 2.025392e-03
5450 1.982749e-03
5458 1.608397e-03
5464 1.556546e-03
5506 1.416776e-03
5551 1.186212e-03
5609 1.129428e-03
5630 9.695826e-04
5718 9.615892e-04
5733 7.784586e-04
5793 7.603224e-04
5798 7.244859e-04
5811 6.409352e-04
5915 6.313949e-04
5928 6.057351e-04
5973 4.623236e-04
6060 4.301171e-04
6084 3.962547e-04
6090 3.488999e-04
6108 3.239654e-04
6221 2.970772e-04
6226 2.454271e-04
6336 2.255505e-04
6345 1.772198e-04
6501 1.752426e-04
6513 1.440997e-04
6516 1.029780e-04
6625 6.614050e-05
6872 6.562362e-05
6901 4.800772e-05
6995 4.299334e-05
7071 3.936687e-05
7162 3.929229e-05
7195 3.789785e-05
7230 3.543703e-05
7244 3.266803e-05
7397 3.049091e-05
7414 3.017905e-05
7424 2.914895e-05
7436 2.874769e-05
7443 2.821836e-05
7491 2.801354e-05
7506 2.789045e-05
7512 2.764200e-05
7524 2.728930e-05
7527 2.480514e-05
7589 2.468321e-05
7631 2.425342e-05
7682 2.387648e-05
7687 2.364406e-05
7689 2.254060e-05
7695 2.248172e-05
7715 2.173319e-05
7752 2.166863e-05
7766 2.068632e-05
7797 1.865431e-05
7882 1.864495e-05
7967 1.856740e-05
7974 1.729010e-05
7987 1.703533e-05
8027 1.680468e-05
8045 1.607226e-05
8081 1.574076e-05
8123 1.534801e-05
8143 1.439417e-05
8340 1.387907e-05
8358 1.258188e-05
8394 1.238855e-05
8410 1.138924e-05
8465 1.079860e-05
8541 9.900341e-06
8560 9.797652e-06
8612 9.010717e-06
8623 8.332566e-06
8668 8.206817e-06
8782 7.146164e-06
8820 7.108060e-06
8827 5.909218e-06
8869 4.622483e-06
8906 4.573657e-06
8971 4.335627e-06
8987 4.136368e-06
8993 3.592053e-06
9087 3.346452e-06
9093 2.044619e-06
9286 1.892116e-06
9310 1.770016e-06
9339 1.422062e-06
9435 1.333875e-06
9468 1.224207e-06
9472 7.005888e-07
9671 6.663331e-07
9764 6.154931e-07
9785 6.099493e-07
9792 5.379094e-07
9854 5.357116e-07
9857 5.264811e-07
9859 5.220282e-07
9881 4.550245e-07
9904 3.816316e-07
9971 3.461708e-07
9973 2.991087e-07
10036 2.068533e-07
10103 2.002777e-07
10226 1.702845e-07
10232 1.522816e-07
10281 1.377358e-07
10298 1.262622e-07
10330 1.178539e-07
10342 7.233464e-08
10536 6.629862e-08
10568 5.050988e-08
10621 4.801187e-08
10696 4.319098e-08
10727 3.979819e-08
10749 3.709039e-08
10754 3.395948e-08
10757 3.225845e-08
10780 2.483975e-08
10887 2.319289e-08
10985 2.225305e-08
11046 2.041931e-08
11100 1.598296e-08
11144 1.579495e-08
11158 1.393689e-08
11174 1.309339e-08
11265 1.245252e-08
11298 1.220934e-08
11331 1.149443e-08
11377 9.780050e-09
11389 9.427402e-09
56087 8.775040e-09
56163 7.907668e-09
77411 7.037262e-09
77489 6.844738e-09
