1 1.289108e+04
5 1.266586e+04
6 1.251701e+04
7 1.188718e+04
12 1.150234e+04
25 1.134010e+04
26 1.117246e+04
45 1.105687e+04
73 1.096295e+04
82 1.086917e+04
149 1.040488e+04
158 1.018180e+04
262 9.633414e+03
651 9.586971e+03
1872 9.427929e+03
2468 9.185089e+03
3169 8.899501e+03
4831 8.581822e+03
8135 7.963401e+03
41040 7.500885e+03
41828 7.410390e+03
42534 7.269736e+03
42884 6.659772e+03
43775 6.579353e+03
44128 6.576013e+03
44145 6.196461e+03
44170 6.034440e+03
44202 5.928132e+03
44330 5.553727e+03
44348 5.376379e+03
44386 5.051109e+03
44569 4.928920e+03
44667 4.549252e+03
44758 4.396751e+03
44891 4.269113e+03
44939 3.296643e+03
99433 3.238277e+03
99468 2.869556e+03
99561 2.821609e+03
99685 2.722561e+03
99696 2.574827e+03
99816 2.530551e+03
99859 2.478316e+03
99871 2.412204e+03
99901 2.377977e+03
100076 2.363739e+03
100082 2.164541e+03
100199 2.149038e+03
100220 2.136813e+03
100253 2.103015e+03
100262 2.074534e+03
100271 2.003181e+03
100306 1.979974e+03
100364 1.950016e+03
100424 1.934583e+03
100495 1.857607e+03
100688 1.841035e+03
100707 1.835487e+03
100756 1.818719e+03
100957 1.809406e+03
100991 1.803331e+03
101042 1.802461e+03
101051 1.797406e+03
101085 1.792649e+03
101110 1.791757e+03
101136 1.786672e+03
101205 1.785009e+03
101252 1.784702e+03
101266 1.780332e+03
101277 1.777575e+03
101366 1.776146e+03
101374 1.772250e+03
101386 1.768381e+03
101454 1.765748e+03
101515 1.762187e+03
101566 1.761332e+03
101596 1.759016e+03
101718 1.758268e+03
101794 1.757950e+03
101823 1.757345e+03
101857 1.755901e+03
101897 1.754863e+03
101985 1.754713e+03
101992 1.754186e+03
101999 1.754058e+03
102089 1.753297e+03
102208 1.753014e+03
102223 1.752844e+03
102234 1.752289e+03
102259 1.752198e+03
102282 1.751744e+03
102322 1.751670e+03
102329 1.751562e+03
102332 1.751309e+03
102370 1.751291e+03
102387 1.751222e+03
102423 1.751182e+03
102429 1.750858e+03
102465 1.750692e+03
102487 1.750571e+03
102488 1.750337e+03
102528 1.750300e+03
102536 1.749816e+03
102598 1.749540e+03
102772 1.749531e+03
102959 1.749504e+03
103003 1.749366e+03
103117 1.749303e+03
103124 1.749258e+03
103199 1.749252e+03
103268 1.749252e+03
103302 1.749245e+03
103312 1.749217e+03
103335 1.749206e+03
103376 1.749205e+03
103382 1.749198e+03
103422 1.749152e+03
103507 1.749141e+03
103544 1.749140e+03
103568 1.749134e+03
103577 1.749130e+03
103606 1.749118e+03
103646 1.749114e+03
103650 1.749108e+03
103664 1.749107e+03
103685 1.749097e+03
103705 1.749094e+03
103718 1.749089e+03
103762 1.749085e+03
103773 1.749083e+03
103912 1.749079e+03
104037 1.749078e+03
104045 1.749074e+03
104163 1.749072e+03
104245 1.749071e+03
104278 1.749070e+03
104298 1.749068e+03
104329 1.749067e+03
104401 1.749067e+03
104444 1.749067e+03
104455 1.749066e+03
104477 1.749064e+03
104656 1.749064e+03
104684 1.749063e+03
104745 1.749063e+03
104808 1.749062e+03
104839 1.749062e+03
104870 1.749062e+03
104872 1.749062e+03
104902 1.749062e+03
104910 1.749062e+03
104991 1.749062e+03
105014 1.749061e+03
105035 1.749061e+03
105056 1.749061e+03
105324 1.749061e+03
105487 1.749061e+03
105532 1.749061e+03
105533 1.749061e+03
105565 1.749061e+03
105569 1.749061e+03
105583 1.749061e+03
105611 1.749061e+03
105626 1.749061e+03
105639 1.749061e+03
105832 1.749061e+03
105836 1.749061e+03
105885 1.749061e+03
105938 1.749061e+03
105948 1.749061e+03
105959 1.749061e+03
106169 1.749061e+03
106219 1.749061e+03
106275 1.749061e+03
106314 1.749061e+03
106318 1.749061e+03
106348 1.749061e+03
106358 1.749061e+03
106460 1.749061e+03
106473 1.749061e+03
106477 1.749061e+03
106478 1.749061e+03
106568 1.749061e+03
106572 1.749061e+03
106575 1.749061e+03
106585 1.749061e+03
106614 1.749060e+03
106661 1.749060e+03
106669 1.749060e+03
106790 1.749060e+03
106794 1.749060e+03
106837 1.749060e+03
106845 1.749060e+03
106893 1.749060e+03
106932 1.749060e+03
106942 1.749060e+03
107053 1.749060e+03
107076 1.749060e+03
107086 1.749060e+03
107161 1.749060e+03
107163 1.749060e+03
107188 1.749060e+03
107217 1.749060e+03
107220 1.749060e+03
107251 1.749060e+03
107424 1.749060e+03
107435 1.749060e+03
107482 1.749060e+03
107508 1.749060e+03
107509 1.749060e+03
107537 1.749060e+03
107565 1.749060e+03
107572 1.749060e+03
107642 1.749060e+03
107649 1.749060e+03
107687 1.749060e+03
107947 1.749060e+03
107960 1.749060e+03
107988 1.749060e+03
107989 1.749060e+03
108071 1.749060e+03
108087 1.749060e+03
108115 1.749060e+03
108134 1.749060e+03
108165 1.749060e+03
108167 1.749060e+03
108210 1.749060e+03
108262 1.749060e+03
108278 1.749060e+03
108318 1.749060e+03
108386 1.749060e+03
108508 1.749060e+03
108688 1.749060e+03
108689 1.749060e+03
108725 1.749060e+03
108760 1.749060e+03
108777 1.749060e+03
108779 1.749060e+03
108787 1.749060e+03
108845 1.749060e+03
108849 1.749060e+03
108886 1.749060e+03
108976 1.749060e+03
109023 1.749060e+03
109025 1.749060e+03
109026 1.749060e+03
109111 1.749060e+03
109194 1.749060e+03
109206 1.749060e+03
109245 1.749060e+03
109303 1.749060e+03
109353 1.749060e+03
109377 1.749060e+03
109401 1.749060e+03
109455 1.749060e+03
109490 1.749060e+03
109611 1.749060e+03
109615 1.749060e+03
109661 1.749060e+03
109688 1.749060e+03
109694 1.749060e+03
109744 1.749060e+03
109790 1.749060e+03
109828 1.749060e+03
109894 1.749060e+03
109937 1.749060e+03
110032 1.749060e+03
110046 1.749060e+03
110063 1.749060e+03
110150 1.749060e+03
110269 1.749060e+03
110510 1.749060e+03
110542 1.749060e+03
110564 1.749060e+03
110573 1.749060e+03
110680 1.749060e+03
110805 1.749060e+03
110809 1.749060e+03
110831 1.749060e+03
110841 1.749060e+03
110883 1.749060e+03
110892 1.749060e+03
110954 1.749060e+03
111023 1.749060e+03
111026 1.749060e+03
111128 1.749060e+03
111204 1.749060e+03
220583 1.705307e+03
220614 1.529850e+03
220618 1.336593e+03
221152 1.192606e+03
221258 1.110046e+03
221367 1.100833e+03
221401 1.094799e+03
221429 1.054671e+03
221467 9.084211e+02
222069 8.459305e+02
222107 8.276679e+02
222652 8.168405e+02
222792 8.158867e+02
223002 7.739795e+02
223222 7.576625e+02
223474 7.472812e+02
223578 7.438015e+02
223582 7.239955e+02
223835 6.961270e+02
223999 6.771987e+02
224037 6.251254e+02
224411 6.212507e+02
224432 6.150165e+02
224494 6.038518e+02
225106 5.977587e+02
225221 5.905942e+02
225596 5.887356e+02
225656 5.827882e+02
225924 5.772112e+02
226274 5.749025e+02
226440 5.735939e+02
226511 5.734260e+02
226647 5.733052e+02
226669 5.730177e+02
226677 5.700633e+02
226691 5.673682e+02
226921 5.672723e+02
226955 5.668598e+02
227040 5.666218e+02
227075 5.654218e+02
227079 5.646642e+02
227103 5.645547e+02
227138 5.632225e+02
227490 5.627885e+02
227726 5.627780e+02
227777 5.620448e+02
227954 5.619246e+02
227973 5.618551e+02
228091 5.616448e+02
228094 5.615055e+02
228097 5.605075e+02
228471 5.598932e+02
228619 5.596706e+02
228803 5.595862e+02
228918 5.594719e+02
228926 5.592589e+02
229095 5.592478e+02
229229 5.591165e+02
229383 5.591104e+02
229615 5.590592e+02
229713 5.590476e+02
229739 5.590356e+02
229744 5.588818e+02
229847 5.588177e+02
230009 5.588109e+02
230065 5.587390e+02
230192 5.586213e+02
230195 5.584748e+02
230900 5.584413e+02
231066 5.583900e+02
231280 5.583766e+02
231308 5.583506e+02
231336 5.583482e+02
231702 5.583235e+02
231765 5.583203e+02
231833 5.582730e+02
231913 5.582577e+02
232115 5.582562e+02
232164 5.582541e+02
232190 5.582527e+02
232279 5.582385e+02
232569 5.582382e+02
232579 5.582333e+02
232585 5.582331e+02
232683 5.582281e+02
232772 5.582268e+02
232847 5.582257e+02
232855 5.582254e+02
232857 5.582141e+02
233325 5.582118e+02
233424 5.582097e+02
233756 5.582090e+02
233764 5.582068e+02
234017 5.582062e+02
234076 5.582054e+02
234144 5.582047e+02
234195 5.582025e+02
234359 5.582018e+02
234360 5.582015e+02
234395 5.582015e+02
234397 5.582011e+02
234448 5.582005e+02
234493 5.582001e+02
234503 5.581991e+02
234721 5.581990e+02
234809 5.581989e+02
234856 5.581965e+02
235184 5.581965e+02
235218 5.581961e+02
235515 5.581956e+02
235651 5.581955e+02
235911 5.581954e+02
235946 5.581953e+02
236127 5.581953e+02
236147 5.581948e+02
236320 5.581945e+02
237133 5.581944e+02
237376 5.581942e+02
237741 5.581942e+02
237819 5.581942e+02
237823 5.581942e+02
238139 5.581942e+02
238168 5.581941e+02
238186 5.581941e+02
238294 5.581940e+02
238366 5.581940e+02
238573 5.581940e+02
238742 5.581940e+02
238791 5.581940e+02
238956 5.581939e+02
238989 5.581939e+02
239133 5.581939e+02
239839 5.581939e+02
239958 5.581939e+02
240021 5.581939e+02
240031 5.581938e+02
240152 5.581938e+02
240232 5.581938e+02
240260 5.581938e+02
240327 5.581938e+02
240361 5.581938e+02
240687 5.581938e+02
240967 5.581938e+02
241157 5.581938e+02
241385 5.581938e+02
241984 5.581938e+02
242071 5.581938e+02
242709 5.581938e+02
242745 5.581938e+02
242764 5.581938e+02
242846 5.581938e+02
242868 5.581938e+02
242962 5.581938e+02
243024 5.581938e+02
243043 5.581938e+02
243497 5.581938e+02
243545 5.581938e+02
243588 5.581938e+02
243783 5.581938e+02
243893 5.581938e+02
244675 5.581938e+02
244811 5.581938e+02
245408 5.581938e+02
245610 5.581938e+02
245645 5.581938e+02
245694 5.581938e+02
246930 5.581938e+02
246981 5.581938e+02
247060 5.581938e+02
247145 5.581938e+02
247288 5.581938e+02
247337 5.581938e+02
247393 5.581938e+02
247574 5.581938e+02
248024 5.581938e+02
248208 5.581938e+02
248341 5.581938e+02
248408 5.581938e+02
248883 5.581938e+02
249140 5.581938e+02
249147 5.581938e+02
249762 5.581938e+02
250598 5.581938e+02
250702 5.581938e+02
250749 5.581938e+02
250875 5.581938e+02
251309 5.581938e+02
251714 5.581938e+02
251849 5.581938e+02
251908 5.581938e+02
252167 5.581938e+02
253126 5.581938e+02
253263 5.581938e+02
253759 5.581938e+02
254042 5.581938e+02
254249 5.581938e+02
254286 5.581938e+02
254354 5.581938e+02
254546 5.581938e+02
254570 5.581938e+02
255142 5.581938e+02
255339 5.581938e+02
255529 5.581938e+02
255548 5.581938e+02
255580 5.581938e+02
255838 5.581938e+02
256075 5.581938e+02
256146 5.581938e+02
256324 5.581938e+02
256548 5.581938e+02
256975 5.581938e+02
257480 5.581938e+02
257673 5.581938e+02
257803 5.581938e+02
257930 5.581938e+02
257977 5.581938e+02
258070 5.581938e+02
258576 5.581938e+02
258743 5.581938e+02
258753 5.581938e+02
259069 5.581938e+02
259185 5.581938e+02
259521 5.581938e+02
259812 5.581938e+02
260396 5.581938e+02
260803 5.581938e+02
260820 5.581938e+02
262037 5.581938e+02
262548 5.581938e+02
262887 5.581938e+02
263055 5.581938e+02
263427 5.581938e+02
263489 5.581938e+02
263694 5.581938e+02
264468 5.581938e+02
264791 5.581938e+02
265001 5.581938e+02
