1 7.633297e+09
3 3.592623e+09
8 3.417409e+09
89 2.722822e+09
109 2.412076e+09
277 1.563745e+09
433 1.126410e+09
510 9.404828e+08
624 6.739620e+08
672 4.437155e+08
745 2.472587e+08
1239 2.225614e+08
1423 1.249764e+08
2114 1.227699e+08
2223 1.139391e+08
2304 9.569276e+07
2532 8.914362e+07
2570 7.522747e+07
2635 7.460798e+07
2645 6.778296e+07
2794 6.653687e+07
2839 6.140715e+07
2878 5.873312e+07
2923 5.747811e+07
3071 5.081362e+07
3093 4.680998e+07
3134 4.351248e+07
3169 4.313066e+07
3182 3.961084e+07
3454 3.272109e+07
3567 2.975209e+07
3716 2.770738e+07
3746 2.171765e+07
3809 1.967777e+07
4038 1.867341e+07
4115 1.486288e+07
4246 1.139066e+07
4758 1.018208e+07
4941 1.007479e+07
5012 9.659811e+06
5101 8.864061e+06
5154 8.569798e+06
5184 8.419033e+06
5232 8.398199e+06
5255 7.947890e+06
5273 7.845797e+06
5325 7.193892e+06
5456 7.127358e+06
5500 6.218925e+06
5530 5.718775e+06
5643 5.144516e+06
5714 4.974815e+06
5853 4.750597e+06
5905 4.502357e+06
5960 4.434162e+06
6073 4.231579e+06
6351 4.082668e+06
6371 4.028870e+06
6468 3.833780e+06
6769 3.616908e+06
6810 3.612080e+06
6886 3.605032e+06
6901 3.391170e+06
6985 3.332862e+06
7057 3.143039e+06
7176 3.038577e+06
7331 2.858657e+06
7388 2.645359e+06
7692 2.565282e+06
7713 2.461004e+06
7814 2.449564e+06
7817 2.437086e+06
7821 2.358096e+06
7876 2.284101e+06
7879 2.277026e+06
7952 2.173776e+06
8144 1.998964e+06
8279 1.992823e+06
8289 1.958154e+06
8318 1.949860e+06
8428 1.910535e+06
8508 1.887838e+06
8547 1.808348e+06
8552 1.784796e+06
8657 1.706646e+06
8679 1.677638e+06
8734 1.644092e+06
8862 1.565564e+06
8916 1.551311e+06
9013 1.530970e+06
9049 1.514125e+06
9056 1.501567e+06
9119 1.451459e+06
9179 1.398402e+06
9186 1.323038e+06
9386 1.270213e+06
9401 1.214079e+06
9615 1.208482e+06
9647 1.187587e+06
9675 1.139929e+06
9825 1.129525e+06
9851 1.032737e+06
10058 1.030244e+06
10090 1.010035e+06
10139 9.715353e+05
10181 9.650784e+05
10203 9.385640e+05
10294 9.282999e+05
10315 8.038568e+05
10512 7.560790e+05
10622 7.491533e+05
10759 7.468035e+05
10792 7.113277e+05
10800 6.926456e+05
10987 6.714874e+05
11030 6.658486e+05
11037 6.136731e+05
11038 6.025095e+05
11246 5.863019e+05
11461 5.736059e+05
11487 5.673477e+05
11504 5.582232e+05
11666 5.323649e+05
11737 5.197707e+05
11819 5.059312e+05
11941 5.042195e+05
11973 5.034128e+05
11994 4.900056e+05
12015 4.614989e+05
12027 4.411549e+05
12166 4.137068e+05
12472 4.034889e+05
12566 3.880852e+05
12585 3.527430e+05
13142 3.517680e+05
13150 2.997253e+05
13232 2.909751e+05
13363 2.705350e+05
13518 2.642244e+05
13558 2.555502e+05
13575 2.378973e+05
13769 2.280131e+05
14005 2.242224e+05
14044 2.185069e+05
14072 2.164142e+05
14082 1.992942e+05
14122 1.948844e+05
14185 1.933672e+05
14203 1.922738e+05
14276 1.894352e+05
14296 1.815498e+05
14383 1.785676e+05
14384 1.743048e+05
14400 1.700934e+05
14408 1.668200e+05
14475 1.593037e+05
14537 1.583292e+05
14544 1.573264e+05
14623 1.530334e+05
14634 1.478910e+05
14772 1.352828e+05
15014 1.341608e+05
15032 1.310817e+05
15051 1.245098e+05
15205 1.224936e+05
15237 1.221342e+05
15282 1.205408e+05
15321 1.204218e+05
15335 1.198329e+05
15351 1.087879e+05
15421 1.054570e+05
15534 9.452623e+04
15659 9.198262e+04
15770 8.882609e+04
15839 8.878794e+04
15990 8.834915e+04
16023 8.428903e+04
16087 7.850857e+04
16169 7.778731e+04
16213 7.581568e+04
16217 7.570790e+04
16220 7.345645e+04
16245 7.134804e+04
16300 6.918008e+04
16463 6.636761e+04
16493 6.632503e+04
16508 6.335493e+04
16584 5.733249e+04
16836 5.195513e+04
16851 5.014493e+04
17114 4.986980e+04
17141 4.967302e+04
17207 4.936966e+04
17214 4.818249e+04
17277 4.806642e+04
17287 4.641791e+04
17306 4.621003e+04
17351 4.503990e+04
17418 4.410680e+04
17452 4.329221e+04
17522 4.291726e+04
17546 4.232309e+04
17621 4.155265e+04
17841 4.091468e+04
17919 4.009851e+04
17994 3.946851e+04
18048 3.845718e+04
18124 3.816312e+04
18168 3.775422e+04
18183 3.700266e+04
18255 3.673984e+04
18289 3.656308e+04
18345 3.593241e+04
18441 3.563983e+04
18558 3.469830e+04
18682 3.445684e+04
18717 3.405398e+04
18735 3.352201e+04
18845 3.323280e+04
18857 3.300061e+04
18871 3.260878e+04
18874 3.224249e+04
18997 3.195446e+04
19015 3.170836e+04
19044 3.160025e+04
19087 3.140600e+04
19160 3.075695e+04
19246 3.040854e+04
19255 2.971099e+04
19373 2.790878e+04
19456 2.734080e+04
19509 2.696381e+04
19518 2.685546e+04
19603 2.674941e+04
19645 2.618378e+04
19665 2.609728e+04
19670 2.609711e+04
19752 2.593147e+04
19767 2.582502e+04
19769 2.579341e+04
19861 2.575752e+04
19869 2.537806e+04
19879 2.505683e+04
19932 2.453515e+04
19941 2.379577e+04
20005 2.340552e+04
20095 2.268278e+04
20100 2.245954e+04
20205 2.219779e+04
20275 2.211792e+04
20354 2.167031e+04
20432 1.972866e+04
20766 1.968530e+04
20847 1.929124e+04
20868 1.921885e+04
20878 1.896430e+04
20917 1.896310e+04
20929 1.809042e+04
21058 1.804847e+04
21079 1.802952e+04
21134 1.802031e+04
21162 1.748663e+04
21230 1.725078e+04
21242 1.701732e+04
21253 1.700502e+04
21298 1.687217e+04
21378 1.648711e+04
21408 1.622157e+04
21421 1.595982e+04
21616 1.593512e+04
21677 1.576911e+04
21724 1.563667e+04
21744 1.526548e+04
21818 1.526071e+04
21836 1.504758e+04
21853 1.455603e+04
21920 1.434210e+04
22007 1.428516e+04
22048 1.416323e+04
22049 1.398915e+04
22127 1.398605e+04
22143 1.365306e+04
22146 1.353086e+04
22210 1.341603e+04
22260 1.340997e+04
22323 1.334343e+04
22336 1.322069e+04
22475 1.306463e+04
22485 1.305960e+04
22536 1.284300e+04
22538 1.280436e+04
22571 1.279824e+04
22645 1.274176e+04
22708 1.256093e+04
22807 1.247454e+04
22823 1.244714e+04
22830 1.216099e+04
22866 1.214472e+04
22877 1.204128e+04
22952 1.197102e+04
23050 1.190575e+04
23072 1.184736e+04
23174 1.180677e+04
23207 1.178327e+04
23210 1.175021e+04
23232 1.173937e+04
23259 1.171536e+04
23262 1.153852e+04
23314 1.146865e+04
23359 1.138379e+04
23421 1.131495e+04
23682 1.125930e+04
23694 1.106394e+04
23724 1.070632e+04
23839 1.064690e+04
23966 1.043480e+04
24069 9.936940e+03
24358 9.933930e+03
24442 9.929913e+03
24510 9.506448e+03
24883 9.439116e+03
24940 9.293312e+03
25018 9.123302e+03
25060 8.964823e+03
25160 8.752534e+03
25183 8.537688e+03
25236 8.472287e+03
25361 8.382777e+03
25363 8.233548e+03
25437 8.057489e+03
25489 7.763512e+03
25640 7.496651e+03
25689 7.199282e+03
25813 7.120296e+03
25859 6.853665e+03
25901 6.824928e+03
25956 6.587082e+03
26022 6.529336e+03
26220 6.422881e+03
26225 5.862432e+03
26354 5.606041e+03
26387 5.275828e+03
26436 5.262498e+03
26445 4.435460e+03
26525 4.371215e+03
26609 4.169862e+03
26647 4.033734e+03
26664 3.796897e+03
26764 3.774028e+03
26791 3.625469e+03
26876 3.593201e+03
26886 3.290609e+03
26930 3.048728e+03
26942 3.028749e+03
26965 2.991496e+03
27009 2.855504e+03
27081 2.638343e+03
27090 2.461545e+03
27332 2.396145e+03
27376 2.099779e+03
27403 2.093423e+03
27404 2.079612e+03
27430 1.975021e+03
27527 1.678461e+03
27533 1.673921e+03
27680 1.568308e+03
27744 1.366655e+03
27848 1.329355e+03
27861 1.219695e+03
27916 1.152006e+03
27923 1.074139e+03
28152 1.035843e+03
28237 1.031690e+03
28263 1.024589e+03
28282 9.881851e+02
28310 9.684149e+02
28340 9.480599e+02
28394 8.601661e+02
28442 8.399739e+02
28459 8.278310e+02
28488 7.709713e+02
28548 7.629394e+02
28577 7.224957e+02
28581 6.739153e+02
28864 6.513897e+02
28899 6.379800e+02
28936 6.304478e+02
28983 6.281996e+02
29014 5.986692e+02
29023 5.424395e+02
29094 5.407730e+02
29167 5.308287e+02
29171 5.295809e+02
29193 5.165574e+02
29216 5.084252e+02
29241 4.715584e+02
29264 4.597340e+02
29369 4.590692e+02
29383 4.410684e+02
29496 4.229530e+02
29505 4.082101e+02
29527 3.974456e+02
29536 3.672232e+02
29617 3.534766e+02
29641 3.353308e+02
29700 3.322537e+02
29777 3.254185e+02
29839 3.213411e+02
29840 2.884729e+02
29882 2.863569e+02
29897 2.836951e+02
29973 2.750821e+02
29995 2.732488e+02
30029 2.628144e+02
30119 2.468146e+02
30249 2.388704e+02
30259 2.332362e+02
30286 2.254321e+02
30323 2.252753e+02
30327 2.148178e+02
30360 1.969372e+02
30455 1.948339e+02
30464 1.899126e+02
30485 1.867854e+02
30517 1.848577e+02
30548 1.709844e+02
30615 1.709219e+02
30647 1.673559e+02
30690 1.603766e+02
30711 1.585571e+02
30815 1.491054e+02
30863 1.459823e+02
30879 1.395816e+02
30891 1.395623e+02
30920 1.338329e+02
30964 1.263744e+02
30969 1.261304e+02
31053 1.223458e+02
31145 1.223420e+02
31159 1.169839e+02
31166 1.108906e+02
31255 1.101247e+02
31261 1.095299e+02
31284 9.913812e+01
31290 9.580260e+01
31369 9.536898e+01
31411 9.399897e+01
31429 9.094269e+01
31430 8.363156e+01
31697 7.896734e+01
31748 7.563097e+01
31887 7.272114e+01
31941 6.707867e+01
31954 6.685765e+01
32039 6.665467e+01
32052 6.625572e+01
32104 6.511255e+01
32106 6.471623e+01
32107 6.318492e+01
32136 6.197271e+01
32142 6.174798e+01
32152 6.093854e+01
32217 6.061324e+01
32224 5.913022e+01
32253 5.889557e+01
32279 5.881196e+01
32290 5.840172e+01
32295 5.804803e+01
32340 5.755505e+01
32346 5.715878e+01
32350 5.691748e+01
32369 5.238107e+01
32444 5.160149e+01
32653 5.062607e+01
32769 4.761016e+01
32776 4.735557e+01
32796 4.598542e+01
32846 3.825336e+01
33112 3.583318e+01
33260 3.564045e+01
33272 3.293328e+01
33280 2.776512e+01
33392 2.754089e+01
33706 2.548019e+01
33789 2.448456e+01
33796 2.446213e+01
33809 2.388662e+01
33819 2.138326e+01
33837 2.038186e+01
33938 2.003950e+01
33945 1.978148e+01
33962 1.925008e+01
33965 1.912147e+01
33990 1.899361e+01
34033 1.672206e+01
34144 1.619245e+01
34221 1.489532e+01
34317 1.474093e+01
34335 1.405666e+01
34438 1.369462e+01
34453 1.340247e+01
34528 1.329463e+01
34545 1.325012e+01
34551 1.320490e+01
34559 1.234150e+01
34603 1.196270e+01
34635 1.189782e+01
34669 1.184146e+01
34701 1.168474e+01
34713 1.107014e+01
34774 1.082497e+01
34918 1.073101e+01
34956 1.026476e+01
34971 1.008886e+01
35001 9.860565e+00
35053 9.425804e+00
35132 9.349194e+00
35134 8.988481e+00
35158 8.962943e+00
35162 8.749719e+00
35183 8.516184e+00
35298 8.347380e+00
35300 8.331758e+00
35307 8.140649e+00
35354 7.562727e+00
35515 7.306087e+00
35573 6.307466e+00
35677 6.010119e+00
35724 5.813895e+00
35734 5.756712e+00
35773 5.457820e+00
35989 5.393582e+00
36022 5.242554e+00
36069 4.851511e+00
36101 4.625515e+00
36237 4.323598e+00
36252 4.298790e+00
36320 4.141266e+00
36374 4.042857e+00
36385 3.921445e+00
36537 3.854341e+00
36539 3.572571e+00
36613 3.304787e+00
36755 3.300416e+00
36767 3.155605e+00
36821 2.960258e+00
36990 2.684974e+00
37138 2.634101e+00
37174 2.528481e+00
37180 2.400100e+00
37276 2.304307e+00
37294 2.271921e+00
37328 2.262582e+00
37365 2.204538e+00
37404 2.136504e+00
37411 2.126541e+00
37414 1.968656e+00
37464 1.918091e+00
37539 1.872050e+00
37552 1.864813e+00
37561 1.809956e+00
37608 1.723619e+00
37622 1.713570e+00
37633 1.658578e+00
37670 1.616990e+00
37707 1.588314e+00
37754 1.539016e+00
37828 1.491915e+00
37947 1.427684e+00
37983 1.400540e+00
38064 1.357232e+00
38066 1.257497e+00
38070 1.149912e+00
38147 1.058866e+00
38291 1.040365e+00
38299 1.011113e+00
38320 9.889552e-01
38339 9.663977e-01
38348 8.573944e-01
38406 8.197882e-01
38414 8.191638e-01
38489 7.911569e-01
38533 7.493653e-01
38687 6.853517e-01
38792 5.848191e-01
38955 5.826722e-01
38969 5.773086e-01
38970 5.353010e-01
38988 5.244721e-01
39020 4.648924e-01
39034 4.510151e-01
39068 4.223860e-01
39225 4.149139e-01
39259 4.048806e-01
39279 3.722563e-01
39293 3.664324e-01
39370 3.345255e-01
39560 3.281115e-01
39567 3.250694e-01
39575 2.808317e-01
39729 2.625928e-01
39739 2.565645e-01
39740 2.493569e-01
39783 2.350160e-01
39855 2.321016e-01
39871 2.266533e-01
39876 2.181193e-01
40183 2.178761e-01
40210 2.120850e-01
40221 2.077452e-01
40236 2.048516e-01
40254 2.024866e-01
40291 1.913291e-01
40376 1.880015e-01
40380 1.765698e-01
40600 1.716236e-01
40614 1.577586e-01
40708 1.554723e-01
40791 1.492126e-01
40907 1.491561e-01
40912 1.477156e-01
40985 1.383241e-01
41049 1.363062e-01
41082 1.360285e-01
41099 1.283437e-01
41137 1.280471e-01
41160 1.211001e-01
41363 1.197099e-01
41419 1.150143e-01
41425 1.135442e-01
41519 1.047544e-01
41539 9.821966e-02
41578 9.438895e-02
41623 9.345662e-02
41652 8.336130e-02
41727 8.333857e-02
41757 7.974009e-02
41777 7.819075e-02
41807 7.724849e-02
41812 7.188494e-02
41877 7.049542e-02
41881 6.756127e-02
41892 6.386049e-02
41985 5.862661e-02
42212 5.182140e-02
42279 5.129559e-02
42288 4.553777e-02
42343 3.757967e-02
42434 3.470438e-02
42568 2.814799e-02
42578 2.747796e-02
42629 2.731952e-02
42685 2.495589e-02
42695 2.195836e-02
42783 2.192908e-02
42800 2.015665e-02
42813 1.920310e-02
42818 1.754752e-02
42819 1.731444e-02
42844 1.708360e-02
42847 1.126112e-02
42955 1.108974e-02
42956 1.013443e-02
43044 9.215793e-03
43079 8.557572e-03
43081 5.284270e-03
43276 4.535323e-03
43351 4.488600e-03
43391 4.068882e-03
43417 3.502631e-03
43450 3.438781e-03
43474 2.756411e-03
43544 2.010401e-03
43756 1.891663e-03
43768 1.647464e-03
43816 1.401536e-03
43846 1.235464e-03
43856 1.065955e-03
43992 7.593273e-04
44009 5.319287e-04
44136 2.071737e-04
44339 2.035296e-04
44442 1.552089e-04
44567 1.300104e-04
44568 1.163627e-04
44607 1.064761e-04
44612 9.821176e-05
44635 9.392493e-05
44656 8.988667e-05
44672 8.331173e-05
44683 7.838122e-05
44686 7.010139e-05
44691 6.960923e-05
44705 5.240338e-05
44744 5.028078e-05
44793 4.765046e-05
44811 4.708022e-05
44836 3.552110e-05
44864 3.012981e-05
134473 2.978120e-05
134544 2.900287e-05
134582 2.418234e-05
134605 2.392311e-05
134626 1.946906e-05
134635 1.710884e-05
134675 1.557157e-05
134733 1.468213e-05
134751 1.156107e-05
134806 9.727711e-06
134834 8.216998e-06
134949 8.076971e-06
134996 5.614266e-06
135037 4.751474e-06
135083 4.723385e-06
135096 4.554586e-06
135142 4.188242e-06
135193 4.177916e-06
135194 4.175781e-06
135208 3.842707e-06
135214 2.785615e-06
135309 2.346679e-06
135329 2.236954e-06
135395 1.426816e-06
135444 1.164550e-06
135553 1.077705e-06
135573 1.073985e-06
135585 1.049517e-06
135644 9.213147e-07
135653 8.670996e-07
135736 6.596924e-07
135763 5.659939e-07
135864 5.011153e-07
135929 4.086263e-07
135968 4.032132e-07
135977 3.634062e-07
135989 3.074144e-07
136068 2.628226e-07
136131 2.515109e-07
136146 2.343705e-07
136157 1.545850e-07
136191 1.512213e-07
136328 1.368089e-07
136358 1.047730e-07
136393 9.344626e-08
136487 8.279687e-08
136517 7.102404e-08
136598 6.579685e-08
136645 4.864610e-08
136750 4.441849e-08
136772 3.657355e-08
136785 3.502360e-08
136818 3.022851e-08
136896 2.618851e-08
136898 2.601226e-08
136946 1.923106e-08
136967 1.864410e-08
137020 1.795389e-08
137024 1.443133e-08
137026 1.084153e-08
137178 1.082735e-08
137208 1.025698e-08
137215 1.003726e-08
137224 6.439905e-09
