1 3.238228e+10
2 1.193683e+10
4 1.099275e+10
5 6.858988e+09
15 3.134678e+09
21 1.645005e+09
401 1.465829e+09
562 1.232119e+09
574 9.425423e+08
592 7.585084e+08
650 6.893300e+08
732 5.482439e+08
858 4.027698e+08
896 1.887326e+08
1677 1.561303e+08
1864 1.545316e+08
1877 1.213017e+08
1917 8.135041e+07
1979 7.824079e+07
2289 7.757440e+07
2369 6.736730e+07
2430 5.958912e+07
2633 5.577295e+07
2730 5.101541e+07
2732 4.882001e+07
2874 4.851860e+07
2898 4.614487e+07
2940 3.796757e+07
3037 3.783573e+07
3126 3.708267e+07
3180 3.130089e+07
3369 2.487649e+07
3663 2.406387e+07
3960 2.347169e+07
4065 1.966294e+07
4403 1.920140e+07
4506 1.708211e+07
4672 1.706219e+07
4750 1.485224e+07
4846 1.451817e+07
4858 1.413467e+07
4955 1.285397e+07
5135 1.276394e+07
5205 1.243730e+07
5277 1.214182e+07
5324 1.208419e+07
5395 1.205419e+07
5478 1.199732e+07
5506 1.165262e+07
5575 1.087481e+07
5918 1.032079e+07
6119 1.026661e+07
6152 9.762255e+06
6245 9.656339e+06
6315 9.607572e+06
6321 9.095322e+06
6544 9.090535e+06
6552 8.770713e+06
6555 8.683917e+06
6647 8.082304e+06
6774 7.847557e+06
6841 7.834448e+06
6890 7.775522e+06
6927 6.996228e+06
7062 5.961670e+06
7131 5.418755e+06
7340 5.300151e+06
7396 5.269344e+06
7481 4.588533e+06
7500 4.337925e+06
7525 4.190278e+06
7633 3.855958e+06
7890 3.805779e+06
7896 3.635601e+06
7961 3.475164e+06
7969 3.181336e+06
8101 2.965746e+06
8164 2.843718e+06
8342 2.625690e+06
8556 2.573061e+06
8782 2.402324e+06
8877 2.389868e+06
8882 2.251636e+06
8936 2.133491e+06
9019 1.956590e+06
9085 1.955335e+06
9120 1.916799e+06
9152 1.876889e+06
9156 1.814856e+06
9249 1.807067e+06
9271 1.794472e+06
9311 1.721788e+06
9334 1.695634e+06
9354 1.577855e+06
9383 1.526697e+06
9532 1.518983e+06
9560 1.509157e+06
9582 1.489449e+06
9667 1.398971e+06
9895 1.383418e+06
9898 1.348736e+06
10024 1.343624e+06
10111 1.308690e+06
10121 1.283597e+06
10189 1.265989e+06
10192 1.170032e+06
10405 1.149894e+06
10571 1.146707e+06
10607 1.143513e+06
10654 1.090869e+06
10747 1.090629e+06
10749 1.000867e+06
11219 8.922240e+05
11305 8.474574e+05
11368 8.190287e+05
11615 8.158387e+05
11652 7.653210e+05
11672 7.645941e+05
11903 7.575005e+05
11914 7.258084e+05
12062 6.919779e+05
12073 6.610740e+05
12078 6.597291e+05
12188 6.496478e+05
12215 6.285881e+05
12272 6.230227e+05
12295 6.056966e+05
12358 5.760708e+05
12376 5.637708e+05
12415 5.164963e+05
12665 4.998646e+05
12668 4.938492e+05
12739 4.907399e+05
12762 4.733901e+05
12887 4.694969e+05
12892 4.614285e+05
12933 4.579786e+05
12958 4.438806e+05
13025 4.435887e+05
13030 4.280944e+05
13100 4.270441e+05
13102 4.207620e+05
13119 4.072430e+05
13144 4.036588e+05
13146 3.961176e+05
13150 3.908199e+05
13267 3.852942e+05
13296 3.721573e+05
13353 3.524628e+05
13529 3.497537e+05
13535 3.436859e+05
13550 3.358814e+05
13563 3.296959e+05
13585 3.169158e+05
13677 3.088418e+05
13719 3.078212e+05
13830 3.044569e+05
13865 2.825660e+05
13981 2.437955e+05
14132 2.391760e+05
14271 2.364285e+05
14280 2.297126e+05
14325 2.206060e+05
14346 2.174616e+05
14365 2.137932e+05
14543 2.013900e+05
14628 1.997647e+05
14671 1.829521e+05
14722 1.698464e+05
14796 1.553708e+05
14814 1.532947e+05
14908 1.517177e+05
14991 1.328881e+05
15041 1.312834e+05
15295 1.211608e+05
15472 1.184660e+05
15576 1.056999e+05
15792 9.425848e+04
15889 8.748812e+04
15994 8.573801e+04
15996 8.554521e+04
16077 8.319387e+04
16098 7.312217e+04
16355 7.257740e+04
16375 7.105237e+04
16441 6.907299e+04
16453 6.717142e+04
16542 6.391506e+04
16549 6.204370e+04
16626 6.039093e+04
16716 5.989232e+04
16730 5.742835e+04
16772 5.556194e+04
16836 5.177911e+04
16967 5.045375e+04
17071 4.990531e+04
17096 4.926750e+04
17102 4.708986e+04
17197 4.635428e+04
17201 4.528925e+04
17313 4.368394e+04
17401 4.076557e+04
17511 4.065779e+04
17552 4.039934e+04
17569 4.019047e+04
17590 4.016338e+04
17591 3.980902e+04
17611 3.815138e+04
17628 3.765234e+04
17738 3.751790e+04
17748 3.492692e+04
17854 3.474728e+04
17897 3.447012e+04
18080 3.321894e+04
18176 3.281278e+04
18198 3.275650e+04
18216 3.240094e+04
18314 3.236116e+04
18359 3.156300e+04
18367 3.151417e+04
18387 3.068728e+04
18458 3.003410e+04
18599 2.994815e+04
18700 2.977819e+04
18748 2.959055e+04
18845 2.952225e+04
18898 2.890859e+04
18975 2.867441e+04
18976 2.830382e+04
19004 2.756016e+04
19071 2.748817e+04
19174 2.689345e+04
19294 2.649866e+04
19345 2.646433e+04
19400 2.581368e+04
19407 2.564121e+04
19443 2.542634e+04
19559 2.536576e+04
19625 2.488684e+04
19761 2.432777e+04
19835 2.430124e+04
19846 2.392619e+04
19858 2.368701e+04
20026 2.342121e+04
20042 2.340794e+04
20283 2.339689e+04
20345 2.281004e+04
20349 2.203011e+04
20411 2.201084e+04
20415 2.044395e+04
20643 1.956557e+04
20722 1.956385e+04
20748 1.952648e+04
20814 1.934546e+04
20845 1.908178e+04
20876 1.905201e+04
20913 1.870746e+04
20992 1.811835e+04
21091 1.775107e+04
21114 1.665921e+04
21280 1.614056e+04
21481 1.582552e+04
21492 1.402900e+04
21733 1.357724e+04
21786 1.333946e+04
21797 1.320515e+04
21924 1.289938e+04
21956 1.275132e+04
22003 1.226773e+04
22027 1.214289e+04
22033 1.213078e+04
22038 1.201543e+04
22041 1.199359e+04
22086 1.125223e+04
22226 1.123759e+04
22285 1.119329e+04
22307 1.118331e+04
22321 1.096256e+04
22407 1.041966e+04
22488 1.015112e+04
22545 9.754793e+03
22587 9.597373e+03
22691 9.578035e+03
22718 9.534380e+03
22742 9.364511e+03
22865 9.249789e+03
22895 9.043389e+03
22954 9.029024e+03
22959 9.019174e+03
23020 8.962987e+03
23041 8.890273e+03
23042 8.879630e+03
23067 8.825248e+03
23082 8.814362e+03
23110 8.710524e+03
23168 8.703444e+03
23173 8.585377e+03
23206 8.447066e+03
23244 8.438500e+03
23375 8.342418e+03
23383 8.326928e+03
23413 8.286612e+03
23477 8.220103e+03
23496 8.200490e+03
23497 8.002866e+03
23612 7.873209e+03
23628 7.799509e+03
23662 7.703474e+03
23756 7.599406e+03
23757 7.511664e+03
23795 7.238126e+03
23845 7.122188e+03
24091 6.915497e+03
24216 6.844715e+03
24282 6.578186e+03
24435 6.378104e+03
24448 6.177456e+03
24493 6.154624e+03
24494 6.144368e+03
24515 6.086341e+03
24516 6.076762e+03
24520 5.722394e+03
24563 5.597832e+03
24572 5.534679e+03
24643 5.426153e+03
24695 5.306692e+03
24777 5.206587e+03
24848 5.168736e+03
24970 5.136325e+03
24983 5.123891e+03
24992 5.044964e+03
25002 5.033121e+03
25033 4.997359e+03
25064 4.947223e+03
25073 4.926306e+03
25076 4.877413e+03
25077 4.763093e+03
25119 4.755179e+03
25180 4.668074e+03
25225 4.563409e+03
25285 4.489140e+03
25377 4.396805e+03
25443 4.342717e+03
25651 4.266329e+03
25694 4.231008e+03
25841 4.085006e+03
25980 4.063147e+03
26023 4.051514e+03
26064 3.841151e+03
26126 3.795760e+03
26172 3.785783e+03
26230 3.741448e+03
26239 3.717713e+03
26272 3.613397e+03
26612 3.586550e+03
26640 3.474482e+03
26720 3.421712e+03
26824 3.304724e+03
26870 3.212152e+03
26899 3.150683e+03
26983 3.138795e+03
27061 3.077848e+03
27086 3.056770e+03
27100 2.982610e+03
27145 2.928915e+03
27149 2.858865e+03
27251 2.749082e+03
27285 2.724130e+03
27318 2.613606e+03
27405 2.591044e+03
27453 2.448167e+03
27614 2.407002e+03
27702 2.368493e+03
27790 2.365855e+03
27801 2.351758e+03
27831 2.347524e+03
27854 2.347071e+03
27881 2.333364e+03
27894 2.295229e+03
28045 2.256172e+03
28097 2.213724e+03
28123 2.176195e+03
28217 2.128086e+03
28363 2.123122e+03
28401 2.114550e+03
28413 2.105981e+03
28455 2.011928e+03
28506 1.995507e+03
28783 1.990227e+03
28798 1.983828e+03
28842 1.914139e+03
28931 1.887072e+03
28957 1.886008e+03
28971 1.879276e+03
28985 1.864118e+03
29030 1.858694e+03
29044 1.845972e+03
29122 1.829279e+03
29222 1.806955e+03
29254 1.789954e+03
29296 1.784773e+03
29317 1.782489e+03
29364 1.733937e+03
29408 1.684820e+03
29455 1.642573e+03
29480 1.637334e+03
29525 1.618407e+03
29572 1.611824e+03
29648 1.591522e+03
29777 1.547366e+03
29801 1.485781e+03
29953 1.427168e+03
30053 1.414073e+03
30057 1.363130e+03
30214 1.279127e+03
30335 1.264939e+03
30342 1.130580e+03
30492 1.095265e+03
30638 9.935186e+02
30762 9.755418e+02
30814 8.835729e+02
30909 8.622202e+02
31004 8.567291e+02
31104 8.225540e+02
31128 7.849476e+02
31246 7.749908e+02
31402 7.646906e+02
31431 7.505619e+02
31447 7.437331e+02
31466 7.317976e+02
31494 7.178477e+02
31574 7.130052e+02
31736 6.887846e+02
31765 6.718527e+02
31917 6.650583e+02
31974 6.587728e+02
32028 6.483421e+02
32106 6.417547e+02
32153 6.362190e+02
32171 6.328441e+02
32196 6.324146e+02
32197 6.290138e+02
32216 6.281785e+02
32235 6.269321e+02
32236 6.053322e+02
32292 6.027490e+02
32364 5.986452e+02
32402 5.982571e+02
32414 5.900668e+02
32528 5.785131e+02
32541 5.765432e+02
32546 5.651471e+02
32578 5.483324e+02
32730 5.368821e+02
32765 5.123702e+02
32936 5.022385e+02
32938 4.911644e+02
33000 4.815014e+02
33010 4.543458e+02
33051 4.356234e+02
33060 4.219819e+02
33194 4.115632e+02
33237 4.042304e+02
33306 3.903545e+02
33340 3.838034e+02
33345 3.399728e+02
33412 3.394563e+02
33416 3.130028e+02
33588 3.027598e+02
33603 2.595398e+02
33783 1.984883e+02
33802 1.901470e+02
34067 1.841222e+02
34077 1.659216e+02
34092 1.621721e+02
34134 1.268140e+02
34327 1.252747e+02
34415 1.120874e+02
34454 9.813357e+01
34554 9.612697e+01
34569 9.550545e+01
34610 8.767862e+01
34636 8.716698e+01
34690 7.979331e+01
34693 7.685715e+01
34704 7.003071e+01
34783 6.967213e+01
34788 6.708946e+01
34810 6.477991e+01
34827 6.436873e+01
34876 5.748316e+01
34883 5.730771e+01
34916 5.547716e+01
34973 5.521150e+01
35054 5.291904e+01
35101 5.138537e+01
35139 4.842883e+01
35264 4.842513e+01
35283 4.709130e+01
35308 4.672329e+01
35325 4.450495e+01
35378 4.248503e+01
35601 4.065267e+01
35687 4.003480e+01
35737 3.841214e+01
35792 3.759236e+01
35804 3.606374e+01
35805 3.602124e+01
35896 3.580093e+01
35978 3.490378e+01
35998 3.459869e+01
36004 3.368919e+01
36047 3.355201e+01
36050 3.336918e+01
36056 3.234618e+01
36123 3.130943e+01
36141 3.122053e+01
36171 3.082199e+01
36192 3.029214e+01
36314 3.012671e+01
36332 3.010808e+01
36344 2.999025e+01
36347 2.970219e+01
36410 2.921605e+01
36416 2.873617e+01
36493 2.855481e+01
36511 2.847271e+01
36623 2.823507e+01
36656 2.790627e+01
36665 2.789968e+01
36753 2.740549e+01
36763 2.696642e+01
36822 2.643939e+01
36911 2.584763e+01
37030 2.565784e+01
37085 2.542280e+01
37110 2.475666e+01
37116 2.475085e+01
37138 2.426382e+01
37242 2.400170e+01
37258 2.351061e+01
37269 2.320742e+01
37337 2.289880e+01
37377 2.211398e+01
37456 2.159580e+01
37496 2.152126e+01
37559 2.137507e+01
37613 2.126425e+01
37648 1.928677e+01
37905 1.861304e+01
37909 1.828587e+01
37947 1.676096e+01
38016 1.631559e+01
38020 1.570990e+01
38118 1.449880e+01
38290 1.279631e+01
38440 1.164422e+01
38492 9.195850e+00
38573 9.092720e+00
38599 7.918877e+00
38743 7.051327e+00
38827 6.790948e+00
38919 5.454029e+00
39046 4.883871e+00
39077 4.650078e+00
39130 4.459177e+00
39186 3.793100e+00
39190 3.465191e+00
39282 2.673614e+00
39400 2.662758e+00
39565 2.377073e+00
39571 2.376384e+00
39596 2.356394e+00
39606 2.081661e+00
39652 1.934654e+00
39671 1.788551e+00
39676 1.619134e+00
39683 1.584477e+00
39728 1.505831e+00
39738 1.484225e+00
39743 1.367300e+00
39777 1.205357e+00
39787 1.106988e+00
39820 8.922876e-01
39852 7.204966e-01
39982 5.930080e-01
40049 5.745590e-01
40080 5.675923e-01
40115 3.266281e-01
40435 3.264245e-01
40456 2.624384e-01
40469 2.457305e-01
40519 2.444345e-01
40533 2.440130e-01
40541 2.148348e-01
40542 1.938490e-01
40564 1.861571e-01
40597 1.820334e-01
40621 1.814280e-01
40628 1.724513e-01
40663 1.678169e-01
40668 1.641677e-01
40670 1.526433e-01
40675 1.484311e-01
40678 1.449109e-01
40683 9.745683e-02
40765 9.383270e-02
40770 9.079784e-02
40811 8.306415e-02
40835 6.846132e-02
40845 6.644772e-02
40883 4.659232e-02
40970 4.069894e-02
41014 4.038856e-02
41047 2.494257e-02
41196 2.022299e-02
41232 1.983812e-02
41241 1.378480e-02
41339 1.072591e-02
41397 9.086294e-03
41548 8.632739e-03
41562 8.409065e-03
41567 8.340246e-03
41596 4.940041e-03
41690 4.918230e-03
41692 4.400265e-03
41765 4.272536e-03
41769 2.933849e-03
41837 2.170873e-03
41852 2.063572e-03
41869 2.027279e-03
41903 1.827117e-03
41909 1.543769e-03
41985 1.183742e-03
42111 1.023039e-03
42183 9.222179e-04
42245 7.415341e-04
42341 6.993832e-04
42363 5.016048e-04
42416 4.646646e-04
42528 4.524319e-04
42547 4.063819e-04
42550 2.925216e-04
42623 2.851053e-04
42625 2.771724e-04
42638 2.428092e-04
42658 2.415865e-04
42671 1.739469e-04
42704 1.684507e-04
42812 1.588289e-04
42827 1.553791e-04
42853 1.081707e-04
42918 7.663301e-05
42932 7.317979e-05
43019 6.586865e-05
43029 6.303279e-05
43069 5.702712e-05
43084 5.644050e-05
43217 4.800538e-05
43221 4.339344e-05
43262 4.149086e-05
43272 3.742105e-05
43276 3.190095e-05
43280 2.642354e-05
43325 2.511461e-05
43355 2.183143e-05
43361 2.072799e-05
43399 1.971443e-05
43413 1.604606e-05
43565 1.369916e-05
43610 1.246197e-05
43669 1.241797e-05
43690 5.809711e-06
43996 5.704117e-06
44035 3.957182e-06
44057 3.759819e-06
44152 3.121847e-06
44173 2.391883e-06
44277 2.276139e-06
44342 2.045617e-06
44394 1.554639e-06
44474 1.503518e-06
44498 1.444268e-06
44530 1.365623e-06
44533 1.312041e-06
44546 1.278358e-06
44551 1.019493e-06
44571 9.947870e-07
44592 9.885682e-07
44651 7.895647e-07
44794 7.541775e-07
44802 7.024587e-07
44825 6.777929e-07
44838 5.501557e-07
44922 5.002325e-07
44961 4.415711e-07
45000 4.030579e-07
137328 3.892666e-07
137355 3.515282e-07
137411 3.441825e-07
137438 3.254972e-07
137471 3.085525e-07
137524 2.790695e-07
137528 2.598883e-07
137534 2.309943e-07
137570 1.834381e-07
137622 1.467202e-07
137710 1.328143e-07
137751 9.819223e-08
137811 8.040210e-08
137908 7.454349e-08
137918 4.108007e-08
138002 3.819191e-08
138036 3.741606e-08
138136 3.386059e-08
138173 3.231329e-08
138207 2.409628e-08
138223 2.217860e-08
138237 1.870072e-08
138253 1.703934e-08
138286 1.602423e-08
138391 1.552645e-08
138398 1.298513e-08
138429 1.297829e-08
138434 1.156104e-08
138449 9.089970e-09
203929 8.717448e-09
