1 2.127964e+01
2 1.762644e+01
4 1.474182e+01
35 1.424795e+01
139 1.384614e+01
214 1.219655e+01
362 1.097967e+01
949 1.039528e+01
989 1.006609e+01
1059 9.439803e+00
1236 9.275126e+00
1371 8.433275e+00
1418 8.314803e+00
1455 8.179015e+00
1522 8.166642e+00
1525 8.075935e+00
1599 7.783725e+00
1601 7.629585e+00
1617 7.424909e+00
1667 7.371408e+00
1683 7.353179e+00
1722 6.853809e+00
1864 6.654602e+00
1918 6.208203e+00
1972 6.197175e+00
1988 6.100246e+00
2070 6.048031e+00
2112 5.803577e+00
2280 5.589817e+00
2404 5.554001e+00
2458 5.504158e+00
2514 5.455376e+00
2517 5.444408e+00
2615 5.429069e+00
2667 5.414295e+00
2742 5.407345e+00
2745 5.391396e+00
2792 5.361882e+00
2857 5.308976e+00
3132 5.301318e+00
3145 5.274731e+00
3313 5.266656e+00
3332 5.257658e+00
3354 5.253048e+00
3411 5.240394e+00
3479 5.233174e+00
3494 5.226759e+00
3503 5.212244e+00
3692 5.206497e+00
3727 5.196091e+00
3818 5.191088e+00
3919 5.187268e+00
3947 5.184499e+00
3989 5.183896e+00
3990 5.175582e+00
4053 5.164653e+00
4098 5.164589e+00
4106 5.163763e+00
4112 5.152680e+00
4199 5.151857e+00
4273 5.134437e+00
4387 5.134229e+00
4553 5.133434e+00
4577 5.131048e+00
4642 5.124913e+00
4862 5.124794e+00
4948 5.123204e+00
4952 5.122455e+00
4958 5.121997e+00
4983 5.120601e+00
5021 5.120000e+00
5062 5.119236e+00
5083 5.116805e+00
5203 5.115503e+00
5240 5.113793e+00
5335 5.113714e+00
5362 5.112424e+00
5441 5.112326e+00
5457 5.112266e+00
5505 5.112002e+00
5513 5.111875e+00
5521 5.111459e+00
5573 5.111428e+00
5580 5.111321e+00
5605 5.110398e+00
5666 5.110324e+00
5762 5.110255e+00
5778 5.110232e+00
5790 5.109940e+00
5804 5.109877e+00
5925 5.109857e+00
5943 5.109451e+00
6002 5.108795e+00
6087 5.108658e+00
6094 5.108550e+00
6174 5.108219e+00
6385 5.108200e+00
6387 5.108125e+00
6413 5.108124e+00
6421 5.108088e+00
6433 5.108062e+00
6437 5.108054e+00
6456 5.107918e+00
6478 5.107901e+00
6489 5.107843e+00
6526 5.107812e+00
6626 5.107763e+00
6650 5.107759e+00
6668 5.107729e+00
6672 5.107700e+00
6682 5.107670e+00
6744 5.107667e+00
6752 5.107659e+00
6762 5.107644e+00
6769 5.107641e+00
6777 5.107597e+00
6800 5.107567e+00
6826 5.107564e+00
6867 5.107548e+00
6903 5.107505e+00
6953 5.107501e+00
6975 5.107491e+00
7009 5.107485e+00
7114 5.107476e+00
7123 5.107452e+00
7249 5.107405e+00
7290 5.107353e+00
7566 5.107353e+00
7598 5.107311e+00
7693 5.107305e+00
7715 5.107297e+00
7734 5.107292e+00
7755 5.107280e+00
7802 5.107280e+00
7803 5.107274e+00
7830 5.107271e+00
7864 5.107260e+00
7869 5.107251e+00
8010 5.107246e+00
8056 5.107245e+00
8088 5.107238e+00
8181 5.107236e+00
8227 5.107235e+00
8235 5.107234e+00
8249 5.107233e+00
8257 5.107227e+00
8299 5.107227e+00
8316 5.107225e+00
8322 5.107224e+00
8335 5.107224e+00
8339 5.107223e+00
8401 5.107220e+00
8445 5.107219e+00
8504 5.107219e+00
8526 5.107219e+00
8555 5.107218e+00
8657 5.107218e+00
8697 5.107218e+00
8699 5.107218e+00
8723 5.107217e+00
8748 5.107217e+00
8802 5.107217e+00
8903 5.107217e+00
8982 5.107217e+00
9048 5.107217e+00
9057 5.107217e+00
9066 5.107217e+00
9089 5.107217e+00
9228 5.107217e+00
9254 5.107217e+00
9327 5.107217e+00
9331 5.107217e+00
9377 5.107217e+00
9391 5.107217e+00
9438 5.107217e+00
9449 5.107217e+00
9462 5.107217e+00
9524 5.107217e+00
9579 5.107217e+00
9614 5.107217e+00
9646 5.107217e+00
9712 5.107217e+00
9721 5.107217e+00
9753 5.107217e+00
9819 5.107217e+00
9842 5.107217e+00
9883 5.107217e+00
9901 5.107217e+00
9974 5.107217e+00
10024 5.107217e+00
10050 5.107217e+00
10104 5.107217e+00
10129 5.107217e+00
10131 5.107217e+00
12958 4.721784e+00
13211 4.363992e+00
13269 3.752755e+00
13784 3.581816e+00
13887 3.235478e+00
13909 2.648456e+00
13975 2.054413e+00
14835 1.543095e+00
32427 1.336558e+00
32457 1.253966e+00
32478 1.180395e+00
32547 1.174177e+00
32609 1.034791e+00
32640 1.009005e+00
32657 7.265181e-01
32778 6.798332e-01
32930 6.796216e-01
32982 6.302160e-01
33017 5.806178e-01
33098 4.773144e-01
33157 4.743692e-01
33302 4.705888e-01
33309 4.467835e-01
33344 3.873149e-01
33376 3.819331e-01
33410 3.491642e-01
33428 3.295833e-01
33436 2.498105e-01
33682 2.315891e-01
33731 2.286680e-01
33759 2.104527e-01
33786 2.087721e-01
33802 2.029098e-01
33808 1.920208e-01
33830 1.538613e-01
33949 1.443510e-01
34094 1.439315e-01
34125 1.404951e-01
34127 1.223744e-01
34157 1.044317e-01
34212 9.577312e-02
34276 9.489262e-02
34348 8.146601e-02
34465 6.957819e-02
34466 6.680808e-02
34534 6.525084e-02
34569 5.174316e-02
34694 5.059799e-02
34765 4.202716e-02
34793 3.851789e-02
34962 3.643939e-02
34968 3.536075e-02
34984 3.343167e-02
35003 3.160472e-02
35063 2.971196e-02
35204 2.621480e-02
35342 2.140941e-02
35352 2.114590e-02
35442 1.968455e-02
35499 1.876914e-02
35500 1.778664e-02
35526 1.527318e-02
35543 1.195584e-02
35767 1.193260e-02
35794 1.180936e-02
35801 1.000052e-02
35930 8.457053e-03
36006 7.888514e-03
36021 7.263143e-03
36025 6.499333e-03
36118 6.183304e-03
36148 5.970117e-03
36149 4.936106e-03
36235 4.255670e-03
36285 3.407434e-03
36396 3.395381e-03
36411 3.258823e-03
36426 2.476464e-03
36477 2.462667e-03
36584 2.346516e-03
36608 2.208621e-03
36622 2.140644e-03
36658 1.871693e-03
36701 1.654095e-03
36796 1.563676e-03
36797 1.292970e-03
36934 1.278008e-03
36956 1.197131e-03
37014 1.195037e-03
37020 1.112050e-03
37036 1.103600e-03
37050 7.287941e-04
37283 6.952988e-04
37299 6.391429e-04
37319 5.574208e-04
37420 5.482140e-04
37439 5.124620e-04
37553 4.297055e-04
37688 4.292514e-04
37720 4.226342e-04
37721 3.995643e-04
37783 3.972291e-04
37862 3.494997e-04
38032 3.350934e-04
38054 3.330637e-04
38080 3.057040e-04
38232 2.920529e-04
38259 2.879963e-04
38325 2.871114e-04
38337 2.742409e-04
38369 2.707629e-04
38453 2.692949e-04
38462 2.574901e-04
38478 2.560120e-04
38569 2.541828e-04
38644 2.539601e-04
38651 2.482594e-04
38792 2.416807e-04
38904 2.414645e-04
38918 2.412965e-04
38990 2.365647e-04
38995 2.347404e-04
38996 2.346637e-04
39019 2.314051e-04
39157 2.295235e-04
39218 2.285217e-04
39279 2.273285e-04
39349 2.267362e-04
39367 2.264668e-04
39393 2.259853e-04
39408 2.250570e-04
39428 2.250486e-04
39439 2.239264e-04
39483 2.237670e-04
39571 2.233351e-04
39593 2.233263e-04
39623 2.232298e-04
39626 2.231665e-04
39636 2.231212e-04
39671 2.229484e-04
39739 2.228948e-04
39745 2.228725e-04
39756 2.228484e-04
39775 2.227530e-04
39791 2.227056e-04
39802 2.225623e-04
39925 2.225324e-04
39966 2.224793e-04
40039 2.224746e-04
40051 2.224565e-04
40053 2.224501e-04
40056 2.224443e-04
40075 2.224412e-04
40089 2.224380e-04
40092 2.224366e-04
40102 2.224224e-04
40121 2.224176e-04
40163 2.223824e-04
40233 2.223762e-04
40246 2.223694e-04
40256 2.223486e-04
40308 2.223359e-04
40326 2.223031e-04
40416 2.222887e-04
40469 2.222738e-04
40470 2.222462e-04
40480 2.222344e-04
40525 2.222127e-04
40596 2.221277e-04
40620 2.220995e-04
40650 2.220981e-04
40675 2.220885e-04
40685 2.220617e-04
40726 2.220558e-04
40733 2.220474e-04
40739 2.220380e-04
40746 2.220336e-04
40752 2.220248e-04
40767 2.219624e-04
40795 2.219030e-04
40875 2.218775e-04
40947 2.218751e-04
40967 2.218717e-04
40976 2.218616e-04
40989 2.218379e-04
41012 2.218361e-04
41031 2.218277e-04
41038 2.218268e-04
41073 2.218160e-04
41191 2.218155e-04
41215 2.218155e-04
41242 2.218109e-04
41284 2.218108e-04
41293 2.218106e-04
41343 2.218102e-04
41354 2.218096e-04
41391 2.218092e-04
41401 2.218091e-04
41479 2.218089e-04
41485 2.218084e-04
41546 2.218081e-04
41652 2.218080e-04
41656 2.218080e-04
41683 2.218080e-04
41691 2.218080e-04
41698 2.218080e-04
41759 2.218080e-04
41769 2.218080e-04
41778 2.218079e-04
41872 2.218079e-04
41932 2.218079e-04
41992 2.218079e-04
42022 2.218079e-04
42023 2.218079e-04
42026 2.218079e-04
