1 2.339733e+01
2 1.242516e+01
4 1.015880e+01
28 8.321604e+00
36 8.101176e+00
58 7.788344e+00
81 7.606986e+00
85 6.645467e+00
90 6.279652e+00
133 6.145495e+00
391 4.299182e+00
2056 4.154921e+00
12233 3.620808e+00
16702 3.344591e+00
31990 3.150756e+00
41873 2.962225e+00
46083 2.871160e+00
46084 2.871160e+00
46087 2.871160e+00
46090 2.871160e+00
46093 2.871160e+00
46096 2.871160e+00
46099 2.871160e+00
46102 2.871160e+00
46105 2.871160e+00
46108 2.871160e+00
46111 2.871160e+00
46113 2.436187e+00
46163 2.170690e+00
46164 2.170690e+00
46167 2.170690e+00
46277 1.798855e+00
46347 1.798855e+00
46454 1.624285e+00
46455 1.624285e+00
46458 1.624285e+00
46461 1.624285e+00
46464 1.624285e+00
46466 1.467081e+00
46631 1.464793e+00
46666 1.245777e+00
46667 1.245777e+00
46670 1.245777e+00
46673 1.245777e+00
46676 1.245777e+00
46679 1.245777e+00
46682 1.245777e+00
46685 1.245777e+00
46687 1.139157e+00
46705 1.090058e+00
46706 1.090058e+00
46709 1.090058e+00
46712 1.090058e+00
46714 1.055142e+00
46715 1.055142e+00
46718 1.055142e+00
46721 1.055142e+00
46724 1.055142e+00
46727 1.055142e+00
46730 1.055142e+00
46733 1.055142e+00
46735 9.567863e-01
46750 8.897429e-01
46783 8.823905e-01
46784 8.823905e-01
46787 8.823905e-01
46790 8.823905e-01
46793 8.823905e-01
46796 8.823905e-01
46799 8.823905e-01
46802 8.823905e-01
46804 8.219309e-01
46805 8.219309e-01
46808 8.219309e-01
46810 7.857273e-01
46811 7.857273e-01
46814 7.857273e-01
46817 7.857273e-01
46820 7.857273e-01
46823 7.857273e-01
46826 7.857273e-01
46829 7.857273e-01
46832 7.857273e-01
46835 7.857273e-01
46838 7.857273e-01
46841 7.857273e-01
46844 7.857273e-01
46847 7.857273e-01
46850 7.857273e-01
46853 7.857273e-01
46856 7.857273e-01
46859 7.857273e-01
46862 7.857273e-01
46865 7.857273e-01
46868 7.857273e-01
46871 7.857273e-01
46874 7.857273e-01
46877 7.857273e-01
46880 7.857273e-01
46883 7.857273e-01
46886 7.857273e-01
46889 7.857273e-01
46892 7.857273e-01
46895 7.857273e-01
46898 7.857273e-01
46901 7.857273e-01
46904 7.857273e-01
46907 7.857273e-01
46910 7.857273e-01
46913 7.857273e-01
46916 7.857273e-01
46919 7.857273e-01
46922 7.857273e-01
46925 7.857273e-01
46928 7.857273e-01
46931 7.857273e-01
46934 7.857273e-01
46937 7.857273e-01
46940 7.857273e-01
46943 7.857273e-01
46946 7.857273e-01
46949 7.857273e-01
46952 7.857273e-01
46955 7.857273e-01
46958 7.857273e-01
46961 7.857273e-01
46964 7.857273e-01
46967 7.857273e-01
46970 7.857273e-01
46973 7.857273e-01
46976 7.857273e-01
46979 7.857273e-01
46982 7.857273e-01
46985 7.857273e-01
46988 7.857273e-01
46991 7.857273e-01
46994 7.857273e-01
46997 7.857273e-01
47000 7.857273e-01
47003 7.857273e-01
47006 7.857273e-01
47009 7.857273e-01
47012 7.857273e-01
47015 7.857273e-01
47018 7.857273e-01
47021 7.857273e-01
47024 7.857273e-01
47027 7.857273e-01
47030 7.857273e-01
47033 7.857273e-01
47036 7.857273e-01
47039 7.857273e-01
47042 7.857273e-01
47045 7.857273e-01
47048 7.857273e-01
47051 7.857273e-01
47054 7.857273e-01
47057 7.857273e-01
47060 7.857273e-01
47063 7.857273e-01
47066 7.857273e-01
47069 7.857273e-01
47072 7.857273e-01
47075 7.857273e-01
47078 7.857273e-01
47079 7.649806e-01
47080 7.649806e-01
47083 7.649806e-01
47086 7.649806e-01
47089 7.649806e-01
47091 7.396334e-01
47106 7.213344e-01
47107 7.213344e-01
47110 7.213344e-01
47113 7.213344e-01
47116 7.213344e-01
47119 7.213344e-01
47122 7.213344e-01
47125 7.213344e-01
47128 7.213344e-01
47131 7.213344e-01
47133 7.053489e-01
47134 7.053489e-01
47137 7.053489e-01
47140 7.053489e-01
47143 7.053489e-01
47146 7.053489e-01
47149 7.053489e-01
47152 7.053489e-01
47155 7.053489e-01
47157 7.029638e-01
47355 6.949737e-01
47391 6.902146e-01
47392 6.902146e-01
47395 6.902146e-01
47398 6.902146e-01
47401 6.902146e-01
47404 6.902146e-01
47407 6.902146e-01
47410 6.902146e-01
47411 6.849044e-01
47429 6.833167e-01
47435 6.719018e-01
47436 6.719018e-01
47439 6.719018e-01
47440 6.357810e-01
47441 6.357810e-01
47443 6.353295e-01
47444 6.353295e-01
47447 6.353295e-01
47450 6.353295e-01
47453 6.353295e-01
47456 6.353295e-01
47459 6.353295e-01
47462 6.353295e-01
47465 6.353295e-01
47468 6.353295e-01
47471 6.353295e-01
47474 6.353295e-01
47477 6.353295e-01
47480 6.353295e-01
47483 6.353295e-01
47486 6.353295e-01
47488 6.297845e-01
47503 6.295105e-01
47504 6.295105e-01
47507 6.295105e-01
47510 6.295105e-01
47513 6.295105e-01
47516 6.295105e-01
47519 6.295105e-01
47522 6.295105e-01
47525 6.295105e-01
47528 6.295105e-01
47531 6.295105e-01
47534 6.295105e-01
47537 6.295105e-01
47540 6.295105e-01
47543 6.295105e-01
47546 6.295105e-01
47549 6.295105e-01
47552 6.295105e-01
47555 6.295105e-01
47558 6.295105e-01
47561 6.295105e-01
47564 6.295105e-01
47567 6.295105e-01
47570 6.295105e-01
47573 6.295105e-01
47576 6.295105e-01
47579 6.295105e-01
47582 6.295105e-01
47585 6.295105e-01
47588 6.295105e-01
47591 6.295105e-01
47594 6.295105e-01
47597 6.295105e-01
47600 6.295105e-01
47603 6.295105e-01
47606 6.295105e-01
47609 6.295105e-01
47612 6.295105e-01
47614 6.219340e-01
47615 6.219340e-01
47618 6.219340e-01
47621 6.219340e-01
47624 6.219340e-01
47627 6.219340e-01
47630 6.219340e-01
47633 6.219340e-01
47636 6.219340e-01
47639 6.219340e-01
47642 6.219340e-01
47645 6.219340e-01
47648 6.219340e-01
47651 6.219340e-01
47654 6.219340e-01
47657 6.219340e-01
47660 6.219340e-01
47663 6.219340e-01
47666 6.219340e-01
47669 6.219340e-01
47672 6.219340e-01
47675 6.219340e-01
47678 6.219340e-01
47681 6.219340e-01
47683 6.212204e-01
47696 6.212204e-01
47705 6.212204e-01
48976 6.202422e-01
48977 6.202422e-01
48980 6.202422e-01
48983 6.202422e-01
48986 6.202422e-01
48989 6.202422e-01
48992 6.202422e-01
48995 6.202422e-01
48997 6.198477e-01
49009 6.196757e-01
49042 6.150729e-01
49043 6.150729e-01
49046 6.150729e-01
49049 6.150729e-01
49052 6.150729e-01
49055 6.150729e-01
49058 6.150729e-01
49061 6.150729e-01
49064 6.150729e-01
49067 6.150729e-01
49070 6.150729e-01
49073 6.150729e-01
49076 6.150729e-01
49079 6.150729e-01
49082 6.150729e-01
49085 6.150729e-01
49088 6.150729e-01
49091 6.150729e-01
49094 6.150729e-01
49097 6.150729e-01
49100 6.150729e-01
49103 6.150729e-01
49106 6.150729e-01
49109 6.150729e-01
49112 6.150729e-01
49115 6.150729e-01
49118 6.150729e-01
49121 6.150729e-01
49124 6.150729e-01
49127 6.150729e-01
49130 6.150729e-01
49133 6.150729e-01
49136 6.150729e-01
49139 6.150729e-01
49142 6.150729e-01
49145 6.150729e-01
49148 6.150729e-01
49151 6.150729e-01
49154 6.150729e-01
49156 6.130562e-01
49157 6.130562e-01
49160 6.130562e-01
49162 6.118510e-01
49189 6.102053e-01
49212 6.099633e-01
49241 6.085684e-01
49242 6.085684e-01
49244 6.074072e-01
49268 6.055569e-01
49271 6.038282e-01
49274 6.027014e-01
49275 6.027014e-01
49278 6.027014e-01
49281 6.027014e-01
49284 6.027014e-01
49287 6.027014e-01
49289 6.020847e-01
49290 6.020847e-01
49293 6.020847e-01
49296 6.020847e-01
49299 6.020847e-01
49302 6.020847e-01
49305 6.020847e-01
49308 6.020847e-01
49311 6.020847e-01
49314 6.020847e-01
49316 5.974640e-01
49317 5.974640e-01
49320 5.974640e-01
49323 5.974640e-01
49326 5.974640e-01
49329 5.974640e-01
49332 5.974640e-01
49335 5.974640e-01
49338 5.974640e-01
49340 5.974568e-01
49341 5.974568e-01
49344 5.974568e-01
49347 5.974568e-01
49350 5.974568e-01
49353 5.974568e-01
49356 5.974568e-01
49359 5.974568e-01
49361 5.910765e-01
49592 5.909592e-01
49601 5.904099e-01
49603 5.894820e-01
49604 5.894820e-01
49607 5.894820e-01
49610 5.894820e-01
49612 5.884173e-01
49613 5.884173e-01
49616 5.884173e-01
49619 5.884173e-01
49622 5.884173e-01
49625 5.884173e-01
49628 5.884173e-01
49630 5.883406e-01
49631 5.883406e-01
49634 5.883406e-01
49636 5.878667e-01
49637 5.878667e-01
49640 5.878667e-01
49643 5.878667e-01
49646 5.878667e-01
49649 5.878667e-01
49652 5.878667e-01
49654 5.864165e-01
49675 5.863481e-01
49676 5.863481e-01
49679 5.863481e-01
49681 5.858594e-01
49682 5.858594e-01
49685 5.858594e-01
49688 5.858594e-01
49691 5.858594e-01
49693 5.856972e-01
49694 5.856972e-01
49697 5.856972e-01
49699 5.853551e-01
49714 5.847924e-01
49720 5.831519e-01
49762 5.823510e-01
49768 5.821853e-01
49807 5.821321e-01
49808 5.821321e-01
49811 5.821321e-01
49814 5.821321e-01
49817 5.821321e-01
49820 5.821321e-01
49823 5.821321e-01
49826 5.821321e-01
49829 5.821321e-01
49832 5.821321e-01
49835 5.821321e-01
49838 5.821321e-01
49841 5.821321e-01
49844 5.821321e-01
49847 5.821321e-01
49850 5.821321e-01
49853 5.821321e-01
49856 5.821321e-01
49859 5.821321e-01
49862 5.821321e-01
49865 5.821321e-01
49868 5.821321e-01
49871 5.821321e-01
49874 5.821321e-01
49877 5.821321e-01
49880 5.821321e-01
49883 5.821321e-01
49886 5.821321e-01
49889 5.821321e-01
49892 5.821321e-01
49895 5.821321e-01
49898 5.821321e-01
49901 5.821321e-01
49904 5.821321e-01
49907 5.821321e-01
49910 5.821321e-01
49913 5.821321e-01
49916 5.821321e-01
49919 5.821321e-01
49922 5.821321e-01
49925 5.821321e-01
49928 5.821321e-01
49931 5.821321e-01
49934 5.821321e-01
49937 5.821321e-01
49940 5.821321e-01
49943 5.821321e-01
49946 5.821321e-01
49948 5.818514e-01
49969 5.817339e-01
49996 5.814151e-01
49997 5.814151e-01
50000 5.814151e-01
50003 5.814151e-01
50006 5.814151e-01
50009 5.814151e-01
50012 5.814151e-01
50015 5.814151e-01
50018 5.814151e-01
50019 5.813080e-01
50020 5.813080e-01
50023 5.813080e-01
50026 5.813080e-01
50029 5.813080e-01
50032 5.813080e-01
50035 5.813080e-01
50038 5.813080e-01
50041 5.813080e-01
50044 5.813080e-01
50047 5.813080e-01
50050 5.813080e-01
50053 5.813080e-01
50056 5.813080e-01
50059 5.813080e-01
50062 5.813080e-01
50064 5.810213e-01
50079 5.810149e-01
50097 5.806860e-01
50098 5.806860e-01
50101 5.806860e-01
50104 5.806860e-01
50107 5.806860e-01
50110 5.806860e-01
50113 5.806860e-01
50116 5.806860e-01
50119 5.806860e-01
50122 5.806860e-01
50125 5.806860e-01
50128 5.806860e-01
50131 5.806860e-01
50134 5.806860e-01
50137 5.806860e-01
50140 5.806860e-01
50143 5.806860e-01
50146 5.806860e-01
50149 5.806860e-01
50152 5.806860e-01
50155 5.806860e-01
50158 5.806860e-01
50161 5.806860e-01
50164 5.806860e-01
50167 5.806860e-01
50170 5.806860e-01
50173 5.806860e-01
50176 5.806860e-01
50179 5.806860e-01
50182 5.806860e-01
50185 5.806860e-01
50188 5.806860e-01
50191 5.806860e-01
50194 5.806860e-01
50197 5.806860e-01
50200 5.806860e-01
50203 5.806860e-01
50206 5.806860e-01
50209 5.806860e-01
50212 5.806860e-01
50215 5.806860e-01
50218 5.806860e-01
50221 5.806860e-01
50224 5.806860e-01
50227 5.806860e-01
50230 5.806860e-01
50233 5.806860e-01
50236 5.806860e-01
50239 5.806860e-01
50242 5.806860e-01
50245 5.806860e-01
50248 5.806860e-01
50251 5.806860e-01
50254 5.806860e-01
50257 5.806860e-01
50260 5.806860e-01
50263 5.806860e-01
50266 5.806860e-01
50268 5.805426e-01
50269 5.805426e-01
50272 5.805426e-01
50275 5.805426e-01
50278 5.805426e-01
50281 5.805426e-01
50284 5.805426e-01
50287 5.805426e-01
50290 5.805426e-01
50293 5.805426e-01
50296 5.805426e-01
50299 5.805426e-01
50302 5.805426e-01
50305 5.805426e-01
50308 5.805426e-01
50311 5.805426e-01
50314 5.805426e-01
50317 5.805426e-01
50320 5.805426e-01
50323 5.805426e-01
50326 5.805426e-01
50329 5.805426e-01
50332 5.805426e-01
50335 5.805426e-01
50338 5.805426e-01
50341 5.805426e-01
50344 5.805426e-01
50347 5.805426e-01
50350 5.805426e-01
50353 5.805426e-01
50356 5.805426e-01
50359 5.805426e-01
50362 5.805426e-01
50365 5.805426e-01
50368 5.805426e-01
50371 5.805426e-01
50374 5.805426e-01
50377 5.805426e-01
50380 5.805426e-01
50383 5.805426e-01
50386 5.805426e-01
50389 5.805426e-01
50395 5.805426e-01
50398 5.805426e-01
50401 5.805426e-01
50404 5.805426e-01
50407 5.805426e-01
52104 5.803351e-01
52105 5.803351e-01
52108 5.803351e-01
52111 5.803351e-01
52114 5.803351e-01
52117 5.803351e-01
52120 5.803351e-01
52123 5.803351e-01
52126 5.803351e-01
52129 5.803351e-01
52132 5.803351e-01
52135 5.803351e-01
52138 5.803351e-01
52141 5.803351e-01
52144 5.803351e-01
52147 5.803351e-01
52150 5.803351e-01
52153 5.803351e-01
52156 5.803351e-01
52159 5.803351e-01
52162 5.803351e-01
52165 5.803351e-01
52168 5.803351e-01
52171 5.803351e-01
52174 5.803351e-01
52177 5.803351e-01
52179 5.801972e-01
52280 5.801390e-01
52319 5.801292e-01
52331 5.801255e-01
52379 5.800504e-01
52380 5.800504e-01
52383 5.800504e-01
52386 5.800504e-01
52389 5.800504e-01
52392 5.800504e-01
52395 5.800504e-01
52398 5.800504e-01
52401 5.800504e-01
52404 5.800504e-01
52407 5.800504e-01
52410 5.800504e-01
52413 5.800504e-01
52416 5.800504e-01
52418 5.800408e-01
52419 5.800408e-01
52422 5.800408e-01
52425 5.800408e-01
52428 5.800408e-01
52431 5.800408e-01
52434 5.800408e-01
52437 5.800408e-01
52440 5.800408e-01
52443 5.800408e-01
52446 5.800408e-01
52449 5.800408e-01
52452 5.800408e-01
52455 5.800408e-01
52458 5.800408e-01
52461 5.800408e-01
52464 5.800408e-01
52467 5.800408e-01
52470 5.800408e-01
52473 5.800408e-01
52476 5.800408e-01
52479 5.800408e-01
52482 5.800408e-01
52485 5.800408e-01
52488 5.800408e-01
52491 5.800408e-01
52494 5.800408e-01
52497 5.800408e-01
52500 5.800408e-01
52503 5.800408e-01
52506 5.800408e-01
52509 5.800408e-01
52512 5.800408e-01
52515 5.800408e-01
52518 5.800408e-01
52521 5.800408e-01
52524 5.800408e-01
52527 5.800408e-01
52530 5.800408e-01
52533 5.800408e-01
52536 5.800408e-01
52539 5.800408e-01
52542 5.800408e-01
52545 5.800408e-01
52548 5.800408e-01
52551 5.800408e-01
52554 5.800408e-01
52557 5.800408e-01
52560 5.800408e-01
52563 5.800408e-01
52566 5.800408e-01
52569 5.800408e-01
52572 5.800408e-01
52575 5.800408e-01
52578 5.800408e-01
52581 5.800408e-01
52583 5.799913e-01
52748 5.799718e-01
52804 5.799714e-01
52805 5.799714e-01
52807 5.799527e-01
52808 5.799527e-01
52811 5.799527e-01
52814 5.799527e-01
52817 5.799527e-01
52820 5.799527e-01
52822 5.799383e-01
52846 5.798960e-01
52847 5.798960e-01
52850 5.798960e-01
52853 5.798960e-01
52856 5.798960e-01
52859 5.798960e-01
52862 5.798960e-01
52865 5.798960e-01
52868 5.798960e-01
52871 5.798960e-01
52874 5.798960e-01
52876 5.798761e-01
53008 5.798737e-01
55410 5.798685e-01
55412 5.798592e-01
55415 5.798536e-01
55418 5.798532e-01
55419 5.798532e-01
55422 5.798532e-01
55424 5.798529e-01
55427 5.798517e-01
55438 5.798467e-01
55439 5.798467e-01
55442 5.798467e-01
55445 5.798467e-01
55446 5.798316e-01
55447 5.798316e-01
55450 5.798316e-01
55452 5.798248e-01
55497 5.798235e-01
55515 5.798172e-01
55713 5.798113e-01
55714 5.798113e-01
55717 5.798113e-01
55720 5.798113e-01
55723 5.798113e-01
55726 5.798113e-01
55729 5.798113e-01
55732 5.798113e-01
55735 5.798113e-01
55738 5.798113e-01
55741 5.798113e-01
55744 5.798113e-01
55747 5.798113e-01
55750 5.798113e-01
55753 5.798113e-01
55756 5.798113e-01
55759 5.798113e-01
55762 5.798113e-01
55765 5.798113e-01
55768 5.798113e-01
55771 5.798113e-01
55774 5.798113e-01
55777 5.798113e-01
55780 5.798113e-01
55783 5.798113e-01
55786 5.798113e-01
58125 5.798084e-01
58126 5.798084e-01
58129 5.798084e-01
58132 5.798084e-01
58135 5.798084e-01
58138 5.798084e-01
58141 5.798084e-01
58144 5.798084e-01
58147 5.798084e-01
58150 5.798084e-01
58153 5.798084e-01
58156 5.798084e-01
58159 5.798084e-01
58162 5.798084e-01
58165 5.798084e-01
58168 5.798084e-01
58171 5.798084e-01
58174 5.798084e-01
58177 5.798084e-01
58180 5.798084e-01
58183 5.798084e-01
58186 5.798084e-01
58189 5.798084e-01
58192 5.798084e-01
58195 5.798084e-01
58198 5.798084e-01
58201 5.798084e-01
58204 5.798084e-01
58207 5.798084e-01
58210 5.798084e-01
58213 5.798084e-01
58216 5.798084e-01
58219 5.798084e-01
58222 5.798084e-01
58225 5.798084e-01
58228 5.798084e-01
58231 5.798084e-01
58234 5.798084e-01
58237 5.798084e-01
58240 5.798084e-01
58243 5.798084e-01
58246 5.798084e-01
58249 5.798084e-01
58252 5.798084e-01
58255 5.798084e-01
58258 5.798084e-01
58261 5.798084e-01
58264 5.798084e-01
58267 5.798084e-01
58270 5.798084e-01
58273 5.798084e-01
58276 5.798084e-01
58279 5.798084e-01
58282 5.798084e-01
58285 5.798084e-01
58288 5.798084e-01
58291 5.798084e-01
58294 5.798084e-01
58297 5.798084e-01
58300 5.798084e-01
58303 5.798084e-01
58306 5.798084e-01
58309 5.798084e-01
58312 5.798084e-01
58314 5.798061e-01
58323 5.798034e-01
58324 5.798034e-01
58327 5.798034e-01
58330 5.798034e-01
58333 5.798034e-01
58336 5.798034e-01
58339 5.798034e-01
58342 5.798034e-01
58345 5.798034e-01
58348 5.798034e-01
58351 5.798034e-01
58354 5.798034e-01
58357 5.798034e-01
58360 5.798034e-01
58363 5.798034e-01
58366 5.798034e-01
58369 5.798034e-01
58372 5.798034e-01
58375 5.798034e-01
58378 5.798034e-01
58381 5.798034e-01
58384 5.798034e-01
58387 5.798034e-01
58390 5.798034e-01
58393 5.798034e-01
58395 5.798011e-01
58396 5.798011e-01
58399 5.798011e-01
58402 5.798011e-01
58405 5.798011e-01
58408 5.798011e-01
58411 5.798011e-01
58414 5.798011e-01
58417 5.798011e-01
58420 5.798011e-01
58423 5.798011e-01
58426 5.798011e-01
58429 5.798011e-01
58432 5.798011e-01
58435 5.798011e-01
58438 5.798011e-01
58441 5.798011e-01
58444 5.798011e-01
58447 5.798011e-01
58450 5.798011e-01
58452 5.798002e-01
58453 5.798002e-01
58456 5.798002e-01
58459 5.798002e-01
58462 5.798002e-01
58465 5.798002e-01
58468 5.798002e-01
58471 5.798002e-01
58474 5.798002e-01
58477 5.798002e-01
58480 5.798002e-01
58483 5.798002e-01
61011 5.798000e-01
61012 5.798000e-01
61015 5.798000e-01
61018 5.798000e-01
61021 5.798000e-01
61024 5.798000e-01
61027 5.798000e-01
61030 5.798000e-01
61033 5.798000e-01
61036 5.798000e-01
61039 5.798000e-01
61042 5.798000e-01
61045 5.798000e-01
61048 5.798000e-01
61051 5.798000e-01
61054 5.798000e-01
61057 5.798000e-01
61060 5.798000e-01
61063 5.798000e-01
61066 5.798000e-01
61069 5.798000e-01
61072 5.798000e-01
61075 5.798000e-01
61078 5.798000e-01
61081 5.798000e-01
61084 5.798000e-01
61087 5.798000e-01
61090 5.798000e-01
61093 5.798000e-01
61096 5.798000e-01
61099 5.798000e-01
61102 5.798000e-01
61105 5.798000e-01
61108 5.798000e-01
61111 5.798000e-01
61114 5.798000e-01
61117 5.798000e-01
61120 5.798000e-01
61123 5.798000e-01
61126 5.798000e-01
61129 5.798000e-01
61132 5.798000e-01
61135 5.798000e-01
61138 5.798000e-01
61141 5.798000e-01
61144 5.798000e-01
61147 5.798000e-01
61150 5.798000e-01
61153 5.798000e-01
61156 5.798000e-01
61159 5.798000e-01
61162 5.798000e-01
61165 5.798000e-01
61168 5.798000e-01
61171 5.798000e-01
61174 5.798000e-01
61177 5.798000e-01
61180 5.798000e-01
61183 5.798000e-01
61186 5.798000e-01
61189 5.798000e-01
63714 5.797998e-01
63715 5.797998e-01
63718 5.797998e-01
63721 5.797998e-01
63723 5.797990e-01
63724 5.797990e-01
63727 5.797990e-01
63730 5.797990e-01
63733 5.797990e-01
63736 5.797990e-01
63739 5.797990e-01
63742 5.797990e-01
63745 5.797990e-01
63748 5.797990e-01
63751 5.797990e-01
63753 5.797987e-01
63762 5.797987e-01
63763 5.797987e-01
63766 5.797987e-01
63769 5.797987e-01
63772 5.797987e-01
63775 5.797987e-01
63777 5.797985e-01
63778 5.797985e-01
63781 5.797985e-01
63784 5.797985e-01
63787 5.797985e-01
63790 5.797985e-01
63793 5.797985e-01
63796 5.797985e-01
63798 5.797985e-01
63799 5.797985e-01
63800 5.797982e-01
63803 5.797978e-01
66494 5.797977e-01
66495 5.797977e-01
66498 5.797977e-01
66501 5.797977e-01
66504 5.797977e-01
66507 5.797977e-01
66510 5.797977e-01
66512 5.797975e-01
66513 5.797975e-01
66516 5.797975e-01
66519 5.797975e-01
66522 5.797975e-01
66525 5.797975e-01
66526 5.797974e-01
66534 5.797965e-01
66546 5.797961e-01
66558 5.797960e-01
66559 5.797960e-01
66562 5.797960e-01
66565 5.797960e-01
66568 5.797960e-01
66570 5.797957e-01
66571 5.797957e-01
66574 5.797957e-01
66577 5.797957e-01
66580 5.797957e-01
66583 5.797957e-01
66586 5.797957e-01
66589 5.797957e-01
66592 5.797957e-01
66595 5.797957e-01
66598 5.797957e-01
66844 5.797957e-01
66859 5.797957e-01
66862 5.797957e-01
66865 5.797957e-01
66868 5.797957e-01
69469 5.797957e-01
69472 5.797957e-01
69475 5.797957e-01
69478 5.797957e-01
71898 5.797954e-01
71899 5.797954e-01
71902 5.797954e-01
71905 5.797954e-01
71908 5.797954e-01
71911 5.797954e-01
71914 5.797954e-01
71917 5.797954e-01
71919 5.797954e-01
71920 5.797954e-01
71923 5.797954e-01
71926 5.797954e-01
71929 5.797954e-01
71931 5.797954e-01
71949 5.797953e-01
71950 5.797953e-01
71953 5.797953e-01
71956 5.797953e-01
71959 5.797953e-01
71962 5.797953e-01
71965 5.797953e-01
71968 5.797953e-01
71971 5.797953e-01
71974 5.797953e-01
71977 5.797953e-01
71980 5.797953e-01
71983 5.797953e-01
71986 5.797953e-01
71989 5.797953e-01
71992 5.797953e-01
71995 5.797953e-01
71998 5.797953e-01
72001 5.797953e-01
72004 5.797953e-01
72007 5.797953e-01
72010 5.797953e-01
72034 5.797953e-01
72037 5.797953e-01
72040 5.797953e-01
72043 5.797953e-01
72046 5.797953e-01
72244 5.797953e-01
72259 5.797953e-01
77295 5.797953e-01
77296 5.797953e-01
77299 5.797953e-01
77302 5.797953e-01
77305 5.797953e-01
77308 5.797953e-01
77311 5.797953e-01
77314 5.797953e-01
77317 5.797953e-01
77320 5.797953e-01
77323 5.797953e-01
77326 5.797953e-01
77329 5.797953e-01
77332 5.797953e-01
77334 5.797951e-01
77335 5.797951e-01
77338 5.797951e-01
77341 5.797951e-01
77344 5.797951e-01
77347 5.797951e-01
77349 5.797949e-01
77350 5.797949e-01
77353 5.797949e-01
77356 5.797949e-01
77359 5.797949e-01
77362 5.797949e-01
77365 5.797949e-01
77368 5.797949e-01
77371 5.797949e-01
77374 5.797949e-01
77377 5.797949e-01
77380 5.797949e-01
77383 5.797949e-01
77641 5.797949e-01
77644 5.797949e-01
77659 5.797949e-01
77662 5.797949e-01
77665 5.797949e-01
77668 5.797949e-01
80269 5.797949e-01
80272 5.797949e-01
80275 5.797949e-01
80278 5.797949e-01
84610 5.679771e-01
84611 5.679771e-01
84614 5.679771e-01
84617 5.679771e-01
84620 5.679771e-01
84622 5.473919e-01
84640 5.245652e-01
84641 5.245652e-01
84644 5.245652e-01
84647 5.245652e-01
84650 5.245652e-01
84653 5.245652e-01
84656 5.245652e-01
84658 5.185668e-01
84659 5.185668e-01
84662 5.185668e-01
84664 5.164401e-01
84665 5.164401e-01
84668 5.164401e-01
84671 5.164401e-01
84674 5.164401e-01
84677 5.164401e-01
84680 5.164401e-01
84683 5.164401e-01
84686 5.164401e-01
84689 5.164401e-01
84692 5.164401e-01
84695 5.164401e-01
84697 5.110178e-01
84698 5.110178e-01
84701 5.110178e-01
84704 5.110178e-01
84707 5.110178e-01
84710 5.110178e-01
84713 5.110178e-01
84716 5.110178e-01
84719 5.110178e-01
84722 5.110178e-01
84725 5.110178e-01
84728 5.110178e-01
84731 5.110178e-01
84734 5.110178e-01
84737 5.110178e-01
84740 5.110178e-01
84743 5.110178e-01
84746 5.110178e-01
84749 5.110178e-01
84752 5.110178e-01
84754 5.057522e-01
84755 5.057522e-01
84758 5.057522e-01
84761 5.057522e-01
84764 5.057522e-01
84767 5.057522e-01
84770 5.057522e-01
84773 5.057522e-01
84776 5.057522e-01
84779 5.057522e-01
84782 5.057522e-01
84785 5.057522e-01
84788 5.057522e-01
84791 5.057522e-01
84794 5.057522e-01
84797 5.057522e-01
84800 5.057522e-01
84803 5.057522e-01
84806 5.057522e-01
84809 5.057522e-01
84812 5.057522e-01
84814 4.999679e-01
84835 4.988081e-01
84892 4.900354e-01
85066 4.837773e-01
85067 4.837773e-01
85070 4.837773e-01
85073 4.837773e-01
85075 4.791596e-01
85076 4.791596e-01
85079 4.791596e-01
85081 4.714615e-01
85082 4.714615e-01
85085 4.714615e-01
85088 4.714615e-01
85091 4.714615e-01
85094 4.714615e-01
85097 4.714615e-01
85100 4.714615e-01
85103 4.714615e-01
85106 4.714615e-01
85109 4.714615e-01
85112 4.714615e-01
85114 4.501459e-01
85120 4.423769e-01
85204 4.391775e-01
85205 4.391775e-01
85208 4.391775e-01
85211 4.391775e-01
85214 4.391775e-01
85217 4.391775e-01
85220 4.391775e-01
85223 4.391775e-01
85226 4.391775e-01
85229 4.391775e-01
85232 4.391775e-01
85235 4.391775e-01
85238 4.391775e-01
85241 4.391775e-01
85244 4.391775e-01
85247 4.391775e-01
85250 4.391775e-01
85253 4.391775e-01
85256 4.391775e-01
85259 4.391775e-01
85262 4.391775e-01
85265 4.391775e-01
85268 4.391775e-01
85271 4.391775e-01
85274 4.391775e-01
85277 4.391775e-01
85280 4.391775e-01
85283 4.391775e-01
85286 4.391775e-01
85289 4.391775e-01
85292 4.391775e-01
85295 4.391775e-01
85297 4.363464e-01
85345 4.358513e-01
85346 4.358513e-01
85349 4.358513e-01
85352 4.358513e-01
85355 4.358513e-01
85358 4.358513e-01
85360 4.263739e-01
85478 4.263739e-01
85484 4.263739e-01
85493 4.263739e-01
85496 4.263739e-01
85499 4.263739e-01
85502 4.263739e-01
85517 4.263739e-01
85520 4.263739e-01
85523 4.263739e-01
85526 4.263739e-01
86761 4.254339e-01
86762 4.254339e-01
86765 4.254339e-01
86768 4.254339e-01
86771 4.254339e-01
86774 4.254339e-01
86777 4.254339e-01
86779 4.242236e-01
86780 4.242236e-01
86783 4.242236e-01
86785 4.240135e-01
86956 4.239955e-01
86957 4.239955e-01
86960 4.239955e-01
86963 4.239955e-01
86964 4.239705e-01
86969 4.228093e-01
86970 4.228093e-01
86973 4.228093e-01
86976 4.228093e-01
86979 4.228093e-01
86982 4.228093e-01
86985 4.228093e-01
86988 4.228093e-01
86991 4.228093e-01
86994 4.228093e-01
86997 4.228093e-01
87000 4.228093e-01
87003 4.228093e-01
87006 4.228093e-01
87009 4.228093e-01
87012 4.228093e-01
87015 4.228093e-01
87018 4.228093e-01
87021 4.228093e-01
87024 4.228093e-01
87027 4.228093e-01
87030 4.228093e-01
87033 4.228093e-01
87036 4.228093e-01
87039 4.228093e-01
87042 4.228093e-01
87045 4.228093e-01
87048 4.228093e-01
87051 4.228093e-01
87053 4.213280e-01
87054 4.213280e-01
87057 4.213280e-01
87060 4.213280e-01
87063 4.213280e-01
87066 4.213280e-01
87069 4.213280e-01
87072 4.213280e-01
87075 4.213280e-01
87078 4.213280e-01
87081 4.213280e-01
87084 4.213280e-01
87087 4.213280e-01
87090 4.213280e-01
87093 4.213280e-01
87096 4.213280e-01
87099 4.213280e-01
87102 4.213280e-01
87105 4.213280e-01
87108 4.213280e-01
87111 4.213280e-01
87114 4.213280e-01
87117 4.213280e-01
87120 4.213280e-01
87123 4.213280e-01
87126 4.213280e-01
87129 4.213280e-01
87132 4.213280e-01
87135 4.213280e-01
87138 4.213280e-01
87141 4.213280e-01
87144 4.213280e-01
87147 4.213280e-01
87150 4.213280e-01
87153 4.213280e-01
87156 4.213280e-01
87159 4.213280e-01
87162 4.213280e-01
87165 4.213280e-01
87168 4.213280e-01
87171 4.213280e-01
87174 4.213280e-01
87177 4.213280e-01
87180 4.213280e-01
87183 4.213280e-01
87186 4.213280e-01
87189 4.213280e-01
87191 4.210873e-01
87192 4.210873e-01
87195 4.210873e-01
87198 4.210873e-01
87200 4.210573e-01
87209 4.208824e-01
87368 4.206504e-01
87385 4.205628e-01
87386 4.205628e-01
87387 4.205437e-01
87440 4.201427e-01
87441 4.201427e-01
87442 4.194435e-01
87443 4.194435e-01
87446 4.194435e-01
87449 4.194435e-01
87452 4.194435e-01
87455 4.194435e-01
87458 4.194435e-01
87461 4.194435e-01
87464 4.194435e-01
87467 4.194435e-01
87468 4.193491e-01
87486 4.188428e-01
87497 4.187404e-01
87572 4.186739e-01
87573 4.186739e-01
87576 4.186739e-01
87579 4.186739e-01
87582 4.186739e-01
87585 4.186739e-01
87588 4.186739e-01
87591 4.186739e-01
87594 4.186739e-01
87596 4.183851e-01
87616 4.179226e-01
87631 4.176108e-01
87676 4.173676e-01
87697 4.170293e-01
87766 4.169597e-01
87767 4.169597e-01
87770 4.169597e-01
87773 4.169597e-01
87776 4.169597e-01
87779 4.169597e-01
87782 4.169597e-01
87785 4.169597e-01
87788 4.169597e-01
87791 4.169597e-01
87794 4.169597e-01
87797 4.169597e-01
87800 4.169597e-01
87803 4.169597e-01
87806 4.169597e-01
87809 4.169597e-01
87812 4.169597e-01
87815 4.169597e-01
87818 4.169597e-01
87821 4.169597e-01
87824 4.169597e-01
87827 4.169597e-01
87830 4.169597e-01
87833 4.169597e-01
87836 4.169597e-01
87839 4.169597e-01
87842 4.169597e-01
87845 4.169597e-01
87848 4.169597e-01
87851 4.169597e-01
87854 4.169597e-01
87857 4.169597e-01
87860 4.169597e-01
87863 4.169597e-01
87866 4.169597e-01
87869 4.169597e-01
87872 4.169597e-01
87875 4.169597e-01
87878 4.169597e-01
87881 4.169597e-01
87884 4.169597e-01
87887 4.169597e-01
87890 4.169597e-01
87893 4.169597e-01
87896 4.169597e-01
87899 4.169597e-01
87902 4.169597e-01
87905 4.169597e-01
87908 4.169597e-01
87911 4.169597e-01
87914 4.169597e-01
87917 4.169597e-01
87920 4.169597e-01
87923 4.169597e-01
87926 4.169597e-01
87929 4.169597e-01
87932 4.169597e-01
87935 4.169597e-01
87938 4.169597e-01
87941 4.169597e-01
87944 4.169597e-01
87947 4.169597e-01
87950 4.169597e-01
87953 4.169597e-01
87956 4.169597e-01
87959 4.169597e-01
87962 4.169597e-01
87965 4.169597e-01
87968 4.169597e-01
87971 4.169597e-01
87974 4.169597e-01
87977 4.169597e-01
87980 4.169597e-01
87983 4.169597e-01
87986 4.169597e-01
87987 4.168955e-01
87988 4.168955e-01
87990 4.168216e-01
87993 4.167635e-01
87995 4.167227e-01
87996 4.167227e-01
87998 4.165606e-01
87999 4.165606e-01
88000 4.163608e-01
88001 4.163608e-01
88004 4.163608e-01
88007 4.163608e-01
88010 4.163608e-01
88013 4.163608e-01
88016 4.163608e-01
88018 4.161234e-01
88019 4.161234e-01
88022 4.161234e-01
88025 4.161234e-01
88028 4.161234e-01
88031 4.161234e-01
88032 4.160839e-01
88033 4.160839e-01
88035 4.160815e-01
88061 4.157384e-01
88062 4.157384e-01
88065 4.157384e-01
88068 4.157384e-01
88071 4.157384e-01
88074 4.157384e-01
88077 4.157384e-01
88080 4.157384e-01
88083 4.157384e-01
88086 4.157384e-01
88089 4.157384e-01
88092 4.157384e-01
88095 4.157384e-01
88098 4.157384e-01
88101 4.157384e-01
88103 4.157069e-01
88167 4.157069e-01
88170 4.157069e-01
88173 4.157069e-01
88176 4.157069e-01
88182 4.157069e-01
90002 4.157069e-01
90005 4.157069e-01
90008 4.157069e-01
90011 4.157069e-01
90014 4.157069e-01
90017 4.157069e-01
90020 4.157069e-01
90023 4.157069e-01
90026 4.157069e-01
90074 4.157069e-01
90089 4.157069e-01
90092 4.157069e-01
90095 4.157069e-01
90098 4.157069e-01
90101 4.157069e-01
90116 4.157069e-01
90119 4.157069e-01
90122 4.157069e-01
90134 4.157069e-01
90149 4.157069e-01
90152 4.157069e-01
90155 4.157069e-01
90158 4.157069e-01
90161 4.157069e-01
90164 4.157069e-01
90194 4.157069e-01
90197 4.157069e-01
90200 4.157069e-01
90203 4.157069e-01
90206 4.157069e-01
90209 4.157069e-01
90212 4.157069e-01
90215 4.157069e-01
90218 4.157069e-01
90221 4.157069e-01
90224 4.157069e-01
90239 4.157069e-01
90242 4.157069e-01
90245 4.157069e-01
90248 4.157069e-01
90251 4.157069e-01
90254 4.157069e-01
90257 4.157069e-01
90260 4.157069e-01
90263 4.157069e-01
90281 4.157069e-01
90419 4.157069e-01
90422 4.157069e-01
90425 4.157069e-01
90428 4.157069e-01
90431 4.157069e-01
90434 4.157069e-01
90437 4.157069e-01
90440 4.157069e-01
90443 4.157069e-01
90461 4.157069e-01
91828 4.156668e-01
91837 4.156343e-01
91838 4.156343e-01
91840 4.155755e-01
91852 4.155498e-01
91881 4.155395e-01
91882 4.155395e-01
91883 4.155132e-01
91884 4.155132e-01
91887 4.155132e-01
91890 4.155132e-01
91893 4.155132e-01
91896 4.155132e-01
91899 4.155132e-01
91902 4.155132e-01
91905 4.155132e-01
91908 4.155132e-01
91911 4.155132e-01
91914 4.155132e-01
91917 4.155132e-01
91920 4.155132e-01
91923 4.155132e-01
91925 4.154809e-01
91928 4.153996e-01
91929 4.153996e-01
91932 4.153996e-01
91935 4.153996e-01
91938 4.153996e-01
91941 4.153996e-01
91944 4.153996e-01
91947 4.153996e-01
91949 4.153264e-01
91950 4.153264e-01
91953 4.153264e-01
91956 4.153264e-01
91959 4.153264e-01
91962 4.153264e-01
91965 4.153264e-01
91968 4.153264e-01
91971 4.153264e-01
91974 4.153264e-01
91977 4.153264e-01
91980 4.153264e-01
91983 4.153264e-01
91986 4.153264e-01
91989 4.153264e-01
91992 4.153264e-01
91995 4.153264e-01
91998 4.153264e-01
92001 4.153264e-01
92004 4.153264e-01
92007 4.153264e-01
92010 4.153264e-01
92013 4.153264e-01
92016 4.153264e-01
92019 4.153264e-01
92022 4.153264e-01
92025 4.153264e-01
92028 4.153264e-01
92031 4.153264e-01
92034 4.153264e-01
92037 4.153264e-01
92040 4.153264e-01
92043 4.153264e-01
92046 4.153264e-01
92049 4.153264e-01
92052 4.153264e-01
92055 4.153264e-01
92058 4.153264e-01
92061 4.153264e-01
92064 4.153264e-01
92067 4.153264e-01
92070 4.153264e-01
92073 4.153264e-01
92076 4.153264e-01
92079 4.153264e-01
92080 4.153103e-01
92095 4.152755e-01
92096 4.152755e-01
92099 4.152755e-01
92102 4.152755e-01
92105 4.152755e-01
92108 4.152755e-01
92111 4.152755e-01
92114 4.152755e-01
92117 4.152755e-01
92120 4.152755e-01
92123 4.152755e-01
92126 4.152755e-01
92129 4.152755e-01
92132 4.152755e-01
92135 4.152755e-01
92137 4.152547e-01
92138 4.152547e-01
92141 4.152547e-01
92144 4.152547e-01
92147 4.152547e-01
92148 4.151925e-01
92149 4.151925e-01
92151 4.151914e-01
92190 4.151465e-01
92388 4.151453e-01
92529 4.151448e-01
92530 4.151448e-01
92533 4.151448e-01
92536 4.151448e-01
92539 4.151448e-01
92542 4.151448e-01
92545 4.151448e-01
92548 4.151448e-01
92551 4.151448e-01
92554 4.151448e-01
92557 4.151448e-01
92560 4.151448e-01
92563 4.151448e-01
92566 4.151448e-01
92569 4.151448e-01
92571 4.151389e-01
92597 4.151346e-01
92599 4.151340e-01
92600 4.151340e-01
92603 4.151340e-01
92606 4.151340e-01
92609 4.151340e-01
92611 4.151331e-01
92612 4.151331e-01
92615 4.151331e-01
92618 4.151331e-01
92621 4.151331e-01
92624 4.151331e-01
92627 4.151331e-01
92628 4.151281e-01
92629 4.151281e-01
92632 4.151281e-01
92635 4.151281e-01
92638 4.151281e-01
92640 4.151115e-01
92641 4.151115e-01
92644 4.151115e-01
92647 4.151115e-01
92650 4.151115e-01
92653 4.151115e-01
92656 4.151115e-01
92659 4.151115e-01
92662 4.151115e-01
92665 4.151115e-01
92668 4.151115e-01
92671 4.151115e-01
92674 4.151115e-01
92677 4.151115e-01
92680 4.151115e-01
92683 4.151115e-01
92684 4.151056e-01
92685 4.151056e-01
92688 4.151056e-01
92691 4.151056e-01
92694 4.151056e-01
92697 4.151056e-01
92700 4.151056e-01
92703 4.151056e-01
92706 4.151056e-01
92709 4.151056e-01
92712 4.151056e-01
92715 4.151056e-01
92718 4.151056e-01
92730 4.151056e-01
92733 4.151056e-01
92736 4.151056e-01
92739 4.151056e-01
92742 4.151056e-01
92745 4.151056e-01
92748 4.151056e-01
92751 4.151056e-01
92754 4.151056e-01
92757 4.151056e-01
92760 4.151056e-01
92763 4.151056e-01
92781 4.151056e-01
92814 4.151056e-01
92817 4.151056e-01
92820 4.151056e-01
92823 4.151056e-01
92826 4.151056e-01
92829 4.151056e-01
92832 4.151056e-01
92835 4.151056e-01
92838 4.151056e-01
92841 4.151056e-01
92844 4.151056e-01
92847 4.151056e-01
92850 4.151056e-01
92853 4.151056e-01
92856 4.151056e-01
92859 4.151056e-01
92862 4.151056e-01
92865 4.151056e-01
92868 4.151056e-01
92871 4.151056e-01
92874 4.151056e-01
92877 4.151056e-01
92880 4.151056e-01
92883 4.151056e-01
92886 4.151056e-01
94799 4.150930e-01
94823 4.150917e-01
94862 4.150862e-01
94863 4.150862e-01
94866 4.150862e-01
94869 4.150862e-01
94872 4.150862e-01
94875 4.150862e-01
94878 4.150862e-01
94881 4.150862e-01
94884 4.150862e-01
94887 4.150862e-01
94890 4.150862e-01
94893 4.150862e-01
94896 4.150862e-01
94899 4.150862e-01
94902 4.150862e-01
94905 4.150862e-01
94908 4.150862e-01
94911 4.150862e-01
94914 4.150862e-01
94917 4.150862e-01
94920 4.150862e-01
94923 4.150862e-01
94926 4.150862e-01
94929 4.150862e-01
94932 4.150862e-01
94933 4.150852e-01
94934 4.150852e-01
94937 4.150852e-01
94940 4.150852e-01
94942 4.150851e-01
94948 4.150805e-01
94975 4.150785e-01
94978 4.150753e-01
94981 4.150717e-01
94984 4.150518e-01
94985 4.150518e-01
94988 4.150518e-01
94991 4.150518e-01
94994 4.150518e-01
94997 4.150518e-01
95000 4.150518e-01
95003 4.150518e-01
95006 4.150518e-01
95009 4.150518e-01
95012 4.150518e-01
95015 4.150518e-01
95018 4.150518e-01
95021 4.150518e-01
95024 4.150518e-01
95027 4.150518e-01
95030 4.150518e-01
95033 4.150518e-01
95036 4.150518e-01
95039 4.150518e-01
95042 4.150518e-01
95045 4.150518e-01
95048 4.150518e-01
95051 4.150518e-01
95054 4.150518e-01
95057 4.150518e-01
95060 4.150518e-01
95063 4.150518e-01
95066 4.150518e-01
95069 4.150518e-01
95072 4.150518e-01
95075 4.150518e-01
95078 4.150518e-01
95081 4.150518e-01
95084 4.150518e-01
95087 4.150518e-01
95090 4.150518e-01
95093 4.150518e-01
95096 4.150518e-01
95099 4.150518e-01
95102 4.150518e-01
95105 4.150518e-01
95108 4.150518e-01
95111 4.150518e-01
95114 4.150518e-01
95117 4.150518e-01
95120 4.150518e-01
95123 4.150518e-01
95126 4.150518e-01
95129 4.150518e-01
95130 4.150518e-01
95310 4.150518e-01
95311 4.150518e-01
95314 4.150518e-01
95317 4.150518e-01
95320 4.150518e-01
95321 4.150497e-01
95336 4.150471e-01
95337 4.150471e-01
95339 4.150444e-01
95340 4.150444e-01
95341 4.150423e-01
95342 4.150423e-01
95345 4.150423e-01
95347 4.150401e-01
95350 4.150374e-01
95379 4.150213e-01
95395 4.150213e-01
95398 4.150213e-01
97647 4.150154e-01
97665 4.150108e-01
97666 4.150108e-01
97669 4.150108e-01
97672 4.150108e-01
97675 4.150108e-01
97678 4.150108e-01
97681 4.150108e-01
97684 4.150108e-01
97687 4.150108e-01
97690 4.150108e-01
97693 4.150108e-01
97696 4.150108e-01
97699 4.150108e-01
97702 4.150108e-01
97705 4.150108e-01
97708 4.150108e-01
97711 4.150108e-01
97714 4.150108e-01
97717 4.150108e-01
97720 4.150108e-01
97723 4.150108e-01
97726 4.150108e-01
97729 4.150108e-01
97732 4.150108e-01
97735 4.150108e-01
97738 4.150108e-01
97741 4.150108e-01
97744 4.150108e-01
97747 4.150108e-01
97750 4.150108e-01
97753 4.150108e-01
97756 4.150108e-01
97759 4.150108e-01
97762 4.150108e-01
97765 4.150108e-01
97768 4.150108e-01
97771 4.150108e-01
97774 4.150108e-01
97777 4.150108e-01
97780 4.150108e-01
97783 4.150108e-01
97786 4.150108e-01
97789 4.150108e-01
97792 4.150108e-01
97795 4.150108e-01
97798 4.150108e-01
97801 4.150108e-01
97804 4.150108e-01
97807 4.150108e-01
97810 4.150108e-01
97813 4.150108e-01
97816 4.150108e-01
97819 4.150108e-01
97822 4.150108e-01
97825 4.150108e-01
97828 4.150108e-01
97831 4.150108e-01
97834 4.150108e-01
97837 4.150108e-01
97839 4.150097e-01
97878 4.150091e-01
97879 4.150091e-01
97882 4.150091e-01
97884 4.150090e-01
97885 4.150090e-01
97888 4.150090e-01
97891 4.150090e-01
97894 4.150090e-01
97897 4.150090e-01
97898 4.150065e-01
97913 4.150055e-01
97914 4.150055e-01
97917 4.150055e-01
97920 4.150055e-01
97923 4.150055e-01
97926 4.150055e-01
97929 4.150055e-01
97932 4.150055e-01
97935 4.150055e-01
97938 4.150055e-01
97941 4.150055e-01
97943 4.150049e-01
97949 4.150012e-01
98097 4.150012e-01
98100 4.150012e-01
98103 4.150012e-01
98106 4.150012e-01
100478 4.150010e-01
100663 4.150004e-01
100664 4.150004e-01
100667 4.150004e-01
100670 4.150004e-01
100673 4.150004e-01
100675 4.150001e-01
100676 4.150001e-01
100679 4.150001e-01
100682 4.150001e-01
100684 4.150001e-01
100685 4.150001e-01
100686 4.149998e-01
100687 4.149998e-01
100690 4.149998e-01
100693 4.149998e-01
100694 4.149997e-01
100695 4.149997e-01
100696 4.149985e-01
100737 4.149981e-01
100758 4.149980e-01
100759 4.149980e-01
100762 4.149980e-01
100765 4.149980e-01
100768 4.149980e-01
100771 4.149980e-01
100774 4.149980e-01
100777 4.149980e-01
100780 4.149980e-01
100783 4.149980e-01
103311 4.149979e-01
103312 4.149979e-01
103313 4.149976e-01
103316 4.149971e-01
103342 4.149971e-01
103351 4.149970e-01
103360 4.149966e-01
103361 4.149966e-01
103364 4.149966e-01
103367 4.149966e-01
103369 4.149964e-01
103380 4.149945e-01
103489 4.149945e-01
103510 4.149945e-01
103513 4.149945e-01
103516 4.149945e-01
103519 4.149945e-01
106008 4.149944e-01
106011 4.149943e-01
106046 4.149943e-01
106047 4.149943e-01
106048 4.149940e-01
106049 4.149940e-01
106052 4.149940e-01
106053 4.149939e-01
106054 4.149939e-01
106057 4.149939e-01
106060 4.149939e-01
106063 4.149939e-01
106066 4.149939e-01
106069 4.149939e-01
106072 4.149939e-01
106075 4.149939e-01
106078 4.149939e-01
106081 4.149939e-01
106084 4.149939e-01
106087 4.149939e-01
106089 4.149939e-01
106090 4.149939e-01
106092 4.149939e-01
106128 4.149937e-01
106129 4.149937e-01
106131 4.149936e-01
106132 4.149936e-01
106135 4.149936e-01
106137 4.149934e-01
106138 4.149934e-01
106141 4.149934e-01
106144 4.149934e-01
106147 4.149934e-01
106150 4.149934e-01
106153 4.149934e-01
106156 4.149934e-01
106159 4.149934e-01
106162 4.149934e-01
106165 4.149934e-01
106168 4.149934e-01
106171 4.149934e-01
106174 4.149934e-01
106177 4.149934e-01
106180 4.149934e-01
106183 4.149934e-01
108837 4.149933e-01
108838 4.149933e-01
108841 4.149933e-01
108844 4.149933e-01
108847 4.149933e-01
108850 4.149933e-01
108852 4.149932e-01
108866 4.149931e-01
108867 4.149931e-01
108870 4.149931e-01
108873 4.149931e-01
108876 4.149931e-01
108879 4.149931e-01
108882 4.149931e-01
109425 4.149931e-01
111431 4.149928e-01
111455 4.149927e-01
111456 4.149927e-01
111459 4.149927e-01
111462 4.149927e-01
111465 4.149927e-01
111468 4.149927e-01
111471 4.149927e-01
111474 4.149927e-01
111475 4.149927e-01
111476 4.149927e-01
111479 4.149927e-01
111482 4.149927e-01
111485 4.149927e-01
111488 4.149927e-01
111491 4.149927e-01
111493 4.149922e-01
111494 4.149922e-01
111497 4.149922e-01
111500 4.149922e-01
111503 4.149922e-01
111506 4.149922e-01
111509 4.149922e-01
111512 4.149922e-01
111515 4.149922e-01
111518 4.149922e-01
111520 4.149910e-01
111521 4.149910e-01
111524 4.149910e-01
111527 4.149910e-01
111530 4.149910e-01
111533 4.149910e-01
111535 4.149909e-01
111536 4.149909e-01
111539 4.149909e-01
111542 4.149909e-01
111545 4.149909e-01
111548 4.149909e-01
111551 4.149909e-01
111554 4.149909e-01
111557 4.149909e-01
111560 4.149909e-01
111563 4.149909e-01
111566 4.149909e-01
111569 4.149909e-01
111572 4.149909e-01
111575 4.149909e-01
111578 4.149909e-01
111581 4.149909e-01
111611 4.149909e-01
111626 4.149909e-01
111632 4.149909e-01
111656 4.149909e-01
111785 4.149909e-01
111788 4.149909e-01
111791 4.149909e-01
111794 4.149909e-01
112022 4.149909e-01
114186 4.149904e-01
114187 4.149904e-01
114190 4.149904e-01
114193 4.149904e-01
114196 4.149904e-01
114199 4.149904e-01
114202 4.149904e-01
114205 4.149904e-01
114208 4.149904e-01
114211 4.149904e-01
114214 4.149904e-01
114217 4.149904e-01
114220 4.149904e-01
114223 4.149904e-01
114226 4.149904e-01
114229 4.149904e-01
114232 4.149904e-01
114235 4.149904e-01
114238 4.149904e-01
114241 4.149904e-01
114244 4.149904e-01
114247 4.149904e-01
114248 4.149903e-01
114249 4.149903e-01
114252 4.149903e-01
114255 4.149903e-01
114258 4.149903e-01
114261 4.149903e-01
114264 4.149903e-01
114267 4.149903e-01
114270 4.149903e-01
114273 4.149903e-01
114393 4.149903e-01
114396 4.149903e-01
114399 4.149903e-01
114402 4.149903e-01
114405 4.149903e-01
114408 4.149903e-01
114411 4.149903e-01
114414 4.149903e-01
114417 4.149903e-01
114420 4.149903e-01
114423 4.149903e-01
114426 4.149903e-01
114429 4.149903e-01
114432 4.149903e-01
114435 4.149903e-01
114438 4.149903e-01
114441 4.149903e-01
114444 4.149903e-01
114447 4.149903e-01
114450 4.149903e-01
114453 4.149903e-01
114456 4.149903e-01
114459 4.149903e-01
114462 4.149903e-01
114465 4.149903e-01
114477 4.149903e-01
114510 4.149903e-01
114528 4.149903e-01
116915 4.149903e-01
116916 4.149903e-01
116919 4.149903e-01
116922 4.149903e-01
116925 4.149903e-01
116928 4.149903e-01
116931 4.149903e-01
116934 4.149903e-01
116937 4.149903e-01
116940 4.149903e-01
116942 4.149902e-01
116943 4.149902e-01
116946 4.149902e-01
116949 4.149902e-01
116952 4.149902e-01
116955 4.149902e-01
116958 4.149902e-01
116961 4.149902e-01
116962 4.149899e-01
116963 4.149899e-01
116966 4.149899e-01
116969 4.149899e-01
116972 4.149899e-01
116975 4.149899e-01
116978 4.149899e-01
117059 4.149899e-01
117092 4.149899e-01
117164 4.149899e-01
117167 4.149899e-01
117170 4.149899e-01
117173 4.149899e-01
119557 4.149896e-01
119632 4.149894e-01
119633 4.149894e-01
119636 4.149894e-01
119639 4.149894e-01
119642 4.149894e-01
119645 4.149894e-01
119648 4.149894e-01
119651 4.149894e-01
119654 4.149894e-01
119657 4.149894e-01
119660 4.149894e-01
119663 4.149894e-01
119666 4.149894e-01
119669 4.149894e-01
119672 4.149894e-01
119675 4.149894e-01
119678 4.149894e-01
119726 4.149894e-01
119729 4.149894e-01
119759 4.149894e-01
119762 4.149894e-01
119765 4.149894e-01
119768 4.149894e-01
119771 4.149894e-01
119774 4.149894e-01
119777 4.149894e-01
119780 4.149894e-01
119783 4.149894e-01
119786 4.149894e-01
119789 4.149894e-01
119882 4.149894e-01
119894 4.149894e-01
119909 4.149894e-01
119912 4.149894e-01
119915 4.149894e-01
119918 4.149894e-01
119921 4.149894e-01
119924 4.149894e-01
119927 4.149894e-01
122332 4.149893e-01
122337 4.149888e-01
122338 4.149888e-01
122341 4.149888e-01
122344 4.149888e-01
122346 4.149885e-01
122581 4.149885e-01
122593 4.149885e-01
122596 4.149885e-01
122599 4.149885e-01
122602 4.149885e-01
122605 4.149885e-01
122608 4.149885e-01
122626 4.149885e-01
122629 4.149885e-01
122632 4.149885e-01
122635 4.149885e-01
122638 4.149885e-01
122641 4.149885e-01
122644 4.149885e-01
124989 4.149883e-01
125040 4.149880e-01
125041 4.149880e-01
125044 4.149880e-01
125047 4.149880e-01
125050 4.149880e-01
125053 4.149880e-01
125056 4.149880e-01
125059 4.149880e-01
125062 4.149880e-01
125065 4.149880e-01
125068 4.149880e-01
125071 4.149880e-01
125074 4.149880e-01
125077 4.149880e-01
125125 4.149880e-01
125128 4.149880e-01
125158 4.149880e-01
125161 4.149880e-01
125164 4.149880e-01
125167 4.149880e-01
125170 4.149880e-01
125173 4.149880e-01
125176 4.149880e-01
125179 4.149880e-01
125182 4.149880e-01
125185 4.149880e-01
125188 4.149880e-01
125191 4.149880e-01
125263 4.149880e-01
125266 4.149880e-01
125269 4.149880e-01
125272 4.149880e-01
125326 4.149880e-01
125329 4.149880e-01
125332 4.149880e-01
125335 4.149880e-01
125338 4.149880e-01
125341 4.149880e-01
125344 4.149880e-01
127686 4.149878e-01
127687 4.149878e-01
127690 4.149878e-01
127693 4.149878e-01
127696 4.149878e-01
127699 4.149878e-01
127702 4.149878e-01
127705 4.149878e-01
127708 4.149878e-01
127711 4.149878e-01
127714 4.149878e-01
127717 4.149878e-01
127720 4.149878e-01
127723 4.149878e-01
127726 4.149878e-01
127729 4.149878e-01
127732 4.149878e-01
127735 4.149878e-01
127738 4.149878e-01
127741 4.149878e-01
127744 4.149878e-01
127747 4.149878e-01
127750 4.149878e-01
127753 4.149878e-01
127756 4.149878e-01
127759 4.149878e-01
127762 4.149878e-01
127765 4.149878e-01
127768 4.149878e-01
127771 4.149878e-01
127774 4.149878e-01
127777 4.149878e-01
127780 4.149878e-01
128122 4.149878e-01
128125 4.149878e-01
128128 4.149878e-01
128131 4.149878e-01
128134 4.149878e-01
128185 4.149878e-01
128218 4.149878e-01
128221 4.149878e-01
128224 4.149878e-01
128227 4.149878e-01
128230 4.149878e-01
128233 4.149878e-01
128236 4.149878e-01
128239 4.149878e-01
128242 4.149878e-01
128245 4.149878e-01
128248 4.149878e-01
128251 4.149878e-01
128254 4.149878e-01
128257 4.149878e-01
128260 4.149878e-01
128263 4.149878e-01
128266 4.149878e-01
128269 4.149878e-01
128272 4.149878e-01
128275 4.149878e-01
130501 4.149878e-01
133140 4.149877e-01
133141 4.149877e-01
133144 4.149877e-01
133147 4.149877e-01
133150 4.149877e-01
133153 4.149877e-01
133156 4.149877e-01
133159 4.149877e-01
133160 4.149875e-01
133161 4.149875e-01
133164 4.149875e-01
133167 4.149875e-01
133170 4.149875e-01
133173 4.149875e-01
133176 4.149875e-01
133290 4.149875e-01
133293 4.149875e-01
133296 4.149875e-01
133299 4.149875e-01
133302 4.149875e-01
133305 4.149875e-01
133308 4.149875e-01
133311 4.149875e-01
133314 4.149875e-01
133317 4.149875e-01
133320 4.149875e-01
133323 4.149875e-01
133326 4.149875e-01
133329 4.149875e-01
133332 4.149875e-01
133335 4.149875e-01
133338 4.149875e-01
133341 4.149875e-01
133344 4.149875e-01
133347 4.149875e-01
133350 4.149875e-01
133353 4.149875e-01
133356 4.149875e-01
133359 4.149875e-01
133362 4.149875e-01
133365 4.149875e-01
133368 4.149875e-01
133371 4.149875e-01
135845 4.149873e-01
135846 4.149873e-01
135849 4.149873e-01
135852 4.149873e-01
135855 4.149873e-01
135858 4.149873e-01
135861 4.149873e-01
135864 4.149873e-01
135867 4.149873e-01
135870 4.149873e-01
135873 4.149873e-01
135876 4.149873e-01
135879 4.149873e-01
136080 4.149873e-01
136083 4.149873e-01
136086 4.149873e-01
136089 4.149873e-01
136092 4.149873e-01
136107 4.149873e-01
136110 4.149873e-01
136113 4.149873e-01
136116 4.149873e-01
136119 4.149873e-01
136122 4.149873e-01
141239 4.149873e-01
141279 4.149873e-01
141282 4.149873e-01
141285 4.149873e-01
141288 4.149873e-01
141291 4.149873e-01
141294 4.149873e-01
141297 4.149873e-01
141300 4.149873e-01
141303 4.149873e-01
141306 4.149873e-01
141309 4.149873e-01
141312 4.149873e-01
141315 4.149873e-01
141318 4.149873e-01
141321 4.149873e-01
141390 4.149873e-01
144000 4.149873e-01
168057 4.136725e-01
168058 4.136725e-01
168061 4.136725e-01
168064 4.136725e-01
168067 4.136725e-01
168070 4.136725e-01
168073 4.136725e-01
168076 4.136725e-01
168079 4.136725e-01
168082 4.136725e-01
168085 4.136725e-01
168088 4.136725e-01
168091 4.136725e-01
168094 4.136725e-01
168097 4.136725e-01
168100 4.136725e-01
168103 4.136725e-01
168106 4.136725e-01
168108 4.020423e-01
168223 4.020423e-01
168226 4.020423e-01
168298 4.020423e-01
168385 4.020423e-01
169316 4.014624e-01
169317 4.014624e-01
169320 4.014624e-01
169323 4.014624e-01
169326 4.014624e-01
169329 4.014624e-01
169332 4.014624e-01
169335 4.014624e-01
169338 4.014624e-01
169341 4.014624e-01
169343 3.994723e-01
169344 3.994723e-01
169345 3.947611e-01
169390 3.930112e-01
169422 3.890713e-01
169423 3.890713e-01
169426 3.890713e-01
169429 3.890713e-01
169432 3.890713e-01
169435 3.890713e-01
169438 3.890713e-01
169441 3.890713e-01
169444 3.890713e-01
169447 3.890713e-01
169450 3.890713e-01
169453 3.890713e-01
169455 3.711862e-01
169620 3.704036e-01
169635 3.685282e-01
169636 3.685282e-01
169639 3.685282e-01
169641 3.640093e-01
169642 3.640093e-01
169645 3.640093e-01
169648 3.640093e-01
169651 3.640093e-01
169654 3.640093e-01
169657 3.640093e-01
169660 3.640093e-01
169663 3.640093e-01
169666 3.640093e-01
169669 3.640093e-01
169672 3.640093e-01
169675 3.640093e-01
169678 3.640093e-01
169681 3.640093e-01
169684 3.640093e-01
169687 3.640093e-01
169690 3.640093e-01
169693 3.640093e-01
169696 3.640093e-01
169699 3.640093e-01
169702 3.640093e-01
169705 3.640093e-01
169708 3.640093e-01
169711 3.640093e-01
169714 3.640093e-01
169717 3.640093e-01
169720 3.640093e-01
169723 3.640093e-01
169726 3.640093e-01
169729 3.640093e-01
169732 3.640093e-01
169735 3.640093e-01
169738 3.640093e-01
169741 3.640093e-01
169744 3.640093e-01
169747 3.640093e-01
169750 3.640093e-01
169753 3.640093e-01
169756 3.640093e-01
169759 3.640093e-01
169762 3.640093e-01
169763 3.629694e-01
169764 3.629694e-01
169767 3.629694e-01
169770 3.629694e-01
169771 3.627364e-01
169772 3.627364e-01
169775 3.627364e-01
169778 3.627364e-01
169781 3.627364e-01
169784 3.627364e-01
169787 3.627364e-01
169790 3.627364e-01
169792 3.611938e-01
169793 3.611938e-01
169796 3.611938e-01
169799 3.611938e-01
169801 3.608151e-01
169802 3.608151e-01
169805 3.608151e-01
169808 3.608151e-01
169811 3.608151e-01
169814 3.608151e-01
169816 3.603610e-01
169817 3.603610e-01
169820 3.603610e-01
169823 3.603610e-01
169826 3.603610e-01
169829 3.603610e-01
169831 3.601386e-01
169848 3.595708e-01
169849 3.595708e-01
169852 3.595708e-01
169855 3.595708e-01
169858 3.595708e-01
169861 3.595708e-01
169863 3.582471e-01
169864 3.582471e-01
169867 3.582471e-01
169868 3.581752e-01
169886 3.576795e-01
169887 3.576795e-01
169890 3.576795e-01
169893 3.576795e-01
169896 3.576795e-01
169899 3.576795e-01
169902 3.576795e-01
169905 3.576795e-01
169908 3.576795e-01
169911 3.576795e-01
169914 3.576795e-01
169917 3.576795e-01
169920 3.576795e-01
169923 3.576795e-01
169926 3.576795e-01
169929 3.576795e-01
169932 3.576795e-01
169935 3.576795e-01
169938 3.576795e-01
169941 3.576795e-01
169944 3.576795e-01
169946 3.555388e-01
169947 3.555388e-01
169950 3.555388e-01
169953 3.555388e-01
169956 3.555388e-01
169959 3.555388e-01
169962 3.555388e-01
169965 3.555388e-01
169968 3.555388e-01
169971 3.555388e-01
169974 3.555388e-01
169977 3.555388e-01
169980 3.555388e-01
169983 3.555388e-01
169986 3.555388e-01
169989 3.555388e-01
169992 3.555388e-01
169995 3.555388e-01
169998 3.555388e-01
170000 3.526419e-01
170144 3.520759e-01
170207 3.517998e-01
170208 3.517998e-01
170211 3.517998e-01
170214 3.517998e-01
170217 3.517998e-01
170220 3.517998e-01
170223 3.517998e-01
170226 3.517998e-01
170229 3.517998e-01
170232 3.517998e-01
170235 3.517998e-01
170238 3.517998e-01
170241 3.517998e-01
170244 3.517998e-01
170247 3.517998e-01
170250 3.517998e-01
170253 3.517998e-01
170256 3.517998e-01
170259 3.517998e-01
170262 3.517998e-01
170265 3.517998e-01
170268 3.517998e-01
170271 3.517998e-01
170274 3.517998e-01
170277 3.517998e-01
170280 3.517998e-01
170283 3.517998e-01
170286 3.517998e-01
170289 3.517998e-01
170292 3.517998e-01
170295 3.517998e-01
170298 3.517998e-01
170301 3.517998e-01
170304 3.517998e-01
170307 3.517998e-01
170310 3.517998e-01
170313 3.517998e-01
170316 3.517998e-01
170319 3.517998e-01
170322 3.517998e-01
170325 3.517998e-01
170328 3.517998e-01
170331 3.517998e-01
170334 3.517998e-01
170337 3.517998e-01
170340 3.517998e-01
170343 3.517998e-01
170346 3.517998e-01
170349 3.517998e-01
170352 3.517998e-01
170355 3.517998e-01
170358 3.517998e-01
170361 3.517998e-01
170364 3.517998e-01
170367 3.517998e-01
170370 3.517998e-01
170373 3.517998e-01
170376 3.517998e-01
170379 3.517998e-01
170382 3.517998e-01
170385 3.517998e-01
170388 3.517998e-01
170391 3.517998e-01
170394 3.517998e-01
170396 3.517282e-01
170407 3.515074e-01
170497 3.514695e-01
170498 3.514695e-01
170501 3.514695e-01
170504 3.514695e-01
170507 3.514695e-01
170510 3.514695e-01
170513 3.514695e-01
170516 3.514695e-01
170519 3.514695e-01
170522 3.514695e-01
170525 3.514695e-01
170528 3.514695e-01
170531 3.514695e-01
170534 3.514695e-01
170537 3.514695e-01
170540 3.514695e-01
170543 3.514695e-01
170546 3.514695e-01
170549 3.514695e-01
170552 3.514695e-01
170555 3.514695e-01
170558 3.514695e-01
170561 3.514695e-01
170564 3.514695e-01
170567 3.514695e-01
170570 3.514695e-01
170573 3.514695e-01
170576 3.514695e-01
170579 3.514695e-01
170582 3.514695e-01
170585 3.514695e-01
170588 3.514695e-01
170591 3.514695e-01
170594 3.514695e-01
170597 3.514695e-01
170600 3.514695e-01
170603 3.514695e-01
170606 3.514695e-01
170609 3.514695e-01
170612 3.514695e-01
170615 3.514695e-01
170618 3.514695e-01
170621 3.514695e-01
170624 3.514695e-01
170627 3.514695e-01
170630 3.514695e-01
170633 3.514695e-01
170636 3.514695e-01
170639 3.514695e-01
170642 3.514695e-01
170645 3.514695e-01
170648 3.514695e-01
170651 3.514695e-01
170652 3.510238e-01
170658 3.508273e-01
170659 3.508273e-01
170662 3.508273e-01
170665 3.508273e-01
170668 3.508273e-01
170671 3.508273e-01
170674 3.508273e-01
170677 3.508273e-01
170680 3.508273e-01
170683 3.508273e-01
170684 3.507570e-01
170685 3.507570e-01
170687 3.503487e-01
170688 3.503487e-01
170691 3.503487e-01
170694 3.503487e-01
170697 3.503487e-01
170700 3.503487e-01
170703 3.503487e-01
170706 3.503487e-01
170709 3.503487e-01
170712 3.503487e-01
170714 3.503134e-01
170715 3.503134e-01
170717 3.502799e-01
170729 3.502697e-01
170740 3.492070e-01
170741 3.492070e-01
170743 3.488265e-01
170744 3.488265e-01
170747 3.488265e-01
170750 3.488265e-01
170753 3.488265e-01
170756 3.488265e-01
170759 3.488265e-01
170762 3.488265e-01
170765 3.488265e-01
170768 3.488265e-01
170771 3.488265e-01
170774 3.488265e-01
170777 3.488265e-01
170780 3.488265e-01
170783 3.488265e-01
170786 3.488265e-01
170789 3.488265e-01
170792 3.488265e-01
170795 3.488265e-01
170798 3.488265e-01
170801 3.488265e-01
170804 3.488265e-01
170807 3.488265e-01
170810 3.488265e-01
170813 3.488265e-01
170816 3.488265e-01
170819 3.488265e-01
170822 3.488265e-01
170825 3.488265e-01
170828 3.488265e-01
170831 3.488265e-01
170834 3.488265e-01
170837 3.488265e-01
170840 3.488265e-01
170843 3.488265e-01
170846 3.488265e-01
170849 3.488265e-01
170852 3.488265e-01
170855 3.488265e-01
170858 3.488265e-01
170861 3.488265e-01
170864 3.488265e-01
170867 3.488265e-01
170870 3.488265e-01
170873 3.488265e-01
170876 3.488265e-01
170879 3.488265e-01
170882 3.488265e-01
170885 3.488265e-01
170888 3.488265e-01
170891 3.488265e-01
170894 3.488265e-01
170897 3.488265e-01
170900 3.488265e-01
170903 3.488265e-01
170906 3.488265e-01
170909 3.488265e-01
170945 3.488265e-01
170978 3.488265e-01
170987 3.488265e-01
170990 3.488265e-01
170993 3.488265e-01
170996 3.488265e-01
170999 3.488265e-01
171002 3.488265e-01
171023 3.488265e-01
171026 3.488265e-01
172584 3.484737e-01
172585 3.484737e-01
172587 3.483381e-01
172602 3.482975e-01
172623 3.481863e-01
172632 3.480978e-01
172677 3.480708e-01
172678 3.480708e-01
172681 3.480708e-01
172684 3.480708e-01
172687 3.480708e-01
172690 3.480708e-01
172693 3.480708e-01
172696 3.480708e-01
172699 3.480708e-01
172702 3.480708e-01
172705 3.480708e-01
172708 3.480708e-01
172711 3.480708e-01
172714 3.480708e-01
172717 3.480708e-01
172720 3.480708e-01
172723 3.480708e-01
172726 3.480708e-01
172729 3.480708e-01
172732 3.480708e-01
172735 3.480708e-01
172738 3.480708e-01
172741 3.480708e-01
172744 3.480708e-01
172747 3.480708e-01
172750 3.480708e-01
172753 3.480708e-01
172756 3.480708e-01
172759 3.480708e-01
172762 3.480708e-01
172765 3.480708e-01
172768 3.480708e-01
172771 3.480708e-01
172774 3.480708e-01
172777 3.480708e-01
172780 3.480708e-01
172783 3.480708e-01
172786 3.480708e-01
172789 3.480708e-01
172792 3.480708e-01
172795 3.480708e-01
172798 3.480708e-01
172799 3.479043e-01
172800 3.479043e-01
172802 3.477944e-01
172811 3.477242e-01
172812 3.477242e-01
172815 3.477242e-01
172818 3.477242e-01
172821 3.477242e-01
172824 3.477242e-01
172827 3.477242e-01
172830 3.477242e-01
172833 3.477242e-01
172836 3.477242e-01
172839 3.477242e-01
172842 3.477242e-01
172845 3.477242e-01
172848 3.477242e-01
172851 3.477242e-01
172854 3.477242e-01
172857 3.477242e-01
172860 3.477242e-01
172863 3.477242e-01
172866 3.477242e-01
172869 3.477242e-01
172871 3.476740e-01
172872 3.476740e-01
172874 3.476718e-01
172987 3.476513e-01
172988 3.476513e-01
172989 3.475453e-01
173009 3.475278e-01
173099 3.474964e-01
173100 3.474964e-01
173103 3.474964e-01
173106 3.474964e-01
173109 3.474964e-01
173112 3.474964e-01
173115 3.474964e-01
173118 3.474964e-01
173121 3.474964e-01
173124 3.474964e-01
173127 3.474964e-01
173130 3.474964e-01
173133 3.474964e-01
173136 3.474964e-01
173139 3.474964e-01
173142 3.474964e-01
173145 3.474964e-01
173148 3.474964e-01
173151 3.474964e-01
173154 3.474964e-01
173157 3.474964e-01
173160 3.474964e-01
173163 3.474964e-01
173166 3.474964e-01
173169 3.474964e-01
173172 3.474964e-01
173175 3.474964e-01
173178 3.474964e-01
173181 3.474964e-01
173184 3.474964e-01
173187 3.474964e-01
173190 3.474964e-01
173193 3.474964e-01
173196 3.474964e-01
173199 3.474964e-01
173202 3.474964e-01
173205 3.474964e-01
173208 3.474964e-01
173211 3.474964e-01
173214 3.474964e-01
173217 3.474964e-01
173220 3.474964e-01
173223 3.474964e-01
173226 3.474964e-01
173229 3.474964e-01
173232 3.474964e-01
173235 3.474964e-01
173238 3.474964e-01
173241 3.474964e-01
173244 3.474964e-01
173247 3.474964e-01
173250 3.474964e-01
173253 3.474964e-01
173256 3.474964e-01
173259 3.474964e-01
173262 3.474964e-01
173265 3.474964e-01
173268 3.474964e-01
173271 3.474964e-01
173274 3.474964e-01
173277 3.474964e-01
173279 3.474908e-01
173434 3.474900e-01
173436 3.474899e-01
173438 3.474847e-01
173440 3.474224e-01
173441 3.474224e-01
173444 3.474224e-01
173447 3.474224e-01
173450 3.474224e-01
173453 3.474224e-01
173456 3.474224e-01
173459 3.474224e-01
173462 3.474224e-01
173465 3.474224e-01
173468 3.474224e-01
173471 3.474224e-01
173474 3.474224e-01
173475 3.474144e-01
173478 3.473899e-01
173479 3.473899e-01
173482 3.473899e-01
173485 3.473899e-01
173488 3.473899e-01
173491 3.473899e-01
173493 3.473874e-01
173494 3.473874e-01
173495 3.473858e-01
173498 3.473811e-01
173499 3.473811e-01
173501 3.473757e-01
173527 3.473676e-01
173536 3.473673e-01
173537 3.473673e-01
173540 3.473673e-01
173543 3.473673e-01
173546 3.473673e-01
173549 3.473673e-01
173552 3.473673e-01
173554 3.473572e-01
173556 3.473471e-01
173557 3.473471e-01
173559 3.473413e-01
173582 3.473197e-01
173590 3.472848e-01
173798 3.472848e-01
175666 3.472843e-01
175667 3.472843e-01
175670 3.472843e-01
175673 3.472843e-01
175676 3.472843e-01
175678 3.472708e-01
175732 3.472577e-01
175933 3.472530e-01
175948 3.472468e-01
175993 3.472451e-01
175994 3.472451e-01
175997 3.472451e-01
176000 3.472451e-01
176003 3.472451e-01
176006 3.472451e-01
176009 3.472451e-01
176011 3.472437e-01
176012 3.472437e-01
176015 3.472437e-01
176018 3.472437e-01
176021 3.472437e-01
176024 3.472437e-01
176027 3.472437e-01
176030 3.472437e-01
176033 3.472437e-01
176036 3.472437e-01
176039 3.472437e-01
176042 3.472437e-01
176045 3.472437e-01
176048 3.472437e-01
176051 3.472437e-01
176054 3.472437e-01
176057 3.472437e-01
176060 3.472437e-01
176063 3.472437e-01
176066 3.472437e-01
176069 3.472437e-01
176072 3.472437e-01
176075 3.472437e-01
176078 3.472437e-01
176081 3.472437e-01
176084 3.472437e-01
176087 3.472437e-01
176090 3.472437e-01
176093 3.472437e-01
176096 3.472437e-01
176099 3.472437e-01
176102 3.472437e-01
176105 3.472437e-01
176108 3.472437e-01
176111 3.472437e-01
176114 3.472437e-01
176117 3.472437e-01
176120 3.472437e-01
176123 3.472437e-01
176125 3.472424e-01
176126 3.472424e-01
176129 3.472424e-01
176132 3.472424e-01
176135 3.472424e-01
176138 3.472424e-01
176141 3.472424e-01
176144 3.472424e-01
176147 3.472424e-01
176150 3.472424e-01
176153 3.472424e-01
176156 3.472424e-01
176159 3.472424e-01
176162 3.472424e-01
176165 3.472424e-01
176168 3.472424e-01
176171 3.472424e-01
176174 3.472424e-01
176177 3.472424e-01
176180 3.472424e-01
176183 3.472424e-01
176186 3.472424e-01
176189 3.472424e-01
176192 3.472424e-01
176195 3.472424e-01
176198 3.472424e-01
176201 3.472424e-01
176204 3.472424e-01
176207 3.472424e-01
176210 3.472424e-01
176213 3.472424e-01
176216 3.472424e-01
176219 3.472424e-01
176222 3.472424e-01
176225 3.472424e-01
176228 3.472424e-01
176231 3.472424e-01
176234 3.472424e-01
176237 3.472424e-01
176240 3.472424e-01
176243 3.472424e-01
176246 3.472424e-01
176249 3.472424e-01
176252 3.472424e-01
176255 3.472424e-01
176258 3.472424e-01
176261 3.472424e-01
176264 3.472424e-01
176267 3.472424e-01
176270 3.472424e-01
176273 3.472424e-01
176276 3.472424e-01
176279 3.472424e-01
176282 3.472424e-01
176285 3.472424e-01
176288 3.472424e-01
176291 3.472424e-01
176294 3.472424e-01
176297 3.472424e-01
176306 3.472424e-01
176309 3.472424e-01
176348 3.472424e-01
176351 3.472424e-01
176354 3.472424e-01
176357 3.472424e-01
176360 3.472424e-01
176636 3.472424e-01
178614 3.472401e-01
178615 3.472401e-01
178618 3.472401e-01
178620 3.472401e-01
178621 3.472401e-01
178624 3.472401e-01
178627 3.472401e-01
178630 3.472401e-01
178633 3.472401e-01
178636 3.472401e-01
178639 3.472401e-01
178642 3.472401e-01
178645 3.472401e-01
178647 3.472399e-01
178709 3.472391e-01
178710 3.472391e-01
178713 3.472391e-01
178716 3.472391e-01
178719 3.472391e-01
178721 3.472382e-01
178738 3.472327e-01
178911 3.472326e-01
178912 3.472326e-01
178915 3.472326e-01
178917 3.472319e-01
178928 3.472310e-01
178929 3.472310e-01
178932 3.472310e-01
178935 3.472310e-01
178938 3.472310e-01
178939 3.472306e-01
178940 3.472306e-01
178943 3.472306e-01
178946 3.472306e-01
178948 3.472294e-01
178957 3.472293e-01
178958 3.472293e-01
178961 3.472293e-01
178964 3.472293e-01
178967 3.472293e-01
178970 3.472293e-01
178973 3.472293e-01
178976 3.472293e-01
178979 3.472293e-01
178982 3.472293e-01
178985 3.472293e-01
178988 3.472293e-01
178991 3.472293e-01
178994 3.472293e-01
178997 3.472293e-01
179003 3.472293e-01
179006 3.472293e-01
179009 3.472293e-01
179012 3.472293e-01
179015 3.472293e-01
179018 3.472293e-01
179291 3.472293e-01
179294 3.472293e-01
179297 3.472293e-01
179300 3.472293e-01
181513 3.472293e-01
181537 3.472293e-01
181538 3.472293e-01
181541 3.472293e-01
181544 3.472293e-01
181547 3.472293e-01
181550 3.472293e-01
181553 3.472293e-01
181556 3.472293e-01
181557 3.472290e-01
181566 3.472285e-01
181567 3.472285e-01
181570 3.472285e-01
181573 3.472285e-01
181576 3.472285e-01
181579 3.472285e-01
181582 3.472285e-01
181585 3.472285e-01
181588 3.472285e-01
181591 3.472285e-01
181594 3.472285e-01
181597 3.472285e-01
181600 3.472285e-01
181603 3.472285e-01
181606 3.472285e-01
181609 3.472285e-01
181612 3.472285e-01
181615 3.472285e-01
181618 3.472285e-01
181621 3.472285e-01
181624 3.472285e-01
181627 3.472285e-01
181630 3.472285e-01
181633 3.472285e-01
181636 3.472285e-01
181639 3.472285e-01
181642 3.472285e-01
181645 3.472285e-01
181648 3.472285e-01
181651 3.472285e-01
181654 3.472285e-01
181657 3.472285e-01
181660 3.472285e-01
181663 3.472285e-01
181666 3.472285e-01
181669 3.472285e-01
181672 3.472285e-01
181675 3.472285e-01
181678 3.472285e-01
181681 3.472285e-01
181684 3.472285e-01
181687 3.472285e-01
181690 3.472285e-01
181741 3.472285e-01
181747 3.472285e-01
181750 3.472285e-01
181753 3.472285e-01
181756 3.472285e-01
181759 3.472285e-01
184221 3.472285e-01
184222 3.472285e-01
184225 3.472285e-01
184228 3.472285e-01
184230 3.472281e-01
184284 3.472281e-01
184285 3.472281e-01
184288 3.472281e-01
184291 3.472281e-01
184294 3.472281e-01
184297 3.472281e-01
184300 3.472281e-01
184303 3.472281e-01
184306 3.472281e-01
184309 3.472281e-01
184312 3.472281e-01
184315 3.472281e-01
184318 3.472281e-01
184321 3.472281e-01
184324 3.472281e-01
184327 3.472281e-01
184330 3.472281e-01
184333 3.472281e-01
184336 3.472281e-01
184339 3.472281e-01
184342 3.472281e-01
184345 3.472281e-01
184348 3.472281e-01
184351 3.472281e-01
184354 3.472281e-01
184357 3.472281e-01
184360 3.472281e-01
184363 3.472281e-01
184366 3.472281e-01
184369 3.472281e-01
184372 3.472281e-01
184375 3.472281e-01
184378 3.472281e-01
184381 3.472281e-01
184384 3.472281e-01
184387 3.472281e-01
184390 3.472281e-01
184393 3.472281e-01
184396 3.472281e-01
184399 3.472281e-01
184402 3.472281e-01
184441 3.472281e-01
184447 3.472281e-01
184450 3.472281e-01
184453 3.472281e-01
184456 3.472281e-01
184459 3.472281e-01
184636 3.472281e-01
184639 3.472281e-01
184642 3.472281e-01
184645 3.472281e-01
187071 3.472279e-01
187072 3.472279e-01
187075 3.472279e-01
187078 3.472279e-01
187081 3.472279e-01
187084 3.472279e-01
187087 3.472279e-01
187090 3.472279e-01
187093 3.472279e-01
187096 3.472279e-01
187099 3.472279e-01
187102 3.472279e-01
187105 3.472279e-01
187108 3.472279e-01
187111 3.472279e-01
187114 3.472279e-01
187117 3.472279e-01
187120 3.472279e-01
187141 3.472279e-01
187147 3.472279e-01
187159 3.472279e-01
187273 3.472279e-01
187276 3.472279e-01
187279 3.472279e-01
187282 3.472279e-01
187285 3.472279e-01
187288 3.472279e-01
224756 3.296718e-01
224774 3.124927e-01
224777 2.961756e-01
224790 2.961756e-01
224793 2.961756e-01
224796 2.961756e-01
224799 2.961756e-01
224802 2.961756e-01
224805 2.961756e-01
224820 2.961756e-01
224841 2.961756e-01
224844 2.961756e-01
224859 2.961756e-01
224862 2.961756e-01
224865 2.961756e-01
224868 2.961756e-01
224871 2.961756e-01
224874 2.961756e-01
224877 2.961756e-01
225042 2.961756e-01
225045 2.961756e-01
225048 2.961756e-01
225051 2.961756e-01
225054 2.961756e-01
225057 2.961756e-01
225060 2.961756e-01
225063 2.961756e-01
225066 2.961756e-01
225069 2.961756e-01
225072 2.961756e-01
225075 2.961756e-01
225078 2.961756e-01
225081 2.961756e-01
225084 2.961756e-01
225087 2.961756e-01
225096 2.961756e-01
225099 2.961756e-01
225102 2.961756e-01
225105 2.961756e-01
225108 2.961756e-01
225111 2.961756e-01
225114 2.961756e-01
225117 2.961756e-01
225120 2.961756e-01
225123 2.961756e-01
225129 2.961756e-01
225782 2.862556e-01
225783 2.862556e-01
225786 2.862556e-01
225788 2.801293e-01
225824 2.776691e-01
225825 2.776691e-01
225828 2.776691e-01
225831 2.776691e-01
225834 2.776691e-01
225837 2.776691e-01
225840 2.776691e-01
225843 2.776691e-01
225846 2.776691e-01
225849 2.776691e-01
225852 2.776691e-01
225855 2.776691e-01
225858 2.776691e-01
225861 2.776691e-01
225864 2.776691e-01
225867 2.776691e-01
225870 2.776691e-01
225873 2.776691e-01
225876 2.776691e-01
225878 2.769288e-01
225879 2.769288e-01
225882 2.769288e-01
225885 2.769288e-01
225888 2.769288e-01
225890 2.744402e-01
225891 2.744402e-01
225894 2.744402e-01
225897 2.744402e-01
225900 2.744402e-01
225903 2.744402e-01
225906 2.744402e-01
225909 2.744402e-01
225912 2.744402e-01
225915 2.744402e-01
225917 2.533324e-01
225918 2.533324e-01
225921 2.533324e-01
225924 2.533324e-01
225927 2.533324e-01
225930 2.533324e-01
225933 2.533324e-01
225936 2.533324e-01
225939 2.533324e-01
225942 2.533324e-01
225945 2.533324e-01
225948 2.533324e-01
225951 2.533324e-01
225954 2.533324e-01
225957 2.533324e-01
225960 2.533324e-01
225963 2.533324e-01
225966 2.533324e-01
225969 2.533324e-01
225972 2.533324e-01
225975 2.533324e-01
225977 2.519978e-01
225978 2.519978e-01
225981 2.519978e-01
225984 2.519978e-01
225987 2.519978e-01
225990 2.519978e-01
225993 2.519978e-01
225996 2.519978e-01
225998 2.510931e-01
226034 2.472114e-01
226195 2.442181e-01
226196 2.442181e-01
226199 2.442181e-01
226200 2.382496e-01
226203 2.300245e-01
226204 2.300245e-01
226207 2.300245e-01
226210 2.300245e-01
226213 2.300245e-01
226214 2.300020e-01
226215 2.300020e-01
226218 2.300020e-01
226221 2.300020e-01
226222 2.239427e-01
226228 2.016651e-01
226229 2.016651e-01
226232 2.016651e-01
226234 1.991950e-01
226288 1.918734e-01
226289 1.918734e-01
226292 1.918734e-01
226295 1.918734e-01
226298 1.918734e-01
226301 1.918734e-01
226303 1.866752e-01
226320 1.859291e-01
226321 1.859291e-01
226323 1.820049e-01
226368 1.811090e-01
226369 1.811090e-01
226372 1.811090e-01
226375 1.811090e-01
226378 1.811090e-01
226381 1.811090e-01
226384 1.811090e-01
226387 1.811090e-01
226390 1.811090e-01
226393 1.811090e-01
226396 1.811090e-01
226399 1.811090e-01
226402 1.811090e-01
226405 1.811090e-01
226407 1.716130e-01
226408 1.716130e-01
226411 1.716130e-01
226414 1.716130e-01
226417 1.716130e-01
226420 1.716130e-01
226423 1.716130e-01
226426 1.716130e-01
226429 1.716130e-01
226432 1.716130e-01
226435 1.716130e-01
226438 1.716130e-01
226441 1.716130e-01
226444 1.716130e-01
226447 1.716130e-01
226450 1.716130e-01
226453 1.716130e-01
226456 1.716130e-01
226459 1.716130e-01
226462 1.716130e-01
226465 1.716130e-01
226468 1.716130e-01
226471 1.716130e-01
226474 1.716130e-01
226477 1.716130e-01
226480 1.716130e-01
226483 1.716130e-01
226486 1.716130e-01
226489 1.716130e-01
226492 1.716130e-01
226495 1.716130e-01
226498 1.716130e-01
226501 1.716130e-01
226504 1.716130e-01
226507 1.716130e-01
226510 1.716130e-01
226513 1.716130e-01
226516 1.716130e-01
226519 1.716130e-01
226522 1.716130e-01
226525 1.716130e-01
226528 1.716130e-01
226531 1.716130e-01
226534 1.716130e-01
226537 1.716130e-01
226540 1.716130e-01
226543 1.716130e-01
226546 1.716130e-01
226549 1.716130e-01
226552 1.716130e-01
226555 1.716130e-01
226558 1.716130e-01
226561 1.716130e-01
226564 1.716130e-01
226567 1.716130e-01
226570 1.716130e-01
226573 1.716130e-01
226576 1.716130e-01
226579 1.716130e-01
226582 1.716130e-01
226585 1.716130e-01
226588 1.716130e-01
226591 1.716130e-01
226592 1.647009e-01
226630 1.616632e-01
226654 1.580636e-01
226834 1.569763e-01
226992 1.561666e-01
226998 1.560167e-01
226999 1.560167e-01
227002 1.560167e-01
227005 1.560167e-01
227008 1.560167e-01
227011 1.560167e-01
227012 1.525734e-01
227015 1.517746e-01
227016 1.517746e-01
227019 1.517746e-01
227021 1.514544e-01
227027 1.512342e-01
227028 1.512342e-01
227031 1.512342e-01
227034 1.512342e-01
227037 1.512342e-01
227040 1.512342e-01
227043 1.512342e-01
227046 1.512342e-01
227048 1.497480e-01
227069 1.495652e-01
227070 1.495652e-01
227073 1.495652e-01
227076 1.495652e-01
227079 1.495652e-01
227082 1.495652e-01
227085 1.495652e-01
227088 1.495652e-01
227091 1.495652e-01
227094 1.495652e-01
227096 1.493623e-01
227105 1.478390e-01
227228 1.477929e-01
227237 1.476172e-01
227243 1.471635e-01
227287 1.467735e-01
227377 1.465520e-01
227480 1.465520e-01
227483 1.465520e-01
227486 1.465520e-01
228922 1.464211e-01
228923 1.464211e-01
228924 1.463835e-01
228927 1.460746e-01
228981 1.460552e-01
228982 1.460552e-01
228985 1.460552e-01
228988 1.460552e-01
228991 1.460552e-01
228994 1.460552e-01
228997 1.460552e-01
229000 1.460552e-01
229003 1.460552e-01
229006 1.460552e-01
229009 1.460552e-01
229012 1.460552e-01
229015 1.460552e-01
229018 1.460552e-01
229021 1.460552e-01
229024 1.460552e-01
229027 1.460552e-01
229030 1.460552e-01
229033 1.460552e-01
229036 1.460552e-01
229039 1.460552e-01
229042 1.460552e-01
229045 1.460552e-01
229048 1.460552e-01
229051 1.460552e-01
229054 1.460552e-01
229057 1.460552e-01
229060 1.460552e-01
229063 1.460552e-01
229066 1.460552e-01
229069 1.460552e-01
229072 1.460552e-01
229075 1.460552e-01
229078 1.460552e-01
229081 1.460552e-01
229084 1.460552e-01
229087 1.460552e-01
229090 1.460552e-01
229093 1.460552e-01
229096 1.460552e-01
229098 1.457540e-01
229099 1.457540e-01
229102 1.457540e-01
229103 1.454954e-01
229114 1.452029e-01
229138 1.451223e-01
229153 1.451109e-01
229154 1.451109e-01
229157 1.451109e-01
229160 1.451109e-01
229163 1.451109e-01
229166 1.451109e-01
229169 1.451109e-01
229172 1.451109e-01
229175 1.451109e-01
229178 1.451109e-01
229181 1.451109e-01
229184 1.451109e-01
229187 1.451109e-01
229190 1.451109e-01
229192 1.451088e-01
229233 1.450312e-01
229263 1.450141e-01
229347 1.449834e-01
229407 1.447485e-01
229408 1.447485e-01
229411 1.447485e-01
229414 1.447485e-01
229417 1.447485e-01
229420 1.447485e-01
229423 1.447485e-01
229426 1.447485e-01
229429 1.447485e-01
229432 1.447485e-01
229435 1.447485e-01
229438 1.447485e-01
229441 1.447485e-01
229444 1.447485e-01
229447 1.447485e-01
229450 1.447485e-01
229453 1.447485e-01
229456 1.447485e-01
229459 1.447485e-01
229462 1.447485e-01
229465 1.447485e-01
229468 1.447485e-01
229471 1.447485e-01
229474 1.447485e-01
229477 1.447485e-01
229480 1.447485e-01
229483 1.447485e-01
229486 1.447485e-01
229489 1.447485e-01
229492 1.447485e-01
229495 1.447485e-01
229498 1.447485e-01
229501 1.447485e-01
229504 1.447485e-01
229507 1.447485e-01
229510 1.447485e-01
229513 1.447485e-01
229516 1.447485e-01
229519 1.447485e-01
229522 1.447485e-01
229525 1.447485e-01
229528 1.447485e-01
229531 1.447485e-01
229534 1.447485e-01
229537 1.447485e-01
229540 1.447485e-01
229543 1.447485e-01
229545 1.447215e-01
229546 1.447215e-01
229549 1.447215e-01
229552 1.447215e-01
229555 1.447215e-01
229558 1.447215e-01
229561 1.447215e-01
229564 1.447215e-01
229567 1.447215e-01
229570 1.447215e-01
229573 1.447215e-01
229576 1.447215e-01
229579 1.447215e-01
229582 1.447215e-01
229583 1.446037e-01
229584 1.446037e-01
229587 1.446037e-01
229590 1.446037e-01
229593 1.446037e-01
229596 1.446037e-01
229599 1.446037e-01
229600 1.445685e-01
229618 1.444506e-01
229619 1.444506e-01
229622 1.444506e-01
229625 1.444506e-01
229628 1.444506e-01
229631 1.444506e-01
229634 1.444506e-01
229637 1.444506e-01
229640 1.444506e-01
229642 1.444484e-01
229840 1.444219e-01
229845 1.442841e-01
229859 1.442118e-01
230018 1.441913e-01
230030 1.441786e-01
230042 1.441590e-01
230047 1.441547e-01
230048 1.441547e-01
230051 1.441547e-01
230054 1.441547e-01
230057 1.441547e-01
230060 1.441547e-01
230063 1.441547e-01
230066 1.441547e-01
230068 1.441480e-01
230069 1.441480e-01
230072 1.441480e-01
230075 1.441480e-01
230078 1.441480e-01
230080 1.441402e-01
230081 1.441402e-01
230084 1.441402e-01
230087 1.441402e-01
230090 1.441402e-01
230093 1.441402e-01
230096 1.441402e-01
230099 1.441402e-01
230101 1.441401e-01
230137 1.441228e-01
230171 1.441228e-01
230174 1.441228e-01
230177 1.441228e-01
230189 1.441228e-01
230204 1.441228e-01
230207 1.441228e-01
230210 1.441228e-01
232168 1.440946e-01
232345 1.440933e-01
232354 1.440893e-01
232357 1.440842e-01
232358 1.440842e-01
232361 1.440842e-01
232363 1.440792e-01
232364 1.440792e-01
232367 1.440792e-01
232369 1.440747e-01
232377 1.440709e-01
232378 1.440709e-01
232381 1.440709e-01
232384 1.440709e-01
232387 1.440709e-01
232390 1.440709e-01
232393 1.440709e-01
232396 1.440709e-01
232399 1.440709e-01
232402 1.440709e-01
232405 1.440709e-01
232408 1.440709e-01
232411 1.440709e-01
232414 1.440709e-01
232417 1.440709e-01
232420 1.440709e-01
232423 1.440709e-01
232426 1.440709e-01
232429 1.440709e-01
232432 1.440709e-01
232435 1.440709e-01
232438 1.440709e-01
232441 1.440709e-01
232444 1.440709e-01
232447 1.440709e-01
232450 1.440709e-01
232453 1.440709e-01
232456 1.440709e-01
232459 1.440709e-01
232462 1.440709e-01
232465 1.440709e-01
232467 1.440687e-01
232599 1.440682e-01
232620 1.440667e-01
232641 1.440617e-01
232642 1.440617e-01
232645 1.440617e-01
232648 1.440617e-01
232650 1.440600e-01
232651 1.440600e-01
232654 1.440600e-01
232657 1.440600e-01
232660 1.440600e-01
232663 1.440600e-01
232666 1.440600e-01
232669 1.440600e-01
232672 1.440600e-01
232675 1.440600e-01
232678 1.440600e-01
232681 1.440600e-01
232684 1.440600e-01
232687 1.440600e-01
232690 1.440600e-01
232693 1.440600e-01
232696 1.440600e-01
232699 1.440600e-01
232702 1.440600e-01
232705 1.440600e-01
232708 1.440600e-01
232711 1.440600e-01
232714 1.440600e-01
232717 1.440600e-01
232720 1.440600e-01
232723 1.440600e-01
232726 1.440600e-01
232729 1.440600e-01
232732 1.440600e-01
232735 1.440600e-01
232738 1.440600e-01
232741 1.440600e-01
232744 1.440600e-01
232747 1.440600e-01
232750 1.440600e-01
232753 1.440600e-01
232756 1.440600e-01
232759 1.440600e-01
232762 1.440600e-01
232765 1.440600e-01
232768 1.440600e-01
232771 1.440600e-01
232774 1.440600e-01
232777 1.440600e-01
232780 1.440600e-01
232783 1.440600e-01
232785 1.440598e-01
232818 1.440592e-01
232826 1.440588e-01
232827 1.440588e-01
232830 1.440588e-01
232832 1.440588e-01
232869 1.440588e-01
232884 1.440588e-01
232887 1.440588e-01
232911 1.440588e-01
232914 1.440588e-01
232917 1.440588e-01
232920 1.440588e-01
232923 1.440588e-01
233211 1.440588e-01
233229 1.440588e-01
233232 1.440588e-01
233235 1.440588e-01
233238 1.440588e-01
233241 1.440588e-01
233244 1.440588e-01
233247 1.440588e-01
233250 1.440588e-01
233253 1.440588e-01
233256 1.440588e-01
233259 1.440588e-01
233262 1.440588e-01
233265 1.440588e-01
233268 1.440588e-01
233271 1.440588e-01
233274 1.440588e-01
233277 1.440588e-01
233280 1.440588e-01
233283 1.440588e-01
233286 1.440588e-01
233289 1.440588e-01
233292 1.440588e-01
233295 1.440588e-01
235118 1.440575e-01
235119 1.440575e-01
235122 1.440575e-01
235125 1.440575e-01
235128 1.440575e-01
235131 1.440575e-01
235134 1.440575e-01
235137 1.440575e-01
235140 1.440575e-01
235143 1.440575e-01
235146 1.440575e-01
235149 1.440575e-01
235152 1.440575e-01
235155 1.440575e-01
235158 1.440575e-01
235161 1.440575e-01
235164 1.440575e-01
235167 1.440575e-01
235170 1.440575e-01
235173 1.440575e-01
235176 1.440575e-01
235179 1.440575e-01
235182 1.440575e-01
235184 1.440556e-01
235185 1.440556e-01
235188 1.440556e-01
235191 1.440556e-01
235194 1.440556e-01
235197 1.440556e-01
235200 1.440556e-01
235203 1.440556e-01
235206 1.440556e-01
235208 1.440552e-01
235226 1.440545e-01
235474 1.440543e-01
235480 1.440536e-01
235481 1.440536e-01
235483 1.440531e-01
235516 1.440530e-01
235517 1.440530e-01
235520 1.440530e-01
235523 1.440530e-01
235526 1.440530e-01
235529 1.440530e-01
235531 1.440521e-01
235532 1.440521e-01
235535 1.440521e-01
235538 1.440521e-01
235541 1.440521e-01
235544 1.440521e-01
235547 1.440521e-01
235550 1.440521e-01
235553 1.440521e-01
235556 1.440521e-01
235559 1.440521e-01
235562 1.440521e-01
235565 1.440521e-01
235568 1.440521e-01
235571 1.440521e-01
235574 1.440521e-01
235586 1.440521e-01
235589 1.440521e-01
235592 1.440521e-01
235595 1.440521e-01
235598 1.440521e-01
235601 1.440521e-01
235604 1.440521e-01
237928 1.440515e-01
237934 1.440513e-01
237935 1.440513e-01
237938 1.440513e-01
237940 1.440513e-01
237941 1.440513e-01
237944 1.440513e-01
237946 1.440506e-01
237949 1.440494e-01
237979 1.440494e-01
237980 1.440494e-01
237983 1.440494e-01
237986 1.440494e-01
237989 1.440494e-01
237992 1.440494e-01
237993 1.440491e-01
237994 1.440491e-01
237997 1.440491e-01
237999 1.440480e-01
238000 1.440480e-01
238003 1.440480e-01
238006 1.440480e-01
238009 1.440480e-01
238012 1.440480e-01
238015 1.440480e-01
238018 1.440480e-01
238021 1.440480e-01
238024 1.440480e-01
238027 1.440480e-01
238030 1.440480e-01
238033 1.440480e-01
238036 1.440480e-01
238038 1.440477e-01
238043 1.440473e-01
238044 1.440473e-01
238047 1.440473e-01
238050 1.440473e-01
238053 1.440473e-01
238056 1.440473e-01
238059 1.440473e-01
238062 1.440473e-01
238065 1.440473e-01
238067 1.440463e-01
238068 1.440463e-01
238071 1.440463e-01
238074 1.440463e-01
238077 1.440463e-01
238080 1.440463e-01
238083 1.440463e-01
238086 1.440463e-01
238089 1.440463e-01
238092 1.440463e-01
238095 1.440463e-01
238098 1.440463e-01
238101 1.440463e-01
238104 1.440463e-01
238107 1.440463e-01
238110 1.440463e-01
238113 1.440463e-01
238116 1.440463e-01
238119 1.440463e-01
238122 1.440463e-01
238125 1.440463e-01
238128 1.440463e-01
238131 1.440463e-01
238134 1.440463e-01
238137 1.440463e-01
238140 1.440463e-01
238143 1.440463e-01
238146 1.440463e-01
238149 1.440463e-01
238152 1.440463e-01
238155 1.440463e-01
238158 1.440463e-01
238161 1.440463e-01
238164 1.440463e-01
238167 1.440463e-01
238170 1.440463e-01
238173 1.440463e-01
238176 1.440463e-01
238179 1.440463e-01
238181 1.440463e-01
238182 1.440463e-01
238185 1.440463e-01
238188 1.440463e-01
238191 1.440463e-01
238193 1.440454e-01
238266 1.440454e-01
238317 1.440454e-01
238572 1.440454e-01
240803 1.440451e-01
240804 1.440451e-01
240807 1.440451e-01
240810 1.440451e-01
240813 1.440451e-01
240816 1.440451e-01
240818 1.440451e-01
240819 1.440451e-01
240822 1.440451e-01
240824 1.440448e-01
240825 1.440448e-01
240828 1.440448e-01
240831 1.440448e-01
240833 1.440448e-01
240834 1.440448e-01
240837 1.440448e-01
240840 1.440448e-01
240843 1.440448e-01
240846 1.440448e-01
240849 1.440448e-01
240851 1.440447e-01
240923 1.440446e-01
240924 1.440446e-01
240927 1.440446e-01
240930 1.440446e-01
240933 1.440446e-01
240936 1.440446e-01
240939 1.440446e-01
240942 1.440446e-01
240945 1.440446e-01
240948 1.440446e-01
240951 1.440446e-01
240954 1.440446e-01
240957 1.440446e-01
240960 1.440446e-01
240963 1.440446e-01
241326 1.440446e-01
241329 1.440446e-01
241332 1.440446e-01
241335 1.440446e-01
241338 1.440446e-01
241341 1.440446e-01
241344 1.440446e-01
241347 1.440446e-01
241350 1.440446e-01
241353 1.440446e-01
241356 1.440446e-01
241359 1.440446e-01
241362 1.440446e-01
241365 1.440446e-01
241368 1.440446e-01
241371 1.440446e-01
241374 1.440446e-01
241377 1.440446e-01
241380 1.440446e-01
241383 1.440446e-01
241386 1.440446e-01
241389 1.440446e-01
241392 1.440446e-01
243494 1.440445e-01
243495 1.440445e-01
243498 1.440445e-01
243501 1.440445e-01
243504 1.440445e-01
243507 1.440445e-01
243510 1.440445e-01
243513 1.440445e-01
243516 1.440445e-01
243519 1.440445e-01
243522 1.440445e-01
243525 1.440445e-01
243528 1.440445e-01
243531 1.440445e-01
243534 1.440445e-01
243536 1.440444e-01
243666 1.440444e-01
243669 1.440444e-01
243672 1.440444e-01
243675 1.440444e-01
243678 1.440444e-01
243681 1.440444e-01
243684 1.440444e-01
243687 1.440444e-01
243690 1.440444e-01
243693 1.440444e-01
243696 1.440444e-01
243699 1.440444e-01
243702 1.440444e-01
243705 1.440444e-01
243708 1.440444e-01
243711 1.440444e-01
243714 1.440444e-01
246194 1.440443e-01
246366 1.440443e-01
246375 1.440443e-01
246378 1.440443e-01
246381 1.440443e-01
246384 1.440443e-01
246387 1.440443e-01
246390 1.440443e-01
246393 1.440443e-01
246396 1.440443e-01
246399 1.440443e-01
246402 1.440443e-01
246405 1.440443e-01
246408 1.440443e-01
246411 1.440443e-01
246414 1.440443e-01
246417 1.440443e-01
246420 1.440443e-01
246423 1.440443e-01
246426 1.440443e-01
246429 1.440443e-01
246432 1.440443e-01
246885 1.440443e-01
248977 1.440443e-01
248978 1.440443e-01
248980 1.440442e-01
248995 1.440442e-01
248996 1.440442e-01
248999 1.440442e-01
249002 1.440442e-01
249005 1.440442e-01
249008 1.440442e-01
249011 1.440442e-01
249013 1.440440e-01
249014 1.440440e-01
249017 1.440440e-01
249020 1.440440e-01
249023 1.440440e-01
249026 1.440440e-01
249029 1.440440e-01
249032 1.440440e-01
249035 1.440440e-01
249038 1.440440e-01
249041 1.440440e-01
249044 1.440440e-01
249047 1.440440e-01
249050 1.440440e-01
249053 1.440440e-01
249056 1.440440e-01
249059 1.440440e-01
249062 1.440440e-01
