1 9.644774e+01
6 8.994463e+01
60 8.792788e+01
126 8.745693e+01
153 8.548080e+01
408 8.133954e+01
1548 8.063030e+01
1987 7.938595e+01
2102 7.847066e+01
2128 7.679737e+01
2239 7.176043e+01
2402 6.925807e+01
2779 6.780031e+01
2932 6.747830e+01
3049 6.680642e+01
3126 6.637211e+01
3280 6.624526e+01
3388 6.578364e+01
3397 6.526664e+01
3475 6.470975e+01
3567 6.285344e+01
3702 6.271763e+01
3713 6.133220e+01
3879 6.090779e+01
3914 6.021078e+01
3989 5.892825e+01
3996 5.565951e+01
4234 5.490102e+01
4383 5.454058e+01
4449 5.381565e+01
4534 5.163412e+01
4539 4.783394e+01
5068 4.781059e+01
5082 4.692198e+01
5116 4.690390e+01
5188 4.477729e+01
5321 4.437127e+01
5454 4.415469e+01
5588 4.396853e+01
5597 4.285364e+01
5764 4.133933e+01
6014 3.885139e+01
6532 3.826502e+01
6600 3.816489e+01
6611 3.796230e+01
6639 3.625198e+01
6788 3.614054e+01
6853 3.604252e+01
6904 3.550428e+01
6967 3.481716e+01
7010 3.466306e+01
7172 3.240965e+01
7547 3.154863e+01
7653 3.143222e+01
7686 3.103150e+01
7791 3.042047e+01
7965 2.979469e+01
8112 2.939916e+01
8444 2.913273e+01
8630 2.809036e+01
8871 2.796125e+01
9088 2.772238e+01
9159 2.757859e+01
9272 2.753232e+01
9274 2.742548e+01
9290 2.722565e+01
9316 2.624445e+01
9532 2.600535e+01
9608 2.593735e+01
9801 2.592271e+01
9808 2.552266e+01
9995 2.549624e+01
10008 2.531868e+01
10021 2.530686e+01
10049 2.512069e+01
10050 2.510744e+01
10158 2.507341e+01
10293 2.461110e+01
10310 2.456835e+01
10333 2.417537e+01
10390 2.412586e+01
10419 2.389357e+01
10447 2.362413e+01
10700 2.293546e+01
11134 2.282098e+01
11231 2.243238e+01
11308 2.234989e+01
11658 2.228698e+01
11664 2.213659e+01
11696 2.199065e+01
11838 2.187205e+01
12106 2.178062e+01
12130 2.169525e+01
12163 2.164909e+01
12225 2.135333e+01
12582 2.125753e+01
12660 2.104221e+01
12830 2.079853e+01
13216 2.078117e+01
13425 2.052301e+01
13745 2.045281e+01
13789 2.043300e+01
14018 2.036093e+01
14149 2.032515e+01
14390 2.024651e+01
14527 2.020050e+01
14565 2.016354e+01
14777 2.010807e+01
14875 2.006558e+01
14951 2.001111e+01
14980 1.995571e+01
15150 1.995442e+01
15168 1.993757e+01
15205 1.984297e+01
15355 1.978382e+01
15436 1.971661e+01
15479 1.971561e+01
15502 1.970756e+01
15594 1.969230e+01
15728 1.968106e+01
15785 1.966001e+01
15873 1.960456e+01
15879 1.956826e+01
15908 1.955048e+01
16024 1.949724e+01
16353 1.946383e+01
16402 1.945328e+01
16521 1.944694e+01
16531 1.942108e+01
16555 1.941475e+01
16594 1.940522e+01
16644 1.937164e+01
16690 1.934819e+01
16853 1.932904e+01
16915 1.929889e+01
16928 1.929796e+01
16987 1.925779e+01
17085 1.923670e+01
17139 1.923241e+01
17342 1.918644e+01
17580 1.915806e+01
17673 1.909817e+01
17820 1.909258e+01
17869 1.908725e+01
18006 1.903144e+01
18155 1.902357e+01
18186 1.902242e+01
18242 1.899367e+01
18244 1.898961e+01
18494 1.896017e+01
18543 1.894025e+01
18600 1.891838e+01
18826 1.888440e+01
19010 1.887733e+01
19090 1.883463e+01
19179 1.879584e+01
19589 1.877382e+01
19885 1.874009e+01
19890 1.873685e+01
20039 1.872182e+01
20091 1.870898e+01
20101 1.870600e+01
20187 1.868627e+01
20217 1.868191e+01
20260 1.867745e+01
20359 1.866437e+01
20395 1.866287e+01
20405 1.862375e+01
20768 1.862222e+01
20794 1.860858e+01
20926 1.860686e+01
20963 1.860669e+01
20964 1.858325e+01
21137 1.857557e+01
21259 1.857513e+01
21315 1.857421e+01
21371 1.857194e+01
21400 1.857125e+01
21411 1.854630e+01
21550 1.854216e+01
21730 1.853700e+01
21795 1.853676e+01
21890 1.852944e+01
21957 1.852688e+01
21977 1.850869e+01
22216 1.850186e+01
22259 1.849287e+01
22375 1.849220e+01
22408 1.849140e+01
22508 1.848988e+01
22516 1.848616e+01
22520 1.848181e+01
22619 1.848124e+01
22699 1.847936e+01
22760 1.846021e+01
22867 1.845790e+01
22987 1.845691e+01
23136 1.844655e+01
23268 1.844499e+01
23329 1.844438e+01
23331 1.842940e+01
23668 1.842224e+01
23752 1.841525e+01
23798 1.840886e+01
23863 1.840817e+01
23889 1.840341e+01
24020 1.839814e+01
24148 1.839321e+01
24468 1.839017e+01
24502 1.839016e+01
24527 1.838918e+01
24682 1.838757e+01
24710 1.838581e+01
24753 1.837623e+01
24863 1.837453e+01
24883 1.836178e+01
25096 1.835384e+01
25631 1.835167e+01
25785 1.834846e+01
25853 1.834770e+01
25881 1.834250e+01
26208 1.834122e+01
26307 1.834091e+01
26319 1.833995e+01
26334 1.833105e+01
26862 1.832798e+01
26873 1.832752e+01
26911 1.832670e+01
26978 1.832506e+01
27092 1.832215e+01
27252 1.832190e+01
27290 1.832141e+01
27409 1.831577e+01
27592 1.831509e+01
27729 1.831226e+01
27773 1.831186e+01
27949 1.831065e+01
27951 1.830929e+01
28226 1.830907e+01
28253 1.830735e+01
28282 1.830451e+01
28540 1.830281e+01
28758 1.830236e+01
28868 1.830131e+01
28877 1.830048e+01
28981 1.830044e+01
29036 1.829999e+01
29049 1.829950e+01
29074 1.829935e+01
29103 1.829550e+01
29380 1.829475e+01
29411 1.829471e+01
29481 1.829453e+01
29490 1.829307e+01
29531 1.829281e+01
29538 1.829182e+01
29609 1.829157e+01
29664 1.829024e+01
29688 1.828956e+01
29968 1.828854e+01
30008 1.828813e+01
30199 1.828764e+01
30352 1.828712e+01
30445 1.828595e+01
30520 1.828565e+01
30544 1.828408e+01
31017 1.828372e+01
31068 1.828363e+01
31103 1.828336e+01
31125 1.828325e+01
31166 1.828235e+01
31173 1.828155e+01
31460 1.828100e+01
31622 1.828095e+01
31686 1.828080e+01
31712 1.828038e+01
31794 1.828027e+01
31842 1.828019e+01
31872 1.827830e+01
32366 1.827819e+01
32437 1.827799e+01
32527 1.827777e+01
32540 1.827720e+01
32668 1.827711e+01
32732 1.827695e+01
32735 1.827679e+01
32801 1.827677e+01
32882 1.827656e+01
32911 1.827655e+01
33145 1.827649e+01
33166 1.827649e+01
33180 1.827617e+01
33251 1.827610e+01
33255 1.827604e+01
33324 1.827602e+01
33335 1.827598e+01
33342 1.827587e+01
33386 1.827524e+01
33682 1.827509e+01
33725 1.827504e+01
33785 1.827493e+01
33861 1.827482e+01
33883 1.827434e+01
34310 1.827418e+01
34543 1.827415e+01
34549 1.827412e+01
34559 1.827385e+01
34859 1.827375e+01
34897 1.827362e+01
34902 1.827349e+01
34956 1.827313e+01
35162 1.827311e+01
35354 1.827309e+01
35359 1.827309e+01
35379 1.827288e+01
35487 1.827279e+01
35757 1.827261e+01
36310 1.827259e+01
36350 1.827251e+01
36351 1.827245e+01
36392 1.827238e+01
36487 1.827228e+01
36584 1.827227e+01
36615 1.827199e+01
36665 1.827189e+01
37185 1.827185e+01
37235 1.827169e+01
37437 1.827168e+01
37449 1.827160e+01
37468 1.827154e+01
37469 1.827153e+01
37524 1.827151e+01
37589 1.827142e+01
37687 1.827139e+01
37813 1.827137e+01
37830 1.827135e+01
37846 1.827127e+01
38022 1.827119e+01
38181 1.827116e+01
38231 1.827112e+01
38233 1.827100e+01
38548 1.827097e+01
38623 1.827095e+01
38716 1.827095e+01
38729 1.827082e+01
39265 1.827076e+01
39319 1.827069e+01
39593 1.827068e+01
39630 1.827066e+01
39767 1.827057e+01
40154 1.827057e+01
40378 1.827053e+01
40567 1.827050e+01
40696 1.827049e+01
40729 1.827047e+01
40813 1.827046e+01
40973 1.827045e+01
41101 1.827045e+01
41266 1.827045e+01
41275 1.827044e+01
41310 1.827044e+01
41331 1.827043e+01
41349 1.827042e+01
41464 1.827042e+01
41477 1.827041e+01
41489 1.827040e+01
41503 1.827038e+01
41836 1.827037e+01
41877 1.827037e+01
41912 1.827036e+01
41950 1.827036e+01
42049 1.827035e+01
42164 1.827034e+01
42357 1.827034e+01
42377 1.827034e+01
42415 1.827033e+01
42557 1.827033e+01
42561 1.827032e+01
42640 1.827031e+01
42815 1.827030e+01
42885 1.827030e+01
43020 1.827030e+01
43033 1.827029e+01
43063 1.827029e+01
43104 1.827029e+01
43137 1.827027e+01
43262 1.827027e+01
43387 1.827027e+01
43395 1.827026e+01
43548 1.827026e+01
43637 1.827026e+01
43733 1.827025e+01
43735 1.827025e+01
43793 1.827024e+01
43878 1.827023e+01
44048 1.827023e+01
44283 1.827023e+01
44302 1.827022e+01
44395 1.827021e+01
44494 1.827021e+01
44550 1.827021e+01
44590 1.827021e+01
44603 1.827021e+01
44647 1.827021e+01
44686 1.827020e+01
44867 1.827020e+01
44868 1.827020e+01
44875 1.827020e+01
44876 1.827020e+01
44888 1.827019e+01
45008 1.827019e+01
45109 1.827019e+01
45115 1.827019e+01
45145 1.827018e+01
45260 1.827018e+01
45266 1.827018e+01
45496 1.827017e+01
45545 1.827017e+01
45569 1.827017e+01
45601 1.827017e+01
45624 1.827017e+01
45853 1.827016e+01
46117 1.827016e+01
46218 1.827016e+01
46248 1.827016e+01
46287 1.827016e+01
46306 1.827016e+01
46365 1.827016e+01
46406 1.827015e+01
46607 1.827015e+01
46618 1.827015e+01
46629 1.827015e+01
46635 1.827015e+01
46697 1.827015e+01
46718 1.827015e+01
46763 1.827015e+01
46772 1.827015e+01
46796 1.827015e+01
46816 1.827015e+01
46857 1.827015e+01
46883 1.827015e+01
46916 1.827015e+01
46977 1.827015e+01
47048 1.827015e+01
47053 1.827015e+01
47121 1.827015e+01
47134 1.827015e+01
47157 1.827015e+01
47293 1.827014e+01
47373 1.827014e+01
47393 1.827014e+01
47495 1.827014e+01
47520 1.827014e+01
47543 1.827014e+01
47548 1.827014e+01
47582 1.827014e+01
47626 1.827014e+01
47657 1.827014e+01
47666 1.827014e+01
47744 1.827014e+01
47833 1.827014e+01
47851 1.827014e+01
47933 1.827014e+01
47937 1.827014e+01
48031 1.827014e+01
48050 1.827014e+01
48170 1.827014e+01
48184 1.827014e+01
48199 1.827014e+01
48283 1.827014e+01
48559 1.827014e+01
48570 1.827014e+01
48584 1.827014e+01
48614 1.827014e+01
48643 1.827014e+01
48649 1.827014e+01
48661 1.827014e+01
48672 1.827014e+01
48745 1.827014e+01
48794 1.827014e+01
48864 1.827014e+01
48888 1.827014e+01
49047 1.827014e+01
49059 1.827014e+01
49064 1.827014e+01
49127 1.827014e+01
49153 1.827014e+01
49417 1.827014e+01
49534 1.827014e+01
49545 1.827014e+01
49622 1.827014e+01
49664 1.827014e+01
49786 1.827014e+01
49788 1.827014e+01
49817 1.827014e+01
49850 1.827014e+01
49885 1.827014e+01
49956 1.827014e+01
50013 1.827014e+01
50082 1.827014e+01
50090 1.827014e+01
50255 1.827014e+01
50345 1.827014e+01
50373 1.827014e+01
50467 1.827014e+01
50646 1.827014e+01
50681 1.827014e+01
50710 1.827014e+01
50769 1.827014e+01
50859 1.827014e+01
50882 1.827014e+01
50946 1.827014e+01
50991 1.827014e+01
51026 1.827014e+01
51043 1.827014e+01
51058 1.827014e+01
51059 1.827014e+01
51088 1.827014e+01
51156 1.827014e+01
51200 1.827014e+01
51256 1.827014e+01
51275 1.827014e+01
51322 1.827014e+01
51530 1.827014e+01
51617 1.827014e+01
51652 1.827014e+01
51660 1.827014e+01
51687 1.827014e+01
51692 1.827014e+01
51834 1.827014e+01
51855 1.827014e+01
51872 1.827014e+01
51899 1.827014e+01
52025 1.827014e+01
52027 1.827014e+01
52053 1.827014e+01
52152 1.827014e+01
52250 1.827014e+01
52255 1.827014e+01
52378 1.827014e+01
52395 1.827014e+01
52404 1.827014e+01
52462 1.827014e+01
52615 1.827014e+01
52631 1.827014e+01
52919 1.827014e+01
53031 1.827014e+01
53130 1.827014e+01
53198 1.827013e+01
53309 1.827013e+01
53314 1.827013e+01
53366 1.827013e+01
53402 1.827013e+01
53411 1.827013e+01
53514 1.827013e+01
53663 1.827013e+01
53846 1.827013e+01
53850 1.827013e+01
53862 1.827013e+01
54047 1.827013e+01
54051 1.827013e+01
54052 1.827013e+01
54058 1.827013e+01
54114 1.827013e+01
54149 1.827013e+01
54174 1.827013e+01
54280 1.827013e+01
54296 1.827013e+01
54356 1.827013e+01
54404 1.827013e+01
54458 1.827013e+01
54554 1.827013e+01
54832 1.827013e+01
54877 1.827013e+01
54901 1.827013e+01
55026 1.827013e+01
55081 1.827013e+01
55127 1.827013e+01
55269 1.827013e+01
55371 1.827013e+01
55382 1.827013e+01
55397 1.827013e+01
55470 1.827013e+01
55480 1.827013e+01
55510 1.827013e+01
55725 1.827013e+01
55758 1.827013e+01
55780 1.827013e+01
55794 1.827013e+01
55833 1.827013e+01
55836 1.827013e+01
55947 1.827013e+01
56082 1.827013e+01
56134 1.827013e+01
56225 1.827013e+01
56264 1.827013e+01
56293 1.827013e+01
56332 1.827013e+01
56382 1.827013e+01
56470 1.827013e+01
56630 1.827013e+01
56656 1.827013e+01
56728 1.827013e+01
56764 1.827013e+01
56823 1.827013e+01
57104 1.827013e+01
57106 1.827013e+01
57121 1.827013e+01
57123 1.827013e+01
57144 1.827013e+01
57205 1.827013e+01
57343 1.827013e+01
57367 1.827013e+01
57491 1.827013e+01
57561 1.827013e+01
57831 1.827013e+01
57939 1.827013e+01
57956 1.827013e+01
58009 1.827013e+01
58030 1.827013e+01
58111 1.827013e+01
58144 1.827013e+01
58156 1.827013e+01
58159 1.827013e+01
58179 1.827013e+01
58357 1.827013e+01
58413 1.827013e+01
58442 1.827013e+01
58443 1.827013e+01
58519 1.827013e+01
58522 1.827013e+01
58561 1.827013e+01
58578 1.827013e+01
58687 1.827013e+01
58714 1.827013e+01
58724 1.827013e+01
58745 1.827013e+01
58843 1.827013e+01
59001 1.827013e+01
59041 1.827013e+01
59096 1.827013e+01
59239 1.827013e+01
59260 1.827013e+01
59276 1.827013e+01
59414 1.827013e+01
59426 1.827013e+01
59451 1.827013e+01
59453 1.827013e+01
59528 1.827013e+01
59555 1.827013e+01
59562 1.827013e+01
59643 1.827013e+01
59686 1.827013e+01
59841 1.827013e+01
59856 1.827013e+01
60002 1.827013e+01
60124 1.827013e+01
60187 1.827013e+01
60360 1.827013e+01
60393 1.827013e+01
60421 1.827013e+01
60451 1.827013e+01
60458 1.827013e+01
60511 1.827013e+01
60535 1.827013e+01
60580 1.827013e+01
60612 1.827013e+01
60615 1.827013e+01
60717 1.827013e+01
60959 1.827013e+01
61146 1.827013e+01
61161 1.827013e+01
61196 1.827013e+01
61234 1.827013e+01
61245 1.827013e+01
61296 1.827013e+01
61436 1.827013e+01
61459 1.827013e+01
61479 1.827013e+01
61519 1.827013e+01
61521 1.827013e+01
61567 1.827013e+01
61616 1.827013e+01
61713 1.827013e+01
61727 1.827013e+01
62016 1.827013e+01
62039 1.827013e+01
62217 1.827013e+01
62233 1.827013e+01
62428 1.827013e+01
62464 1.827013e+01
62497 1.827013e+01
62569 1.827013e+01
62622 1.827013e+01
62700 1.827013e+01
62724 1.827013e+01
62738 1.827013e+01
62742 1.827013e+01
62808 1.827013e+01
62827 1.827013e+01
62858 1.827013e+01
62926 1.827013e+01
62952 1.827013e+01
62983 1.827013e+01
63196 1.827013e+01
63386 1.827013e+01
63474 1.827013e+01
63505 1.827013e+01
63525 1.827013e+01
63654 1.827013e+01
63715 1.827013e+01
63753 1.827013e+01
64014 1.827013e+01
64081 1.827013e+01
64095 1.827013e+01
64151 1.827013e+01
64193 1.827013e+01
64263 1.827013e+01
64265 1.827013e+01
64296 1.827013e+01
64310 1.827013e+01
64355 1.827013e+01
64397 1.827013e+01
64448 1.827013e+01
64501 1.827013e+01
64506 1.827013e+01
64642 1.827013e+01
64768 1.827013e+01
64780 1.827013e+01
64868 1.827013e+01
64887 1.827013e+01
64924 1.827013e+01
64927 1.827013e+01
65020 1.827013e+01
65046 1.827013e+01
65091 1.827013e+01
65147 1.827013e+01
65160 1.827013e+01
65221 1.827013e+01
65339 1.827013e+01
65445 1.827013e+01
65467 1.827013e+01
65497 1.827013e+01
65506 1.827013e+01
65636 1.827013e+01
65637 1.827013e+01
65666 1.827013e+01
65668 1.827013e+01
65674 1.827013e+01
65679 1.827013e+01
65699 1.827013e+01
65791 1.827013e+01
65844 1.827013e+01
65868 1.827013e+01
65884 1.827013e+01
65902 1.827013e+01
65910 1.827013e+01
65928 1.827013e+01
65969 1.827013e+01
65980 1.827013e+01
66095 1.827013e+01
66098 1.827013e+01
66157 1.827013e+01
66165 1.827013e+01
66229 1.827013e+01
66238 1.827013e+01
66291 1.827013e+01
66352 1.827013e+01
66357 1.827013e+01
66407 1.827013e+01
66438 1.827013e+01
66439 1.827013e+01
66454 1.827013e+01
66456 1.827013e+01
66468 1.827013e+01
66472 1.827013e+01
66516 1.827013e+01
66520 1.827013e+01
66536 1.827013e+01
66559 1.827013e+01
66594 1.827013e+01
66664 1.827013e+01
66670 1.827013e+01
66697 1.827013e+01
67035 1.827013e+01
67131 1.827013e+01
67260 1.827013e+01
67323 1.827013e+01
67383 1.827013e+01
67427 1.827012e+01
67683 1.827012e+01
67689 1.827012e+01
67734 1.827012e+01
67757 1.827012e+01
67787 1.827012e+01
67795 1.827012e+01
67844 1.827012e+01
67868 1.827012e+01
67882 1.827012e+01
67963 1.827012e+01
68044 1.827012e+01
68091 1.827012e+01
68190 1.827012e+01
68220 1.827012e+01
68237 1.827012e+01
68256 1.827012e+01
68263 1.827012e+01
68292 1.827012e+01
68411 1.827012e+01
68533 1.827012e+01
68538 1.827012e+01
68539 1.827012e+01
68632 1.827012e+01
68701 1.827012e+01
68709 1.827012e+01
68756 1.827012e+01
68768 1.827012e+01
68794 1.827012e+01
68928 1.827012e+01
68995 1.827012e+01
69203 1.827012e+01
69259 1.827012e+01
69276 1.827012e+01
69285 1.827012e+01
69326 1.827012e+01
69385 1.827012e+01
69401 1.827012e+01
69451 1.827012e+01
69488 1.827012e+01
69534 1.827012e+01
69544 1.827012e+01
69576 1.827012e+01
69662 1.827012e+01
69663 1.827012e+01
69745 1.827012e+01
69757 1.827012e+01
69800 1.827012e+01
70050 1.827012e+01
70164 1.827012e+01
70207 1.827012e+01
70373 1.827012e+01
70418 1.827012e+01
70420 1.827012e+01
70461 1.827012e+01
70463 1.827012e+01
70570 1.827012e+01
70650 1.827012e+01
70653 1.827012e+01
70659 1.827012e+01
70695 1.827012e+01
70726 1.827012e+01
70776 1.827012e+01
70823 1.827012e+01
70873 1.827012e+01
70900 1.827012e+01
70968 1.827012e+01
71246 1.827012e+01
71371 1.827012e+01
71392 1.827012e+01
71526 1.827012e+01
71568 1.827012e+01
71605 1.827012e+01
71612 1.827012e+01
71736 1.827012e+01
71773 1.827012e+01
71802 1.827012e+01
71846 1.827012e+01
71920 1.827012e+01
72008 1.827012e+01
72054 1.827012e+01
72141 1.827012e+01
72163 1.827012e+01
72197 1.827012e+01
72267 1.827012e+01
72506 1.827012e+01
72567 1.827012e+01
72681 1.827012e+01
72740 1.827012e+01
72756 1.827012e+01
72837 1.827012e+01
72911 1.827012e+01
72926 1.827012e+01
73035 1.827012e+01
73053 1.827012e+01
73142 1.827012e+01
73194 1.827012e+01
73267 1.827012e+01
73292 1.827012e+01
73327 1.827012e+01
73367 1.827012e+01
73375 1.827012e+01
73448 1.827012e+01
73481 1.827012e+01
73490 1.827012e+01
73497 1.827012e+01
73683 1.827012e+01
73756 1.827012e+01
73839 1.827012e+01
73988 1.827012e+01
74140 1.827012e+01
74255 1.827012e+01
74259 1.827012e+01
74273 1.827012e+01
74306 1.827012e+01
74314 1.827012e+01
74346 1.827012e+01
74350 1.827012e+01
74417 1.827012e+01
74462 1.827012e+01
74543 1.827012e+01
74578 1.827012e+01
74634 1.827012e+01
74635 1.827012e+01
74699 1.827012e+01
74707 1.827012e+01
74920 1.827012e+01
74921 1.827012e+01
172249 1.826999e+01
172250 1.826662e+01
172285 1.826346e+01
172424 1.826146e+01
172545 1.826107e+01
172599 1.825844e+01
172757 1.825687e+01
172822 1.825462e+01
173037 1.825451e+01
173257 1.825361e+01
173273 1.825230e+01
173387 1.825139e+01
173463 1.825128e+01
173464 1.825026e+01
173480 1.824923e+01
173515 1.824830e+01
173536 1.824474e+01
173973 1.824393e+01
174036 1.824252e+01
174121 1.824143e+01
174221 1.824104e+01
174379 1.823955e+01
174422 1.823875e+01
174459 1.823810e+01
174537 1.823803e+01
174563 1.823693e+01
174771 1.823691e+01
174784 1.823666e+01
174833 1.823596e+01
174950 1.823558e+01
175046 1.823503e+01
175071 1.823501e+01
175214 1.823449e+01
175224 1.823379e+01
175331 1.823297e+01
175414 1.823200e+01
175710 1.823064e+01
176122 1.823001e+01
176229 1.822997e+01
176307 1.822987e+01
176480 1.822919e+01
176498 1.822918e+01
176618 1.822910e+01
176841 1.822765e+01
176876 1.822719e+01
177269 1.822714e+01
177394 1.822682e+01
177404 1.822677e+01
177457 1.822655e+01
177463 1.822640e+01
177498 1.822636e+01
177610 1.822632e+01
177646 1.822617e+01
177735 1.822569e+01
177916 1.822502e+01
178013 1.822482e+01
178088 1.822436e+01
178148 1.822413e+01
178485 1.822399e+01
178490 1.822371e+01
178584 1.822370e+01
178639 1.822366e+01
178666 1.822341e+01
178750 1.822337e+01
178946 1.822301e+01
179136 1.822295e+01
179141 1.822290e+01
179186 1.822282e+01
179276 1.822272e+01
179293 1.822262e+01
179338 1.822245e+01
179352 1.822227e+01
179360 1.822201e+01
179495 1.822190e+01
179523 1.822184e+01
179609 1.822183e+01
179612 1.822181e+01
179621 1.822179e+01
179681 1.822169e+01
179721 1.822126e+01
180117 1.822125e+01
180150 1.822113e+01
180194 1.822096e+01
180256 1.822088e+01
180604 1.822081e+01
180662 1.822073e+01
180739 1.822066e+01
180873 1.822065e+01
180918 1.822042e+01
181086 1.822037e+01
181134 1.822032e+01
181200 1.822020e+01
181375 1.822014e+01
181435 1.822012e+01
181499 1.822008e+01
181531 1.822006e+01
181602 1.821993e+01
181636 1.821988e+01
181822 1.821984e+01
181842 1.821982e+01
181970 1.821974e+01
182080 1.821970e+01
182127 1.821964e+01
182257 1.821961e+01
182435 1.821958e+01
182463 1.821957e+01
182509 1.821947e+01
182557 1.821947e+01
182648 1.821943e+01
182678 1.821939e+01
182856 1.821930e+01
182959 1.821927e+01
183175 1.821927e+01
183219 1.821921e+01
183258 1.821920e+01
183266 1.821917e+01
183342 1.821916e+01
183571 1.821915e+01
183617 1.821908e+01
183758 1.821905e+01
183847 1.821904e+01
183898 1.821901e+01
184015 1.821900e+01
184028 1.821893e+01
184144 1.821890e+01
184485 1.821887e+01
184544 1.821886e+01
184593 1.821885e+01
184700 1.821883e+01
184728 1.821881e+01
184859 1.821877e+01
184988 1.821874e+01
185062 1.821872e+01
185138 1.821871e+01
185155 1.821870e+01
185208 1.821867e+01
185255 1.821858e+01
185809 1.821857e+01
185850 1.821856e+01
185865 1.821855e+01
185993 1.821855e+01
186004 1.821855e+01
186014 1.821854e+01
186040 1.821849e+01
186085 1.821849e+01
186227 1.821846e+01
186293 1.821846e+01
186521 1.821846e+01
186585 1.821846e+01
186616 1.821842e+01
186716 1.821841e+01
186941 1.821840e+01
187000 1.821840e+01
187045 1.821839e+01
187058 1.821836e+01
187293 1.821836e+01
187312 1.821833e+01
187487 1.821832e+01
187512 1.821831e+01
187618 1.821830e+01
187625 1.821829e+01
188123 1.821827e+01
188457 1.821826e+01
188614 1.821825e+01
188821 1.821825e+01
188893 1.821824e+01
189040 1.821824e+01
189215 1.821823e+01
189310 1.821823e+01
189375 1.821823e+01
189412 1.821823e+01
189431 1.821823e+01
189463 1.821822e+01
189626 1.821822e+01
189665 1.821821e+01
189776 1.821821e+01
189801 1.821820e+01
189888 1.821820e+01
189946 1.821820e+01
190113 1.821820e+01
190146 1.821819e+01
190196 1.821819e+01
190210 1.821819e+01
190265 1.821818e+01
190356 1.821818e+01
190382 1.821818e+01
190427 1.821818e+01
190461 1.821817e+01
190722 1.821817e+01
190803 1.821816e+01
190882 1.821816e+01
191081 1.821816e+01
191225 1.821816e+01
191240 1.821816e+01
191278 1.821815e+01
191456 1.821815e+01
191463 1.821815e+01
191467 1.821815e+01
191505 1.821815e+01
191509 1.821815e+01
191601 1.821815e+01
191638 1.821814e+01
191964 1.821814e+01
191973 1.821814e+01
191976 1.821814e+01
192023 1.821814e+01
192193 1.821814e+01
192268 1.821814e+01
192289 1.821814e+01
192324 1.821814e+01
192596 1.821814e+01
192603 1.821814e+01
192691 1.821814e+01
192699 1.821814e+01
192736 1.821814e+01
192808 1.821814e+01
192889 1.821814e+01
192899 1.821814e+01
193035 1.821814e+01
193087 1.821814e+01
193090 1.821814e+01
193174 1.821814e+01
193187 1.821814e+01
193212 1.821814e+01
193282 1.821814e+01
193424 1.821814e+01
193438 1.821814e+01
193447 1.821814e+01
193484 1.821814e+01
193517 1.821814e+01
193619 1.821814e+01
193875 1.821814e+01
193890 1.821814e+01
193938 1.821814e+01
194010 1.821814e+01
194072 1.821814e+01
194150 1.821814e+01
194186 1.821814e+01
194215 1.821814e+01
194241 1.821814e+01
194314 1.821814e+01
194528 1.821814e+01
194572 1.821814e+01
194588 1.821814e+01
194646 1.821814e+01
194662 1.821814e+01
194737 1.821814e+01
194818 1.821814e+01
194849 1.821814e+01
194963 1.821814e+01
194986 1.821814e+01
194997 1.821814e+01
195001 1.821814e+01
195014 1.821814e+01
195149 1.821814e+01
195179 1.821814e+01
195201 1.821814e+01
195273 1.821814e+01
195537 1.821814e+01
195571 1.821814e+01
195675 1.821814e+01
195944 1.821814e+01
195977 1.821814e+01
196030 1.821814e+01
196036 1.821814e+01
196050 1.821814e+01
196256 1.821814e+01
196360 1.821814e+01
196378 1.821814e+01
196656 1.821814e+01
196673 1.821814e+01
196743 1.821814e+01
196819 1.821814e+01
196897 1.821814e+01
196937 1.821814e+01
196990 1.821814e+01
197084 1.821814e+01
197243 1.821814e+01
197269 1.821814e+01
197271 1.821814e+01
197379 1.821814e+01
197577 1.821814e+01
197656 1.821814e+01
197669 1.821814e+01
197694 1.821814e+01
197704 1.821814e+01
197731 1.821814e+01
197813 1.821814e+01
197887 1.821814e+01
198214 1.821814e+01
198294 1.821814e+01
198306 1.821814e+01
198386 1.821814e+01
198400 1.821814e+01
198482 1.821814e+01
198592 1.821814e+01
198652 1.821814e+01
198664 1.821814e+01
198709 1.821814e+01
198728 1.821814e+01
198781 1.821814e+01
198790 1.821814e+01
198871 1.821814e+01
198914 1.821814e+01
199006 1.821814e+01
199031 1.821814e+01
199055 1.821814e+01
199056 1.821814e+01
199091 1.821814e+01
199100 1.821814e+01
199103 1.821814e+01
199150 1.821814e+01
199176 1.821814e+01
199288 1.821814e+01
199303 1.821814e+01
199333 1.821814e+01
199438 1.821814e+01
199488 1.821814e+01
199522 1.821814e+01
199535 1.821814e+01
199653 1.821814e+01
199655 1.821814e+01
199716 1.821814e+01
199718 1.821814e+01
199835 1.821814e+01
199860 1.821814e+01
199956 1.821814e+01
199991 1.821814e+01
200403 1.821814e+01
200423 1.821814e+01
200465 1.821814e+01
200514 1.821814e+01
200525 1.821814e+01
200629 1.821814e+01
200759 1.821814e+01
200881 1.821814e+01
200927 1.821814e+01
200929 1.821814e+01
201164 1.821814e+01
201169 1.821814e+01
201171 1.821814e+01
201299 1.821814e+01
201657 1.821814e+01
201752 1.821814e+01
201848 1.821814e+01
201873 1.821814e+01
201879 1.821814e+01
201893 1.821814e+01
201955 1.821814e+01
201971 1.821814e+01
202108 1.821814e+01
202164 1.821814e+01
202314 1.821814e+01
202328 1.821814e+01
202406 1.821814e+01
202429 1.821814e+01
202492 1.821814e+01
202581 1.821814e+01
202634 1.821814e+01
202761 1.821814e+01
202773 1.821814e+01
202984 1.821814e+01
203122 1.821814e+01
203156 1.821814e+01
203324 1.821814e+01
203365 1.821814e+01
203454 1.821814e+01
203472 1.821814e+01
203493 1.821814e+01
203501 1.821814e+01
203550 1.821814e+01
203562 1.821814e+01
203637 1.821814e+01
203641 1.821814e+01
203692 1.821814e+01
203812 1.821814e+01
203913 1.821814e+01
203997 1.821814e+01
204003 1.821814e+01
204012 1.821814e+01
204064 1.821814e+01
204156 1.821814e+01
204219 1.821814e+01
204230 1.821814e+01
204444 1.821814e+01
204467 1.821814e+01
204504 1.821814e+01
204565 1.821814e+01
204704 1.821814e+01
204710 1.821814e+01
204713 1.821814e+01
204787 1.821814e+01
204843 1.821814e+01
204927 1.821814e+01
204991 1.821814e+01
205031 1.821814e+01
205105 1.821814e+01
205153 1.821814e+01
205231 1.821814e+01
205377 1.821814e+01
205503 1.821814e+01
205653 1.821814e+01
205675 1.821814e+01
205767 1.821814e+01
205833 1.821814e+01
205897 1.821814e+01
205963 1.821814e+01
206145 1.821814e+01
206236 1.821814e+01
206301 1.821814e+01
206380 1.821814e+01
206420 1.821814e+01
206422 1.821814e+01
206483 1.821814e+01
206567 1.821814e+01
206572 1.821814e+01
206734 1.821814e+01
206912 1.821814e+01
206976 1.821814e+01
207003 1.821814e+01
207071 1.821814e+01
207109 1.821814e+01
207147 1.821814e+01
207373 1.821814e+01
207653 1.821814e+01
207693 1.821814e+01
207696 1.821814e+01
207708 1.821814e+01
207740 1.821814e+01
207781 1.821814e+01
207827 1.821814e+01
207856 1.821814e+01
207913 1.821814e+01
208094 1.821814e+01
208105 1.821814e+01
208145 1.821814e+01
208160 1.821814e+01
208179 1.821814e+01
208184 1.821814e+01
208222 1.821814e+01
208288 1.821814e+01
208372 1.821814e+01
208462 1.821814e+01
208472 1.821814e+01
208528 1.821814e+01
208612 1.821814e+01
208761 1.821814e+01
208848 1.821814e+01
208887 1.821813e+01
208924 1.821813e+01
209171 1.821813e+01
209408 1.821813e+01
209514 1.821813e+01
209609 1.821813e+01
209642 1.821813e+01
209644 1.821813e+01
209664 1.821813e+01
209740 1.821813e+01
209761 1.821813e+01
209798 1.821813e+01
209817 1.821813e+01
209899 1.821813e+01
209967 1.821813e+01
209972 1.821813e+01
209984 1.821813e+01
210021 1.821813e+01
210073 1.821813e+01
210375 1.821813e+01
210384 1.821813e+01
210408 1.821813e+01
210567 1.821813e+01
210615 1.821813e+01
210667 1.821813e+01
210725 1.821813e+01
210729 1.821813e+01
210756 1.821813e+01
210799 1.821813e+01
210827 1.821813e+01
210845 1.821813e+01
210870 1.821813e+01
210876 1.821813e+01
210888 1.821813e+01
210893 1.821813e+01
210904 1.821813e+01
210942 1.821813e+01
210995 1.821813e+01
211195 1.821813e+01
211409 1.821813e+01
211429 1.821813e+01
211468 1.821813e+01
211587 1.821813e+01
211663 1.821813e+01
211719 1.821813e+01
211779 1.821813e+01
211874 1.821813e+01
211989 1.821813e+01
212012 1.821813e+01
212110 1.821813e+01
212160 1.821813e+01
212224 1.821813e+01
212389 1.821813e+01
212512 1.821813e+01
212519 1.821813e+01
212528 1.821813e+01
212700 1.821813e+01
212777 1.821813e+01
212804 1.821813e+01
212808 1.821813e+01
212814 1.821813e+01
212828 1.821813e+01
212850 1.821813e+01
212872 1.821813e+01
212902 1.821813e+01
212952 1.821813e+01
212982 1.821813e+01
213004 1.821813e+01
213019 1.821813e+01
213129 1.821813e+01
213266 1.821813e+01
213284 1.821813e+01
213307 1.821813e+01
213409 1.821813e+01
213420 1.821813e+01
213422 1.821813e+01
213433 1.821813e+01
213495 1.821813e+01
213559 1.821813e+01
213582 1.821813e+01
213595 1.821813e+01
213621 1.821813e+01
213695 1.821813e+01
213721 1.821813e+01
213809 1.821813e+01
213848 1.821813e+01
213849 1.821813e+01
213850 1.821813e+01
213882 1.821813e+01
213964 1.821813e+01
214090 1.821813e+01
214134 1.821813e+01
214162 1.821813e+01
214166 1.821813e+01
214177 1.821813e+01
214203 1.821813e+01
214280 1.821813e+01
214347 1.821813e+01
214424 1.821813e+01
214456 1.821813e+01
214590 1.821813e+01
214592 1.821813e+01
214638 1.821813e+01
214674 1.821813e+01
214738 1.821813e+01
214834 1.821813e+01
214847 1.821813e+01
214877 1.821813e+01
214882 1.821813e+01
214906 1.821813e+01
214996 1.821813e+01
215068 1.821813e+01
215119 1.821813e+01
215162 1.821813e+01
215259 1.821813e+01
215335 1.821813e+01
215344 1.821813e+01
215403 1.821813e+01
215411 1.821813e+01
215430 1.821813e+01
215431 1.821813e+01
215465 1.821813e+01
215556 1.821813e+01
215566 1.821813e+01
215586 1.821813e+01
215616 1.821813e+01
215636 1.821813e+01
215801 1.821813e+01
215838 1.821813e+01
215852 1.821813e+01
216009 1.821813e+01
216016 1.821813e+01
216043 1.821813e+01
216046 1.821813e+01
216057 1.821813e+01
216069 1.821813e+01
216096 1.821813e+01
216102 1.821813e+01
216144 1.821813e+01
216193 1.821813e+01
216223 1.821813e+01
216305 1.821813e+01
216341 1.821813e+01
216349 1.821813e+01
216400 1.821813e+01
216451 1.821813e+01
216473 1.821813e+01
216618 1.821813e+01
216624 1.821813e+01
216637 1.821813e+01
216833 1.821813e+01
216934 1.821813e+01
216959 1.821813e+01
216985 1.821813e+01
216998 1.821813e+01
217021 1.821813e+01
217081 1.821813e+01
217099 1.821813e+01
217143 1.821813e+01
217232 1.821813e+01
217316 1.821813e+01
217333 1.821813e+01
217500 1.821813e+01
217509 1.821813e+01
217541 1.821813e+01
217571 1.821813e+01
217623 1.821813e+01
217624 1.821813e+01
217671 1.821813e+01
249617 1.796485e+01
249917 1.793168e+01
250199 1.770892e+01
250443 1.758410e+01
250488 1.754714e+01
250617 1.735741e+01
250688 1.718945e+01
250853 1.690493e+01
250958 1.678481e+01
251503 1.656137e+01
251755 1.644130e+01
252947 1.629056e+01
252966 1.622403e+01
253557 1.614653e+01
253773 1.612661e+01
253784 1.610170e+01
253832 1.598558e+01
254224 1.572887e+01
254518 1.572573e+01
254563 1.566436e+01
254663 1.560168e+01
255110 1.551180e+01
256386 1.548927e+01
256458 1.548696e+01
256486 1.543786e+01
256634 1.535402e+01
256951 1.530983e+01
257064 1.530884e+01
257391 1.527883e+01
257709 1.522668e+01
257754 1.519517e+01
257796 1.506689e+01
258119 1.493325e+01
258135 1.492653e+01
258138 1.492475e+01
258286 1.490997e+01
258319 1.490021e+01
258347 1.485188e+01
258365 1.480165e+01
258414 1.473549e+01
258445 1.453587e+01
259095 1.449789e+01
259125 1.448550e+01
259204 1.446094e+01
259237 1.440020e+01
259794 1.438765e+01
260391 1.435079e+01
260591 1.434833e+01
260806 1.429218e+01
260886 1.406243e+01
261549 1.401631e+01
261764 1.399710e+01
261913 1.387165e+01
262220 1.385637e+01
262680 1.383066e+01
262745 1.375639e+01
262812 1.373029e+01
263067 1.369886e+01
263198 1.369498e+01
263500 1.368455e+01
263584 1.366977e+01
263725 1.364160e+01
263829 1.364034e+01
263861 1.355454e+01
263916 1.352472e+01
264031 1.351555e+01
264763 1.343252e+01
265448 1.341107e+01
265567 1.335335e+01
266303 1.329931e+01
266387 1.329457e+01
266701 1.327746e+01
267227 1.325767e+01
267347 1.325630e+01
267424 1.323789e+01
267527 1.322446e+01
267604 1.319519e+01
267685 1.319212e+01
267724 1.317039e+01
267744 1.313849e+01
267965 1.311777e+01
268041 1.311354e+01
268382 1.310681e+01
268500 1.309409e+01
268505 1.307508e+01
268724 1.306426e+01
268758 1.306107e+01
268991 1.305820e+01
269655 1.304237e+01
269768 1.303045e+01
269848 1.301417e+01
269852 1.301071e+01
269909 1.300933e+01
270020 1.298134e+01
270168 1.298003e+01
270416 1.297857e+01
270561 1.297501e+01
270729 1.296991e+01
270902 1.296797e+01
270988 1.293714e+01
271527 1.292552e+01
271596 1.292140e+01
271704 1.290653e+01
271717 1.287695e+01
272052 1.287557e+01
272669 1.287062e+01
272723 1.284609e+01
274260 1.284599e+01
274322 1.284454e+01
274412 1.284134e+01
274426 1.282090e+01
275124 1.281892e+01
275510 1.281692e+01
275651 1.280831e+01
275959 1.280721e+01
275985 1.279740e+01
276357 1.279655e+01
276666 1.278632e+01
276687 1.278283e+01
277145 1.278229e+01
277328 1.277803e+01
277436 1.277243e+01
277459 1.276759e+01
277578 1.276393e+01
277829 1.275071e+01
279278 1.274434e+01
279556 1.274381e+01
279878 1.273962e+01
280090 1.273890e+01
280220 1.273352e+01
280403 1.273139e+01
280594 1.271532e+01
281251 1.271516e+01
281512 1.271235e+01
281805 1.270844e+01
282539 1.270697e+01
282592 1.270643e+01
282598 1.270296e+01
282612 1.270200e+01
282861 1.269986e+01
283237 1.269298e+01
283384 1.269083e+01
283544 1.268882e+01
284063 1.268298e+01
284216 1.268186e+01
284655 1.267934e+01
284703 1.267817e+01
284882 1.267367e+01
285315 1.267127e+01
285974 1.266897e+01
286236 1.266824e+01
286331 1.266299e+01
287176 1.266227e+01
287963 1.266081e+01
288287 1.265811e+01
288368 1.265597e+01
288454 1.265336e+01
289247 1.264938e+01
290050 1.264932e+01
290365 1.264745e+01
290641 1.264727e+01
290774 1.264710e+01
290957 1.264623e+01
291122 1.264491e+01
291399 1.264313e+01
291610 1.264126e+01
292185 1.263971e+01
292318 1.263970e+01
292397 1.263807e+01
292998 1.263706e+01
293088 1.263626e+01
293165 1.263608e+01
293439 1.263514e+01
293492 1.263452e+01
293522 1.263251e+01
293755 1.263187e+01
293758 1.263132e+01
294219 1.262867e+01
294379 1.262853e+01
294847 1.262825e+01
295064 1.262783e+01
295188 1.262781e+01
295383 1.262748e+01
295406 1.262736e+01
295528 1.262714e+01
295551 1.262700e+01
295595 1.262600e+01
296042 1.262539e+01
296104 1.262462e+01
296369 1.262421e+01
296528 1.262356e+01
296792 1.262281e+01
297947 1.262273e+01
297962 1.262271e+01
298236 1.262264e+01
298271 1.262246e+01
298409 1.262216e+01
298459 1.262175e+01
298731 1.262151e+01
298770 1.262150e+01
298829 1.262134e+01
299003 1.261990e+01
300145 1.261984e+01
300155 1.261861e+01
300778 1.261858e+01
300962 1.261813e+01
301044 1.261806e+01
301209 1.261798e+01
301299 1.261726e+01
301928 1.261715e+01
301950 1.261661e+01
302031 1.261656e+01
302118 1.261639e+01
302302 1.261593e+01
302327 1.261549e+01
302936 1.261538e+01
303099 1.261472e+01
303157 1.261471e+01
303413 1.261467e+01
303448 1.261459e+01
303495 1.261433e+01
303906 1.261362e+01
304945 1.261347e+01
305051 1.261341e+01
305084 1.261322e+01
305210 1.261302e+01
305312 1.261258e+01
305842 1.261244e+01
305924 1.261235e+01
305968 1.261209e+01
306429 1.261202e+01
307124 1.261195e+01
307215 1.261171e+01
307308 1.261155e+01
307356 1.261154e+01
307426 1.261135e+01
308035 1.261126e+01
308076 1.261110e+01
308104 1.261082e+01
308423 1.261038e+01
308932 1.261029e+01
309432 1.261023e+01
309956 1.261015e+01
310005 1.261009e+01
310028 1.260987e+01
310490 1.260981e+01
310492 1.260972e+01
310830 1.260949e+01
311683 1.260944e+01
311817 1.260930e+01
312266 1.260916e+01
312518 1.260914e+01
312542 1.260905e+01
312837 1.260899e+01
312896 1.260896e+01
312998 1.260892e+01
313198 1.260879e+01
313415 1.260860e+01
314114 1.260844e+01
314272 1.260843e+01
314306 1.260833e+01
314788 1.260829e+01
315002 1.260829e+01
315267 1.260828e+01
315341 1.260824e+01
315406 1.260822e+01
315726 1.260820e+01
315734 1.260819e+01
315827 1.260818e+01
315836 1.260813e+01
315847 1.260811e+01
315961 1.260805e+01
316007 1.260797e+01
316129 1.260794e+01
316325 1.260789e+01
316790 1.260783e+01
317069 1.260780e+01
317074 1.260774e+01
317370 1.260772e+01
317435 1.260772e+01
318107 1.260772e+01
318125 1.260764e+01
318618 1.260757e+01
319684 1.260749e+01
320139 1.260746e+01
320418 1.260745e+01
320521 1.260744e+01
320542 1.260742e+01
320561 1.260741e+01
320614 1.260738e+01
320767 1.260737e+01
320924 1.260736e+01
321059 1.260734e+01
321185 1.260732e+01
321292 1.260731e+01
321595 1.260728e+01
321755 1.260725e+01
321837 1.260723e+01
321923 1.260721e+01
321968 1.260716e+01
321990 1.260715e+01
322441 1.260715e+01
322578 1.260704e+01
323570 1.260704e+01
323767 1.260704e+01
323925 1.260704e+01
323982 1.260703e+01
324157 1.260699e+01
324227 1.260699e+01
324413 1.260697e+01
324613 1.260693e+01
324848 1.260689e+01
326520 1.260686e+01
327170 1.260685e+01
327354 1.260685e+01
327386 1.260683e+01
328026 1.260682e+01
328493 1.260682e+01
328676 1.260677e+01
328749 1.260677e+01
329176 1.260675e+01
330212 1.260673e+01
330907 1.260673e+01
330994 1.260671e+01
331902 1.260669e+01
332142 1.260669e+01
332271 1.260669e+01
332544 1.260669e+01
332707 1.260669e+01
332750 1.260668e+01
332840 1.260667e+01
332967 1.260666e+01
332991 1.260666e+01
333055 1.260664e+01
333631 1.260664e+01
333740 1.260664e+01
334114 1.260663e+01
334156 1.260663e+01
334209 1.260662e+01
334566 1.260662e+01
334688 1.260661e+01
334980 1.260661e+01
335229 1.260660e+01
335276 1.260660e+01
335402 1.260660e+01
335693 1.260658e+01
336461 1.260657e+01
336840 1.260657e+01
336977 1.260657e+01
337023 1.260657e+01
337025 1.260657e+01
337072 1.260656e+01
337172 1.260656e+01
337345 1.260656e+01
337393 1.260656e+01
337410 1.260656e+01
337440 1.260656e+01
337544 1.260655e+01
337903 1.260655e+01
338298 1.260655e+01
338360 1.260654e+01
338535 1.260654e+01
338686 1.260654e+01
338731 1.260654e+01
339023 1.260654e+01
339124 1.260654e+01
339132 1.260653e+01
339834 1.260653e+01
339937 1.260653e+01
340207 1.260653e+01
340584 1.260653e+01
340603 1.260653e+01
340682 1.260653e+01
340757 1.260653e+01
340840 1.260652e+01
340845 1.260652e+01
340866 1.260652e+01
341145 1.260652e+01
341233 1.260652e+01
341530 1.260652e+01
341633 1.260652e+01
341921 1.260652e+01
341927 1.260652e+01
342074 1.260652e+01
342108 1.260652e+01
342603 1.260651e+01
342807 1.260651e+01
342876 1.260651e+01
343319 1.260651e+01
343442 1.260651e+01
343526 1.260651e+01
343871 1.260651e+01
344052 1.260651e+01
344065 1.260651e+01
344204 1.260651e+01
344239 1.260650e+01
344385 1.260650e+01
344419 1.260650e+01
344755 1.260650e+01
344848 1.260650e+01
345168 1.260650e+01
345370 1.260650e+01
345388 1.260650e+01
345685 1.260650e+01
345869 1.260650e+01
346089 1.260650e+01
346714 1.260650e+01
347042 1.260650e+01
347068 1.260650e+01
347258 1.260650e+01
347308 1.260650e+01
347400 1.260650e+01
347641 1.260650e+01
347920 1.260650e+01
348922 1.260650e+01
349465 1.260649e+01
349729 1.260649e+01
349735 1.260649e+01
350075 1.260649e+01
350261 1.260649e+01
350405 1.260649e+01
351130 1.260649e+01
351219 1.260649e+01
351438 1.260649e+01
351476 1.260649e+01
351506 1.260649e+01
351522 1.260649e+01
351572 1.260649e+01
351600 1.260649e+01
351686 1.260649e+01
351997 1.260649e+01
352181 1.260649e+01
352313 1.260649e+01
352568 1.260649e+01
352745 1.260649e+01
352828 1.260649e+01
352906 1.260649e+01
353071 1.260649e+01
353244 1.260649e+01
353334 1.260649e+01
353450 1.260649e+01
353488 1.260649e+01
353535 1.260649e+01
353579 1.260649e+01
353721 1.260649e+01
354126 1.260649e+01
354420 1.260649e+01
354431 1.260649e+01
354629 1.260649e+01
354642 1.260649e+01
354967 1.260649e+01
355172 1.260649e+01
355292 1.260649e+01
356550 1.260649e+01
356704 1.260649e+01
356957 1.260649e+01
356981 1.260649e+01
357011 1.260649e+01
357016 1.260648e+01
357039 1.260648e+01
357233 1.260648e+01
357328 1.260648e+01
357444 1.260648e+01
357799 1.260648e+01
358235 1.260648e+01
358586 1.260648e+01
358614 1.260648e+01
358749 1.260648e+01
358815 1.260648e+01
359122 1.260648e+01
359187 1.260648e+01
359296 1.260648e+01
359336 1.260648e+01
359392 1.260648e+01
359401 1.260648e+01
359402 1.260648e+01
359418 1.260648e+01
359479 1.260648e+01
359612 1.260648e+01
359824 1.260648e+01
360244 1.260648e+01
360286 1.260648e+01
360423 1.260648e+01
360554 1.260648e+01
360558 1.260648e+01
360850 1.260648e+01
360904 1.260648e+01
360934 1.260648e+01
361105 1.260648e+01
361410 1.260648e+01
361588 1.260648e+01
361606 1.260648e+01
361612 1.260648e+01
361619 1.260648e+01
361645 1.260648e+01
361648 1.260648e+01
361958 1.260648e+01
362041 1.260648e+01
362052 1.260648e+01
362271 1.260648e+01
362279 1.260648e+01
362288 1.260648e+01
362726 1.260648e+01
362954 1.260648e+01
363183 1.260648e+01
363196 1.260648e+01
363278 1.260648e+01
363409 1.260648e+01
363469 1.260648e+01
363817 1.260648e+01
363907 1.260648e+01
363922 1.260648e+01
363996 1.260648e+01
364157 1.260648e+01
364168 1.260648e+01
364311 1.260648e+01
364407 1.260648e+01
364459 1.260648e+01
364533 1.260648e+01
364694 1.260648e+01
364795 1.260648e+01
365009 1.260648e+01
365058 1.260648e+01
365089 1.260648e+01
365217 1.260648e+01
365339 1.260648e+01
365361 1.260648e+01
365457 1.260648e+01
365529 1.260648e+01
365544 1.260648e+01
365874 1.260648e+01
365899 1.260648e+01
365989 1.260648e+01
365991 1.260648e+01
366185 1.260648e+01
366262 1.260648e+01
366265 1.260648e+01
366413 1.260648e+01
366527 1.260648e+01
366543 1.260648e+01
366736 1.260648e+01
366965 1.260648e+01
367033 1.260648e+01
367076 1.260648e+01
367107 1.260648e+01
367149 1.260648e+01
367209 1.260648e+01
367418 1.260648e+01
367474 1.260648e+01
367682 1.260648e+01
367738 1.260648e+01
368029 1.260648e+01
368053 1.260648e+01
368397 1.260648e+01
368537 1.260648e+01
368541 1.260648e+01
368667 1.260648e+01
368971 1.260648e+01
369288 1.260648e+01
369910 1.260648e+01
369968 1.260648e+01
370002 1.260648e+01
370186 1.260648e+01
370287 1.260648e+01
370436 1.260648e+01
370481 1.260648e+01
370565 1.260648e+01
370818 1.260648e+01
370836 1.260648e+01
439363 1.259313e+01
439505 1.255149e+01
439548 1.253612e+01
440723 1.249081e+01
440902 1.248338e+01
441001 1.247143e+01
441054 1.245228e+01
441653 1.244553e+01
441719 1.240214e+01
442385 1.225611e+01
444847 1.223648e+01
445402 1.218235e+01
446275 1.218226e+01
446552 1.214814e+01
446582 1.211167e+01
446864 1.210022e+01
447209 1.209474e+01
447294 1.202262e+01
449100 1.201855e+01
449712 1.195557e+01
450155 1.192431e+01
450987 1.183872e+01
452470 1.182992e+01
453801 1.182585e+01
453946 1.181061e+01
454139 1.180986e+01
454360 1.180418e+01
454693 1.179187e+01
454756 1.179171e+01
454815 1.177864e+01
454953 1.176650e+01
455114 1.169140e+01
455816 1.168964e+01
456779 1.167718e+01
456780 1.165596e+01
457019 1.164916e+01
457346 1.164867e+01
457358 1.160660e+01
457788 1.158816e+01
458526 1.158490e+01
458876 1.157559e+01
459566 1.157414e+01
459693 1.157274e+01
459713 1.156947e+01
459861 1.155244e+01
460090 1.153939e+01
460774 1.153145e+01
461364 1.151373e+01
461636 1.148842e+01
462417 1.147303e+01
463363 1.146231e+01
464936 1.144776e+01
465725 1.143450e+01
466611 1.143236e+01
466757 1.142873e+01
467364 1.142770e+01
467523 1.142596e+01
467552 1.141703e+01
467723 1.140889e+01
467933 1.140657e+01
468527 1.140553e+01
468599 1.139918e+01
468707 1.139803e+01
468874 1.139735e+01
469236 1.138648e+01
469534 1.138443e+01
470205 1.137674e+01
470356 1.137632e+01
470570 1.137578e+01
471042 1.136859e+01
471425 1.136721e+01
472070 1.136353e+01
472128 1.135976e+01
472154 1.135600e+01
473354 1.135573e+01
473567 1.135372e+01
473716 1.135236e+01
474071 1.135134e+01
474265 1.134942e+01
474601 1.134841e+01
474812 1.134748e+01
475207 1.134599e+01
475271 1.134563e+01
475294 1.133681e+01
475757 1.133497e+01
476243 1.133182e+01
476246 1.133169e+01
476366 1.132151e+01
476421 1.131947e+01
476575 1.131766e+01
477241 1.131214e+01
477830 1.130948e+01
478329 1.130760e+01
478349 1.130707e+01
478535 1.130366e+01
478802 1.130210e+01
478974 1.130104e+01
478975 1.129876e+01
479039 1.129333e+01
479144 1.129236e+01
479496 1.128448e+01
480571 1.128349e+01
480856 1.128146e+01
481710 1.128030e+01
481801 1.127897e+01
481917 1.127543e+01
482193 1.127091e+01
482573 1.126835e+01
482770 1.126540e+01
483148 1.126247e+01
483319 1.126191e+01
484295 1.125965e+01
484380 1.125881e+01
484408 1.125825e+01
484409 1.125605e+01
485119 1.124972e+01
486147 1.124773e+01
486272 1.124641e+01
486755 1.124489e+01
486828 1.124268e+01
488331 1.124238e+01
488508 1.124187e+01
488808 1.124085e+01
488928 1.124005e+01
488994 1.123929e+01
489018 1.123840e+01
489256 1.123627e+01
490090 1.123619e+01
490184 1.123439e+01
490663 1.123298e+01
490998 1.123291e+01
491350 1.123183e+01
492064 1.123065e+01
492195 1.122930e+01
492358 1.122887e+01
492625 1.122804e+01
493938 1.122751e+01
494083 1.122537e+01
494949 1.122461e+01
496093 1.122413e+01
496183 1.122339e+01
496214 1.122295e+01
496706 1.122218e+01
496738 1.122161e+01
497447 1.122017e+01
498374 1.121980e+01
498948 1.121951e+01
499134 1.121910e+01
499342 1.121885e+01
499429 1.121737e+01
