1 4.586321e+03
4 3.336211e+03
110 3.308069e+03
115 2.997336e+03
230 2.841043e+03
316 2.590267e+03
572 2.418944e+03
1260 1.813464e+03
1491 1.782102e+03
1596 1.679789e+03
1782 1.659979e+03
1790 1.472231e+03
1862 1.394296e+03
1883 1.333396e+03
1958 1.275089e+03
1972 1.271836e+03
2005 1.247820e+03
2081 1.240893e+03
2087 1.238924e+03
2097 1.221316e+03
2107 1.213415e+03
2114 1.201079e+03
2116 1.129096e+03
2222 1.104356e+03
2300 1.099902e+03
2334 1.098693e+03
2367 1.096246e+03
2369 1.090745e+03
2471 1.090660e+03
2580 1.090646e+03
2586 1.090335e+03
2641 1.090260e+03
2674 1.090152e+03
2677 1.089250e+03
2691 1.088003e+03
2713 1.087387e+03
2732 1.087360e+03
2751 1.087251e+03
2807 1.086893e+03
2810 1.086807e+03
2880 1.086596e+03
2970 1.086583e+03
3002 1.086580e+03
3008 1.086546e+03
3013 1.086545e+03
3039 1.086510e+03
3049 1.086436e+03
3197 1.086436e+03
3221 1.086434e+03
3238 1.086434e+03
3246 1.086425e+03
3264 1.086423e+03
3270 1.086422e+03
3284 1.086418e+03
3368 1.086418e+03
3371 1.086418e+03
3399 1.086414e+03
3555 1.086414e+03
3573 1.086413e+03
3739 1.086413e+03
3761 1.086413e+03
3823 1.086413e+03
3829 1.086413e+03
3867 1.086413e+03
3894 1.086413e+03
3921 1.086413e+03
3945 1.086413e+03
4017 1.086413e+03
4082 1.086413e+03
4128 1.086413e+03
4142 1.086413e+03
4162 1.086413e+03
4171 1.086413e+03
4183 1.086413e+03
4201 1.086413e+03
4224 1.086413e+03
4226 1.086413e+03
4242 1.086413e+03
4263 1.086413e+03
4279 1.086413e+03
4297 1.086413e+03
4339 1.086413e+03
4346 1.086413e+03
4352 1.086413e+03
4390 1.086413e+03
4482 1.086413e+03
4510 1.086413e+03
4515 1.086413e+03
4520 1.086413e+03
4543 1.086413e+03
4662 1.086413e+03
4666 1.086413e+03
4689 1.086413e+03
4743 1.086413e+03
4809 1.086413e+03
4833 1.086413e+03
4837 1.086413e+03
4849 1.086413e+03
4878 1.086413e+03
4887 1.086413e+03
4946 1.086413e+03
4952 1.086413e+03
4968 1.086413e+03
4988 1.086413e+03
4989 1.086413e+03
5037 1.086413e+03
5060 1.086413e+03
5076 1.086413e+03
5094 1.086413e+03
5101 1.086413e+03
5113 1.086413e+03
5153 1.086413e+03
5176 1.086413e+03
5229 1.086413e+03
5264 1.086413e+03
5308 1.086413e+03
5338 1.086413e+03
5379 1.086413e+03
5404 1.086413e+03
5475 1.086413e+03
5494 1.086413e+03
5511 1.086413e+03
11836 1.037631e+03
11936 1.005225e+03
12045 9.965240e+02
12505 9.923430e+02
12508 9.654033e+02
12532 9.453210e+02
12723 9.028096e+02
12904 7.925864e+02
13314 7.572995e+02
13381 7.553363e+02
13517 7.462749e+02
13676 7.112594e+02
13789 7.099430e+02
13822 6.897620e+02
13993 6.811670e+02
14018 6.769851e+02
14039 6.764006e+02
14071 6.618110e+02
14135 6.479498e+02
14617 6.465804e+02
14662 6.440475e+02
14705 6.425029e+02
14785 6.419772e+02
14815 6.414305e+02
14835 6.371066e+02
20509 4.740391e+02
20553 4.042686e+02
20554 4.042686e+02
20557 4.042686e+02
20560 4.042686e+02
20563 4.042686e+02
20566 4.042686e+02
20572 4.042686e+02
20578 4.042686e+02
20581 4.042686e+02
20584 4.042686e+02
20721 3.854807e+02
20722 3.854807e+02
20724 3.322162e+02
20725 3.322162e+02
20728 3.322162e+02
20731 3.322162e+02
20734 3.322162e+02
20737 3.322162e+02
20740 3.322162e+02
20790 3.263583e+02
20805 2.770621e+02
20806 2.770621e+02
20809 2.770621e+02
20812 2.770621e+02
20815 2.770621e+02
20818 2.770621e+02
20821 2.770621e+02
20824 2.770621e+02
20827 2.770621e+02
20830 2.770621e+02
20833 2.770621e+02
20836 2.770621e+02
20839 2.770621e+02
20840 2.729585e+02
20841 2.729585e+02
20844 2.729585e+02
20845 2.519992e+02
20859 2.449516e+02
20869 2.449516e+02
20872 2.449516e+02
20884 2.449516e+02
20890 2.449516e+02
20893 2.449516e+02
20896 2.449516e+02
20947 2.449516e+02
20962 2.449516e+02
21078 2.436245e+02
21099 2.270782e+02
21146 2.226724e+02
21149 2.204511e+02
21151 2.161780e+02
21159 2.151587e+02
21162 2.096355e+02
21166 2.096355e+02
21169 2.096355e+02
21172 2.096355e+02
21175 2.096355e+02
21271 2.096355e+02
21420 2.087668e+02
21421 2.087668e+02
21424 2.087668e+02
21427 2.087668e+02
21429 2.025760e+02
21514 2.025760e+02
21517 2.025760e+02
21520 2.025760e+02
21523 2.025760e+02
21526 2.025760e+02
21529 2.025760e+02
21532 2.025760e+02
21535 2.025760e+02
21538 2.025760e+02
21704 2.023917e+02
21706 2.016717e+02
21712 2.014019e+02
21720 2.007788e+02
21721 2.007788e+02
21724 2.007788e+02
21727 2.007788e+02
21730 2.007788e+02
21732 2.006591e+02
21750 1.999853e+02
