1 3.560041e+03
38 3.121211e+03
151 3.109201e+03
183 2.161786e+03
526 2.015469e+03
1520 1.822037e+03
1572 1.767428e+03
1575 1.727183e+03
1788 1.528521e+03
2002 1.389536e+03
2023 1.294579e+03
2059 1.111115e+03
2132 1.101483e+03
2137 1.067631e+03
2170 1.043171e+03
2285 8.843799e+02
2384 8.670819e+02
2425 8.631885e+02
2450 8.585229e+02
2515 8.221719e+02
2524 7.716805e+02
2557 7.294589e+02
2569 7.172757e+02
2638 6.954011e+02
2655 6.766982e+02
2656 6.223174e+02
2669 6.214927e+02
2835 6.179856e+02
2840 6.098619e+02
2850 6.090364e+02
2854 5.694717e+02
2874 5.668657e+02
2938 5.646748e+02
2972 5.564504e+02
3035 5.504689e+02
3051 5.472103e+02
3105 5.448416e+02
3116 5.412140e+02
3277 5.408300e+02
3339 5.378937e+02
3478 5.376178e+02
3532 5.375911e+02
3555 5.372537e+02
3576 5.371729e+02
3602 5.371380e+02
3627 5.370182e+02
3634 5.369237e+02
3720 5.369230e+02
3757 5.368454e+02
3769 5.368331e+02
3807 5.368054e+02
3846 5.367972e+02
3882 5.367965e+02
3924 5.367956e+02
3971 5.367884e+02
4002 5.367857e+02
4016 5.367813e+02
4031 5.367741e+02
4045 5.367729e+02
4076 5.367726e+02
4078 5.367671e+02
4081 5.367667e+02
4095 5.367629e+02
4128 5.367623e+02
4135 5.367618e+02
4150 5.367611e+02
4160 5.367609e+02
4167 5.367608e+02
4175 5.367603e+02
4201 5.367593e+02
4203 5.367590e+02
4205 5.367588e+02
4228 5.367572e+02
4290 5.367561e+02
4409 5.367560e+02
4432 5.367557e+02
4510 5.367557e+02
4521 5.367556e+02
4554 5.367556e+02
4563 5.367555e+02
4607 5.367554e+02
4675 5.367554e+02
4697 5.367554e+02
4700 5.367554e+02
4719 5.367554e+02
4726 5.367554e+02
4771 5.367554e+02
4852 5.367554e+02
4860 5.367554e+02
4868 5.367554e+02
4877 5.367554e+02
4901 5.367554e+02
4973 5.367554e+02
5001 5.367554e+02
5016 5.367554e+02
5044 5.367554e+02
5109 5.367554e+02
5124 5.367554e+02
5140 5.367554e+02
5150 5.367554e+02
5160 5.367554e+02
5297 5.367554e+02
5402 5.367554e+02
5432 5.367554e+02
5449 5.367554e+02
5481 5.367554e+02
5494 5.367554e+02
5565 5.367554e+02
5595 5.367554e+02
5632 5.367554e+02
5664 5.367554e+02
5745 5.367554e+02
5752 5.367554e+02
5778 5.367554e+02
5835 5.367554e+02
5866 5.367554e+02
5867 5.367554e+02
5917 5.367554e+02
5966 5.367554e+02
5995 5.367554e+02
6010 5.367554e+02
6026 5.367554e+02
6110 5.367554e+02
6132 5.367554e+02
6138 5.367554e+02
6175 5.367554e+02
6214 5.367554e+02
6282 5.367554e+02
6288 5.367554e+02
6335 5.367554e+02
6389 5.367554e+02
6438 5.367554e+02
6488 5.367554e+02
6492 5.367554e+02
6495 5.367554e+02
6516 5.367554e+02
6519 5.367554e+02
6539 5.367554e+02
14590 4.261617e+02
14781 4.169824e+02
14847 3.555620e+02
14974 3.196534e+02
49260 3.178840e+02
49498 3.005902e+02
50013 2.977744e+02
50060 2.925005e+02
50127 2.921248e+02
50129 2.908882e+02
50457 2.889431e+02
50523 2.866050e+02
50751 2.853759e+02
50836 2.847886e+02
50915 2.838060e+02
51092 2.830111e+02
51220 2.826957e+02
51308 2.824531e+02
51386 2.822869e+02
51387 2.822575e+02
51408 2.821387e+02
51612 2.820032e+02
51662 2.819475e+02
51788 2.818371e+02
51865 2.816959e+02
52132 2.816368e+02
52233 2.816290e+02
52374 2.816064e+02
52501 2.815939e+02
52523 2.815934e+02
52561 2.815833e+02
52625 2.815770e+02
52852 2.815765e+02
52872 2.815763e+02
52873 2.815703e+02
52956 2.815682e+02
52967 2.815677e+02
53093 2.815658e+02
53102 2.815655e+02
53124 2.815652e+02
53165 2.815650e+02
53335 2.815647e+02
53409 2.815637e+02
53425 2.815636e+02
53612 2.815635e+02
53643 2.815634e+02
53693 2.815633e+02
53747 2.815632e+02
53750 2.815632e+02
53824 2.815632e+02
53827 2.815630e+02
53843 2.815630e+02
53844 2.815628e+02
53851 2.815628e+02
53880 2.815627e+02
54016 2.815626e+02
54113 2.815626e+02
54200 2.815626e+02
54254 2.815625e+02
54272 2.815625e+02
54349 2.815625e+02
54394 2.815625e+02
54597 2.815625e+02
54640 2.815625e+02
54725 2.815625e+02
54832 2.815625e+02
54969 2.815625e+02
55015 2.815625e+02
55375 2.815625e+02
55410 2.815625e+02
55445 2.815625e+02
55487 2.815625e+02
55700 2.815625e+02
55832 2.815625e+02
55917 2.815625e+02
56065 2.815625e+02
56236 2.815625e+02
56263 2.815625e+02
56433 2.815625e+02
56442 2.815625e+02
56451 2.815625e+02
56515 2.815625e+02
56608 2.815625e+02
56630 2.815625e+02
56651 2.815625e+02
56775 2.815625e+02
56790 2.815625e+02
56863 2.815625e+02
57017 2.815625e+02
57116 2.815625e+02
57117 2.815625e+02
57174 2.815625e+02
57244 2.815625e+02
57259 2.815625e+02
57271 2.815625e+02
57320 2.815625e+02
57328 2.815625e+02
57337 2.815625e+02
57672 2.815625e+02
57941 2.815625e+02
58049 2.815625e+02
58178 2.815625e+02
58217 2.815625e+02
58251 2.815625e+02
58290 2.815625e+02
58311 2.815625e+02
58319 2.815625e+02
58392 2.815625e+02
79309 2.551448e+02
79480 1.675385e+02
81323 1.518795e+02
81574 1.400991e+02
82336 1.386588e+02
82724 1.380752e+02
82778 1.305426e+02
83107 1.210416e+02
83491 1.197810e+02
84144 1.192908e+02
84870 1.179328e+02
85073 1.177149e+02
85082 1.167200e+02
85191 1.162554e+02
85244 1.152955e+02
85249 1.145428e+02
85621 1.141918e+02
85750 1.134735e+02
85861 1.133023e+02
86106 1.132398e+02
86230 1.131975e+02
86385 1.125585e+02
86581 1.125063e+02
86651 1.118788e+02
86964 1.117077e+02
87044 1.117041e+02
87515 1.116670e+02
87636 1.115992e+02
87650 1.115270e+02
87659 1.114885e+02
87945 1.114316e+02
88150 1.114280e+02
88220 1.113779e+02
88426 1.113527e+02
88670 1.113510e+02
89160 1.113494e+02
89173 1.113482e+02
89258 1.113479e+02
89283 1.113474e+02
89361 1.113437e+02
89628 1.113433e+02
89751 1.113431e+02
90032 1.113429e+02
90041 1.113427e+02
90055 1.113426e+02
90057 1.113425e+02
90066 1.113424e+02
90206 1.113422e+02
90224 1.113422e+02
90343 1.113421e+02
90553 1.113419e+02
90599 1.113418e+02
90666 1.113418e+02
90795 1.113417e+02
90800 1.113416e+02
90819 1.113416e+02
91228 1.113416e+02
91243 1.113415e+02
91327 1.113415e+02
91649 1.113415e+02
91816 1.113414e+02
91848 1.113414e+02
91971 1.113414e+02
92025 1.113414e+02
92246 1.113414e+02
92322 1.113414e+02
92479 1.113414e+02
92630 1.113414e+02
92889 1.113414e+02
92959 1.113414e+02
93028 1.113414e+02
93248 1.113414e+02
93256 1.113414e+02
93306 1.113414e+02
93627 1.113414e+02
93674 1.113414e+02
93894 1.113414e+02
93935 1.113414e+02
94115 1.113414e+02
94229 1.113414e+02
94740 1.113414e+02
95021 1.113414e+02
95216 1.113414e+02
95245 1.113414e+02
95487 1.113414e+02
95643 1.113414e+02
95703 1.113414e+02
95742 1.113414e+02
95776 1.113414e+02
95928 1.113414e+02
95937 1.113414e+02
95976 1.113414e+02
96019 1.113414e+02
96451 1.113414e+02
96459 1.113414e+02
96651 1.113414e+02
96653 1.113414e+02
96732 1.113414e+02
96953 1.113414e+02
97207 1.113414e+02
97237 1.113414e+02
97275 1.113414e+02
97333 1.113414e+02
97358 1.113414e+02
97413 1.113414e+02
97420 1.113414e+02
97534 1.113414e+02
97629 1.113414e+02
97648 1.113414e+02
97723 1.113414e+02
97867 1.113414e+02
98033 1.113414e+02
98057 1.113414e+02
98230 1.113414e+02
98292 1.113414e+02
98630 1.113414e+02
98723 1.113414e+02
98727 1.113414e+02
98818 1.113414e+02
98856 1.113414e+02
98858 1.113414e+02
