1 4.084035e+03
2 3.686935e+03
5 3.145861e+03
164 3.040498e+03
175 2.977715e+03
209 2.570305e+03
1367 2.486370e+03
1571 2.375315e+03
1934 2.229403e+03
1973 2.082124e+03
3231 2.015956e+03
3840 1.912462e+03
3915 1.750743e+03
3980 1.668988e+03
4082 1.665103e+03
4167 1.589870e+03
4168 1.524164e+03
4178 1.325277e+03
4203 1.256163e+03
4303 1.209832e+03
4338 1.191943e+03
4382 1.132049e+03
4407 1.084363e+03
4408 1.080260e+03
4419 1.050589e+03
4460 1.047505e+03
4495 1.005899e+03
4532 9.749356e+02
4560 9.716219e+02
4667 9.597899e+02
4815 9.538013e+02
4851 9.433038e+02
4944 9.414872e+02
5023 9.410211e+02
5035 9.400308e+02
5058 9.395088e+02
5080 9.394892e+02
5090 9.394470e+02
5093 9.393402e+02
5100 9.388890e+02
5125 9.388836e+02
5133 9.387840e+02
5138 9.382736e+02
5192 9.381527e+02
5222 9.381067e+02
5266 9.380309e+02
5269 9.379399e+02
5294 9.378919e+02
5340 9.377670e+02
5479 9.377121e+02
5535 9.377083e+02
5548 9.376973e+02
5569 9.376888e+02
5581 9.376723e+02
5587 9.376634e+02
5634 9.376619e+02
5637 9.376593e+02
5684 9.376591e+02
5700 9.376554e+02
5710 9.376482e+02
5721 9.376473e+02
5731 9.376471e+02
5735 9.376430e+02
5742 9.376412e+02
5773 9.376398e+02
5972 9.376390e+02
5976 9.376362e+02
6012 9.376353e+02
6071 9.376348e+02
6123 9.376348e+02
6152 9.376346e+02
6208 9.376342e+02
6242 9.376341e+02
6280 9.376341e+02
6329 9.376340e+02
6341 9.376340e+02
6376 9.376340e+02
6401 9.376339e+02
6452 9.376338e+02
6463 9.376338e+02
6487 9.376338e+02
6489 9.376338e+02
6513 9.376338e+02
6520 9.376338e+02
6532 9.376338e+02
6541 9.376338e+02
6561 9.376338e+02
6587 9.376338e+02
6588 9.376338e+02
6609 9.376337e+02
6670 9.376337e+02
6676 9.376337e+02
6678 9.376337e+02
6780 9.376337e+02
6814 9.376337e+02
6840 9.376337e+02
6847 9.376337e+02
6930 9.376337e+02
6936 9.376337e+02
6958 9.376337e+02
7073 9.376337e+02
7081 9.376337e+02
7087 9.376337e+02
7124 9.376337e+02
7149 9.376337e+02
7194 9.376337e+02
7215 9.376337e+02
7217 9.376337e+02
7268 9.376337e+02
7269 9.376337e+02
7331 9.376337e+02
7352 9.376337e+02
7412 9.376337e+02
7452 9.376337e+02
7475 9.376337e+02
7477 9.376337e+02
7478 9.376337e+02
7552 9.376337e+02
7606 9.376337e+02
7608 9.376337e+02
7612 9.376337e+02
7683 9.376337e+02
7698 9.376337e+02
7738 9.376337e+02
7763 9.376337e+02
7769 9.376337e+02
7781 9.376337e+02
7809 9.376337e+02
7822 9.376337e+02
7823 9.376337e+02
7901 9.376337e+02
7946 9.376337e+02
7951 9.376337e+02
7969 9.376337e+02
8052 9.376337e+02
8066 9.376337e+02
8068 9.376337e+02
8089 9.376337e+02
8101 9.376337e+02
8146 9.376337e+02
8205 9.376337e+02
8265 9.376337e+02
8287 9.376337e+02
8297 9.376337e+02
20521 9.164362e+02
20522 9.164362e+02
20525 9.164362e+02
20528 9.164362e+02
20531 9.164362e+02
20534 9.164362e+02
20552 9.164362e+02
20555 9.164362e+02
20558 9.164362e+02
20561 9.164362e+02
20564 9.164362e+02
20567 9.164362e+02
20570 9.164362e+02
20573 9.164362e+02
20576 9.164362e+02
20579 9.164362e+02
20582 9.164362e+02
20585 9.164362e+02
20648 9.164362e+02
20651 9.164362e+02
20654 9.164362e+02
20657 9.164362e+02
20659 7.714815e+02
20716 7.611647e+02
20717 7.611647e+02
20720 7.611647e+02
20723 7.611647e+02
20726 7.611647e+02
20729 7.611647e+02
20732 7.611647e+02
20735 7.611647e+02
20738 7.611647e+02
20741 7.611647e+02
20744 7.611647e+02
20747 7.611647e+02
20750 7.611647e+02
20753 7.611647e+02
20756 7.611647e+02
20759 7.611647e+02
20762 7.611647e+02
20765 7.611647e+02
20768 7.611647e+02
20771 7.611647e+02
20774 7.611647e+02
20777 7.611647e+02
20778 7.259119e+02
20783 5.993973e+02
20807 5.877687e+02
20808 5.877687e+02
20811 5.877687e+02
20814 5.877687e+02
20817 5.877687e+02
20820 5.877687e+02
20823 5.877687e+02
20826 5.877687e+02
20829 5.877687e+02
20832 5.877687e+02
20835 5.877687e+02
20838 5.877687e+02
20841 5.877687e+02
20844 5.877687e+02
20847 5.877687e+02
20850 5.877687e+02
20853 5.877687e+02
20856 5.877687e+02
20859 5.877687e+02
20862 5.877687e+02
20886 5.877687e+02
20889 5.877687e+02
20892 5.877687e+02
20895 5.877687e+02
20904 5.877687e+02
20946 5.877687e+02
21043 5.704398e+02
21052 5.672480e+02
21053 5.672480e+02
21056 5.672480e+02
21058 5.524387e+02
21059 5.524387e+02
21061 5.441463e+02
21062 5.441463e+02
21065 5.441463e+02
21068 5.441463e+02
21071 5.441463e+02
21074 5.441463e+02
21077 5.441463e+02
21080 5.441463e+02
21083 5.441463e+02
21086 5.441463e+02
21089 5.441463e+02
21092 5.441463e+02
21095 5.441463e+02
21098 5.441463e+02
21100 5.437704e+02
21101 5.437704e+02
21104 5.437704e+02
21105 5.422383e+02
21106 5.422383e+02
21109 5.422383e+02
21112 5.422383e+02
21113 5.381572e+02
21121 5.366580e+02
21133 5.355673e+02
21134 5.355673e+02
21137 5.355673e+02
21140 5.355673e+02
21142 5.335914e+02
21143 5.335914e+02
21146 5.335914e+02
21149 5.335914e+02
21151 5.257861e+02
21152 5.257861e+02
21155 5.257861e+02
21158 5.257861e+02
21161 5.257861e+02
21430 5.254998e+02
21431 5.254998e+02
21434 5.254998e+02
21436 5.252924e+02
21438 5.237926e+02
21446 5.212860e+02
21456 5.212860e+02
21459 5.212860e+02
21462 5.212860e+02
21465 5.212860e+02
21468 5.212860e+02
21471 5.212860e+02
21474 5.212860e+02
21477 5.212860e+02
21480 5.212860e+02
21483 5.212860e+02
21486 5.212860e+02
21489 5.212860e+02
21492 5.212860e+02
21495 5.212860e+02
21498 5.212860e+02
21501 5.212860e+02
21504 5.212860e+02
21507 5.212860e+02
21510 5.212860e+02
21513 5.212860e+02
21516 5.212860e+02
21519 5.212860e+02
21522 5.212860e+02
21525 5.212860e+02
21528 5.212860e+02
21531 5.212860e+02
21534 5.212860e+02
21737 5.212630e+02
21746 5.208365e+02
21747 5.208365e+02
21750 5.208365e+02
21753 5.208365e+02
21756 5.208365e+02
21759 5.208365e+02
21762 5.208365e+02
21765 5.208365e+02
21768 5.208365e+02
21771 5.208365e+02
21774 5.208365e+02
21777 5.208365e+02
21780 5.208365e+02
21834 5.208365e+02
21837 5.208365e+02
21840 5.208365e+02
21843 5.208365e+02
22321 5.207419e+02
22322 5.207419e+02
22323 5.206507e+02
22337 5.206365e+02
22339 5.204930e+02
22340 5.204930e+02
22343 5.204930e+02
22346 5.204930e+02
22349 5.204930e+02
22352 5.204930e+02
22355 5.204930e+02
22358 5.204930e+02
22361 5.204930e+02
22364 5.204930e+02
22367 5.204930e+02
22370 5.204930e+02
22373 5.204930e+02
22376 5.204930e+02
22379 5.204930e+02
22382 5.204930e+02
22385 5.204930e+02
22388 5.204930e+02
22391 5.204930e+02
22394 5.204930e+02
22397 5.204930e+02
22400 5.204930e+02
22403 5.204930e+02
22406 5.204930e+02
22409 5.204930e+02
22412 5.204930e+02
22415 5.204930e+02
22418 5.204930e+02
22421 5.204930e+02
22424 5.204930e+02
22427 5.204930e+02
22460 5.204930e+02
22463 5.204930e+02
22466 5.204930e+02
22469 5.204930e+02
22472 5.204930e+02
22475 5.204930e+02
22478 5.204930e+02
22481 5.204930e+02
22484 5.204930e+02
22487 5.204930e+02
22490 5.204930e+02
22493 5.204930e+02
22496 5.204930e+02
22499 5.204930e+02
22502 5.204930e+02
22505 5.204930e+02
22508 5.204930e+02
22511 5.204930e+02
22514 5.204930e+02
22517 5.204930e+02
22520 5.204930e+02
22523 5.204930e+02
22526 5.204930e+02
22529 5.204930e+02
22532 5.204930e+02
22535 5.204930e+02
22538 5.204930e+02
22541 5.204930e+02
22544 5.204930e+02
22547 5.204930e+02
22550 5.204930e+02
22553 5.204930e+02
22556 5.204930e+02
22559 5.204930e+02
22562 5.204930e+02
22565 5.204930e+02
22568 5.204930e+02
22571 5.204930e+02
22574 5.204930e+02
22577 5.204930e+02
22580 5.204930e+02
22583 5.204930e+02
22586 5.204930e+02
22589 5.204930e+02
22592 5.204930e+02
22595 5.204930e+02
22598 5.204930e+02
22601 5.204930e+02
22604 5.204930e+02
22607 5.204930e+02
22610 5.204930e+02
22613 5.204930e+02
22616 5.204930e+02
22619 5.204930e+02
22622 5.204930e+02
22625 5.204930e+02
22628 5.204930e+02
22631 5.204930e+02
22634 5.204930e+02
22637 5.204930e+02
22640 5.204930e+02
22643 5.204930e+02
30002 5.204930e+02
30005 5.204930e+02
30008 5.204930e+02
30011 5.204930e+02
30014 5.204930e+02
30017 5.204930e+02
30020 5.204930e+02
30023 5.204930e+02
30026 5.204930e+02
30029 5.204930e+02
30032 5.204930e+02
30035 5.204930e+02
30038 5.204930e+02
30041 5.204930e+02
30044 5.204930e+02
30047 5.204930e+02
30050 5.204930e+02
30053 5.204930e+02
30056 5.204930e+02
30059 5.204930e+02
30062 5.204930e+02
30065 5.204930e+02
30068 5.204930e+02
30071 5.204930e+02
30074 5.204930e+02
30077 5.204930e+02
30080 5.204930e+02
30083 5.204930e+02
30116 5.204930e+02
30119 5.204930e+02
30122 5.204930e+02
30125 5.204930e+02
30128 5.204930e+02
30131 5.204930e+02
30134 5.204930e+02
30137 5.204930e+02
30140 5.204930e+02
30143 5.204930e+02
30146 5.204930e+02
30149 5.204930e+02
30152 5.204930e+02
30155 5.204930e+02
30158 5.204930e+02
30161 5.204930e+02
30164 5.204930e+02
30167 5.204930e+02
30170 5.204930e+02
30173 5.204930e+02
30176 5.204930e+02
30179 5.204930e+02
30182 5.204930e+02
30185 5.204930e+02
30188 5.204930e+02
30191 5.204930e+02
30194 5.204930e+02
30197 5.204930e+02
30200 5.204930e+02
30203 5.204930e+02
30206 5.204930e+02
30209 5.204930e+02
30212 5.204930e+02
30215 5.204930e+02
30218 5.204930e+02
30221 5.204930e+02
30224 5.204930e+02
30227 5.204930e+02
30230 5.204930e+02
30233 5.204930e+02
30236 5.204930e+02
30239 5.204930e+02
30242 5.204930e+02
30245 5.204930e+02
30248 5.204930e+02
30251 5.204930e+02
30254 5.204930e+02
30257 5.204930e+02
30260 5.204930e+02
30263 5.204930e+02
30266 5.204930e+02
30269 5.204930e+02
30272 5.204930e+02
30275 5.204930e+02
30278 5.204930e+02
30281 5.204930e+02
30284 5.204930e+02
30287 5.204930e+02
30290 5.204930e+02
30293 5.204930e+02
30296 5.204930e+02
30299 5.204930e+02
