1 5.645430e+04
7 4.444767e+04
15 4.253794e+04
26 3.693322e+04
152 3.525451e+04
153 3.487838e+04
180 3.252587e+04
195 3.208885e+04
212 2.045448e+04
279 1.460026e+04
335 1.121940e+04
354 8.890662e+03
436 8.212009e+03
437 8.010216e+03
476 5.209853e+03
501 4.810867e+03
514 4.042092e+03
530 3.699141e+03
553 2.929187e+03
570 2.349755e+03
590 1.840405e+03
736 1.584803e+03
748 1.541924e+03
816 7.658966e+02
934 6.149313e+02
1037 5.817361e+02
1040 5.247614e+02
1045 3.638900e+02
1146 3.354155e+02
1202 2.861846e+02
1356 2.748501e+02
1366 2.624425e+02
1373 2.212366e+02
1440 2.209961e+02
1446 1.988184e+02
1595 1.896440e+02
1618 1.728115e+02
1649 1.670743e+02
1692 1.638185e+02
1737 1.507486e+02
1868 1.489629e+02
1870 1.486259e+02
1871 1.410646e+02
1894 1.388628e+02
1921 1.359598e+02
2012 1.355350e+02
2023 1.349984e+02
2030 1.328699e+02
2045 1.326922e+02
2048 1.321972e+02
2124 1.305535e+02
2181 1.278792e+02
2199 1.213270e+02
2300 1.182197e+02
2374 1.175945e+02
2488 1.166761e+02
2522 1.142584e+02
2541 1.123265e+02
2666 1.122996e+02
2722 1.106747e+02
2748 1.096358e+02
2764 1.089241e+02
2813 1.057346e+02
2968 1.044796e+02
3070 1.017515e+02
3224 9.995318e+01
3226 9.783233e+01
3264 9.700461e+01
3336 9.214261e+01
3524 9.189840e+01
3702 9.158711e+01
3741 9.141257e+01
3777 8.936568e+01
3899 8.919404e+01
3901 8.815252e+01
3947 8.758497e+01
4098 8.712380e+01
4162 8.675052e+01
4197 8.630260e+01
4236 8.617960e+01
4240 8.536925e+01
4262 8.411182e+01
4344 8.394372e+01
4368 8.383402e+01
4385 8.342425e+01
4398 8.302205e+01
4407 8.254570e+01
4450 8.000703e+01
4501 7.972587e+01
4538 7.941888e+01
4570 7.841703e+01
4604 7.144534e+01
5005 7.052685e+01
5108 6.996552e+01
5148 6.861802e+01
5197 6.679235e+01
5430 6.668545e+01
5502 6.528084e+01
5570 6.413933e+01
5571 6.359877e+01
5693 6.201601e+01
5755 6.009919e+01
5882 5.988334e+01
5905 5.899601e+01
6044 5.884357e+01
6047 5.807312e+01
6064 5.801697e+01
6106 5.787955e+01
6118 5.754269e+01
6144 5.752157e+01
6196 5.708297e+01
6205 5.699983e+01
6261 5.675577e+01
6298 5.658283e+01
6300 5.619428e+01
6301 5.588644e+01
6316 5.568871e+01
6325 5.537391e+01
6328 5.518878e+01
6348 5.505045e+01
6405 5.428703e+01
6418 5.374558e+01
6446 5.352549e+01
6462 5.286899e+01
6510 5.278159e+01
6512 5.236316e+01
6552 5.123214e+01
6618 5.100019e+01
6663 5.088314e+01
6763 5.083197e+01
6769 5.064097e+01
6773 5.046353e+01
6827 5.026607e+01
6854 4.971844e+01
6880 4.967969e+01
6940 4.879794e+01
6985 4.862024e+01
7130 4.860354e+01
7134 4.853207e+01
7176 4.850291e+01
7197 4.824005e+01
7218 4.815586e+01
7237 4.814532e+01
7243 4.787555e+01
7251 4.783020e+01
7269 4.778499e+01
7285 4.763619e+01
7287 4.728882e+01
7311 4.671592e+01
7641 4.667544e+01
7646 4.599101e+01
7825 4.582777e+01
7894 4.574123e+01
7924 4.558092e+01
7930 4.541445e+01
8135 4.523713e+01
8180 4.513104e+01
8257 4.506091e+01
8275 4.498187e+01
8290 4.497232e+01
8307 4.486908e+01
8358 4.482577e+01
8388 4.472431e+01
8401 4.456928e+01
8579 4.441333e+01
8828 4.433901e+01
8858 4.431941e+01
8868 4.430444e+01
8903 4.414070e+01
8988 4.407610e+01
9156 4.407115e+01
9170 4.404028e+01
9202 4.397720e+01
9205 4.396510e+01
9269 4.393483e+01
9412 4.385470e+01
9439 4.380672e+01
9445 4.378164e+01
9452 4.376252e+01
9458 4.374956e+01
9472 4.374912e+01
9496 4.372569e+01
9504 4.369317e+01
9516 4.368884e+01
9535 4.366413e+01
9577 4.360237e+01
9586 4.358981e+01
9597 4.353297e+01
9626 4.351016e+01
9628 4.333745e+01
9777 4.333511e+01
9780 4.311625e+01
9789 4.284997e+01
9860 4.271958e+01
9862 4.259708e+01
9903 4.231572e+01
9904 4.219405e+01
9937 4.203978e+01
9950 4.195324e+01
9995 4.189234e+01
10016 4.144014e+01
10022 4.100106e+01
10032 4.089156e+01
10042 4.067111e+01
10045 4.034769e+01
10086 3.970131e+01
10091 3.913832e+01
10175 3.860523e+01
10219 3.841665e+01
10302 3.695705e+01
10376 3.693312e+01
10401 3.591590e+01
10515 3.572783e+01
10521 3.390567e+01
10528 3.304168e+01
10740 3.262380e+01
10767 3.187742e+01
10861 3.049801e+01
10882 2.951162e+01
11014 2.949038e+01
11106 2.948302e+01
11126 2.926461e+01
11259 2.816777e+01
11312 2.742830e+01
11364 2.712769e+01
11380 2.627077e+01
11451 2.608524e+01
11542 2.526502e+01
11560 2.459282e+01
11721 2.415789e+01
11815 2.338703e+01
11891 2.335731e+01
11963 2.290417e+01
11979 2.271746e+01
11991 2.223091e+01
12024 2.179829e+01
12114 2.173752e+01
12162 2.148617e+01
12178 2.140678e+01
12241 2.114658e+01
12255 2.112977e+01
12302 2.102380e+01
12367 2.083236e+01
12396 2.064398e+01
12447 2.055810e+01
12464 2.053082e+01
12508 2.047217e+01
12533 1.996714e+01
12627 1.973739e+01
12696 1.969612e+01
12720 1.959998e+01
12731 1.950819e+01
12822 1.948337e+01
12825 1.943410e+01
12836 1.923046e+01
12877 1.900234e+01
12927 1.884180e+01
13180 1.871525e+01
13226 1.854606e+01
13262 1.834161e+01
13277 1.832987e+01
13299 1.789186e+01
13511 1.756425e+01
13683 1.753746e+01
13688 1.746346e+01
13740 1.745491e+01
13778 1.739711e+01
13797 1.739274e+01
13867 1.727483e+01
13885 1.720596e+01
13930 1.712349e+01
13935 1.711976e+01
13954 1.704304e+01
14170 1.700287e+01
14185 1.696150e+01
14215 1.682224e+01
14255 1.675779e+01
14300 1.673807e+01
14301 1.670079e+01
14304 1.668694e+01
14385 1.666639e+01
14590 1.659721e+01
14605 1.658724e+01
14654 1.653212e+01
14700 1.651293e+01
14797 1.649607e+01
14829 1.647324e+01
14900 1.645839e+01
14941 1.641889e+01
15059 1.641612e+01
15078 1.639215e+01
15126 1.637426e+01
15163 1.635573e+01
15298 1.635413e+01
15318 1.633117e+01
15442 1.633107e+01
15549 1.632815e+01
15676 1.632230e+01
15683 1.629811e+01
15861 1.629549e+01
15862 1.629427e+01
15901 1.629414e+01
15903 1.629295e+01
15929 1.629081e+01
15951 1.628975e+01
15988 1.628870e+01
16096 1.627958e+01
16097 1.627773e+01
16179 1.627543e+01
16204 1.627310e+01
16238 1.626917e+01
16272 1.626642e+01
16353 1.626164e+01
16434 1.625804e+01
16520 1.624444e+01
16588 1.624360e+01
16760 1.623443e+01
16773 1.622994e+01
16886 1.622741e+01
16892 1.622616e+01
16959 1.620857e+01
17155 1.620203e+01
17171 1.620091e+01
17196 1.617797e+01
17280 1.617307e+01
17352 1.616991e+01
17367 1.616603e+01
17406 1.615222e+01
17497 1.611879e+01
17663 1.609503e+01
17665 1.609261e+01
17681 1.606980e+01
17880 1.606266e+01
17899 1.603804e+01
17956 1.600095e+01
17959 1.599222e+01
17963 1.594422e+01
18049 1.594306e+01
18071 1.588859e+01
18088 1.585057e+01
18180 1.569223e+01
18441 1.566565e+01
18526 1.565182e+01
18559 1.560918e+01
18667 1.557440e+01
18719 1.550448e+01
18773 1.538564e+01
18896 1.523854e+01
19284 1.520532e+01
19334 1.519323e+01
19340 1.511554e+01
19387 1.510562e+01
19416 1.508421e+01
19441 1.503436e+01
19499 1.503243e+01
19508 1.497666e+01
19753 1.497663e+01
19756 1.496244e+01
19764 1.486626e+01
19993 1.485227e+01
20051 1.480613e+01
20059 1.478922e+01
20088 1.474723e+01
20094 1.472474e+01
20127 1.467176e+01
20158 1.464570e+01
20180 1.461863e+01
20194 1.461637e+01
20243 1.453210e+01
20323 1.451713e+01
20372 1.449978e+01
20435 1.444855e+01
20589 1.443442e+01
20626 1.442798e+01
20636 1.436472e+01
20674 1.434418e+01
20688 1.432364e+01
20787 1.431161e+01
20825 1.423913e+01
20870 1.422909e+01
20976 1.420896e+01
21173 1.419741e+01
21199 1.413185e+01
21384 1.407985e+01
21549 1.403429e+01
21676 1.402875e+01
21743 1.402277e+01
21789 1.400391e+01
21802 1.397821e+01
21811 1.394363e+01
21915 1.391108e+01
22043 1.388680e+01
22051 1.386617e+01
22139 1.384552e+01
22213 1.383723e+01
22222 1.381599e+01
22327 1.376073e+01
22346 1.374977e+01
22390 1.364554e+01
22558 1.363765e+01
22629 1.362477e+01
22650 1.361295e+01
22653 1.357990e+01
22667 1.357864e+01
22676 1.349599e+01
22715 1.348444e+01
22721 1.347837e+01
22880 1.347427e+01
22938 1.339377e+01
23075 1.325506e+01
23135 1.324368e+01
23145 1.320266e+01
23252 1.315958e+01
23322 1.308415e+01
23398 1.304751e+01
23423 1.299980e+01
23531 1.296556e+01
23585 1.292065e+01
23646 1.290865e+01
23663 1.280801e+01
23668 1.277230e+01
23684 1.260074e+01
24012 1.248055e+01
24154 1.247020e+01
24196 1.242651e+01
24298 1.239006e+01
24315 1.235577e+01
24419 1.234894e+01
24433 1.227315e+01
24446 1.225869e+01
24542 1.214715e+01
24567 1.209484e+01
24642 1.205212e+01
24685 1.197191e+01
24778 1.189683e+01
24851 1.184545e+01
25050 1.181507e+01
25109 1.177516e+01
25184 1.177177e+01
25237 1.172811e+01
25302 1.161417e+01
25496 1.160181e+01
25566 1.160176e+01
25647 1.158435e+01
25673 1.156203e+01
25712 1.156121e+01
25721 1.153632e+01
25774 1.148201e+01
25784 1.146463e+01
25869 1.144452e+01
25892 1.138708e+01
25968 1.135512e+01
26096 1.131403e+01
26109 1.124917e+01
26201 1.124421e+01
26225 1.123266e+01
26238 1.123169e+01
26281 1.116176e+01
26433 1.111210e+01
26524 1.108980e+01
26561 1.104938e+01
26648 1.084876e+01
26693 1.083259e+01
26697 1.079696e+01
26827 1.061274e+01
26960 1.057180e+01
27075 1.053823e+01
27213 1.046113e+01
27221 1.033523e+01
27466 1.029224e+01
27478 1.021390e+01
27676 1.010424e+01
27712 1.007567e+01
27811 1.004592e+01
27934 1.001095e+01
27981 9.986100e+00
28012 9.956766e+00
28079 9.944818e+00
28149 9.937501e+00
28159 9.912411e+00
28217 9.786027e+00
28475 9.781389e+00
28488 9.763381e+00
28706 9.758152e+00
28714 9.704466e+00
28738 9.689893e+00
28770 9.689118e+00
28776 9.679984e+00
28793 9.675421e+00
28805 9.669428e+00
28863 9.668915e+00
28876 9.651045e+00
28885 9.638411e+00
28940 9.586916e+00
28960 9.584770e+00
29047 9.548002e+00
29139 9.503566e+00
29194 9.497636e+00
29196 9.469657e+00
29205 9.460103e+00
29247 9.448911e+00
29324 9.426936e+00
29445 9.398415e+00
29510 9.382621e+00
29571 9.303934e+00
29793 9.253889e+00
29904 9.194998e+00
29988 9.165708e+00
30000 9.114814e+00
30078 9.054716e+00
30191 9.041120e+00
30324 8.973303e+00
30384 8.938381e+00
30538 8.920300e+00
30620 8.909146e+00
30640 8.863542e+00
30693 8.858190e+00
30748 8.827600e+00
30858 8.811891e+00
30861 8.773059e+00
30872 8.697370e+00
30912 8.652238e+00
30984 8.636734e+00
31051 8.567882e+00
31089 8.555478e+00
31179 8.539103e+00
31234 8.531116e+00
31302 8.502348e+00
31324 8.440551e+00
31507 8.435879e+00
31518 8.299790e+00
31630 8.258532e+00
31790 8.217260e+00
31841 8.213822e+00
31847 8.181047e+00
31892 8.167539e+00
32016 8.153059e+00
32147 8.093778e+00
32152 8.073232e+00
32156 7.988962e+00
32181 7.979423e+00
32208 7.886025e+00
32284 7.875883e+00
32322 7.817421e+00
32375 7.816225e+00
32380 7.662362e+00
32508 7.605757e+00
32636 7.543822e+00
32680 7.505184e+00
32829 7.424190e+00
32908 7.402841e+00
32998 7.333498e+00
33023 7.315515e+00
33024 7.264493e+00
33146 7.225912e+00
33212 7.204669e+00
33253 7.186730e+00
33303 7.170714e+00
33371 7.112996e+00
33377 7.105673e+00
33381 7.092160e+00
33529 7.054627e+00
33552 6.976701e+00
33679 6.941614e+00
33703 6.911096e+00
33762 6.882145e+00
33854 6.847058e+00
33911 6.790482e+00
34040 6.757854e+00
34081 6.753414e+00
34083 6.751903e+00
34097 6.689720e+00
34167 6.674742e+00
34177 6.633949e+00
34208 6.607042e+00
34258 6.532337e+00
34377 6.490977e+00
34472 6.447105e+00
34494 6.426489e+00
34574 6.390698e+00
34602 6.375818e+00
34616 6.298223e+00
34794 6.284601e+00
34805 6.281995e+00
34835 6.195636e+00
35071 6.185949e+00
35083 6.084368e+00
35156 6.073850e+00
35232 6.013612e+00
35313 5.982646e+00
35335 5.979584e+00
35361 5.955247e+00
35387 5.947011e+00
35409 5.932286e+00
35417 5.867634e+00
35618 5.865449e+00
35632 5.826728e+00
35706 5.817450e+00
35732 5.769805e+00
35739 5.745404e+00
35756 5.730201e+00
35914 5.703069e+00
35979 5.690896e+00
36000 5.639111e+00
36002 5.599788e+00
36085 5.597815e+00
36184 5.571150e+00
36244 5.517237e+00
36335 5.447615e+00
36447 5.419421e+00
36469 5.368283e+00
36681 5.358653e+00
36691 5.355280e+00
36780 5.346384e+00
36813 5.322554e+00
36818 5.319290e+00
36819 5.186330e+00
37005 5.128507e+00
37151 5.106046e+00
37183 5.060257e+00
37226 5.024248e+00
37264 5.002982e+00
37339 4.910474e+00
37575 4.866576e+00
37583 4.861539e+00
37589 4.860666e+00
37606 4.832499e+00
37652 4.769013e+00
37657 4.732923e+00
37730 4.704530e+00
37784 4.666523e+00
37815 4.539577e+00
37900 4.414892e+00
38245 4.367150e+00
38312 4.317541e+00
38341 4.303866e+00
38444 4.291906e+00
38447 4.283714e+00
38634 4.211937e+00
38686 4.126951e+00
38703 4.121484e+00
38749 4.110458e+00
38753 4.093505e+00
38819 4.081045e+00
38890 4.025025e+00
38989 4.022128e+00
39008 3.978698e+00
39081 3.972362e+00
39113 3.906375e+00
39228 3.888772e+00
39315 3.861453e+00
39378 3.828812e+00
39434 3.785337e+00
39524 3.777735e+00
39535 3.727649e+00
39575 3.694642e+00
39658 3.617009e+00
39741 3.610760e+00
39858 3.598194e+00
39931 3.537311e+00
39939 3.536340e+00
40024 3.461151e+00
40036 3.423517e+00
40071 3.414944e+00
40168 3.410639e+00
40178 3.394356e+00
40230 3.371098e+00
40303 3.329124e+00
40321 3.328311e+00
40330 3.298680e+00
40343 3.290766e+00
40417 3.276397e+00
40419 3.216070e+00
40718 3.160242e+00
40732 3.149550e+00
40762 3.120786e+00
40794 3.118117e+00
40807 3.051644e+00
40860 3.021398e+00
41030 3.012706e+00
41042 3.002416e+00
41145 2.961973e+00
41147 2.894456e+00
41219 2.890027e+00
41258 2.873538e+00
41290 2.828854e+00
41522 2.802733e+00
41541 2.788245e+00
41567 2.693670e+00
41590 2.647971e+00
41758 2.634578e+00
41790 2.630199e+00
41799 2.611345e+00
41804 2.608365e+00
41859 2.591223e+00
41897 2.549121e+00
42075 2.490997e+00
42183 2.471070e+00
42198 2.430740e+00
42251 2.372914e+00
42345 2.295600e+00
42510 2.281105e+00
42605 2.278003e+00
42637 2.215752e+00
42732 2.167942e+00
42785 2.132431e+00
42945 2.105030e+00
42987 2.051519e+00
43057 2.026269e+00
43121 2.002013e+00
43197 1.988711e+00
43201 1.975742e+00
43205 1.921752e+00
43249 1.912928e+00
43347 1.889238e+00
43367 1.875853e+00
43425 1.868633e+00
43438 1.816328e+00
43469 1.815592e+00
43593 1.811146e+00
43595 1.799879e+00
43605 1.797792e+00
43630 1.747208e+00
43658 1.738141e+00
43710 1.729325e+00
43767 1.728851e+00
43803 1.692651e+00
43875 1.678942e+00
43910 1.671602e+00
43946 1.669368e+00
43965 1.649052e+00
43985 1.634800e+00
44044 1.576363e+00
44100 1.547710e+00
44113 1.529480e+00
44159 1.526482e+00
44244 1.452259e+00
44323 1.390648e+00
44388 1.354931e+00
44540 1.301725e+00
44571 1.263857e+00
44664 1.259289e+00
44729 1.246540e+00
44807 1.224204e+00
44853 1.219921e+00
44870 1.188386e+00
44899 1.127792e+00
44959 1.121176e+00
125288 1.107693e+00
125340 1.082940e+00
125376 1.081256e+00
125484 1.072172e+00
125513 1.062949e+00
125516 1.053155e+00
125552 1.039402e+00
125602 9.765318e-01
125817 9.750165e-01
125857 9.612085e-01
125964 9.586249e-01
125967 9.559029e-01
125970 9.491532e-01
126012 9.267844e-01
126034 9.151337e-01
126039 8.978115e-01
126088 8.762077e-01
126255 8.612796e-01
126270 8.580200e-01
126303 8.436207e-01
126305 8.404568e-01
126346 8.330645e-01
126348 8.272852e-01
126430 7.986060e-01
126533 7.918705e-01
126699 7.817050e-01
126765 7.592164e-01
126799 7.562579e-01
126827 7.551229e-01
126830 7.406386e-01
126909 7.204327e-01
126939 7.040891e-01
126971 6.876539e-01
127026 6.752121e-01
127049 6.729237e-01
127062 6.522931e-01
127093 6.358923e-01
127234 6.241708e-01
127313 5.810968e-01
127475 5.488223e-01
127682 5.271217e-01
127700 5.095481e-01
127754 4.862573e-01
127958 4.554303e-01
127976 4.470397e-01
128006 4.373194e-01
128078 4.320782e-01
128112 4.165881e-01
128144 3.973894e-01
128196 3.802164e-01
128219 3.795125e-01
128234 3.458182e-01
128282 3.388927e-01
128311 3.312549e-01
128330 3.173188e-01
128431 3.152728e-01
128541 3.122001e-01
128604 2.960450e-01
128656 2.804307e-01
128689 2.713381e-01
128706 2.657227e-01
128840 2.622720e-01
128844 2.560385e-01
128860 2.480317e-01
128874 2.471195e-01
128899 2.422607e-01
128942 2.331353e-01
128977 2.313012e-01
129032 2.229820e-01
129063 2.128386e-01
129100 1.951318e-01
129219 1.877794e-01
129228 1.868767e-01
129285 1.828217e-01
129433 1.798331e-01
129462 1.642416e-01
129509 1.609680e-01
129592 1.475842e-01
129628 1.362712e-01
129690 1.331342e-01
129710 1.320640e-01
129745 1.308141e-01
129765 1.295250e-01
129852 1.132191e-01
129901 1.108518e-01
129929 1.074756e-01
129983 1.063991e-01
130009 9.652045e-02
130098 8.561560e-02
130148 8.472857e-02
130248 8.146686e-02
130273 7.803102e-02
130313 7.700751e-02
130378 7.000342e-02
130477 6.812976e-02
130521 6.741448e-02
130634 6.702153e-02
130649 6.271397e-02
130688 6.010656e-02
130777 5.800065e-02
130808 5.658949e-02
130825 4.889502e-02
130959 4.860904e-02
131050 4.783146e-02
131082 4.358079e-02
131083 3.871408e-02
131117 3.285525e-02
131454 3.102950e-02
131489 2.867345e-02
131536 2.826755e-02
131541 2.555031e-02
131584 2.258835e-02
131726 2.150251e-02
131769 1.936567e-02
131816 1.912045e-02
131867 1.572637e-02
132179 1.537090e-02
132221 1.361091e-02
132260 1.324914e-02
132278 1.293578e-02
132281 1.227177e-02
132285 1.210399e-02
132325 1.061490e-02
132452 1.042706e-02
132480 7.860573e-03
132702 7.380857e-03
132716 6.483612e-03
132742 6.327787e-03
132776 5.297749e-03
132811 4.429718e-03
132916 3.065863e-03
133071 2.854210e-03
133102 2.817718e-03
133116 2.792531e-03
133132 2.774074e-03
133169 2.412746e-03
133173 1.644052e-03
133264 1.385001e-03
133305 1.332271e-03
133328 1.174619e-03
133660 1.156746e-03
133680 1.003725e-03
133722 9.494207e-04
133763 8.158226e-04
133771 7.836909e-04
133779 7.516067e-04
133883 7.474965e-04
133946 6.387246e-04
133947 6.370779e-04
133959 5.877973e-04
133982 5.806241e-04
133987 4.727674e-04
134010 4.547475e-04
134025 4.360659e-04
134063 3.946293e-04
134106 3.798042e-04
134126 3.364716e-04
134220 3.216576e-04
134293 2.360921e-04
134358 1.813394e-04
134436 1.808300e-04
134437 1.610804e-04
134467 1.565170e-04
134521 1.489389e-04
134523 1.359133e-04
134555 1.158733e-04
134622 7.766920e-05
134763 7.513032e-05
134777 6.658456e-05
134796 6.206658e-05
134797 5.964085e-05
134856 5.897157e-05
134860 4.961804e-05
134916 4.487361e-05
134933 4.215364e-05
134978 4.122327e-05
134989 2.087452e-05
135139 1.855933e-05
135257 1.636554e-05
135280 1.586921e-05
135287 1.507986e-05
135304 1.461197e-05
135308 1.274649e-05
135390 1.245520e-05
135419 1.245378e-05
135444 1.221120e-05
135475 1.097244e-05
135502 9.769595e-06
135510 7.857388e-06
135588 6.399845e-06
135672 4.676889e-06
135814 4.367809e-06
135822 3.122925e-06
135963 3.008069e-06
136000 2.898119e-06
136004 2.432743e-06
136021 2.346609e-06
136035 2.295125e-06
136063 2.110358e-06
136155 1.660736e-06
136193 1.239685e-06
136263 1.230369e-06
136266 1.102039e-06
136377 8.870729e-07
136424 8.692988e-07
136447 8.531392e-07
136478 6.048738e-07
136589 4.345397e-07
136672 3.226244e-07
136830 3.048479e-07
136831 2.928674e-07
136848 2.120590e-07
136862 2.067383e-07
136917 1.574909e-07
137057 1.370345e-07
137198 1.137207e-07
137251 1.121021e-07
137253 7.410757e-08
137334 7.038839e-08
137418 6.208306e-08
137488 6.208232e-08
137492 6.115928e-08
137495 5.360069e-08
137558 2.999106e-08
137637 2.886721e-08
137721 1.872864e-08
137730 1.862722e-08
137899 1.852214e-08
137901 1.606611e-08
137909 1.480877e-08
137995 1.299062e-08
138037 9.013457e-09
245077 7.313906e-09
245078 6.660501e-09
