1 7.411626e+04
4 1.751643e+04
173 1.259600e+04
311 1.205309e+04
346 9.580543e+03
357 8.809974e+03
400 7.877263e+03
409 5.471818e+03
455 5.154827e+03
503 3.792700e+03
542 3.683099e+03
555 3.003628e+03
569 2.984842e+03
571 2.165365e+03
650 1.976265e+03
652 1.652057e+03
694 1.288732e+03
728 1.130053e+03
797 1.058358e+03
810 8.483518e+02
881 4.991056e+02
970 4.536657e+02
1074 4.339290e+02
1079 4.264044e+02
1115 3.974258e+02
1148 3.916568e+02
1157 3.305977e+02
1162 2.504706e+02
1305 2.371172e+02
1337 2.101095e+02
1384 2.035047e+02
1426 2.010069e+02
1476 1.822660e+02
1500 1.728325e+02
1509 1.420065e+02
1655 1.410069e+02
1692 1.372004e+02
1737 1.347456e+02
1819 1.245155e+02
1911 1.208169e+02
1918 1.096439e+02
1982 1.065687e+02
2050 1.002343e+02
2079 9.749049e+01
2109 9.420929e+01
2127 8.574507e+01
2232 8.356183e+01
2307 8.293708e+01
2373 8.110762e+01
2412 8.091916e+01
2449 8.061067e+01
2462 7.944720e+01
2485 7.650934e+01
2506 7.357922e+01
2522 7.326737e+01
2553 7.278295e+01
2608 7.236526e+01
2636 6.926201e+01
2732 6.752782e+01
2887 6.580031e+01
2905 6.532712e+01
2952 6.170466e+01
3299 6.113039e+01
3350 5.906186e+01
3381 5.837074e+01
3444 5.813444e+01
3469 5.740438e+01
3630 5.735362e+01
3640 5.704109e+01
3690 5.568558e+01
3764 5.488287e+01
3840 5.467359e+01
3855 5.393436e+01
3906 5.121146e+01
4088 5.077267e+01
4099 5.020301e+01
4154 5.012956e+01
4184 5.002433e+01
4188 4.973203e+01
4195 4.934563e+01
4275 4.913986e+01
4329 4.882432e+01
4338 4.870020e+01
4387 4.831387e+01
4396 4.807547e+01
4425 4.771114e+01
4505 4.741710e+01
4507 4.713150e+01
4605 4.646112e+01
4919 4.628458e+01
5003 4.627542e+01
5009 4.585412e+01
5096 4.549868e+01
5155 4.542052e+01
5168 4.499787e+01
5397 4.486567e+01
5582 4.467125e+01
5836 4.466640e+01
5892 4.432208e+01
5949 4.429510e+01
5980 4.409623e+01
6013 4.408950e+01
6062 4.394634e+01
6093 4.388450e+01
6191 4.381543e+01
6204 4.375322e+01
6285 4.354487e+01
6293 4.339212e+01
6355 4.319312e+01
6413 4.273731e+01
6568 4.227530e+01
6594 4.198514e+01
6635 4.134859e+01
6642 4.102850e+01
6652 4.089800e+01
6733 3.848284e+01
6865 3.844118e+01
6910 3.739472e+01
7060 3.516068e+01
7219 3.495296e+01
7250 3.244526e+01
7280 3.193787e+01
7327 3.132480e+01
7538 3.021427e+01
7707 2.927864e+01
7838 2.773021e+01
7858 2.722284e+01
7887 2.695706e+01
7898 2.657674e+01
7996 2.561535e+01
8120 2.414161e+01
8125 2.331122e+01
8302 2.286063e+01
8376 2.267118e+01
8380 2.257972e+01
8559 2.192963e+01
8643 2.043200e+01
8795 1.974655e+01
8861 1.968363e+01
8966 1.946708e+01
8986 1.917962e+01
9067 1.907841e+01
9070 1.899609e+01
9123 1.851855e+01
9322 1.849010e+01
9358 1.801826e+01
9423 1.748618e+01
9646 1.739457e+01
9720 1.725570e+01
9792 1.702452e+01
9923 1.691626e+01
10150 1.683041e+01
10170 1.682228e+01
10172 1.680757e+01
10184 1.678536e+01
10209 1.677046e+01
10222 1.671863e+01
10289 1.671791e+01
10294 1.669327e+01
10295 1.666166e+01
10335 1.663497e+01
10417 1.657272e+01
10488 1.656101e+01
10608 1.652976e+01
10675 1.652110e+01
10702 1.650249e+01
10754 1.648177e+01
10762 1.647977e+01
10801 1.647389e+01
10812 1.646042e+01
10852 1.644214e+01
10918 1.644143e+01
10967 1.643655e+01
10972 1.641959e+01
11015 1.641715e+01
11093 1.640243e+01
11139 1.639536e+01
11188 1.639470e+01
11215 1.639109e+01
11247 1.636992e+01
11309 1.636610e+01
11318 1.635102e+01
11393 1.633647e+01
11468 1.632879e+01
11520 1.632837e+01
11588 1.631880e+01
11634 1.631027e+01
11762 1.630552e+01
11778 1.629866e+01
11886 1.629761e+01
11949 1.628409e+01
12134 1.626271e+01
12156 1.626012e+01
12175 1.625819e+01
12186 1.624321e+01
12263 1.622543e+01
12371 1.622436e+01
12400 1.622013e+01
12455 1.620863e+01
12543 1.619565e+01
12562 1.619326e+01
12597 1.617714e+01
12663 1.611974e+01
12814 1.609542e+01
12880 1.608232e+01
12971 1.607719e+01
12979 1.602526e+01
13162 1.601621e+01
13176 1.600355e+01
13207 1.595442e+01
13303 1.581488e+01
13681 1.573483e+01
13734 1.566910e+01
13785 1.553523e+01
13941 1.550612e+01
13986 1.548570e+01
14027 1.548062e+01
14052 1.545812e+01
14064 1.542689e+01
14082 1.540639e+01
14142 1.538642e+01
14168 1.534949e+01
14185 1.514930e+01
14309 1.513641e+01
14452 1.511824e+01
14537 1.509993e+01
14581 1.509644e+01
14620 1.508702e+01
14636 1.492947e+01
14695 1.491812e+01
14765 1.489382e+01
14825 1.486900e+01
14830 1.483473e+01
14834 1.477918e+01
14864 1.477014e+01
14916 1.475904e+01
14973 1.469560e+01
15302 1.460955e+01
15326 1.459473e+01
15354 1.451341e+01
15438 1.445464e+01
15537 1.444019e+01
15553 1.437552e+01
15594 1.433766e+01
15753 1.429987e+01
15800 1.427179e+01
15865 1.425923e+01
15914 1.423727e+01
15935 1.420542e+01
16058 1.418380e+01
16065 1.417353e+01
16131 1.414582e+01
16196 1.412434e+01
16300 1.411003e+01
16339 1.410877e+01
16364 1.406644e+01
16451 1.406488e+01
16512 1.405808e+01
16559 1.403868e+01
16669 1.401113e+01
16740 1.392502e+01
16862 1.389652e+01
16965 1.388938e+01
16989 1.388091e+01
16991 1.384597e+01
17052 1.377623e+01
17101 1.377116e+01
17182 1.377101e+01
17196 1.376620e+01
17246 1.373254e+01
17315 1.365830e+01
17430 1.365127e+01
17473 1.360025e+01
17498 1.359898e+01
17503 1.356956e+01
17564 1.355519e+01
17628 1.354017e+01
17664 1.352691e+01
17709 1.349565e+01
17780 1.346036e+01
17882 1.336801e+01
18131 1.333128e+01
18187 1.322494e+01
18213 1.314312e+01
18306 1.313347e+01
18315 1.311740e+01
18345 1.309567e+01
18388 1.307399e+01
18402 1.305392e+01
18414 1.303937e+01
18433 1.301380e+01
18508 1.297054e+01
18526 1.293418e+01
18532 1.293405e+01
18627 1.284200e+01
18816 1.267541e+01
18983 1.264158e+01
19007 1.256065e+01
19031 1.254189e+01
19094 1.251889e+01
19117 1.250649e+01
19127 1.245935e+01
19138 1.244806e+01
19271 1.243495e+01
19329 1.241287e+01
19369 1.237887e+01
19385 1.236847e+01
19398 1.234328e+01
19417 1.230732e+01
19510 1.229993e+01
19529 1.228004e+01
19614 1.226097e+01
19620 1.225896e+01
19676 1.225716e+01
19691 1.225246e+01
19718 1.221764e+01
19769 1.216527e+01
19780 1.213225e+01
19808 1.209253e+01
19833 1.209117e+01
19859 1.208280e+01
19883 1.192276e+01
19905 1.191273e+01
20045 1.188423e+01
20117 1.185919e+01
20152 1.185328e+01
20179 1.178252e+01
20218 1.172277e+01
20319 1.167491e+01
20485 1.163152e+01
20559 1.154209e+01
20638 1.154131e+01
20693 1.150535e+01
20801 1.143838e+01
20829 1.142757e+01
20850 1.141016e+01
20881 1.139193e+01
20892 1.138179e+01
20920 1.137519e+01
20930 1.133087e+01
20966 1.126081e+01
20974 1.125079e+01
21015 1.124378e+01
21029 1.120162e+01
21241 1.116813e+01
21257 1.114850e+01
21303 1.112784e+01
21360 1.109567e+01
21364 1.108534e+01
21397 1.103861e+01
21468 1.094449e+01
21711 1.091830e+01
21866 1.085055e+01
21982 1.080541e+01
22008 1.072109e+01
22065 1.068089e+01
22073 1.065835e+01
22124 1.059390e+01
22129 1.048419e+01
22360 1.043724e+01
22440 1.043211e+01
22451 1.042373e+01
22500 1.036390e+01
22525 1.031824e+01
22551 1.018470e+01
22623 1.009081e+01
22942 1.006450e+01
22988 1.001837e+01
22991 9.977138e+00
23010 9.927999e+00
23107 9.873776e+00
23207 9.824815e+00
23281 9.806937e+00
23314 9.802024e+00
23336 9.783334e+00
23470 9.757702e+00
23494 9.682519e+00
23643 9.639647e+00
23709 9.577881e+00
23894 9.573495e+00
23940 9.561318e+00
23982 9.535005e+00
24044 9.533810e+00
24084 9.516385e+00
24126 9.480993e+00
24144 9.458141e+00
24550 9.419896e+00
24705 9.411852e+00
24709 9.402808e+00
24744 9.381669e+00
24807 9.338513e+00
25089 9.236724e+00
25277 9.170619e+00
25449 9.158813e+00
25460 9.129866e+00
25562 9.129333e+00
25581 9.096641e+00
25590 9.072366e+00
25627 9.062830e+00
25679 9.060246e+00
25710 9.055531e+00
25754 9.026192e+00
25828 9.020099e+00
25848 8.997720e+00
25882 8.958139e+00
25965 8.948140e+00
26008 8.940709e+00
26017 8.938958e+00
26060 8.914059e+00
26065 8.871595e+00
26110 8.864806e+00
26169 8.856712e+00
26177 8.804075e+00
26361 8.785918e+00
26398 8.719084e+00
26442 8.687045e+00
26472 8.673345e+00
26504 8.605820e+00
26536 8.603487e+00
26540 8.568392e+00
26543 8.537498e+00
26589 8.527363e+00
26690 8.515812e+00
26729 8.420387e+00
26844 8.305475e+00
26985 8.304752e+00
26994 8.281343e+00
27041 8.265025e+00
27075 8.237721e+00
27094 8.229222e+00
27124 8.150514e+00
27156 8.079455e+00
27254 8.032545e+00
27358 7.942465e+00
27449 7.936421e+00
27453 7.801814e+00
27577 7.591661e+00
27969 7.570158e+00
28006 7.481243e+00
28078 7.456757e+00
28103 7.362959e+00
28407 7.324970e+00
28412 7.316750e+00
28421 7.291053e+00
28472 7.270911e+00
28500 7.261557e+00
28503 7.241718e+00
28511 7.241694e+00
28561 7.224710e+00
28779 7.073024e+00
29093 7.060819e+00
29108 7.038100e+00
29132 6.980598e+00
29219 6.936457e+00
29294 6.860554e+00
29353 6.835214e+00
29578 6.783725e+00
29644 6.725300e+00
29790 6.637843e+00
29855 6.634823e+00
29857 6.585413e+00
29897 6.571815e+00
29938 6.569363e+00
30028 6.502461e+00
30104 6.443230e+00
30108 6.434121e+00
30131 6.431331e+00
30247 6.429352e+00
30298 6.326864e+00
30416 6.305234e+00
30433 6.268462e+00
30534 6.222829e+00
30547 6.165326e+00
30582 6.149270e+00
30681 6.095271e+00
30812 6.066397e+00
30855 5.900924e+00
30891 5.864786e+00
30962 5.835288e+00
31126 5.805848e+00
31128 5.767165e+00
31174 5.752446e+00
31212 5.708476e+00
31340 5.682922e+00
31359 5.653872e+00
31388 5.627538e+00
31506 5.624779e+00
31518 5.594555e+00
31571 5.591617e+00
31576 5.581848e+00
31579 5.566917e+00
31583 5.562747e+00
31618 5.517449e+00
31752 5.513219e+00
31810 5.497720e+00
31845 5.497313e+00
31867 5.464830e+00
31895 5.454722e+00
31899 5.452475e+00
31944 5.432743e+00
32055 5.423418e+00
32079 5.384071e+00
32146 5.332543e+00
32211 5.303359e+00
32680 5.210014e+00
32701 5.161353e+00
32778 5.159932e+00
32877 5.112437e+00
32909 5.060467e+00
33040 5.059644e+00
33048 5.054816e+00
33065 5.052145e+00
33069 5.048073e+00
33080 5.007166e+00
33084 4.894896e+00
33256 4.859927e+00
33322 4.841641e+00
33339 4.831519e+00
33364 4.817745e+00
33369 4.733003e+00
33559 4.719275e+00
33585 4.703852e+00
33639 4.680970e+00
33640 4.666185e+00
33656 4.554470e+00
33701 4.514434e+00
33796 4.475266e+00
33942 4.462473e+00
33944 4.448459e+00
33951 4.388068e+00
34022 4.312166e+00
34097 4.162652e+00
34442 4.140203e+00
34449 4.105918e+00
34465 4.070965e+00
34536 4.053472e+00
34539 4.014771e+00
34619 3.999859e+00
34630 3.974362e+00
34694 3.964623e+00
34708 3.959066e+00
34788 3.853711e+00
34965 3.847948e+00
34968 3.825062e+00
34996 3.785202e+00
35024 3.739906e+00
35063 3.736408e+00
35105 3.719384e+00
35137 3.710638e+00
35181 3.682900e+00
35260 3.628696e+00
35348 3.552940e+00
35375 3.542952e+00
35520 3.512597e+00
35536 3.491100e+00
35636 3.377992e+00
35682 3.363019e+00
35705 3.350251e+00
35741 3.217565e+00
36187 3.150264e+00
36206 2.988792e+00
36463 2.983907e+00
36465 2.971288e+00
36517 2.924696e+00
36604 2.839729e+00
36623 2.761634e+00
36717 2.748427e+00
36775 2.724328e+00
36875 2.697378e+00
36951 2.664005e+00
37013 2.528397e+00
37044 2.445431e+00
37327 2.429829e+00
37338 2.349863e+00
37345 2.329704e+00
37511 2.282652e+00
37602 2.256816e+00
37606 2.168713e+00
37891 2.167214e+00
37914 2.147620e+00
37915 2.145103e+00
37928 2.133415e+00
37976 2.132230e+00
37999 2.093922e+00
38049 2.090335e+00
38060 2.070975e+00
38076 2.013101e+00
38114 1.979377e+00
38163 1.972378e+00
38179 1.958975e+00
38184 1.952654e+00
38200 1.931414e+00
38243 1.866937e+00
38314 1.855224e+00
38326 1.814194e+00
38384 1.808474e+00
38397 1.770966e+00
38592 1.766126e+00
38637 1.759383e+00
38698 1.707193e+00
38761 1.680758e+00
38824 1.649706e+00
38830 1.638784e+00
38833 1.634491e+00
38937 1.621633e+00
38956 1.587168e+00
39027 1.578152e+00
39061 1.550365e+00
39089 1.525543e+00
39148 1.492385e+00
39168 1.417175e+00
39261 1.399487e+00
39317 1.386721e+00
39467 1.356441e+00
39531 1.265144e+00
39647 1.261295e+00
39781 1.258846e+00
39825 1.208117e+00
39877 1.201324e+00
39957 1.192971e+00
40014 1.166085e+00
40027 1.158805e+00
40056 1.132534e+00
40141 1.117091e+00
40172 1.093683e+00
40260 1.038995e+00
40381 1.035852e+00
40384 1.009377e+00
40497 1.004034e+00
40501 9.525915e-01
40557 9.358964e-01
40616 9.297036e-01
40671 9.169533e-01
40705 9.102950e-01
40723 9.064877e-01
40742 9.011094e-01
40746 8.536198e-01
40940 8.360985e-01
41018 7.958057e-01
41161 7.730405e-01
41292 7.422607e-01
41398 7.078052e-01
41429 7.037896e-01
41480 6.957840e-01
41535 6.827847e-01
41580 6.587502e-01
41677 6.491578e-01
41701 6.203139e-01
41720 5.919981e-01
41869 5.880814e-01
41916 5.758130e-01
41917 5.481973e-01
42004 5.471502e-01
42033 5.361041e-01
42065 5.326205e-01
42106 4.888662e-01
42157 4.769014e-01
42287 4.692336e-01
42415 4.555751e-01
42435 4.515324e-01
42444 4.256815e-01
42526 4.231721e-01
42571 4.177058e-01
42590 4.175380e-01
42655 4.155707e-01
42709 3.994382e-01
42766 3.896294e-01
42810 3.852457e-01
42823 3.774268e-01
42839 3.754099e-01
42865 3.602719e-01
42867 3.298801e-01
42982 3.284517e-01
43018 3.243777e-01
43073 3.161984e-01
43178 3.094022e-01
43212 2.998461e-01
43312 2.862111e-01
43407 2.669433e-01
43428 2.573569e-01
43547 2.523977e-01
43649 2.410464e-01
43659 2.375500e-01
43711 2.297796e-01
43717 2.238619e-01
43768 2.201506e-01
43778 2.104966e-01
43780 1.997453e-01
43917 1.956444e-01
43998 1.949490e-01
44033 1.915506e-01
44037 1.882189e-01
44052 1.838762e-01
44083 1.740406e-01
44143 1.590648e-01
44240 1.442561e-01
44369 1.421799e-01
44416 1.353654e-01
44436 1.242129e-01
44494 1.214729e-01
44560 1.164488e-01
44589 1.026282e-01
44634 9.845838e-02
44663 9.494707e-02
44808 8.969103e-02
44862 8.726410e-02
44878 8.527299e-02
44976 8.389745e-02
136420 7.060866e-02
136701 6.982947e-02
136741 6.787739e-02
136839 5.552070e-02
136893 5.492628e-02
137041 5.184545e-02
137139 4.854449e-02
137155 3.981588e-02
137216 3.675060e-02
137286 3.658518e-02
137292 3.308903e-02
137390 3.051932e-02
137449 2.878552e-02
137474 2.680696e-02
137528 2.590765e-02
137579 2.569631e-02
137604 2.403010e-02
137613 2.043127e-02
137735 1.953426e-02
137797 1.880584e-02
137799 1.799066e-02
137820 1.755447e-02
137916 1.728213e-02
138011 1.699365e-02
138027 1.355721e-02
138141 1.095417e-02
138319 1.095379e-02
138353 8.871579e-03
138413 7.161750e-03
138450 6.415062e-03
138537 5.892907e-03
138837 4.570017e-03
138911 4.286951e-03
138964 3.287378e-03
139001 2.701530e-03
139006 2.500970e-03
139081 2.178358e-03
139085 2.031353e-03
139110 1.942638e-03
139332 1.667729e-03
139337 1.652109e-03
139362 1.631558e-03
139383 1.596307e-03
139443 1.231025e-03
139547 1.024166e-03
139647 9.999203e-04
139650 9.515071e-04
139691 8.743790e-04
139749 5.711026e-04
139903 5.691533e-04
139914 4.643784e-04
139972 4.380741e-04
140063 4.017616e-04
140070 3.555333e-04
140085 3.429377e-04
140094 2.580925e-04
140215 2.164720e-04
140313 1.485023e-04
140316 1.363653e-04
140384 1.206211e-04
140506 1.095947e-04
140538 9.641913e-05
140647 9.021641e-05
140677 8.399432e-05
140697 7.804322e-05
140742 6.832202e-05
140760 6.709692e-05
140774 6.492129e-05
140796 6.228006e-05
140800 5.393828e-05
140840 5.208514e-05
140892 3.992367e-05
140934 3.453835e-05
140988 3.197570e-05
141006 2.931238e-05
141096 2.881678e-05
141099 2.300048e-05
141166 1.986425e-05
141179 1.921528e-05
141245 1.776946e-05
141269 1.606728e-05
141288 1.405644e-05
141348 1.297633e-05
141371 1.275169e-05
141391 1.244698e-05
141438 1.061183e-05
141452 8.847395e-06
141495 6.653428e-06
141537 5.301089e-06
141671 4.538426e-06
141681 4.260756e-06
141702 4.075734e-06
141734 3.664258e-06
141850 3.265224e-06
141976 3.214387e-06
141979 2.831402e-06
141987 2.799911e-06
142010 2.694031e-06
142016 2.109901e-06
142026 1.576254e-06
142175 1.485662e-06
142214 1.248063e-06
142286 1.239635e-06
142313 7.599772e-07
142390 4.627351e-07
142564 4.442193e-07
142603 3.407362e-07
142630 3.206887e-07
142643 2.622365e-07
142762 1.954237e-07
142821 1.534625e-07
143006 1.463037e-07
143033 1.251612e-07
143059 1.034634e-07
143110 9.454121e-08
143140 8.321314e-08
143197 8.295466e-08
143250 7.449427e-08
143265 7.255656e-08
143300 6.088609e-08
143353 5.302878e-08
143465 3.613438e-08
143558 3.029544e-08
143627 2.802983e-08
143662 2.589909e-08
143674 2.252111e-08
143688 1.727701e-08
143775 1.269918e-08
143869 1.255043e-08
143895 9.637886e-09
249289 8.542881e-09
