1 3.416693e+02
3 2.886439e+02
7 2.828858e+02
9 2.740949e+02
13 2.624358e+02
19 2.565038e+02
20 2.561336e+02
50 2.527221e+02
53 2.489682e+02
54 2.485758e+02
112 2.468886e+02
119 2.421719e+02
300 2.410211e+02
302 2.332990e+02
438 2.276464e+02
532 2.241343e+02
763 2.230110e+02
770 2.224408e+02
773 2.211515e+02
793 2.206894e+02
834 2.202209e+02
873 2.195088e+02
879 2.192817e+02
931 2.187209e+02
938 2.183757e+02
956 2.181561e+02
976 2.145621e+02
1062 2.120952e+02
1096 2.115539e+02
1147 2.100363e+02
1210 2.079920e+02
1316 2.061617e+02
1444 2.056397e+02
1552 2.051761e+02
1574 2.043035e+02
1616 2.042240e+02
1719 2.036256e+02
1779 2.036199e+02
1809 2.033946e+02
1824 2.031813e+02
1830 2.027877e+02
1845 2.026520e+02
1863 2.025780e+02
1993 2.018365e+02
2190 2.018147e+02
2195 2.017782e+02
2204 2.016058e+02
2214 2.015630e+02
2337 2.014730e+02
2362 2.013125e+02
2508 2.011189e+02
2567 2.010328e+02
2606 2.010122e+02
2698 2.009470e+02
2727 2.008241e+02
2758 2.007879e+02
2790 2.006182e+02
2888 2.005337e+02
2934 2.005319e+02
3059 2.005265e+02
3068 2.004722e+02
3074 2.004607e+02
3183 2.004380e+02
3229 2.004140e+02
3241 2.003090e+02
3336 2.002790e+02
3392 2.002467e+02
3463 2.001773e+02
3575 2.001638e+02
3609 2.001406e+02
3717 2.001232e+02
3827 2.000964e+02
4207 2.000946e+02
4227 2.000882e+02
4269 2.000849e+02
4280 2.000729e+02
4288 2.000699e+02
4356 2.000574e+02
4450 2.000512e+02
4497 2.000505e+02
4513 2.000439e+02
4597 2.000431e+02
4622 2.000413e+02
4649 2.000389e+02
4659 2.000368e+02
4701 2.000320e+02
4747 2.000302e+02
4773 2.000203e+02
5032 2.000177e+02
5056 2.000165e+02
5057 2.000160e+02
5135 2.000122e+02
5269 2.000105e+02
5419 2.000104e+02
5538 2.000083e+02
5739 2.000077e+02
5743 2.000053e+02
5799 2.000052e+02
5817 2.000051e+02
5822 2.000051e+02
5923 2.000049e+02
6000 2.000046e+02
6067 2.000034e+02
6220 2.000032e+02
6233 2.000031e+02
6236 2.000025e+02
6340 2.000023e+02
6421 2.000023e+02
6474 2.000018e+02
6638 2.000016e+02
6708 2.000010e+02
6908 2.000008e+02
7163 2.000007e+02
7256 2.000007e+02
7268 2.000007e+02
7269 2.000006e+02
7292 2.000006e+02
7307 2.000003e+02
7661 2.000003e+02
7702 2.000003e+02
7715 2.000003e+02
7734 2.000003e+02
7809 2.000002e+02
7839 2.000002e+02
8021 2.000002e+02
8036 2.000002e+02
8061 2.000002e+02
8126 2.000001e+02
8135 2.000001e+02
8172 2.000001e+02
8174 2.000001e+02
8191 2.000001e+02
8209 2.000001e+02
8343 2.000001e+02
8383 2.000001e+02
8405 2.000001e+02
8439 2.000001e+02
8447 2.000001e+02
8456 2.000001e+02
8470 2.000000e+02
8573 2.000000e+02
8606 2.000000e+02
8610 2.000000e+02
8621 2.000000e+02
8698 2.000000e+02
8712 2.000000e+02
8729 2.000000e+02
8800 2.000000e+02
8984 2.000000e+02
9004 2.000000e+02
9005 2.000000e+02
9051 2.000000e+02
9103 2.000000e+02
9117 2.000000e+02
9243 2.000000e+02
9249 2.000000e+02
9274 2.000000e+02
9275 2.000000e+02
9366 2.000000e+02
9478 2.000000e+02
9605 2.000000e+02
9762 2.000000e+02
9777 2.000000e+02
9800 2.000000e+02
9824 2.000000e+02
9852 2.000000e+02
9876 2.000000e+02
9891 2.000000e+02
9901 2.000000e+02
9998 2.000000e+02
10059 2.000000e+02
10194 2.000000e+02
10218 2.000000e+02
10253 2.000000e+02
10259 2.000000e+02
10285 2.000000e+02
10291 2.000000e+02
10374 2.000000e+02
10468 2.000000e+02
10496 2.000000e+02
10523 2.000000e+02
10572 2.000000e+02
10578 2.000000e+02
10688 2.000000e+02
10776 2.000000e+02
10931 2.000000e+02
10960 2.000000e+02
10993 2.000000e+02
11053 2.000000e+02
11163 2.000000e+02
11168 2.000000e+02
11177 2.000000e+02
11199 2.000000e+02
11217 2.000000e+02
11266 2.000000e+02
11284 2.000000e+02
11305 2.000000e+02
17557 1.955268e+02
17558 1.955268e+02
17561 1.955268e+02
17564 1.955268e+02
17567 1.955268e+02
17581 1.910216e+02
17584 1.892395e+02
17705 1.892395e+02
17808 1.887179e+02
17809 1.887179e+02
17812 1.887179e+02
17815 1.887179e+02
17818 1.887179e+02
17819 1.855365e+02
17821 1.814415e+02
17822 1.814415e+02
17824 1.768725e+02
17825 1.768725e+02
17827 1.764006e+02
17833 1.755070e+02
17836 1.728689e+02
17841 1.713538e+02
17853 1.704871e+02
17854 1.704871e+02
17856 1.671898e+02
17858 1.608352e+02
17859 1.608352e+02
17862 1.608352e+02
17865 1.608352e+02
17868 1.608352e+02
17871 1.608352e+02
17874 1.608352e+02
17876 1.601533e+02
17877 1.601533e+02
17880 1.601533e+02
17883 1.601533e+02
17886 1.601533e+02
17889 1.601533e+02
17892 1.601533e+02
17895 1.601533e+02
17898 1.601533e+02
17901 1.601533e+02
17904 1.601533e+02
17907 1.601533e+02
17910 1.601533e+02
17913 1.601533e+02
17916 1.601533e+02
17919 1.601533e+02
17922 1.601533e+02
17925 1.601533e+02
17928 1.601533e+02
17931 1.601533e+02
17942 1.594206e+02
17979 1.594206e+02
17982 1.594206e+02
17985 1.594206e+02
17988 1.594206e+02
17991 1.594206e+02
17994 1.594206e+02
17997 1.594206e+02
18000 1.594206e+02
18003 1.594206e+02
18006 1.594206e+02
18009 1.594206e+02
18012 1.594206e+02
18015 1.594206e+02
18018 1.594206e+02
18021 1.594206e+02
18024 1.594206e+02
18027 1.594206e+02
18030 1.594206e+02
18033 1.594206e+02
18036 1.594206e+02
18039 1.594206e+02
18042 1.594206e+02
18045 1.594206e+02
18048 1.594206e+02
18051 1.594206e+02
18054 1.594206e+02
18057 1.594206e+02
18060 1.594206e+02
18063 1.594206e+02
18066 1.594206e+02
18069 1.594206e+02
18072 1.594206e+02
18075 1.594206e+02
18078 1.594206e+02
18081 1.594206e+02
18084 1.594206e+02
18087 1.594206e+02
18090 1.594206e+02
18093 1.594206e+02
18096 1.594206e+02
18099 1.594206e+02
18102 1.594206e+02
18105 1.594206e+02
18108 1.594206e+02
18111 1.594206e+02
18114 1.594206e+02
18117 1.594206e+02
18120 1.594206e+02
18123 1.594206e+02
18126 1.594206e+02
18129 1.594206e+02
18132 1.594206e+02
18135 1.594206e+02
18138 1.594206e+02
18141 1.594206e+02
18144 1.594206e+02
18147 1.594206e+02
18150 1.594206e+02
18153 1.594206e+02
18156 1.594206e+02
18159 1.594206e+02
18162 1.594206e+02
18165 1.594206e+02
18168 1.594206e+02
18171 1.594206e+02
18174 1.594206e+02
18177 1.594206e+02
18180 1.594206e+02
18183 1.594206e+02
18186 1.594206e+02
18189 1.594206e+02
18192 1.594206e+02
18194 1.593148e+02
18205 1.590895e+02
18206 1.590895e+02
18209 1.590895e+02
18212 1.590895e+02
18215 1.590895e+02
18217 1.588021e+02
18228 1.587146e+02
18229 1.587146e+02
18232 1.587146e+02
18235 1.587146e+02
18238 1.587146e+02
18241 1.587146e+02
18244 1.587146e+02
18247 1.587146e+02
18249 1.586934e+02
18253 1.586934e+02
18498 1.586182e+02
18506 1.584039e+02
18507 1.584039e+02
18510 1.584039e+02
18513 1.584039e+02
18516 1.584039e+02
18519 1.584039e+02
18522 1.584039e+02
18525 1.584039e+02
18528 1.584039e+02
18530 1.583844e+02
18555 1.583844e+02
18558 1.583844e+02
18561 1.583844e+02
18564 1.583844e+02
18567 1.583844e+02
18836 1.583759e+02
19129 1.583194e+02
19154 1.583194e+02
19157 1.583194e+02
19160 1.583194e+02
19163 1.583194e+02
19166 1.583194e+02
19169 1.583194e+02
19172 1.583194e+02
19175 1.583194e+02
19178 1.583194e+02
19181 1.583194e+02
19184 1.583194e+02
19187 1.583194e+02
19190 1.583194e+02
19193 1.583194e+02
19196 1.583194e+02
19199 1.583194e+02
19202 1.583194e+02
19205 1.583194e+02
19208 1.583194e+02
19211 1.583194e+02
19214 1.583194e+02
19217 1.583194e+02
19220 1.583194e+02
19223 1.583194e+02
19226 1.583194e+02
19229 1.583194e+02
19232 1.583194e+02
19235 1.583194e+02
19238 1.583194e+02
19241 1.583194e+02
19429 1.583102e+02
19430 1.583102e+02
19433 1.583102e+02
19436 1.583102e+02
19439 1.583102e+02
19442 1.583102e+02
19445 1.583102e+02
19448 1.583102e+02
19451 1.583102e+02
19454 1.583102e+02
19457 1.583102e+02
19460 1.583102e+02
19463 1.583102e+02
19466 1.583102e+02
19469 1.583102e+02
19472 1.583102e+02
19475 1.583102e+02
19478 1.583102e+02
19481 1.583102e+02
19484 1.583102e+02
19487 1.583102e+02
19490 1.583102e+02
19493 1.583102e+02
19496 1.583102e+02
19499 1.583102e+02
19502 1.583102e+02
19505 1.583102e+02
19508 1.583102e+02
19511 1.583102e+02
19514 1.583102e+02
19517 1.583102e+02
19520 1.583102e+02
19523 1.583102e+02
19526 1.583102e+02
19529 1.583102e+02
19532 1.583102e+02
19535 1.583102e+02
19538 1.583102e+02
19541 1.583102e+02
20044 1.583041e+02
20045 1.583041e+02
20048 1.583041e+02
20051 1.583041e+02
20054 1.583041e+02
20620 1.583016e+02
20631 1.582996e+02
20632 1.582996e+02
20635 1.582996e+02
20638 1.582996e+02
20641 1.582996e+02
20644 1.582996e+02
20647 1.582996e+02
20650 1.582996e+02
20653 1.582996e+02
20656 1.582996e+02
20659 1.582996e+02
20662 1.582996e+02
20665 1.582996e+02
20668 1.582996e+02
20671 1.582996e+02
20674 1.582996e+02
20677 1.582996e+02
20680 1.582996e+02
20683 1.582996e+02
20686 1.582996e+02
20689 1.582996e+02
20692 1.582996e+02
20695 1.582996e+02
20698 1.582996e+02
20701 1.582996e+02
20704 1.582996e+02
20707 1.582996e+02
20710 1.582996e+02
20713 1.582996e+02
20716 1.582996e+02
20719 1.582996e+02
20722 1.582996e+02
20725 1.582996e+02
20728 1.582996e+02
20731 1.582996e+02
20734 1.582996e+02
20737 1.582996e+02
20740 1.582996e+02
21227 1.582811e+02
21228 1.582811e+02
21231 1.582811e+02
21234 1.582811e+02
21237 1.582811e+02
21240 1.582811e+02
21243 1.582811e+02
21246 1.582811e+02
21249 1.582811e+02
21252 1.582811e+02
21255 1.582811e+02
21258 1.582811e+02
21261 1.582811e+02
21264 1.582811e+02
21267 1.582811e+02
21270 1.582811e+02
21273 1.582811e+02
21276 1.582811e+02
21279 1.582811e+02
21282 1.582811e+02
21285 1.582811e+02
21288 1.582811e+02
21291 1.582811e+02
21294 1.582811e+02
21297 1.582811e+02
21300 1.582811e+02
21303 1.582811e+02
21306 1.582811e+02
21309 1.582811e+02
21312 1.582811e+02
21315 1.582811e+02
21318 1.582811e+02
21321 1.582811e+02
21324 1.582811e+02
21327 1.582811e+02
21330 1.582811e+02
21333 1.582811e+02
21336 1.582811e+02
21339 1.582811e+02
28619 1.559886e+02
28620 1.559886e+02
28626 1.559886e+02
28629 1.559886e+02
28632 1.559886e+02
28635 1.559886e+02
28778 1.534984e+02
28799 1.510839e+02
28862 1.509627e+02
28863 1.509627e+02
28867 1.492489e+02
28868 1.492489e+02
28871 1.492489e+02
28874 1.492489e+02
28877 1.492489e+02
28879 1.489227e+02
28880 1.489227e+02
28882 1.486362e+02
28883 1.486362e+02
28886 1.486362e+02
28889 1.486362e+02
28892 1.486362e+02
28895 1.486362e+02
28898 1.486362e+02
28901 1.486362e+02
28904 1.486362e+02
28907 1.486362e+02
28910 1.486362e+02
28913 1.486362e+02
28916 1.486362e+02
28919 1.486362e+02
29133 1.485667e+02
29134 1.485667e+02
29137 1.485667e+02
29140 1.485667e+02
29143 1.485667e+02
29146 1.485667e+02
29149 1.485667e+02
29152 1.485667e+02
29154 1.485102e+02
29157 1.483699e+02
29160 1.483096e+02
29221 1.483096e+02
29227 1.483096e+02
29230 1.483096e+02
29233 1.483096e+02
29236 1.483096e+02
29239 1.483096e+02
29242 1.483096e+02
29245 1.483096e+02
29302 1.483096e+02
29305 1.483096e+02
29463 1.482659e+02
29464 1.482659e+02
29467 1.482659e+02
29470 1.482659e+02
29471 1.481629e+02
29473 1.481490e+02
29474 1.481490e+02
29476 1.481275e+02
29477 1.481275e+02
29480 1.481275e+02
29482 1.481056e+02
29483 1.481056e+02
29486 1.481056e+02
29489 1.481056e+02
29492 1.481056e+02
29495 1.481056e+02
29498 1.481056e+02
29501 1.481056e+02
29503 1.480648e+02
29522 1.480648e+02
29600 1.480648e+02
29603 1.480648e+02
29609 1.480648e+02
30026 1.480648e+02
30029 1.480648e+02
30032 1.480648e+02
30035 1.480648e+02
30038 1.480648e+02
30041 1.480648e+02
30044 1.480648e+02
30047 1.480648e+02
30050 1.480648e+02
30053 1.480648e+02
30279 1.480541e+02
30282 1.480458e+02
30299 1.480419e+02
30330 1.480419e+02
30333 1.480419e+02
30336 1.480419e+02
30339 1.480419e+02
30342 1.480419e+02
30345 1.480419e+02
30348 1.480419e+02
30351 1.480419e+02
30354 1.480419e+02
30357 1.480419e+02
30360 1.480419e+02
30363 1.480419e+02
30366 1.480419e+02
30369 1.480419e+02
30372 1.480419e+02
30375 1.480419e+02
30378 1.480419e+02
30381 1.480419e+02
30414 1.480419e+02
30875 1.480364e+02
30876 1.480364e+02
30879 1.480364e+02
30881 1.480337e+02
30906 1.480337e+02
30909 1.480337e+02
30984 1.480337e+02
37655 1.477174e+02
37661 1.244426e+02
37662 1.244426e+02
37665 1.244426e+02
37668 1.244426e+02
37671 1.244426e+02
37674 1.244426e+02
37677 1.244426e+02
37680 1.244426e+02
37683 1.244426e+02
37686 1.244426e+02
37704 1.244426e+02
37707 1.244426e+02
37710 1.244426e+02
37713 1.244426e+02
37716 1.244426e+02
37719 1.244426e+02
37722 1.244426e+02
37725 1.244426e+02
37728 1.244426e+02
37731 1.244426e+02
37734 1.244426e+02
37737 1.244426e+02
37740 1.244426e+02
37743 1.244426e+02
37746 1.244426e+02
37749 1.244426e+02
37752 1.244426e+02
37776 1.244426e+02
37847 1.230356e+02
37848 1.230356e+02
37851 1.230356e+02
37854 1.230356e+02
37857 1.230356e+02
37860 1.230356e+02
37863 1.230356e+02
37866 1.230356e+02
37869 1.230356e+02
37872 1.230356e+02
37875 1.230356e+02
37878 1.230356e+02
37881 1.230356e+02
37884 1.230356e+02
37887 1.230356e+02
37890 1.230356e+02
37893 1.230356e+02
37896 1.230356e+02
37927 1.217588e+02
37928 1.217588e+02
37931 1.217588e+02
37932 1.213745e+02
37933 1.213745e+02
37934 1.190351e+02
37935 1.190351e+02
37936 1.182153e+02
37937 1.182153e+02
37938 1.168830e+02
37939 1.168830e+02
37940 1.160080e+02
37941 1.160080e+02
37944 1.160080e+02
37945 1.160042e+02
37946 1.160042e+02
37949 1.160042e+02
37951 1.152000e+02
37954 1.139832e+02
37963 1.139040e+02
37964 1.139040e+02
37967 1.139040e+02
37970 1.139040e+02
37973 1.139040e+02
37976 1.139040e+02
37979 1.139040e+02
37982 1.139040e+02
38194 1.138662e+02
38195 1.138662e+02
38198 1.138662e+02
38201 1.138662e+02
38204 1.138662e+02
38207 1.138662e+02
38210 1.138662e+02
38213 1.138662e+02
38216 1.138662e+02
38217 1.135868e+02
38247 1.133076e+02
38371 1.133076e+02
38374 1.133076e+02
38520 1.133032e+02
38521 1.133032e+02
38524 1.133032e+02
38527 1.133032e+02
38530 1.133032e+02
38533 1.133032e+02
38536 1.133032e+02
38537 1.129864e+02
38542 1.128289e+02
38572 1.128146e+02
38579 1.128146e+02
38582 1.128146e+02
38597 1.128146e+02
38829 1.126943e+02
38830 1.126943e+02
38833 1.126943e+02
38836 1.126943e+02
38839 1.126943e+02
38842 1.126943e+02
38845 1.126943e+02
38848 1.126943e+02
38850 1.126555e+02
38851 1.126555e+02
38854 1.126555e+02
38857 1.126555e+02
38859 1.126042e+02
38878 1.126042e+02
39152 1.124990e+02
39153 1.124990e+02
39154 1.123613e+02
39155 1.123613e+02
39158 1.123613e+02
39161 1.123613e+02
39164 1.123613e+02
39167 1.123613e+02
39170 1.123613e+02
39173 1.123613e+02
39179 1.123613e+02
39182 1.123613e+02
39185 1.123613e+02
39188 1.123613e+02
39191 1.123613e+02
39194 1.123613e+02
39197 1.123613e+02
39200 1.123613e+02
39203 1.123613e+02
39206 1.123613e+02
39209 1.123613e+02
39212 1.123613e+02
39215 1.123613e+02
39218 1.123613e+02
39221 1.123613e+02
39224 1.123613e+02
39227 1.123613e+02
39230 1.123613e+02
39233 1.123613e+02
39236 1.123613e+02
39239 1.123613e+02
39263 1.123613e+02
39266 1.123613e+02
39269 1.123613e+02
39272 1.123613e+02
39275 1.123613e+02
39278 1.123613e+02
39281 1.123613e+02
39284 1.123613e+02
39450 1.123577e+02
39451 1.123577e+02
39452 1.123438e+02
39474 1.123438e+02
39477 1.123438e+02
39540 1.123438e+02
39543 1.123438e+02
39546 1.123438e+02
39549 1.123438e+02
39552 1.123438e+02
39555 1.123438e+02
39558 1.123438e+02
39752 1.123224e+02
39777 1.123224e+02
39840 1.123224e+02
39864 1.123224e+02
40342 1.122885e+02
40343 1.122885e+02
40344 1.122879e+02
40347 1.122831e+02
40348 1.122831e+02
40351 1.122831e+02
40354 1.122831e+02
40355 1.122780e+02
40356 1.122780e+02
40357 1.122764e+02
40359 1.122601e+02
40369 1.122601e+02
40372 1.122601e+02
40375 1.122601e+02
40378 1.122601e+02
40381 1.122601e+02
40384 1.122601e+02
40387 1.122601e+02
40390 1.122601e+02
40393 1.122601e+02
40396 1.122601e+02
40399 1.122601e+02
40402 1.122601e+02
40405 1.122601e+02
40408 1.122601e+02
40411 1.122601e+02
40414 1.122601e+02
40417 1.122601e+02
40420 1.122601e+02
40423 1.122601e+02
40426 1.122601e+02
40429 1.122601e+02
40432 1.122601e+02
40435 1.122601e+02
40641 1.122300e+02
40642 1.122300e+02
40643 1.122241e+02
40761 1.122241e+02
40764 1.122241e+02
40943 1.121984e+02
40953 1.121984e+02
40956 1.121984e+02
40959 1.121984e+02
40962 1.121984e+02
40965 1.121984e+02
40968 1.121984e+02
41268 1.121984e+02
41271 1.121984e+02
41274 1.121984e+02
41277 1.121984e+02
41280 1.121984e+02
41304 1.121984e+02
41307 1.121984e+02
41310 1.121984e+02
41313 1.121984e+02
41316 1.121984e+02
41319 1.121984e+02
41322 1.121984e+02
