1 1.939090e+32
2 3.915435e+27
3 7.651548e+17
34 1.257104e+14
35 5.887915e+10
88 2.787162e+10
147 2.228570e+10
200 1.375463e+10
324 1.263401e+10
328 9.506804e+09
339 4.046516e+09
435 3.134612e+09
604 2.589631e+09
641 1.444988e+09
780 5.964044e+08
948 4.919963e+08
1020 3.159905e+08
1089 3.067827e+08
1153 9.942116e+07
1256 3.917069e+07
1322 3.830285e+07
1368 2.824117e+07
1438 2.494320e+07
1471 2.175210e+07
1568 1.078674e+07
1686 8.429195e+06
1706 6.383375e+06
1747 5.711019e+06
1771 4.803260e+06
1817 3.436919e+06
1818 2.900831e+06
1830 2.536286e+06
1888 2.340882e+06
1925 1.834573e+06
1931 1.471428e+06
1936 1.358762e+06
1980 1.174753e+06
1997 7.623990e+05
2039 4.718428e+05
2124 4.359647e+05
2127 3.706107e+05
2177 3.609396e+05
2203 3.194140e+05
2206 2.878537e+05
2209 1.874624e+05
2244 1.165098e+05
2329 1.067208e+05
2365 9.335562e+04
2437 4.169546e+04
2609 3.232493e+04
2651 1.839531e+04
2743 1.354961e+04
2842 1.111002e+04
2967 1.092767e+04
2986 7.573961e+03
3187 6.290517e+03
3195 6.105479e+03
3201 5.784865e+03
3206 5.479490e+03
3216 4.859697e+03
3294 3.544184e+03
3330 3.024082e+03
3331 1.864735e+03
3378 1.713450e+03
3430 1.513648e+03
3478 1.423071e+03
3496 1.296360e+03
3498 1.001781e+03
3503 6.879529e+02
3524 5.216274e+02
3604 3.611236e+02
3681 3.050465e+02
3796 1.893715e+02
3928 1.837552e+02
3952 1.788113e+02
3989 9.180046e+01
4024 8.066373e+01
4144 7.095038e+01
4170 4.730283e+01
4173 3.902524e+01
4277 3.371106e+01
4297 3.368620e+01
4301 3.259438e+01
4315 1.710147e+01
4471 1.529881e+01
4500 1.130848e+01
4521 1.038771e+01
4554 8.967635e+00
4580 6.283293e+00
4642 2.581751e+00
4760 1.842679e+00
4788 1.779386e+00
4790 1.117047e+00
4840 7.376575e-01
4877 5.943159e-01
4931 4.661726e-01
4988 4.017683e-01
5011 3.644988e-01
5072 2.101967e-01
5083 1.824067e-01
5111 1.580436e-01
5132 1.051644e-01
5166 9.933524e-02
5174 8.188830e-02
5195 5.090853e-02
5273 5.054686e-02
5277 4.429684e-02
5281 2.602110e-02
5301 2.071864e-02
5310 1.986590e-02
5417 1.351564e-02
5458 1.305832e-02
5479 1.252775e-02
5486 1.124458e-02
5535 1.064456e-02
5586 1.053045e-02
5603 1.044243e-02
5610 1.020688e-02
5619 1.006855e-02
5659 9.910956e-03
5674 9.302727e-03
5689 9.298513e-03
5709 9.106265e-03
5732 9.069714e-03
5778 8.674761e-03
5785 8.344389e-03
5849 8.247475e-03
5864 8.228758e-03
5915 8.065093e-03
5943 8.060954e-03
5987 8.044675e-03
5990 8.005763e-03
5998 7.991730e-03
6019 7.983822e-03
6053 7.975450e-03
6072 7.968684e-03
6102 7.945182e-03
6172 7.937183e-03
6205 7.932575e-03
6226 7.930651e-03
6241 7.929825e-03
6261 7.922494e-03
6435 7.921570e-03
6477 7.920536e-03
6498 7.919337e-03
6514 7.919307e-03
6568 7.919299e-03
6587 7.918249e-03
6606 7.917774e-03
6647 7.917007e-03
6718 7.916928e-03
6729 7.916502e-03
6755 7.915165e-03
6777 7.913666e-03
6889 7.911976e-03
6896 7.911303e-03
6930 7.911193e-03
6955 7.908874e-03
6959 7.905959e-03
6990 7.905741e-03
6998 7.898510e-03
7013 7.896987e-03
7033 7.884468e-03
7147 7.884315e-03
7148 7.866001e-03
7203 7.862895e-03
7247 7.839492e-03
7282 7.827692e-03
7333 7.797040e-03
7350 7.783921e-03
7377 7.759530e-03
7390 7.753749e-03
7401 7.751382e-03
7410 7.698161e-03
7435 7.696150e-03
7460 7.689867e-03
7478 7.530078e-03
7527 7.511358e-03
7582 7.459836e-03
7606 7.350711e-03
7683 7.192142e-03
7730 7.015439e-03
7757 7.007381e-03
7767 6.493262e-03
7899 6.369768e-03
7927 6.278604e-03
7940 6.109075e-03
7942 6.086082e-03
7968 5.714834e-03
7981 5.161144e-03
8083 4.625160e-03
8153 4.138288e-03
8229 3.903053e-03
8242 3.793537e-03
8255 3.637749e-03
8310 3.050663e-03
8494 2.781847e-03
8545 2.732152e-03
8591 2.719316e-03
8659 2.638445e-03
8675 2.603477e-03
8679 2.510356e-03
8702 2.470729e-03
8719 2.450188e-03
8736 2.434653e-03
8748 2.383824e-03
8777 2.359702e-03
8788 2.290413e-03
8796 2.236464e-03
8805 2.189809e-03
8857 2.081787e-03
8928 2.041724e-03
8949 1.864765e-03
9011 1.769066e-03
9092 1.732542e-03
9125 1.711447e-03
9131 1.603526e-03
9268 1.452630e-03
9299 1.435982e-03
9334 1.365049e-03
9345 1.345089e-03
9368 1.321465e-03
9424 1.317157e-03
9431 1.306553e-03
9468 1.263786e-03
9469 1.248480e-03
9487 1.238741e-03
9488 1.087490e-03
9727 1.083090e-03
9750 1.037424e-03
9751 1.024386e-03
9829 1.011849e-03
9849 1.006368e-03
9868 9.605467e-04
9904 9.384055e-04
9938 9.199968e-04
9943 8.429331e-04
10044 8.273261e-04
10079 8.224659e-04
10118 8.086947e-04
10139 8.028417e-04
10151 7.707728e-04
10153 7.428059e-04
10170 7.290828e-04
10187 7.129962e-04
10205 6.543092e-04
10334 6.473013e-04
10352 6.394515e-04
10385 6.004056e-04
10402 5.715951e-04
10458 5.481260e-04
10545 5.434230e-04
10582 4.946623e-04
10653 4.705673e-04
10712 4.117733e-04
10853 3.919938e-04
10881 3.770507e-04
10919 3.759878e-04
10932 3.492931e-04
11179 3.203206e-04
11217 3.113408e-04
11225 2.755908e-04
11294 2.755604e-04
11303 2.709968e-04
11350 2.422078e-04
11485 2.414654e-04
11488 2.204828e-04
11498 2.204237e-04
11507 2.165267e-04
11578 2.098508e-04
11620 2.079693e-04
11621 1.975717e-04
11639 1.680284e-04
11791 1.636345e-04
11836 1.542247e-04
11893 1.492152e-04
11908 1.450517e-04
11987 1.392259e-04
11998 1.370840e-04
12004 1.300968e-04
12013 1.258547e-04
12072 1.169523e-04
12136 1.140431e-04
12178 1.075757e-04
12213 1.014760e-04
12264 9.957355e-05
12288 9.397032e-05
12322 9.303593e-05
12337 9.183730e-05
12375 9.183426e-05
12376 8.890305e-05
12378 8.700559e-05
12399 8.592813e-05
12416 8.149517e-05
12433 7.681829e-05
12466 7.627832e-05
12519 7.461478e-05
12532 6.655639e-05
12657 6.049447e-05
12793 5.895896e-05
12803 5.800155e-05
12889 5.600229e-05
12898 5.538828e-05
12899 5.406033e-05
12904 5.234713e-05
13006 4.963053e-05
13026 4.928629e-05
13033 4.810761e-05
13038 4.697002e-05
13042 4.435918e-05
13083 4.232803e-05
13100 4.179474e-05
13147 4.124519e-05
13148 3.996927e-05
13210 3.938067e-05
13220 3.584895e-05
13253 3.420931e-05
13296 3.338201e-05
13326 3.068150e-05
13344 2.898041e-05
13377 2.675360e-05
13473 2.539786e-05
13491 2.458909e-05
13512 2.381569e-05
13543 2.142778e-05
13652 1.956785e-05
13717 1.805732e-05
13734 1.781465e-05
13749 1.723757e-05
13768 1.658868e-05
13844 1.590031e-05
13884 1.578382e-05
13888 1.571959e-05
13901 1.567218e-05
13921 1.470676e-05
14066 1.462499e-05
14070 1.321508e-05
14094 1.315699e-05
14127 1.296244e-05
14152 1.288160e-05
14161 1.212716e-05
14197 1.124048e-05
14210 1.078206e-05
14269 1.033999e-05
14303 9.542513e-06
14369 9.347477e-06
14397 9.321433e-06
14398 8.815278e-06
14490 7.319422e-06
14592 7.075369e-06
14612 7.030978e-06
14630 6.669650e-06
14632 6.456557e-06
14657 5.870561e-06
14710 5.786383e-06
14713 5.780513e-06
14743 5.296027e-06
14803 4.758678e-06
14854 4.749938e-06
14862 4.634134e-06
14892 4.520973e-06
14906 4.034921e-06
14967 3.946253e-06
75939 3.874737e-06
76067 3.730680e-06
76202 3.571127e-06
76295 3.357709e-06
76344 3.233352e-06
76377 2.601315e-06
76691 2.480873e-06
76766 2.317469e-06
76798 1.912444e-06
77049 1.893472e-06
77059 1.598367e-06
77362 1.589494e-06
77413 1.447027e-06
77447 1.384901e-06
77529 1.330784e-06
77595 1.299467e-06
77637 1.264449e-06
77728 1.218767e-06
77780 1.080909e-06
77786 1.015061e-06
77833 9.004652e-07
78206 8.627750e-07
78269 7.307644e-07
78342 6.574811e-07
78451 5.562027e-07
78546 5.011209e-07
78872 4.654839e-07
79046 3.597813e-07
79365 3.432338e-07
79399 2.639841e-07
79621 2.442419e-07
79645 2.396890e-07
79769 2.392497e-07
79985 2.280910e-07
80033 2.270394e-07
80038 2.052537e-07
80092 1.827990e-07
80110 1.790096e-07
80150 1.734188e-07
80174 1.714268e-07
80222 1.458202e-07
80230 1.207998e-07
80617 1.120237e-07
80773 1.010111e-07
80968 9.797180e-08
81014 6.987731e-08
81207 5.606627e-08
81475 5.287509e-08
81617 3.922356e-08
81797 3.556660e-08
81911 3.101522e-08
82042 2.847474e-08
82193 2.843944e-08
82305 2.750834e-08
82422 2.324665e-08
82487 1.659110e-08
82562 1.199122e-08
82947 9.395806e-09
