1 2.658609e+15
19 7.720587e+13
23 3.576371e+12
30 7.085195e+10
82 6.366624e+10
177 6.355804e+10
185 5.232833e+10
198 3.617023e+10
229 1.608913e+10
402 1.316144e+10
451 5.853730e+09
598 5.409687e+09
615 3.500270e+09
655 3.353703e+09
694 3.223294e+09
709 2.550805e+09
710 2.505898e+09
721 2.392551e+09
754 1.616083e+09
847 1.007835e+09
855 9.360266e+08
962 8.867802e+08
981 4.212604e+08
1016 3.658130e+08
1029 3.624976e+08
1062 3.256751e+08
1102 2.645783e+08
1123 2.602242e+08
1141 2.498117e+08
1144 2.474005e+08
1148 2.464739e+08
1158 1.645109e+08
1218 6.783072e+07
1233 6.307288e+07
1308 6.131830e+07
1382 5.006673e+07
1383 4.484856e+07
1450 3.419900e+07
1470 2.020134e+07
1554 1.461052e+07
1578 1.400930e+07
1583 9.185816e+06
1641 7.237418e+06
1707 7.213018e+06
1723 7.077975e+06
1775 6.810398e+06
1776 3.504858e+06
1778 3.360275e+06
1781 2.568128e+06
1847 2.109564e+06
1863 1.056485e+06
2050 9.248245e+05
2137 3.232785e+05
2170 1.502199e+05
2274 8.606505e+04
2325 6.973685e+04
2395 6.607048e+04
2415 5.071747e+04
2422 4.395168e+04
2441 4.278912e+04
2466 3.544869e+04
2515 2.965816e+04
2557 2.871010e+04
2560 2.234280e+04
2562 2.119695e+04
2570 1.214103e+04
2698 8.928333e+03
2715 8.138438e+03
2747 7.560144e+03
2771 6.869829e+03
2798 6.485959e+03
2800 5.831584e+03
2820 5.721954e+03
2825 4.896465e+03
2918 4.617412e+03
2942 4.475085e+03
2988 3.638515e+03
3096 3.358891e+03
3170 2.808007e+03
3237 2.685398e+03
3333 2.502711e+03
3362 2.446988e+03
3366 2.441958e+03
3420 2.311166e+03
3422 2.310887e+03
3444 2.242606e+03
3450 2.230280e+03
3453 2.195183e+03
3510 2.140066e+03
3536 2.111123e+03
3537 1.998862e+03
3557 1.932522e+03
3586 1.921488e+03
3711 1.920261e+03
3714 1.888478e+03
3734 1.849911e+03
3792 1.814959e+03
3799 1.716009e+03
3849 1.713398e+03
3902 1.702256e+03
3925 1.646813e+03
3952 1.541473e+03
4059 1.495275e+03
4071 1.254428e+03
4119 1.156586e+03
4148 9.091889e+02
4196 9.072226e+02
4229 6.522470e+02
4341 5.835772e+02
4349 5.468672e+02
4365 4.524735e+02
4436 4.019298e+02
4445 3.986207e+02
4450 2.492627e+02
4544 1.759601e+02
4552 1.522166e+02
4598 1.212251e+02
4628 9.919534e+01
4707 5.949900e+01
4761 5.465245e+01
4770 5.052878e+01
4777 2.979465e+01
4876 5.069379e+00
5066 2.343069e+00
5203 1.899222e+00
5221 1.534377e+00
5465 6.406961e-01
5517 4.622972e-01
5629 3.398880e-01
5651 2.858445e-01
5665 1.580215e-01
5694 1.181151e-01
5748 6.254763e-02
5785 4.666530e-02
5838 3.956497e-02
5899 2.931529e-02
5904 1.474748e-02
5976 1.387647e-02
6007 1.290203e-02
6056 6.803992e-03
6106 6.268454e-03
6115 6.204321e-03
6139 6.037657e-03
6146 4.386119e-03
6182 1.368438e-03
6342 1.119335e-03
6393 9.363750e-04
6400 9.229074e-04
6410 6.535460e-04
6466 4.633115e-04
6469 3.970693e-04
6498 3.738735e-04
6510 3.458464e-04
6528 3.435586e-04
6530 3.113474e-04
6564 2.495511e-04
6580 1.613845e-04
6665 1.501100e-04
6694 1.262929e-04
6696 1.155470e-04
6701 1.035241e-04
6725 9.833014e-05
6726 6.998276e-05
6776 6.905342e-05
6786 6.841943e-05
6817 6.191636e-05
6830 6.089675e-05
6853 5.925015e-05
6881 5.580895e-05
6965 5.367624e-05
7003 5.178916e-05
7061 5.166784e-05
7064 5.062819e-05
7144 5.012895e-05
7225 4.974781e-05
7298 4.950842e-05
7377 4.945654e-05
7383 4.944558e-05
7415 4.942685e-05
7433 4.929992e-05
7439 4.925426e-05
7587 4.924265e-05
7604 4.919754e-05
7654 4.916605e-05
7656 4.915365e-05
7678 4.913375e-05
7679 4.913188e-05
7733 4.911505e-05
7809 4.905726e-05
7838 4.905080e-05
7916 4.886712e-05
8027 4.882766e-05
8070 4.871214e-05
8102 4.865168e-05
8109 4.859731e-05
8113 4.852736e-05
8124 4.847624e-05
8191 4.835957e-05
8197 4.834795e-05
8280 4.789186e-05
8304 4.768916e-05
8314 4.715217e-05
8388 4.644955e-05
8454 4.620126e-05
8488 4.549839e-05
8512 4.541110e-05
8519 4.529461e-05
8536 4.515971e-05
8547 4.248605e-05
8626 4.006818e-05
8726 3.922176e-05
8757 3.812998e-05
8815 3.607722e-05
8841 3.577091e-05
8856 3.264148e-05
8933 3.029510e-05
8972 2.863283e-05
8979 2.779549e-05
8985 2.712536e-05
9026 2.571177e-05
9045 2.560221e-05
9105 2.133490e-05
9239 2.068726e-05
9242 2.023072e-05
9310 1.826004e-05
9360 1.796956e-05
9361 1.774144e-05
9366 1.728215e-05
9411 1.726953e-05
9428 1.646954e-05
9468 1.623863e-05
9487 1.563352e-05
9524 1.520274e-05
9573 1.368812e-05
9666 1.305625e-05
9722 1.237765e-05
9773 1.204207e-05
9840 1.183618e-05
9901 1.092894e-05
9957 9.820275e-06
10064 9.241949e-06
10124 8.922581e-06
10156 8.717397e-06
10178 8.461387e-06
10179 8.283733e-06
10181 8.079812e-06
10184 7.803336e-06
10204 7.487343e-06
10263 7.483987e-06
10270 7.277928e-06
10309 6.977881e-06
10329 6.680206e-06
10400 6.128789e-06
10509 6.094044e-06
10562 5.151420e-06
10581 4.984131e-06
10617 4.517888e-06
10695 4.179611e-06
10740 4.173787e-06
10809 3.989767e-06
10821 3.736660e-06
10874 3.468238e-06
10882 3.248922e-06
10941 3.078275e-06
10986 3.015458e-06
11037 2.810061e-06
11074 2.789070e-06
11117 2.665072e-06
11128 2.571062e-06
11254 2.527260e-06
11286 2.509763e-06
11291 2.494796e-06
11297 2.489337e-06
11306 2.398352e-06
11361 2.112477e-06
11400 1.922191e-06
11439 1.852411e-06
11502 1.777329e-06
11505 1.742042e-06
11549 1.628665e-06
11616 1.607582e-06
11697 1.533263e-06
11704 1.329465e-06
11844 1.168154e-06
11857 9.948940e-07
12023 9.536579e-07
12061 9.445362e-07
12095 9.093145e-07
12110 8.858390e-07
12176 8.829293e-07
12183 8.209393e-07
12192 7.758880e-07
12231 7.010902e-07
12246 6.767277e-07
12279 6.546138e-07
12290 5.579322e-07
12369 5.246883e-07
12444 5.224759e-07
12522 4.541601e-07
12524 4.285077e-07
12627 3.876251e-07
12674 3.151482e-07
12722 2.937709e-07
12734 2.859296e-07
12782 2.338212e-07
12861 2.221423e-07
12953 2.051856e-07
12961 1.862667e-07
13021 1.747533e-07
13099 1.746374e-07
13103 1.558863e-07
13143 1.460355e-07
13156 1.331493e-07
13222 1.311948e-07
13233 1.257011e-07
13288 9.040122e-08
13370 8.847161e-08
13461 8.025045e-08
13484 7.850186e-08
13487 7.437473e-08
13503 6.789976e-08
13520 6.153400e-08
13658 5.215041e-08
13727 5.122723e-08
13754 4.320905e-08
13770 4.134352e-08
13821 3.845429e-08
13845 3.037800e-08
13943 2.961560e-08
13952 2.793011e-08
13958 2.031687e-08
13991 2.010938e-08
14051 1.509491e-08
14297 1.347663e-08
14380 1.330401e-08
14395 1.122554e-08
14404 1.038152e-08
14437 8.994700e-09
48382 8.759065e-09
