1 4.055291e+20
5 1.030494e+20
12 2.514061e+13
52 2.498069e+12
55 2.798459e+11
56 8.404925e+10
69 4.405718e+10
110 3.733383e+10
181 3.009011e+10
236 1.336821e+10
358 1.328998e+10
390 1.251652e+10
396 8.183830e+09
442 7.619426e+09
445 7.104400e+09
448 5.213964e+09
530 3.252568e+09
592 2.918490e+09
623 2.884044e+09
638 1.906183e+09
646 1.773657e+09
731 1.738152e+09
741 1.374289e+09
755 1.131010e+09
839 5.500261e+08
879 3.949777e+08
1063 2.770488e+08
1120 2.123895e+08
1175 1.715690e+08
1257 1.252518e+08
1260 9.254649e+07
1327 7.258144e+07
1343 6.469032e+07
1373 6.442486e+07
1394 5.683077e+07
1396 2.015835e+07
1413 1.234801e+07
1585 1.200647e+07
1666 1.112874e+07
1729 1.085536e+07
1734 1.022370e+07
1747 8.622067e+06
1792 6.754321e+06
1794 5.224984e+06
1889 5.176151e+06
1898 5.150127e+06
1930 3.936068e+06
1943 2.942985e+06
1951 2.747146e+06
1988 2.058628e+06
2046 1.513503e+06
2105 1.284495e+06
2130 4.820627e+05
2148 3.034844e+05
2413 2.970430e+05
2427 2.469302e+05
2448 2.101607e+05
2474 1.933639e+05
2551 1.633721e+05
2567 1.363512e+05
2605 1.273565e+05
2716 1.229660e+05
2768 1.171076e+05
2803 9.349360e+04
2844 6.484875e+04
2932 5.799120e+04
3039 5.735080e+04
3055 5.537059e+04
3084 5.475598e+04
3092 5.241120e+04
3106 4.939834e+04
3112 4.352938e+04
3154 4.352790e+04
3221 4.086842e+04
3252 3.972205e+04
3296 3.860593e+04
3334 3.657878e+04
3388 3.607863e+04
3400 3.505061e+04
3561 3.465407e+04
3622 3.460107e+04
3623 3.406290e+04
3635 3.386059e+04
3698 3.382721e+04
3701 3.373423e+04
3723 3.366623e+04
3730 3.345706e+04
3822 3.319217e+04
3867 3.251633e+04
3892 3.235386e+04
3929 3.216260e+04
3933 3.170750e+04
3955 3.166135e+04
3982 3.163924e+04
3985 3.157365e+04
4088 3.117940e+04
4105 3.098759e+04
4122 3.096514e+04
4125 3.075821e+04
4145 3.054564e+04
4148 3.045537e+04
4182 2.995921e+04
4198 2.977832e+04
4200 2.975029e+04
4204 2.900108e+04
4243 2.887058e+04
4255 2.881281e+04
4299 2.873608e+04
4304 2.854544e+04
4308 2.833875e+04
4309 2.554527e+04
4417 2.526423e+04
4427 2.363616e+04
4432 1.974473e+04
4461 1.620786e+04
4518 1.496433e+04
4588 8.569823e+03
4743 8.064315e+03
4804 7.949837e+03
4822 5.570040e+03
4824 3.128536e+03
4984 2.647416e+03
5002 2.043243e+03
5118 2.040369e+03
5145 1.612292e+03
5179 1.488781e+03
5198 1.473715e+03
5227 1.462358e+03
5260 6.742379e+02
5266 5.815474e+02
5292 5.360195e+02
5328 3.862789e+02
5354 2.621385e+02
5550 2.111104e+02
5606 1.690208e+02
5671 1.174220e+02
5726 6.921453e+01
5787 4.261631e+01
5881 4.241580e+01
5889 3.851254e+01
5926 3.450741e+01
5962 3.232003e+01
5964 2.677988e+01
5990 2.391497e+01
6025 1.834604e+01
6059 1.784384e+01
6072 1.721099e+01
6100 1.345051e+01
6151 1.212399e+01
6175 1.028814e+01
6189 9.924673e+00
6208 9.800416e+00
6226 8.305053e+00
6253 6.291919e+00
6256 3.585090e+00
6307 3.264421e+00
6349 2.598767e+00
6381 1.485185e+00
6558 1.127094e+00
6605 7.165158e-01
6678 6.914270e-01
6725 6.365582e-01
6778 5.403332e-01
6894 4.038110e-01
6933 3.098615e-01
6951 2.915411e-01
6979 2.022082e-01
7006 1.540169e-01
7111 1.313920e-01
7122 1.116509e-01
7133 6.212048e-02
7180 5.814082e-02
7288 4.191838e-02
7336 3.314169e-02
7379 3.304953e-02
7395 2.829208e-02
7404 2.733988e-02
7432 2.709060e-02
7445 1.991258e-02
7460 1.658192e-02
7491 1.387913e-02
7531 1.338981e-02
7594 1.264663e-02
7632 1.256094e-02
7650 1.091848e-02
7656 1.047923e-02
7659 5.613589e-03
7755 3.582375e-03
7795 2.908921e-03
7831 1.994397e-03
7854 1.989239e-03
7874 1.508866e-03
7956 1.462677e-03
8003 1.386718e-03
8056 1.178025e-03
8077 1.018162e-03
8175 5.408691e-04
8226 4.167509e-04
8282 2.551570e-04
8359 2.426654e-04
8362 2.296449e-04
8586 1.656393e-04
8621 1.528817e-04
8671 9.207146e-05
8756 6.743809e-05
8779 5.873929e-05
8839 4.790349e-05
8849 4.703895e-05
8993 4.689632e-05
9026 2.653359e-05
9039 2.539761e-05
9040 2.184639e-05
9117 2.075298e-05
9138 1.980029e-05
9152 1.950503e-05
9190 1.710157e-05
9202 1.624088e-05
9203 1.250226e-05
9220 6.927068e-06
9256 5.202983e-06
9358 3.918337e-06
9467 3.780266e-06
9472 3.022502e-06
9491 2.724298e-06
9500 2.024814e-06
9553 1.044917e-06
9558 9.665747e-07
9559 5.665314e-07
9803 2.819257e-07
9967 1.391642e-07
10052 1.018413e-07
10160 8.724872e-08
10194 8.675052e-08
10219 4.850361e-08
10222 4.287273e-08
10242 4.177850e-08
10364 4.094494e-08
10367 3.678442e-08
10423 2.079221e-08
10491 1.329356e-08
10633 1.026122e-08
10729 9.850302e-09
46525 9.830307e-09
