1 1.052632e+04
4 7.061789e+03
255 6.847445e+03
317 6.076560e+03
347 5.249232e+03
359 3.369404e+03
586 3.154261e+03
683 2.969689e+03
684 2.813924e+03
704 2.745041e+03
768 2.739060e+03
784 2.582351e+03
805 2.519335e+03
816 2.330318e+03
846 2.211071e+03
957 2.157063e+03
983 1.850523e+03
1032 1.850150e+03
1041 1.793948e+03
1058 1.732716e+03
1075 1.697242e+03
1164 1.666109e+03
1232 1.500479e+03
1266 1.448000e+03
1339 1.382108e+03
1347 1.327361e+03
1370 1.167082e+03
1381 1.145365e+03
1397 1.059137e+03
1448 1.014596e+03
1608 9.746898e+02
1617 9.589177e+02
1626 9.338959e+02
1679 8.886688e+02
1742 8.310637e+02
1768 7.763368e+02
1851 7.725557e+02
1861 6.627331e+02
1952 5.895533e+02
2205 5.676881e+02
2230 4.993618e+02
2389 4.969246e+02
2419 4.375252e+02
2572 4.350387e+02
2620 3.999224e+02
2631 3.899180e+02
2676 3.896590e+02
2757 3.824316e+02
2774 3.788800e+02
2806 3.761598e+02
2836 3.430908e+02
2861 3.410798e+02
2937 3.328782e+02
3030 3.154367e+02
3070 3.148025e+02
3113 3.070082e+02
3131 3.042289e+02
3143 3.032963e+02
3146 2.967319e+02
3154 2.964385e+02
3176 2.950799e+02
3191 2.936811e+02
3221 2.879530e+02
3280 2.741805e+02
3340 2.716536e+02
3396 2.625996e+02
3423 2.597483e+02
3472 2.516249e+02
3569 2.491175e+02
3607 2.482570e+02
3610 2.474327e+02
3668 2.368658e+02
3746 2.335541e+02
3883 2.330744e+02
3889 2.325722e+02
3924 2.276709e+02
4018 2.272317e+02
4040 2.270102e+02
4043 2.268691e+02
4048 2.260159e+02
4051 2.252218e+02
4055 2.228826e+02
4092 2.208984e+02
4152 2.205602e+02
4162 2.191020e+02
4176 2.185649e+02
4180 2.181591e+02
4198 2.180220e+02
4199 2.139027e+02
4333 2.129611e+02
4358 2.125597e+02
4482 2.116894e+02
4515 2.113300e+02
4530 2.112196e+02
4564 2.106773e+02
4583 2.105711e+02
4603 2.096552e+02
4640 2.095894e+02
4646 2.095611e+02
4651 2.091666e+02
4656 2.078695e+02
4658 2.075861e+02
4788 2.072427e+02
4808 2.071689e+02
4839 2.067376e+02
4860 2.060717e+02
4914 2.059378e+02
5067 2.052945e+02
5074 2.046313e+02
5162 2.044682e+02
5274 2.043916e+02
5311 2.042780e+02
5330 2.039861e+02
5355 2.038417e+02
5378 2.037552e+02
5379 2.036290e+02
5402 2.034261e+02
5433 2.030466e+02
5476 2.029935e+02
5534 2.028667e+02
5584 2.027968e+02
5641 2.025810e+02
5685 2.025693e+02
5689 2.024506e+02
5703 2.020697e+02
5814 2.020217e+02
5823 2.016230e+02
5902 2.014689e+02
5933 2.014265e+02
5949 2.013948e+02
6019 2.012386e+02
6037 2.012201e+02
6045 2.011744e+02
6071 2.011099e+02
6128 2.010022e+02
6157 2.009892e+02
6197 2.009634e+02
6252 2.009111e+02
6260 2.008890e+02
6288 2.008256e+02
6340 2.007730e+02
6344 2.006663e+02
6464 2.006350e+02
6554 2.006132e+02
6594 2.005613e+02
6623 2.005482e+02
6659 2.005184e+02
6685 2.004409e+02
6827 2.003926e+02
6945 2.003589e+02
6983 2.003089e+02
7017 2.003014e+02
7097 2.002956e+02
7125 2.002849e+02
7128 2.002657e+02
7161 2.002642e+02
7179 2.002620e+02
7183 2.002454e+02
7184 2.002361e+02
7197 2.002208e+02
7201 2.002128e+02
7205 2.002034e+02
7245 2.002033e+02
7271 2.001811e+02
7352 2.001764e+02
7392 2.001596e+02
7416 2.001531e+02
7512 2.001480e+02
7516 2.001461e+02
7526 2.001199e+02
7594 2.001103e+02
7658 2.001046e+02
7702 2.000986e+02
7757 2.000963e+02
7765 2.000937e+02
7774 2.000889e+02
7810 2.000814e+02
7817 2.000806e+02
7890 2.000780e+02
7911 2.000713e+02
7940 2.000685e+02
7992 2.000675e+02
7993 2.000630e+02
8032 2.000617e+02
8090 2.000570e+02
8092 2.000531e+02
8179 2.000512e+02
8235 2.000509e+02
8240 2.000492e+02
8246 2.000462e+02
8277 2.000390e+02
8328 2.000364e+02
8335 2.000362e+02
8352 2.000320e+02
8399 2.000313e+02
8422 2.000275e+02
8569 2.000262e+02
8591 2.000255e+02
8606 2.000216e+02
8659 2.000206e+02
8745 2.000183e+02
8775 2.000180e+02
8827 2.000167e+02
8939 2.000157e+02
8945 2.000146e+02
8947 2.000143e+02
9034 2.000139e+02
9038 2.000137e+02
9070 2.000108e+02
9242 2.000106e+02
9249 2.000097e+02
9325 2.000093e+02
9327 2.000084e+02
9358 2.000080e+02
9375 2.000080e+02
9387 2.000080e+02
9395 2.000074e+02
9470 2.000071e+02
9495 2.000069e+02
9533 2.000061e+02
9573 2.000060e+02
9584 2.000058e+02
9605 2.000053e+02
9647 2.000049e+02
9681 2.000048e+02
9720 2.000041e+02
9868 2.000036e+02
9919 2.000033e+02
9922 2.000032e+02
9991 2.000028e+02
10074 2.000027e+02
10078 2.000025e+02
10095 2.000024e+02
10160 2.000024e+02
10203 2.000022e+02
10380 2.000019e+02
10387 2.000017e+02
10451 2.000014e+02
10555 2.000013e+02
10579 2.000013e+02
10582 2.000013e+02
10604 2.000012e+02
10630 2.000012e+02
10632 2.000012e+02
10651 2.000010e+02
10687 2.000010e+02
10792 2.000009e+02
10800 2.000009e+02
10801 2.000009e+02
10845 2.000008e+02
10847 2.000006e+02
10925 2.000006e+02
10934 2.000006e+02
11032 2.000006e+02
11037 2.000006e+02
11068 2.000006e+02
11073 2.000005e+02
11096 2.000005e+02
11103 2.000005e+02
11180 2.000005e+02
11186 2.000005e+02
11300 2.000004e+02
11303 2.000004e+02
11315 2.000004e+02
11330 2.000003e+02
11335 2.000003e+02
11450 2.000003e+02
11465 2.000003e+02
11483 2.000003e+02
11494 2.000003e+02
11510 2.000003e+02
11525 2.000003e+02
11547 2.000003e+02
11554 2.000003e+02
11567 2.000002e+02
11589 2.000002e+02
11594 2.000002e+02
11615 2.000002e+02
11628 2.000002e+02
11636 2.000002e+02
11711 2.000002e+02
11742 2.000002e+02
11880 2.000002e+02
11936 2.000002e+02
11944 2.000001e+02
11949 2.000001e+02
12047 2.000001e+02
12066 2.000001e+02
12086 2.000001e+02
12087 2.000001e+02
12097 2.000001e+02
12101 2.000001e+02
12179 2.000001e+02
12188 2.000001e+02
12214 2.000001e+02
12217 2.000001e+02
12285 2.000001e+02
12332 2.000001e+02
12351 2.000001e+02
12492 2.000001e+02
12720 2.000000e+02
12778 2.000000e+02
12802 2.000000e+02
12811 2.000000e+02
12845 2.000000e+02
12853 2.000000e+02
12866 2.000000e+02
12987 2.000000e+02
12998 2.000000e+02
13028 2.000000e+02
13107 2.000000e+02
13146 2.000000e+02
13158 2.000000e+02
13187 2.000000e+02
13210 2.000000e+02
13246 2.000000e+02
13277 2.000000e+02
13318 2.000000e+02
13325 2.000000e+02
13393 2.000000e+02
13468 2.000000e+02
13477 2.000000e+02
13500 2.000000e+02
13552 2.000000e+02
13590 2.000000e+02
13690 2.000000e+02
13692 2.000000e+02
13762 2.000000e+02
13824 2.000000e+02
13932 2.000000e+02
13978 2.000000e+02
13982 2.000000e+02
14005 2.000000e+02
14070 2.000000e+02
14072 2.000000e+02
14087 2.000000e+02
14132 2.000000e+02
14224 2.000000e+02
14257 2.000000e+02
14269 2.000000e+02
14275 2.000000e+02
14295 2.000000e+02
14298 2.000000e+02
14303 2.000000e+02
14304 2.000000e+02
14346 2.000000e+02
14350 2.000000e+02
14392 2.000000e+02
14449 2.000000e+02
14473 2.000000e+02
14534 2.000000e+02
14565 2.000000e+02
14612 2.000000e+02
14613 2.000000e+02
14638 2.000000e+02
14668 2.000000e+02
14705 2.000000e+02
14726 2.000000e+02
14757 2.000000e+02
14830 2.000000e+02
14850 2.000000e+02
14854 2.000000e+02
14864 2.000000e+02
14893 2.000000e+02
14992 2.000000e+02
15101 2.000000e+02
15167 2.000000e+02
15203 2.000000e+02
15225 2.000000e+02
15265 2.000000e+02
15266 2.000000e+02
15316 2.000000e+02
15343 2.000000e+02
15393 2.000000e+02
15409 2.000000e+02
15415 2.000000e+02
15435 2.000000e+02
15447 2.000000e+02
15465 2.000000e+02
15484 2.000000e+02
15527 2.000000e+02
15544 2.000000e+02
15619 2.000000e+02
15671 2.000000e+02
15736 2.000000e+02
15738 2.000000e+02
15748 2.000000e+02
15885 2.000000e+02
15912 2.000000e+02
15945 2.000000e+02
15963 2.000000e+02
16005 2.000000e+02
16023 2.000000e+02
16036 2.000000e+02
16088 2.000000e+02
16127 2.000000e+02
16207 2.000000e+02
16238 2.000000e+02
16241 2.000000e+02
16278 2.000000e+02
16294 2.000000e+02
16305 2.000000e+02
16310 2.000000e+02
16356 2.000000e+02
16383 2.000000e+02
16398 2.000000e+02
16407 2.000000e+02
16412 2.000000e+02
16506 2.000000e+02
16597 2.000000e+02
16639 2.000000e+02
16685 2.000000e+02
16702 2.000000e+02
16717 2.000000e+02
16774 2.000000e+02
16935 2.000000e+02
16954 2.000000e+02
16976 2.000000e+02
16996 2.000000e+02
17007 2.000000e+02
17034 2.000000e+02
17061 2.000000e+02
17186 2.000000e+02
17288 2.000000e+02
17314 2.000000e+02
17450 2.000000e+02
17470 2.000000e+02
17511 2.000000e+02
17564 2.000000e+02
17586 2.000000e+02
17609 2.000000e+02
17621 2.000000e+02
17660 2.000000e+02
17682 2.000000e+02
17738 2.000000e+02
17813 2.000000e+02
17885 2.000000e+02
17922 2.000000e+02
17980 2.000000e+02
18009 2.000000e+02
18010 2.000000e+02
18035 2.000000e+02
18037 2.000000e+02
18072 2.000000e+02
18132 2.000000e+02
18153 2.000000e+02
18212 2.000000e+02
18347 2.000000e+02
18417 2.000000e+02
18512 2.000000e+02
18563 2.000000e+02
18591 2.000000e+02
18722 2.000000e+02
18726 2.000000e+02
18730 2.000000e+02
18881 2.000000e+02
18910 2.000000e+02
18914 2.000000e+02
19006 2.000000e+02
19011 2.000000e+02
19051 2.000000e+02
19122 2.000000e+02
19154 2.000000e+02
19178 2.000000e+02
19179 2.000000e+02
19190 2.000000e+02
19313 2.000000e+02
19327 2.000000e+02
19361 2.000000e+02
19389 2.000000e+02
19410 2.000000e+02
19441 2.000000e+02
19539 2.000000e+02
19540 2.000000e+02
19760 2.000000e+02
19775 2.000000e+02
19820 2.000000e+02
19825 2.000000e+02
19907 2.000000e+02
20007 2.000000e+02
20037 2.000000e+02
20087 2.000000e+02
20094 2.000000e+02
20120 2.000000e+02
20139 2.000000e+02
20167 2.000000e+02
20171 2.000000e+02
20220 2.000000e+02
20230 2.000000e+02
20236 2.000000e+02
20240 2.000000e+02
20242 2.000000e+02
20289 2.000000e+02
20308 2.000000e+02
20367 2.000000e+02
20418 2.000000e+02
20446 2.000000e+02
20462 2.000000e+02
20536 2.000000e+02
