1 6.405987e+03
6 4.586766e+03
7 4.205519e+03
33 3.783569e+03
52 3.228601e+03
55 3.001456e+03
56 2.816844e+03
140 2.770866e+03
211 2.739733e+03
254 2.672708e+03
279 2.582671e+03
300 2.572741e+03
470 2.504476e+03
683 2.473965e+03
729 2.406794e+03
1020 2.321203e+03
1519 2.318674e+03
1534 2.275429e+03
1709 2.235175e+03
1859 2.176526e+03
1943 2.120908e+03
1989 2.007317e+03
2333 1.958965e+03
2445 1.937081e+03
2472 1.921280e+03
2562 1.849319e+03
2702 1.837472e+03
2988 1.797307e+03
3009 1.689816e+03
3368 1.671434e+03
3540 1.626065e+03
3761 1.562723e+03
3935 1.550021e+03
3961 1.520407e+03
4091 1.456710e+03
4235 1.407179e+03
4407 1.406580e+03
4464 1.399821e+03
4535 1.319859e+03
4869 1.312086e+03
4981 1.276956e+03
5183 1.270867e+03
5223 1.239705e+03
5538 1.238109e+03
5552 1.184530e+03
5798 1.167785e+03
6156 1.162060e+03
6203 1.158506e+03
6206 1.150959e+03
6224 1.141293e+03
6349 1.138580e+03
6441 1.112668e+03
6487 1.102502e+03
6534 1.065441e+03
6825 1.062210e+03
6973 1.058392e+03
7093 1.055476e+03
7129 1.042318e+03
7235 1.039117e+03
7496 1.032622e+03
7538 1.021950e+03
7641 1.019161e+03
7761 1.012174e+03
7818 9.984495e+02
7890 9.968905e+02
7941 9.944252e+02
7945 9.778920e+02
8008 9.718071e+02
8215 9.641134e+02
8372 9.619535e+02
8419 9.619505e+02
8493 9.601869e+02
8500 9.586118e+02
8503 9.532032e+02
8632 9.310989e+02
8997 9.201466e+02
9170 9.127679e+02
9241 9.113877e+02
9511 9.073857e+02
9532 9.037778e+02
9538 8.992447e+02
9609 8.965984e+02
9699 8.907360e+02
10258 8.890362e+02
10386 8.872809e+02
10467 8.781280e+02
10594 8.766180e+02
10637 8.694683e+02
10683 8.644838e+02
10851 8.551812e+02
10969 8.545873e+02
10986 8.474556e+02
11007 8.471870e+02
11018 8.431744e+02
11085 8.399004e+02
11410 8.344762e+02
11521 8.293515e+02
11792 8.278448e+02
11850 8.217175e+02
11931 8.209918e+02
12066 8.203185e+02
12164 8.202633e+02
12187 8.187130e+02
12247 8.117177e+02
12353 8.085271e+02
12394 8.065912e+02
12773 8.059652e+02
12779 8.046742e+02
12871 8.035877e+02
12878 8.016452e+02
13008 7.977586e+02
13434 7.963838e+02
13475 7.952964e+02
13626 7.947176e+02
13714 7.938129e+02
13770 7.925930e+02
13774 7.925189e+02
13837 7.914575e+02
13866 7.910410e+02
13869 7.859466e+02
14214 7.858413e+02
14253 7.854274e+02
14347 7.821663e+02
14553 7.798507e+02
14824 7.792751e+02
14862 7.783237e+02
15011 7.779083e+02
15099 7.771938e+02
15149 7.762256e+02
15213 7.761173e+02
15258 7.748715e+02
15277 7.748409e+02
15387 7.742209e+02
15423 7.739116e+02
15493 7.736198e+02
15495 7.735536e+02
15551 7.729858e+02
15578 7.723343e+02
15596 7.711004e+02
15626 7.709306e+02
15659 7.705743e+02
15745 7.704103e+02
15770 7.694963e+02
15797 7.693041e+02
15828 7.677154e+02
16249 7.675544e+02
16406 7.673571e+02
16457 7.669265e+02
16507 7.660105e+02
16693 7.659755e+02
16699 7.656822e+02
16960 7.655710e+02
17079 7.655616e+02
17110 7.654717e+02
17124 7.644252e+02
17164 7.632045e+02
17335 7.630250e+02
17373 7.622992e+02
17409 7.617966e+02
17617 7.615970e+02
17918 7.613848e+02
17942 7.612637e+02
18033 7.609011e+02
18071 7.606325e+02
18107 7.603280e+02
18451 7.601636e+02
18455 7.601630e+02
18488 7.597600e+02
18555 7.589908e+02
18801 7.585285e+02
19235 7.583256e+02
19381 7.580796e+02
19417 7.579117e+02
19570 7.575447e+02
19711 7.575101e+02
19718 7.574710e+02
19790 7.573666e+02
19793 7.569990e+02
20273 7.569387e+02
20406 7.569142e+02
20436 7.567340e+02
20482 7.567051e+02
20498 7.566612e+02
20563 7.566383e+02
20598 7.566181e+02
20602 7.564331e+02
20671 7.563880e+02
20688 7.559773e+02
20909 7.558667e+02
20981 7.558489e+02
21091 7.556817e+02
21220 7.555449e+02
21335 7.553736e+02
21486 7.550684e+02
21713 7.549790e+02
21990 7.548577e+02
22013 7.547953e+02
22204 7.547623e+02
22220 7.546576e+02
22415 7.546384e+02
22476 7.546219e+02
22647 7.546143e+02
22656 7.544068e+02
22737 7.543691e+02
22783 7.542732e+02
22849 7.541644e+02
22980 7.541170e+02
23348 7.540682e+02
23436 7.539869e+02
23555 7.539695e+02
23559 7.539438e+02
23663 7.538839e+02
23843 7.538739e+02
23921 7.538735e+02
23926 7.538255e+02
23945 7.537812e+02
24130 7.537603e+02
24138 7.537325e+02
24174 7.537066e+02
24214 7.535962e+02
24582 7.535655e+02
24656 7.534768e+02
24819 7.534681e+02
25104 7.534447e+02
25203 7.534338e+02
25243 7.533814e+02
25277 7.533658e+02
25582 7.533286e+02
25625 7.533252e+02
25678 7.533020e+02
26004 7.532901e+02
26096 7.532891e+02
26104 7.532360e+02
26307 7.532291e+02
26355 7.532155e+02
26364 7.532133e+02
26479 7.532041e+02
26491 7.532024e+02
26517 7.532008e+02
26595 7.531974e+02
26615 7.531674e+02
26816 7.531670e+02
26835 7.531573e+02
26929 7.531411e+02
27043 7.531406e+02
27158 7.531166e+02
27239 7.531153e+02
27334 7.531099e+02
27392 7.531045e+02
27401 7.531043e+02
27621 7.531013e+02
27637 7.530987e+02
27638 7.530697e+02
27769 7.530574e+02
27785 7.530515e+02
27928 7.530438e+02
28017 7.530334e+02
28079 7.530167e+02
28189 7.530074e+02
28356 7.530059e+02
28384 7.529974e+02
28405 7.529871e+02
28567 7.529800e+02
28590 7.529797e+02
28639 7.529714e+02
28651 7.529620e+02
28822 7.529523e+02
28987 7.529480e+02
29087 7.529473e+02
29214 7.529426e+02
29275 7.529361e+02
29422 7.529294e+02
29451 7.529219e+02
29508 7.529207e+02
29524 7.529143e+02
29615 7.529124e+02
30067 7.528938e+02
30433 7.528908e+02
30482 7.528826e+02
30497 7.528816e+02
30631 7.528766e+02
30775 7.528727e+02
30780 7.528706e+02
31045 7.528617e+02
31377 7.528589e+02
31443 7.528576e+02
31491 7.528573e+02
31494 7.528549e+02
31505 7.528547e+02
31552 7.528533e+02
31613 7.528525e+02
31683 7.528495e+02
31878 7.528482e+02
31996 7.528414e+02
32127 7.528393e+02
32310 7.528388e+02
32338 7.528371e+02
32410 7.528293e+02
32790 7.528287e+02
32810 7.528238e+02
32977 7.528202e+02
33204 7.528182e+02
33450 7.528173e+02
33486 7.528144e+02
33689 7.528112e+02
33763 7.528107e+02
33915 7.528106e+02
33925 7.528097e+02
33989 7.528094e+02
34057 7.528092e+02
34167 7.528087e+02
34170 7.528062e+02
34322 7.528052e+02
34488 7.528051e+02
34546 7.528038e+02
34564 7.528038e+02
34613 7.528037e+02
34634 7.528027e+02
34723 7.528020e+02
34745 7.528017e+02
34797 7.528011e+02
34919 7.528009e+02
34934 7.528004e+02
35004 7.527983e+02
35171 7.527969e+02
35491 7.527952e+02
35910 7.527951e+02
35949 7.527942e+02
36073 7.527942e+02
36258 7.527937e+02
36426 7.527937e+02
36431 7.527931e+02
36628 7.527930e+02
36684 7.527923e+02
36734 7.527919e+02
36838 7.527917e+02
36880 7.527912e+02
36934 7.527910e+02
36952 7.527905e+02
37134 7.527903e+02
37147 7.527901e+02
37180 7.527894e+02
37332 7.527889e+02
37591 7.527884e+02
37650 7.527884e+02
37654 7.527884e+02
37717 7.527883e+02
37785 7.527883e+02
37810 7.527882e+02
37879 7.527881e+02
37902 7.527879e+02
37926 7.527879e+02
37994 7.527878e+02
38004 7.527878e+02
38050 7.527875e+02
38062 7.527872e+02
38089 7.527869e+02
38300 7.527865e+02
38548 7.527864e+02
38577 7.527862e+02
38797 7.527861e+02
38800 7.527858e+02
38850 7.527855e+02
38924 7.527854e+02
39046 7.527853e+02
39061 7.527853e+02
39104 7.527853e+02
39113 7.527849e+02
39250 7.527847e+02
39402 7.527846e+02
39475 7.527846e+02
39502 7.527844e+02
39527 7.527843e+02
39549 7.527842e+02
39563 7.527840e+02
39797 7.527840e+02
39848 7.527839e+02
39855 7.527839e+02
39857 7.527837e+02
40030 7.527835e+02
40199 7.527835e+02
40221 7.527834e+02
40230 7.527834e+02
40306 7.527833e+02
40323 7.527831e+02
40415 7.527831e+02
40472 7.527831e+02
40497 7.527830e+02
40564 7.527830e+02
40568 7.527828e+02
40753 7.527828e+02
40757 7.527828e+02
40851 7.527827e+02
40885 7.527826e+02
40912 7.527824e+02
41165 7.527824e+02
41240 7.527824e+02
41399 7.527823e+02
41972 7.527823e+02
42034 7.527822e+02
42058 7.527821e+02
42116 7.527821e+02
42158 7.527821e+02
42199 7.527819e+02
42277 7.527819e+02
42499 7.527819e+02
42503 7.527819e+02
42516 7.527818e+02
42595 7.527818e+02
42668 7.527818e+02
42788 7.527817e+02
42796 7.527817e+02
42897 7.527817e+02
43119 7.527817e+02
43125 7.527817e+02
43162 7.527817e+02
43163 7.527817e+02
43194 7.527816e+02
43226 7.527816e+02
43229 7.527816e+02
43346 7.527816e+02
43349 7.527816e+02
43374 7.527816e+02
43375 7.527816e+02
43378 7.527816e+02
43437 7.527816e+02
43528 7.527816e+02
43553 7.527816e+02
43569 7.527816e+02
43683 7.527815e+02
43816 7.527815e+02
43840 7.527815e+02
44113 7.527815e+02
44114 7.527815e+02
44137 7.527815e+02
44144 7.527815e+02
44273 7.527815e+02
44456 7.527815e+02
44474 7.527815e+02
44501 7.527815e+02
44545 7.527815e+02
44630 7.527815e+02
44668 7.527815e+02
44701 7.527815e+02
44729 7.527815e+02
44818 7.527815e+02
44901 7.527815e+02
44911 7.527815e+02
44920 7.527815e+02
44968 7.527815e+02
44996 7.527815e+02
45103 7.527815e+02
45405 7.527815e+02
45564 7.527815e+02
45631 7.527815e+02
45855 7.527815e+02
45856 7.527815e+02
45986 7.527815e+02
46089 7.527815e+02
46141 7.527815e+02
46236 7.527815e+02
46258 7.527815e+02
46266 7.527815e+02
46342 7.527815e+02
46561 7.527815e+02
46595 7.527815e+02
46638 7.527815e+02
46689 7.527815e+02
46694 7.527815e+02
46740 7.527815e+02
46818 7.527815e+02
46907 7.527815e+02
47044 7.527815e+02
47176 7.527815e+02
47420 7.527815e+02
47472 7.527814e+02
47528 7.527814e+02
47582 7.527814e+02
47629 7.527814e+02
47740 7.527814e+02
47858 7.527814e+02
47863 7.527814e+02
47920 7.527814e+02
47935 7.527814e+02
47978 7.527814e+02
48019 7.527814e+02
48022 7.527814e+02
48039 7.527814e+02
48065 7.527814e+02
48137 7.527814e+02
48280 7.527814e+02
48318 7.527814e+02
48337 7.527814e+02
48416 7.527814e+02
48441 7.527814e+02
48443 7.527814e+02
48448 7.527814e+02
48559 7.527814e+02
48665 7.527814e+02
48783 7.527814e+02
48844 7.527814e+02
48920 7.527814e+02
48925 7.527814e+02
48959 7.527814e+02
49181 7.527814e+02
49281 7.527814e+02
49499 7.527814e+02
49552 7.527814e+02
49590 7.527814e+02
49633 7.527814e+02
49635 7.527814e+02
49667 7.527814e+02
49745 7.527814e+02
49842 7.527814e+02
49923 7.527814e+02
50158 7.527814e+02
50240 7.527814e+02
50260 7.527814e+02
50287 7.527814e+02
50360 7.527814e+02
50361 7.527814e+02
50407 7.527814e+02
50436 7.527814e+02
50438 7.527814e+02
50451 7.527814e+02
50495 7.527814e+02
50498 7.527814e+02
50530 7.527814e+02
50581 7.527814e+02
50622 7.527814e+02
50666 7.527814e+02
50777 7.527814e+02
50808 7.527814e+02
50815 7.527814e+02
50873 7.527814e+02
50901 7.527814e+02
50920 7.527814e+02
50957 7.527814e+02
50975 7.527814e+02
50999 7.527814e+02
51041 7.527814e+02
51076 7.527814e+02
51111 7.527814e+02
51241 7.527814e+02
51310 7.527814e+02
51327 7.527814e+02
51338 7.527814e+02
51347 7.527814e+02
51369 7.527814e+02
51415 7.527814e+02
51441 7.527814e+02
51450 7.527814e+02
51451 7.527814e+02
51501 7.527814e+02
51620 7.527814e+02
51661 7.527814e+02
51697 7.527814e+02
51701 7.527814e+02
51702 7.527814e+02
51757 7.527814e+02
51782 7.527814e+02
51806 7.527814e+02
51882 7.527814e+02
51894 7.527814e+02
51918 7.527814e+02
51947 7.527813e+02
51982 7.527813e+02
51986 7.527813e+02
52006 7.527813e+02
52036 7.527813e+02
52097 7.527813e+02
52286 7.527813e+02
52297 7.527813e+02
52364 7.527813e+02
52411 7.527813e+02
52631 7.527813e+02
52795 7.527813e+02
52801 7.527813e+02
52867 7.527812e+02
52873 7.527812e+02
52914 7.527812e+02
52923 7.527812e+02
53006 7.527812e+02
53011 7.527812e+02
53046 7.527812e+02
53060 7.527812e+02
53075 7.527812e+02
53082 7.527812e+02
53122 7.527812e+02
53130 7.527812e+02
53132 7.527812e+02
53291 7.527812e+02
53487 7.527812e+02
53542 7.527812e+02
53579 7.527812e+02
53619 7.527812e+02
53681 7.527812e+02
53699 7.527812e+02
53730 7.527812e+02
53734 7.527812e+02
53767 7.527812e+02
53788 7.527812e+02
53807 7.527812e+02
53839 7.527812e+02
53874 7.527812e+02
54044 7.527812e+02
54091 7.527812e+02
54194 7.527812e+02
54350 7.527812e+02
54357 7.527812e+02
54410 7.527811e+02
54427 7.527811e+02
54502 7.527811e+02
54520 7.527811e+02
54589 7.527811e+02
54635 7.527811e+02
54951 7.527811e+02
54963 7.527811e+02
55169 7.527811e+02
55196 7.527811e+02
55323 7.527811e+02
55355 7.527811e+02
55384 7.527811e+02
55407 7.527811e+02
55503 7.527811e+02
55512 7.527811e+02
55517 7.527811e+02
55655 7.527811e+02
55827 7.527811e+02
55873 7.527811e+02
55895 7.527811e+02
55899 7.527811e+02
55901 7.527811e+02
55908 7.527811e+02
55924 7.527811e+02
55932 7.527811e+02
55943 7.527811e+02
56014 7.527811e+02
56102 7.527811e+02
56134 7.527811e+02
56148 7.527811e+02
56149 7.527811e+02
56170 7.527811e+02
56260 7.527811e+02
56271 7.527811e+02
56277 7.527811e+02
56282 7.527811e+02
56329 7.527811e+02
56390 7.527811e+02
56610 7.527811e+02
56613 7.527811e+02
56703 7.527811e+02
56719 7.527811e+02
56872 7.527811e+02
56884 7.527811e+02
56925 7.527811e+02
57111 7.527811e+02
57153 7.527811e+02
57290 7.527811e+02
57317 7.527811e+02
57338 7.527811e+02
57398 7.527811e+02
57447 7.527811e+02
57470 7.527811e+02
57488 7.527811e+02
57632 7.527811e+02
57663 7.527811e+02
57667 7.527811e+02
57700 7.527811e+02
57731 7.527811e+02
57839 7.527811e+02
57845 7.527811e+02
58130 7.527811e+02
58139 7.527811e+02
58224 7.527811e+02
58236 7.527811e+02
58282 7.527811e+02
58361 7.527811e+02
58362 7.527811e+02
58404 7.527811e+02
58459 7.527811e+02
58468 7.527811e+02
58476 7.527811e+02
58537 7.527811e+02
58569 7.527811e+02
58782 7.527811e+02
58799 7.527811e+02
58822 7.527811e+02
59075 7.527811e+02
59079 7.527811e+02
59083 7.527811e+02
59132 7.527811e+02
59156 7.527811e+02
59268 7.527811e+02
59279 7.527811e+02
59503 7.527811e+02
59545 7.527811e+02
59562 7.527811e+02
59587 7.527811e+02
59622 7.527811e+02
59627 7.527811e+02
59678 7.527811e+02
59686 7.527811e+02
59728 7.527811e+02
59767 7.527811e+02
59810 7.527811e+02
59812 7.527811e+02
59814 7.527811e+02
59874 7.527811e+02
59974 7.527811e+02
59978 7.527811e+02
59995 7.527811e+02
59999 7.527811e+02
60040 7.527811e+02
60056 7.527811e+02
60081 7.527811e+02
60102 7.527811e+02
60126 7.527811e+02
60285 7.527811e+02
60356 7.527811e+02
60361 7.527811e+02
60370 7.527811e+02
60543 7.527811e+02
60613 7.527811e+02
60678 7.527811e+02
60816 7.527811e+02
60818 7.527811e+02
60866 7.527811e+02
60900 7.527811e+02
60998 7.527811e+02
61026 7.527811e+02
61106 7.527811e+02
61187 7.527811e+02
61188 7.527811e+02
61316 7.527811e+02
61330 7.527811e+02
61492 7.527811e+02
61717 7.527811e+02
61727 7.527811e+02
61740 7.527811e+02
61770 7.527811e+02
61865 7.527811e+02
61886 7.527811e+02
61888 7.527811e+02
62027 7.527811e+02
62084 7.527811e+02
62100 7.527811e+02
62263 7.527811e+02
62325 7.527811e+02
62333 7.527811e+02
62403 7.527811e+02
62469 7.527811e+02
62583 7.527811e+02
62593 7.527811e+02
62642 7.527811e+02
62648 7.527811e+02
62653 7.527811e+02
62763 7.527811e+02
62814 7.527811e+02
62963 7.527811e+02
63119 7.527811e+02
63351 7.527811e+02
63441 7.527811e+02
63491 7.527811e+02
63525 7.527811e+02
63660 7.527811e+02
63727 7.527811e+02
63741 7.527811e+02
63767 7.527811e+02
63822 7.527811e+02
63863 7.527811e+02
63888 7.527811e+02
63912 7.527811e+02
63962 7.527811e+02
63997 7.527811e+02
64019 7.527811e+02
64136 7.527811e+02
64182 7.527811e+02
64329 7.527811e+02
64333 7.527811e+02
64341 7.527811e+02
64373 7.527811e+02
64399 7.527811e+02
64526 7.527811e+02
64598 7.527811e+02
64672 7.527811e+02
64689 7.527811e+02
64707 7.527811e+02
64856 7.527811e+02
64949 7.527811e+02
64955 7.527811e+02
65013 7.527811e+02
65046 7.527811e+02
65140 7.527811e+02
65175 7.527811e+02
65291 7.527811e+02
65328 7.527811e+02
65442 7.527811e+02
65448 7.527811e+02
65489 7.527811e+02
65703 7.527811e+02
65813 7.527811e+02
65836 7.527811e+02
65903 7.527811e+02
65986 7.527811e+02
65999 7.527811e+02
66035 7.527811e+02
66072 7.527811e+02
66138 7.527811e+02
66179 7.527811e+02
66242 7.527811e+02
66271 7.527811e+02
66317 7.527811e+02
66446 7.527811e+02
66455 7.527811e+02
66522 7.527811e+02
66532 7.527811e+02
66541 7.527811e+02
66621 7.527811e+02
66738 7.527811e+02
66767 7.527811e+02
66771 7.527811e+02
66849 7.527811e+02
66888 7.527811e+02
66945 7.527811e+02
66967 7.527811e+02
66968 7.527811e+02
66978 7.527811e+02
67105 7.527811e+02
67229 7.527811e+02
67319 7.527811e+02
67338 7.527811e+02
67352 7.527811e+02
67387 7.527811e+02
67447 7.527811e+02
67543 7.527811e+02
67643 7.527811e+02
67747 7.527811e+02
67789 7.527811e+02
67796 7.527811e+02
67829 7.527811e+02
67930 7.527811e+02
67974 7.527811e+02
241878 7.302117e+02
242546 7.296343e+02
242586 7.128002e+02
242753 6.965315e+02
242828 6.935199e+02
242872 6.861436e+02
243080 6.565048e+02
243732 6.442118e+02
243881 6.257106e+02
244234 5.990530e+02
244695 5.932033e+02
244773 5.828241e+02
244802 5.725376e+02
244836 5.422408e+02
245052 5.388011e+02
245549 5.358169e+02
245590 5.343140e+02
245608 5.332561e+02
245638 5.291755e+02
245685 5.238777e+02
245920 5.178061e+02
246079 5.034637e+02
246674 4.982325e+02
246842 4.932152e+02
247423 4.847540e+02
247428 4.699515e+02
248013 4.674084e+02
248147 4.663042e+02
248176 4.557034e+02
248473 4.537725e+02
248561 4.480948e+02
248785 4.422069e+02
248863 4.345616e+02
250118 4.336409e+02
250200 4.332593e+02
250226 4.261849e+02
250310 4.169919e+02
250862 4.112699e+02
251429 4.088562e+02
251470 4.041776e+02
251556 3.934546e+02
252238 3.882849e+02
252257 3.854558e+02
252315 3.826002e+02
252633 3.820450e+02
252925 3.815842e+02
252990 3.733393e+02
253184 3.717994e+02
253652 3.700573e+02
253744 3.693358e+02
253803 3.628631e+02
253919 3.614357e+02
254043 3.582688e+02
254483 3.571216e+02
254545 3.569331e+02
254781 3.555680e+02
254863 3.539822e+02
255187 3.514320e+02
255361 3.508469e+02
255392 3.492225e+02
255434 3.490712e+02
255576 3.488319e+02
255657 3.460067e+02
255672 3.436244e+02
255847 3.406318e+02
256811 3.386578e+02
256961 3.377457e+02
257275 3.353136e+02
257646 3.350205e+02
257667 3.339424e+02
257868 3.320005e+02
258063 3.310793e+02
258234 3.299522e+02
258605 3.298609e+02
258615 3.264194e+02
258982 3.261242e+02
259063 3.246890e+02
259100 3.246428e+02
259244 3.241308e+02
259600 3.213257e+02
260999 3.205158e+02
261255 3.201745e+02
261281 3.185345e+02
261366 3.183378e+02
261767 3.177378e+02
261930 3.177069e+02
261976 3.174722e+02
261979 3.155603e+02
262366 3.153961e+02
262774 3.142600e+02
263108 3.140660e+02
263243 3.137537e+02
263288 3.137443e+02
263325 3.136281e+02
263445 3.135716e+02
263453 3.129508e+02
263578 3.126836e+02
263803 3.125736e+02
263865 3.116496e+02
263961 3.114534e+02
264187 3.109485e+02
264257 3.097054e+02
264524 3.088097e+02
266037 3.083009e+02
266045 3.076893e+02
266392 3.073177e+02
267007 3.073034e+02
267138 3.072221e+02
267174 3.068257e+02
267680 3.068103e+02
267752 3.067873e+02
267932 3.064952e+02
268047 3.061974e+02
268078 3.058023e+02
268779 3.057310e+02
268788 3.055041e+02
268829 3.054852e+02
268878 3.053911e+02
268972 3.052758e+02
269118 3.050410e+02
269410 3.049907e+02
269678 3.048980e+02
269914 3.048936e+02
270040 3.046992e+02
270100 3.046609e+02
270177 3.045121e+02
270215 3.041136e+02
270574 3.039885e+02
270678 3.039438e+02
271287 3.038555e+02
271385 3.037493e+02
271721 3.036820e+02
271740 3.034870e+02
271929 3.034615e+02
272378 3.032989e+02
272587 3.031821e+02
273046 3.031073e+02
273206 3.028466e+02
273611 3.028408e+02
273639 3.028205e+02
273720 3.028174e+02
273767 3.028136e+02
273805 3.027462e+02
273915 3.024867e+02
274095 3.023062e+02
274287 3.021521e+02
274604 3.021440e+02
274777 3.020890e+02
274819 3.019815e+02
274987 3.019223e+02
274995 3.018818e+02
275234 3.018435e+02
275536 3.018306e+02
275734 3.018124e+02
275875 3.017104e+02
276026 3.016094e+02
276444 3.014830e+02
277235 3.014489e+02
277331 3.014215e+02
277481 3.014136e+02
277516 3.014006e+02
277596 3.013474e+02
277733 3.012972e+02
277740 3.011974e+02
278181 3.011889e+02
278362 3.011683e+02
278393 3.011523e+02
278472 3.011422e+02
278547 3.011334e+02
278554 3.011177e+02
278737 3.010952e+02
278814 3.010457e+02
278859 3.010440e+02
278940 3.010257e+02
279063 3.009982e+02
279067 3.009613e+02
279389 3.009452e+02
279480 3.009263e+02
279573 3.009141e+02
279716 3.009035e+02
279730 3.008937e+02
279874 3.007880e+02
280471 3.007441e+02
281277 3.007419e+02
281630 3.007002e+02
281971 3.006930e+02
282005 3.006817e+02
282037 3.006599e+02
282179 3.006349e+02
282675 3.006234e+02
282920 3.006054e+02
282956 3.005564e+02
283272 3.005552e+02
283330 3.005303e+02
283420 3.005177e+02
283501 3.005097e+02
283977 3.005095e+02
284023 3.005008e+02
284059 3.004749e+02
284411 3.004585e+02
284446 3.004412e+02
284485 3.004290e+02
284963 3.004001e+02
285864 3.003995e+02
285873 3.003664e+02
285955 3.003636e+02
286430 3.003436e+02
286544 3.003408e+02
286565 3.003278e+02
286650 3.003273e+02
286985 3.003065e+02
287437 3.003058e+02
287549 3.002835e+02
287682 3.002637e+02
287901 3.002585e+02
287918 3.002397e+02
288375 3.002305e+02
288667 3.002185e+02
288886 3.002126e+02
289116 3.002122e+02
289449 3.002103e+02
289455 3.002100e+02
289459 3.002080e+02
289491 3.002051e+02
289640 3.002007e+02
289802 3.001874e+02
289929 3.001865e+02
290042 3.001799e+02
290078 3.001778e+02
290118 3.001759e+02
290593 3.001726e+02
290651 3.001665e+02
290737 3.001511e+02
291019 3.001497e+02
291756 3.001482e+02
291810 3.001453e+02
291859 3.001387e+02
291993 3.001354e+02
292168 3.001341e+02
292200 3.001326e+02
292295 3.001307e+02
292404 3.001265e+02
292534 3.001219e+02
292594 3.001212e+02
293040 3.001197e+02
293048 3.001155e+02
293157 3.001075e+02
293401 3.001059e+02
294642 3.001032e+02
294835 3.000870e+02
295935 3.000862e+02
296777 3.000839e+02
297036 3.000834e+02
297332 3.000813e+02
297351 3.000786e+02
297556 3.000755e+02
297790 3.000751e+02
297810 3.000746e+02
297925 3.000712e+02
298097 3.000704e+02
298332 3.000656e+02
298493 3.000563e+02
299012 3.000542e+02
300040 3.000493e+02
300207 3.000455e+02
301134 3.000453e+02
301233 3.000446e+02
301542 3.000404e+02
302250 3.000399e+02
302326 3.000399e+02
302436 3.000378e+02
302565 3.000378e+02
302677 3.000371e+02
302917 3.000360e+02
303012 3.000357e+02
303174 3.000350e+02
303303 3.000349e+02
303305 3.000307e+02
303472 3.000306e+02
303752 3.000288e+02
304362 3.000280e+02
304598 3.000261e+02
305027 3.000245e+02
305293 3.000230e+02
305520 3.000228e+02
305521 3.000227e+02
305548 3.000204e+02
305792 3.000203e+02
305900 3.000203e+02
305963 3.000184e+02
306475 3.000176e+02
306535 3.000157e+02
307285 3.000148e+02
308012 3.000141e+02
308232 3.000133e+02
308592 3.000128e+02
308616 3.000124e+02
308667 3.000122e+02
308883 3.000118e+02
308979 3.000107e+02
309319 3.000102e+02
309902 3.000100e+02
309977 3.000093e+02
310128 3.000087e+02
310837 3.000086e+02
311197 3.000081e+02
311433 3.000079e+02
311443 3.000076e+02
311944 3.000070e+02
312133 3.000061e+02
312909 3.000060e+02
312975 3.000050e+02
313810 3.000049e+02
313918 3.000047e+02
314321 3.000045e+02
314437 3.000043e+02
314523 3.000043e+02
314526 3.000040e+02
314765 3.000039e+02
314982 3.000038e+02
315004 3.000036e+02
315073 3.000036e+02
315134 3.000034e+02
315160 3.000034e+02
315232 3.000033e+02
315235 3.000026e+02
317126 3.000025e+02
317173 3.000022e+02
317433 3.000022e+02
317452 3.000020e+02
317549 3.000020e+02
317683 3.000019e+02
317832 3.000019e+02
317957 3.000018e+02
317999 3.000018e+02
318947 3.000017e+02
318985 3.000015e+02
319021 3.000015e+02
319111 3.000015e+02
319228 3.000014e+02
319290 3.000013e+02
319653 3.000013e+02
319661 3.000013e+02
319693 3.000013e+02
319698 3.000012e+02
320045 3.000011e+02
320160 3.000011e+02
320268 3.000010e+02
320384 3.000010e+02
320447 3.000010e+02
320596 3.000009e+02
320853 3.000009e+02
320908 3.000008e+02
320951 3.000008e+02
321143 3.000008e+02
321337 3.000006e+02
321857 3.000006e+02
321993 3.000006e+02
322116 3.000005e+02
322240 3.000005e+02
322426 3.000004e+02
322479 3.000004e+02
322650 3.000003e+02
322842 3.000003e+02
322991 3.000003e+02
323095 3.000003e+02
323152 3.000002e+02
323516 3.000002e+02
323521 3.000002e+02
323575 3.000002e+02
323624 3.000002e+02
323695 3.000002e+02
323871 3.000002e+02
324086 3.000002e+02
324111 3.000001e+02
324118 3.000001e+02
324231 3.000001e+02
324340 3.000001e+02
324483 3.000001e+02
324543 3.000001e+02
324672 3.000001e+02
324679 3.000001e+02
324688 3.000001e+02
325123 3.000001e+02
325627 3.000001e+02
325632 3.000001e+02
325665 3.000001e+02
325758 3.000001e+02
325761 3.000001e+02
325769 3.000001e+02
325901 3.000000e+02
325904 3.000000e+02
326071 3.000000e+02
326355 3.000000e+02
326970 3.000000e+02
327535 3.000000e+02
327735 3.000000e+02
327885 3.000000e+02
328531 3.000000e+02
328948 3.000000e+02
329801 3.000000e+02
329852 3.000000e+02
330184 3.000000e+02
330216 3.000000e+02
330253 3.000000e+02
330310 3.000000e+02
330437 3.000000e+02
330881 3.000000e+02
331065 3.000000e+02
331310 3.000000e+02
331411 3.000000e+02
331563 3.000000e+02
331692 3.000000e+02
331728 3.000000e+02
331744 3.000000e+02
331838 3.000000e+02
332271 3.000000e+02
333012 3.000000e+02
333023 3.000000e+02
333214 3.000000e+02
333348 3.000000e+02
333364 3.000000e+02
334076 3.000000e+02
334131 3.000000e+02
334136 3.000000e+02
334139 3.000000e+02
334473 3.000000e+02
334522 3.000000e+02
334568 3.000000e+02
334684 3.000000e+02
334749 3.000000e+02
334793 3.000000e+02
334949 3.000000e+02
334992 3.000000e+02
335114 3.000000e+02
335209 3.000000e+02
335382 3.000000e+02
335488 3.000000e+02
335638 3.000000e+02
335767 3.000000e+02
335778 3.000000e+02
335804 3.000000e+02
335991 3.000000e+02
336019 3.000000e+02
336114 3.000000e+02
336184 3.000000e+02
336610 3.000000e+02
336660 3.000000e+02
336782 3.000000e+02
337000 3.000000e+02
337033 3.000000e+02
337208 3.000000e+02
337372 3.000000e+02
337488 3.000000e+02
337590 3.000000e+02
337599 3.000000e+02
337835 3.000000e+02
337936 3.000000e+02
338050 3.000000e+02
338199 3.000000e+02
338510 3.000000e+02
338541 3.000000e+02
338657 3.000000e+02
339259 3.000000e+02
339301 3.000000e+02
339441 3.000000e+02
339444 3.000000e+02
339458 3.000000e+02
339556 3.000000e+02
339726 3.000000e+02
339755 3.000000e+02
340239 3.000000e+02
340251 3.000000e+02
340323 3.000000e+02
340441 3.000000e+02
340477 3.000000e+02
341031 3.000000e+02
341659 3.000000e+02
341718 3.000000e+02
341789 3.000000e+02
341973 3.000000e+02
342111 3.000000e+02
342233 3.000000e+02
342522 3.000000e+02
342902 3.000000e+02
342963 3.000000e+02
343062 3.000000e+02
343127 3.000000e+02
343182 3.000000e+02
343312 3.000000e+02
343656 3.000000e+02
343736 3.000000e+02
344099 3.000000e+02
344268 3.000000e+02
344319 3.000000e+02
344759 3.000000e+02
344781 3.000000e+02
344856 3.000000e+02
344923 3.000000e+02
345040 3.000000e+02
345129 3.000000e+02
345776 3.000000e+02
346044 3.000000e+02
346146 3.000000e+02
346361 3.000000e+02
346491 3.000000e+02
346494 3.000000e+02
346524 3.000000e+02
347181 3.000000e+02
347214 3.000000e+02
347435 3.000000e+02
347448 3.000000e+02
347555 3.000000e+02
347562 3.000000e+02
347565 3.000000e+02
347685 3.000000e+02
347751 3.000000e+02
