1 1.321330e+03
3 1.175189e+03
4 9.765534e+02
6 8.259008e+02
9 7.389908e+02
69 3.755308e+02
166 2.637137e+02
191 2.636841e+02
261 2.287634e+02
269 2.281958e+02
280 2.198100e+02
304 1.976480e+02
305 1.970712e+02
325 1.671179e+02
326 1.612876e+02
346 1.552123e+02
398 1.401646e+02
400 1.317877e+02
460 1.294461e+02
516 1.282203e+02
560 1.254254e+02
571 1.222860e+02
590 9.072102e+01
696 8.863080e+01
705 6.833476e+01
799 6.137387e+01
1226 5.622600e+01
2064 4.519184e+01
5575 4.516817e+01
5598 4.007624e+01
5666 2.895336e+01
5781 2.723100e+01
5876 2.514102e+01
5893 2.456736e+01
5941 2.314272e+01
5964 2.244001e+01
6073 1.838345e+01
6325 1.831018e+01
6376 1.823612e+01
6491 1.810271e+01
6497 1.807151e+01
6548 1.805435e+01
6575 1.799801e+01
6578 1.793681e+01
6586 1.792883e+01
6654 1.792109e+01
6660 1.786909e+01
6720 1.783087e+01
6735 1.780511e+01
6773 1.778033e+01
6786 1.777963e+01
6811 1.777374e+01
6840 1.774043e+01
6984 1.773454e+01
7018 1.771719e+01
7033 1.771577e+01
7076 1.771438e+01
7100 1.770611e+01
7135 1.768713e+01
7159 1.768445e+01
7239 1.767786e+01
7267 1.766806e+01
7345 1.765469e+01
7393 1.765343e+01
7402 1.765084e+01
7419 1.764336e+01
7436 1.764144e+01
7471 1.763953e+01
7484 1.762862e+01
7527 1.762837e+01
7528 1.762053e+01
7631 1.762050e+01
7651 1.762014e+01
7674 1.761567e+01
7709 1.761436e+01
7713 1.761332e+01
7832 1.761317e+01
7852 1.761093e+01
7901 1.760970e+01
7993 1.760882e+01
8105 1.760831e+01
8325 1.760827e+01
8333 1.760822e+01
8345 1.760817e+01
8457 1.760815e+01
8498 1.760813e+01
8564 1.760812e+01
8588 1.760811e+01
8599 1.760810e+01
8620 1.760810e+01
8624 1.760809e+01
8646 1.760809e+01
8687 1.760809e+01
8697 1.760807e+01
8730 1.760807e+01
8758 1.760807e+01
8791 1.760807e+01
8813 1.760807e+01
8855 1.760807e+01
8880 1.760807e+01
8929 1.760807e+01
8972 1.760807e+01
8975 1.760807e+01
8986 1.760807e+01
8995 1.760807e+01
9015 1.760807e+01
9082 1.760807e+01
9135 1.760806e+01
9143 1.760806e+01
9194 1.760806e+01
9288 1.760806e+01
9320 1.760806e+01
9335 1.760806e+01
9410 1.760806e+01
9508 1.760806e+01
9544 1.760806e+01
9556 1.760806e+01
9561 1.760806e+01
9563 1.760806e+01
9597 1.760806e+01
9609 1.760806e+01
9672 1.760806e+01
9703 1.760806e+01
9727 1.760806e+01
9769 1.760806e+01
9774 1.760806e+01
9812 1.760806e+01
9828 1.760806e+01
9831 1.760806e+01
9901 1.760806e+01
9905 1.760806e+01
9937 1.760806e+01
9969 1.760806e+01
9970 1.760806e+01
9983 1.760806e+01
10000 1.760806e+01
10022 1.760806e+01
10055 1.760806e+01
10075 1.760806e+01
10077 1.760806e+01
10100 1.760806e+01
10117 1.760806e+01
10135 1.760806e+01
10194 1.760806e+01
10235 1.760806e+01
10284 1.760806e+01
40780 1.702717e+01
41020 1.702082e+01
41025 1.643884e+01
41043 1.594884e+01
41129 1.570165e+01
41225 1.509590e+01
41362 1.490481e+01
41391 1.465769e+01
41584 1.461801e+01
41591 1.451265e+01
41696 1.449237e+01
41721 1.445699e+01
41731 1.444523e+01
41743 1.433352e+01
41913 1.427088e+01
42030 1.421555e+01
42071 1.420592e+01
42186 1.419987e+01
42224 1.416975e+01
42317 1.414809e+01
42360 1.411495e+01
42404 1.411386e+01
42405 1.410954e+01
42469 1.409549e+01
42501 1.403346e+01
42570 1.394995e+01
42663 1.389966e+01
42831 1.385230e+01
42872 1.382856e+01
42897 1.382259e+01
43026 1.381539e+01
43058 1.379992e+01
43132 1.379772e+01
43164 1.379325e+01
43189 1.379097e+01
43222 1.379062e+01
43235 1.378776e+01
43279 1.378689e+01
43293 1.378494e+01
43307 1.378108e+01
43383 1.377958e+01
43496 1.377951e+01
43515 1.377948e+01
43523 1.377805e+01
43537 1.377714e+01
43620 1.377605e+01
43705 1.377559e+01
43708 1.377503e+01
43710 1.377463e+01
43735 1.377460e+01
43738 1.377454e+01
43761 1.377447e+01
43774 1.377422e+01
43787 1.377352e+01
43788 1.377330e+01
43860 1.377326e+01
43861 1.377320e+01
43887 1.377277e+01
43889 1.377269e+01
43913 1.377268e+01
43918 1.377248e+01
43961 1.377244e+01
44016 1.377241e+01
44021 1.377238e+01
44052 1.377237e+01
44053 1.377234e+01
44072 1.377230e+01
44109 1.377228e+01
44235 1.377227e+01
44292 1.377227e+01
44296 1.377226e+01
44312 1.377226e+01
44317 1.377225e+01
44319 1.377225e+01
44354 1.377225e+01
44356 1.377225e+01
44363 1.377224e+01
44385 1.377223e+01
44408 1.377223e+01
44427 1.377223e+01
44502 1.377223e+01
44542 1.377223e+01
44543 1.377223e+01
44548 1.377223e+01
44556 1.377223e+01
44591 1.377223e+01
44602 1.377223e+01
44608 1.377223e+01
44641 1.377223e+01
44651 1.377223e+01
44652 1.377223e+01
44680 1.377223e+01
44712 1.377223e+01
44740 1.377223e+01
44788 1.377223e+01
44797 1.377223e+01
44823 1.377223e+01
44955 1.377223e+01
44983 1.377223e+01
44985 1.377223e+01
45045 1.377223e+01
45065 1.377223e+01
45086 1.377223e+01
45107 1.377223e+01
45130 1.377223e+01
45166 1.377223e+01
45217 1.377223e+01
45326 1.377223e+01
45327 1.377223e+01
45382 1.377223e+01
45405 1.377223e+01
45448 1.377223e+01
45478 1.377223e+01
45487 1.377223e+01
45508 1.377223e+01
45538 1.377223e+01
45566 1.377223e+01
45604 1.377223e+01
45609 1.377223e+01
45615 1.377223e+01
45631 1.377223e+01
45694 1.377223e+01
45725 1.377223e+01
45747 1.377223e+01
45780 1.377223e+01
45798 1.377223e+01
45816 1.377223e+01
45847 1.377223e+01
45865 1.377223e+01
45866 1.377223e+01
45982 1.377223e+01
45988 1.377223e+01
46009 1.377223e+01
46039 1.377223e+01
67347 1.301153e+01
67736 1.234997e+01
68647 1.233099e+01
68835 1.232390e+01
68864 1.223592e+01
68978 1.220725e+01
69026 1.219786e+01
69248 1.219763e+01
69364 1.218317e+01
69433 1.218067e+01
69486 1.217893e+01
69496 1.215948e+01
69518 1.214516e+01
69569 1.214104e+01
69660 1.212125e+01
69920 1.211549e+01
69990 1.211008e+01
70003 1.208172e+01
70344 1.206479e+01
70379 1.205937e+01
70422 1.202436e+01
70525 1.200850e+01
70577 1.198887e+01
70605 1.197727e+01
70685 1.196188e+01
70934 1.192998e+01
71002 1.189956e+01
71424 1.189910e+01
71472 1.189565e+01
71495 1.188503e+01
71559 1.188394e+01
71590 1.187916e+01
71699 1.187765e+01
71925 1.187595e+01
71959 1.187466e+01
72005 1.187395e+01
72091 1.187267e+01
72116 1.187184e+01
72217 1.187132e+01
72382 1.187080e+01
72572 1.187059e+01
72713 1.187052e+01
72732 1.187051e+01
72762 1.187048e+01
72767 1.187044e+01
72777 1.187034e+01
72865 1.187025e+01
73158 1.187021e+01
73262 1.187021e+01
73269 1.187020e+01
73327 1.187020e+01
73328 1.187016e+01
73377 1.187015e+01
73500 1.187015e+01
73522 1.187013e+01
73918 1.187013e+01
74045 1.187013e+01
74049 1.187012e+01
74097 1.187012e+01
74107 1.187012e+01
74130 1.187012e+01
74282 1.187012e+01
74345 1.187012e+01
74423 1.187012e+01
74452 1.187012e+01
74523 1.187012e+01
74524 1.187012e+01
74611 1.187012e+01
74626 1.187012e+01
74862 1.187012e+01
74962 1.187012e+01
75010 1.187012e+01
75363 1.187012e+01
75498 1.187012e+01
75597 1.187012e+01
75638 1.187012e+01
75658 1.187012e+01
75692 1.187012e+01
75817 1.187012e+01
75820 1.187012e+01
75857 1.187012e+01
75870 1.187012e+01
75912 1.187012e+01
75977 1.187012e+01
76004 1.187012e+01
76068 1.187012e+01
76092 1.187012e+01
76221 1.187012e+01
76369 1.187012e+01
76398 1.187012e+01
76440 1.187012e+01
76497 1.187012e+01
76777 1.187012e+01
76794 1.187012e+01
76804 1.187012e+01
76848 1.187012e+01
76900 1.187012e+01
76920 1.187012e+01
77079 1.187012e+01
77101 1.187012e+01
77179 1.187012e+01
77217 1.187012e+01
77294 1.187012e+01
77325 1.187012e+01
77395 1.187012e+01
77412 1.187012e+01
77484 1.187012e+01
77557 1.187012e+01
77576 1.187012e+01
