1 2.416378e+04
2 2.078983e+04
4 1.961962e+04
10 1.935340e+04
13 1.765922e+04
53 1.588845e+04
2209 1.537106e+04
4342 1.511508e+04
4568 1.507534e+04
5681 1.462886e+04
7207 1.447052e+04
8310 1.422482e+04
11829 1.420980e+04
12040 1.410166e+04
12112 1.382477e+04
12355 1.372231e+04
12499 1.321999e+04
12925 1.287961e+04
13858 1.270964e+04
13959 1.265938e+04
13983 1.245522e+04
14118 1.174815e+04
14203 1.164188e+04
14275 1.043618e+04
14902 9.798271e+03
15046 8.677250e+03
15231 8.235567e+03
15297 7.999032e+03
15437 7.768478e+03
15655 7.541801e+03
15676 6.962432e+03
15689 6.816587e+03
15757 6.189921e+03
15814 5.402543e+03
16165 5.219705e+03
16188 4.978596e+03
16227 4.704490e+03
16377 4.534783e+03
16469 4.306464e+03
16513 4.222598e+03
16556 4.164459e+03
16582 4.015488e+03
16627 3.981639e+03
16672 3.964941e+03
16714 3.943295e+03
16752 3.752061e+03
16844 3.577644e+03
16881 3.572113e+03
16890 3.344434e+03
17022 3.306290e+03
17032 3.293262e+03
17049 3.283859e+03
17053 3.165740e+03
17203 3.056028e+03
17388 3.034830e+03
17433 2.945228e+03
17519 2.940062e+03
17581 2.914890e+03
17666 2.910965e+03
17680 2.886704e+03
17694 2.815206e+03
17772 2.796908e+03
17854 2.779852e+03
17938 2.758235e+03
18011 2.737809e+03
18035 2.733206e+03
18051 2.690692e+03
18092 2.687764e+03
18114 2.642878e+03
18339 2.640805e+03
18392 2.630756e+03
18436 2.624159e+03
18504 2.617159e+03
18521 2.609454e+03
18628 2.594193e+03
18635 2.589500e+03
18705 2.584479e+03
18756 2.584148e+03
18847 2.583390e+03
18857 2.575314e+03
18909 2.573100e+03
18922 2.571229e+03
19018 2.570372e+03
19032 2.567252e+03
19077 2.563931e+03
19080 2.553038e+03
19415 2.551684e+03
19433 2.549571e+03
19473 2.548929e+03
19483 2.548594e+03
19534 2.548276e+03
19618 2.548191e+03
19621 2.546987e+03
19623 2.545625e+03
19669 2.545320e+03
19721 2.542922e+03
19874 2.542292e+03
19902 2.541481e+03
19940 2.540650e+03
19972 2.540345e+03
20026 2.540309e+03
20052 2.539818e+03
20064 2.538663e+03
20067 2.536806e+03
20119 2.536779e+03
20171 2.535872e+03
20189 2.535648e+03
20239 2.534943e+03
20320 2.534869e+03
20396 2.534755e+03
20441 2.534596e+03
20512 2.534293e+03
20520 2.533857e+03
20554 2.533004e+03
20635 2.532961e+03
20766 2.532622e+03
20801 2.532271e+03
20861 2.532069e+03
20903 2.532064e+03
20916 2.531844e+03
20939 2.531828e+03
20961 2.531299e+03
21045 2.531274e+03
21149 2.531110e+03
21163 2.531003e+03
21311 2.530928e+03
21346 2.530615e+03
21596 2.530582e+03
21625 2.530557e+03
21664 2.530545e+03
21705 2.530535e+03
21737 2.530500e+03
21740 2.530483e+03
21807 2.530413e+03
21826 2.530412e+03
21831 2.530409e+03
21865 2.530387e+03
21893 2.530353e+03
21931 2.530338e+03
21950 2.530260e+03
22110 2.530258e+03
22121 2.530247e+03
22127 2.530216e+03
22178 2.530197e+03
22195 2.530171e+03
22288 2.530160e+03
22292 2.530158e+03
22309 2.530153e+03
22320 2.530151e+03
22330 2.530137e+03
22355 2.530125e+03
22443 2.530114e+03
22512 2.530095e+03
22572 2.530092e+03
22630 2.530089e+03
22650 2.530088e+03
22745 2.530087e+03
22747 2.530076e+03
22823 2.530070e+03
22850 2.530061e+03
22950 2.530050e+03
23050 2.530044e+03
23061 2.530040e+03
23062 2.530036e+03
23146 2.530035e+03
23157 2.530032e+03
23241 2.530029e+03
23403 2.530027e+03
23413 2.530025e+03
23466 2.530020e+03
23641 2.530019e+03
23643 2.530018e+03
23678 2.530018e+03
23685 2.530016e+03
23780 2.530012e+03
23892 2.530012e+03
23970 2.530009e+03
24223 2.530008e+03
24259 2.530008e+03
24350 2.530008e+03
24375 2.530008e+03
24384 2.530007e+03
24394 2.530007e+03
24443 2.530006e+03
24635 2.530006e+03
24766 2.530006e+03
24789 2.530006e+03
24814 2.530006e+03
24820 2.530006e+03
24826 2.530005e+03
24976 2.530005e+03
25057 2.530005e+03
25062 2.530004e+03
25103 2.530004e+03
25161 2.530004e+03
25289 2.530004e+03
25350 2.530004e+03
25365 2.530004e+03
25523 2.530004e+03
25559 2.530004e+03
25575 2.530004e+03
25577 2.530004e+03
25616 2.530004e+03
25617 2.530004e+03
25695 2.530004e+03
25722 2.530004e+03
25741 2.530004e+03
25779 2.530003e+03
25797 2.530003e+03
25840 2.530003e+03
25842 2.530003e+03
25984 2.530003e+03
26157 2.530003e+03
26258 2.530003e+03
26295 2.530003e+03
26301 2.530003e+03
26321 2.530003e+03
26350 2.530003e+03
26409 2.530003e+03
26423 2.530003e+03
26466 2.530003e+03
26469 2.530003e+03
26624 2.530003e+03
26697 2.530003e+03
26711 2.530003e+03
26713 2.530003e+03
26714 2.530003e+03
26726 2.530003e+03
26767 2.530003e+03
26775 2.530003e+03
26829 2.530003e+03
26944 2.530003e+03
26956 2.530003e+03
26974 2.530003e+03
27117 2.530003e+03
27167 2.530003e+03
27224 2.530003e+03
27237 2.530003e+03
27256 2.530003e+03
27288 2.530003e+03
27332 2.530003e+03
27383 2.530003e+03
27402 2.530003e+03
27412 2.530003e+03
27516 2.530003e+03
27541 2.530003e+03
27594 2.530003e+03
27794 2.530003e+03
27911 2.530003e+03
28065 2.530003e+03
28110 2.530003e+03
28208 2.530003e+03
28209 2.530003e+03
28276 2.530003e+03
28351 2.530003e+03
28364 2.530003e+03
28368 2.530003e+03
28577 2.530003e+03
28644 2.530003e+03
28740 2.530003e+03
28743 2.530003e+03
28750 2.530003e+03
28772 2.530003e+03
28800 2.530003e+03
28813 2.530003e+03
28817 2.530003e+03
28913 2.530003e+03
28971 2.530003e+03
29010 2.530003e+03
29250 2.530003e+03
29277 2.530003e+03
29336 2.530003e+03
29359 2.530003e+03
29392 2.530003e+03
29426 2.530003e+03
29468 2.530003e+03
29500 2.530003e+03
29560 2.530003e+03
29673 2.530003e+03
29689 2.530003e+03
29844 2.530003e+03
29853 2.530003e+03
29898 2.530003e+03
29905 2.530003e+03
29984 2.530003e+03
29994 2.530003e+03
30071 2.530003e+03
30154 2.530003e+03
30214 2.530003e+03
30228 2.530003e+03
30380 2.530003e+03
30546 2.530003e+03
30578 2.530003e+03
30590 2.530003e+03
30638 2.530003e+03
30707 2.530003e+03
30836 2.530003e+03
30952 2.530003e+03
30979 2.530003e+03
31001 2.530003e+03
31010 2.530003e+03
31074 2.530003e+03
31089 2.530003e+03
31099 2.530003e+03
31103 2.530003e+03
31133 2.530003e+03
31209 2.530003e+03
31365 2.530003e+03
31395 2.530003e+03
31469 2.530003e+03
31579 2.530003e+03
31607 2.530003e+03
31652 2.530003e+03
31663 2.530003e+03
31747 2.530003e+03
31758 2.530003e+03
31847 2.530003e+03
31913 2.530003e+03
32008 2.530003e+03
32031 2.530003e+03
32033 2.530003e+03
32155 2.530003e+03
32160 2.530003e+03
32162 2.530003e+03
32171 2.530003e+03
32196 2.530003e+03
32206 2.530003e+03
32237 2.530003e+03
32295 2.530003e+03
32319 2.530003e+03
32414 2.530003e+03
32452 2.530003e+03
32460 2.530003e+03
32487 2.530003e+03
32530 2.530003e+03
32533 2.530003e+03
32550 2.530003e+03
32553 2.530003e+03
32591 2.530003e+03
32592 2.530003e+03
32688 2.530003e+03
32690 2.530003e+03
32817 2.530003e+03
32918 2.530003e+03
33003 2.530003e+03
33040 2.530003e+03
33048 2.530003e+03
33128 2.530003e+03
33157 2.530003e+03
33182 2.530003e+03
33188 2.530003e+03
33219 2.530003e+03
33265 2.530003e+03
33269 2.530003e+03
33365 2.530003e+03
33403 2.530003e+03
33404 2.530003e+03
33474 2.530003e+03
33513 2.530003e+03
33536 2.530003e+03
33591 2.530003e+03
33606 2.530003e+03
33663 2.530003e+03
33697 2.530003e+03
33713 2.530003e+03
33717 2.530003e+03
33757 2.530003e+03
33760 2.530003e+03
33803 2.530003e+03
33932 2.530003e+03
33996 2.530003e+03
34014 2.530003e+03
34041 2.530003e+03
34049 2.530003e+03
34134 2.530003e+03
34187 2.530003e+03
34207 2.530003e+03
34236 2.530003e+03
34257 2.530003e+03
34262 2.530003e+03
34278 2.530003e+03
34315 2.530003e+03
34425 2.530003e+03
34469 2.530003e+03
34555 2.530003e+03
34570 2.530003e+03
34599 2.530003e+03
34607 2.530003e+03
34609 2.530003e+03
34620 2.530003e+03
34661 2.530003e+03
34746 2.530003e+03
34778 2.530003e+03
34839 2.530003e+03
34876 2.530003e+03
34901 2.530003e+03
35047 2.530003e+03
35114 2.530003e+03
35137 2.530003e+03
35189 2.530003e+03
35212 2.530003e+03
35250 2.530003e+03
35273 2.530003e+03
35346 2.530003e+03
35362 2.530003e+03
35445 2.530003e+03
35509 2.530003e+03
92263 2.404172e+03
92265 2.381532e+03
92279 2.201615e+03
92315 2.108719e+03
92323 2.042234e+03
92335 2.033417e+03
92347 2.025884e+03
92353 2.017739e+03
92354 2.017739e+03
92357 2.017739e+03
92360 2.017739e+03
92363 2.017739e+03
92366 2.017739e+03
92369 2.017739e+03
92372 2.017739e+03
92375 2.017739e+03
92378 2.017739e+03
92381 2.017739e+03
92384 2.017739e+03
92387 2.017739e+03
92390 2.017739e+03
92393 2.017739e+03
92396 2.017739e+03
92399 2.017739e+03
92401 1.978091e+03
92402 1.978091e+03
92405 1.978091e+03
92408 1.978091e+03
92411 1.978091e+03
92413 1.939447e+03
92414 1.939447e+03
92417 1.939447e+03
92420 1.939447e+03
92423 1.939447e+03
92426 1.939447e+03
92429 1.939447e+03
92432 1.939447e+03
92435 1.939447e+03
92438 1.939447e+03
92441 1.939447e+03
92444 1.939447e+03
92447 1.939447e+03
92450 1.939447e+03
92453 1.939447e+03
92456 1.939447e+03
92459 1.939447e+03
92462 1.939447e+03
92465 1.939447e+03
92468 1.939447e+03
92471 1.939447e+03
92473 1.849120e+03
92640 1.847168e+03
92642 1.833227e+03
92643 1.833227e+03
92646 1.833227e+03
92647 1.825569e+03
92648 1.825569e+03
92651 1.825569e+03
92652 1.813607e+03
92655 1.809620e+03
92656 1.809620e+03
92659 1.809620e+03
92661 1.803976e+03
92663 1.802575e+03
92678 1.799465e+03
92680 1.778812e+03
92689 1.770358e+03
92690 1.770358e+03
92693 1.770358e+03
92696 1.770358e+03
92699 1.770358e+03
92701 1.766057e+03
92702 1.766057e+03
92705 1.766057e+03
92708 1.766057e+03
92711 1.766057e+03
92714 1.766057e+03
92716 1.755981e+03
92717 1.755981e+03
92720 1.755981e+03
92723 1.755981e+03
92726 1.755981e+03
92729 1.755981e+03
92731 1.740758e+03
92732 1.740758e+03
92733 1.715697e+03
92735 1.712184e+03
92737 1.669802e+03
92738 1.669802e+03
92741 1.669802e+03
92744 1.669802e+03
92745 1.606266e+03
92751 1.590005e+03
92752 1.590005e+03
92755 1.590005e+03
92757 1.566438e+03
92758 1.566438e+03
92760 1.542890e+03
92761 1.542890e+03
92764 1.542890e+03
92766 1.539334e+03
92767 1.539334e+03
92770 1.539334e+03
92773 1.539334e+03
92776 1.539334e+03
92779 1.539334e+03
92781 1.536145e+03
92790 1.535198e+03
92808 1.529544e+03
92880 1.522728e+03
92881 1.522728e+03
92883 1.504033e+03
92884 1.504033e+03
92887 1.504033e+03
92890 1.504033e+03
92893 1.504033e+03
92896 1.504033e+03
92899 1.504033e+03
92902 1.504033e+03
92905 1.504033e+03
92908 1.504033e+03
92911 1.504033e+03
92914 1.504033e+03
92917 1.504033e+03
92920 1.504033e+03
92923 1.504033e+03
92926 1.504033e+03
92929 1.504033e+03
92932 1.504033e+03
92935 1.504033e+03
92938 1.504033e+03
92941 1.504033e+03
92944 1.504033e+03
92947 1.504033e+03
92950 1.504033e+03
92953 1.504033e+03
92956 1.504033e+03
92959 1.504033e+03
92962 1.504033e+03
92965 1.504033e+03
92968 1.504033e+03
92971 1.504033e+03
92974 1.504033e+03
92977 1.504033e+03
92980 1.504033e+03
92983 1.504033e+03
92986 1.504033e+03
92989 1.504033e+03
92992 1.504033e+03
92995 1.504033e+03
92998 1.504033e+03
93001 1.504033e+03
93004 1.504033e+03
93007 1.504033e+03
93010 1.504033e+03
93013 1.504033e+03
93016 1.504033e+03
93019 1.504033e+03
93022 1.504033e+03
93025 1.504033e+03
93028 1.504033e+03
93031 1.504033e+03
93034 1.504033e+03
93037 1.504033e+03
93040 1.504033e+03
93043 1.504033e+03
93046 1.504033e+03
93049 1.504033e+03
93052 1.504033e+03
93055 1.504033e+03
93058 1.504033e+03
93061 1.504033e+03
93064 1.504033e+03
93067 1.504033e+03
93069 1.503802e+03
93071 1.502023e+03
93072 1.502023e+03
93075 1.502023e+03
93077 1.501777e+03
93078 1.501777e+03
93081 1.501777e+03
93084 1.501777e+03
93085 1.500987e+03
93086 1.500987e+03
93089 1.500987e+03
93090 1.500055e+03
93091 1.500055e+03
93093 1.499113e+03
93094 1.499113e+03
93097 1.499113e+03
93099 1.498922e+03
93107 1.495468e+03
93108 1.495468e+03
93111 1.495468e+03
93112 1.491170e+03
93113 1.491170e+03
93114 1.488719e+03
93115 1.488719e+03
93118 1.488719e+03
93120 1.487642e+03
93121 1.487642e+03
93124 1.487642e+03
93125 1.485363e+03
93143 1.483028e+03
93144 1.483028e+03
93147 1.483028e+03
93148 1.482958e+03
93156 1.470354e+03
93157 1.470354e+03
93159 1.466291e+03
93177 1.460994e+03
93178 1.460994e+03
93179 1.443583e+03
93181 1.427223e+03
93182 1.427223e+03
93184 1.425054e+03
93211 1.425037e+03
93212 1.425037e+03
93215 1.425037e+03
93218 1.425037e+03
93221 1.425037e+03
93224 1.425037e+03
93226 1.424285e+03
93227 1.424285e+03
93230 1.424285e+03
93232 1.423491e+03
93233 1.423491e+03
93236 1.423491e+03
93239 1.423491e+03
93242 1.423491e+03
93245 1.423491e+03
93248 1.423491e+03
93251 1.423491e+03
93254 1.423491e+03
93257 1.423491e+03
93259 1.422786e+03
93260 1.422786e+03
93263 1.422786e+03
93266 1.422786e+03
93269 1.422786e+03
93271 1.421605e+03
93272 1.421605e+03
93275 1.421605e+03
93278 1.421605e+03
93281 1.421605e+03
93284 1.421605e+03
93287 1.421605e+03
93290 1.421605e+03
93293 1.421605e+03
93295 1.418265e+03
93513 1.417619e+03
93514 1.417619e+03
93517 1.417619e+03
93520 1.417619e+03
93522 1.417464e+03
93523 1.417464e+03
93526 1.417464e+03
93527 1.416736e+03
93548 1.416350e+03
93549 1.416350e+03
93552 1.416350e+03
93554 1.416053e+03
93555 1.416053e+03
93558 1.416053e+03
93559 1.415594e+03
93582 1.414815e+03
93609 1.414654e+03
93614 1.413143e+03
93626 1.412825e+03
93632 1.412404e+03
93646 1.410867e+03
93647 1.410867e+03
93648 1.404018e+03
93705 1.403742e+03
93706 1.403742e+03
93709 1.403742e+03
93712 1.403742e+03
93715 1.403742e+03
93718 1.403742e+03
93721 1.403742e+03
93724 1.403742e+03
93727 1.403742e+03
93729 1.403394e+03
93762 1.402921e+03
93795 1.401630e+03
93950 1.401529e+03
93952 1.401311e+03
93953 1.401311e+03
93955 1.401295e+03
93956 1.401295e+03
93957 1.401169e+03
93958 1.401169e+03
93961 1.401169e+03
93964 1.401169e+03
93967 1.401169e+03
93969 1.401126e+03
93970 1.401126e+03
93973 1.401126e+03
93976 1.401126e+03
93977 1.401080e+03
93979 1.400813e+03
93980 1.400813e+03
93983 1.400813e+03
93986 1.400813e+03
93989 1.400813e+03
93992 1.400813e+03
93995 1.400813e+03
93996 1.400683e+03
93997 1.400683e+03
94000 1.400683e+03
94003 1.400683e+03
94006 1.400683e+03
94009 1.400683e+03
94012 1.400683e+03
94014 1.400543e+03
94019 1.400055e+03
94020 1.400055e+03
94023 1.400055e+03
94026 1.400055e+03
94027 1.399284e+03
94028 1.399284e+03
94031 1.399284e+03
94033 1.399233e+03
94034 1.399233e+03
94035 1.398969e+03
94038 1.398856e+03
94039 1.398856e+03
94042 1.398856e+03
94045 1.398856e+03
94048 1.398856e+03
94051 1.398856e+03
94054 1.398856e+03
94057 1.398856e+03
94060 1.398856e+03
94062 1.398579e+03
94067 1.398106e+03
94068 1.398106e+03
94071 1.398106e+03
94072 1.397054e+03
94073 1.397054e+03
94074 1.396444e+03
94079 1.396440e+03
94080 1.396440e+03
94083 1.396440e+03
94086 1.396440e+03
94088 1.396436e+03
94089 1.396436e+03
94092 1.396436e+03
94095 1.396436e+03
94098 1.396436e+03
94101 1.396436e+03
94104 1.396436e+03
94107 1.396436e+03
94110 1.396436e+03
94113 1.396436e+03
94116 1.396436e+03
94118 1.396372e+03
94139 1.396316e+03
94140 1.396316e+03
94143 1.396316e+03
94146 1.396316e+03
94149 1.396316e+03
94152 1.396316e+03
94155 1.396316e+03
94158 1.396316e+03
94161 1.396316e+03
94164 1.396316e+03
94167 1.396316e+03
94170 1.396316e+03
94173 1.396316e+03
94176 1.396316e+03
94179 1.396316e+03
94181 1.396216e+03
94182 1.396216e+03
94185 1.396216e+03
94188 1.396216e+03
94191 1.396216e+03
94194 1.396216e+03
94197 1.396216e+03
94200 1.396216e+03
94203 1.396216e+03
94206 1.396216e+03
94209 1.396216e+03
94212 1.396216e+03
94214 1.396064e+03
94215 1.396064e+03
94218 1.396064e+03
94221 1.396064e+03
94223 1.395921e+03
94224 1.395921e+03
94227 1.395921e+03
94229 1.395429e+03
94230 1.395429e+03
94233 1.395429e+03
94236 1.395429e+03
94239 1.395429e+03
94242 1.395429e+03
94245 1.395429e+03
94248 1.395429e+03
94251 1.395429e+03
94254 1.395429e+03
94257 1.395429e+03
94260 1.395429e+03
94263 1.395429e+03
94266 1.395429e+03
94269 1.395429e+03
94272 1.395429e+03
94275 1.395429e+03
94278 1.395429e+03
94281 1.395429e+03
94284 1.395429e+03
94287 1.395429e+03
94290 1.395429e+03
94293 1.395429e+03
94296 1.395429e+03
94299 1.395429e+03
94302 1.395429e+03
94305 1.395429e+03
94308 1.395429e+03
94311 1.395429e+03
94314 1.395429e+03
94317 1.395429e+03
94320 1.395429e+03
94323 1.395429e+03
94326 1.395429e+03
94329 1.395429e+03
94332 1.395429e+03
94335 1.395429e+03
94338 1.395429e+03
94341 1.395429e+03
94344 1.395429e+03
94347 1.395429e+03
94350 1.395429e+03
94353 1.395429e+03
94356 1.395429e+03
94359 1.395429e+03
94362 1.395429e+03
94365 1.395429e+03
94368 1.395429e+03
94371 1.395429e+03
94374 1.395429e+03
94377 1.395429e+03
94380 1.395429e+03
94383 1.395429e+03
94386 1.395429e+03
94389 1.395429e+03
94392 1.395429e+03
94395 1.395429e+03
94397 1.395414e+03
94399 1.395356e+03
94404 1.395329e+03
94405 1.395329e+03
94408 1.395329e+03
94409 1.395291e+03
94411 1.395279e+03
94417 1.395278e+03
94440 1.395147e+03
94442 1.395068e+03
94444 1.394929e+03
94446 1.394922e+03
94447 1.394922e+03
94450 1.394922e+03
94451 1.394917e+03
94452 1.394917e+03
94454 1.394908e+03
94456 1.394897e+03
94479 1.394819e+03
94481 1.394620e+03
94482 1.394620e+03
94483 1.394472e+03
94484 1.394472e+03
94485 1.394401e+03
94496 1.394188e+03
94501 1.393991e+03
94504 1.393934e+03
94505 1.393934e+03
94508 1.393934e+03
94509 1.393605e+03
94510 1.393605e+03
94513 1.393605e+03
94516 1.393605e+03
94518 1.393512e+03
94519 1.393512e+03
94522 1.393512e+03
94525 1.393512e+03
94528 1.393512e+03
94531 1.393512e+03
94534 1.393512e+03
94537 1.393512e+03
94539 1.393507e+03
94540 1.393507e+03
94543 1.393507e+03
94545 1.393506e+03
94546 1.393506e+03
94548 1.393492e+03
94549 1.393492e+03
94552 1.393492e+03
94555 1.393492e+03
94558 1.393492e+03
94561 1.393492e+03
94564 1.393492e+03
94567 1.393492e+03
94570 1.393492e+03
94573 1.393492e+03
94576 1.393492e+03
94579 1.393492e+03
94582 1.393492e+03
94585 1.393492e+03
94587 1.393457e+03
94593 1.393418e+03
94599 1.393377e+03
94600 1.393377e+03
94603 1.393377e+03
94606 1.393377e+03
94609 1.393377e+03
94612 1.393377e+03
94615 1.393377e+03
94618 1.393377e+03
94621 1.393377e+03
94623 1.393349e+03
94624 1.393349e+03
94627 1.393349e+03
94630 1.393349e+03
94632 1.393308e+03
94633 1.393308e+03
94636 1.393308e+03
94639 1.393308e+03
94642 1.393308e+03
94645 1.393308e+03
94648 1.393308e+03
94650 1.393305e+03
94651 1.393305e+03
94654 1.393305e+03
94657 1.393305e+03
94660 1.393305e+03
94663 1.393305e+03
94666 1.393305e+03
94669 1.393305e+03
94672 1.393305e+03
94675 1.393305e+03
94678 1.393305e+03
94681 1.393305e+03
94684 1.393305e+03
94687 1.393305e+03
94690 1.393305e+03
94693 1.393305e+03
94696 1.393305e+03
94699 1.393305e+03
94702 1.393305e+03
94705 1.393305e+03
94708 1.393305e+03
94711 1.393305e+03
94714 1.393305e+03
94717 1.393305e+03
94720 1.393305e+03
94723 1.393305e+03
94726 1.393305e+03
94729 1.393305e+03
94732 1.393305e+03
94735 1.393305e+03
94738 1.393305e+03
94741 1.393305e+03
94744 1.393305e+03
94747 1.393305e+03
94750 1.393305e+03
94753 1.393305e+03
94756 1.393305e+03
94759 1.393305e+03
94762 1.393305e+03
94765 1.393305e+03
94768 1.393305e+03
94771 1.393305e+03
94774 1.393305e+03
94777 1.393305e+03
94780 1.393305e+03
94783 1.393305e+03
94786 1.393305e+03
94789 1.393305e+03
94792 1.393305e+03
94795 1.393305e+03
94798 1.393305e+03
94801 1.393305e+03
94804 1.393305e+03
94807 1.393305e+03
94810 1.393305e+03
94813 1.393305e+03
94816 1.393305e+03
94819 1.393305e+03
94820 1.393293e+03
94825 1.393287e+03
94826 1.393287e+03
94829 1.393287e+03
94832 1.393287e+03
94833 1.393274e+03
94853 1.393270e+03
94854 1.393270e+03
94855 1.393250e+03
94861 1.393246e+03
94863 1.393234e+03
94864 1.393234e+03
94865 1.393232e+03
94867 1.393206e+03
94873 1.393200e+03
94874 1.393200e+03
94877 1.393200e+03
94880 1.393200e+03
94883 1.393200e+03
94886 1.393200e+03
94889 1.393200e+03
94892 1.393200e+03
94893 1.393155e+03
94894 1.393155e+03
94897 1.393155e+03
94900 1.393155e+03
94901 1.393126e+03
94902 1.393126e+03
94903 1.393118e+03
94905 1.393113e+03
94914 1.393110e+03
94917 1.393092e+03
94922 1.393055e+03
94931 1.393038e+03
94933 1.393017e+03
94934 1.393017e+03
94937 1.393017e+03
94940 1.393017e+03
94941 1.392977e+03
94942 1.392977e+03
94944 1.392971e+03
94945 1.392971e+03
94948 1.392971e+03
94949 1.392906e+03
94950 1.392906e+03
94953 1.392906e+03
94956 1.392906e+03
94959 1.392906e+03
94961 1.392906e+03
94991 1.392902e+03
95003 1.392901e+03
95004 1.392901e+03
95006 1.392894e+03
95007 1.392894e+03
95010 1.392894e+03
95013 1.392894e+03
95016 1.392894e+03
95019 1.392894e+03
95022 1.392894e+03
95025 1.392894e+03
95028 1.392894e+03
95031 1.392894e+03
95034 1.392894e+03
95037 1.392894e+03
95040 1.392894e+03
95043 1.392894e+03
95046 1.392894e+03
95048 1.392884e+03
95049 1.392884e+03
95051 1.392871e+03
95069 1.392869e+03
95081 1.392855e+03
95090 1.392848e+03
95099 1.392848e+03
95100 1.392848e+03
95103 1.392848e+03
95106 1.392848e+03
95109 1.392848e+03
95112 1.392848e+03
95115 1.392848e+03
95118 1.392848e+03
95121 1.392848e+03
95124 1.392848e+03
95127 1.392848e+03
95130 1.392848e+03
95133 1.392848e+03
95136 1.392848e+03
95139 1.392848e+03
95142 1.392848e+03
95145 1.392848e+03
95148 1.392848e+03
95151 1.392848e+03
95154 1.392848e+03
95157 1.392848e+03
95160 1.392848e+03
95163 1.392848e+03
95166 1.392848e+03
95169 1.392848e+03
95172 1.392848e+03
95175 1.392848e+03
95178 1.392848e+03
95181 1.392848e+03
95184 1.392848e+03
95187 1.392848e+03
95190 1.392848e+03
95193 1.392848e+03
95196 1.392848e+03
95199 1.392848e+03
95202 1.392848e+03
95205 1.392848e+03
95208 1.392848e+03
95211 1.392848e+03
95214 1.392848e+03
95217 1.392848e+03
95220 1.392848e+03
95223 1.392848e+03
95226 1.392848e+03
95229 1.392848e+03
95232 1.392848e+03
95235 1.392848e+03
95238 1.392848e+03
95241 1.392848e+03
95244 1.392848e+03
95247 1.392848e+03
95250 1.392848e+03
95253 1.392848e+03
95256 1.392848e+03
95259 1.392848e+03
95262 1.392848e+03
95265 1.392848e+03
95268 1.392848e+03
95270 1.392848e+03
95272 1.392846e+03
95274 1.392842e+03
95275 1.392842e+03
95276 1.392838e+03
95281 1.392837e+03
95283 1.392832e+03
95284 1.392832e+03
95287 1.392832e+03
95290 1.392832e+03
95293 1.392832e+03
95296 1.392832e+03
95299 1.392832e+03
95302 1.392832e+03
95305 1.392832e+03
95308 1.392832e+03
95311 1.392832e+03
95314 1.392832e+03
95317 1.392832e+03
95320 1.392832e+03
95323 1.392832e+03
95324 1.392826e+03
95325 1.392826e+03
95328 1.392826e+03
95331 1.392826e+03
95334 1.392826e+03
95337 1.392826e+03
95339 1.392823e+03
95350 1.392820e+03
95376 1.392796e+03
95415 1.392796e+03
95416 1.392796e+03
95419 1.392796e+03
95422 1.392796e+03
95425 1.392796e+03
95427 1.392795e+03
95499 1.392792e+03
95697 1.392792e+03
95700 1.392792e+03
95702 1.392792e+03
95708 1.392791e+03
95709 1.392791e+03
95712 1.392791e+03
95715 1.392791e+03
95717 1.392791e+03
95718 1.392791e+03
95721 1.392791e+03
95722 1.392791e+03
95734 1.392791e+03
95736 1.392791e+03
95741 1.392789e+03
95742 1.392789e+03
95745 1.392789e+03
95747 1.392789e+03
95768 1.392789e+03
95769 1.392789e+03
95772 1.392789e+03
95775 1.392789e+03
95777 1.392788e+03
95797 1.392785e+03
95802 1.392781e+03
95804 1.392777e+03
95805 1.392777e+03
95808 1.392777e+03
95809 1.392773e+03
95820 1.392767e+03
95822 1.392764e+03
95823 1.392764e+03
95824 1.392759e+03
95829 1.392751e+03
95830 1.392751e+03
95831 1.392749e+03
95861 1.392749e+03
95876 1.392749e+03
95969 1.392749e+03
95970 1.392749e+03
95973 1.392749e+03
95976 1.392749e+03
95979 1.392749e+03
95981 1.392748e+03
96148 1.392747e+03
96149 1.392747e+03
96150 1.392747e+03
96151 1.392747e+03
96154 1.392747e+03
96157 1.392747e+03
96160 1.392747e+03
96163 1.392747e+03
96166 1.392747e+03
96167 1.392747e+03
96175 1.392747e+03
96176 1.392747e+03
96178 1.392747e+03
96189 1.392747e+03
96190 1.392747e+03
96192 1.392747e+03
96193 1.392747e+03
96196 1.392747e+03
96197 1.392746e+03
96198 1.392746e+03
96201 1.392746e+03
96204 1.392746e+03
96207 1.392746e+03
96209 1.392746e+03
96220 1.392746e+03
96221 1.392746e+03
96224 1.392746e+03
96227 1.392746e+03
96230 1.392746e+03
96232 1.392746e+03
96243 1.392745e+03
96246 1.392745e+03
96248 1.392745e+03
96249 1.392745e+03
96250 1.392744e+03
96251 1.392744e+03
96254 1.392744e+03
96257 1.392744e+03
96260 1.392744e+03
96262 1.392744e+03
96310 1.392744e+03
96311 1.392744e+03
96314 1.392744e+03
96317 1.392744e+03
96320 1.392744e+03
96323 1.392744e+03
96326 1.392744e+03
96329 1.392744e+03
96332 1.392744e+03
96334 1.392744e+03
96367 1.392743e+03
96368 1.392743e+03
96371 1.392743e+03
96374 1.392743e+03
96377 1.392743e+03
96380 1.392743e+03
96383 1.392743e+03
96386 1.392743e+03
96389 1.392743e+03
96391 1.392743e+03
96397 1.392743e+03
96573 1.392743e+03
96575 1.392743e+03
96578 1.392743e+03
96579 1.392743e+03
96582 1.392743e+03
96585 1.392743e+03
96588 1.392743e+03
96591 1.392743e+03
96592 1.392743e+03
96593 1.392743e+03
96595 1.392743e+03
96596 1.392743e+03
96599 1.392743e+03
96602 1.392743e+03
96604 1.392743e+03
96616 1.392743e+03
96617 1.392743e+03
96620 1.392743e+03
96621 1.392743e+03
96622 1.392743e+03
96625 1.392743e+03
96628 1.392743e+03
96631 1.392743e+03
96634 1.392743e+03
96635 1.392743e+03
96646 1.392743e+03
96651 1.392743e+03
96653 1.392742e+03
96661 1.392742e+03
96666 1.392742e+03
96675 1.392742e+03
96676 1.392742e+03
96678 1.392742e+03
96690 1.392742e+03
96691 1.392742e+03
96693 1.392742e+03
96694 1.392742e+03
96696 1.392742e+03
96698 1.392742e+03
96716 1.392742e+03
96717 1.392742e+03
96720 1.392742e+03
96723 1.392742e+03
96726 1.392742e+03
96729 1.392742e+03
96732 1.392742e+03
96735 1.392742e+03
96738 1.392742e+03
96741 1.392742e+03
96744 1.392742e+03
96747 1.392742e+03
96750 1.392742e+03
96753 1.392742e+03
96756 1.392742e+03
96759 1.392742e+03
96762 1.392742e+03
96764 1.392742e+03
96765 1.392742e+03
96768 1.392742e+03
96771 1.392742e+03
96774 1.392742e+03
96777 1.392742e+03
96780 1.392742e+03
96783 1.392742e+03
96786 1.392742e+03
96789 1.392742e+03
96792 1.392742e+03
96795 1.392742e+03
96797 1.392742e+03
96798 1.392742e+03
96801 1.392742e+03
96804 1.392742e+03
96807 1.392742e+03
96809 1.392742e+03
96815 1.392742e+03
96816 1.392742e+03
96819 1.392742e+03
96822 1.392742e+03
96825 1.392742e+03
96828 1.392742e+03
96831 1.392742e+03
96834 1.392742e+03
96837 1.392742e+03
96840 1.392742e+03
96843 1.392742e+03
96846 1.392742e+03
96849 1.392742e+03
96852 1.392742e+03
96855 1.392742e+03
96858 1.392742e+03
96861 1.392742e+03
96864 1.392742e+03
96867 1.392742e+03
96870 1.392742e+03
96873 1.392742e+03
96876 1.392742e+03
96879 1.392742e+03
96882 1.392742e+03
96885 1.392742e+03
96888 1.392742e+03
96891 1.392742e+03
96894 1.392742e+03
96897 1.392742e+03
96900 1.392742e+03
96903 1.392742e+03
96906 1.392742e+03
96909 1.392742e+03
96912 1.392742e+03
96915 1.392742e+03
96918 1.392742e+03
96921 1.392742e+03
96924 1.392742e+03
96927 1.392742e+03
96930 1.392742e+03
96933 1.392742e+03
96936 1.392742e+03
96939 1.392742e+03
96942 1.392742e+03
96945 1.392742e+03
96948 1.392742e+03
96951 1.392742e+03
96954 1.392742e+03
96957 1.392742e+03
96960 1.392742e+03
96963 1.392742e+03
96966 1.392742e+03
96969 1.392742e+03
96972 1.392742e+03
96975 1.392742e+03
96978 1.392742e+03
96981 1.392742e+03
96984 1.392742e+03
96987 1.392742e+03
96990 1.392742e+03
96993 1.392742e+03
96996 1.392742e+03
96999 1.392742e+03
97002 1.392742e+03
97005 1.392742e+03
97008 1.392742e+03
97011 1.392742e+03
97014 1.392742e+03
97017 1.392742e+03
97020 1.392742e+03
97023 1.392742e+03
97026 1.392742e+03
97029 1.392742e+03
97032 1.392742e+03
97035 1.392742e+03
97038 1.392742e+03
97041 1.392742e+03
97044 1.392742e+03
97047 1.392742e+03
97050 1.392742e+03
97053 1.392742e+03
97056 1.392742e+03
97059 1.392742e+03
97062 1.392742e+03
97064 1.391858e+03
98714 1.391852e+03
99163 1.391847e+03
99164 1.391847e+03
99167 1.391847e+03
99170 1.391847e+03
99173 1.391847e+03
99176 1.391847e+03
99179 1.391847e+03
99182 1.391847e+03
99185 1.391847e+03
99188 1.391847e+03
99191 1.391847e+03
99194 1.391847e+03
99197 1.391847e+03
99200 1.391847e+03
99203 1.391847e+03
99206 1.391847e+03
99209 1.391847e+03
99212 1.391847e+03
99215 1.391847e+03
99218 1.391847e+03
99221 1.391847e+03
99224 1.391847e+03
99227 1.391847e+03
99230 1.391847e+03
99233 1.391847e+03
99236 1.391847e+03
99239 1.391847e+03
99242 1.391847e+03
99245 1.391847e+03
99248 1.391847e+03
99251 1.391847e+03
99254 1.391847e+03
99257 1.391847e+03
99260 1.391847e+03
99263 1.391847e+03
99266 1.391847e+03
99269 1.391847e+03
99272 1.391847e+03
99275 1.391847e+03
99278 1.391847e+03
99281 1.391847e+03
99284 1.391847e+03
99287 1.391847e+03
99290 1.391847e+03
99293 1.391847e+03
99296 1.391847e+03
99299 1.391847e+03
99302 1.391847e+03
99305 1.391847e+03
99308 1.391847e+03
99311 1.391847e+03
99314 1.391847e+03
99317 1.391847e+03
99320 1.391847e+03
99323 1.391847e+03
99326 1.391847e+03
99329 1.391847e+03
99332 1.391847e+03
99335 1.391847e+03
99338 1.391847e+03
99341 1.391847e+03
99344 1.391847e+03
99347 1.391847e+03
99350 1.391847e+03
99353 1.391847e+03
99356 1.391847e+03
99359 1.391847e+03
99362 1.391847e+03
99365 1.391847e+03
99368 1.391847e+03
99371 1.391847e+03
99374 1.391847e+03
99377 1.391847e+03
99380 1.391847e+03
99383 1.391847e+03
99386 1.391847e+03
99389 1.391847e+03
99392 1.391847e+03
99395 1.391847e+03
99398 1.391847e+03
99401 1.391847e+03
99404 1.391847e+03
99407 1.391847e+03
99410 1.391847e+03
99413 1.391847e+03
99416 1.391847e+03
99419 1.391847e+03
99422 1.391847e+03
99425 1.391847e+03
99428 1.391847e+03
99431 1.391847e+03
99434 1.391847e+03
99437 1.391847e+03
99440 1.391847e+03
99443 1.391847e+03
99446 1.391847e+03
99449 1.391847e+03
99452 1.391847e+03
99455 1.391847e+03
99458 1.391847e+03
99461 1.391847e+03
99463 1.391847e+03
99464 1.391847e+03
99467 1.391847e+03
99470 1.391847e+03
99473 1.391847e+03
99476 1.391847e+03
99479 1.391847e+03
99482 1.391847e+03
99485 1.391847e+03
99488 1.391847e+03
99491 1.391847e+03
99494 1.391847e+03
99497 1.391847e+03
99500 1.391847e+03
99503 1.391847e+03
99506 1.391847e+03
99509 1.391847e+03
99512 1.391847e+03
99515 1.391847e+03
99518 1.391847e+03
99521 1.391847e+03
99524 1.391847e+03
99527 1.391847e+03
99530 1.391847e+03
99533 1.391847e+03
99536 1.391847e+03
99539 1.391847e+03
99542 1.391847e+03
99545 1.391847e+03
99548 1.391847e+03
99551 1.391847e+03
99554 1.391847e+03
99557 1.391847e+03
99560 1.391847e+03
99563 1.391847e+03
99566 1.391847e+03
99569 1.391847e+03
99572 1.391847e+03
99575 1.391847e+03
99578 1.391847e+03
99581 1.391847e+03
99584 1.391847e+03
99587 1.391847e+03
99590 1.391847e+03
99593 1.391847e+03
99596 1.391847e+03
99599 1.391847e+03
99602 1.391847e+03
99605 1.391847e+03
99608 1.391847e+03
99611 1.391847e+03
99614 1.391847e+03
99617 1.391847e+03
99620 1.391847e+03
99623 1.391847e+03
99626 1.391847e+03
99629 1.391847e+03
99632 1.391847e+03
99635 1.391847e+03
99638 1.391847e+03
99641 1.391847e+03
99644 1.391847e+03
99647 1.391847e+03
99650 1.391847e+03
99653 1.391847e+03
99656 1.391847e+03
99659 1.391847e+03
99662 1.391847e+03
99665 1.391847e+03
99668 1.391847e+03
99671 1.391847e+03
99674 1.391847e+03
99677 1.391847e+03
99680 1.391847e+03
99683 1.391847e+03
99686 1.391847e+03
99689 1.391847e+03
99692 1.391847e+03
99695 1.391847e+03
99698 1.391847e+03
99701 1.391847e+03
99704 1.391847e+03
99707 1.391847e+03
99710 1.391847e+03
99713 1.391847e+03
99716 1.391847e+03
99719 1.391847e+03
99722 1.391847e+03
99725 1.391847e+03
99728 1.391847e+03
99731 1.391847e+03
99734 1.391847e+03
99737 1.391847e+03
99740 1.391847e+03
99743 1.391847e+03
99746 1.391847e+03
99749 1.391847e+03
99752 1.391847e+03
99755 1.391847e+03
99758 1.391847e+03
99761 1.391847e+03
99764 1.391847e+03
99767 1.391847e+03
99770 1.391847e+03
99773 1.391847e+03
99776 1.391847e+03
99779 1.391847e+03
99782 1.391847e+03
99785 1.391847e+03
99788 1.391847e+03
99791 1.391847e+03
99794 1.391847e+03
99797 1.391847e+03
99800 1.391847e+03
99803 1.391847e+03
99806 1.391847e+03
99809 1.391847e+03
99812 1.391847e+03
99815 1.391847e+03
99818 1.391847e+03
99821 1.391847e+03
99824 1.391847e+03
99827 1.391847e+03
99830 1.391847e+03
99833 1.391847e+03
99836 1.391847e+03
99839 1.391847e+03
99842 1.391847e+03
99845 1.391847e+03
99848 1.391847e+03
99851 1.391847e+03
99854 1.391847e+03
99857 1.391847e+03
99860 1.391847e+03
99863 1.391847e+03
99866 1.391847e+03
99869 1.391847e+03
99872 1.391847e+03
99875 1.391847e+03
99878 1.391847e+03
99881 1.391847e+03
99884 1.391847e+03
99887 1.391847e+03
99890 1.391847e+03
99893 1.391847e+03
99896 1.391847e+03
99899 1.391847e+03
99902 1.391847e+03
99905 1.391847e+03
99908 1.391847e+03
99911 1.391847e+03
99914 1.391847e+03
99917 1.391847e+03
99920 1.391847e+03
99923 1.391847e+03
99926 1.391847e+03
99929 1.391847e+03
99932 1.391847e+03
99935 1.391847e+03
99938 1.391847e+03
99941 1.391847e+03
99944 1.391847e+03
99947 1.391847e+03
99950 1.391847e+03
99953 1.391847e+03
99956 1.391847e+03
99959 1.391847e+03
99962 1.391847e+03
99965 1.391847e+03
99968 1.391847e+03
99971 1.391847e+03
99974 1.391847e+03
99977 1.391847e+03
99980 1.391847e+03
99983 1.391847e+03
99986 1.391847e+03
99989 1.391847e+03
99992 1.391847e+03
99995 1.391847e+03
99998 1.391847e+03
100001 1.391847e+03
100004 1.391847e+03
100007 1.391847e+03
100010 1.391847e+03
100013 1.391847e+03
100016 1.391847e+03
100019 1.391847e+03
100022 1.391847e+03
100023 1.391847e+03
100026 1.391847e+03
100027 1.391847e+03
100030 1.391847e+03
100032 1.391847e+03
100033 1.391847e+03
100036 1.391847e+03
100037 1.391847e+03
100038 1.391847e+03
100041 1.391847e+03
100044 1.391847e+03
100045 1.391847e+03
100047 1.391847e+03
100048 1.391847e+03
100049 1.391847e+03
100050 1.391847e+03
100053 1.391847e+03
100054 1.391847e+03
100056 1.391847e+03
100057 1.391847e+03
100058 1.391847e+03
100059 1.391847e+03
100061 1.391847e+03
100066 1.391847e+03
100067 1.391847e+03
100069 1.391847e+03
100074 1.391847e+03
100075 1.391847e+03
100076 1.391847e+03
100081 1.391847e+03
100087 1.391847e+03
100088 1.391847e+03
100089 1.391847e+03
100090 1.391847e+03
100093 1.391847e+03
100096 1.391847e+03
100099 1.391847e+03
100102 1.391847e+03
100103 1.391847e+03
100114 1.391847e+03
100116 1.391846e+03
100117 1.391846e+03
100120 1.391846e+03
100123 1.391846e+03
100126 1.391846e+03
100129 1.391846e+03
100132 1.391846e+03
100135 1.391846e+03
100138 1.391846e+03
100141 1.391846e+03
100142 1.391846e+03
100157 1.391846e+03
100158 1.391846e+03
100161 1.391846e+03
100164 1.391846e+03
100167 1.391846e+03
100170 1.391846e+03
100173 1.391846e+03
100176 1.391846e+03
100179 1.391846e+03
100181 1.391846e+03
100193 1.391846e+03
100208 1.391846e+03
100220 1.391846e+03
100235 1.391846e+03
100236 1.391846e+03
100239 1.391846e+03
100242 1.391846e+03
100245 1.391846e+03
100248 1.391846e+03
100251 1.391846e+03
100254 1.391846e+03
100257 1.391846e+03
100260 1.391846e+03
100262 1.391846e+03
100445 1.391846e+03
100446 1.391846e+03
100447 1.391846e+03
100448 1.391846e+03
100451 1.391846e+03
100452 1.391846e+03
100453 1.391846e+03
100456 1.391846e+03
100459 1.391846e+03
100462 1.391846e+03
100465 1.391846e+03
100468 1.391846e+03
100470 1.391846e+03
100472 1.391846e+03
100520 1.391846e+03
100540 1.391846e+03
100542 1.391846e+03
100545 1.391846e+03
100546 1.391846e+03
100549 1.391846e+03
100550 1.391846e+03
100551 1.391846e+03
100552 1.391846e+03
100553 1.391846e+03
100556 1.391846e+03
100559 1.391846e+03
100560 1.391846e+03
100562 1.391846e+03
100563 1.391846e+03
100564 1.391846e+03
100565 1.391846e+03
100566 1.391846e+03
100567 1.391846e+03
100569 1.391846e+03
100571 1.391846e+03
100682 1.391846e+03
100683 1.391846e+03
100685 1.391846e+03
100686 1.391846e+03
100689 1.391846e+03
100692 1.391846e+03
100695 1.391846e+03
100698 1.391846e+03
100701 1.391846e+03
100704 1.391846e+03
100706 1.391846e+03
100707 1.391846e+03
100710 1.391846e+03
100713 1.391846e+03
100716 1.391846e+03
100719 1.391846e+03
100722 1.391846e+03
100725 1.391846e+03
100728 1.391846e+03
100731 1.391846e+03
100734 1.391846e+03
100737 1.391846e+03
100740 1.391846e+03
100743 1.391846e+03
100746 1.391846e+03
100749 1.391846e+03
100752 1.391846e+03
100755 1.391846e+03
100758 1.391846e+03
100761 1.391846e+03
100764 1.391846e+03
100767 1.391846e+03
100770 1.391846e+03
100773 1.391846e+03
100776 1.391846e+03
100779 1.391846e+03
100782 1.391846e+03
100785 1.391846e+03
100788 1.391846e+03
100791 1.391846e+03
100794 1.391846e+03
100797 1.391846e+03
100800 1.391846e+03
100803 1.391846e+03
100806 1.391846e+03
100809 1.391846e+03
100812 1.391846e+03
100815 1.391846e+03
100818 1.391846e+03
100821 1.391846e+03
100824 1.391846e+03
100827 1.391846e+03
100830 1.391846e+03
100833 1.391846e+03
100836 1.391846e+03
100839 1.391846e+03
100842 1.391846e+03
100845 1.391846e+03
100848 1.391846e+03
100851 1.391846e+03
100854 1.391846e+03
100857 1.391846e+03
100860 1.391846e+03
100863 1.391846e+03
100866 1.391846e+03
100869 1.391846e+03
100872 1.391846e+03
100875 1.391846e+03
100878 1.391846e+03
100881 1.391846e+03
100884 1.391846e+03
100887 1.391846e+03
100890 1.391846e+03
100893 1.391846e+03
100894 1.391846e+03
100896 1.391846e+03
100897 1.391846e+03
100900 1.391846e+03
100901 1.391846e+03
100902 1.391846e+03
100903 1.391846e+03
100904 1.391846e+03
100907 1.391846e+03
100910 1.391846e+03
100911 1.391846e+03
100920 1.391846e+03
100921 1.391846e+03
100922 1.391846e+03
100928 1.391846e+03
100936 1.391846e+03
100937 1.391846e+03
100938 1.391846e+03
100939 1.391846e+03
100942 1.391846e+03
100944 1.391846e+03
100949 1.391846e+03
100955 1.391846e+03
100966 1.391846e+03
100967 1.391846e+03
100968 1.391846e+03
100969 1.391846e+03
100972 1.391846e+03
100975 1.391846e+03
100978 1.391846e+03
100979 1.391846e+03
100982 1.391846e+03
100987 1.391846e+03
100988 1.391846e+03
100991 1.391846e+03
100994 1.391846e+03
100997 1.391846e+03
101000 1.391846e+03
101003 1.391846e+03
101006 1.391846e+03
101008 1.391846e+03
101010 1.391846e+03
101011 1.391846e+03
101014 1.391846e+03
101017 1.391846e+03
101020 1.391846e+03
101023 1.391846e+03
101026 1.391846e+03
101029 1.391846e+03
101031 1.391846e+03
101032 1.391846e+03
101035 1.391846e+03
101038 1.391846e+03
101041 1.391846e+03
101044 1.391846e+03
101047 1.391846e+03
101050 1.391846e+03
101052 1.391846e+03
101053 1.391846e+03
101056 1.391846e+03
101059 1.391846e+03
101062 1.391846e+03
101065 1.391846e+03
101068 1.391846e+03
101071 1.391846e+03
101074 1.391846e+03
101077 1.391846e+03
101079 1.391846e+03
101094 1.391846e+03
101095 1.391846e+03
101098 1.391846e+03
101101 1.391846e+03
101104 1.391846e+03
101107 1.391846e+03
101110 1.391846e+03
101113 1.391846e+03
101115 1.391846e+03
101116 1.391846e+03
101119 1.391846e+03
101122 1.391846e+03
101125 1.391846e+03
101127 1.391846e+03
101136 1.391846e+03
101160 1.391846e+03
101318 1.391846e+03
101319 1.391846e+03
101322 1.391846e+03
101325 1.391846e+03
101327 1.391846e+03
101328 1.391846e+03
101331 1.391846e+03
101334 1.391846e+03
101337 1.391846e+03
101339 1.391846e+03
101340 1.391846e+03
101342 1.391846e+03
101363 1.391846e+03
101365 1.391846e+03
101366 1.391846e+03
101369 1.391846e+03
101371 1.391846e+03
101372 1.391846e+03
101375 1.391846e+03
101378 1.391846e+03
101381 1.391846e+03
101384 1.391846e+03
101387 1.391846e+03
101389 1.391846e+03
101400 1.391846e+03
101401 1.391846e+03
101402 1.391846e+03
101403 1.391846e+03
101404 1.391846e+03
101407 1.391846e+03
101415 1.391846e+03
101416 1.391846e+03
101419 1.391846e+03
101422 1.391846e+03
101425 1.391846e+03
101427 1.391846e+03
101428 1.391846e+03
101431 1.391846e+03
101434 1.391846e+03
101435 1.391846e+03
101446 1.391846e+03
101447 1.391846e+03
101450 1.391846e+03
101453 1.391846e+03
101456 1.391846e+03
101458 1.391846e+03
101459 1.391846e+03
101462 1.391846e+03
101465 1.391846e+03
101468 1.391846e+03
101471 1.391846e+03
101474 1.391846e+03
101477 1.391846e+03
101480 1.391846e+03
101483 1.391846e+03
101486 1.391846e+03
101489 1.391846e+03
101492 1.391846e+03
101495 1.391846e+03
101498 1.391846e+03
101501 1.391846e+03
101504 1.391846e+03
101507 1.391846e+03
101510 1.391846e+03
101513 1.391846e+03
101516 1.391846e+03
101519 1.391846e+03
101522 1.391846e+03
101525 1.391846e+03
101528 1.391846e+03
101531 1.391846e+03
101534 1.391846e+03
101537 1.391846e+03
101540 1.391846e+03
101543 1.391846e+03
101545 1.391846e+03
101546 1.391846e+03
101548 1.391846e+03
101549 1.391846e+03
101551 1.391846e+03
101584 1.391846e+03
101585 1.391846e+03
101588 1.391846e+03
101591 1.391846e+03
101594 1.391846e+03
101596 1.391846e+03
101761 1.391846e+03
101762 1.391846e+03
101765 1.391846e+03
101768 1.391846e+03
101771 1.391846e+03
101774 1.391846e+03
101776 1.391846e+03
101791 1.391846e+03
101793 1.391846e+03
101794 1.391846e+03
101797 1.391846e+03
101800 1.391846e+03
101803 1.391846e+03
101806 1.391846e+03
101808 1.391846e+03
101810 1.391846e+03
101811 1.391846e+03
101814 1.391846e+03
101815 1.391846e+03
101817 1.391846e+03
101820 1.391846e+03
101825 1.391846e+03
101826 1.391846e+03
101829 1.391846e+03
101830 1.391846e+03
101831 1.391846e+03
101834 1.391846e+03
101835 1.391846e+03
101849 1.391846e+03
101850 1.391846e+03
101851 1.391846e+03
101852 1.391846e+03
101855 1.391846e+03
101858 1.391846e+03
101859 1.391846e+03
101861 1.391846e+03
101862 1.391846e+03
101865 1.391846e+03
101866 1.391846e+03
101875 1.391846e+03
101881 1.391846e+03
101889 1.391846e+03
101931 1.391846e+03
101949 1.391846e+03
101958 1.391846e+03
101959 1.391846e+03
101962 1.391846e+03
101965 1.391846e+03
101967 1.391846e+03
101968 1.391846e+03
101971 1.391846e+03
101973 1.391846e+03
101994 1.391846e+03
101997 1.391846e+03
102006 1.391846e+03
102009 1.391846e+03
102015 1.391846e+03
102016 1.391846e+03
102019 1.391846e+03
102022 1.391846e+03
102025 1.391846e+03
102028 1.391846e+03
102031 1.391846e+03
102034 1.391846e+03
102037 1.391846e+03
102039 1.391846e+03
102040 1.391846e+03
102043 1.391846e+03
102046 1.391846e+03
102049 1.391846e+03
102052 1.391846e+03
102055 1.391846e+03
102058 1.391846e+03
102061 1.391846e+03
102064 1.391846e+03
102067 1.391846e+03
102070 1.391846e+03
102073 1.391846e+03
102076 1.391846e+03
102079 1.391846e+03
102082 1.391846e+03
102085 1.391846e+03
102088 1.391846e+03
102091 1.391846e+03
102094 1.391846e+03
102097 1.391846e+03
102100 1.391846e+03
102103 1.391846e+03
102106 1.391846e+03
102109 1.391846e+03
102112 1.391846e+03
102115 1.391846e+03
102118 1.391846e+03
102121 1.391846e+03
102124 1.391846e+03
102127 1.391846e+03
102130 1.391846e+03
102133 1.391846e+03
102136 1.391846e+03
102139 1.391846e+03
102142 1.391846e+03
102145 1.391846e+03
102148 1.391846e+03
102151 1.391846e+03
102154 1.391846e+03
102157 1.391846e+03
102160 1.391846e+03
102163 1.391846e+03
102166 1.391846e+03
102169 1.391846e+03
102172 1.391846e+03
102175 1.391846e+03
102178 1.391846e+03
102181 1.391846e+03
102184 1.391846e+03
102187 1.391846e+03
102190 1.391846e+03
102193 1.391846e+03
102196 1.391846e+03
102199 1.391846e+03
102202 1.391846e+03
102205 1.391846e+03
102206 1.391846e+03
102215 1.391846e+03
102238 1.391846e+03
102240 1.391846e+03
102248 1.391846e+03
102249 1.391846e+03
102251 1.391846e+03
102252 1.391846e+03
102255 1.391846e+03
102258 1.391846e+03
102261 1.391846e+03
102264 1.391846e+03
102267 1.391846e+03
102270 1.391846e+03
102271 1.391846e+03
102274 1.391846e+03
102275 1.391846e+03
102278 1.391846e+03
102279 1.391846e+03
102280 1.391846e+03
102281 1.391846e+03
102282 1.391846e+03
102283 1.391846e+03
102294 1.391846e+03
102295 1.391846e+03
102298 1.391846e+03
102301 1.391846e+03
102304 1.391846e+03
102307 1.391846e+03
102310 1.391846e+03
102313 1.391846e+03
102316 1.391846e+03
102319 1.391846e+03
102322 1.391846e+03
102325 1.391846e+03
102326 1.391846e+03
102327 1.391846e+03
102330 1.391846e+03
102333 1.391846e+03
102336 1.391846e+03
102339 1.391846e+03
102342 1.391846e+03
102345 1.391846e+03
102348 1.391846e+03
102351 1.391846e+03
102354 1.391846e+03
102357 1.391846e+03
102360 1.391846e+03
102363 1.391846e+03
102366 1.391846e+03
102369 1.391846e+03
102372 1.391846e+03
102375 1.391846e+03
102378 1.391846e+03
102380 1.391846e+03
102383 1.391846e+03
102384 1.391846e+03
102387 1.391846e+03
102390 1.391846e+03
102393 1.391846e+03
102396 1.391846e+03
102399 1.391846e+03
102402 1.391846e+03
102405 1.391846e+03
102408 1.391846e+03
102411 1.391846e+03
102414 1.391846e+03
102416 1.391846e+03
102431 1.391846e+03
102432 1.391846e+03
102435 1.391846e+03
102438 1.391846e+03
102441 1.391846e+03
102444 1.391846e+03
102447 1.391846e+03
102450 1.391846e+03
102453 1.391846e+03
102456 1.391846e+03
102459 1.391846e+03
102462 1.391846e+03
102465 1.391846e+03
102468 1.391846e+03
102471 1.391846e+03
102474 1.391846e+03
102477 1.391846e+03
102480 1.391846e+03
102483 1.391846e+03
102486 1.391846e+03
102489 1.391846e+03
102492 1.391846e+03
102495 1.391846e+03
102498 1.391846e+03
102501 1.391846e+03
102504 1.391846e+03
102507 1.391846e+03
102510 1.391846e+03
102513 1.391846e+03
102516 1.391846e+03
102519 1.391846e+03
102522 1.391846e+03
102525 1.391846e+03
102528 1.391846e+03
102531 1.391846e+03
102534 1.391846e+03
102537 1.391846e+03
102540 1.391846e+03
102543 1.391846e+03
102546 1.391846e+03
102549 1.391846e+03
102552 1.391846e+03
102555 1.391846e+03
102558 1.391846e+03
102561 1.391846e+03
102564 1.391846e+03
102567 1.391846e+03
102570 1.391846e+03
102573 1.391846e+03
102576 1.391846e+03
102579 1.391846e+03
102582 1.391846e+03
102585 1.391846e+03
102588 1.391846e+03
102591 1.391846e+03
102594 1.391846e+03
102597 1.391846e+03
102600 1.391846e+03
102603 1.391846e+03
102606 1.391846e+03
102609 1.391846e+03
102612 1.391846e+03
102615 1.391846e+03
102618 1.391846e+03
102621 1.391846e+03
102624 1.391846e+03
102627 1.391846e+03
102630 1.391846e+03
102633 1.391846e+03
102636 1.391846e+03
102639 1.391846e+03
102642 1.391846e+03
102643 1.391846e+03
102651 1.391846e+03
102656 1.391846e+03
102658 1.391846e+03
102660 1.391846e+03
102661 1.391846e+03
102662 1.391846e+03
102663 1.391846e+03
102666 1.391846e+03
102669 1.391846e+03
102671 1.391846e+03
102672 1.391846e+03
102675 1.391846e+03
102678 1.391846e+03
102681 1.391846e+03
102682 1.391846e+03
102683 1.391846e+03
102685 1.391846e+03
102686 1.391846e+03
102689 1.391846e+03
102690 1.391846e+03
102692 1.391846e+03
102693 1.391846e+03
102694 1.391846e+03
102696 1.391846e+03
102698 1.391846e+03
102700 1.391846e+03
102708 1.391846e+03
102709 1.391846e+03
102711 1.391846e+03
102719 1.391846e+03
102720 1.391846e+03
102721 1.391846e+03
102724 1.391846e+03
102725 1.391846e+03
102727 1.391846e+03
102735 1.391846e+03
102741 1.391846e+03
102743 1.391846e+03
102744 1.391846e+03
102747 1.391846e+03
102749 1.391846e+03
102760 1.391846e+03
102761 1.391846e+03
102764 1.391846e+03
102765 1.391846e+03
102766 1.391846e+03
102769 1.391846e+03
102772 1.391846e+03
102775 1.391846e+03
102778 1.391846e+03
102781 1.391846e+03
102783 1.391846e+03
102784 1.391846e+03
102787 1.391846e+03
102789 1.391846e+03
102792 1.391846e+03
102828 1.391846e+03
102831 1.391846e+03
102832 1.391846e+03
102835 1.391846e+03
102838 1.391846e+03
102841 1.391846e+03
102843 1.391846e+03
102852 1.391846e+03
103067 1.391846e+03
103070 1.391846e+03
103071 1.391846e+03
103073 1.391846e+03
103074 1.391846e+03
103077 1.391846e+03
103080 1.391846e+03
103083 1.391846e+03
103084 1.391846e+03
103107 1.391846e+03
103108 1.391846e+03
103109 1.391846e+03
103115 1.391846e+03
103116 1.391846e+03
103119 1.391846e+03
103122 1.391846e+03
103125 1.391846e+03
103128 1.391846e+03
103130 1.391846e+03
103141 1.391846e+03
103142 1.391846e+03
103143 1.391846e+03
103152 1.391846e+03
103154 1.391846e+03
103155 1.391846e+03
103157 1.391846e+03
103158 1.391846e+03
103161 1.391846e+03
103164 1.391846e+03
103167 1.391846e+03
103168 1.391846e+03
103174 1.391846e+03
103175 1.391846e+03
103176 1.391846e+03
103182 1.391846e+03
103190 1.391846e+03
103191 1.391846e+03
103192 1.391846e+03
103193 1.391846e+03
103195 1.391846e+03
103198 1.391846e+03
103199 1.391846e+03
103201 1.391846e+03
103204 1.391846e+03
103225 1.391846e+03
103226 1.391846e+03
103229 1.391846e+03
103232 1.391846e+03
103235 1.391846e+03
103238 1.391846e+03
103241 1.391846e+03
103244 1.391846e+03
103247 1.391846e+03
103249 1.391846e+03
103252 1.391846e+03
103285 1.391846e+03
103286 1.391846e+03
103289 1.391846e+03
103292 1.391846e+03
103295 1.391846e+03
103298 1.391846e+03
103301 1.391846e+03
103304 1.391846e+03
103307 1.391846e+03
103310 1.391846e+03
103313 1.391846e+03
103315 1.391846e+03
103324 1.391846e+03
103325 1.391846e+03
103328 1.391846e+03
103331 1.391846e+03
103334 1.391846e+03
103337 1.391846e+03
103339 1.391846e+03
103340 1.391846e+03
103343 1.391846e+03
103346 1.391846e+03
103349 1.391846e+03
103352 1.391846e+03
103355 1.391846e+03
103358 1.391846e+03
103361 1.391846e+03
103364 1.391846e+03
103367 1.391846e+03
103370 1.391846e+03
103373 1.391846e+03
103376 1.391846e+03
103379 1.391846e+03
103382 1.391846e+03
103385 1.391846e+03
103388 1.391846e+03
103391 1.391846e+03
103394 1.391846e+03
103397 1.391846e+03
103400 1.391846e+03
103403 1.391846e+03
103406 1.391846e+03
103409 1.391846e+03
103412 1.391846e+03
103415 1.391846e+03
103418 1.391846e+03
103421 1.391846e+03
103424 1.391846e+03
103427 1.391846e+03
103430 1.391846e+03
103433 1.391846e+03
103436 1.391846e+03
103439 1.391846e+03
103442 1.391846e+03
103445 1.391846e+03
103448 1.391846e+03
103451 1.391846e+03
103454 1.391846e+03
103457 1.391846e+03
103460 1.391846e+03
103463 1.391846e+03
103466 1.391846e+03
103469 1.391846e+03
103472 1.391846e+03
103475 1.391846e+03
103478 1.391846e+03
103481 1.391846e+03
103484 1.391846e+03
103487 1.391846e+03
103490 1.391846e+03
103493 1.391846e+03
103496 1.391846e+03
103499 1.391846e+03
103502 1.391846e+03
103505 1.391846e+03
103508 1.391846e+03
103511 1.391846e+03
103514 1.391846e+03
103516 1.391846e+03
103521 1.391846e+03
103522 1.391846e+03
103525 1.391846e+03
103526 1.391846e+03
103527 1.391846e+03
103528 1.391846e+03
103531 1.391846e+03
103532 1.391846e+03
103534 1.391846e+03
103535 1.391846e+03
103536 1.391846e+03
103538 1.391846e+03
103539 1.391846e+03
103540 1.391846e+03
103548 1.391846e+03
103549 1.391846e+03
103552 1.391846e+03
103555 1.391846e+03
103556 1.391846e+03
103557 1.391846e+03
103560 1.391846e+03
103563 1.391846e+03
103566 1.391846e+03
103568 1.391846e+03
103569 1.391846e+03
103571 1.391846e+03
103573 1.391846e+03
103574 1.391846e+03
103577 1.391846e+03
103580 1.391846e+03
103583 1.391846e+03
103586 1.391846e+03
103589 1.391846e+03
103592 1.391846e+03
103595 1.391846e+03
103597 1.391846e+03
103598 1.391846e+03
103599 1.391846e+03
103600 1.391846e+03
103601 1.391846e+03
103606 1.391846e+03
103607 1.391846e+03
103610 1.391846e+03
103613 1.391846e+03
103616 1.391846e+03
103619 1.391846e+03
103622 1.391846e+03
103625 1.391846e+03
103628 1.391846e+03
103630 1.391846e+03
103631 1.391846e+03
103634 1.391846e+03
103637 1.391846e+03
103640 1.391846e+03
103643 1.391846e+03
103646 1.391846e+03
103649 1.391846e+03
103652 1.391846e+03
103655 1.391846e+03
103658 1.391846e+03
103661 1.391846e+03
103664 1.391846e+03
103666 1.391846e+03
103667 1.391846e+03
103669 1.391846e+03
103681 1.391846e+03
103682 1.391846e+03
103685 1.391846e+03
103688 1.391846e+03
103691 1.391846e+03
103694 1.391846e+03
103697 1.391846e+03
103700 1.391846e+03
103702 1.391846e+03
103703 1.391846e+03
103706 1.391846e+03
103709 1.391846e+03
103712 1.391846e+03
103715 1.391846e+03
103718 1.391846e+03
103720 1.391846e+03
103721 1.391846e+03
103724 1.391846e+03
103727 1.391846e+03
103730 1.391846e+03
103733 1.391846e+03
103736 1.391846e+03
103739 1.391846e+03
103742 1.391846e+03
103745 1.391846e+03
103748 1.391846e+03
103751 1.391846e+03
103754 1.391846e+03
103757 1.391846e+03
103760 1.391846e+03
103763 1.391846e+03
103766 1.391846e+03
103769 1.391846e+03
103772 1.391846e+03
103775 1.391846e+03
103778 1.391846e+03
103781 1.391846e+03
103784 1.391846e+03
103787 1.391846e+03
103790 1.391846e+03
103793 1.391846e+03
103796 1.391846e+03
103799 1.391846e+03
103802 1.391846e+03
103805 1.391846e+03
103808 1.391846e+03
103811 1.391846e+03
103814 1.391846e+03
103817 1.391846e+03
103820 1.391846e+03
103823 1.391846e+03
103826 1.391846e+03
103829 1.391846e+03
103832 1.391846e+03
103835 1.391846e+03
103838 1.391846e+03
103841 1.391846e+03
103844 1.391846e+03
103847 1.391846e+03
103850 1.391846e+03
103853 1.391846e+03
103856 1.391846e+03
103859 1.391846e+03
103862 1.391846e+03
103865 1.391846e+03
103868 1.391846e+03
103871 1.391846e+03
103874 1.391846e+03
103877 1.391846e+03
103880 1.391846e+03
103883 1.391846e+03
103886 1.391846e+03
103889 1.391846e+03
103892 1.391846e+03
103895 1.391846e+03
103898 1.391846e+03
103901 1.391846e+03
103904 1.391846e+03
103907 1.391846e+03
103910 1.391846e+03
103913 1.391846e+03
103916 1.391846e+03
103919 1.391846e+03
103922 1.391846e+03
103925 1.391846e+03
103928 1.391846e+03
103931 1.391846e+03
103934 1.391846e+03
103937 1.391846e+03
103940 1.391846e+03
103943 1.391846e+03
103946 1.391846e+03
103949 1.391846e+03
103952 1.391846e+03
103955 1.391846e+03
103958 1.391846e+03
103961 1.391846e+03
103964 1.391846e+03
103967 1.391846e+03
103970 1.391846e+03
103973 1.391846e+03
103976 1.391846e+03
103978 1.391846e+03
103984 1.391846e+03
103985 1.391846e+03
103988 1.391846e+03
103991 1.391846e+03
103994 1.391846e+03
103995 1.391846e+03
103997 1.391846e+03
103998 1.391846e+03
104001 1.391846e+03
104002 1.391846e+03
104003 1.391846e+03
104004 1.391846e+03
104005 1.391846e+03
104008 1.391846e+03
104011 1.391846e+03
104014 1.391846e+03
104017 1.391846e+03
104018 1.391846e+03
104019 1.391846e+03
104022 1.391846e+03
104025 1.391846e+03
104026 1.391846e+03
104041 1.391846e+03
104042 1.391846e+03
104044 1.391846e+03
104050 1.391846e+03
104051 1.391846e+03
104052 1.391846e+03
104057 1.391846e+03
104062 1.391846e+03
104063 1.391846e+03
104066 1.391846e+03
104069 1.391846e+03
104072 1.391846e+03
104073 1.391846e+03
104136 1.391846e+03
104137 1.391846e+03
104139 1.391846e+03
104140 1.391846e+03
104143 1.391846e+03
104145 1.391846e+03
104146 1.391846e+03
104149 1.391846e+03
104152 1.391846e+03
104155 1.391846e+03
104158 1.391846e+03
104161 1.391846e+03
104163 1.391846e+03
104164 1.391846e+03
104167 1.391846e+03
104170 1.391846e+03
104173 1.391846e+03
104176 1.391846e+03
104179 1.391846e+03
104182 1.391846e+03
104185 1.391846e+03
104188 1.391846e+03
104191 1.391846e+03
104194 1.391846e+03
104197 1.391846e+03
104200 1.391846e+03
104203 1.391846e+03
104206 1.391846e+03
104209 1.391846e+03
104212 1.391846e+03
104215 1.391846e+03
104218 1.391846e+03
104221 1.391846e+03
104223 1.391846e+03
104419 1.391846e+03
104422 1.391846e+03
104425 1.391846e+03
104428 1.391846e+03
104431 1.391846e+03
104434 1.391846e+03
104437 1.391846e+03
104440 1.391846e+03
104443 1.391846e+03
104446 1.391846e+03
104449 1.391846e+03
104452 1.391846e+03
104455 1.391846e+03
104458 1.391846e+03
104461 1.391846e+03
104464 1.391846e+03
104467 1.391846e+03
104470 1.391846e+03
104473 1.391846e+03
104476 1.391846e+03
104479 1.391846e+03
104482 1.391846e+03
104485 1.391846e+03
104488 1.391846e+03
104491 1.391846e+03
104494 1.391846e+03
104497 1.391846e+03
104500 1.391846e+03
104503 1.391846e+03
104506 1.391846e+03
104509 1.391846e+03
104512 1.391846e+03
104515 1.391846e+03
104518 1.391846e+03
104521 1.391846e+03
104524 1.391846e+03
104527 1.391846e+03
104530 1.391846e+03
104533 1.391846e+03
104536 1.391846e+03
104539 1.391846e+03
104542 1.391846e+03
104545 1.391846e+03
104548 1.391846e+03
104551 1.391846e+03
104554 1.391846e+03
104557 1.391846e+03
104560 1.391846e+03
104563 1.391846e+03
104566 1.391846e+03
104569 1.391846e+03
104572 1.391846e+03
104575 1.391846e+03
104578 1.391846e+03
104581 1.391846e+03
104584 1.391846e+03
104587 1.391846e+03
104590 1.391846e+03
104593 1.391846e+03
104596 1.391846e+03
104599 1.391846e+03
104602 1.391846e+03
104605 1.391846e+03
104608 1.391846e+03
104611 1.391846e+03
104614 1.391846e+03
104617 1.391846e+03
104620 1.391846e+03
104623 1.391846e+03
104626 1.391846e+03
104629 1.391846e+03
104632 1.391846e+03
104635 1.391846e+03
104638 1.391846e+03
104641 1.391846e+03
104644 1.391846e+03
104647 1.391846e+03
104650 1.391846e+03
104653 1.391846e+03
104656 1.391846e+03
104659 1.391846e+03
104662 1.391846e+03
104665 1.391846e+03
104668 1.391846e+03
104671 1.391846e+03
104674 1.391846e+03
104677 1.391846e+03
104680 1.391846e+03
104683 1.391846e+03
104686 1.391846e+03
104689 1.391846e+03
104692 1.391846e+03
104695 1.391846e+03
104698 1.391846e+03
104701 1.391846e+03
104704 1.391846e+03
104707 1.391846e+03
104710 1.391846e+03
104713 1.391846e+03
104716 1.391846e+03
104719 1.391846e+03
104722 1.391846e+03
104725 1.391846e+03
104728 1.391846e+03
104731 1.391846e+03
104734 1.391846e+03
104737 1.391846e+03
104740 1.391846e+03
104743 1.391846e+03
104746 1.391846e+03
104749 1.391846e+03
104752 1.391846e+03
104755 1.391846e+03
104758 1.391846e+03
104761 1.391846e+03
104764 1.391846e+03
104767 1.391846e+03
104770 1.391846e+03
104773 1.391846e+03
104776 1.391846e+03
104779 1.391846e+03
104782 1.391846e+03
104785 1.391846e+03
104788 1.391846e+03
104791 1.391846e+03
104794 1.391846e+03
104797 1.391846e+03
104800 1.391846e+03
104803 1.391846e+03
104806 1.391846e+03
104809 1.391846e+03
104812 1.391846e+03
104815 1.391846e+03
104818 1.391846e+03
104821 1.391846e+03
104824 1.391846e+03
104827 1.391846e+03
104830 1.391846e+03
104833 1.391846e+03
104836 1.391846e+03
104839 1.391846e+03
104842 1.391846e+03
104845 1.391846e+03
104848 1.391846e+03
104851 1.391846e+03
104854 1.391846e+03
104857 1.391846e+03
104860 1.391846e+03
104863 1.391846e+03
104866 1.391846e+03
104869 1.391846e+03
104872 1.391846e+03
104875 1.391846e+03
104878 1.391846e+03
104881 1.391846e+03
104884 1.391846e+03
104887 1.391846e+03
104890 1.391846e+03
104893 1.391846e+03
104896 1.391846e+03
104899 1.391846e+03
104902 1.391846e+03
104905 1.391846e+03
104908 1.391846e+03
104911 1.391846e+03
104914 1.391846e+03
104917 1.391846e+03
104920 1.391846e+03
104923 1.391846e+03
104926 1.391846e+03
104929 1.391846e+03
104932 1.391846e+03
104935 1.391846e+03
104938 1.391846e+03
104941 1.391846e+03
104944 1.391846e+03
104947 1.391846e+03
104950 1.391846e+03
104953 1.391846e+03
104956 1.391846e+03
104959 1.391846e+03
104962 1.391846e+03
104965 1.391846e+03
104968 1.391846e+03
104971 1.391846e+03
104974 1.391846e+03
104977 1.391846e+03
104980 1.391846e+03
104983 1.391846e+03
104986 1.391846e+03
104989 1.391846e+03
104992 1.391846e+03
104995 1.391846e+03
104998 1.391846e+03
105001 1.391846e+03
105004 1.391846e+03
105007 1.391846e+03
105010 1.391846e+03
105013 1.391846e+03
105016 1.391846e+03
105019 1.391846e+03
105022 1.391846e+03
105025 1.391846e+03
105028 1.391846e+03
105031 1.391846e+03
105034 1.391846e+03
105037 1.391846e+03
105040 1.391846e+03
105043 1.391846e+03
105046 1.391846e+03
105049 1.391846e+03
105052 1.391846e+03
105055 1.391846e+03
105058 1.391846e+03
105061 1.391846e+03
105064 1.391846e+03
105067 1.391846e+03
105070 1.391846e+03
105073 1.391846e+03
105076 1.391846e+03
105079 1.391846e+03
105082 1.391846e+03
105085 1.391846e+03
105088 1.391846e+03
105091 1.391846e+03
105094 1.391846e+03
105097 1.391846e+03
105100 1.391846e+03
105103 1.391846e+03
105106 1.391846e+03
105109 1.391846e+03
105112 1.391846e+03
105115 1.391846e+03
105118 1.391846e+03
105121 1.391846e+03
105124 1.391846e+03
105127 1.391846e+03
105130 1.391846e+03
105133 1.391846e+03
105136 1.391846e+03
105139 1.391846e+03
105142 1.391846e+03
105145 1.391846e+03
105148 1.391846e+03
105151 1.391846e+03
105154 1.391846e+03
105157 1.391846e+03
105160 1.391846e+03
105163 1.391846e+03
105166 1.391846e+03
105169 1.391846e+03
105172 1.391846e+03
105175 1.391846e+03
105178 1.391846e+03
105181 1.391846e+03
105184 1.391846e+03
105187 1.391846e+03
105190 1.391846e+03
105193 1.391846e+03
105196 1.391846e+03
105199 1.391846e+03
105202 1.391846e+03
105205 1.391846e+03
105208 1.391846e+03
105211 1.391846e+03
105214 1.391846e+03
105217 1.391846e+03
105220 1.391846e+03
105223 1.391846e+03
105226 1.391846e+03
105229 1.391846e+03
105232 1.391846e+03
105235 1.391846e+03
105238 1.391846e+03
105241 1.391846e+03
105244 1.391846e+03
105247 1.391846e+03
105250 1.391846e+03
105253 1.391846e+03
105256 1.391846e+03
105259 1.391846e+03
105262 1.391846e+03
105265 1.391846e+03
105268 1.391846e+03
105271 1.391846e+03
105274 1.391846e+03
105277 1.391846e+03
105280 1.391846e+03
105283 1.391846e+03
105286 1.391846e+03
105289 1.391846e+03
105292 1.391846e+03
105295 1.391846e+03
105298 1.391846e+03
105301 1.391846e+03
105304 1.391846e+03
105307 1.391846e+03
105310 1.391846e+03
105313 1.391846e+03
105316 1.391846e+03
105319 1.391846e+03
105322 1.391846e+03
105325 1.391846e+03
105328 1.391846e+03
105331 1.391846e+03
105334 1.391846e+03
105337 1.391846e+03
105340 1.391846e+03
105343 1.391846e+03
105346 1.391846e+03
105349 1.391846e+03
105352 1.391846e+03
105355 1.391846e+03
105358 1.391846e+03
105361 1.391846e+03
105364 1.391846e+03
105367 1.391846e+03
105370 1.391846e+03
105373 1.391846e+03
105376 1.391846e+03
105379 1.391846e+03
105382 1.391846e+03
105385 1.391846e+03
105388 1.391846e+03
105391 1.391846e+03
105394 1.391846e+03
105397 1.391846e+03
105400 1.391846e+03
105403 1.391846e+03
105406 1.391846e+03
105409 1.391846e+03
105412 1.391846e+03
105415 1.391846e+03
105418 1.391846e+03
105421 1.391846e+03
105424 1.391846e+03
105427 1.391846e+03
105430 1.391846e+03
105433 1.391846e+03
105436 1.391846e+03
105439 1.391846e+03
105442 1.391846e+03
105445 1.391846e+03
105448 1.391846e+03
105451 1.391846e+03
105454 1.391846e+03
105457 1.391846e+03
105460 1.391846e+03
105463 1.391846e+03
105466 1.391846e+03
105469 1.391846e+03
105472 1.391846e+03
105475 1.391846e+03
105478 1.391846e+03
105481 1.391846e+03
105484 1.391846e+03
105487 1.391846e+03
105490 1.391846e+03
105493 1.391846e+03
105496 1.391846e+03
105499 1.391846e+03
105502 1.391846e+03
105505 1.391846e+03
105508 1.391846e+03
105511 1.391846e+03
105514 1.391846e+03
105517 1.391846e+03
105520 1.391846e+03
105523 1.391846e+03
105526 1.391846e+03
105529 1.391846e+03
105532 1.391846e+03
105535 1.391846e+03
105538 1.391846e+03
105541 1.391846e+03
105544 1.391846e+03
105547 1.391846e+03
105550 1.391846e+03
105553 1.391846e+03
105556 1.391846e+03
105559 1.391846e+03
105562 1.391846e+03
105565 1.391846e+03
105568 1.391846e+03
105571 1.391846e+03
105574 1.391846e+03
105577 1.391846e+03
105580 1.391846e+03
105583 1.391846e+03
105586 1.391846e+03
105589 1.391846e+03
105592 1.391846e+03
105595 1.391846e+03
105598 1.391846e+03
105601 1.391846e+03
105604 1.391846e+03
105607 1.391846e+03
105610 1.391846e+03
105613 1.391846e+03
105616 1.391846e+03
105619 1.391846e+03
105622 1.391846e+03
105625 1.391846e+03
105628 1.391846e+03
105631 1.391846e+03
105634 1.391846e+03
105637 1.391846e+03
105640 1.391846e+03
105643 1.391846e+03
105646 1.391846e+03
105649 1.391846e+03
105652 1.391846e+03
105655 1.391846e+03
105658 1.391846e+03
105661 1.391846e+03
105664 1.391846e+03
105667 1.391846e+03
105670 1.391846e+03
105673 1.391846e+03
105676 1.391846e+03
105679 1.391846e+03
105682 1.391846e+03
105685 1.391846e+03
105688 1.391846e+03
105691 1.391846e+03
105694 1.391846e+03
105697 1.391846e+03
105700 1.391846e+03
105703 1.391846e+03
105706 1.391846e+03
105709 1.391846e+03
105712 1.391846e+03
105715 1.391846e+03
105718 1.391846e+03
105721 1.391846e+03
105724 1.391846e+03
105727 1.391846e+03
105730 1.391846e+03
105733 1.391846e+03
105736 1.391846e+03
105739 1.391846e+03
105742 1.391846e+03
105745 1.391846e+03
105748 1.391846e+03
105751 1.391846e+03
105754 1.391846e+03
105757 1.391846e+03
105760 1.391846e+03
105763 1.391846e+03
105766 1.391846e+03
105769 1.391846e+03
105772 1.391846e+03
105775 1.391846e+03
105778 1.391846e+03
105781 1.391846e+03
105784 1.391846e+03
105787 1.391846e+03
105790 1.391846e+03
105793 1.391846e+03
105796 1.391846e+03
105799 1.391846e+03
105802 1.391846e+03
105805 1.391846e+03
105808 1.391846e+03
105811 1.391846e+03
105814 1.391846e+03
105817 1.391846e+03
105820 1.391846e+03
105823 1.391846e+03
105826 1.391846e+03
105829 1.391846e+03
105832 1.391846e+03
105835 1.391846e+03
105838 1.391846e+03
105841 1.391846e+03
105844 1.391846e+03
105847 1.391846e+03
105850 1.391846e+03
105853 1.391846e+03
105856 1.391846e+03
105859 1.391846e+03
105862 1.391846e+03
105865 1.391846e+03
105868 1.391846e+03
105871 1.391846e+03
105874 1.391846e+03
105877 1.391846e+03
105880 1.391846e+03
105883 1.391846e+03
105886 1.391846e+03
105889 1.391846e+03
105892 1.391846e+03
105895 1.391846e+03
105898 1.391846e+03
105901 1.391846e+03
105904 1.391846e+03
105907 1.391846e+03
105910 1.391846e+03
105913 1.391846e+03
105916 1.391846e+03
105919 1.391846e+03
105922 1.391846e+03
105925 1.391846e+03
105928 1.391846e+03
105931 1.391846e+03
105934 1.391846e+03
105937 1.391846e+03
105940 1.391846e+03
105943 1.391846e+03
105946 1.391846e+03
105949 1.391846e+03
105952 1.391846e+03
105955 1.391846e+03
105958 1.391846e+03
105961 1.391846e+03
105964 1.391846e+03
105967 1.391846e+03
105970 1.391846e+03
105973 1.391846e+03
105976 1.391846e+03
105979 1.391846e+03
105982 1.391846e+03
105985 1.391846e+03
105988 1.391846e+03
105991 1.391846e+03
105994 1.391846e+03
105997 1.391846e+03
106000 1.391846e+03
106003 1.391846e+03
106006 1.391846e+03
106009 1.391846e+03
106012 1.391846e+03
106015 1.391846e+03
106018 1.391846e+03
106021 1.391846e+03
106024 1.391846e+03
106027 1.391846e+03
106030 1.391846e+03
106033 1.391846e+03
106036 1.391846e+03
106039 1.391846e+03
106042 1.391846e+03
106045 1.391846e+03
106048 1.391846e+03
106051 1.391846e+03
106054 1.391846e+03
106057 1.391846e+03
106060 1.391846e+03
106063 1.391846e+03
106066 1.391846e+03
106069 1.391846e+03
106072 1.391846e+03
106075 1.391846e+03
106078 1.391846e+03
106081 1.391846e+03
106084 1.391846e+03
106087 1.391846e+03
106090 1.391846e+03
106093 1.391846e+03
106096 1.391846e+03
106099 1.391846e+03
106102 1.391846e+03
106105 1.391846e+03
106108 1.391846e+03
106111 1.391846e+03
106114 1.391846e+03
106117 1.391846e+03
106120 1.391846e+03
106123 1.391846e+03
106126 1.391846e+03
106129 1.391846e+03
106132 1.391846e+03
106135 1.391846e+03
106138 1.391846e+03
106141 1.391846e+03
106144 1.391846e+03
106147 1.391846e+03
106150 1.391846e+03
106153 1.391846e+03
106156 1.391846e+03
106159 1.391846e+03
106162 1.391846e+03
106165 1.391846e+03
106168 1.391846e+03
106171 1.391846e+03
106174 1.391846e+03
106177 1.391846e+03
106180 1.391846e+03
106183 1.391846e+03
106186 1.391846e+03
106189 1.391846e+03
106192 1.391846e+03
106195 1.391846e+03
106198 1.391846e+03
106201 1.391846e+03
106204 1.391846e+03
106207 1.391846e+03
106210 1.391846e+03
106213 1.391846e+03
106216 1.391846e+03
106219 1.391846e+03
106222 1.391846e+03
106225 1.391846e+03
106228 1.391846e+03
106231 1.391846e+03
106234 1.391846e+03
106237 1.391846e+03
106240 1.391846e+03
106243 1.391846e+03
106246 1.391846e+03
106249 1.391846e+03
106252 1.391846e+03
106255 1.391846e+03
106258 1.391846e+03
106261 1.391846e+03
106264 1.391846e+03
106267 1.391846e+03
106270 1.391846e+03
106273 1.391846e+03
106276 1.391846e+03
106279 1.391846e+03
106282 1.391846e+03
106285 1.391846e+03
106288 1.391846e+03
106291 1.391846e+03
106294 1.391846e+03
106297 1.391846e+03
106300 1.391846e+03
106303 1.391846e+03
106306 1.391846e+03
106309 1.391846e+03
106312 1.391846e+03
106315 1.391846e+03
106318 1.391846e+03
106321 1.391846e+03
106324 1.391846e+03
106327 1.391846e+03
106330 1.391846e+03
106333 1.391846e+03
106336 1.391846e+03
106339 1.391846e+03
106342 1.391846e+03
106345 1.391846e+03
106348 1.391846e+03
106351 1.391846e+03
106354 1.391846e+03
106357 1.391846e+03
106360 1.391846e+03
106363 1.391846e+03
106366 1.391846e+03
106369 1.391846e+03
106372 1.391846e+03
106375 1.391846e+03
106378 1.391846e+03
106381 1.391846e+03
106384 1.391846e+03
106387 1.391846e+03
106390 1.391846e+03
106393 1.391846e+03
106396 1.391846e+03
106399 1.391846e+03
106402 1.391846e+03
106405 1.391846e+03
106408 1.391846e+03
106411 1.391846e+03
106414 1.391846e+03
106417 1.391846e+03
106420 1.391846e+03
106423 1.391846e+03
106426 1.391846e+03
106429 1.391846e+03
106432 1.391846e+03
106435 1.391846e+03
106438 1.391846e+03
106441 1.391846e+03
106444 1.391846e+03
106447 1.391846e+03
106450 1.391846e+03
106453 1.391846e+03
106456 1.391846e+03
106459 1.391846e+03
106462 1.391846e+03
106465 1.391846e+03
106468 1.391846e+03
106471 1.391846e+03
106474 1.391846e+03
106477 1.391846e+03
106480 1.391846e+03
106483 1.391846e+03
106486 1.391846e+03
106489 1.391846e+03
106492 1.391846e+03
106495 1.391846e+03
106498 1.391846e+03
106501 1.391846e+03
106504 1.391846e+03
106507 1.391846e+03
106510 1.391846e+03
106513 1.391846e+03
106516 1.391846e+03
106519 1.391846e+03
106522 1.391846e+03
106525 1.391846e+03
106528 1.391846e+03
106531 1.391846e+03
106534 1.391846e+03
106537 1.391846e+03
106540 1.391846e+03
106543 1.391846e+03
106546 1.391846e+03
106549 1.391846e+03
106552 1.391846e+03
106555 1.391846e+03
106558 1.391846e+03
106561 1.391846e+03
106564 1.391846e+03
106567 1.391846e+03
106570 1.391846e+03
106573 1.391846e+03
106576 1.391846e+03
106579 1.391846e+03
106582 1.391846e+03
106585 1.391846e+03
106588 1.391846e+03
106591 1.391846e+03
106594 1.391846e+03
106597 1.391846e+03
106600 1.391846e+03
106603 1.391846e+03
106606 1.391846e+03
106609 1.391846e+03
106612 1.391846e+03
106615 1.391846e+03
106618 1.391846e+03
106621 1.391846e+03
106624 1.391846e+03
106627 1.391846e+03
106630 1.391846e+03
106633 1.391846e+03
106636 1.391846e+03
106639 1.391846e+03
106642 1.391846e+03
106645 1.391846e+03
106648 1.391846e+03
106651 1.391846e+03
106654 1.391846e+03
106657 1.391846e+03
106660 1.391846e+03
106663 1.391846e+03
106666 1.391846e+03
106669 1.391846e+03
106672 1.391846e+03
106675 1.391846e+03
106678 1.391846e+03
106681 1.391846e+03
106684 1.391846e+03
106687 1.391846e+03
106690 1.391846e+03
106693 1.391846e+03
106696 1.391846e+03
106699 1.391846e+03
106702 1.391846e+03
106705 1.391846e+03
106708 1.391846e+03
106711 1.391846e+03
106714 1.391846e+03
106717 1.391846e+03
106720 1.391846e+03
106723 1.391846e+03
106726 1.391846e+03
106729 1.391846e+03
106732 1.391846e+03
106735 1.391846e+03
106738 1.391846e+03
106741 1.391846e+03
106744 1.391846e+03
106747 1.391846e+03
106750 1.391846e+03
106753 1.391846e+03
106756 1.391846e+03
106759 1.391846e+03
106762 1.391846e+03
106765 1.391846e+03
106768 1.391846e+03
106771 1.391846e+03
106774 1.391846e+03
106777 1.391846e+03
106780 1.391846e+03
106783 1.391846e+03
106786 1.391846e+03
106789 1.391846e+03
106792 1.391846e+03
106795 1.391846e+03
106798 1.391846e+03
106801 1.391846e+03
106804 1.391846e+03
106807 1.391846e+03
106810 1.391846e+03
106813 1.391846e+03
106816 1.391846e+03
106819 1.391846e+03
106822 1.391846e+03
106825 1.391846e+03
106828 1.391846e+03
106831 1.391846e+03
106834 1.391846e+03
106837 1.391846e+03
106840 1.391846e+03
106843 1.391846e+03
106846 1.391846e+03
106849 1.391846e+03
106852 1.391846e+03
106855 1.391846e+03
106858 1.391846e+03
106861 1.391846e+03
106864 1.391846e+03
106867 1.391846e+03
106870 1.391846e+03
106873 1.391846e+03
106876 1.391846e+03
106879 1.391846e+03
106882 1.391846e+03
106885 1.391846e+03
106888 1.391846e+03
106891 1.391846e+03
106894 1.391846e+03
106897 1.391846e+03
106900 1.391846e+03
106903 1.391846e+03
106906 1.391846e+03
106909 1.391846e+03
106912 1.391846e+03
106915 1.391846e+03
106918 1.391846e+03
106921 1.391846e+03
106924 1.391846e+03
106927 1.391846e+03
106930 1.391846e+03
106933 1.391846e+03
106936 1.391846e+03
106939 1.391846e+03
106942 1.391846e+03
106945 1.391846e+03
106948 1.391846e+03
106951 1.391846e+03
106954 1.391846e+03
106957 1.391846e+03
106960 1.391846e+03
106963 1.391846e+03
106966 1.391846e+03
106969 1.391846e+03
106972 1.391846e+03
106975 1.391846e+03
106978 1.391846e+03
106981 1.391846e+03
106984 1.391846e+03
106987 1.391846e+03
106990 1.391846e+03
106993 1.391846e+03
106996 1.391846e+03
106999 1.391846e+03
107002 1.391846e+03
107005 1.391846e+03
107008 1.391846e+03
107011 1.391846e+03
107014 1.391846e+03
107017 1.391846e+03
107020 1.391846e+03
107023 1.391846e+03
107026 1.391846e+03
107029 1.391846e+03
107032 1.391846e+03
107035 1.391846e+03
107038 1.391846e+03
107041 1.391846e+03
107044 1.391846e+03
107047 1.391846e+03
107050 1.391846e+03
107053 1.391846e+03
107056 1.391846e+03
107059 1.391846e+03
107062 1.391846e+03
107065 1.391846e+03
107068 1.391846e+03
107071 1.391846e+03
107074 1.391846e+03
107077 1.391846e+03
107080 1.391846e+03
107083 1.391846e+03
107086 1.391846e+03
107089 1.391846e+03
107092 1.391846e+03
107095 1.391846e+03
107098 1.391846e+03
107101 1.391846e+03
107104 1.391846e+03
107107 1.391846e+03
107110 1.391846e+03
107113 1.391846e+03
107116 1.391846e+03
107119 1.391846e+03
107122 1.391846e+03
107125 1.391846e+03
107128 1.391846e+03
107131 1.391846e+03
107134 1.391846e+03
107137 1.391846e+03
107140 1.391846e+03
107143 1.391846e+03
107146 1.391846e+03
107149 1.391846e+03
107152 1.391846e+03
107155 1.391846e+03
107158 1.391846e+03
107161 1.391846e+03
107164 1.391846e+03
107167 1.391846e+03
107170 1.391846e+03
107173 1.391846e+03
107176 1.391846e+03
107179 1.391846e+03
107182 1.391846e+03
107185 1.391846e+03
107188 1.391846e+03
107191 1.391846e+03
107194 1.391846e+03
107197 1.391846e+03
107200 1.391846e+03
107203 1.391846e+03
107206 1.391846e+03
107209 1.391846e+03
107212 1.391846e+03
107215 1.391846e+03
107218 1.391846e+03
107221 1.391846e+03
107224 1.391846e+03
107227 1.391846e+03
107230 1.391846e+03
107233 1.391846e+03
107236 1.391846e+03
107239 1.391846e+03
107242 1.391846e+03
107245 1.391846e+03
107248 1.391846e+03
107251 1.391846e+03
107254 1.391846e+03
107257 1.391846e+03
107260 1.391846e+03
107263 1.391846e+03
107266 1.391846e+03
107269 1.391846e+03
107272 1.391846e+03
107275 1.391846e+03
107278 1.391846e+03
107281 1.391846e+03
107284 1.391846e+03
107287 1.391846e+03
107290 1.391846e+03
107293 1.391846e+03
107296 1.391846e+03
107299 1.391846e+03
107302 1.391846e+03
107305 1.391846e+03
107308 1.391846e+03
107311 1.391846e+03
107314 1.391846e+03
107317 1.391846e+03
107320 1.391846e+03
107323 1.391846e+03
107326 1.391846e+03
107329 1.391846e+03
107332 1.391846e+03
107335 1.391846e+03
107338 1.391846e+03
107341 1.391846e+03
107344 1.391846e+03
107347 1.391846e+03
107350 1.391846e+03
107353 1.391846e+03
107356 1.391846e+03
107359 1.391846e+03
107362 1.391846e+03
107365 1.391846e+03
107368 1.391846e+03
107371 1.391846e+03
107374 1.391846e+03
107377 1.391846e+03
107380 1.391846e+03
107383 1.391846e+03
107386 1.391846e+03
107389 1.391846e+03
107392 1.391846e+03
107395 1.391846e+03
107398 1.391846e+03
107401 1.391846e+03
107404 1.391846e+03
107407 1.391846e+03
107410 1.391846e+03
107413 1.391846e+03
107416 1.391846e+03
107419 1.391846e+03
107422 1.391846e+03
107425 1.391846e+03
107428 1.391846e+03
107431 1.391846e+03
107434 1.391846e+03
107437 1.391846e+03
107440 1.391846e+03
107443 1.391846e+03
107446 1.391846e+03
107449 1.391846e+03
107452 1.391846e+03
107455 1.391846e+03
107458 1.391846e+03
107461 1.391846e+03
107464 1.391846e+03
107467 1.391846e+03
107470 1.391846e+03
107473 1.391846e+03
107476 1.391846e+03
107479 1.391846e+03
107482 1.391846e+03
107485 1.391846e+03
107488 1.391846e+03
107491 1.391846e+03
107494 1.391846e+03
107497 1.391846e+03
107500 1.391846e+03
107503 1.391846e+03
107506 1.391846e+03
107509 1.391846e+03
107512 1.391846e+03
107515 1.391846e+03
107518 1.391846e+03
107521 1.391846e+03
107524 1.391846e+03
107527 1.391846e+03
107530 1.391846e+03
107533 1.391846e+03
107536 1.391846e+03
107539 1.391846e+03
107542 1.391846e+03
107545 1.391846e+03
107548 1.391846e+03
107551 1.391846e+03
107554 1.391846e+03
107557 1.391846e+03
107560 1.391846e+03
107563 1.391846e+03
107566 1.391846e+03
107569 1.391846e+03
107572 1.391846e+03
107575 1.391846e+03
107578 1.391846e+03
107581 1.391846e+03
107584 1.391846e+03
107587 1.391846e+03
107590 1.391846e+03
107593 1.391846e+03
107596 1.391846e+03
107599 1.391846e+03
107602 1.391846e+03
107605 1.391846e+03
107608 1.391846e+03
107611 1.391846e+03
107614 1.391846e+03
107617 1.391846e+03
107620 1.391846e+03
107623 1.391846e+03
107626 1.391846e+03
107629 1.391846e+03
107632 1.391846e+03
107635 1.391846e+03
107638 1.391846e+03
107641 1.391846e+03
107644 1.391846e+03
107647 1.391846e+03
107650 1.391846e+03
107653 1.391846e+03
107656 1.391846e+03
107659 1.391846e+03
107662 1.391846e+03
107665 1.391846e+03
107668 1.391846e+03
107671 1.391846e+03
107674 1.391846e+03
107677 1.391846e+03
107680 1.391846e+03
107683 1.391846e+03
107686 1.391846e+03
107689 1.391846e+03
107692 1.391846e+03
107695 1.391846e+03
107698 1.391846e+03
107701 1.391846e+03
107704 1.391846e+03
107707 1.391846e+03
107710 1.391846e+03
107713 1.391846e+03
107716 1.391846e+03
107719 1.391846e+03
107722 1.391846e+03
107725 1.391846e+03
107728 1.391846e+03
107731 1.391846e+03
107734 1.391846e+03
107737 1.391846e+03
107740 1.391846e+03
107743 1.391846e+03
107746 1.391846e+03
107749 1.391846e+03
107752 1.391846e+03
107755 1.391846e+03
107758 1.391846e+03
107761 1.391846e+03
107764 1.391846e+03
107767 1.391846e+03
107770 1.391846e+03
107773 1.391846e+03
107776 1.391846e+03
107779 1.391846e+03
107782 1.391846e+03
107785 1.391846e+03
107788 1.391846e+03
107791 1.391846e+03
107794 1.391846e+03
107797 1.391846e+03
107800 1.391846e+03
107803 1.391846e+03
107806 1.391846e+03
107809 1.391846e+03
107812 1.391846e+03
107815 1.391846e+03
107818 1.391846e+03
107821 1.391846e+03
107824 1.391846e+03
107827 1.391846e+03
107830 1.391846e+03
107833 1.391846e+03
107836 1.391846e+03
107839 1.391846e+03
107842 1.391846e+03
107845 1.391846e+03
107848 1.391846e+03
107851 1.391846e+03
107854 1.391846e+03
107857 1.391846e+03
107860 1.391846e+03
107863 1.391846e+03
107866 1.391846e+03
107869 1.391846e+03
107872 1.391846e+03
107875 1.391846e+03
107878 1.391846e+03
107881 1.391846e+03
107884 1.391846e+03
107887 1.391846e+03
107890 1.391846e+03
107893 1.391846e+03
107896 1.391846e+03
107899 1.391846e+03
107902 1.391846e+03
107905 1.391846e+03
107908 1.391846e+03
107911 1.391846e+03
107914 1.391846e+03
107917 1.391846e+03
107920 1.391846e+03
107923 1.391846e+03
107926 1.391846e+03
107929 1.391846e+03
107932 1.391846e+03
107935 1.391846e+03
107938 1.391846e+03
107941 1.391846e+03
107944 1.391846e+03
107947 1.391846e+03
107950 1.391846e+03
107953 1.391846e+03
107956 1.391846e+03
107959 1.391846e+03
107962 1.391846e+03
107965 1.391846e+03
107968 1.391846e+03
107971 1.391846e+03
107974 1.391846e+03
107977 1.391846e+03
107980 1.391846e+03
107983 1.391846e+03
107986 1.391846e+03
107989 1.391846e+03
107992 1.391846e+03
107995 1.391846e+03
107998 1.391846e+03
108001 1.391846e+03
108004 1.391846e+03
108007 1.391846e+03
108010 1.391846e+03
108013 1.391846e+03
108016 1.391846e+03
108019 1.391846e+03
108022 1.391846e+03
108025 1.391846e+03
108028 1.391846e+03
108031 1.391846e+03
108034 1.391846e+03
108037 1.391846e+03
108040 1.391846e+03
108043 1.391846e+03
108046 1.391846e+03
108049 1.391846e+03
108052 1.391846e+03
108055 1.391846e+03
108058 1.391846e+03
108061 1.391846e+03
108064 1.391846e+03
108067 1.391846e+03
108070 1.391846e+03
108073 1.391846e+03
108076 1.391846e+03
108079 1.391846e+03
108082 1.391846e+03
108085 1.391846e+03
108088 1.391846e+03
108091 1.391846e+03
108094 1.391846e+03
108097 1.391846e+03
108100 1.391846e+03
108103 1.391846e+03
108106 1.391846e+03
108109 1.391846e+03
108112 1.391846e+03
108115 1.391846e+03
108118 1.391846e+03
108121 1.391846e+03
108124 1.391846e+03
108127 1.391846e+03
108130 1.391846e+03
108133 1.391846e+03
108136 1.391846e+03
108139 1.391846e+03
108142 1.391846e+03
108145 1.391846e+03
108148 1.391846e+03
108151 1.391846e+03
108154 1.391846e+03
108157 1.391846e+03
108160 1.391846e+03
108163 1.391846e+03
108166 1.391846e+03
108169 1.391846e+03
108172 1.391846e+03
108175 1.391846e+03
108178 1.391846e+03
108181 1.391846e+03
108184 1.391846e+03
108187 1.391846e+03
108190 1.391846e+03
108193 1.391846e+03
108196 1.391846e+03
108199 1.391846e+03
108202 1.391846e+03
108205 1.391846e+03
108208 1.391846e+03
108211 1.391846e+03
108214 1.391846e+03
108217 1.391846e+03
108220 1.391846e+03
108223 1.391846e+03
108226 1.391846e+03
108229 1.391846e+03
108232 1.391846e+03
108235 1.391846e+03
108238 1.391846e+03
108241 1.391846e+03
108244 1.391846e+03
108247 1.391846e+03
108250 1.391846e+03
108253 1.391846e+03
108256 1.391846e+03
108259 1.391846e+03
108262 1.391846e+03
108265 1.391846e+03
108268 1.391846e+03
108271 1.391846e+03
108274 1.391846e+03
108277 1.391846e+03
108280 1.391846e+03
108283 1.391846e+03
108286 1.391846e+03
108289 1.391846e+03
108290 1.391846e+03
108295 1.391846e+03
108300 1.391846e+03
108301 1.391846e+03
108302 1.391846e+03
108303 1.391846e+03
108304 1.391846e+03
108305 1.391846e+03
108306 1.391846e+03
108307 1.391846e+03
108310 1.391846e+03
108313 1.391846e+03
108316 1.391846e+03
108319 1.391846e+03
108320 1.391846e+03
108326 1.391846e+03
108327 1.391846e+03
108330 1.391846e+03
108333 1.391846e+03
108336 1.391846e+03
108339 1.391846e+03
108342 1.391846e+03
108343 1.391846e+03
108344 1.391846e+03
108345 1.391846e+03
108346 1.391846e+03
108349 1.391846e+03
108350 1.391846e+03
108351 1.391846e+03
108354 1.391846e+03
108356 1.391846e+03
108357 1.391846e+03
108360 1.391846e+03
108362 1.391846e+03
108363 1.391846e+03
108366 1.391846e+03
108368 1.391846e+03
108370 1.391846e+03
108372 1.391846e+03
108387 1.391846e+03
108388 1.391846e+03
108389 1.391846e+03
108390 1.391846e+03
108392 1.391846e+03
108394 1.391846e+03
108397 1.391846e+03
108399 1.391846e+03
108404 1.391846e+03
108405 1.391846e+03
108408 1.391846e+03
108411 1.391846e+03
108414 1.391846e+03
108417 1.391846e+03
108420 1.391846e+03
108423 1.391846e+03
108426 1.391846e+03
108429 1.391846e+03
108431 1.391846e+03
108432 1.391846e+03
108435 1.391846e+03
108438 1.391846e+03
108440 1.391846e+03
108443 1.391846e+03
108444 1.391846e+03
108446 1.391846e+03
108461 1.391846e+03
108485 1.391846e+03
108488 1.391846e+03
108494 1.391846e+03
108495 1.391846e+03
108498 1.391846e+03
108501 1.391846e+03
108504 1.391846e+03
108507 1.391846e+03
108510 1.391846e+03
108513 1.391846e+03
108516 1.391846e+03
108519 1.391846e+03
108522 1.391846e+03
108525 1.391846e+03
108528 1.391846e+03
108531 1.391846e+03
108534 1.391846e+03
108536 1.391846e+03
108542 1.391846e+03
108719 1.391846e+03
108721 1.391846e+03
108733 1.391846e+03
108734 1.391846e+03
108737 1.391846e+03
108740 1.391846e+03
108743 1.391846e+03
108746 1.391846e+03
108749 1.391846e+03
108752 1.391846e+03
108755 1.391846e+03
108756 1.391846e+03
108776 1.391846e+03
108777 1.391846e+03
108779 1.391846e+03
108780 1.391846e+03
108783 1.391846e+03
108786 1.391846e+03
108789 1.391846e+03
108792 1.391846e+03
108795 1.391846e+03
108798 1.391846e+03
108799 1.391846e+03
108804 1.391846e+03
108821 1.391846e+03
108822 1.391846e+03
108825 1.391846e+03
108828 1.391846e+03
108831 1.391846e+03
108834 1.391846e+03
108837 1.391846e+03
108840 1.391846e+03
108842 1.391846e+03
108843 1.391846e+03
108846 1.391846e+03
108849 1.391846e+03
108850 1.391846e+03
108852 1.391846e+03
108853 1.391846e+03
108854 1.391846e+03
108856 1.391846e+03
108862 1.391846e+03
108898 1.391846e+03
108919 1.391846e+03
108920 1.391846e+03
108923 1.391846e+03
108926 1.391846e+03
108929 1.391846e+03
108932 1.391846e+03
108935 1.391846e+03
108938 1.391846e+03
108941 1.391846e+03
108944 1.391846e+03
108947 1.391846e+03
108949 1.391846e+03
108950 1.391846e+03
108953 1.391846e+03
108956 1.391846e+03
108959 1.391846e+03
108962 1.391846e+03
108965 1.391846e+03
108968 1.391846e+03
108971 1.391846e+03
108974 1.391846e+03
108977 1.391846e+03
108980 1.391846e+03
108983 1.391846e+03
108986 1.391846e+03
108989 1.391846e+03
108992 1.391846e+03
108995 1.391846e+03
108997 1.391846e+03
109000 1.391846e+03
109167 1.391846e+03
109168 1.391846e+03
109169 1.391846e+03
109170 1.391846e+03
109173 1.391846e+03
109175 1.391846e+03
109177 1.391846e+03
109182 1.391846e+03
109184 1.391846e+03
109195 1.391846e+03
109200 1.391846e+03
109202 1.391846e+03
109222 1.391846e+03
109223 1.391846e+03
109226 1.391846e+03
109229 1.391846e+03
109232 1.391846e+03
109234 1.391846e+03
109235 1.391846e+03
109238 1.391846e+03
109241 1.391846e+03
109242 1.391846e+03
109243 1.391846e+03
109245 1.391846e+03
109253 1.391846e+03
109254 1.391846e+03
109256 1.391846e+03
109261 1.391846e+03
109266 1.391846e+03
109267 1.391846e+03
109268 1.391846e+03
109270 1.391846e+03
109271 1.391846e+03
109274 1.391846e+03
109275 1.391846e+03
109287 1.391846e+03
109290 1.391846e+03
109305 1.391846e+03
109306 1.391846e+03
109309 1.391846e+03
109312 1.391846e+03
109314 1.391846e+03
109323 1.391846e+03
109344 1.391846e+03
109345 1.391846e+03
109348 1.391846e+03
109351 1.391846e+03
109354 1.391846e+03
109357 1.391846e+03
109360 1.391846e+03
109363 1.391846e+03
109365 1.391846e+03
109386 1.391846e+03
109398 1.391846e+03
109419 1.391846e+03
109420 1.391846e+03
109423 1.391846e+03
109425 1.391846e+03
109625 1.391846e+03
109626 1.391846e+03
109627 1.391846e+03
109629 1.391846e+03
109630 1.391846e+03
109631 1.391846e+03
109633 1.391846e+03
109636 1.391846e+03
109639 1.391846e+03
109642 1.391846e+03
109645 1.391846e+03
109646 1.391846e+03
109648 1.391846e+03
109650 1.391846e+03
109652 1.391846e+03
109653 1.391846e+03
109656 1.391846e+03
109659 1.391846e+03
109662 1.391846e+03
109665 1.391846e+03
109666 1.391846e+03
109695 1.391846e+03
109696 1.391846e+03
109698 1.391846e+03
109721 1.391846e+03
109722 1.391846e+03
109725 1.391846e+03
109728 1.391846e+03
109731 1.391846e+03
109732 1.391846e+03
109734 1.391846e+03
109735 1.391846e+03
109737 1.391846e+03
109739 1.391846e+03
109740 1.391846e+03
109743 1.391846e+03
109746 1.391846e+03
109747 1.391846e+03
109749 1.391846e+03
109750 1.391846e+03
109752 1.391846e+03
109755 1.391846e+03
109756 1.391846e+03
109758 1.391846e+03
109760 1.391846e+03
109761 1.391846e+03
109764 1.391846e+03
109766 1.391846e+03
109799 1.391846e+03
109800 1.391846e+03
109803 1.391846e+03
109806 1.391846e+03
109809 1.391846e+03
109812 1.391846e+03
109814 1.391846e+03
110032 1.391846e+03
110033 1.391846e+03
110034 1.391846e+03
110035 1.391846e+03
110037 1.391846e+03
110038 1.391846e+03
110039 1.391846e+03
110040 1.391846e+03
110041 1.391846e+03
110042 1.391846e+03
110043 1.391846e+03
110044 1.391846e+03
110068 1.391846e+03
110069 1.391846e+03
110070 1.391846e+03
110071 1.391846e+03
110072 1.391846e+03
110074 1.391846e+03
110075 1.391846e+03
110076 1.391846e+03
110092 1.391846e+03
110093 1.391846e+03
110094 1.391846e+03
110108 1.391846e+03
110119 1.391846e+03
110120 1.391846e+03
110123 1.391846e+03
110124 1.391846e+03
110125 1.391846e+03
110128 1.391846e+03
110130 1.391846e+03
110144 1.391846e+03
110146 1.391846e+03
110148 1.391846e+03
110150 1.391846e+03
110151 1.391846e+03
110153 1.391846e+03
110154 1.391846e+03
110155 1.391846e+03
110156 1.391846e+03
110159 1.391846e+03
110162 1.391846e+03
110164 1.391846e+03
110165 1.391846e+03
110167 1.391846e+03
110168 1.391846e+03
110169 1.391846e+03
110170 1.391846e+03
110171 1.391846e+03
110172 1.391846e+03
110173 1.391846e+03
110174 1.391846e+03
110176 1.391846e+03
110177 1.391846e+03
110179 1.391846e+03
110180 1.391846e+03
110182 1.391846e+03
110183 1.391846e+03
110184 1.391846e+03
110185 1.391846e+03
110186 1.391846e+03
110188 1.391846e+03
110189 1.391846e+03
110191 1.391846e+03
110192 1.391846e+03
110193 1.391846e+03
110194 1.391846e+03
110195 1.391846e+03
110197 1.391846e+03
110198 1.391846e+03
110200 1.391846e+03
110201 1.391846e+03
110202 1.391846e+03
110203 1.391846e+03
110204 1.391846e+03
110206 1.391846e+03
110207 1.391846e+03
110208 1.391846e+03
110209 1.391846e+03
110210 1.391846e+03
110212 1.391846e+03
110213 1.391846e+03
110215 1.391846e+03
110216 1.391846e+03
110218 1.391846e+03
110219 1.391846e+03
110220 1.391846e+03
110221 1.391846e+03
110222 1.391846e+03
110224 1.391846e+03
110225 1.391846e+03
110227 1.391846e+03
110228 1.391846e+03
110230 1.391846e+03
110231 1.391846e+03
110233 1.391846e+03
110234 1.391846e+03
110236 1.391846e+03
110237 1.391846e+03
110239 1.391846e+03
110240 1.391846e+03
110241 1.391846e+03
110243 1.391846e+03
110245 1.391846e+03
110246 1.391846e+03
110248 1.391846e+03
110249 1.391846e+03
110251 1.391846e+03
110252 1.391846e+03
110254 1.391846e+03
110255 1.391846e+03
110257 1.391846e+03
110258 1.391846e+03
110259 1.391846e+03
110261 1.391846e+03
110264 1.391846e+03
110267 1.391846e+03
110269 1.391846e+03
110537 1.391846e+03
110538 1.391846e+03
110541 1.391846e+03
110544 1.391846e+03
110546 1.391846e+03
110547 1.391846e+03
110549 1.391846e+03
110550 1.391846e+03
110552 1.391846e+03
110553 1.391846e+03
110554 1.391846e+03
110555 1.391846e+03
110556 1.391846e+03
110557 1.391846e+03
110558 1.391846e+03
110559 1.391846e+03
110560 1.391846e+03
110561 1.391846e+03
110562 1.391846e+03
110563 1.391846e+03
110564 1.391846e+03
110565 1.391846e+03
110566 1.391846e+03
110567 1.391846e+03
110569 1.391846e+03
110570 1.391846e+03
110571 1.391846e+03
110572 1.391846e+03
110573 1.391846e+03
110722 1.391846e+03
110723 1.391846e+03
110726 1.391846e+03
110729 1.391846e+03
110732 1.391846e+03
110735 1.391846e+03
110738 1.391846e+03
110741 1.391846e+03
110744 1.391846e+03
110747 1.391846e+03
110749 1.391846e+03
110750 1.391846e+03
110753 1.391846e+03
110755 1.391846e+03
110756 1.391846e+03
110758 1.391846e+03
110759 1.391846e+03
110762 1.391846e+03
110764 1.391846e+03
110765 1.391846e+03
110768 1.391846e+03
110770 1.391846e+03
110771 1.391846e+03
110774 1.391846e+03
110776 1.391846e+03
110777 1.391846e+03
110780 1.391846e+03
110782 1.391846e+03
110783 1.391846e+03
110785 1.391846e+03
110786 1.391846e+03
110789 1.391846e+03
110792 1.391846e+03
110795 1.391846e+03
110798 1.391846e+03
110801 1.391846e+03
110804 1.391846e+03
110807 1.391846e+03
110810 1.391846e+03
110813 1.391846e+03
110816 1.391846e+03
110819 1.391846e+03
110822 1.391846e+03
110824 1.391846e+03
110825 1.391846e+03
110828 1.391846e+03
110831 1.391846e+03
110834 1.391846e+03
110837 1.391846e+03
110840 1.391846e+03
110843 1.391846e+03
110846 1.391846e+03
110849 1.391846e+03
110852 1.391846e+03
110855 1.391846e+03
110858 1.391846e+03
110861 1.391846e+03
110864 1.391846e+03
110867 1.391846e+03
110870 1.391846e+03
110873 1.391846e+03
110876 1.391846e+03
110879 1.391846e+03
110882 1.391846e+03
110885 1.391846e+03
110888 1.391846e+03
110891 1.391846e+03
110894 1.391846e+03
110897 1.391846e+03
110900 1.391846e+03
110903 1.391846e+03
110905 1.391846e+03
110906 1.391846e+03
110908 1.391846e+03
110909 1.391846e+03
110910 1.391846e+03
110911 1.391846e+03
110912 1.391846e+03
110914 1.391846e+03
110915 1.391846e+03
110916 1.391846e+03
110917 1.391846e+03
110918 1.391846e+03
110920 1.391846e+03
110921 1.391846e+03
110922 1.391846e+03
110923 1.391846e+03
110924 1.391846e+03
110926 1.391846e+03
110927 1.391846e+03
110928 1.391846e+03
110929 1.391846e+03
110930 1.391846e+03
110932 1.391846e+03
110933 1.391846e+03
110935 1.391846e+03
110936 1.391846e+03
110937 1.391846e+03
110938 1.391846e+03
110939 1.391846e+03
110940 1.391846e+03
110941 1.391846e+03
110942 1.391846e+03
110943 1.391846e+03
110944 1.391846e+03
110945 1.391846e+03
110946 1.391846e+03
110947 1.391846e+03
110948 1.391846e+03
110949 1.391846e+03
110950 1.391846e+03
110951 1.391846e+03
110952 1.391846e+03
110953 1.391846e+03
110954 1.391846e+03
110955 1.391846e+03
110956 1.391846e+03
110957 1.391846e+03
110958 1.391846e+03
110959 1.391846e+03
110960 1.391846e+03
110961 1.391846e+03
110962 1.391846e+03
110963 1.391846e+03
110964 1.391846e+03
110965 1.391846e+03
110966 1.391846e+03
110967 1.391846e+03
110969 1.391846e+03
110970 1.391846e+03
110971 1.391846e+03
110972 1.391846e+03
110973 1.391846e+03
110974 1.391846e+03
110975 1.391846e+03
110976 1.391846e+03
110977 1.391846e+03
110978 1.391846e+03
110979 1.391846e+03
110980 1.391846e+03
110981 1.391846e+03
110982 1.391846e+03
110983 1.391846e+03
110984 1.391846e+03
110985 1.391846e+03
110986 1.391846e+03
110987 1.391846e+03
110988 1.391846e+03
110989 1.391846e+03
110990 1.391846e+03
110991 1.391846e+03
110992 1.391846e+03
110993 1.391846e+03
110994 1.391846e+03
110995 1.391846e+03
110996 1.391846e+03
110997 1.391846e+03
110998 1.391846e+03
110999 1.391846e+03
111000 1.391846e+03
111001 1.391846e+03
111002 1.391846e+03
111003 1.391846e+03
111004 1.391846e+03
111005 1.391846e+03
111006 1.391846e+03
111007 1.391846e+03
111008 1.391846e+03
111009 1.391846e+03
111010 1.391846e+03
111011 1.391846e+03
111012 1.391846e+03
111013 1.391846e+03
111014 1.391846e+03
111015 1.391846e+03
111016 1.391846e+03
111017 1.391846e+03
111018 1.391846e+03
111019 1.391846e+03
111020 1.391846e+03
111021 1.391846e+03
111022 1.391846e+03
111023 1.391846e+03
111024 1.391846e+03
111025 1.391846e+03
111026 1.391846e+03
111027 1.391846e+03
111028 1.391846e+03
111029 1.391846e+03
111030 1.391846e+03
111031 1.391846e+03
111032 1.391846e+03
111033 1.391846e+03
111034 1.391846e+03
111035 1.391846e+03
111036 1.391846e+03
111037 1.391846e+03
