1 7.895620e+03
2 5.696262e+03
17 5.652021e+03
23 4.678818e+03
182 4.381636e+03
343 4.141316e+03
380 4.134463e+03
451 3.980473e+03
464 3.693000e+03
495 3.406968e+03
524 3.118951e+03
546 2.939730e+03
560 2.725360e+03
590 2.280393e+03
733 2.056781e+03
791 1.951063e+03
800 1.687521e+03
848 1.637388e+03
885 1.589977e+03
927 1.422452e+03
983 1.387804e+03
985 1.386888e+03
995 1.360257e+03
1004 1.245746e+03
1047 1.109705e+03
1120 1.065859e+03
1282 1.010471e+03
1295 9.671055e+02
1376 8.530401e+02
1419 8.313694e+02
1487 8.050369e+02
1528 7.755687e+02
1555 7.658881e+02
1598 7.556920e+02
1603 7.225957e+02
1630 6.916765e+02
1664 6.432245e+02
1693 6.427659e+02
1712 5.879952e+02
2213 5.783990e+02
2358 5.741252e+02
2514 5.712171e+02
2590 5.689759e+02
2627 5.410929e+02
2746 5.360955e+02
2772 5.247490e+02
2899 4.762440e+02
3882 4.693194e+02
3960 4.283050e+02
5423 4.212439e+02
6236 3.913168e+02
10163 3.900429e+02
13926 3.501292e+02
15134 3.464478e+02
15809 3.423865e+02
15828 3.393275e+02
15839 3.378584e+02
15898 3.284452e+02
16005 3.077784e+02
16512 2.786256e+02
16896 2.658385e+02
17029 2.617576e+02
17210 2.531768e+02
17384 2.370976e+02
17427 2.172660e+02
17629 2.041364e+02
17834 1.954060e+02
17875 1.914456e+02
17978 1.568135e+02
18318 1.562240e+02
18547 1.547388e+02
18560 1.356090e+02
18758 1.287919e+02
18831 1.284441e+02
18891 1.176628e+02
19015 1.126133e+02
19111 1.120682e+02
19124 1.055683e+02
19242 1.054193e+02
19324 1.028980e+02
19370 1.010484e+02
19383 9.405101e+01
19396 8.731712e+01
19881 8.669861e+01
19904 8.636562e+01
20052 8.619182e+01
20056 8.604817e+01
20066 8.574499e+01
20102 8.490446e+01
20133 8.422884e+01
20237 8.397539e+01
20257 8.393476e+01
20269 8.363042e+01
20289 8.351002e+01
20318 8.337345e+01
20322 8.238565e+01
20351 8.236004e+01
20392 8.233275e+01
20396 8.189110e+01
20448 8.064760e+01
20528 7.969918e+01
20657 7.880235e+01
20778 7.878364e+01
20939 7.852239e+01
21016 7.842788e+01
21038 7.840980e+01
21078 7.826272e+01
21113 7.809022e+01
21172 7.805307e+01
21297 7.773274e+01
21381 7.763343e+01
21439 7.754055e+01
21495 7.726836e+01
21503 7.700101e+01
21683 7.684615e+01
21880 7.675713e+01
21899 7.665929e+01
22054 7.664312e+01
22147 7.661326e+01
22154 7.655380e+01
22218 7.653523e+01
22253 7.639065e+01
22361 7.638887e+01
22373 7.629554e+01
22765 7.612575e+01
22896 7.608887e+01
23000 7.608003e+01
23006 7.598478e+01
23033 7.598211e+01
23060 7.593912e+01
23145 7.585045e+01
23228 7.582872e+01
23229 7.566116e+01
23535 7.564422e+01
23581 7.558696e+01
23766 7.555937e+01
23906 7.555714e+01
23917 7.555322e+01
24026 7.554738e+01
24064 7.553440e+01
24070 7.550757e+01
24142 7.549644e+01
24188 7.548772e+01
24247 7.546731e+01
24250 7.543678e+01
24539 7.542704e+01
24686 7.540544e+01
24802 7.538337e+01
24877 7.535925e+01
24984 7.535446e+01
25006 7.531531e+01
25274 7.531405e+01
25362 7.530721e+01
25403 7.530334e+01
25497 7.529027e+01
25522 7.528004e+01
25636 7.527009e+01
25775 7.526487e+01
25901 7.526426e+01
25937 7.526147e+01
25940 7.525955e+01
25957 7.525778e+01
25968 7.525717e+01
25974 7.523200e+01
26175 7.522299e+01
26268 7.521137e+01
26367 7.520609e+01
26383 7.520233e+01
26545 7.519937e+01
26672 7.519686e+01
26694 7.519580e+01
26765 7.519107e+01
26854 7.518916e+01
26873 7.518770e+01
26887 7.518703e+01
26932 7.518604e+01
26933 7.518257e+01
26948 7.517826e+01
26959 7.517810e+01
26999 7.517385e+01
27249 7.517054e+01
27316 7.517010e+01
27351 7.516972e+01
27518 7.516914e+01
27622 7.516475e+01
27821 7.516081e+01
28112 7.516030e+01
28124 7.515944e+01
28172 7.515889e+01
28202 7.515883e+01
28205 7.515614e+01
28298 7.515419e+01
28406 7.515207e+01
28454 7.515107e+01
28478 7.515007e+01
28765 7.514938e+01
28770 7.514820e+01
28889 7.514772e+01
28930 7.514703e+01
29118 7.514697e+01
29180 7.514669e+01
29216 7.514654e+01
29281 7.514615e+01
29306 7.514533e+01
29342 7.514519e+01
29414 7.514449e+01
29561 7.514439e+01
29592 7.514410e+01
29612 7.514380e+01
29763 7.514361e+01
29787 7.514356e+01
29808 7.514317e+01
29900 7.514275e+01
30116 7.514196e+01
30247 7.514188e+01
30641 7.514161e+01
30657 7.514160e+01
30687 7.514123e+01
30729 7.514120e+01
30837 7.514116e+01
30844 7.514112e+01
30864 7.514111e+01
30911 7.514085e+01
30969 7.514080e+01
31007 7.514063e+01
31046 7.514058e+01
31084 7.514040e+01
31420 7.514029e+01
31458 7.514024e+01
31522 7.514021e+01
31524 7.514005e+01
31761 7.514003e+01
31768 7.513989e+01
31861 7.513989e+01
31876 7.513988e+01
31995 7.513987e+01
32142 7.513981e+01
32222 7.513980e+01
32237 7.513976e+01
32268 7.513961e+01
32600 7.513959e+01
32648 7.513957e+01
32650 7.513947e+01
32892 7.513943e+01
32949 7.513941e+01
32985 7.513941e+01
33010 7.513941e+01
33050 7.513940e+01
33074 7.513940e+01
33080 7.513940e+01
33144 7.513937e+01
33268 7.513937e+01
33285 7.513936e+01
33286 7.513934e+01
33387 7.513934e+01
33400 7.513933e+01
33410 7.513932e+01
33414 7.513931e+01
33568 7.513929e+01
33592 7.513929e+01
33779 7.513929e+01
33821 7.513928e+01
33859 7.513928e+01
33891 7.513928e+01
33950 7.513927e+01
33957 7.513927e+01
33989 7.513926e+01
34066 7.513925e+01
34117 7.513925e+01
34150 7.513925e+01
34160 7.513925e+01
34166 7.513925e+01
34184 7.513924e+01
34226 7.513923e+01
34492 7.513922e+01
34536 7.513922e+01
34614 7.513922e+01
34624 7.513922e+01
34783 7.513922e+01
34787 7.513922e+01
34791 7.513921e+01
35011 7.513921e+01
35036 7.513921e+01
35051 7.513921e+01
35079 7.513921e+01
35131 7.513921e+01
35174 7.513921e+01
35191 7.513921e+01
35480 7.513920e+01
35524 7.513920e+01
35598 7.513920e+01
35624 7.513920e+01
35644 7.513920e+01
35672 7.513920e+01
35702 7.513920e+01
35815 7.513920e+01
35831 7.513920e+01
36035 7.513920e+01
36080 7.513920e+01
36179 7.513920e+01
36228 7.513920e+01
36262 7.513920e+01
36304 7.513920e+01
36317 7.513920e+01
36357 7.513920e+01
36385 7.513920e+01
36455 7.513920e+01
36488 7.513920e+01
36551 7.513920e+01
36560 7.513920e+01
36634 7.513920e+01
36742 7.513920e+01
36805 7.513920e+01
36867 7.513920e+01
36881 7.513920e+01
36968 7.513920e+01
37068 7.513920e+01
37120 7.513920e+01
37123 7.513920e+01
37139 7.513920e+01
37236 7.513920e+01
37248 7.513920e+01
37282 7.513920e+01
37291 7.513920e+01
37435 7.513920e+01
37642 7.513920e+01
37693 7.513920e+01
37814 7.513920e+01
37845 7.513919e+01
37909 7.513919e+01
37932 7.513919e+01
37951 7.513919e+01
38003 7.513919e+01
38007 7.513919e+01
38023 7.513919e+01
38119 7.513919e+01
38288 7.513919e+01
38364 7.513919e+01
38366 7.513919e+01
38413 7.513919e+01
38471 7.513919e+01
38512 7.513919e+01
38586 7.513919e+01
38637 7.513919e+01
38660 7.513919e+01
38686 7.513919e+01
38696 7.513919e+01
38718 7.513919e+01
38731 7.513919e+01
38732 7.513919e+01
38745 7.513919e+01
38779 7.513919e+01
38815 7.513919e+01
38819 7.513919e+01
39067 7.513919e+01
39397 7.513919e+01
39484 7.513919e+01
39504 7.513919e+01
39522 7.513919e+01
39538 7.513919e+01
39544 7.513919e+01
39583 7.513919e+01
39633 7.513919e+01
39742 7.513919e+01
39805 7.513919e+01
39811 7.513919e+01
39856 7.513919e+01
39868 7.513919e+01
39870 7.513919e+01
39919 7.513919e+01
39923 7.513919e+01
39986 7.513919e+01
40010 7.513919e+01
40101 7.513919e+01
40110 7.513919e+01
40135 7.513919e+01
40173 7.513919e+01
40243 7.513919e+01
40282 7.513919e+01
40292 7.513919e+01
40293 7.513919e+01
40306 7.513919e+01
40379 7.513919e+01
40480 7.513919e+01
40494 7.513919e+01
40514 7.513919e+01
40523 7.513919e+01
40563 7.513919e+01
40594 7.513919e+01
40667 7.513919e+01
40700 7.513919e+01
40730 7.513919e+01
40844 7.513919e+01
40881 7.513919e+01
40935 7.513919e+01
40952 7.513919e+01
40982 7.513919e+01
41073 7.513919e+01
41094 7.513919e+01
41188 7.513919e+01
41264 7.513919e+01
41320 7.513919e+01
41327 7.513919e+01
41475 7.513919e+01
41699 7.513919e+01
41798 7.513919e+01
41931 7.513919e+01
41988 7.513919e+01
42009 7.513919e+01
42038 7.513919e+01
42213 7.513919e+01
42413 7.513919e+01
42430 7.513919e+01
42448 7.513919e+01
42504 7.513919e+01
42599 7.513919e+01
42656 7.513919e+01
42663 7.513919e+01
42686 7.513919e+01
42742 7.513919e+01
42743 7.513919e+01
42790 7.513919e+01
42843 7.513919e+01
42861 7.513919e+01
42864 7.513919e+01
42867 7.513919e+01
42876 7.513919e+01
42882 7.513919e+01
42905 7.513919e+01
43026 7.513919e+01
43069 7.513919e+01
43251 7.513919e+01
43419 7.513919e+01
43430 7.513919e+01
43441 7.513919e+01
43489 7.513919e+01
43554 7.513919e+01
43568 7.513919e+01
43610 7.513919e+01
43791 7.513919e+01
43843 7.513919e+01
43852 7.513919e+01
43934 7.513919e+01
44006 7.513919e+01
44031 7.513919e+01
44225 7.513919e+01
44236 7.513919e+01
44256 7.513919e+01
44291 7.513919e+01
44473 7.513919e+01
296892 7.406558e+01
297364 7.377358e+01
297425 7.323624e+01
297430 7.235702e+01
297488 7.217755e+01
297929 7.175961e+01
298114 7.071160e+01
298149 6.972309e+01
298538 6.903516e+01
298692 6.893980e+01
299089 6.882984e+01
299386 6.855024e+01
299424 6.698522e+01
299870 6.688981e+01
300076 6.664933e+01
300132 6.663260e+01
300544 6.649168e+01
300882 6.647163e+01
300999 6.643197e+01
301247 6.639389e+01
301267 6.635774e+01
301394 6.595656e+01
301643 6.563470e+01
301670 6.556650e+01
301715 6.546110e+01
302187 6.544820e+01
302322 6.532082e+01
302450 6.530809e+01
302756 6.526056e+01
302828 6.510101e+01
302854 6.506935e+01
303030 6.476396e+01
303934 6.475594e+01
304115 6.470174e+01
304280 6.462325e+01
304338 6.456291e+01
304376 6.442092e+01
304666 6.440874e+01
304823 6.432048e+01
305426 6.431445e+01
305431 6.429656e+01
306173 6.426322e+01
306272 6.409978e+01
306534 6.408040e+01
306623 6.404191e+01
306855 6.402507e+01
306926 6.401384e+01
306982 6.392791e+01
307240 6.392300e+01
307270 6.391580e+01
307401 6.390941e+01
307411 6.385673e+01
307601 6.385638e+01
307617 6.384414e+01
308170 6.384116e+01
308200 6.383328e+01
308281 6.381324e+01
308839 6.380212e+01
308899 6.380099e+01
308965 6.378436e+01
309014 6.378082e+01
309048 6.374085e+01
309249 6.373256e+01
309530 6.372385e+01
309537 6.371933e+01
310423 6.371250e+01
310522 6.370701e+01
310564 6.369810e+01
310669 6.369697e+01
310865 6.368077e+01
310909 6.367111e+01
310963 6.366310e+01
311105 6.366176e+01
311574 6.365176e+01
311790 6.364162e+01
311797 6.363516e+01
311909 6.362439e+01
313122 6.362064e+01
313333 6.361990e+01
313490 6.361130e+01
313551 6.359660e+01
313942 6.358917e+01
314231 6.358790e+01
314729 6.358422e+01
314839 6.358404e+01
314908 6.357905e+01
315222 6.357756e+01
315313 6.357709e+01
315317 6.357591e+01
315529 6.357484e+01
315615 6.357320e+01
315625 6.357261e+01
315651 6.356639e+01
316198 6.356625e+01
316227 6.356567e+01
316500 6.356562e+01
316524 6.356520e+01
316552 6.356350e+01
316563 6.356310e+01
316906 6.356190e+01
317042 6.356092e+01
317364 6.356059e+01
317572 6.356046e+01
317764 6.355934e+01
317807 6.355909e+01
317870 6.355654e+01
318881 6.355410e+01
319518 6.355380e+01
319679 6.355293e+01
319810 6.355270e+01
319884 6.355245e+01
319967 6.355222e+01
319990 6.355203e+01
320009 6.355169e+01
320109 6.355109e+01
320159 6.355093e+01
320267 6.355024e+01
320409 6.354985e+01
320491 6.354971e+01
320534 6.354959e+01
320560 6.354958e+01
320572 6.354911e+01
320728 6.354909e+01
320868 6.354899e+01
320872 6.354870e+01
320930 6.354864e+01
320935 6.354862e+01
320946 6.354847e+01
321247 6.354840e+01
321269 6.354836e+01
321356 6.354812e+01
321608 6.354807e+01
321695 6.354770e+01
322669 6.354758e+01
322744 6.354745e+01
322776 6.354734e+01
322978 6.354733e+01
323050 6.354727e+01
323191 6.354722e+01
323275 6.354721e+01
323331 6.354715e+01
323462 6.354703e+01
323710 6.354702e+01
323747 6.354702e+01
323827 6.354698e+01
323846 6.354691e+01
323859 6.354691e+01
323924 6.354687e+01
323945 6.354685e+01
324068 6.354681e+01
324095 6.354673e+01
324428 6.354666e+01
324550 6.354662e+01
324793 6.354658e+01
325129 6.354657e+01
325210 6.354653e+01
325565 6.354653e+01
325618 6.354649e+01
325623 6.354648e+01
325653 6.354647e+01
325722 6.354646e+01
325863 6.354646e+01
325934 6.354645e+01
325964 6.354644e+01
325983 6.354643e+01
326112 6.354642e+01
326190 6.354640e+01
326206 6.354639e+01
326943 6.354638e+01
326999 6.354638e+01
327054 6.354638e+01
327116 6.354637e+01
327136 6.354637e+01
327244 6.354636e+01
327280 6.354636e+01
327410 6.354636e+01
327430 6.354635e+01
327567 6.354634e+01
327862 6.354634e+01
328162 6.354633e+01
328516 6.354633e+01
328538 6.354633e+01
328947 6.354633e+01
328977 6.354632e+01
329437 6.354632e+01
329650 6.354632e+01
329672 6.354632e+01
329719 6.354632e+01
329957 6.354632e+01
330013 6.354632e+01
330029 6.354631e+01
330121 6.354631e+01
330139 6.354631e+01
330313 6.354631e+01
330379 6.354631e+01
330688 6.354631e+01
330924 6.354631e+01
330957 6.354631e+01
331156 6.354631e+01
331264 6.354630e+01
331315 6.354630e+01
331429 6.354630e+01
331860 6.354630e+01
331954 6.354630e+01
331964 6.354630e+01
332036 6.354630e+01
332159 6.354630e+01
332521 6.354630e+01
332549 6.354630e+01
332638 6.354630e+01
332641 6.354630e+01
332760 6.354630e+01
332967 6.354630e+01
333065 6.354630e+01
333179 6.354630e+01
333543 6.354630e+01
333848 6.354630e+01
333894 6.354630e+01
334311 6.354630e+01
334563 6.354630e+01
334644 6.354630e+01
334859 6.354630e+01
334893 6.354630e+01
334972 6.354630e+01
335299 6.354630e+01
335330 6.354630e+01
335394 6.354630e+01
335432 6.354630e+01
335462 6.354630e+01
335890 6.354630e+01
335909 6.354630e+01
335989 6.354630e+01
336902 6.354630e+01
336916 6.354630e+01
336932 6.354630e+01
337044 6.354630e+01
337505 6.354630e+01
337696 6.354630e+01
337738 6.354630e+01
337747 6.354630e+01
337973 6.354630e+01
338034 6.354630e+01
338143 6.354630e+01
338168 6.354630e+01
338284 6.354630e+01
338522 6.354630e+01
338531 6.354630e+01
338694 6.354630e+01
338845 6.354630e+01
338895 6.354630e+01
338925 6.354630e+01
338989 6.354630e+01
339163 6.354630e+01
339174 6.354630e+01
339211 6.354630e+01
339249 6.354630e+01
339304 6.354630e+01
339311 6.354630e+01
339470 6.354630e+01
339567 6.354630e+01
339610 6.354630e+01
339777 6.354630e+01
339823 6.354630e+01
339846 6.354630e+01
340027 6.354630e+01
340063 6.354630e+01
340288 6.354630e+01
340332 6.354630e+01
340463 6.354630e+01
340508 6.354630e+01
340550 6.354630e+01
340710 6.354630e+01
340919 6.354630e+01
341195 6.354630e+01
341243 6.354630e+01
341256 6.354630e+01
341347 6.354630e+01
341368 6.354630e+01
341393 6.354630e+01
341683 6.354630e+01
341771 6.354630e+01
341859 6.354630e+01
342065 6.354630e+01
342204 6.354630e+01
342261 6.354630e+01
342380 6.354630e+01
342493 6.354630e+01
342983 6.354630e+01
343031 6.354630e+01
343057 6.354630e+01
343068 6.354630e+01
343127 6.354630e+01
343149 6.354630e+01
343154 6.354630e+01
343276 6.354630e+01
343302 6.354630e+01
343324 6.354630e+01
343426 6.354630e+01
343556 6.354630e+01
343688 6.354630e+01
343947 6.354630e+01
344210 6.354630e+01
344491 6.354630e+01
344512 6.354630e+01
344659 6.354630e+01
344661 6.354630e+01
345030 6.354630e+01
345091 6.354630e+01
345207 6.354630e+01
345272 6.354630e+01
345306 6.354630e+01
345482 6.354630e+01
345565 6.354630e+01
345684 6.354630e+01
345804 6.354630e+01
346081 6.354630e+01
346233 6.354630e+01
346306 6.354630e+01
456412 6.273221e+01
457313 6.154818e+01
457515 6.153118e+01
457534 6.119565e+01
457568 6.101034e+01
457755 6.089884e+01
457760 6.084281e+01
458147 6.079174e+01
458153 5.974209e+01
458182 5.914529e+01
458449 5.892063e+01
458813 5.872909e+01
460876 5.871783e+01
460938 5.847062e+01
461105 5.823036e+01
461565 5.806650e+01
462149 5.803203e+01
462752 5.793691e+01
463624 5.783978e+01
463731 5.781249e+01
463889 5.773953e+01
464303 5.762932e+01
464989 5.749635e+01
465413 5.739601e+01
465724 5.730941e+01
466037 5.724831e+01
467399 5.706637e+01
467538 5.689669e+01
468141 5.682974e+01
468793 5.681069e+01
468805 5.678918e+01
468866 5.673411e+01
469197 5.671456e+01
469212 5.670016e+01
469875 5.668517e+01
469918 5.667485e+01
470173 5.659737e+01
470249 5.656214e+01
470734 5.652825e+01
470981 5.647403e+01
471069 5.646745e+01
471353 5.646451e+01
471357 5.645538e+01
471418 5.641121e+01
471787 5.637775e+01
471877 5.637001e+01
471927 5.636470e+01
471952 5.635692e+01
472154 5.626627e+01
472421 5.624233e+01
472755 5.623661e+01
472865 5.620868e+01
472935 5.620399e+01
473209 5.620229e+01
474023 5.619957e+01
474045 5.619327e+01
474134 5.617586e+01
474245 5.616988e+01
474539 5.614514e+01
474631 5.613157e+01
475162 5.612072e+01
475218 5.610389e+01
475746 5.609837e+01
475982 5.607208e+01
476970 5.606736e+01
477032 5.606717e+01
477125 5.606291e+01
477219 5.606251e+01
477481 5.606034e+01
477798 5.605608e+01
477821 5.604900e+01
478442 5.604866e+01
478484 5.604740e+01
478654 5.604736e+01
478989 5.604552e+01
479018 5.604411e+01
479148 5.604133e+01
479726 5.603964e+01
480425 5.603939e+01
480551 5.603749e+01
480567 5.603741e+01
480879 5.603683e+01
480936 5.603580e+01
481105 5.603426e+01
482211 5.603246e+01
483334 5.603150e+01
483544 5.603102e+01
483747 5.603050e+01
483772 5.603035e+01
483994 5.602980e+01
484121 5.602923e+01
484325 5.602915e+01
484336 5.602905e+01
484376 5.602883e+01
484425 5.602881e+01
484534 5.602845e+01
484575 5.602797e+01
484704 5.602789e+01
484825 5.602783e+01
484840 5.602713e+01
485066 5.602675e+01
485565 5.602623e+01
485735 5.602616e+01
486101 5.602601e+01
486198 5.602596e+01
486354 5.602585e+01
486695 5.602572e+01
486701 5.602571e+01
486746 5.602567e+01
486780 5.602566e+01
486789 5.602562e+01
486829 5.602552e+01
486859 5.602535e+01
487349 5.602529e+01
487354 5.602525e+01
487796 5.602519e+01
488132 5.602519e+01
488251 5.602517e+01
488758 5.602514e+01
488906 5.602512e+01
488931 5.602506e+01
489199 5.602502e+01
489392 5.602490e+01
489591 5.602484e+01
489786 5.602483e+01
489921 5.602482e+01
490055 5.602479e+01
490189 5.602477e+01
490250 5.602472e+01
490315 5.602465e+01
491136 5.602464e+01
491148 5.602464e+01
491382 5.602461e+01
491574 5.602460e+01
491591 5.602457e+01
491914 5.602453e+01
491950 5.602451e+01
492219 5.602449e+01
492709 5.602448e+01
492806 5.602448e+01
493143 5.602447e+01
493550 5.602447e+01
493572 5.602447e+01
493585 5.602446e+01
493622 5.602445e+01
493889 5.602445e+01
494368 5.602445e+01
494380 5.602444e+01
494621 5.602444e+01
494870 5.602442e+01
495098 5.602442e+01
495604 5.602441e+01
495636 5.602441e+01
495772 5.602441e+01
496037 5.602440e+01
496122 5.602440e+01
496448 5.602440e+01
496461 5.602439e+01
496774 5.602439e+01
496978 5.602439e+01
497193 5.602439e+01
497304 5.602438e+01
497789 5.602438e+01
497988 5.602438e+01
498144 5.602438e+01
498193 5.602438e+01
498351 5.602438e+01
498841 5.602438e+01
498889 5.602438e+01
499577 5.602438e+01
499604 5.602438e+01
499644 5.602438e+01
499967 5.602438e+01
