1 1.556923e+03
9 1.533859e+03
13 1.320676e+03
22 1.009963e+03
33 8.722016e+02
48 6.282095e+02
65 5.215588e+02
109 4.815346e+02
114 4.732714e+02
128 4.465450e+02
138 3.943232e+02
167 3.583914e+02
262 3.377610e+02
542 3.366172e+02
546 3.232640e+02
902 3.232104e+02
1025 3.130073e+02
1032 3.100038e+02
1199 3.024260e+02
1331 3.010336e+02
1390 2.982618e+02
1403 2.980591e+02
1502 2.979047e+02
1536 2.963752e+02
1581 2.887061e+02
1669 2.865772e+02
1864 2.837894e+02
1873 2.826931e+02
1886 2.797801e+02
1982 2.760270e+02
2233 2.659670e+02
2563 2.655125e+02
2573 2.615228e+02
2793 2.574364e+02
2993 2.544210e+02
3100 2.532699e+02
3146 2.527636e+02
3158 2.522133e+02
3171 2.520757e+02
3191 2.488474e+02
3354 2.466580e+02
3444 2.446696e+02
3453 2.442763e+02
3540 2.442508e+02
3558 2.440519e+02
3571 2.429437e+02
3635 2.374632e+02
3768 2.362632e+02
3911 2.347585e+02
3961 2.338073e+02
3974 2.334853e+02
4146 2.332012e+02
4246 2.326226e+02
4256 2.312717e+02
4281 2.302427e+02
4524 2.297352e+02
4566 2.287912e+02
4593 2.282465e+02
4632 2.276795e+02
4681 2.231976e+02
4923 2.228114e+02
5022 2.213728e+02
5057 2.210430e+02
5068 2.204814e+02
5189 2.197048e+02
5216 2.196560e+02
5337 2.192690e+02
5375 2.192081e+02
5401 2.192011e+02
5419 2.189151e+02
5469 2.173743e+02
5735 2.163582e+02
5764 2.162372e+02
5798 2.160505e+02
5861 2.158445e+02
5906 2.152212e+02
5907 2.147911e+02
6052 2.133100e+02
6190 2.129186e+02
6266 2.122882e+02
6362 2.112093e+02
6462 2.104707e+02
6554 2.102545e+02
6650 2.099104e+02
6862 2.095131e+02
6875 2.091518e+02
6962 2.090645e+02
6976 2.088984e+02
7012 2.088639e+02
7047 2.088541e+02
7049 2.086087e+02
7187 2.084290e+02
7203 2.082710e+02
7259 2.077298e+02
7317 2.076582e+02
7378 2.076525e+02
7417 2.076245e+02
7424 2.074161e+02
7445 2.074022e+02
7452 2.073226e+02
7463 2.072706e+02
7483 2.065888e+02
7529 2.061671e+02
7603 2.057519e+02
7658 2.056034e+02
8104 2.053429e+02
8290 2.053197e+02
8321 2.049980e+02
8329 2.049007e+02
8516 2.047469e+02
8715 2.044467e+02
8831 2.044197e+02
8876 2.041138e+02
9006 2.040305e+02
9081 2.039213e+02
9126 2.038897e+02
9160 2.037532e+02
9248 2.031136e+02
9825 2.030995e+02
9834 2.030359e+02
9847 2.026678e+02
10024 2.026405e+02
10118 2.025876e+02
10148 2.024959e+02
10182 2.024146e+02
10303 2.022507e+02
10439 2.022292e+02
10488 2.022255e+02
10547 2.020700e+02
10610 2.020005e+02
10698 2.019680e+02
10833 2.019476e+02
10872 2.018954e+02
10910 2.018769e+02
10923 2.018184e+02
11228 2.017536e+02
11272 2.017448e+02
11285 2.017343e+02
11419 2.016693e+02
11466 2.016575e+02
11480 2.015893e+02
11572 2.015855e+02
11577 2.015703e+02
11634 2.015367e+02
11729 2.015339e+02
11825 2.015307e+02
11896 2.014362e+02
12038 2.014311e+02
12048 2.013771e+02
12188 2.013741e+02
12458 2.013424e+02
12546 2.013327e+02
12651 2.012942e+02
12719 2.012881e+02
12749 2.012789e+02
12861 2.012526e+02
13054 2.012493e+02
13073 2.012349e+02
13321 2.012309e+02
13433 2.012092e+02
13467 2.011770e+02
13636 2.011685e+02
13899 2.011647e+02
13901 2.011346e+02
13940 2.011167e+02
14041 2.011079e+02
14191 2.010953e+02
14244 2.010892e+02
14295 2.010867e+02
14341 2.010854e+02
14358 2.010814e+02
14381 2.010722e+02
14398 2.010676e+02
14456 2.010632e+02
14515 2.010599e+02
14564 2.010599e+02
14781 2.010583e+02
14788 2.010471e+02
14793 2.010449e+02
14829 2.010446e+02
14834 2.010321e+02
14891 2.010304e+02
14969 2.010195e+02
14979 2.010179e+02
14983 2.010133e+02
14991 2.009981e+02
15433 2.009933e+02
15480 2.009885e+02
15539 2.009868e+02
15692 2.009855e+02
15693 2.009850e+02
15709 2.009798e+02
15773 2.009789e+02
15829 2.009758e+02
15965 2.009717e+02
15992 2.009672e+02
16083 2.009658e+02
16270 2.009604e+02
16448 2.009576e+02
16832 2.009541e+02
16983 2.009536e+02
17039 2.009527e+02
17072 2.009515e+02
17111 2.009506e+02
17194 2.009503e+02
17235 2.009453e+02
17337 2.009446e+02
17531 2.009435e+02
17718 2.009433e+02
17761 2.009430e+02
17783 2.009416e+02
17789 2.009400e+02
18160 2.009393e+02
18171 2.009391e+02
18202 2.009388e+02
18351 2.009388e+02
18353 2.009387e+02
18397 2.009387e+02
18423 2.009377e+02
18461 2.009370e+02
18662 2.009367e+02
18683 2.009367e+02
18697 2.009367e+02
18700 2.009363e+02
18708 2.009362e+02
18735 2.009359e+02
18740 2.009352e+02
18770 2.009351e+02
18823 2.009350e+02
18828 2.009340e+02
18873 2.009331e+02
19044 2.009328e+02
19294 2.009325e+02
19362 2.009323e+02
19410 2.009323e+02
19447 2.009322e+02
19454 2.009315e+02
19586 2.009307e+02
20127 2.009298e+02
20391 2.009297e+02
20440 2.009292e+02
20471 2.009292e+02
20502 2.009292e+02
20643 2.009289e+02
20684 2.009287e+02
20776 2.009286e+02
20787 2.009282e+02
20809 2.009280e+02
20818 2.009280e+02
20878 2.009277e+02
21056 2.009275e+02
21148 2.009273e+02
21197 2.009272e+02
21262 2.009271e+02
21376 2.009271e+02
21381 2.009268e+02
21427 2.009266e+02
21555 2.009266e+02
21558 2.009263e+02
21628 2.009263e+02
21768 2.009263e+02
21785 2.009263e+02
21803 2.009262e+02
21827 2.009260e+02
21988 2.009260e+02
21998 2.009259e+02
22071 2.009258e+02
22104 2.009258e+02
22147 2.009258e+02
22194 2.009257e+02
22229 2.009256e+02
22240 2.009256e+02
22306 2.009256e+02
22320 2.009255e+02
22347 2.009255e+02
22433 2.009254e+02
22438 2.009253e+02
22448 2.009253e+02
22593 2.009252e+02
22774 2.009252e+02
22784 2.009251e+02
22849 2.009251e+02
22920 2.009250e+02
23055 2.009250e+02
23084 2.009249e+02
23438 2.009249e+02
23508 2.009249e+02
23540 2.009249e+02
23563 2.009249e+02
23593 2.009249e+02
23663 2.009248e+02
23691 2.009248e+02
23704 2.009248e+02
23754 2.009247e+02
23828 2.009247e+02
24023 2.009246e+02
24150 2.009246e+02
24217 2.009246e+02
24367 2.009246e+02
24588 2.009246e+02
24652 2.009246e+02
24765 2.009245e+02
24873 2.009245e+02
24897 2.009245e+02
24938 2.009245e+02
24986 2.009245e+02
25016 2.009245e+02
25111 2.009244e+02
25309 2.009244e+02
25370 2.009244e+02
25386 2.009244e+02
25581 2.009244e+02
25609 2.009244e+02
25666 2.009244e+02
25703 2.009244e+02
25755 2.009244e+02
25774 2.009244e+02
25944 2.009243e+02
25972 2.009243e+02
26017 2.009243e+02
26170 2.009243e+02
26189 2.009243e+02
26193 2.009243e+02
26311 2.009243e+02
26321 2.009243e+02
26384 2.009243e+02
26509 2.009243e+02
26521 2.009243e+02
26538 2.009243e+02
26643 2.009243e+02
26795 2.009243e+02
26801 2.009243e+02
26922 2.009243e+02
26965 2.009243e+02
27037 2.009243e+02
27207 2.009243e+02
27208 2.009243e+02
27243 2.009243e+02
27272 2.009243e+02
27288 2.009242e+02
27321 2.009242e+02
27355 2.009242e+02
27394 2.009242e+02
27451 2.009242e+02
27461 2.009242e+02
27471 2.009242e+02
27946 2.009242e+02
27962 2.009242e+02
27987 2.009242e+02
28032 2.009242e+02
28052 2.009242e+02
28062 2.009242e+02
28064 2.009242e+02
28095 2.009242e+02
28193 2.009242e+02
28203 2.009242e+02
28228 2.009242e+02
28263 2.009242e+02
28282 2.009242e+02
28296 2.009242e+02
28399 2.009242e+02
28439 2.009242e+02
28477 2.009242e+02
28492 2.009242e+02
28676 2.009242e+02
28726 2.009242e+02
28733 2.009242e+02
28808 2.009242e+02
28811 2.009242e+02
28828 2.009242e+02
28989 2.009242e+02
29039 2.009242e+02
29163 2.009242e+02
29190 2.009242e+02
29233 2.009242e+02
29236 2.009242e+02
29364 2.009242e+02
29562 2.009242e+02
29680 2.009242e+02
29776 2.009242e+02
29780 2.009242e+02
29892 2.009242e+02
29894 2.009242e+02
30149 2.009242e+02
30154 2.009242e+02
30168 2.009242e+02
30196 2.009242e+02
30205 2.009242e+02
30284 2.009242e+02
30368 2.009242e+02
30499 2.009242e+02
30522 2.009242e+02
30651 2.009242e+02
30945 2.009242e+02
30953 2.009242e+02
31021 2.009242e+02
31154 2.009242e+02
31206 2.009242e+02
31210 2.009242e+02
31213 2.009242e+02
31271 2.009242e+02
31292 2.009242e+02
31343 2.009242e+02
31378 2.009242e+02
31389 2.009242e+02
31390 2.009242e+02
31517 2.009242e+02
31581 2.009242e+02
31659 2.009242e+02
31705 2.009242e+02
31778 2.009242e+02
31784 2.009242e+02
31832 2.009242e+02
31836 2.009242e+02
31863 2.009242e+02
31883 2.009242e+02
31899 2.009242e+02
31935 2.009242e+02
31965 2.009242e+02
32019 2.009242e+02
32048 2.009242e+02
32055 2.009242e+02
32061 2.009242e+02
32071 2.009242e+02
32073 2.009242e+02
32077 2.009242e+02
32114 2.009242e+02
32143 2.009242e+02
32375 2.009242e+02
32490 2.009242e+02
32685 2.009242e+02
32759 2.009242e+02
32879 2.009242e+02
32889 2.009242e+02
32990 2.009242e+02
33053 2.009242e+02
33103 2.009242e+02
33136 2.009242e+02
33137 2.009242e+02
33145 2.009242e+02
33237 2.009242e+02
33333 2.009242e+02
33340 2.009242e+02
33441 2.009242e+02
33445 2.009242e+02
33460 2.009242e+02
33461 2.009242e+02
33477 2.009242e+02
33485 2.009242e+02
33487 2.009242e+02
33505 2.009242e+02
33529 2.009242e+02
33628 2.009242e+02
33698 2.009242e+02
33730 2.009242e+02
33766 2.009242e+02
33920 2.009242e+02
33952 2.009242e+02
34022 2.009242e+02
34045 2.009242e+02
34058 2.009242e+02
34074 2.009242e+02
34081 2.009242e+02
34151 2.009242e+02
34201 2.009242e+02
34202 2.009242e+02
34223 2.009242e+02
34248 2.009242e+02
34249 2.009242e+02
34251 2.009242e+02
34327 2.009242e+02
34336 2.009242e+02
34389 2.009242e+02
34416 2.009242e+02
34427 2.009242e+02
34495 2.009242e+02
34545 2.009242e+02
34636 2.009242e+02
34765 2.009242e+02
34819 2.009242e+02
34911 2.009242e+02
34916 2.009242e+02
34924 2.009242e+02
34939 2.009242e+02
34973 2.009242e+02
34981 2.009242e+02
35011 2.009242e+02
35039 2.009242e+02
35044 2.009242e+02
35064 2.009242e+02
35066 2.009242e+02
35135 2.009242e+02
35180 2.009242e+02
35186 2.009242e+02
35192 2.009242e+02
35212 2.009242e+02
35262 2.009242e+02
35315 2.009242e+02
35326 2.009242e+02
35353 2.009242e+02
35377 2.009242e+02
35434 2.009242e+02
35479 2.009242e+02
35493 2.009242e+02
35649 2.009242e+02
35675 2.009242e+02
35685 2.009242e+02
35696 2.009242e+02
35710 2.009242e+02
35755 2.009242e+02
35813 2.009242e+02
35843 2.009242e+02
35900 2.009242e+02
35910 2.009242e+02
35919 2.009242e+02
35964 2.009242e+02
35974 2.009242e+02
36057 2.009242e+02
36069 2.009242e+02
36100 2.009242e+02
36164 2.009242e+02
36168 2.009242e+02
36184 2.009242e+02
36304 2.009242e+02
36417 2.009242e+02
36429 2.009242e+02
36478 2.009242e+02
36509 2.009242e+02
36538 2.009242e+02
36628 2.009242e+02
36703 2.009242e+02
36771 2.009242e+02
36846 2.009242e+02
37061 2.009242e+02
37184 2.009242e+02
37185 2.009242e+02
37199 2.009242e+02
37207 2.009242e+02
37222 2.009242e+02
37319 2.009242e+02
37327 2.009242e+02
37357 2.009242e+02
37412 2.009242e+02
37546 2.009242e+02
37560 2.009242e+02
37570 2.009242e+02
37572 2.009242e+02
37614 2.009242e+02
37642 2.009242e+02
37663 2.009242e+02
37732 2.009242e+02
37763 2.009242e+02
37796 2.009242e+02
37809 2.009242e+02
37813 2.009242e+02
37835 2.009242e+02
37867 2.009242e+02
37881 2.009242e+02
37920 2.009242e+02
37935 2.009242e+02
37942 2.009242e+02
37992 2.009242e+02
38101 2.009242e+02
38381 2.009242e+02
38543 2.009242e+02
38666 2.009242e+02
38730 2.009242e+02
38735 2.009242e+02
38782 2.009242e+02
38789 2.009242e+02
38935 2.009242e+02
38946 2.009242e+02
39008 2.009242e+02
39021 2.009242e+02
39029 2.009242e+02
39038 2.009242e+02
39055 2.009242e+02
39066 2.009242e+02
39078 2.009242e+02
39098 2.009242e+02
39131 2.009242e+02
39143 2.009242e+02
39150 2.009242e+02
39182 2.009242e+02
39200 2.009242e+02
39203 2.009242e+02
39213 2.009242e+02
39289 2.009242e+02
39291 2.009242e+02
39309 2.009242e+02
39319 2.009242e+02
39350 2.009242e+02
39365 2.009242e+02
39416 2.009242e+02
39471 2.009242e+02
39490 2.009242e+02
39532 2.009242e+02
39576 2.009242e+02
39578 2.009242e+02
39658 2.009242e+02
39671 2.009242e+02
39679 2.009242e+02
39724 2.009242e+02
39829 2.009242e+02
39857 2.009242e+02
39887 2.009242e+02
39960 2.009242e+02
40009 2.009242e+02
40106 2.009242e+02
40141 2.009242e+02
40175 2.009242e+02
40220 2.009242e+02
40235 2.009242e+02
40274 2.009242e+02
40291 2.009242e+02
40307 2.009242e+02
40357 2.009242e+02
40366 2.009242e+02
40401 2.009242e+02
40438 2.009242e+02
149146 2.009087e+02
149898 2.009075e+02
150019 2.009010e+02
150180 2.009009e+02
150228 2.008992e+02
150331 2.008277e+02
150374 2.007878e+02
150423 2.007360e+02
150698 2.007213e+02
151031 2.007196e+02
151046 2.007116e+02
151158 2.007026e+02
151197 2.006736e+02
151247 2.006734e+02
151295 2.006724e+02
151337 2.006398e+02
151352 2.005656e+02
151956 2.005556e+02
152102 2.005281e+02
152104 2.004923e+02
152285 2.004914e+02
152306 2.004881e+02
152506 2.004814e+02
152507 2.004812e+02
152830 2.004746e+02
152849 2.004717e+02
152985 2.004639e+02
153013 2.004491e+02
153185 2.004000e+02
153550 2.003962e+02
153552 2.003951e+02
153588 2.003937e+02
153626 2.003904e+02
153654 2.003585e+02
154068 2.003466e+02
154143 2.003361e+02
154284 2.003276e+02
154441 2.003271e+02
154558 2.002985e+02
154783 2.002909e+02
154816 2.002882e+02
154909 2.002699e+02
155095 2.002653e+02
155192 2.002623e+02
155393 2.002446e+02
155416 2.002306e+02
155547 2.002212e+02
155968 2.002161e+02
156370 2.002119e+02
156372 2.002023e+02
156600 2.002005e+02
156786 2.001960e+02
156817 2.001729e+02
157438 2.001726e+02
157457 2.001719e+02
157501 2.001479e+02
157596 2.001382e+02
158307 2.001258e+02
158464 2.001206e+02
159322 2.001146e+02
159431 2.001133e+02
159481 2.001099e+02
159537 2.001078e+02
159649 2.001051e+02
159821 2.000966e+02
160062 2.000953e+02
160297 2.000901e+02
160391 2.000869e+02
160614 2.000771e+02
161004 2.000757e+02
161198 2.000753e+02
161286 2.000686e+02
161594 2.000666e+02
161682 2.000643e+02
162096 2.000634e+02
162126 2.000623e+02
162173 2.000612e+02
162251 2.000611e+02
162506 2.000590e+02
162558 2.000583e+02
162658 2.000562e+02
162757 2.000530e+02
162803 2.000482e+02
163041 2.000479e+02
163198 2.000446e+02
163333 2.000445e+02
163586 2.000417e+02
163655 2.000416e+02
163770 2.000410e+02
163877 2.000406e+02
163889 2.000381e+02
163990 2.000331e+02
164031 2.000311e+02
164788 2.000290e+02
165355 2.000265e+02
165851 2.000244e+02
165924 2.000237e+02
166093 2.000230e+02
166153 2.000225e+02
166362 2.000206e+02
166550 2.000198e+02
166783 2.000195e+02
166892 2.000183e+02
167159 2.000179e+02
167381 2.000159e+02
167931 2.000151e+02
168251 2.000141e+02
168280 2.000132e+02
168387 2.000131e+02
168735 2.000129e+02
168763 2.000129e+02
168766 2.000124e+02
169035 2.000111e+02
169285 2.000107e+02
169361 2.000105e+02
169667 2.000105e+02
169724 2.000097e+02
169914 2.000091e+02
170298 2.000087e+02
170500 2.000084e+02
170657 2.000077e+02
171003 2.000074e+02
171075 2.000072e+02
171179 2.000068e+02
171748 2.000068e+02
171750 2.000064e+02
171897 2.000063e+02
171901 2.000055e+02
172016 2.000055e+02
172110 2.000049e+02
172366 2.000046e+02
172620 2.000045e+02
172685 2.000039e+02
172714 2.000037e+02
172802 2.000036e+02
173039 2.000035e+02
173416 2.000031e+02
174068 2.000029e+02
174422 2.000028e+02
174464 2.000027e+02
174474 2.000027e+02
174504 2.000025e+02
175512 2.000024e+02
175560 2.000024e+02
175712 2.000024e+02
175837 2.000023e+02
175943 2.000021e+02
176312 2.000021e+02
176330 2.000021e+02
176338 2.000021e+02
176366 2.000020e+02
176427 2.000018e+02
176527 2.000018e+02
176786 2.000017e+02
177417 2.000015e+02
177774 2.000015e+02
177802 2.000014e+02
177865 2.000013e+02
178332 2.000012e+02
178854 2.000012e+02
179003 2.000012e+02
179057 2.000011e+02
179092 2.000011e+02
179340 2.000010e+02
179567 2.000010e+02
179711 2.000010e+02
179821 2.000009e+02
180037 2.000009e+02
180173 2.000008e+02
180235 2.000008e+02
180481 2.000007e+02
180599 2.000007e+02
180977 2.000007e+02
180994 2.000007e+02
181276 2.000007e+02
181608 2.000006e+02
181654 2.000006e+02
182148 2.000006e+02
182208 2.000005e+02
182369 2.000005e+02
183093 2.000005e+02
183119 2.000005e+02
183127 2.000005e+02
183143 2.000004e+02
183514 2.000003e+02
183947 2.000003e+02
184353 2.000003e+02
184793 2.000003e+02
184862 2.000003e+02
185416 2.000003e+02
185450 2.000003e+02
185531 2.000003e+02
185534 2.000002e+02
186037 2.000002e+02
186363 2.000002e+02
186513 2.000002e+02
186748 2.000002e+02
186865 2.000002e+02
186877 2.000002e+02
187007 2.000001e+02
187145 2.000001e+02
187386 2.000001e+02
187885 2.000001e+02
188137 2.000001e+02
188622 2.000001e+02
189417 2.000001e+02
189646 2.000001e+02
190153 2.000001e+02
190172 2.000001e+02
190349 2.000001e+02
190690 2.000001e+02
190828 2.000000e+02
191009 2.000000e+02
191122 2.000000e+02
191248 2.000000e+02
191477 2.000000e+02
191644 2.000000e+02
191653 2.000000e+02
191698 2.000000e+02
191823 2.000000e+02
191867 2.000000e+02
191924 2.000000e+02
191930 2.000000e+02
191932 2.000000e+02
191941 2.000000e+02
192041 2.000000e+02
192048 2.000000e+02
192557 2.000000e+02
192655 2.000000e+02
192952 2.000000e+02
192971 2.000000e+02
193607 2.000000e+02
194120 2.000000e+02
194200 2.000000e+02
194218 2.000000e+02
194300 2.000000e+02
194309 2.000000e+02
194492 2.000000e+02
194618 2.000000e+02
194659 2.000000e+02
195412 2.000000e+02
195888 2.000000e+02
195933 2.000000e+02
196313 2.000000e+02
196530 2.000000e+02
196652 2.000000e+02
196829 2.000000e+02
197048 2.000000e+02
197152 2.000000e+02
197181 2.000000e+02
197223 2.000000e+02
197506 2.000000e+02
197946 2.000000e+02
197986 2.000000e+02
198090 2.000000e+02
198665 2.000000e+02
198766 2.000000e+02
198924 2.000000e+02
198934 2.000000e+02
199031 2.000000e+02
199203 2.000000e+02
199372 2.000000e+02
199540 2.000000e+02
199608 2.000000e+02
199720 2.000000e+02
200649 2.000000e+02
200851 2.000000e+02
200879 2.000000e+02
201329 2.000000e+02
202092 2.000000e+02
202166 2.000000e+02
202292 2.000000e+02
202842 2.000000e+02
202869 2.000000e+02
203515 2.000000e+02
203533 2.000000e+02
203555 2.000000e+02
203778 2.000000e+02
204017 2.000000e+02
204082 2.000000e+02
204363 2.000000e+02
204467 2.000000e+02
204482 2.000000e+02
204589 2.000000e+02
204654 2.000000e+02
204763 2.000000e+02
204770 2.000000e+02
204825 2.000000e+02
204944 2.000000e+02
204946 2.000000e+02
204999 2.000000e+02
205179 2.000000e+02
205685 2.000000e+02
205734 2.000000e+02
206022 2.000000e+02
206160 2.000000e+02
206295 2.000000e+02
