1 1.908025e+03
2 1.716512e+03
11 1.397910e+03
22 1.364996e+03
32 4.389769e+02
72 4.144852e+02
142 3.737810e+02
204 3.730881e+02
226 3.441222e+02
492 3.429668e+02
535 3.428612e+02
547 3.387693e+02
601 3.328752e+02
662 3.293065e+02
715 3.276854e+02
952 3.204154e+02
982 3.162260e+02
1023 3.124446e+02
1210 3.025633e+02
1329 3.015514e+02
1373 2.893967e+02
1562 2.866862e+02
1641 2.849019e+02
1826 2.747577e+02
1940 2.739018e+02
2126 2.715750e+02
2128 2.692693e+02
2144 2.620167e+02
2306 2.578381e+02
2368 2.544992e+02
2405 2.497088e+02
2646 2.486095e+02
2884 2.468422e+02
3105 2.466864e+02
3184 2.446547e+02
3267 2.429784e+02
3318 2.372556e+02
3525 2.357843e+02
3703 2.349134e+02
3747 2.298127e+02
3958 2.287613e+02
4006 2.284251e+02
4167 2.273474e+02
4172 2.263913e+02
4273 2.254852e+02
4298 2.252730e+02
4354 2.249431e+02
4407 2.248216e+02
4410 2.240063e+02
4435 2.222117e+02
4470 2.173501e+02
4574 2.159695e+02
4857 2.157459e+02
4965 2.148967e+02
5036 2.139178e+02
5090 2.131941e+02
5305 2.131160e+02
5312 2.128241e+02
5600 2.127744e+02
5617 2.126409e+02
5648 2.118412e+02
5749 2.112476e+02
5797 2.108213e+02
5926 2.105887e+02
5965 2.105683e+02
5973 2.100445e+02
6028 2.082667e+02
6261 2.076069e+02
6419 2.070424e+02
6590 2.062815e+02
6899 2.060082e+02
7092 2.059918e+02
7200 2.058936e+02
7249 2.057285e+02
7294 2.056111e+02
7453 2.051818e+02
7634 2.051259e+02
7704 2.049471e+02
7736 2.048061e+02
7883 2.047994e+02
7924 2.047991e+02
7941 2.047730e+02
7978 2.044459e+02
8171 2.042530e+02
8328 2.042405e+02
8348 2.041029e+02
8398 2.039776e+02
8472 2.039639e+02
8478 2.038023e+02
8613 2.037843e+02
8655 2.037812e+02
8709 2.037155e+02
8749 2.036402e+02
8755 2.034939e+02
8900 2.033932e+02
9031 2.032665e+02
9203 2.032409e+02
9218 2.031854e+02
9267 2.030358e+02
9595 2.029889e+02
9667 2.029163e+02
9806 2.028648e+02
9818 2.027240e+02
10084 2.027198e+02
10101 2.026411e+02
10352 2.026324e+02
10362 2.025983e+02
10419 2.024969e+02
10595 2.024826e+02
10661 2.024532e+02
10692 2.024089e+02
10881 2.023483e+02
11066 2.023003e+02
11230 2.022997e+02
11311 2.022826e+02
11381 2.022456e+02
11461 2.022425e+02
11479 2.022321e+02
11489 2.021400e+02
11811 2.021397e+02
11832 2.021317e+02
11857 2.021017e+02
11985 2.020936e+02
12012 2.020698e+02
12061 2.020533e+02
12240 2.020314e+02
12314 2.020278e+02
12383 2.020259e+02
12405 2.020129e+02
12569 2.020082e+02
12697 2.020028e+02
12729 2.019934e+02
12804 2.019896e+02
12827 2.019742e+02
12926 2.019701e+02
12979 2.019668e+02
13035 2.019637e+02
13105 2.019615e+02
13123 2.019605e+02
13177 2.019451e+02
13259 2.019447e+02
13376 2.019421e+02
13494 2.019379e+02
13596 2.019264e+02
13599 2.019217e+02
13728 2.019207e+02
13897 2.019194e+02
13904 2.019181e+02
13933 2.019175e+02
13984 2.019173e+02
14001 2.019053e+02
14034 2.019026e+02
14251 2.019015e+02
14290 2.018994e+02
14327 2.018979e+02
14334 2.018945e+02
14379 2.018914e+02
14439 2.018887e+02
14507 2.018848e+02
14581 2.018763e+02
14638 2.018761e+02
14685 2.018747e+02
14813 2.018695e+02
15038 2.018657e+02
15193 2.018657e+02
15264 2.018622e+02
15327 2.018601e+02
15348 2.018599e+02
15521 2.018585e+02
15799 2.018570e+02
15816 2.018543e+02
15850 2.018534e+02
15917 2.018524e+02
16042 2.018499e+02
16071 2.018470e+02
16263 2.018452e+02
16456 2.018450e+02
16490 2.018444e+02
16516 2.018432e+02
16669 2.018401e+02
16876 2.018395e+02
16881 2.018393e+02
16941 2.018389e+02
16955 2.018387e+02
17025 2.018370e+02
17076 2.018365e+02
17129 2.018354e+02
17183 2.018351e+02
17208 2.018345e+02
17294 2.018326e+02
17398 2.018325e+02
17421 2.018317e+02
17432 2.018316e+02
17482 2.018312e+02
17551 2.018297e+02
17676 2.018291e+02
17685 2.018278e+02
17796 2.018270e+02
17827 2.018269e+02
17849 2.018266e+02
17976 2.018265e+02
18020 2.018257e+02
18060 2.018255e+02
18146 2.018255e+02
18193 2.018255e+02
18198 2.018250e+02
18354 2.018249e+02
18375 2.018246e+02
18392 2.018242e+02
18431 2.018241e+02
18446 2.018240e+02
18478 2.018240e+02
18537 2.018240e+02
18600 2.018238e+02
18624 2.018237e+02
18656 2.018234e+02
18697 2.018234e+02
18698 2.018231e+02
18759 2.018229e+02
18819 2.018226e+02
18858 2.018226e+02
18866 2.018223e+02
18971 2.018220e+02
19142 2.018220e+02
19179 2.018218e+02
19237 2.018217e+02
19443 2.018215e+02
19493 2.018213e+02
19540 2.018207e+02
19557 2.018206e+02
19610 2.018205e+02
19669 2.018204e+02
19672 2.018203e+02
19722 2.018201e+02
19836 2.018201e+02
19888 2.018201e+02
19937 2.018200e+02
19950 2.018200e+02
19979 2.018197e+02
20006 2.018196e+02
20151 2.018196e+02
20183 2.018195e+02
20241 2.018194e+02
20267 2.018194e+02
20270 2.018193e+02
20324 2.018192e+02
20328 2.018192e+02
20354 2.018192e+02
20374 2.018191e+02
20483 2.018190e+02
20594 2.018189e+02
20721 2.018188e+02
20760 2.018187e+02
20828 2.018186e+02
20858 2.018185e+02
21014 2.018185e+02
21039 2.018184e+02
21146 2.018183e+02
21208 2.018182e+02
21309 2.018182e+02
21322 2.018182e+02
21406 2.018182e+02
21419 2.018182e+02
21463 2.018181e+02
21489 2.018181e+02
21491 2.018181e+02
21653 2.018181e+02
21711 2.018180e+02
21723 2.018180e+02
21728 2.018179e+02
21880 2.018179e+02
21907 2.018179e+02
21987 2.018179e+02
22001 2.018178e+02
22155 2.018178e+02
22230 2.018178e+02
22366 2.018178e+02
22436 2.018177e+02
22599 2.018177e+02
22685 2.018177e+02
22782 2.018176e+02
23042 2.018176e+02
23072 2.018175e+02
23146 2.018175e+02
23180 2.018175e+02
23225 2.018175e+02
23228 2.018175e+02
23253 2.018175e+02
23277 2.018175e+02
23489 2.018175e+02
23625 2.018175e+02
23631 2.018175e+02
23651 2.018175e+02
23726 2.018174e+02
23802 2.018174e+02
23871 2.018174e+02
23880 2.018174e+02
24258 2.018174e+02
24284 2.018174e+02
24380 2.018174e+02
24398 2.018173e+02
24410 2.018173e+02
24513 2.018173e+02
24519 2.018173e+02
24523 2.018173e+02
24544 2.018173e+02
24586 2.018173e+02
24674 2.018173e+02
24708 2.018173e+02
24716 2.018173e+02
24865 2.018173e+02
24892 2.018173e+02
24948 2.018173e+02
25212 2.018173e+02
25468 2.018173e+02
25641 2.018172e+02
25667 2.018172e+02
25735 2.018172e+02
25773 2.018172e+02
25787 2.018172e+02
25807 2.018172e+02
25821 2.018172e+02
25916 2.018172e+02
25968 2.018172e+02
26037 2.018172e+02
26042 2.018172e+02
26213 2.018172e+02
26224 2.018172e+02
26241 2.018172e+02
26254 2.018172e+02
26275 2.018172e+02
26289 2.018172e+02
26354 2.018172e+02
26358 2.018172e+02
26379 2.018172e+02
26394 2.018172e+02
26478 2.018172e+02
26616 2.018172e+02
26640 2.018172e+02
26750 2.018172e+02
26766 2.018172e+02
26795 2.018172e+02
26864 2.018172e+02
26937 2.018172e+02
26966 2.018172e+02
27028 2.018172e+02
27038 2.018172e+02
27098 2.018172e+02
27160 2.018172e+02
27181 2.018172e+02
27210 2.018172e+02
27302 2.018172e+02
27328 2.018172e+02
27332 2.018172e+02
27706 2.018172e+02
27716 2.018172e+02
27720 2.018172e+02
27741 2.018172e+02
27809 2.018172e+02
27831 2.018172e+02
27900 2.018172e+02
27914 2.018172e+02
27946 2.018172e+02
27968 2.018172e+02
27979 2.018172e+02
27983 2.018172e+02
28170 2.018172e+02
28246 2.018172e+02
28374 2.018172e+02
28394 2.018172e+02
28420 2.018172e+02
28471 2.018172e+02
28473 2.018172e+02
28565 2.018172e+02
28596 2.018172e+02
28672 2.018172e+02
28688 2.018172e+02
28828 2.018172e+02
28835 2.018172e+02
28853 2.018172e+02
28872 2.018172e+02
28924 2.018172e+02
28965 2.018172e+02
28969 2.018172e+02
29050 2.018172e+02
29167 2.018172e+02
29183 2.018172e+02
29233 2.018172e+02
29279 2.018172e+02
29285 2.018172e+02
29311 2.018172e+02
29384 2.018172e+02
29430 2.018172e+02
29431 2.018172e+02
29544 2.018172e+02
29721 2.018172e+02
29730 2.018172e+02
29732 2.018172e+02
29742 2.018172e+02
29829 2.018172e+02
30051 2.018172e+02
30083 2.018172e+02
30093 2.018172e+02
30138 2.018172e+02
30190 2.018172e+02
30249 2.018172e+02
30319 2.018172e+02
30336 2.018172e+02
30370 2.018172e+02
30435 2.018172e+02
30458 2.018172e+02
30459 2.018172e+02
30460 2.018172e+02
30471 2.018172e+02
30532 2.018172e+02
30533 2.018172e+02
30626 2.018172e+02
30707 2.018172e+02
30753 2.018172e+02
30802 2.018172e+02
30846 2.018172e+02
30927 2.018172e+02
30940 2.018172e+02
30954 2.018172e+02
30992 2.018172e+02
31023 2.018172e+02
31087 2.018172e+02
31108 2.018172e+02
31122 2.018172e+02
31125 2.018172e+02
31133 2.018172e+02
31148 2.018172e+02
31162 2.018172e+02
31174 2.018172e+02
31234 2.018172e+02
31242 2.018172e+02
31307 2.018172e+02
31392 2.018172e+02
31421 2.018172e+02
31558 2.018172e+02
31731 2.018172e+02
31784 2.018172e+02
31827 2.018172e+02
31831 2.018172e+02
31885 2.018172e+02
32033 2.018172e+02
32059 2.018172e+02
32079 2.018172e+02
32126 2.018172e+02
32141 2.018172e+02
32164 2.018172e+02
32193 2.018172e+02
32213 2.018172e+02
32328 2.018172e+02
32362 2.018172e+02
32400 2.018172e+02
32407 2.018172e+02
32506 2.018172e+02
32685 2.018172e+02
32733 2.018172e+02
32738 2.018172e+02
32770 2.018172e+02
32838 2.018172e+02
32887 2.018172e+02
32998 2.018172e+02
33075 2.018172e+02
33141 2.018172e+02
33164 2.018172e+02
33350 2.018172e+02
33459 2.018172e+02
33495 2.018172e+02
33496 2.018172e+02
33550 2.018172e+02
33733 2.018172e+02
33782 2.018172e+02
33839 2.018172e+02
33851 2.018172e+02
144453 2.017919e+02
144536 2.016149e+02
145063 2.016082e+02
145330 2.015320e+02
145497 2.015198e+02
145587 2.014852e+02
145593 2.013904e+02
145758 2.013717e+02
145762 2.013270e+02
145800 2.013039e+02
145930 2.012310e+02
146380 2.011516e+02
146402 2.011462e+02
146732 2.010938e+02
146862 2.009746e+02
147146 2.009272e+02
148271 2.009213e+02
148455 2.009206e+02
148496 2.008580e+02
149103 2.008544e+02
149126 2.008364e+02
149398 2.008249e+02
149446 2.007265e+02
150465 2.006936e+02
150474 2.006870e+02
150792 2.006767e+02
150888 2.006649e+02
150932 2.006511e+02
150988 2.006107e+02
151280 2.005874e+02
151528 2.005671e+02
151599 2.005046e+02
151932 2.004952e+02
151947 2.004860e+02
152005 2.004583e+02
152513 2.004431e+02
152813 2.004341e+02
152884 2.004223e+02
153041 2.004037e+02
153114 2.003580e+02
153343 2.003378e+02
153713 2.003301e+02
153799 2.003240e+02
153926 2.002887e+02
153965 2.002510e+02
154705 2.002460e+02
154727 2.002264e+02
154752 2.001981e+02
155549 2.001850e+02
155786 2.001782e+02
156149 2.001773e+02
156151 2.001667e+02
156326 2.001647e+02
156368 2.001586e+02
156732 2.001528e+02
156944 2.001443e+02
157047 2.001441e+02
157084 2.001440e+02
157111 2.001430e+02
157196 2.001427e+02
157200 2.001408e+02
157368 2.001356e+02
157493 2.001326e+02
157554 2.001197e+02
157894 2.001007e+02
158460 2.001006e+02
158466 2.000905e+02
158546 2.000865e+02
158907 2.000842e+02
159164 2.000835e+02
159283 2.000831e+02
159718 2.000792e+02
159774 2.000776e+02
160002 2.000745e+02
160300 2.000647e+02
160571 2.000609e+02
160962 2.000582e+02
161108 2.000562e+02
161186 2.000513e+02
161597 2.000498e+02
161734 2.000431e+02
161974 2.000398e+02
162296 2.000396e+02
162425 2.000388e+02
162514 2.000380e+02
162707 2.000370e+02
162724 2.000362e+02
162965 2.000335e+02
163125 2.000329e+02
163348 2.000283e+02
163660 2.000277e+02
163686 2.000275e+02
163922 2.000270e+02
164073 2.000259e+02
164157 2.000258e+02
164198 2.000232e+02
164691 2.000228e+02
164963 2.000226e+02
165096 2.000204e+02
165117 2.000203e+02
165300 2.000195e+02
165484 2.000188e+02
165519 2.000174e+02
165726 2.000169e+02
165836 2.000164e+02
166023 2.000164e+02
166099 2.000151e+02
166185 2.000145e+02
166374 2.000143e+02
167085 2.000142e+02
167154 2.000129e+02
167329 2.000117e+02
167540 2.000106e+02
168714 2.000102e+02
168784 2.000101e+02
168867 2.000100e+02
168916 2.000096e+02
169111 2.000090e+02
169194 2.000088e+02
169357 2.000084e+02
169416 2.000081e+02
169434 2.000081e+02
169860 2.000081e+02
169967 2.000072e+02
170164 2.000067e+02
170330 2.000057e+02
171097 2.000054e+02
171142 2.000053e+02
171526 2.000051e+02
171589 2.000050e+02
171818 2.000048e+02
171944 2.000044e+02
172074 2.000043e+02
172188 2.000042e+02
172890 2.000040e+02
172961 2.000038e+02
173045 2.000034e+02
173615 2.000033e+02
173679 2.000032e+02
173680 2.000030e+02
174099 2.000028e+02
174156 2.000028e+02
174262 2.000028e+02
174484 2.000025e+02
174820 2.000025e+02
174979 2.000024e+02
175050 2.000024e+02
175069 2.000021e+02
175516 2.000021e+02
175548 2.000021e+02
175734 2.000019e+02
175839 2.000018e+02
175954 2.000017e+02
176072 2.000017e+02
176089 2.000015e+02
176451 2.000015e+02
176654 2.000013e+02
176781 2.000013e+02
177272 2.000013e+02
177351 2.000013e+02
177409 2.000013e+02
177439 2.000013e+02
177464 2.000011e+02
177644 2.000010e+02
178179 2.000010e+02
178257 2.000009e+02
178310 2.000009e+02
178358 2.000009e+02
178482 2.000009e+02
178842 2.000009e+02
178853 2.000008e+02
179158 2.000008e+02
179448 2.000007e+02
179484 2.000007e+02
179630 2.000006e+02
179728 2.000006e+02
180001 2.000006e+02
180060 2.000005e+02
180578 2.000005e+02
180658 2.000005e+02
180727 2.000004e+02
180900 2.000004e+02
181082 2.000004e+02
181271 2.000003e+02
182233 2.000003e+02
182300 2.000003e+02
182579 2.000002e+02
182847 2.000002e+02
183055 2.000002e+02
183077 2.000002e+02
183151 2.000002e+02
183238 2.000002e+02
183289 2.000002e+02
183953 2.000001e+02
184546 2.000001e+02
184598 2.000001e+02
184796 2.000001e+02
184862 2.000001e+02
184919 2.000001e+02
185126 2.000001e+02
185167 2.000001e+02
185339 2.000001e+02
185953 2.000001e+02
186052 2.000001e+02
186093 2.000001e+02
186239 2.000001e+02
186249 2.000001e+02
186322 2.000001e+02
186364 2.000001e+02
186494 2.000001e+02
186749 2.000001e+02
186874 2.000000e+02
187013 2.000000e+02
187052 2.000000e+02
187062 2.000000e+02
187078 2.000000e+02
187788 2.000000e+02
188071 2.000000e+02
188180 2.000000e+02
188337 2.000000e+02
188447 2.000000e+02
188513 2.000000e+02
188573 2.000000e+02
188668 2.000000e+02
188922 2.000000e+02
189070 2.000000e+02
189078 2.000000e+02
189142 2.000000e+02
189209 2.000000e+02
189210 2.000000e+02
189314 2.000000e+02
189337 2.000000e+02
189437 2.000000e+02
189500 2.000000e+02
189624 2.000000e+02
189810 2.000000e+02
189881 2.000000e+02
189909 2.000000e+02
190501 2.000000e+02
190614 2.000000e+02
191279 2.000000e+02
191364 2.000000e+02
191392 2.000000e+02
192153 2.000000e+02
192199 2.000000e+02
192262 2.000000e+02
192455 2.000000e+02
192458 2.000000e+02
192612 2.000000e+02
193130 2.000000e+02
193370 2.000000e+02
194409 2.000000e+02
194702 2.000000e+02
194738 2.000000e+02
194885 2.000000e+02
195035 2.000000e+02
195212 2.000000e+02
195246 2.000000e+02
195359 2.000000e+02
195415 2.000000e+02
195599 2.000000e+02
195718 2.000000e+02
195867 2.000000e+02
195885 2.000000e+02
195894 2.000000e+02
196152 2.000000e+02
196196 2.000000e+02
196305 2.000000e+02
196457 2.000000e+02
196598 2.000000e+02
196894 2.000000e+02
196926 2.000000e+02
197160 2.000000e+02
197196 2.000000e+02
197531 2.000000e+02
197629 2.000000e+02
197659 2.000000e+02
197787 2.000000e+02
197859 2.000000e+02
197894 2.000000e+02
198118 2.000000e+02
198270 2.000000e+02
198351 2.000000e+02
198614 2.000000e+02
198694 2.000000e+02
199294 2.000000e+02
199345 2.000000e+02
199411 2.000000e+02
199627 2.000000e+02
199687 2.000000e+02
199847 2.000000e+02
199947 2.000000e+02
200191 2.000000e+02
200248 2.000000e+02
200619 2.000000e+02
200772 2.000000e+02
201174 2.000000e+02
201491 2.000000e+02
201583 2.000000e+02
201646 2.000000e+02
201945 2.000000e+02
