1 2.121989e+04
4 1.925879e+04
11 1.842073e+04
17 1.785665e+04
40 1.777031e+04
47 1.699921e+04
155 1.681172e+04
256 1.655274e+04
284 1.574693e+04
405 1.559246e+04
3073 1.515749e+04
3205 1.498537e+04
3349 1.480849e+04
4083 1.464656e+04
4328 1.450408e+04
4365 1.421633e+04
4720 1.414521e+04
4866 1.406718e+04
6366 1.372345e+04
6696 1.314600e+04
8095 1.259108e+04
9149 1.245373e+04
9401 1.237847e+04
9615 1.174970e+04
9765 1.162027e+04
10019 1.129172e+04
10037 1.086390e+04
10338 1.033559e+04
10430 9.615030e+03
10808 9.467041e+03
10888 9.380077e+03
10903 9.338936e+03
11049 8.819227e+03
11109 8.707171e+03
11142 8.636673e+03
11228 8.579871e+03
11229 7.684244e+03
11280 7.357420e+03
11320 7.210090e+03
11361 7.181065e+03
11450 7.070024e+03
11493 6.850313e+03
11501 6.827276e+03
11513 6.416832e+03
11536 5.688433e+03
11725 5.491308e+03
11741 5.470999e+03
11793 5.400360e+03
11935 5.358506e+03
12005 4.754431e+03
12083 4.655364e+03
12179 4.488765e+03
12274 4.475165e+03
12278 4.465631e+03
12287 4.255700e+03
12313 4.166670e+03
12416 3.981352e+03
12429 3.978527e+03
12516 3.897416e+03
12564 3.894591e+03
12568 3.843848e+03
12649 3.509146e+03
13013 3.492422e+03
13031 3.486368e+03
13083 3.416138e+03
13221 3.414773e+03
13237 3.348240e+03
13354 3.341220e+03
13358 3.318638e+03
13395 3.295148e+03
13501 3.260573e+03
13559 3.257528e+03
13644 3.229912e+03
13665 3.215872e+03
13723 3.199085e+03
13870 3.194240e+03
13940 3.168954e+03
14086 3.168876e+03
14108 3.147915e+03
14218 3.140681e+03
14328 3.139539e+03
14418 3.131015e+03
14446 3.124961e+03
14610 3.124836e+03
14658 3.123474e+03
14680 3.121880e+03
14684 3.120697e+03
14746 3.116195e+03
14748 3.113764e+03
14839 3.107838e+03
14886 3.105512e+03
14895 3.103098e+03
14964 3.097105e+03
15058 3.093549e+03
15122 3.092672e+03
15312 3.091954e+03
15348 3.091757e+03
15497 3.090422e+03
15527 3.090103e+03
15563 3.087230e+03
15705 3.086173e+03
15752 3.085544e+03
15780 3.084688e+03
15820 3.083705e+03
16080 3.083282e+03
16108 3.082869e+03
16117 3.082798e+03
16133 3.082603e+03
16166 3.081956e+03
16208 3.081686e+03
16260 3.081515e+03
16262 3.081361e+03
16272 3.080847e+03
16278 3.080704e+03
16312 3.079296e+03
16493 3.078987e+03
16526 3.078756e+03
16532 3.078125e+03
16639 3.077834e+03
16841 3.077696e+03
16860 3.077614e+03
16933 3.077351e+03
16956 3.077281e+03
17036 3.076987e+03
17076 3.076952e+03
17111 3.076926e+03
17159 3.076822e+03
17165 3.076750e+03
17188 3.076675e+03
17398 3.076595e+03
17467 3.076524e+03
17574 3.076451e+03
17589 3.076382e+03
17657 3.076213e+03
17689 3.076184e+03
17780 3.076177e+03
17807 3.076174e+03
17816 3.076159e+03
17895 3.076111e+03
17902 3.076110e+03
17926 3.076049e+03
17940 3.075995e+03
18080 3.075964e+03
18081 3.075963e+03
18106 3.075941e+03
18344 3.075924e+03
18441 3.075921e+03
18455 3.075904e+03
18470 3.075882e+03
18516 3.075874e+03
18520 3.075874e+03
18614 3.075864e+03
18642 3.075863e+03
18663 3.075862e+03
18671 3.075858e+03
18678 3.075846e+03
18716 3.075843e+03
18726 3.075837e+03
18805 3.075830e+03
18862 3.075819e+03
18950 3.075817e+03
18976 3.075813e+03
19009 3.075811e+03
19029 3.075807e+03
19036 3.075805e+03
19044 3.075801e+03
19055 3.075790e+03
19173 3.075789e+03
19199 3.075785e+03
19201 3.075784e+03
19235 3.075776e+03
19333 3.075772e+03
19516 3.075769e+03
19528 3.075768e+03
19553 3.075767e+03
19619 3.075762e+03
19661 3.075760e+03
19865 3.075759e+03
19875 3.075759e+03
19899 3.075757e+03
19938 3.075756e+03
19951 3.075755e+03
19999 3.075755e+03
20013 3.075754e+03
20038 3.075753e+03
20137 3.075752e+03
20225 3.075752e+03
20264 3.075751e+03
20309 3.075751e+03
20333 3.075749e+03
20640 3.075748e+03
20706 3.075748e+03
20725 3.075748e+03
20744 3.075747e+03
20857 3.075747e+03
20886 3.075747e+03
20970 3.075746e+03
21144 3.075746e+03
21173 3.075746e+03
21201 3.075746e+03
21211 3.075746e+03
21231 3.075746e+03
21246 3.075746e+03
21274 3.075746e+03
21290 3.075746e+03
21297 3.075745e+03
21391 3.075745e+03
21477 3.075745e+03
21491 3.075745e+03
21500 3.075745e+03
21538 3.075745e+03
21619 3.075745e+03
21652 3.075745e+03
21709 3.075745e+03
21730 3.075745e+03
21748 3.075745e+03
21888 3.075745e+03
21936 3.075745e+03
21950 3.075745e+03
21987 3.075745e+03
22051 3.075745e+03
22090 3.075745e+03
22112 3.075745e+03
22131 3.075745e+03
22141 3.075745e+03
22235 3.075745e+03
22242 3.075745e+03
22272 3.075745e+03
22317 3.075745e+03
22365 3.075745e+03
22426 3.075745e+03
22454 3.075745e+03
22505 3.075745e+03
22522 3.075745e+03
22539 3.075745e+03
22543 3.075745e+03
22602 3.075745e+03
22775 3.075745e+03
22782 3.075745e+03
22798 3.075745e+03
22814 3.075745e+03
22849 3.075745e+03
22855 3.075745e+03
22857 3.075745e+03
22868 3.075745e+03
22913 3.075745e+03
22914 3.075745e+03
22952 3.075745e+03
22987 3.075745e+03
23032 3.075745e+03
23208 3.075745e+03
23264 3.075745e+03
23302 3.075745e+03
23310 3.075745e+03
23352 3.075745e+03
23356 3.075745e+03
23382 3.075745e+03
23516 3.075745e+03
23575 3.075745e+03
23589 3.075745e+03
23592 3.075745e+03
23712 3.075745e+03
23774 3.075745e+03
23798 3.075745e+03
23822 3.075745e+03
23931 3.075745e+03
23957 3.075745e+03
23982 3.075745e+03
24055 3.075745e+03
24080 3.075745e+03
24125 3.075745e+03
24139 3.075745e+03
24170 3.075745e+03
24245 3.075745e+03
24264 3.075745e+03
24400 3.075745e+03
24419 3.075745e+03
24492 3.075745e+03
24554 3.075745e+03
24568 3.075745e+03
24588 3.075745e+03
24631 3.075745e+03
24678 3.075745e+03
24713 3.075745e+03
24825 3.075745e+03
24842 3.075745e+03
24861 3.075745e+03
24887 3.075745e+03
24908 3.075745e+03
24997 3.075745e+03
25001 3.075745e+03
25022 3.075745e+03
25091 3.075745e+03
25110 3.075745e+03
25115 3.075745e+03
25147 3.075745e+03
25180 3.075745e+03
25228 3.075745e+03
25278 3.075745e+03
25303 3.075745e+03
25322 3.075745e+03
25400 3.075745e+03
25444 3.075745e+03
25542 3.075745e+03
25551 3.075745e+03
25591 3.075745e+03
25668 3.075745e+03
25698 3.075745e+03
25739 3.075745e+03
25763 3.075745e+03
25882 3.075745e+03
25924 3.075745e+03
25926 3.075745e+03
25979 3.075745e+03
26040 3.075745e+03
26058 3.075745e+03
26175 3.075745e+03
26218 3.075745e+03
26279 3.075745e+03
26287 3.075745e+03
26353 3.075745e+03
26462 3.075745e+03
26476 3.075745e+03
26575 3.075745e+03
26603 3.075745e+03
26680 3.075745e+03
26682 3.075745e+03
26727 3.075745e+03
26768 3.075745e+03
26836 3.075745e+03
26842 3.075745e+03
26899 3.075745e+03
26975 3.075745e+03
27010 3.075745e+03
27017 3.075745e+03
27030 3.075745e+03
27033 3.075745e+03
27143 3.075745e+03
27154 3.075745e+03
27469 3.075745e+03
27511 3.075745e+03
27573 3.075745e+03
27693 3.075745e+03
27726 3.075745e+03
27793 3.075745e+03
27819 3.075745e+03
27859 3.075745e+03
27882 3.075745e+03
27899 3.075745e+03
27964 3.075745e+03
27993 3.075745e+03
28071 3.075745e+03
28107 3.075745e+03
28123 3.075745e+03
28140 3.075745e+03
28170 3.075745e+03
28292 3.075745e+03
28311 3.075745e+03
28339 3.075745e+03
28350 3.075745e+03
28444 3.075745e+03
28487 3.075745e+03
28630 3.075745e+03
28698 3.075745e+03
28776 3.075745e+03
28780 3.075745e+03
28841 3.075745e+03
28875 3.075745e+03
28898 3.075745e+03
28947 3.075745e+03
28950 3.075745e+03
28986 3.075745e+03
29145 3.075745e+03
29226 3.075745e+03
29252 3.075745e+03
29263 3.075745e+03
29329 3.075745e+03
29342 3.075745e+03
29360 3.075745e+03
29375 3.075745e+03
29459 3.075745e+03
29554 3.075745e+03
29566 3.075745e+03
29667 3.075745e+03
29751 3.075745e+03
29785 3.075745e+03
29827 3.075745e+03
29870 3.075745e+03
29889 3.075745e+03
29998 3.075745e+03
30026 3.075745e+03
30030 3.075745e+03
30042 3.075745e+03
30051 3.075745e+03
30110 3.075745e+03
30112 3.075745e+03
30163 3.075745e+03
30181 3.075745e+03
30187 3.075745e+03
30208 3.075745e+03
30224 3.075745e+03
30267 3.075745e+03
30315 3.075745e+03
30441 3.075745e+03
30551 3.075745e+03
30601 3.075745e+03
30664 3.075745e+03
30753 3.075745e+03
30761 3.075745e+03
30826 3.075745e+03
72646 3.017620e+03
72647 2.338376e+03
72959 2.045093e+03
73366 2.014649e+03
73522 1.987311e+03
73595 1.838726e+03
73854 1.819772e+03
73911 1.723637e+03
74102 1.702572e+03
74144 1.690536e+03
74150 1.537932e+03
74222 1.529418e+03
74318 1.406225e+03
74439 1.255264e+03
74447 1.184293e+03
74673 1.127511e+03
74989 1.078131e+03
239177 1.066734e+03
239598 1.052641e+03
239738 1.051441e+03
240252 1.048136e+03
240450 1.046754e+03
240524 1.044256e+03
240532 1.035207e+03
240742 1.035118e+03
240782 1.033994e+03
240891 1.031240e+03
240926 1.028928e+03
241063 1.028688e+03
241113 1.023607e+03
241180 1.022367e+03
241312 1.020150e+03
241628 1.018483e+03
242068 1.017386e+03
242120 1.017278e+03
242155 1.015472e+03
242244 1.014577e+03
242317 1.012900e+03
242413 1.012653e+03
242414 1.011860e+03
242473 1.008449e+03
242658 1.007929e+03
243216 1.007686e+03
243226 1.007653e+03
243228 1.006522e+03
243270 1.006178e+03
243275 1.005825e+03
243386 1.005038e+03
243554 1.004710e+03
243574 1.003960e+03
243632 1.003399e+03
243768 1.003299e+03
243891 1.003208e+03
244020 1.003021e+03
244211 1.002690e+03
244273 1.002098e+03
244364 1.001808e+03
244378 1.001589e+03
244620 1.001286e+03
244809 1.000748e+03
244912 1.000438e+03
244919 1.000408e+03
245027 1.000156e+03
245200 9.996924e+02
245718 9.994658e+02
245721 9.994108e+02
245748 9.993926e+02
245781 9.993143e+02
245904 9.992659e+02
245998 9.988875e+02
246282 9.988511e+02
246334 9.988365e+02
246399 9.986701e+02
246407 9.986676e+02
246582 9.986425e+02
246721 9.984862e+02
246901 9.984540e+02
246941 9.981548e+02
247196 9.981022e+02
247304 9.980797e+02
247328 9.980202e+02
247409 9.978601e+02
247487 9.978446e+02
247613 9.977289e+02
248010 9.977232e+02
248109 9.977178e+02
248200 9.977009e+02
248233 9.976556e+02
248362 9.976103e+02
248562 9.976009e+02
248654 9.975978e+02
248754 9.975317e+02
248814 9.975305e+02
248956 9.975190e+02
249148 9.975161e+02
249228 9.974972e+02
249788 9.974916e+02
249838 9.974832e+02
249862 9.974718e+02
249902 9.974601e+02
250079 9.974555e+02
250081 9.974524e+02
250168 9.974467e+02
250257 9.974399e+02
250325 9.974396e+02
250330 9.974365e+02
250342 9.974304e+02
250446 9.974298e+02
250491 9.974263e+02
250551 9.974188e+02
250572 9.974136e+02
250766 9.973961e+02
251013 9.973941e+02
251033 9.973939e+02
251161 9.973929e+02
251200 9.973926e+02
251236 9.973904e+02
251324 9.973829e+02
251514 9.973809e+02
251560 9.973784e+02
251615 9.973763e+02
251620 9.973737e+02
251847 9.973714e+02
252003 9.973706e+02
252190 9.973698e+02
252199 9.973698e+02
252236 9.973662e+02
252282 9.973659e+02
252296 9.973621e+02
252633 9.973620e+02
252696 9.973616e+02
252708 9.973602e+02
252842 9.973599e+02
252929 9.973594e+02
252965 9.973581e+02
252993 9.973563e+02
253136 9.973560e+02
253174 9.973549e+02
253284 9.973535e+02
253293 9.973524e+02
253433 9.973521e+02
253438 9.973513e+02
253449 9.973506e+02
253579 9.973501e+02
253696 9.973497e+02
253822 9.973495e+02
253862 9.973490e+02
253882 9.973487e+02
253973 9.973486e+02
253991 9.973478e+02
254087 9.973473e+02
254310 9.973466e+02
254340 9.973463e+02
254666 9.973462e+02
254728 9.973458e+02
254756 9.973458e+02
254762 9.973453e+02
254991 9.973449e+02
255118 9.973445e+02
255281 9.973444e+02
255322 9.973442e+02
255416 9.973441e+02
255447 9.973439e+02
255464 9.973433e+02
255547 9.973429e+02
255640 9.973428e+02
255735 9.973428e+02
255740 9.973428e+02
255802 9.973428e+02
255803 9.973426e+02
255813 9.973425e+02
255821 9.973424e+02
255856 9.973423e+02
256213 9.973420e+02
256418 9.973416e+02
257290 9.973416e+02
257352 9.973414e+02
257445 9.973412e+02
257654 9.973411e+02
257833 9.973411e+02
257960 9.973409e+02
258252 9.973409e+02
258339 9.973408e+02
258341 9.973408e+02
258537 9.973408e+02
258687 9.973408e+02
258761 9.973407e+02
258805 9.973407e+02
258888 9.973407e+02
258917 9.973406e+02
259003 9.973406e+02
259154 9.973405e+02
259202 9.973405e+02
259306 9.973405e+02
259325 9.973405e+02
259438 9.973404e+02
259537 9.973404e+02
259798 9.973404e+02
259870 9.973404e+02
259873 9.973404e+02
259961 9.973404e+02
259962 9.973404e+02
260048 9.973404e+02
260083 9.973404e+02
260128 9.973404e+02
260142 9.973403e+02
260228 9.973403e+02
260682 9.973403e+02
260797 9.973403e+02
260811 9.973403e+02
260884 9.973403e+02
261011 9.973403e+02
261134 9.973403e+02
261188 9.973403e+02
261192 9.973403e+02
261455 9.973403e+02
261514 9.973403e+02
261539 9.973403e+02
261542 9.973403e+02
261604 9.973403e+02
261614 9.973403e+02
261711 9.973403e+02
261741 9.973403e+02
261878 9.973403e+02
261897 9.973403e+02
261947 9.973403e+02
262134 9.973403e+02
262214 9.973403e+02
262288 9.973403e+02
262328 9.973403e+02
262366 9.973403e+02
262521 9.973403e+02
262789 9.973403e+02
262842 9.973403e+02
262888 9.973403e+02
262941 9.973402e+02
263409 9.973402e+02
264021 9.973402e+02
264025 9.973402e+02
264037 9.973402e+02
264043 9.973402e+02
264056 9.973402e+02
264103 9.973402e+02
264176 9.973402e+02
264334 9.973402e+02
264361 9.973402e+02
264377 9.973402e+02
264418 9.973402e+02
264435 9.973402e+02
264472 9.973402e+02
264478 9.973402e+02
264920 9.973402e+02
265008 9.973402e+02
265152 9.973402e+02
265154 9.973402e+02
265162 9.973402e+02
265268 9.973402e+02
265371 9.973402e+02
265378 9.973402e+02
265490 9.973402e+02
265545 9.973402e+02
265583 9.973402e+02
265812 9.973402e+02
265956 9.973402e+02
265993 9.973402e+02
266318 9.973402e+02
266345 9.973402e+02
266501 9.973402e+02
266555 9.973402e+02
266822 9.973402e+02
266897 9.973402e+02
266921 9.973402e+02
267013 9.973402e+02
267140 9.973402e+02
267252 9.973402e+02
267422 9.973402e+02
267427 9.973402e+02
267471 9.973402e+02
267530 9.973402e+02
267540 9.973402e+02
267967 9.973402e+02
268001 9.973402e+02
268121 9.973402e+02
268396 9.973402e+02
268414 9.973402e+02
268420 9.973402e+02
268467 9.973402e+02
268470 9.973402e+02
268491 9.973402e+02
268515 9.973402e+02
268622 9.973402e+02
268906 9.973402e+02
269051 9.973402e+02
269126 9.973402e+02
269526 9.973402e+02
269717 9.973402e+02
269726 9.973402e+02
269835 9.973402e+02
269894 9.973402e+02
270021 9.973402e+02
270189 9.973402e+02
270215 9.973402e+02
270322 9.973402e+02
270409 9.973402e+02
270652 9.973402e+02
270734 9.973402e+02
270835 9.973402e+02
270844 9.973402e+02
271004 9.973402e+02
271045 9.973402e+02
271104 9.973402e+02
271181 9.973402e+02
271306 9.973402e+02
271659 9.973402e+02
271842 9.973402e+02
271922 9.973402e+02
271941 9.973402e+02
272093 9.973402e+02
272192 9.973402e+02
272380 9.973402e+02
272409 9.973402e+02
272585 9.973402e+02
272701 9.973402e+02
272738 9.973402e+02
272787 9.973402e+02
272852 9.973402e+02
272855 9.973402e+02
272922 9.973402e+02
272971 9.973402e+02
273099 9.973402e+02
273104 9.973402e+02
273351 9.973402e+02
273357 9.973402e+02
273611 9.973402e+02
273897 9.973402e+02
274022 9.973402e+02
274201 9.973402e+02
274554 9.973402e+02
274900 9.973402e+02
275013 9.973402e+02
275224 9.973402e+02
275507 9.973402e+02
275542 9.973402e+02
275768 9.973402e+02
275918 9.973402e+02
275923 9.973402e+02
275952 9.973402e+02
275986 9.973402e+02
276296 9.973402e+02
276299 9.973402e+02
276311 9.973402e+02
276344 9.973402e+02
276429 9.973402e+02
276493 9.973402e+02
276527 9.973402e+02
276630 9.973402e+02
276722 9.973402e+02
277092 9.973402e+02
277121 9.973402e+02
277175 9.973402e+02
277276 9.973402e+02
277391 9.973402e+02
277462 9.973402e+02
277488 9.973402e+02
277544 9.973402e+02
277636 9.973402e+02
277910 9.973402e+02
278005 9.973402e+02
278045 9.973402e+02
278208 9.973402e+02
278280 9.973402e+02
278440 9.973402e+02
278559 9.973402e+02
278570 9.973402e+02
278929 9.973402e+02
279258 9.973402e+02
279275 9.973402e+02
350265 9.925585e+02
350384 9.580575e+02
350488 9.081708e+02
350656 8.299912e+02
350799 7.816272e+02
351413 7.446588e+02
351431 7.394145e+02
351847 6.495036e+02
351951 5.723238e+02
352334 5.635914e+02
352395 5.620140e+02
352484 5.182910e+02
353217 4.747241e+02
353620 3.647763e+02
354655 3.592326e+02
354686 3.512734e+02
354715 3.037599e+02
355248 2.720187e+02
355435 2.645504e+02
355884 2.523763e+02
356029 2.394739e+02
356177 2.341765e+02
356288 2.159625e+02
356499 2.121354e+02
356507 2.085926e+02
356576 1.961917e+02
356961 1.826838e+02
356964 1.799351e+02
357409 1.717729e+02
357522 1.697416e+02
358195 1.680232e+02
358279 1.629674e+02
358450 1.559777e+02
358467 1.445484e+02
359200 1.406290e+02
359329 1.315207e+02
360032 1.308185e+02
360302 1.267401e+02
360492 1.265443e+02
360617 1.259193e+02
360725 1.255834e+02
360735 1.240036e+02
360818 1.235170e+02
360929 1.224952e+02
361043 1.210637e+02
361085 1.184521e+02
361169 1.175984e+02
361509 1.166536e+02
362164 1.157303e+02
362169 1.155319e+02
362253 1.143497e+02
362347 1.129853e+02
362491 1.109641e+02
362581 1.083419e+02
363335 1.082088e+02
363436 1.074798e+02
363780 1.068843e+02
364399 1.061009e+02
364525 1.046644e+02
365409 1.044626e+02
365511 1.043959e+02
365638 1.041413e+02
366142 1.034831e+02
366217 1.027966e+02
367898 1.025393e+02
368272 1.025068e+02
368317 1.024689e+02
368397 1.017926e+02
368750 1.010280e+02
369239 1.009715e+02
369307 1.005618e+02
369500 9.987455e+01
370132 9.981598e+01
370195 9.956314e+01
370395 9.946103e+01
370442 9.884927e+01
371645 9.867758e+01
372104 9.842377e+01
372304 9.836172e+01
372315 9.825447e+01
372510 9.823161e+01
372568 9.816597e+01
372859 9.814126e+01
372912 9.804729e+01
373077 9.804581e+01
373291 9.804160e+01
373420 9.794370e+01
373457 9.791878e+01
373729 9.781630e+01
373796 9.781397e+01
373898 9.779885e+01
373921 9.778101e+01
373934 9.768762e+01
374367 9.763029e+01
375151 9.763018e+01
375199 9.757944e+01
375371 9.755467e+01
375388 9.755287e+01
375870 9.755189e+01
375972 9.754755e+01
376008 9.753372e+01
376020 9.743710e+01
376583 9.743687e+01
376670 9.742257e+01
376925 9.741087e+01
377079 9.740222e+01
377107 9.740217e+01
377440 9.734809e+01
378044 9.734763e+01
378139 9.733757e+01
378317 9.733368e+01
378402 9.733094e+01
378527 9.731881e+01
378553 9.731079e+01
379328 9.728277e+01
380092 9.727999e+01
380290 9.727780e+01
380626 9.727613e+01
380661 9.727499e+01
380664 9.727112e+01
380690 9.726404e+01
381307 9.726238e+01
381413 9.725879e+01
381879 9.725758e+01
381892 9.725702e+01
381913 9.725650e+01
381956 9.725445e+01
382051 9.725245e+01
382256 9.724890e+01
382337 9.724629e+01
382699 9.724618e+01
382720 9.724552e+01
382737 9.724489e+01
382888 9.724458e+01
382922 9.724382e+01
382936 9.724193e+01
383030 9.724131e+01
383310 9.724102e+01
383320 9.724082e+01
383538 9.723724e+01
383995 9.723667e+01
384152 9.723482e+01
384904 9.723338e+01
385110 9.723309e+01
385259 9.723303e+01
385464 9.723296e+01
385500 9.723259e+01
385534 9.723255e+01
385574 9.723203e+01
385721 9.723123e+01
385972 9.723087e+01
386505 9.723082e+01
386718 9.723069e+01
386730 9.723063e+01
386964 9.723056e+01
387087 9.723010e+01
387390 9.722917e+01
389317 9.722894e+01
389892 9.722861e+01
390180 9.722857e+01
390432 9.722848e+01
390559 9.722847e+01
390833 9.722838e+01
391014 9.722836e+01
391231 9.722829e+01
391307 9.722820e+01
391647 9.722817e+01
391868 9.722817e+01
391910 9.722814e+01
392378 9.722814e+01
392495 9.722811e+01
392517 9.722809e+01
392569 9.722804e+01
392690 9.722804e+01
392709 9.722795e+01
393309 9.722795e+01
393494 9.722789e+01
393779 9.722788e+01
394108 9.722784e+01
394151 9.722781e+01
394546 9.722779e+01
394721 9.722779e+01
394988 9.722779e+01
395119 9.722776e+01
395573 9.722776e+01
395739 9.722774e+01
395802 9.722774e+01
396023 9.722774e+01
396694 9.722773e+01
396920 9.722772e+01
396945 9.722772e+01
397037 9.722772e+01
397199 9.722771e+01
397224 9.722771e+01
397250 9.722771e+01
397520 9.722769e+01
397837 9.722769e+01
398299 9.722769e+01
398446 9.722769e+01
398459 9.722769e+01
398584 9.722768e+01
399501 9.722768e+01
399531 9.722767e+01
399636 9.722767e+01
399828 9.722767e+01
399970 9.722767e+01
400004 9.722767e+01
400032 9.722767e+01
400140 9.722767e+01
400271 9.722767e+01
400295 9.722767e+01
400526 9.722766e+01
400568 9.722766e+01
401529 9.722766e+01
401665 9.722766e+01
402659 9.722766e+01
403090 9.722766e+01
403092 9.722766e+01
403105 9.722766e+01
403269 9.722766e+01
403391 9.722766e+01
403760 9.722766e+01
403928 9.722766e+01
404184 9.722766e+01
404237 9.722766e+01
404346 9.722766e+01
404613 9.722766e+01
404710 9.722766e+01
405074 9.722766e+01
405078 9.722766e+01
405216 9.722766e+01
405318 9.722766e+01
405553 9.722766e+01
405714 9.722766e+01
405969 9.722766e+01
406075 9.722765e+01
406151 9.722765e+01
406638 9.722765e+01
406643 9.722765e+01
406764 9.722765e+01
406772 9.722765e+01
406801 9.722765e+01
406918 9.722765e+01
407295 9.722765e+01
407353 9.722765e+01
408410 9.722765e+01
408523 9.722765e+01
408531 9.722765e+01
408594 9.722765e+01
409017 9.722765e+01
409230 9.722765e+01
410048 9.722765e+01
410251 9.722765e+01
410309 9.722765e+01
410462 9.722765e+01
410623 9.722765e+01
411277 9.722765e+01
411286 9.722765e+01
412225 9.722765e+01
413160 9.722765e+01
413252 9.722765e+01
413341 9.722765e+01
413396 9.722765e+01
414070 9.722765e+01
414318 9.722765e+01
414486 9.722765e+01
414989 9.722765e+01
415118 9.722765e+01
415595 9.722765e+01
415698 9.722765e+01
416132 9.722765e+01
416327 9.722765e+01
416604 9.722765e+01
416756 9.722765e+01
416805 9.722765e+01
416864 9.722765e+01
416952 9.722765e+01
417040 9.722765e+01
417110 9.722765e+01
417291 9.722765e+01
417665 9.722765e+01
417769 9.722765e+01
418677 9.722765e+01
418769 9.722765e+01
419172 9.722765e+01
419344 9.722765e+01
419580 9.722765e+01
419978 9.722765e+01
420546 9.722765e+01
420587 9.722765e+01
421141 9.722765e+01
421212 9.722765e+01
421308 9.722765e+01
421317 9.722765e+01
421631 9.722765e+01
422022 9.722765e+01
422031 9.722765e+01
422158 9.722765e+01
422297 9.722765e+01
422406 9.722765e+01
422449 9.722765e+01
422688 9.722765e+01
423746 9.722765e+01
423813 9.722765e+01
424091 9.722765e+01
425661 9.722765e+01
425716 9.722765e+01
425724 9.722765e+01
425736 9.722765e+01
425921 9.722765e+01
426293 9.722765e+01
426887 9.722765e+01
426943 9.722765e+01
427182 9.722765e+01
427186 9.722765e+01
427215 9.722765e+01
427515 9.722765e+01
427531 9.722765e+01
427580 9.722765e+01
427696 9.722765e+01
427699 9.722765e+01
427714 9.722765e+01
427866 9.722765e+01
428106 9.722765e+01
428745 9.722765e+01
428907 9.722765e+01
429066 9.722765e+01
429505 9.722765e+01
431072 9.722765e+01
431378 9.722765e+01
431596 9.722765e+01
431785 9.722765e+01
431978 9.722765e+01
432170 9.722765e+01
432305 9.722765e+01
432971 9.722765e+01
433439 9.722765e+01
433600 9.722765e+01
434245 9.722765e+01
434775 9.722765e+01
435320 9.722765e+01
436202 9.722765e+01
436249 9.722765e+01
436427 9.722765e+01
436687 9.722765e+01
436733 9.722765e+01
437058 9.722765e+01
437116 9.722765e+01
437556 9.722765e+01
437636 9.722765e+01
437738 9.722765e+01
438572 9.722765e+01
438613 9.722765e+01
