1 8.599745e+04
3 7.199171e+04
4 5.330603e+04
5 4.604152e+04
22 4.591389e+04
26 3.224316e+04
32 3.141867e+04
73 2.842973e+04
97 2.351264e+04
117 2.186773e+04
124 1.775258e+04
305 1.694983e+04
394 1.574002e+04
397 1.027939e+04
444 9.407969e+03
469 9.376113e+03
511 9.170961e+03
516 9.065486e+03
524 6.990830e+03
541 5.686214e+03
623 5.014893e+03
624 3.056350e+03
733 2.647737e+03
850 1.896500e+03
916 1.410504e+03
967 1.351796e+03
1063 1.162849e+03
1118 1.144154e+03
1128 1.093797e+03
1159 8.695797e+02
1212 7.133475e+02
1471 5.562803e+02
1508 4.336614e+02
1729 3.836100e+02
1848 3.693272e+02
1896 3.640749e+02
1950 3.025104e+02
1957 2.847492e+02
1978 2.653626e+02
2087 2.482672e+02
2159 2.365277e+02
2172 2.267610e+02
2200 2.143412e+02
2240 1.932773e+02
2252 1.829588e+02
2285 1.815013e+02
2351 1.772532e+02
2493 1.740676e+02
2554 1.727236e+02
2563 1.681347e+02
2569 1.666259e+02
2600 1.629673e+02
2625 1.586898e+02
2645 1.542964e+02
2784 1.542674e+02
2793 1.531711e+02
2825 1.483008e+02
2831 1.436334e+02
2957 1.434770e+02
2975 1.384003e+02
2983 1.325491e+02
3042 1.248577e+02
3359 1.241854e+02
3397 1.228666e+02
3418 1.172376e+02
3465 1.161226e+02
3467 1.120941e+02
3621 1.113636e+02
3630 1.068484e+02
3705 1.066922e+02
3734 1.051739e+02
3778 1.050445e+02
3799 1.045518e+02
3867 1.039711e+02
3883 1.036011e+02
3926 1.032035e+02
3986 1.012855e+02
3992 9.741786e+01
3997 9.404018e+01
4183 9.300780e+01
4252 9.145057e+01
4316 9.027055e+01
4393 8.908344e+01
4502 8.655927e+01
4534 8.643630e+01
4548 8.544510e+01
4585 8.532465e+01
4628 8.523043e+01
4690 8.519132e+01
4718 8.407918e+01
4740 8.319943e+01
4960 8.308622e+01
4983 8.273284e+01
5048 8.236717e+01
5067 8.199757e+01
5111 8.179695e+01
5303 8.164397e+01
5325 8.143789e+01
5354 8.129021e+01
5365 8.128139e+01
5378 8.105363e+01
5461 8.091576e+01
5676 8.082879e+01
5840 8.080491e+01
5898 8.079311e+01
5904 8.077713e+01
5911 8.076575e+01
5917 8.074527e+01
5991 8.059664e+01
6157 8.051370e+01
6334 8.051288e+01
6381 8.047613e+01
6449 8.042525e+01
6493 8.041866e+01
6622 8.037691e+01
6709 8.036910e+01
6731 8.035438e+01
6781 8.034357e+01
6844 8.028294e+01
6933 8.027196e+01
6937 8.027030e+01
6977 8.025936e+01
7123 8.025853e+01
7177 8.024966e+01
7187 8.023765e+01
7210 8.022236e+01
7233 8.021052e+01
7277 8.018481e+01
7346 8.018252e+01
7347 8.016827e+01
7400 8.016250e+01
7439 8.015704e+01
7481 8.012457e+01
7504 8.010464e+01
7579 8.006215e+01
7661 8.005799e+01
7750 7.999176e+01
7862 7.998475e+01
7865 7.992044e+01
7896 7.987345e+01
7917 7.987065e+01
7958 7.986208e+01
7997 7.983083e+01
7998 7.973882e+01
8112 7.962337e+01
8273 7.952155e+01
8426 7.951147e+01
8462 7.936043e+01
8514 7.922152e+01
8538 7.920984e+01
8570 7.911856e+01
8604 7.909670e+01
8637 7.884891e+01
8656 7.883605e+01
8721 7.868332e+01
8754 7.859000e+01
8845 7.856533e+01
8880 7.842685e+01
8890 7.839258e+01
8937 7.835688e+01
8938 7.835515e+01
8957 7.825034e+01
8979 7.810647e+01
9123 7.799735e+01
9183 7.790513e+01
9416 7.781417e+01
9435 7.775127e+01
9447 7.767719e+01
9515 7.763737e+01
9580 7.760985e+01
9585 7.759747e+01
9597 7.759102e+01
9685 7.753682e+01
9695 7.742402e+01
9716 7.737032e+01
9826 7.722541e+01
9866 7.721820e+01
9979 7.721641e+01
10031 7.719804e+01
10049 7.714057e+01
10144 7.711778e+01
10149 7.708373e+01
10191 7.701330e+01
10286 7.699916e+01
10298 7.684205e+01
10445 7.680213e+01
10457 7.678217e+01
10517 7.673181e+01
10587 7.661885e+01
10592 7.660237e+01
10677 7.657942e+01
10737 7.644900e+01
10818 7.640474e+01
10821 7.639319e+01
10851 7.615746e+01
10973 7.611220e+01
11009 7.597362e+01
11075 7.581623e+01
11109 7.570754e+01
11309 7.563940e+01
11334 7.544840e+01
11427 7.543681e+01
11467 7.543576e+01
11472 7.529734e+01
11491 7.516488e+01
11584 7.515102e+01
11607 7.507328e+01
11648 7.505863e+01
11845 7.501546e+01
11862 7.492804e+01
11869 7.484716e+01
11877 7.482010e+01
11901 7.479189e+01
11972 7.471224e+01
11992 7.447219e+01
12141 7.427446e+01
12339 7.416896e+01
12432 7.410770e+01
12590 7.396893e+01
12599 7.387129e+01
12638 7.380876e+01
12655 7.376833e+01
12686 7.376038e+01
12695 7.355562e+01
12721 7.346667e+01
12856 7.336093e+01
12863 7.332646e+01
12983 7.331608e+01
12987 7.319767e+01
13066 7.314444e+01
13090 7.314229e+01
13182 7.295162e+01
13321 7.282860e+01
13323 7.279026e+01
13356 7.264497e+01
13477 7.255972e+01
13486 7.249560e+01
13586 7.245674e+01
13685 7.230409e+01
13934 7.227791e+01
14047 7.221500e+01
14069 7.193329e+01
14113 7.192286e+01
14159 7.191550e+01
14171 7.186241e+01
14181 7.182319e+01
14240 7.169192e+01
14513 7.166286e+01
14521 7.160844e+01
14558 7.154194e+01
14606 7.152988e+01
14609 7.150514e+01
14623 7.140556e+01
14712 7.138892e+01
14752 7.130133e+01
14826 7.125807e+01
14832 7.123590e+01
15063 7.119739e+01
15120 7.110222e+01
15148 7.110137e+01
15213 7.108898e+01
15315 7.104432e+01
15368 7.092814e+01
15417 7.080968e+01
15620 7.075702e+01
15630 7.071605e+01
15658 7.064859e+01
15707 7.053582e+01
15712 7.053122e+01
15889 7.047743e+01
15901 7.043846e+01
15981 7.037979e+01
16008 7.030855e+01
16080 7.028864e+01
16197 7.026025e+01
16235 7.016894e+01
16288 7.012646e+01
16363 6.995958e+01
16531 6.988214e+01
16563 6.986087e+01
16613 6.982907e+01
16744 6.982496e+01
16748 6.974183e+01
16775 6.973370e+01
16776 6.961425e+01
16802 6.957360e+01
16855 6.953969e+01
16931 6.944164e+01
16936 6.941408e+01
17088 6.929155e+01
17182 6.926234e+01
17195 6.920598e+01
17350 6.918631e+01
17506 6.903743e+01
17556 6.902353e+01
17564 6.874712e+01
18026 6.874219e+01
18058 6.862421e+01
18069 6.857284e+01
18123 6.850388e+01
18126 6.835087e+01
18254 6.799391e+01
18540 6.782601e+01
18541 6.773706e+01
18766 6.773333e+01
18803 6.768361e+01
18810 6.767463e+01
18826 6.762800e+01
18861 6.762607e+01
18862 6.757046e+01
18924 6.755716e+01
18966 6.754407e+01
18986 6.752882e+01
19004 6.747354e+01
19015 6.739674e+01
19055 6.736319e+01
19060 6.735802e+01
19121 6.735593e+01
19142 6.729550e+01
19176 6.728252e+01
19210 6.718938e+01
19303 6.715501e+01
19307 6.706837e+01
19331 6.704472e+01
19332 6.693491e+01
19559 6.687478e+01
19597 6.685195e+01
19644 6.661372e+01
19766 6.622400e+01
19904 6.602275e+01
19956 6.586475e+01
20025 6.571910e+01
20026 6.531713e+01
20063 6.509043e+01
20101 6.472241e+01
20136 6.337004e+01
20273 6.313573e+01
20281 6.216036e+01
20286 6.137162e+01
20319 6.092914e+01
20349 6.062467e+01
20358 5.798734e+01
20434 5.271790e+01
20507 5.059301e+01
20564 4.663011e+01
20576 3.998437e+01
20629 3.974004e+01
20718 3.934747e+01
20814 3.719264e+01
20876 3.540946e+01
20890 3.494883e+01
21058 3.452755e+01
21063 3.143781e+01
21150 3.058439e+01
21185 2.785737e+01
21195 2.641809e+01
21222 2.539247e+01
21265 2.278828e+01
21331 2.037422e+01
21334 1.610405e+01
21365 1.542796e+01
21458 1.397696e+01
21494 1.345462e+01
21620 1.278086e+01
21629 1.218864e+01
21699 7.990100e+00
21923 6.758973e+00
21939 5.961665e+00
22025 5.859542e+00
22103 5.563050e+00
22107 5.272310e+00
22144 4.508794e+00
22208 3.394528e+00
22309 3.059733e+00
22494 2.809294e+00
22669 2.752965e+00
22708 1.986713e+00
22828 1.939636e+00
22878 1.895863e+00
22938 1.559698e+00
23016 1.319169e+00
23073 1.035721e+00
23224 9.514157e-01
23270 9.274840e-01
23276 8.545507e-01
23362 8.116359e-01
23365 7.534600e-01
23411 7.252857e-01
23474 6.523198e-01
23478 6.274445e-01
23524 5.418980e-01
23547 5.410670e-01
23580 5.241283e-01
23586 4.814077e-01
23758 4.573606e-01
23776 4.518254e-01
23780 3.393741e-01
23972 3.197795e-01
23980 3.150126e-01
23991 2.995260e-01
24039 2.791983e-01
24112 2.763746e-01
24138 2.741107e-01
24160 2.431693e-01
24194 2.199499e-01
24267 2.133632e-01
24281 2.131591e-01
24321 2.114214e-01
24333 2.087022e-01
24343 2.066191e-01
24364 2.035878e-01
24370 1.842515e-01
24425 1.810516e-01
24490 1.793301e-01
24559 1.762747e-01
24571 1.753668e-01
24674 1.612507e-01
24732 1.560894e-01
24769 1.516876e-01
24805 1.472734e-01
24850 1.450420e-01
24875 1.384057e-01
25028 1.343434e-01
25102 1.340142e-01
25142 1.327192e-01
25182 1.305199e-01
25208 1.285893e-01
25258 1.237870e-01
25394 1.198716e-01
25646 1.195320e-01
25656 1.175798e-01
25661 1.174238e-01
25684 1.149550e-01
25761 1.137426e-01
25795 1.136829e-01
25889 1.132271e-01
25895 1.125918e-01
25948 1.120141e-01
26022 1.111045e-01
26148 1.109300e-01
26150 1.098940e-01
26159 1.094169e-01
26204 1.089297e-01
26333 1.075967e-01
26413 1.072674e-01
26444 1.059429e-01
26597 1.055820e-01
26781 1.050384e-01
26838 1.038923e-01
26867 1.017798e-01
26947 1.010422e-01
26991 1.003989e-01
26998 9.921089e-02
27033 9.873937e-02
27117 9.749479e-02
27219 9.702022e-02
27230 9.399234e-02
27449 9.318080e-02
27456 9.306513e-02
27465 9.174002e-02
27581 9.003874e-02
27624 8.946804e-02
27652 8.780119e-02
27679 8.653468e-02
27810 8.557485e-02
27831 8.554326e-02
27852 8.506279e-02
27865 8.390498e-02
27918 8.356569e-02
27950 7.874100e-02
27979 7.797373e-02
28047 7.304804e-02
28263 7.265319e-02
28266 7.180874e-02
28267 7.164619e-02
28274 7.161528e-02
28285 6.993876e-02
28310 6.509270e-02
28370 6.039583e-02
28454 5.842968e-02
28485 5.818263e-02
28518 5.385381e-02
28549 5.224766e-02
28657 5.213630e-02
28673 5.201082e-02
28684 4.976316e-02
28700 4.856668e-02
28774 4.628896e-02
28917 4.105749e-02
28950 3.934273e-02
29021 3.191462e-02
29113 3.133239e-02
29160 3.007310e-02
29226 3.006699e-02
29232 2.861571e-02
29273 2.778854e-02
29288 2.647451e-02
29309 2.535832e-02
29375 2.399897e-02
29466 2.331957e-02
29468 2.037417e-02
29517 1.896727e-02
29651 1.787631e-02
29811 1.705757e-02
29836 1.460455e-02
29890 1.180631e-02
29952 1.135841e-02
30008 8.920548e-03
30024 8.520152e-03
30026 8.306051e-03
30234 8.265453e-03
30264 6.931976e-03
30355 6.220357e-03
30379 6.208456e-03
30416 5.376918e-03
30449 5.318982e-03
30498 5.151187e-03
30572 5.125524e-03
30646 4.817373e-03
30659 4.244629e-03
30707 3.797870e-03
30755 3.671617e-03
30774 3.435715e-03
30818 3.430064e-03
30824 3.371425e-03
30827 2.823112e-03
30903 2.789076e-03
30940 2.267224e-03
30975 1.926995e-03
31100 1.807626e-03
31205 1.638336e-03
31224 1.531916e-03
31226 1.516739e-03
31298 1.263949e-03
31333 1.225084e-03
31349 1.134396e-03
31427 1.062124e-03
31578 1.037926e-03
31588 7.614636e-04
31643 7.508775e-04
31659 6.557193e-04
31689 5.214657e-04
31717 4.680347e-04
31748 3.689396e-04
31860 3.383508e-04
31871 2.646578e-04
31974 2.515016e-04
32013 1.450917e-04
32206 1.434180e-04
32229 1.318466e-04
32246 1.302766e-04
32248 1.248104e-04
32383 1.198778e-04
32392 5.893335e-05
32540 3.503557e-05
32621 2.835253e-05
32744 2.049094e-05
32767 1.648154e-05
32919 1.399584e-05
32929 1.396280e-05
32972 1.342776e-05
32975 1.113867e-05
33145 1.087424e-05
33150 1.079560e-05
33159 9.602948e-06
33194 7.659451e-06
33263 6.187959e-06
33304 5.581128e-06
33398 5.512546e-06
33414 3.384862e-06
33523 3.183031e-06
33592 3.051837e-06
33641 2.696092e-06
33675 2.585559e-06
33676 1.633369e-06
33801 1.531531e-06
33810 1.400639e-06
33833 1.300675e-06
33845 1.226249e-06
33865 9.757440e-07
33884 9.318270e-07
33984 8.993887e-07
33987 7.988028e-07
34030 7.731963e-07
34049 5.007846e-07
34105 4.714772e-07
34133 4.438374e-07
34203 4.391956e-07
34226 3.890203e-07
34235 3.421499e-07
34255 3.337554e-07
34262 3.016838e-07
34287 2.866925e-07
34341 2.316806e-07
34378 2.269808e-07
34401 2.260182e-07
34426 1.873867e-07
34439 1.736231e-07
34459 1.667505e-07
34471 1.655364e-07
34515 1.252363e-07
34557 1.062477e-07
34606 9.997465e-08
34743 9.911549e-08
34780 8.823667e-08
34808 6.959058e-08
34838 5.066301e-08
34879 4.586763e-08
34937 4.506875e-08
34939 3.727526e-08
34963 3.604101e-08
35011 3.403785e-08
35073 3.331868e-08
35080 3.290803e-08
35108 3.175801e-08
35141 3.135599e-08
35204 2.869427e-08
35215 2.521267e-08
35224 2.072521e-08
35292 1.441620e-08
35396 7.445836e-09
