name="jSO CEC17";
dim=50;
bound=1;
testID=30;
(*--------*)
min=579411;
max=778578;
median=598254;
mean=10425234/17;
std=3*Sqrt[20002967699/85];
(*--------*)
data={608409, 651763, 608409, 608409, 579411, 579411, 598254, 590479, 651645, 598254, 590478, 749769, 654440, 625255, 598254, 651190, 579411, 579411, 579411, 610338, 590478, 579411, 651190, 608409, 579413, 579411, 598254, 598254, 590478, 579411, 651646, 579411, 608409, 579411, 749235, 598254, 579411, 579411, 598254, 649364, 579411, 590478, 661999, 651190, 600081, 579411, 590478, 778578, 665338, 579411, 579411};