1 4.934686e+03
2 3.884819e+03
9 3.571823e+03
15 3.532922e+03
38 3.320124e+03
42 3.113601e+03
102 2.931877e+03
116 2.820156e+03
313 2.662949e+03
681 2.386724e+03
971 2.367528e+03
1799 2.275068e+03
1902 2.255243e+03
2271 2.003257e+03
2415 1.738617e+03
2788 1.738422e+03
2882 1.659833e+03
2892 1.531445e+03
2894 1.473777e+03
3080 1.426593e+03
3088 1.417173e+03
3144 1.383892e+03
3174 1.367421e+03
3180 1.333786e+03
3201 1.320475e+03
3203 1.307556e+03
3220 1.224057e+03
3268 1.206703e+03
3278 1.176533e+03
3296 1.168484e+03
3298 1.040867e+03
3365 1.037896e+03
3367 1.037847e+03
3431 1.006182e+03
3502 1.003422e+03
3531 1.002633e+03
3543 1.001562e+03
3553 9.956189e+02
3589 9.881342e+02
3598 9.804771e+02
3599 9.731666e+02
3664 9.724925e+02
3687 9.721709e+02
3690 9.712892e+02
3691 9.639910e+02
3746 9.635661e+02
3748 9.623739e+02
3768 9.599583e+02
3880 9.592743e+02
3914 9.588911e+02
4030 9.585925e+02
4032 9.582788e+02
4039 9.581672e+02
4073 9.578214e+02
4080 9.577614e+02
4166 9.577374e+02
4178 9.577158e+02
4215 9.576916e+02
4216 9.575524e+02
4239 9.574607e+02
4271 9.574017e+02
4298 9.573474e+02
4327 9.573134e+02
4340 9.572538e+02
4487 9.572447e+02
4489 9.572238e+02
4522 9.572213e+02
4596 9.572185e+02
4627 9.572104e+02
4643 9.571976e+02
4674 9.571894e+02
4773 9.571856e+02
4817 9.571832e+02
4834 9.571813e+02
4843 9.571811e+02
4864 9.571807e+02
4874 9.571795e+02
4877 9.571790e+02
4918 9.571775e+02
4929 9.571771e+02
4940 9.571756e+02
5086 9.571756e+02
5186 9.571755e+02
5216 9.571754e+02
5219 9.571753e+02
5227 9.571751e+02
5311 9.571750e+02
5348 9.571749e+02
5366 9.571749e+02
5397 9.571748e+02
5531 9.571748e+02
5548 9.571748e+02
5555 9.571748e+02
5578 9.571748e+02
5656 9.571748e+02
5658 9.571748e+02
5668 9.571748e+02
5710 9.571748e+02
5734 9.571748e+02
5844 9.571747e+02
5870 9.571747e+02
5896 9.571747e+02
5922 9.571747e+02
5948 9.571747e+02
6000 9.571747e+02
6014 9.571747e+02
6041 9.571747e+02
6074 9.571747e+02
6100 9.571747e+02
6178 9.571747e+02
6296 9.571747e+02
6314 9.571747e+02
6316 9.571747e+02
6378 9.571747e+02
6392 9.571747e+02
6410 9.571747e+02
6450 9.571747e+02
6459 9.571747e+02
6504 9.571747e+02
6525 9.571747e+02
6541 9.571747e+02
6543 9.571747e+02
6607 9.571747e+02
6628 9.571747e+02
6712 9.571747e+02
6757 9.571747e+02
6960 9.571747e+02
6967 9.571747e+02
6974 9.571747e+02
6984 9.571747e+02
7018 9.571747e+02
7022 9.571747e+02
7091 9.571747e+02
7125 9.571747e+02
7149 9.571747e+02
7184 9.571747e+02
7199 9.571747e+02
7214 9.571747e+02
7245 9.571747e+02
7279 9.571747e+02
7310 9.571747e+02
7334 9.571747e+02
7418 9.571747e+02
15235 8.552865e+02
15292 7.759966e+02
15293 7.759966e+02
15296 7.759966e+02
15299 7.759966e+02
15323 7.759966e+02
15326 7.759966e+02
15331 6.467698e+02
15451 5.452173e+02
15452 5.452173e+02
15455 5.452173e+02
15458 5.452173e+02
15461 5.452173e+02
15464 5.452173e+02
15467 5.452173e+02
15470 5.452173e+02
15473 5.452173e+02
15476 5.452173e+02
15479 5.452173e+02
15482 5.452173e+02
15485 5.452173e+02
15488 5.452173e+02
15491 5.452173e+02
15494 5.452173e+02
15497 5.452173e+02
15500 5.452173e+02
15503 5.452173e+02
15506 5.452173e+02
15509 5.452173e+02
15512 5.452173e+02
15540 5.444056e+02
15541 5.444056e+02
15542 4.874804e+02
15547 4.214067e+02
15553 3.836618e+02
15568 3.707922e+02
15569 3.707922e+02
15572 3.707922e+02
15575 3.707922e+02
15578 3.707922e+02
15581 3.707922e+02
15584 3.707922e+02
15587 3.707922e+02
15590 3.707922e+02
15593 3.707922e+02
15596 3.707922e+02
15599 3.707922e+02
15602 3.707922e+02
15605 3.707922e+02
15608 3.707922e+02
15611 3.707922e+02
15614 3.707922e+02
15817 3.654026e+02
15818 3.654026e+02
15819 3.305168e+02
15825 3.171415e+02
15826 3.171415e+02
15827 2.804872e+02
15830 2.722617e+02
15831 2.722617e+02
15834 2.722617e+02
15837 2.722617e+02
15840 2.722617e+02
15843 2.722617e+02
15846 2.722617e+02
15849 2.722617e+02
15852 2.722617e+02
15855 2.722617e+02
15857 2.711398e+02
15858 2.711398e+02
15861 2.711398e+02
15864 2.711398e+02
15867 2.711398e+02
15870 2.711398e+02
15873 2.711398e+02
15876 2.711398e+02
15879 2.711398e+02
15882 2.711398e+02
15885 2.711398e+02
15888 2.711398e+02
15891 2.711398e+02
15894 2.711398e+02
15897 2.711398e+02
15900 2.711398e+02
15903 2.711398e+02
16109 2.709029e+02
16186 2.664677e+02
16188 2.640726e+02
16189 2.640726e+02
16192 2.640726e+02
16195 2.640726e+02
16198 2.640726e+02
16201 2.640726e+02
16488 2.636475e+02
16501 2.636475e+02
16504 2.636475e+02
16507 2.636475e+02
16510 2.636475e+02
16513 2.636475e+02
16516 2.636475e+02
16519 2.636475e+02
16522 2.636475e+02
16525 2.636475e+02
16528 2.636475e+02
16531 2.636475e+02
16534 2.636475e+02
16537 2.636475e+02
16540 2.636475e+02
16543 2.636475e+02
16546 2.636475e+02
16549 2.636475e+02
16552 2.636475e+02
16555 2.636475e+02
16558 2.636475e+02
16561 2.636475e+02
16564 2.636475e+02
16567 2.636475e+02
16570 2.636475e+02
16573 2.636475e+02
17066 2.634999e+02
17067 2.634999e+02
17068 2.634871e+02
17069 2.634871e+02
17070 2.634838e+02
17073 2.634671e+02
17074 2.634671e+02
17075 2.628945e+02
17076 2.628945e+02
17079 2.628945e+02
17082 2.628945e+02
17085 2.628945e+02
17088 2.628945e+02
17091 2.628945e+02
17094 2.628945e+02
17103 2.628945e+02
17106 2.628945e+02
17109 2.628945e+02
17112 2.628945e+02
17115 2.628945e+02
17118 2.628945e+02
17121 2.628945e+02
17124 2.628945e+02
17127 2.628945e+02
17130 2.628945e+02
17133 2.628945e+02
17136 2.628945e+02
17139 2.628945e+02
17142 2.628945e+02
17145 2.628945e+02
17148 2.628945e+02
17151 2.628945e+02
17154 2.628945e+02
17157 2.628945e+02
17160 2.628945e+02
17163 2.628945e+02
17166 2.628945e+02
17169 2.628945e+02
17666 2.628107e+02
17669 2.627004e+02
17670 2.627004e+02
17673 2.627004e+02
17676 2.627004e+02
17679 2.627004e+02
17682 2.627004e+02
17685 2.627004e+02
17688 2.627004e+02
17691 2.627004e+02
17694 2.627004e+02
17697 2.627004e+02
17700 2.627004e+02
17703 2.627004e+02
17706 2.627004e+02
17709 2.627004e+02
17712 2.627004e+02
17715 2.627004e+02
17718 2.627004e+02
17721 2.627004e+02
17724 2.627004e+02
17727 2.627004e+02
17730 2.627004e+02
17733 2.627004e+02
17736 2.627004e+02
17739 2.627004e+02
17742 2.627004e+02
17745 2.627004e+02
17748 2.627004e+02
17751 2.627004e+02
17754 2.627004e+02
17757 2.627004e+02
17760 2.627004e+02
17763 2.627004e+02
17766 2.627004e+02
17769 2.627004e+02
30023 2.627004e+02
30026 2.627004e+02
30029 2.627004e+02
30032 2.627004e+02
30035 2.627004e+02
30038 2.627004e+02
30041 2.627004e+02
30044 2.627004e+02
30047 2.627004e+02
30050 2.627004e+02
