1 4.384696e+04
3 3.962227e+04
7 3.696152e+04
8 2.210442e+04
40 1.240623e+04
159 1.012938e+04
203 9.956314e+03
221 9.292217e+03
249 6.487914e+03
250 4.523522e+03
289 3.297295e+03
396 2.406615e+03
422 1.255254e+03
612 1.237406e+03
623 1.159704e+03
650 8.556120e+02
678 5.215720e+02
710 4.885681e+02
778 4.295691e+02
783 3.370949e+02
790 3.145403e+02
814 3.011305e+02
821 2.349999e+02
868 1.624509e+02
879 1.471134e+02
924 1.419146e+02
931 1.106056e+02
944 1.092595e+02
948 1.090163e+02
949 9.925258e+01
951 5.106694e+01
954 3.694422e+01
1078 3.329703e+01
1142 2.211131e+01
1151 2.185333e+01
1163 9.309922e+00
1281 4.808501e+00
1350 3.349692e+00
1399 3.296562e+00
1411 2.905399e+00
1414 2.630901e+00
1430 2.149960e+00
1442 2.141325e+00
1450 1.466983e+00
1455 1.102525e+00
1477 8.675334e-01
1507 6.718526e-01
1534 5.403594e-01
1554 5.061094e-01
1567 3.711688e-01
1602 3.111067e-01
1623 2.154559e-01
1652 1.922314e-01
1659 1.684899e-01
1662 1.664129e-01
1704 1.492358e-01
1708 6.461518e-02
1785 4.471976e-02
1821 3.951265e-02
1835 3.209161e-02
1845 2.385745e-02
1877 1.652160e-02
1939 1.395668e-02
1956 8.361717e-03
2002 5.687526e-03
2062 4.449432e-03
2098 4.244020e-03
2101 3.265035e-03
2156 3.038243e-03
2184 2.832300e-03
2197 1.977391e-03
2241 1.770095e-03
2254 1.592565e-03
2284 1.164292e-03
2290 8.077539e-04
2314 5.802943e-04
2355 5.604694e-04
2359 2.965483e-04
2381 2.210783e-04
2438 1.796365e-04
2477 1.547059e-04
2511 4.195992e-05
2623 3.765219e-05
2700 2.301786e-05
2730 1.653689e-05
2748 1.540187e-05
2757 1.320951e-05
2806 1.320553e-05
2821 4.672827e-06
2922 3.887017e-06
2927 3.625242e-06
2932 3.391950e-06
2935 3.352843e-06
2952 2.695498e-06
2959 2.419311e-06
2970 1.779567e-06
2999 1.309842e-06
3018 9.908604e-07
3030 6.824613e-07
3055 6.382330e-07
3057 5.364239e-07
3113 3.613331e-07
3161 3.171001e-07
3184 2.972206e-07
3196 2.673778e-07
3197 2.634224e-07
3203 2.581893e-07
3236 1.091772e-07
3305 9.069959e-08
3323 7.186789e-08
3382 4.211901e-08
3400 4.124662e-08
3412 2.699828e-08
3451 1.819238e-08
3456 1.121806e-08
3561 1.007079e-08
3586 3.744214e-09
73123 2.481911e-09
