1 3.519274e+02
2 3.164283e+02
5 2.593854e+02
15 2.569099e+02
19 2.535189e+02
23 2.460793e+02
110 2.442604e+02
236 2.435098e+02
254 2.420560e+02
310 2.406496e+02
316 2.362825e+02
537 2.348044e+02
558 2.328710e+02
561 2.321744e+02
566 2.321078e+02
635 2.310920e+02
663 2.289929e+02
696 2.278959e+02
856 2.252807e+02
1093 2.251110e+02
1096 2.242674e+02
1139 2.219790e+02
1344 2.212032e+02
1468 2.194454e+02
1480 2.192670e+02
1629 2.178167e+02
1695 2.170380e+02
1741 2.165194e+02
1889 2.158759e+02
2039 2.154876e+02
2130 2.143579e+02
2162 2.143157e+02
2208 2.136313e+02
2236 2.132059e+02
2279 2.131476e+02
2320 2.126244e+02
2420 2.120465e+02
2564 2.120162e+02
2587 2.119333e+02
2603 2.117909e+02
2635 2.116150e+02
2642 2.115215e+02
2676 2.113846e+02
2700 2.112735e+02
2736 2.110923e+02
2773 2.110354e+02
2800 2.108771e+02
2945 2.108753e+02
2951 2.107651e+02
2959 2.107029e+02
3045 2.106487e+02
3115 2.105602e+02
3131 2.105152e+02
3156 2.104834e+02
3160 2.104352e+02
3188 2.103775e+02
3192 2.103488e+02
3295 2.103084e+02
3317 2.102609e+02
3331 2.102539e+02
3342 2.101688e+02
3392 2.101617e+02
3431 2.101320e+02
3449 2.101186e+02
3472 2.100102e+02
3557 2.099962e+02
3570 2.099861e+02
3633 2.099684e+02
3638 2.099585e+02
3643 2.098839e+02
3923 2.098717e+02
4112 2.098678e+02
4153 2.098655e+02
4163 2.098627e+02
4185 2.098572e+02
4212 2.098516e+02
4217 2.098430e+02
4220 2.098412e+02
4231 2.098294e+02
4304 2.098208e+02
4331 2.098070e+02
4366 2.098063e+02
4455 2.098050e+02
4499 2.098033e+02
4507 2.097972e+02
4509 2.097958e+02
4543 2.097879e+02
4544 2.097811e+02
4565 2.097793e+02
4592 2.097777e+02
4661 2.097761e+02
4670 2.097732e+02
4718 2.097728e+02
4742 2.097708e+02
4744 2.097695e+02
4748 2.097578e+02
5010 2.097567e+02
5050 2.097553e+02
5081 2.097531e+02
5110 2.097487e+02
5188 2.097397e+02
5476 2.097393e+02
5497 2.097392e+02
5582 2.097384e+02
5586 2.097369e+02
5693 2.097364e+02
5702 2.097352e+02
5799 2.097343e+02
5810 2.097334e+02
5893 2.097333e+02
5923 2.097333e+02
5927 2.097330e+02
5967 2.097328e+02
5968 2.097325e+02
5983 2.097323e+02
6012 2.097321e+02
6034 2.097321e+02
6046 2.097319e+02
6097 2.097318e+02
6127 2.097316e+02
6128 2.097314e+02
6168 2.097312e+02
6284 2.097312e+02
6303 2.097310e+02
6334 2.097309e+02
6358 2.097306e+02
6380 2.097301e+02
6409 2.097301e+02
6519 2.097300e+02
6575 2.097300e+02
6650 2.097299e+02
6673 2.097296e+02
6748 2.097295e+02
6888 2.097294e+02
6934 2.097293e+02
6982 2.097293e+02
6985 2.097293e+02
7043 2.097292e+02
7075 2.097292e+02
7138 2.097292e+02
7144 2.097291e+02
7163 2.097291e+02
7164 2.097291e+02
7185 2.097291e+02
7194 2.097290e+02
7248 2.097290e+02
7337 2.097289e+02
7365 2.097289e+02
7401 2.097289e+02
7407 2.097289e+02
7452 2.097289e+02
7462 2.097288e+02
7489 2.097288e+02
7510 2.097288e+02
7585 2.097288e+02
7661 2.097288e+02
7668 2.097287e+02
7719 2.097287e+02
7722 2.097287e+02
7737 2.097287e+02
7792 2.097287e+02
7802 2.097287e+02
7855 2.097287e+02
7904 2.097287e+02
7906 2.097287e+02
7930 2.097287e+02
7987 2.097287e+02
7989 2.097286e+02
8021 2.097286e+02
8048 2.097286e+02
8080 2.097286e+02
8084 2.097286e+02
8110 2.097286e+02
8117 2.097286e+02
8135 2.097286e+02
8202 2.097286e+02
8238 2.097286e+02
8243 2.097286e+02
8267 2.097286e+02
8324 2.097286e+02
8412 2.097286e+02
8441 2.097286e+02
8456 2.097286e+02
8463 2.097286e+02
8501 2.097286e+02
8550 2.097286e+02
8664 2.097286e+02
8702 2.097286e+02
8717 2.097286e+02
8730 2.097286e+02
8743 2.097286e+02
8755 2.097286e+02
8771 2.097286e+02
8900 2.097286e+02
8909 2.097286e+02
8980 2.097286e+02
8988 2.097286e+02
9059 2.097286e+02
9062 2.097286e+02
9071 2.097286e+02
9097 2.097286e+02
9156 2.097286e+02
9191 2.097286e+02
9269 2.097286e+02
9315 2.097286e+02
9320 2.097286e+02
9344 2.097286e+02
9368 2.097286e+02
9482 2.097286e+02
9496 2.097286e+02
9509 2.097286e+02
9510 2.097286e+02
9574 2.097286e+02
9606 2.097286e+02
9621 2.097286e+02
9643 2.097286e+02
9644 2.097286e+02
9719 2.097286e+02
9728 2.097286e+02
9756 2.097286e+02
9876 2.097286e+02
14446 2.082051e+02
14959 2.081191e+02
31271 2.075880e+02
31291 2.069016e+02
31364 2.066530e+02
31379 2.061605e+02
31381 2.053421e+02
31449 2.049783e+02
31461 2.049397e+02
31514 2.047410e+02
31552 2.045394e+02
31561 2.044935e+02
31575 2.041199e+02
31622 2.039715e+02
31681 2.038455e+02
31688 2.035631e+02
31701 2.026527e+02
31830 2.024540e+02
31910 2.023903e+02
31947 2.020029e+02
32032 2.016456e+02
32109 2.015165e+02
32178 2.014001e+02
32267 2.012723e+02
32276 2.012506e+02
32289 2.011494e+02
32325 2.009983e+02
32472 2.009190e+02
32507 2.009119e+02
32523 2.008993e+02
32534 2.008809e+02
32537 2.007883e+02
32603 2.007782e+02
32609 2.007717e+02
32621 2.007441e+02
32630 2.006762e+02
32646 2.006569e+02
32698 2.006508e+02
32715 2.004959e+02
32751 2.004883e+02
32763 2.004746e+02
32820 2.004560e+02
32831 2.003912e+02
32890 2.002961e+02
33061 2.002822e+02
33127 2.002710e+02
33178 2.002413e+02
33312 2.002063e+02
33342 2.001878e+02
33400 2.001871e+02
33424 2.001862e+02
33483 2.001804e+02
33524 2.001610e+02
33587 2.001382e+02
33640 2.001290e+02
33681 2.001094e+02
33868 2.001073e+02
33891 2.001072e+02
33954 2.000924e+02
34012 2.000924e+02
34033 2.000739e+02
34070 2.000696e+02
34197 2.000671e+02
34273 2.000660e+02
34320 2.000603e+02
34329 2.000536e+02
34373 2.000465e+02
34381 2.000444e+02
34478 2.000401e+02
34497 2.000327e+02
34582 2.000320e+02
34598 2.000316e+02
34708 2.000282e+02
34772 2.000269e+02
34794 2.000268e+02
34831 2.000253e+02
34836 2.000247e+02
34843 2.000232e+02
34907 2.000200e+02
35043 2.000189e+02
35103 2.000179e+02
35124 2.000163e+02
35198 2.000163e+02
35202 2.000153e+02
35219 2.000139e+02
35259 2.000111e+02
35393 2.000104e+02
35487 2.000070e+02
35712 2.000069e+02
35817 2.000053e+02
35846 2.000053e+02
35928 2.000035e+02
36042 2.000033e+02
36249 2.000032e+02
36293 2.000024e+02
36440 2.000023e+02
36503 2.000022e+02
36515 2.000019e+02
36566 2.000019e+02
36604 2.000018e+02
36605 2.000017e+02
36616 2.000010e+02
36771 2.000009e+02
36972 2.000009e+02
37005 2.000007e+02
37125 2.000006e+02
37158 2.000006e+02
37217 2.000006e+02
37235 2.000006e+02
37238 2.000006e+02
37270 2.000005e+02
37305 2.000005e+02
37327 2.000005e+02
37333 2.000005e+02
37350 2.000004e+02
37444 2.000004e+02
37472 2.000004e+02
37481 2.000004e+02
37566 2.000004e+02
37623 2.000004e+02
37659 2.000003e+02
37755 2.000002e+02
37761 2.000002e+02
37776 2.000002e+02
37786 2.000002e+02
37877 2.000002e+02
37917 2.000002e+02
37921 2.000002e+02
37946 2.000002e+02
37948 2.000001e+02
38038 2.000001e+02
38100 2.000001e+02
38141 2.000001e+02
38181 2.000001e+02
38183 2.000001e+02
38273 2.000001e+02
38354 2.000001e+02
38382 2.000001e+02
38407 2.000001e+02
38446 2.000001e+02
38453 2.000001e+02
38468 2.000001e+02
38537 2.000001e+02
38580 2.000001e+02
38593 2.000001e+02
38669 2.000001e+02
38751 2.000001e+02
38800 2.000001e+02
38883 2.000000e+02
38924 2.000000e+02
38991 2.000000e+02
38997 2.000000e+02
39053 2.000000e+02
39178 2.000000e+02
39230 2.000000e+02
39247 2.000000e+02
39291 2.000000e+02
39418 2.000000e+02
39473 2.000000e+02
39509 2.000000e+02
39594 2.000000e+02
39636 2.000000e+02
39662 2.000000e+02
39707 2.000000e+02
39711 2.000000e+02
39802 2.000000e+02
39836 2.000000e+02
39909 2.000000e+02
39935 2.000000e+02
39963 2.000000e+02
40020 2.000000e+02
40110 2.000000e+02
40114 2.000000e+02
40271 2.000000e+02
40300 2.000000e+02
40347 2.000000e+02
40397 2.000000e+02
40414 2.000000e+02
40511 2.000000e+02
40541 2.000000e+02
40546 2.000000e+02
40595 2.000000e+02
40680 2.000000e+02
40748 2.000000e+02
40787 2.000000e+02
40799 2.000000e+02
40876 2.000000e+02
40902 2.000000e+02
40925 2.000000e+02
40942 2.000000e+02
40981 2.000000e+02
40994 2.000000e+02
41077 2.000000e+02
41078 2.000000e+02
41102 2.000000e+02
41137 2.000000e+02
41140 2.000000e+02
41196 2.000000e+02
41217 2.000000e+02
41305 2.000000e+02
41321 2.000000e+02
41340 2.000000e+02
41372 2.000000e+02
41426 2.000000e+02
41443 2.000000e+02
41449 2.000000e+02
41466 2.000000e+02
41471 2.000000e+02
41508 2.000000e+02
41565 2.000000e+02
41576 2.000000e+02
41615 2.000000e+02
41628 2.000000e+02
41678 2.000000e+02
41704 2.000000e+02
41760 2.000000e+02
41784 2.000000e+02
41900 2.000000e+02
41929 2.000000e+02
41958 2.000000e+02
41992 2.000000e+02
42071 2.000000e+02
42072 2.000000e+02
42119 2.000000e+02
42347 2.000000e+02
42383 2.000000e+02
42401 2.000000e+02
42414 2.000000e+02
42429 2.000000e+02
42438 2.000000e+02
42532 2.000000e+02
42539 2.000000e+02
42617 2.000000e+02
42624 2.000000e+02
42718 2.000000e+02
42777 2.000000e+02
42871 2.000000e+02
42912 2.000000e+02
42933 2.000000e+02
42937 2.000000e+02
42947 2.000000e+02
42959 2.000000e+02
42980 2.000000e+02
43009 2.000000e+02
43089 2.000000e+02
43193 2.000000e+02
43417 2.000000e+02
43579 2.000000e+02
43789 2.000000e+02
43818 2.000000e+02
43877 2.000000e+02
43915 2.000000e+02
44028 2.000000e+02
44035 2.000000e+02
44047 2.000000e+02
44063 2.000000e+02
44175 2.000000e+02
44208 2.000000e+02
44381 2.000000e+02
44391 2.000000e+02
44450 2.000000e+02
44661 2.000000e+02
44677 2.000000e+02
44681 2.000000e+02
44833 2.000000e+02
67951 2.000000e+02
68120 2.000000e+02
68264 2.000000e+02
68268 2.000000e+02
68852 2.000000e+02
69118 2.000000e+02
69151 2.000000e+02
69338 2.000000e+02
69353 2.000000e+02
69386 2.000000e+02
69547 2.000000e+02
69782 2.000000e+02
69943 2.000000e+02
69975 2.000000e+02
70066 2.000000e+02
70257 2.000000e+02
70324 2.000000e+02
70333 2.000000e+02
70399 2.000000e+02
70480 2.000000e+02
70640 2.000000e+02
70646 2.000000e+02
70824 2.000000e+02
71110 2.000000e+02
71145 2.000000e+02
71172 2.000000e+02
71182 2.000000e+02
71300 2.000000e+02
71459 2.000000e+02
71705 2.000000e+02
71924 2.000000e+02
71997 2.000000e+02
72151 2.000000e+02
72753 2.000000e+02
72793 2.000000e+02
72836 2.000000e+02
73214 2.000000e+02
73294 2.000000e+02
73486 2.000000e+02
73519 2.000000e+02
73524 2.000000e+02
73663 2.000000e+02
73667 2.000000e+02
73744 2.000000e+02
74377 2.000000e+02
74379 2.000000e+02
74387 2.000000e+02
74399 2.000000e+02
