1 2.735677e+02
5 2.578036e+02
14 2.462220e+02
53 2.432023e+02
175 2.425080e+02
220 2.341051e+02
412 2.335352e+02
435 2.294339e+02
522 2.287035e+02
562 2.272884e+02
589 2.203454e+02
725 2.199367e+02
775 2.191622e+02
820 2.189746e+02
823 2.177830e+02
841 2.152970e+02
846 2.129225e+02
1047 2.101741e+02
1072 2.099774e+02
1154 2.090408e+02
1166 2.088341e+02
1182 2.082625e+02
1204 2.071656e+02
1262 2.065415e+02
1286 2.054696e+02
1393 2.044074e+02
1434 2.039459e+02
1466 2.036235e+02
1645 2.033842e+02
1684 2.033750e+02
1699 2.030867e+02
1712 2.030079e+02
1715 2.029835e+02
1716 2.029707e+02
1733 2.028434e+02
1757 2.028289e+02
1779 2.022004e+02
1835 2.020847e+02
1884 2.016695e+02
2058 2.016109e+02
2077 2.015988e+02
2121 2.015800e+02
2155 2.013275e+02
2177 2.008988e+02
2579 2.007985e+02
2589 2.007637e+02
2591 2.007371e+02
2599 2.006472e+02
2723 2.006406e+02
2725 2.006279e+02
2778 2.005742e+02
2814 2.005685e+02
2880 2.005474e+02
2889 2.005277e+02
2895 2.004396e+02
2926 2.004353e+02
2933 2.004244e+02
2958 2.003783e+02
2960 2.003444e+02
3048 2.003440e+02
3105 2.003012e+02
3209 2.002812e+02
3244 2.002373e+02
3482 2.002185e+02
3492 2.001982e+02
3579 2.001966e+02
3585 2.001686e+02
3628 2.001522e+02
3738 2.001356e+02
3836 2.001276e+02
3848 2.001169e+02
3849 2.001098e+02
3971 2.001092e+02
3984 2.000873e+02
4033 2.000812e+02
4043 2.000769e+02
4227 2.000697e+02
4240 2.000614e+02
4268 2.000588e+02
4418 2.000550e+02
4456 2.000534e+02
4460 2.000497e+02
4465 2.000341e+02
4592 2.000333e+02
4623 2.000313e+02
4677 2.000251e+02
4828 2.000235e+02
4954 2.000221e+02
4969 2.000215e+02
4982 2.000215e+02
5025 2.000175e+02
5137 2.000158e+02
5147 2.000136e+02
5251 2.000132e+02
5270 2.000128e+02
5293 2.000113e+02
5320 2.000105e+02
5326 2.000096e+02
5379 2.000088e+02
5511 2.000087e+02
5518 2.000077e+02
5602 2.000077e+02
5607 2.000076e+02
5611 2.000074e+02
5630 2.000071e+02
5637 2.000065e+02
5665 2.000063e+02
5667 2.000063e+02
5669 2.000061e+02
5676 2.000059e+02
5704 2.000059e+02
5728 2.000055e+02
5800 2.000045e+02
5841 2.000044e+02
5854 2.000032e+02
6003 2.000025e+02
6019 2.000025e+02
6057 2.000024e+02
6084 2.000019e+02
6195 2.000018e+02
6249 2.000018e+02
6340 2.000017e+02
6343 2.000016e+02
6420 2.000016e+02
6431 2.000014e+02
6479 2.000013e+02
6559 2.000007e+02
7042 2.000007e+02
7054 2.000006e+02
7167 2.000005e+02
7193 2.000004e+02
7386 2.000004e+02
7589 2.000003e+02
7690 2.000003e+02
7798 2.000003e+02
7799 2.000002e+02
7917 2.000002e+02
7923 2.000002e+02
8011 2.000002e+02
8036 2.000002e+02
8093 2.000002e+02
8173 2.000002e+02
8241 2.000002e+02
8287 2.000001e+02
8409 2.000001e+02
8441 2.000001e+02
8467 2.000001e+02
8525 2.000001e+02
8684 2.000001e+02
8696 2.000001e+02
8913 2.000001e+02
8914 2.000001e+02
8955 2.000001e+02
8959 2.000001e+02
9042 2.000001e+02
9061 2.000001e+02
9070 2.000001e+02
9077 2.000001e+02
9159 2.000001e+02
9164 2.000001e+02
9182 2.000001e+02
9200 2.000001e+02
9237 2.000001e+02
9243 2.000001e+02
9248 2.000001e+02
9270 2.000001e+02
9272 2.000001e+02
9279 2.000001e+02
9325 2.000001e+02
9357 2.000001e+02
9470 2.000001e+02
9481 2.000001e+02
9483 2.000001e+02
9485 2.000001e+02
9529 2.000001e+02
9547 2.000001e+02
9557 2.000001e+02
9584 2.000001e+02
9681 2.000001e+02
9745 2.000001e+02
9780 2.000001e+02
9790 2.000001e+02
9873 2.000001e+02
9885 2.000001e+02
9949 2.000001e+02
10012 2.000001e+02
10062 2.000001e+02
10064 2.000001e+02
10115 2.000001e+02
10155 2.000001e+02
10166 2.000001e+02
10171 2.000001e+02
10196 2.000001e+02
10226 2.000001e+02
10238 2.000001e+02
10253 2.000001e+02
10261 2.000001e+02
10275 2.000001e+02
10310 2.000001e+02
10311 2.000001e+02
10315 2.000001e+02
10366 2.000001e+02
10399 2.000001e+02
10418 2.000001e+02
10447 2.000001e+02
10510 2.000001e+02
10542 2.000001e+02
10544 2.000001e+02
10630 2.000001e+02
10638 2.000001e+02
10717 2.000001e+02
10723 2.000001e+02
10736 2.000001e+02
10752 2.000001e+02
10754 2.000001e+02
10819 2.000001e+02
10828 2.000001e+02
10833 2.000001e+02
10960 2.000001e+02
38231 2.000001e+02
38313 2.000001e+02
38405 2.000000e+02
38531 2.000000e+02
38614 2.000000e+02
38747 2.000000e+02
38815 2.000000e+02
38900 2.000000e+02
38926 2.000000e+02
38949 2.000000e+02
39007 2.000000e+02
39195 2.000000e+02
39275 2.000000e+02
39347 2.000000e+02
39372 2.000000e+02
39496 2.000000e+02
39519 2.000000e+02
39669 2.000000e+02
39698 2.000000e+02
39712 2.000000e+02
39748 2.000000e+02
39778 2.000000e+02
39780 2.000000e+02
39793 2.000000e+02
39816 2.000000e+02
39834 2.000000e+02
39887 2.000000e+02
39912 2.000000e+02
39941 2.000000e+02
40019 2.000000e+02
40046 2.000000e+02
40054 2.000000e+02
40109 2.000000e+02
40127 2.000000e+02
40147 2.000000e+02
40305 2.000000e+02
40314 2.000000e+02
40408 2.000000e+02
40417 2.000000e+02
40437 2.000000e+02
40479 2.000000e+02
40490 2.000000e+02
40530 2.000000e+02
40549 2.000000e+02
40560 2.000000e+02
40561 2.000000e+02
40573 2.000000e+02
40661 2.000000e+02
40665 2.000000e+02
40677 2.000000e+02
40717 2.000000e+02
40809 2.000000e+02
40810 2.000000e+02
40822 2.000000e+02
40866 2.000000e+02
40915 2.000000e+02
40925 2.000000e+02
40926 2.000000e+02
41101 2.000000e+02
41198 2.000000e+02
41245 2.000000e+02
41247 2.000000e+02
41263 2.000000e+02
41334 2.000000e+02
41384 2.000000e+02
