1 4.733989e+02
2 3.184856e+02
3 2.823845e+02
6 2.530704e+02
47 2.469149e+02
50 2.445363e+02
95 2.438893e+02
225 2.413469e+02
271 2.342747e+02
389 2.340179e+02
463 2.338670e+02
532 2.336421e+02
536 2.331115e+02
537 2.325845e+02
563 2.308049e+02
593 2.298128e+02
611 2.279421e+02
674 2.266960e+02
696 2.265447e+02
723 2.240551e+02
772 2.207304e+02
897 2.201596e+02
987 2.195183e+02
1007 2.193585e+02
1021 2.188280e+02
1026 2.178336e+02
1129 2.177972e+02
1162 2.174607e+02
1201 2.169409e+02
1216 2.156462e+02
1324 2.155729e+02
1366 2.149681e+02
1445 2.137178e+02
1682 2.135292e+02
1692 2.121484e+02
1945 2.119564e+02
1975 2.118714e+02
2044 2.118305e+02
2072 2.116273e+02
2095 2.114229e+02
2148 2.111684e+02
2213 2.109539e+02
2236 2.108975e+02
2290 2.108664e+02
2373 2.108534e+02
2385 2.107513e+02
2390 2.107439e+02
2406 2.106522e+02
2467 2.105771e+02
2501 2.105704e+02
2535 2.104657e+02
2578 2.103133e+02
2727 2.102288e+02
2867 2.102115e+02
2925 2.101969e+02
3007 2.101941e+02
3012 2.101501e+02
3073 2.100649e+02
3176 2.100535e+02
3208 2.100392e+02
3291 2.100288e+02
3344 2.099942e+02
3362 2.099925e+02
3388 2.099878e+02
3445 2.099857e+02
3454 2.099796e+02
3461 2.099779e+02
3495 2.099642e+02
3499 2.099381e+02
3699 2.099233e+02
3894 2.099083e+02
4096 2.099013e+02
4178 2.098996e+02
4275 2.098980e+02
4308 2.098971e+02
4312 2.098940e+02
4313 2.098929e+02
4411 2.098907e+02
4430 2.098857e+02
4487 2.098845e+02
4519 2.098838e+02
4577 2.098813e+02
4632 2.098778e+02
4760 2.098719e+02
5110 2.098716e+02
5113 2.098715e+02
5165 2.098706e+02
5205 2.098703e+02
5207 2.098693e+02
5225 2.098680e+02
5303 2.098675e+02
5308 2.098675e+02
5335 2.098674e+02
5336 2.098674e+02
5355 2.098663e+02
5469 2.098660e+02
5481 2.098648e+02
5622 2.098642e+02
5715 2.098642e+02
5811 2.098641e+02
5839 2.098639e+02
5892 2.098639e+02
5940 2.098639e+02
5952 2.098639e+02
5979 2.098637e+02
5994 2.098636e+02
6019 2.098636e+02
6050 2.098635e+02
6095 2.098633e+02
6131 2.098633e+02
6192 2.098632e+02
6250 2.098632e+02
6261 2.098631e+02
6341 2.098631e+02
6374 2.098630e+02
6388 2.098630e+02
6399 2.098630e+02
6407 2.098630e+02
6425 2.098630e+02
6450 2.098629e+02
6569 2.098629e+02
6598 2.098629e+02
6631 2.098628e+02
6687 2.098627e+02
6749 2.098627e+02
6836 2.098626e+02
6884 2.098626e+02
6926 2.098626e+02
6971 2.098626e+02
7018 2.098626e+02
7103 2.098626e+02
7172 2.098625e+02
7182 2.098625e+02
7245 2.098625e+02
7253 2.098625e+02
7290 2.098625e+02
7294 2.098625e+02
7417 2.098625e+02
7429 2.098625e+02
7459 2.098625e+02
7460 2.098625e+02
7512 2.098625e+02
7779 2.098625e+02
7866 2.098625e+02
7913 2.098625e+02
7961 2.098625e+02
8081 2.098625e+02
8130 2.098625e+02
8193 2.098625e+02
8231 2.098625e+02
8264 2.098625e+02
8296 2.098625e+02
8297 2.098625e+02
8309 2.098625e+02
8402 2.098625e+02
8434 2.098625e+02
8452 2.098625e+02
8525 2.098625e+02
8554 2.098625e+02
8556 2.098625e+02
8568 2.098625e+02
8686 2.098625e+02
8711 2.098625e+02
8721 2.098625e+02
8805 2.098625e+02
8827 2.098625e+02
8830 2.098625e+02
8839 2.098625e+02
8867 2.098625e+02
8882 2.098625e+02
8910 2.098625e+02
8935 2.098625e+02
8958 2.098625e+02
9010 2.098625e+02
9021 2.098625e+02
9037 2.098625e+02
9044 2.098625e+02
9079 2.098625e+02
9093 2.098625e+02
9097 2.098625e+02
9151 2.098625e+02
9217 2.098625e+02
9222 2.098625e+02
9240 2.098625e+02
9250 2.098625e+02
9303 2.098625e+02
9341 2.098625e+02
9398 2.098625e+02
9406 2.098625e+02
9425 2.098625e+02
9442 2.098625e+02
9478 2.098625e+02
9489 2.098625e+02
9497 2.098625e+02
9511 2.098625e+02
9522 2.098625e+02
9529 2.098625e+02
9559 2.098625e+02
12897 2.085071e+02
13295 2.073022e+02
13379 2.071866e+02
13642 2.071146e+02
13666 2.062271e+02
13775 2.057569e+02
13968 2.056875e+02
14030 2.052663e+02
14096 2.052133e+02
14155 2.039664e+02
14374 2.039492e+02
14386 2.031559e+02
14779 2.029316e+02
14780 2.029100e+02
14820 2.027177e+02
14906 2.024851e+02
14981 2.021432e+02
31771 2.018546e+02
31956 2.016642e+02
32097 2.015000e+02
32257 2.013958e+02
32323 2.013920e+02
32335 2.012628e+02
32354 2.012259e+02
32460 2.011079e+02
32637 2.009692e+02
32732 2.009474e+02
32778 2.008773e+02
32784 2.007616e+02
32987 2.007462e+02
32994 2.006870e+02
33137 2.006836e+02
33156 2.006604e+02
33157 2.006571e+02
33187 2.006342e+02
33236 2.006194e+02
33329 2.005646e+02
33428 2.005521e+02
33455 2.005224e+02
33475 2.005123e+02
33557 2.004828e+02
33667 2.004609e+02
33670 2.004586e+02
33696 2.004483e+02
33704 2.004482e+02
33730 2.004193e+02
33780 2.004069e+02
33893 2.003976e+02
33923 2.003908e+02
33929 2.003890e+02
33997 2.003750e+02
34080 2.003679e+02
34090 2.003669e+02
34230 2.003615e+02
34244 2.003603e+02
34254 2.003597e+02
34337 2.003520e+02
34418 2.003505e+02
34535 2.003394e+02
34737 2.003385e+02
34800 2.003382e+02
34827 2.003372e+02
34918 2.003365e+02
34945 2.003357e+02
34968 2.003356e+02
34974 2.003350e+02
34996 2.003348e+02
35005 2.003347e+02
35008 2.003343e+02
35103 2.003311e+02
35285 2.003310e+02
35297 2.003307e+02
35352 2.003305e+02
35366 2.003305e+02
35367 2.003303e+02
35376 2.003302e+02
35388 2.003301e+02
35461 2.003293e+02
35489 2.003293e+02
35571 2.003290e+02
35677 2.003290e+02
35721 2.003286e+02
35768 2.003284e+02
35801 2.003283e+02
35803 2.003281e+02
35961 2.003280e+02
35982 2.003280e+02
36009 2.003279e+02
36020 2.003278e+02
36024 2.003278e+02
36030 2.003277e+02
36079 2.003277e+02
36085 2.003276e+02
36182 2.003275e+02
36296 2.003275e+02
36311 2.003274e+02
36341 2.003274e+02
36440 2.003273e+02
36499 2.003273e+02
36543 2.003272e+02
36569 2.003272e+02
36618 2.003271e+02
36686 2.003271e+02
36711 2.003271e+02
36737 2.003271e+02
36749 2.003271e+02
36752 2.003271e+02
36808 2.003271e+02
36903 2.003271e+02
36916 2.003270e+02
36919 2.003270e+02
36923 2.003270e+02
36931 2.003270e+02
37008 2.003270e+02
37081 2.003270e+02
37123 2.003270e+02
37150 2.003270e+02
37214 2.003270e+02
37232 2.003270e+02
37240 2.003270e+02
37274 2.003269e+02
37501 2.003269e+02
37502 2.003269e+02
37667 2.003269e+02
37693 2.003269e+02
37775 2.003269e+02
37780 2.003269e+02
37786 2.003269e+02
37790 2.003269e+02
37830 2.003269e+02
37856 2.003269e+02
37899 2.003269e+02
37934 2.003269e+02
37957 2.003269e+02
38031 2.003269e+02
38080 2.003269e+02
38088 2.003269e+02
38102 2.003269e+02
38103 2.003269e+02
38254 2.003269e+02
38301 2.003269e+02
38354 2.003269e+02
38380 2.003269e+02
38424 2.003269e+02
38428 2.003269e+02
38444 2.003269e+02
38450 2.003269e+02
38452 2.003269e+02
38478 2.003269e+02
38518 2.003269e+02
38533 2.003269e+02
38546 2.003269e+02
38556 2.003269e+02
38558 2.003269e+02
38589 2.003269e+02
38671 2.003269e+02
38701 2.003269e+02
38711 2.003269e+02
38816 2.003269e+02
38834 2.003269e+02
38855 2.003269e+02
38857 2.003269e+02
38945 2.003269e+02
38948 2.003269e+02
38966 2.003269e+02
39028 2.003269e+02
39069 2.003269e+02
39072 2.003269e+02
39083 2.003269e+02
39127 2.003269e+02
47624 2.002798e+02
47984 2.002371e+02
48255 2.002331e+02
48357 2.002066e+02
48373 2.001928e+02
48384 2.001709e+02
48721 2.001557e+02
48779 2.001549e+02
48819 2.001481e+02
48840 2.001383e+02
49063 2.001333e+02
49143 2.001281e+02
49163 2.001143e+02
49247 2.001125e+02
49351 2.000876e+02
49823 2.000827e+02
49829 2.000658e+02
50186 2.000545e+02
50813 2.000544e+02
50904 2.000537e+02
50916 2.000499e+02
50990 2.000473e+02
51045 2.000463e+02
51186 2.000424e+02
51191 2.000420e+02
51244 2.000345e+02
51381 2.000319e+02
51488 2.000290e+02
51703 2.000218e+02
52101 2.000163e+02
52260 2.000159e+02
52535 2.000152e+02
52685 2.000146e+02
52713 2.000132e+02
52877 2.000128e+02
52900 2.000125e+02
52918 2.000120e+02
53033 2.000104e+02
53264 2.000092e+02
53297 2.000090e+02
53415 2.000081e+02
53460 2.000070e+02
53669 2.000063e+02
53740 2.000058e+02
53874 2.000058e+02
54013 2.000053e+02
54107 2.000050e+02
54188 2.000044e+02
54369 2.000044e+02
54556 2.000042e+02
54708 2.000036e+02
54862 2.000034e+02
54930 2.000031e+02
54945 2.000029e+02
55303 2.000023e+02
55486 2.000022e+02
55685 2.000021e+02
55699 2.000020e+02
55805 2.000020e+02
55874 2.000020e+02
55933 2.000018e+02
55967 2.000017e+02
56036 2.000015e+02
56246 2.000014e+02
56482 2.000012e+02
56531 2.000011e+02
56678 2.000010e+02
56966 2.000009e+02
56980 2.000009e+02
57068 2.000009e+02
57170 2.000008e+02
57296 2.000008e+02
57357 2.000008e+02
57456 2.000008e+02
57479 2.000007e+02
57494 2.000007e+02
57540 2.000006e+02
57695 2.000005e+02
58040 2.000005e+02
58083 2.000004e+02
58126 2.000004e+02
58142 2.000004e+02
58333 2.000004e+02
58366 2.000003e+02
58542 2.000003e+02
58647 2.000003e+02
58652 2.000003e+02
58661 2.000002e+02
58984 2.000002e+02
59152 2.000002e+02
59213 2.000002e+02
59223 2.000001e+02
59336 2.000001e+02
59680 2.000001e+02
59822 2.000001e+02
59978 2.000001e+02
59981 2.000001e+02
60035 2.000001e+02
60105 2.000001e+02
60208 2.000001e+02
60243 2.000001e+02
60314 2.000001e+02
60556 2.000000e+02
60768 2.000000e+02
60858 2.000000e+02
61205 2.000000e+02
61278 2.000000e+02
61460 2.000000e+02
61481 2.000000e+02
61510 2.000000e+02
61583 2.000000e+02
61642 2.000000e+02
61664 2.000000e+02
61846 2.000000e+02
62158 2.000000e+02
62296 2.000000e+02
62355 2.000000e+02
62496 2.000000e+02
62711 2.000000e+02
62734 2.000000e+02
63105 2.000000e+02
63167 2.000000e+02
63172 2.000000e+02
63317 2.000000e+02
63511 2.000000e+02
63605 2.000000e+02
63753 2.000000e+02
63797 2.000000e+02
63877 2.000000e+02
63946 2.000000e+02
64124 2.000000e+02
64308 2.000000e+02
64364 2.000000e+02
64423 2.000000e+02
64429 2.000000e+02
64538 2.000000e+02
64856 2.000000e+02
64882 2.000000e+02
65039 2.000000e+02
65157 2.000000e+02
65196 2.000000e+02
65261 2.000000e+02
65425 2.000000e+02
65457 2.000000e+02
65887 2.000000e+02
66030 2.000000e+02
66148 2.000000e+02
66312 2.000000e+02
66433 2.000000e+02
66468 2.000000e+02
66527 2.000000e+02
66562 2.000000e+02
66765 2.000000e+02
66800 2.000000e+02
66854 2.000000e+02
67042 2.000000e+02
67336 2.000000e+02
67340 2.000000e+02
67368 2.000000e+02
67424 2.000000e+02
67445 2.000000e+02
67573 2.000000e+02
67585 2.000000e+02
67590 2.000000e+02
67760 2.000000e+02
67774 2.000000e+02
