1 1.652036e+10
2 4.064212e+09
3 2.740247e+09
4 2.162262e+09
8 5.756986e+08
12 2.269438e+08
106 1.897974e+08
214 9.426751e+07
356 8.951350e+07
388 7.667773e+07
416 4.539423e+07
430 4.452016e+07
561 4.340201e+07
589 4.329763e+07
604 3.936105e+07
621 3.706471e+07
630 3.019374e+07
644 2.846210e+07
707 2.479373e+07
770 1.515737e+07
986 1.495947e+07
1004 1.116948e+07
1071 1.064119e+07
1163 1.035822e+07
1182 1.033963e+07
1206 1.006374e+07
1215 1.002945e+07
1217 8.425844e+06
1248 7.134595e+06
1320 6.630927e+06
1336 5.791500e+06
1368 5.790168e+06
1398 5.685635e+06
1405 5.648878e+06
1410 5.278155e+06
1423 4.014156e+06
1492 3.469340e+06
1569 2.367864e+06
1604 1.777243e+06
1617 1.556202e+06
1769 1.386777e+06
1890 1.151915e+06
2054 9.014636e+05
2079 8.850261e+05
2123 8.535188e+05
2125 8.497304e+05
2180 8.161932e+05
2187 7.978103e+05
2239 7.652017e+05
2248 7.275430e+05
2250 7.251539e+05
2281 7.088205e+05
2285 5.722693e+05
2310 5.158942e+05
2373 4.921798e+05
2386 4.742824e+05
2408 3.929901e+05
2416 3.780373e+05
2432 2.698777e+05
2503 2.396482e+05
2586 1.763253e+05
2692 1.532265e+05
2702 1.271429e+05
2824 1.072011e+05
2897 5.911889e+04
3031 5.869055e+04
3037 4.852286e+04
3054 4.680620e+04
3103 3.473215e+04
3113 3.030609e+04
3138 3.020555e+04
3145 2.417135e+04
3185 1.889339e+04
3306 1.860062e+04
3322 1.850919e+04
3356 1.439112e+04
3365 1.398804e+04
3412 1.049806e+04
3502 7.731755e+03
3527 7.250154e+03
3608 6.201346e+03
3609 4.294994e+03
3673 4.259433e+03
3769 3.611523e+03
3775 2.243726e+03
3786 1.711588e+03
3854 1.695195e+03
3877 1.552683e+03
3891 1.434190e+03
3931 1.427956e+03
3962 1.199358e+03
3967 8.414720e+02
3973 7.940610e+02
4050 6.151969e+02
4080 5.712613e+02
4120 3.926947e+02
4256 3.766555e+02
4330 3.175164e+02
4347 2.886419e+02
4431 2.720514e+02
4502 2.512908e+02
4530 2.467733e+02
4580 2.407931e+02
4622 2.175688e+02
4626 2.094154e+02
4637 2.088444e+02
4676 1.829155e+02
4748 1.778469e+02
4762 1.751686e+02
4807 1.714125e+02
4820 1.702409e+02
4854 1.677511e+02
4877 1.634053e+02
4922 1.628109e+02
4931 1.610000e+02
4958 1.562216e+02
4961 1.548304e+02
4989 1.473336e+02
5032 1.419646e+02
5064 1.248738e+02
5145 1.171535e+02
5210 1.116251e+02
5273 1.040893e+02
5308 9.123584e+01
5336 8.665484e+01
5345 8.156459e+01
5355 7.905440e+01
5399 7.640950e+01
5421 6.399618e+01
5503 5.414198e+01
5551 4.911935e+01
5563 4.805124e+01
5577 4.740927e+01
5592 4.110203e+01
5595 3.437130e+01
5706 3.100879e+01
5709 2.657207e+01
5722 2.451798e+01
5740 2.446585e+01
5762 1.954580e+01
5835 1.928913e+01
5889 1.356910e+01
5890 1.349304e+01
5973 5.734052e+00
6026 5.695868e+00
6032 3.010924e+00
6048 2.152581e+00
6112 1.673875e+00
6141 9.145670e-01
6245 8.101621e-01
6249 6.735093e-01
6258 4.376355e-01
6274 4.155754e-01
6286 2.416989e-01
6323 2.240753e-01
6331 1.229853e-01
6412 1.199177e-01
6417 8.672298e-02
6426 8.450595e-02
6460 3.029279e-02
6564 2.480058e-02
6594 1.558830e-02
6631 1.410907e-02
6639 7.906262e-03
6679 5.485048e-03
6705 2.360585e-03
6812 1.143723e-03
6900 9.915705e-04
6921 4.811930e-04
6958 4.793427e-04
6983 3.239263e-04
7032 3.038994e-04
7035 3.006589e-04
7041 2.735357e-04
7076 2.331934e-04
7087 2.060578e-04
7124 1.964839e-04
7139 1.734101e-04
7142 1.506039e-04
7162 9.532777e-05
7218 7.010095e-05
7284 4.828255e-05
7309 4.692947e-05
7311 3.413661e-05
7318 2.832768e-05
7344 2.110989e-05
7355 2.047501e-05
7384 2.003832e-05
7396 7.255185e-06
7483 5.841556e-06
7505 5.820411e-06
7535 4.637147e-06
7557 3.139022e-06
7610 2.924326e-06
7620 1.757741e-06
7623 1.535343e-06
7686 1.042153e-06
7733 8.250283e-07
7806 7.788714e-07
7818 7.293191e-07
7830 4.967883e-07
7864 4.653757e-07
7897 4.619115e-07
7915 2.825979e-07
7954 1.084427e-07
8044 5.138813e-08
8098 4.622779e-08
8156 4.269973e-08
8163 3.930684e-08
8193 3.844948e-08
8199 3.334852e-08
8209 1.950594e-08
8287 1.530778e-08
8300 9.818723e-09
38290 8.322227e-09
71151 7.909060e-09
71195 6.728268e-09
