1 6.682653e+04
3 2.482601e+04
4 1.397164e+04
16 1.250347e+04
126 1.230245e+04
133 1.195808e+04
250 1.176781e+04
266 1.096158e+04
286 8.863576e+03
301 8.640511e+03
342 8.247908e+03
354 8.057654e+03
383 6.594542e+03
538 6.194919e+03
575 5.024582e+03
645 4.659339e+03
710 4.395930e+03
748 4.266792e+03
785 4.221414e+03
793 4.154198e+03
798 3.723920e+03
801 3.245209e+03
920 3.237492e+03
938 2.981882e+03
1019 2.968634e+03
1057 2.925410e+03
1060 2.758174e+03
1171 2.691920e+03
1268 2.579811e+03
1276 2.514947e+03
1291 2.388980e+03
1318 2.300516e+03
1381 2.274499e+03
1451 2.186657e+03
1466 1.832654e+03
1765 1.820814e+03
1776 1.792300e+03
1780 1.760191e+03
1831 1.745484e+03
1833 1.725901e+03
1848 1.652352e+03
1859 1.577726e+03
1897 1.555462e+03
1952 1.552849e+03
1958 1.528171e+03
1987 1.517983e+03
1993 1.512911e+03
2001 1.429011e+03
2059 1.419689e+03
2094 1.396355e+03
2124 1.345076e+03
2169 1.327077e+03
2196 1.267164e+03
2230 1.206877e+03
2241 1.135162e+03
2458 1.080964e+03
2462 1.077825e+03
2477 1.064665e+03
2490 1.043119e+03
2516 1.018498e+03
2521 9.741249e+02
2634 9.516052e+02
2673 9.097728e+02
2676 9.021527e+02
2725 8.886608e+02
2741 8.262229e+02
2747 8.022240e+02
2787 7.548578e+02
2842 7.385991e+02
2924 7.315293e+02
2930 6.842269e+02
2965 6.823217e+02
2994 6.741978e+02
3006 6.052576e+02
3200 5.803387e+02
3339 5.660671e+02
3357 5.591384e+02
3371 5.562602e+02
3425 5.554804e+02
3433 5.425806e+02
3458 5.418807e+02
3463 5.360823e+02
3465 5.158573e+02
3531 5.104134e+02
3550 5.059068e+02
3589 5.024525e+02
3632 4.960219e+02
3637 4.842118e+02
3768 4.596263e+02
3851 4.168600e+02
4044 4.133772e+02
4108 3.974988e+02
4194 3.856751e+02
4276 3.814412e+02
4288 3.790266e+02
4319 3.757289e+02
4357 3.744951e+02
4371 3.730416e+02
4408 3.594138e+02
4484 3.585467e+02
4499 3.520511e+02
4555 3.477907e+02
4618 3.386025e+02
4720 3.361460e+02
4779 3.355994e+02
4785 3.323600e+02
4791 3.301442e+02
4883 3.296226e+02
4896 3.286157e+02
4949 3.274631e+02
4984 3.251360e+02
5014 3.232967e+02
5015 3.217095e+02
5039 3.205575e+02
5135 3.187289e+02
5226 3.183306e+02
5242 3.175249e+02
5245 3.169912e+02
5258 3.168323e+02
5306 3.165360e+02
5323 3.162641e+02
5357 3.155778e+02
5360 3.138612e+02
5415 3.138568e+02
5516 3.131483e+02
5522 3.125481e+02
5560 3.118426e+02
5571 3.113082e+02
5587 3.102430e+02
5593 3.100447e+02
5658 3.100069e+02
5691 3.097609e+02
5703 3.095171e+02
5722 3.094212e+02
5729 3.092889e+02
5740 3.087827e+02
5762 3.073945e+02
5842 3.073659e+02
5872 3.060579e+02
5885 3.056466e+02
5997 3.055828e+02
6023 3.051881e+02
6064 3.046078e+02
6189 3.044224e+02
6199 3.035669e+02
6294 3.034936e+02
6302 3.030644e+02
6418 3.028644e+02
6500 3.027532e+02
6520 3.026072e+02
6551 3.024757e+02
6568 3.022640e+02
6594 3.021824e+02
6637 3.021342e+02
6699 3.019506e+02
6717 3.019066e+02
6774 3.017648e+02
6804 3.015008e+02
6815 3.014842e+02
6838 3.013357e+02
6975 3.013349e+02
7016 3.012388e+02
7040 3.012286e+02
7054 3.011792e+02
7057 3.011767e+02
7078 3.010817e+02
7156 3.010228e+02
7223 3.009846e+02
7244 3.009125e+02
7284 3.008962e+02
7293 3.008860e+02
7316 3.008681e+02
7319 3.008278e+02
7324 3.006678e+02
7370 3.006667e+02
7384 3.006086e+02
7463 3.005672e+02
7556 3.005543e+02
7582 3.004763e+02
7597 3.004691e+02
7636 3.004344e+02
7644 3.003647e+02
7804 3.003590e+02
7854 3.003343e+02
7857 3.003157e+02
7954 3.003156e+02
7974 3.002376e+02
8105 3.002034e+02
8187 3.001795e+02
8231 3.001755e+02
8232 3.001716e+02
8279 3.001700e+02
8286 3.001687e+02
8292 3.001527e+02
8351 3.001466e+02
8356 3.001385e+02
8399 3.001208e+02
8497 3.001126e+02
8528 3.001032e+02
8546 3.000998e+02
8591 3.000995e+02
8595 3.000973e+02
8653 3.000900e+02
8669 3.000808e+02
8676 3.000751e+02
8731 3.000700e+02
8801 3.000686e+02
8838 3.000668e+02
8845 3.000554e+02
8930 3.000483e+02
8943 3.000451e+02
9001 3.000417e+02
9030 3.000400e+02
9079 3.000366e+02
9111 3.000351e+02
9246 3.000302e+02
9285 3.000297e+02
9331 3.000293e+02
9404 3.000262e+02
9446 3.000231e+02
9474 3.000198e+02
9583 3.000197e+02
9592 3.000179e+02
9643 3.000177e+02
9646 3.000164e+02
9680 3.000159e+02
9698 3.000147e+02
9758 3.000142e+02
9770 3.000139e+02
9801 3.000124e+02
9892 3.000122e+02
9919 3.000121e+02
9929 3.000113e+02
9939 3.000098e+02
10001 3.000090e+02
10007 3.000087e+02
10058 3.000083e+02
10091 3.000077e+02
10129 3.000077e+02
10139 3.000068e+02
10221 3.000063e+02
10243 3.000062e+02
10248 3.000059e+02
10301 3.000053e+02
10438 3.000048e+02
10455 3.000045e+02
10510 3.000044e+02
10549 3.000040e+02
10634 3.000037e+02
10662 3.000036e+02
10703 3.000031e+02
10708 3.000031e+02
10744 3.000030e+02
10797 3.000028e+02
10810 3.000027e+02
10812 3.000027e+02
10849 3.000027e+02
10855 3.000022e+02
10945 3.000020e+02
10989 3.000019e+02
11033 3.000019e+02
11048 3.000017e+02
11090 3.000016e+02
11112 3.000014e+02
11227 3.000014e+02
11236 3.000013e+02
11243 3.000013e+02
11264 3.000013e+02
11266 3.000011e+02
11351 3.000011e+02
11354 3.000010e+02
11417 3.000010e+02
11433 3.000009e+02
11456 3.000009e+02
11525 3.000008e+02
11540 3.000008e+02
11563 3.000008e+02
11564 3.000007e+02
11626 3.000006e+02
11635 3.000006e+02
11687 3.000005e+02
11848 3.000004e+02
11964 3.000003e+02
11984 3.000003e+02
12059 3.000003e+02
12060 3.000003e+02
12128 3.000003e+02
12164 3.000002e+02
12238 3.000002e+02
12317 3.000002e+02
12327 3.000002e+02
12366 3.000002e+02
12404 3.000002e+02
12419 3.000002e+02
12485 3.000002e+02
12506 3.000001e+02
12620 3.000001e+02
12759 3.000001e+02
12820 3.000001e+02
12832 3.000001e+02
12853 3.000001e+02
12889 3.000001e+02
12988 3.000001e+02
13012 3.000001e+02
13035 3.000001e+02
13100 3.000001e+02
13106 3.000001e+02
13109 3.000001e+02
13130 3.000001e+02
13187 3.000001e+02
13279 3.000000e+02
13283 3.000000e+02
13329 3.000000e+02
13379 3.000000e+02
13462 3.000000e+02
13470 3.000000e+02
13511 3.000000e+02
13540 3.000000e+02
13557 3.000000e+02
13638 3.000000e+02
13654 3.000000e+02
13691 3.000000e+02
13746 3.000000e+02
13799 3.000000e+02
13840 3.000000e+02
13859 3.000000e+02
13860 3.000000e+02
13872 3.000000e+02
13932 3.000000e+02
14079 3.000000e+02
14084 3.000000e+02
14128 3.000000e+02
14151 3.000000e+02
14180 3.000000e+02
14182 3.000000e+02
14221 3.000000e+02
14354 3.000000e+02
14362 3.000000e+02
14379 3.000000e+02
14438 3.000000e+02
14454 3.000000e+02
14458 3.000000e+02
14479 3.000000e+02
14484 3.000000e+02
14531 3.000000e+02
14591 3.000000e+02
14618 3.000000e+02
14640 3.000000e+02
14672 3.000000e+02
14688 3.000000e+02
14699 3.000000e+02
14745 3.000000e+02
14771 3.000000e+02
14782 3.000000e+02
14806 3.000000e+02
14837 3.000000e+02
14922 3.000000e+02
14929 3.000000e+02
14955 3.000000e+02
14972 3.000000e+02
15075 3.000000e+02
15097 3.000000e+02
15126 3.000000e+02
15155 3.000000e+02
15200 3.000000e+02
15226 3.000000e+02
15348 3.000000e+02
15381 3.000000e+02
15418 3.000000e+02
15452 3.000000e+02
15470 3.000000e+02
15473 3.000000e+02
15483 3.000000e+02
15485 3.000000e+02
15486 3.000000e+02
15610 3.000000e+02
15623 3.000000e+02
15675 3.000000e+02
15744 3.000000e+02
15776 3.000000e+02
15911 3.000000e+02
15916 3.000000e+02
15919 3.000000e+02
15937 3.000000e+02
15946 3.000000e+02
15969 3.000000e+02
15980 3.000000e+02
15981 3.000000e+02
16054 3.000000e+02
16159 3.000000e+02
16181 3.000000e+02
16190 3.000000e+02
16191 3.000000e+02
16210 3.000000e+02
16219 3.000000e+02
16318 3.000000e+02
16348 3.000000e+02
16369 3.000000e+02
16396 3.000000e+02
16429 3.000000e+02
16450 3.000000e+02
16491 3.000000e+02
16533 3.000000e+02
16568 3.000000e+02
16628 3.000000e+02
16808 3.000000e+02
16863 3.000000e+02
16911 3.000000e+02
16938 3.000000e+02
16962 3.000000e+02
17007 3.000000e+02
17035 3.000000e+02
17068 3.000000e+02
17086 3.000000e+02
17160 3.000000e+02
17176 3.000000e+02
17362 3.000000e+02
17369 3.000000e+02
17448 3.000000e+02
17468 3.000000e+02
17476 3.000000e+02
17490 3.000000e+02
17536 3.000000e+02
17539 3.000000e+02
17669 3.000000e+02
17673 3.000000e+02
17674 3.000000e+02
17719 3.000000e+02
17780 3.000000e+02
17782 3.000000e+02
17846 3.000000e+02
17938 3.000000e+02
17945 3.000000e+02
17954 3.000000e+02
17961 3.000000e+02
18032 3.000000e+02
18046 3.000000e+02
18073 3.000000e+02
18096 3.000000e+02
18259 3.000000e+02
18270 3.000000e+02
18273 3.000000e+02
18318 3.000000e+02
18328 3.000000e+02
18348 3.000000e+02
18370 3.000000e+02
18399 3.000000e+02
18410 3.000000e+02
18613 3.000000e+02
18625 3.000000e+02
18645 3.000000e+02
18648 3.000000e+02
18682 3.000000e+02
18683 3.000000e+02
18733 3.000000e+02
18792 3.000000e+02
18900 3.000000e+02
18908 3.000000e+02
18965 3.000000e+02
18977 3.000000e+02
18999 3.000000e+02
19002 3.000000e+02
19086 3.000000e+02
19122 3.000000e+02
19138 3.000000e+02
19228 3.000000e+02
19257 3.000000e+02
19265 3.000000e+02
19313 3.000000e+02
19321 3.000000e+02
19334 3.000000e+02
19338 3.000000e+02
19400 3.000000e+02
19463 3.000000e+02
19507 3.000000e+02
19520 3.000000e+02
19548 3.000000e+02
19601 3.000000e+02
19680 3.000000e+02
19711 3.000000e+02
19796 3.000000e+02
19798 3.000000e+02
19871 3.000000e+02
19899 3.000000e+02
19992 3.000000e+02
20049 3.000000e+02
20093 3.000000e+02
20100 3.000000e+02
20101 3.000000e+02
20125 3.000000e+02
20238 3.000000e+02
20251 3.000000e+02
20289 3.000000e+02
20404 3.000000e+02
20505 3.000000e+02
20513 3.000000e+02
20514 3.000000e+02
20519 3.000000e+02
20589 3.000000e+02
20624 3.000000e+02
20670 3.000000e+02
20674 3.000000e+02
20707 3.000000e+02
20738 3.000000e+02
20804 3.000000e+02
20811 3.000000e+02
20839 3.000000e+02
20927 3.000000e+02
20949 3.000000e+02
20970 3.000000e+02
20991 3.000000e+02
21011 3.000000e+02
21013 3.000000e+02
21035 3.000000e+02
21039 3.000000e+02
21061 3.000000e+02
21073 3.000000e+02
21137 3.000000e+02
