1 3.897051e+02
136 2.592787e+02
263 2.233137e+02
270 1.830922e+02
315 1.785426e+02
327 1.783324e+02
329 1.744450e+02
364 1.682780e+02
366 1.517879e+02
384 1.474565e+02
397 1.418008e+02
426 1.376951e+02
428 1.326211e+02
441 1.254093e+02
478 1.091540e+02
520 1.004356e+02
564 9.309415e+01
615 7.221272e+01
703 6.345233e+01
1458 6.062792e+01
1526 4.810649e+01
1658 4.465055e+01
1802 4.112768e+01
6621 3.198072e+01
6809 2.690089e+01
6966 2.471058e+01
7039 2.305436e+01
7075 2.289194e+01
7150 2.276271e+01
7184 2.206629e+01
7186 2.129149e+01
7211 2.125523e+01
7243 2.078418e+01
7275 2.063166e+01
7290 1.989224e+01
7308 1.925867e+01
7373 1.903763e+01
7378 1.816642e+01
7430 1.794445e+01
7508 1.777219e+01
7527 1.710147e+01
7529 1.646015e+01
7548 1.637617e+01
7558 1.592007e+01
7680 1.525814e+01
7737 1.464147e+01
7812 1.463855e+01
7885 1.446064e+01
7895 1.445444e+01
7919 1.431543e+01
7943 1.426153e+01
7954 1.422257e+01
7974 1.420580e+01
7992 1.416260e+01
7994 1.408085e+01
8003 1.404603e+01
8053 1.402867e+01
8119 1.401742e+01
8140 1.401401e+01
8242 1.401232e+01
8257 1.401201e+01
8290 1.400669e+01
8298 1.397895e+01
8341 1.397406e+01
8371 1.396136e+01
8401 1.395759e+01
8409 1.394823e+01
8502 1.394808e+01
8513 1.394234e+01
8562 1.393910e+01
8619 1.393909e+01
8670 1.393798e+01
8745 1.393638e+01
8783 1.393602e+01
8806 1.393528e+01
8828 1.393488e+01
8913 1.393474e+01
8928 1.393432e+01
8946 1.393430e+01
8964 1.393429e+01
9032 1.393427e+01
9045 1.393426e+01
9057 1.393416e+01
9067 1.393379e+01
9145 1.393373e+01
9168 1.393371e+01
9203 1.393368e+01
9277 1.393367e+01
9294 1.393362e+01
9384 1.393362e+01
9447 1.393362e+01
9461 1.393361e+01
9483 1.393361e+01
9509 1.393361e+01
9513 1.393361e+01
9523 1.393361e+01
9583 1.393360e+01
9648 1.393360e+01
9653 1.393360e+01
9661 1.393360e+01
9685 1.393360e+01
9705 1.393360e+01
9735 1.393360e+01
9771 1.393360e+01
9787 1.393360e+01
9913 1.393360e+01
9928 1.393360e+01
9965 1.393360e+01
9990 1.393360e+01
10103 1.393360e+01
10140 1.393360e+01
10171 1.393360e+01
10204 1.393360e+01
10307 1.393360e+01
10346 1.393360e+01
10371 1.393360e+01
10388 1.393360e+01
10408 1.393360e+01
10424 1.393360e+01
10442 1.393360e+01
10480 1.393360e+01
10525 1.393360e+01
10530 1.393360e+01
10627 1.393360e+01
10647 1.393360e+01
10690 1.393360e+01
10699 1.393360e+01
10710 1.393360e+01
10721 1.393360e+01
10729 1.393360e+01
10766 1.393360e+01
10779 1.393360e+01
10814 1.393360e+01
10825 1.393360e+01
10832 1.393360e+01
10878 1.393360e+01
10912 1.393360e+01
10917 1.393360e+01
10981 1.393360e+01
11037 1.393360e+01
11088 1.393360e+01
11112 1.393360e+01
11117 1.393360e+01
11126 1.393360e+01
11175 1.393360e+01
37215 1.369454e+01
37239 1.289171e+01
37371 1.276256e+01
37465 1.275248e+01
37498 1.272875e+01
37537 1.272036e+01
37538 1.221601e+01
37783 1.217271e+01
37790 1.216146e+01
37792 1.214352e+01
37852 1.213601e+01
37861 1.207738e+01
37885 1.207680e+01
37923 1.206029e+01
37984 1.205741e+01
37986 1.205578e+01
38016 1.205312e+01
38041 1.204174e+01
38043 1.203484e+01
38089 1.203379e+01
38120 1.203124e+01
38127 1.202425e+01
38192 1.202051e+01
38210 1.201915e+01
38232 1.201198e+01
38357 1.200912e+01
38431 1.200856e+01
38445 1.200775e+01
38483 1.200492e+01
38552 1.200488e+01
38563 1.200443e+01
38584 1.200424e+01
38609 1.200356e+01
38616 1.200338e+01
38620 1.200302e+01
38721 1.200283e+01
38796 1.200261e+01
38818 1.200251e+01
38852 1.200242e+01
38908 1.200238e+01
39035 1.200233e+01
39057 1.200230e+01
39089 1.200229e+01
39104 1.200229e+01
39108 1.200227e+01
39135 1.200227e+01
39142 1.200227e+01
39153 1.200225e+01
39193 1.200224e+01
39202 1.200223e+01
39207 1.200222e+01
39267 1.200222e+01
39284 1.200221e+01
39370 1.200221e+01
39374 1.200221e+01
39404 1.200220e+01
39475 1.200220e+01
39503 1.200220e+01
39513 1.200220e+01
39544 1.200220e+01
39551 1.200220e+01
39573 1.200220e+01
39643 1.200220e+01
39725 1.200220e+01
39733 1.200220e+01
39750 1.200220e+01
39826 1.200220e+01
39872 1.200220e+01
39918 1.200220e+01
39955 1.200220e+01
39957 1.200220e+01
39961 1.200220e+01
40046 1.200220e+01
40052 1.200220e+01
40065 1.200220e+01
40079 1.200220e+01
40093 1.200220e+01
40139 1.200220e+01
40161 1.200220e+01
40258 1.200220e+01
40340 1.200220e+01
40361 1.200220e+01
40372 1.200220e+01
40383 1.200220e+01
40414 1.200220e+01
40431 1.200220e+01
40432 1.200220e+01
40443 1.200220e+01
40470 1.200220e+01
40515 1.200220e+01
40527 1.200220e+01
40564 1.200220e+01
40613 1.200220e+01
40617 1.200220e+01
40637 1.200220e+01
40650 1.200220e+01
40711 1.200220e+01
40719 1.200220e+01
40765 1.200220e+01
40767 1.200220e+01
40769 1.200220e+01
40804 1.200220e+01
40815 1.200220e+01
40868 1.200220e+01
40907 1.200220e+01
40963 1.200220e+01
40971 1.200220e+01
40980 1.200220e+01
40989 1.200220e+01
41027 1.200220e+01
59874 1.199967e+01
59923 1.199383e+01
60008 1.193445e+01
60050 1.192045e+01
60086 1.186051e+01
60200 1.183633e+01
60400 1.182659e+01
60493 1.182427e+01
60503 1.181977e+01
60521 1.181451e+01
60538 1.180384e+01
60591 1.179898e+01
60646 1.177727e+01
60660 1.176733e+01
60774 1.175697e+01
60847 1.175522e+01
60955 1.174439e+01
61015 1.173738e+01
61295 1.173595e+01
61345 1.173429e+01
61410 1.173213e+01
61459 1.173200e+01
61556 1.172966e+01
61904 1.172956e+01
61915 1.172928e+01
62000 1.172927e+01
62026 1.172913e+01
62057 1.172912e+01
62092 1.172900e+01
62255 1.172896e+01
62264 1.172883e+01
62464 1.172882e+01
62534 1.172878e+01
62537 1.172878e+01
62540 1.172878e+01
62703 1.172874e+01
63011 1.172874e+01
63046 1.172873e+01
63098 1.172873e+01
63127 1.172873e+01
63211 1.172873e+01
63268 1.172873e+01
63270 1.172872e+01
63397 1.172872e+01
63452 1.172872e+01
63544 1.172872e+01
63678 1.172872e+01
63687 1.172872e+01
63700 1.172872e+01
63739 1.172872e+01
63764 1.172872e+01
63862 1.172872e+01
63948 1.172872e+01
64066 1.172872e+01
64129 1.172872e+01
64165 1.172872e+01
64185 1.172872e+01
64196 1.172872e+01
64256 1.172872e+01
64308 1.172872e+01
64336 1.172872e+01
64411 1.172872e+01
64481 1.172872e+01
64575 1.172872e+01
64605 1.172872e+01
64711 1.172872e+01
64792 1.172872e+01
64814 1.172872e+01
64896 1.172872e+01
65036 1.172872e+01
65156 1.172872e+01
65193 1.172872e+01
65266 1.172872e+01
65369 1.172872e+01
65371 1.172872e+01
65515 1.172872e+01
65601 1.172872e+01
65615 1.172872e+01
65624 1.172872e+01
65636 1.172872e+01
65683 1.172872e+01
65762 1.172872e+01
65870 1.172872e+01
65915 1.172872e+01
65964 1.172872e+01
65980 1.172872e+01
66008 1.172872e+01
66116 1.172872e+01
66211 1.172872e+01
66368 1.172872e+01
66481 1.172872e+01
66487 1.172872e+01
66533 1.172872e+01
66709 1.172872e+01
