1 4.300565e+03
3 3.465168e+03
69 3.162721e+03
122 3.151667e+03
127 3.124762e+03
152 3.048788e+03
190 3.036020e+03
194 2.974785e+03
200 2.897903e+03
265 2.757199e+03
364 2.719702e+03
421 2.576791e+03
501 2.147308e+03
831 2.086991e+03
857 1.889957e+03
1193 1.734506e+03
1301 1.490781e+03
1466 1.261281e+03
1651 1.072271e+03
1683 1.016174e+03
2003 9.173100e+02
2038 8.701258e+02
2187 7.445584e+02
2242 6.716575e+02
2317 5.890300e+02
2372 5.331745e+02
2497 5.258525e+02
2670 5.064471e+02
2711 5.048927e+02
2746 5.021753e+02
2823 5.016382e+02
2826 4.980185e+02
2830 4.956781e+02
2835 4.937843e+02
2898 4.934696e+02
2905 4.925259e+02
2987 4.919831e+02
3005 4.915442e+02
3024 4.908687e+02
3039 4.895573e+02
3067 4.887162e+02
3096 4.884565e+02
3118 4.876280e+02
3138 4.872680e+02
3184 4.871355e+02
3190 4.865496e+02
3309 4.864739e+02
3348 4.863359e+02
3415 4.862887e+02
3420 4.862851e+02
3425 4.862507e+02
3446 4.862365e+02
3470 4.862060e+02
3478 4.861706e+02
3481 4.861690e+02
3487 4.861275e+02
3498 4.861272e+02
3502 4.860935e+02
3506 4.860804e+02
3526 4.860548e+02
3565 4.860465e+02
3607 4.860383e+02
3626 4.860199e+02
3638 4.860195e+02
3714 4.860168e+02
3734 4.860038e+02
3750 4.860032e+02
3842 4.860030e+02
3859 4.860014e+02
3873 4.859970e+02
3915 4.859969e+02
3938 4.859968e+02
3992 4.859965e+02
4020 4.859959e+02
4087 4.859958e+02
4096 4.859958e+02
4099 4.859955e+02
4148 4.859954e+02
4192 4.859953e+02
4216 4.859953e+02
4242 4.859952e+02
4270 4.859952e+02
4279 4.859951e+02
4285 4.859951e+02
4357 4.859951e+02
4384 4.859950e+02
4427 4.859950e+02
4433 4.859950e+02
4486 4.859950e+02
4553 4.859950e+02
4559 4.859950e+02
4672 4.859950e+02
4704 4.859950e+02
4713 4.859950e+02
4723 4.859950e+02
4791 4.859950e+02
4930 4.859950e+02
4932 4.859950e+02
4942 4.859950e+02
4954 4.859950e+02
4960 4.859950e+02
4972 4.859950e+02
5022 4.859950e+02
5072 4.859950e+02
5092 4.859950e+02
5143 4.859950e+02
5151 4.859950e+02
5173 4.859950e+02
5181 4.859950e+02
5192 4.859950e+02
5197 4.859950e+02
5209 4.859950e+02
5217 4.859950e+02
5263 4.859950e+02
5296 4.859950e+02
5305 4.859950e+02
5409 4.859950e+02
5431 4.859950e+02
5448 4.859950e+02
5456 4.859950e+02
5515 4.859950e+02
5521 4.859950e+02
5531 4.859950e+02
5545 4.859950e+02
5599 4.859950e+02
5602 4.859950e+02
5615 4.859950e+02
5647 4.859950e+02
5689 4.859950e+02
5732 4.859950e+02
5745 4.859950e+02
5803 4.859950e+02
5832 4.859950e+02
5862 4.859950e+02
5888 4.859950e+02
5916 4.859950e+02
5941 4.859950e+02
5943 4.859950e+02
5947 4.859950e+02
6000 4.859950e+02
6068 4.859950e+02
6091 4.859950e+02
13522 4.129231e+02
14582 3.025187e+02
14996 1.439103e+02
32841 1.419349e+02
32847 1.407980e+02
32888 1.399689e+02
32895 1.326249e+02
32905 1.310078e+02
32921 1.295978e+02
32977 1.294139e+02
33031 1.282781e+02
33090 1.281189e+02
33100 1.279160e+02
33106 1.278479e+02
33107 1.277473e+02
33114 1.275431e+02
33128 1.271235e+02
33129 1.267242e+02
33140 1.264926e+02
33174 1.257471e+02
33376 1.256543e+02
33434 1.256076e+02
33471 1.254958e+02
33600 1.254823e+02
33627 1.254663e+02
33628 1.254506e+02
33668 1.254401e+02
33704 1.254366e+02
33706 1.254257e+02
33735 1.254177e+02
33746 1.254138e+02
33772 1.254119e+02
33776 1.254065e+02
33796 1.254050e+02
33810 1.254042e+02
33815 1.254001e+02
33820 1.253995e+02
33905 1.253972e+02
33937 1.253967e+02
33982 1.253943e+02
34089 1.253935e+02
34270 1.253934e+02
34372 1.253934e+02
34374 1.253934e+02
34384 1.253934e+02
34396 1.253933e+02
34402 1.253933e+02
34410 1.253933e+02
34417 1.253932e+02
34423 1.253932e+02
34476 1.253932e+02
34588 1.253932e+02
34713 1.253932e+02
34719 1.253932e+02
34784 1.253932e+02
34802 1.253932e+02
34828 1.253932e+02
34857 1.253932e+02
34916 1.253932e+02
34923 1.253932e+02
34932 1.253932e+02
34944 1.253932e+02
35062 1.253932e+02
35073 1.253932e+02
35077 1.253932e+02
35082 1.253932e+02
35092 1.253932e+02
35171 1.253932e+02
35174 1.253932e+02
35187 1.253932e+02
35199 1.253932e+02
35202 1.253932e+02
35207 1.253932e+02
35231 1.253932e+02
35253 1.253932e+02
35286 1.253932e+02
35293 1.253932e+02
35326 1.253932e+02
35399 1.253932e+02
35438 1.253932e+02
35511 1.253932e+02
35525 1.253932e+02
35542 1.253932e+02
35554 1.253932e+02
35592 1.253932e+02
35605 1.253932e+02
35607 1.253932e+02
35638 1.253932e+02
35653 1.253932e+02
35735 1.253932e+02
35784 1.253932e+02
35822 1.253932e+02
35879 1.253932e+02
35907 1.253932e+02
35909 1.253932e+02
35921 1.253932e+02
35925 1.253932e+02
35933 1.253932e+02
35937 1.253932e+02
35956 1.253932e+02
35990 1.253932e+02
36017 1.253932e+02
36058 1.253932e+02
36060 1.253932e+02
36141 1.253932e+02
36202 1.253932e+02
36216 1.253932e+02
36223 1.253932e+02
36224 1.253932e+02
36227 1.253932e+02
36232 1.253932e+02
36242 1.253932e+02
46084 9.145424e+01
46207 8.933458e+01
46496 6.459218e+01
46554 4.242164e+01
46948 3.423886e+01
47110 2.955461e+01
47363 2.893747e+01
47424 2.516729e+01
47856 2.470645e+01
47895 2.294896e+01
48146 2.286372e+01
48257 2.265791e+01
48336 2.241283e+01
48539 2.225207e+01
48575 2.224026e+01
48600 2.220149e+01
48640 2.202225e+01
48899 2.201455e+01
48962 2.200889e+01
48974 2.195611e+01
49057 2.192924e+01
49187 2.192098e+01
49265 2.191099e+01
49311 2.190002e+01
49395 2.189805e+01
49505 2.189779e+01
49572 2.189688e+01
49581 2.189645e+01
49684 2.189599e+01
49715 2.189341e+01
49773 2.189185e+01
49794 2.189157e+01
49834 2.188985e+01
49930 2.188882e+01
50051 2.188858e+01
50109 2.188858e+01
50219 2.188836e+01
50232 2.188836e+01
50256 2.188815e+01
50308 2.188809e+01
50363 2.188794e+01
50364 2.188793e+01
50398 2.188788e+01
50402 2.188749e+01
50527 2.188731e+01
50758 2.188718e+01
50964 2.188717e+01
50995 2.188715e+01
51046 2.188714e+01
51060 2.188712e+01
51231 2.188710e+01
51239 2.188707e+01
51390 2.188706e+01
51571 2.188705e+01
51708 2.188705e+01
51867 2.188705e+01
51903 2.188705e+01
51964 2.188705e+01
51968 2.188705e+01
52001 2.188705e+01
52074 2.188705e+01
52083 2.188705e+01
52246 2.188705e+01
52247 2.188705e+01
52269 2.188705e+01
52387 2.188705e+01
52397 2.188704e+01
52485 2.188704e+01
52515 2.188704e+01
52532 2.188704e+01
52655 2.188704e+01
52918 2.188704e+01
52939 2.188704e+01
53031 2.188704e+01
53079 2.188704e+01
53171 2.188704e+01
53348 2.188704e+01
53387 2.188704e+01
53432 2.188704e+01
53593 2.188704e+01
53601 2.188704e+01
53627 2.188704e+01
53757 2.188704e+01
53817 2.188704e+01
53988 2.188704e+01
54023 2.188704e+01
54080 2.188704e+01
54081 2.188704e+01
54165 2.188704e+01
54168 2.188704e+01
54173 2.188704e+01
54248 2.188704e+01
54391 2.188704e+01
54474 2.188704e+01
54545 2.188704e+01
54602 2.188704e+01
54655 2.188704e+01
54669 2.188704e+01
54696 2.188704e+01
54727 2.188704e+01
54758 2.188704e+01
54843 2.188704e+01
54849 2.188704e+01
54964 2.188704e+01
55118 2.188704e+01
55171 2.188704e+01
55176 2.188704e+01
55179 2.188704e+01
55213 2.188704e+01
55224 2.188704e+01
55227 2.188704e+01
55398 2.188704e+01
55465 2.188704e+01
55512 2.188704e+01
55539 2.188704e+01
55569 2.188704e+01
55608 2.188704e+01
76081 2.035264e+01
76924 1.813501e+01
77619 1.130835e+01
78395 1.015222e+01
78589 9.469100e+00
78729 9.103294e+00
78759 6.715341e+00
79094 5.191374e+00
79143 4.484557e+00
79149 4.356065e+00
79704 4.231437e+00
79777 4.146067e+00
79971 4.030084e+00
80217 3.956068e+00
80227 3.766965e+00
80646 3.731933e+00
80691 3.708401e+00
80790 3.673423e+00
80928 3.669887e+00
81002 3.649346e+00
81185 3.642773e+00
81310 3.627343e+00
81489 3.620497e+00
81694 3.619187e+00
81781 3.616883e+00
81919 3.614277e+00
82054 3.610499e+00
82158 3.609533e+00
82216 3.606106e+00
82507 3.605988e+00
82511 3.605700e+00
82530 3.605463e+00
82542 3.605234e+00
82688 3.603815e+00
82707 3.603682e+00
82947 3.603339e+00
82954 3.603329e+00
83101 3.602945e+00
83346 3.602806e+00
83507 3.602689e+00
83558 3.602652e+00
83650 3.602629e+00
83675 3.602626e+00
83722 3.602524e+00
83864 3.602436e+00
83936 3.602391e+00
84202 3.602391e+00
84337 3.602372e+00
84396 3.602362e+00
84783 3.602349e+00
84817 3.602339e+00
84993 3.602335e+00
85090 3.602331e+00
85347 3.602328e+00
85947 3.602328e+00
85952 3.602327e+00
86169 3.602326e+00
86225 3.602326e+00
86248 3.602325e+00
86387 3.602325e+00
86695 3.602325e+00
86715 3.602325e+00
86888 3.602324e+00
87090 3.602324e+00
87111 3.602324e+00
87125 3.602324e+00
87332 3.602324e+00
87352 3.602324e+00
87588 3.602324e+00
87809 3.602324e+00
87876 3.602324e+00
88000 3.602324e+00
88076 3.602324e+00
88082 3.602324e+00
88167 3.602324e+00
88292 3.602324e+00
88332 3.602324e+00
88498 3.602324e+00
88501 3.602324e+00
88543 3.602324e+00
88695 3.602324e+00
88790 3.602324e+00
88834 3.602324e+00
88956 3.602324e+00
89087 3.602324e+00
89094 3.602324e+00
89300 3.602324e+00
89616 3.602324e+00
89713 3.602324e+00
89723 3.602324e+00
89904 3.602324e+00
89946 3.602324e+00
90105 3.602324e+00
90194 3.602324e+00
90476 3.602324e+00
90511 3.602324e+00
90696 3.602324e+00
90746 3.602324e+00
91213 3.602324e+00
91326 3.602324e+00
91415 3.602324e+00
91486 3.602324e+00
91708 3.602324e+00
91839 3.602324e+00
91962 3.602324e+00
