1 4.682043e+03
4 4.051215e+03
6 3.359290e+03
10 3.271864e+03
93 2.905202e+03
210 2.403323e+03
251 1.627102e+03
1482 1.520235e+03
1822 1.420918e+03
1910 1.241260e+03
1999 1.082721e+03
2186 1.008821e+03
2273 7.185859e+02
2337 6.698043e+02
2434 5.801852e+02
2436 5.646431e+02
2500 4.966800e+02
2560 4.324495e+02
2635 4.135750e+02
2678 3.734748e+02
2777 3.673005e+02
2826 3.573662e+02
2887 3.519631e+02
2915 3.516123e+02
2928 3.401007e+02
2939 3.398560e+02
2966 3.370828e+02
3080 3.360022e+02
3086 3.344069e+02
3152 3.343868e+02
3168 3.337954e+02
3169 3.331764e+02
3195 3.324455e+02
3265 3.322015e+02
3285 3.312728e+02
3290 3.308598e+02
3300 3.303925e+02
3348 3.302722e+02
3386 3.302022e+02
3390 3.301953e+02
3424 3.298775e+02
3436 3.297347e+02
3456 3.296781e+02
3498 3.295086e+02
3532 3.295001e+02
3632 3.294724e+02
3639 3.294561e+02
3652 3.293808e+02
3685 3.293584e+02
3725 3.293568e+02
3733 3.293433e+02
3765 3.293316e+02
3782 3.293250e+02
3820 3.293095e+02
3892 3.293018e+02
3906 3.292919e+02
3908 3.292903e+02
3960 3.292896e+02
3985 3.292892e+02
4008 3.292825e+02
4050 3.292811e+02
4071 3.292804e+02
4084 3.292793e+02
4091 3.292791e+02
4125 3.292773e+02
4161 3.292772e+02
4214 3.292769e+02
4235 3.292768e+02
4239 3.292767e+02
4273 3.292766e+02
4274 3.292764e+02
4283 3.292758e+02
4367 3.292756e+02
4446 3.292756e+02
4523 3.292755e+02
4555 3.292755e+02
4671 3.292755e+02
4683 3.292755e+02
4748 3.292755e+02
4752 3.292755e+02
4802 3.292755e+02
4833 3.292755e+02
4849 3.292755e+02
4887 3.292755e+02
4914 3.292755e+02
4952 3.292755e+02
4963 3.292755e+02
4990 3.292755e+02
5202 3.292755e+02
5241 3.292755e+02
5248 3.292755e+02
5283 3.292755e+02
5344 3.292755e+02
5381 3.292755e+02
5413 3.292755e+02
5429 3.292755e+02
5447 3.292755e+02
5450 3.292755e+02
5466 3.292755e+02
5577 3.292755e+02
5602 3.292755e+02
5646 3.292755e+02
5674 3.292755e+02
5721 3.292755e+02
5771 3.292755e+02
5777 3.292755e+02
5799 3.292755e+02
5823 3.292755e+02
5848 3.292755e+02
5849 3.292755e+02
5869 3.292755e+02
5876 3.292755e+02
5890 3.292755e+02
5930 3.292755e+02
5937 3.292755e+02
5950 3.292755e+02
6018 3.292755e+02
6067 3.292755e+02
6100 3.292755e+02
6129 3.292755e+02
6133 3.292755e+02
6149 3.292755e+02
6167 3.292755e+02
6200 3.292755e+02
6231 3.292755e+02
6253 3.292755e+02
6254 3.292755e+02
6256 3.292755e+02
6287 3.292755e+02
6294 3.292755e+02
6346 3.292755e+02
6359 3.292755e+02
6363 3.292755e+02
6369 3.292755e+02
6393 3.292755e+02
6452 3.292755e+02
13936 3.158434e+02
14199 2.273334e+02
14901 1.839443e+02
14974 1.597894e+02
32204 8.299633e+01
32337 5.893680e+01
32381 4.677392e+01
32501 3.295159e+01
32535 3.056507e+01
32582 2.480285e+01
32676 2.320378e+01
32681 2.145670e+01
32683 1.867500e+01
32777 1.865610e+01
32789 1.803688e+01
32793 1.780348e+01
32797 1.772960e+01
32801 1.688246e+01
32823 1.654231e+01
32837 1.653553e+01
32840 1.497974e+01
32847 1.471494e+01
32863 1.422290e+01
32918 1.282453e+01
32974 1.277362e+01
33004 1.246976e+01
33044 1.237101e+01
33076 1.231554e+01
33077 1.228078e+01
33151 1.215994e+01
33180 1.215844e+01
33231 1.211503e+01
33268 1.211493e+01
33290 1.208382e+01
33315 1.206517e+01
33333 1.204240e+01
33414 1.203708e+01
33439 1.203454e+01
33446 1.202925e+01
33455 1.202639e+01
33506 1.202544e+01
33537 1.202220e+01
33675 1.202171e+01
33688 1.202163e+01
33715 1.202146e+01
33720 1.201930e+01
33755 1.201912e+01
33761 1.201807e+01
33849 1.201805e+01
33859 1.201749e+01
33898 1.201720e+01
33998 1.201710e+01
34043 1.201704e+01
34058 1.201702e+01
34099 1.201697e+01
34144 1.201696e+01
34195 1.201694e+01
34199 1.201693e+01
34273 1.201691e+01
34357 1.201690e+01
34484 1.201689e+01
34487 1.201689e+01
34545 1.201689e+01
34560 1.201689e+01
34582 1.201689e+01
34614 1.201689e+01
34647 1.201689e+01
34673 1.201689e+01
34742 1.201689e+01
34784 1.201689e+01
34817 1.201689e+01
34827 1.201689e+01
34885 1.201689e+01
34904 1.201689e+01
34980 1.201689e+01
35016 1.201689e+01
35018 1.201689e+01
35029 1.201689e+01
35079 1.201689e+01
35095 1.201689e+01
35175 1.201689e+01
35213 1.201689e+01
35252 1.201689e+01
35281 1.201689e+01
35294 1.201689e+01
35318 1.201689e+01
35339 1.201689e+01
35368 1.201689e+01
35373 1.201689e+01
35386 1.201689e+01
35403 1.201689e+01
35414 1.201689e+01
35419 1.201689e+01
35430 1.201689e+01
35462 1.201689e+01
35467 1.201689e+01
35504 1.201689e+01
35509 1.201689e+01
35565 1.201689e+01
35592 1.201689e+01
35641 1.201689e+01
35654 1.201689e+01
35664 1.201689e+01
35670 1.201689e+01
35687 1.201689e+01
35748 1.201689e+01
35789 1.201689e+01
35866 1.201689e+01
35880 1.201689e+01
35940 1.201689e+01
35972 1.201689e+01
35981 1.201689e+01
36057 1.201689e+01
36061 1.201689e+01
36090 1.201689e+01
36095 1.201689e+01
45204 8.844186e+00
45549 8.747898e+00
45603 8.555829e+00
45605 8.165150e+00
45662 8.148357e+00
45714 8.069165e+00
45732 7.591814e+00
45789 7.469621e+00
45908 7.428539e+00
45947 7.348591e+00
46003 7.117461e+00
46284 7.112274e+00
46313 7.106232e+00
46329 7.099080e+00
46375 7.041685e+00
46394 7.024207e+00
46498 6.998389e+00
46641 6.982081e+00
46711 6.978814e+00
46789 6.974601e+00
46926 6.969631e+00
46970 6.964450e+00
47163 6.963944e+00
47167 6.963273e+00
47181 6.959896e+00
47378 6.957170e+00
47520 6.956866e+00
47593 6.956674e+00
47607 6.956425e+00
47683 6.956197e+00
47721 6.955894e+00
47800 6.955752e+00
47856 6.955629e+00
47885 6.955404e+00
47958 6.955402e+00
47995 6.955340e+00
48002 6.955282e+00
48015 6.955247e+00
48045 6.955205e+00
48067 6.955177e+00
48097 6.955165e+00
48111 6.955097e+00
48149 6.955010e+00
48192 6.954979e+00
48217 6.954955e+00
48301 6.954928e+00
48330 6.954915e+00
48638 6.954894e+00
48649 6.954880e+00
48750 6.954860e+00
48768 6.954850e+00
49079 6.954847e+00
49120 6.954843e+00
49186 6.954843e+00
49268 6.954842e+00
49273 6.954838e+00
49317 6.954834e+00
49395 6.954833e+00
49505 6.954832e+00
49567 6.954832e+00
49660 6.954831e+00
49857 6.954831e+00
49918 6.954831e+00
50084 6.954831e+00
50153 6.954831e+00
50173 6.954831e+00
50264 6.954830e+00
50325 6.954830e+00
50374 6.954830e+00
50385 6.954830e+00
50407 6.954830e+00
50415 6.954830e+00
50456 6.954830e+00
50557 6.954830e+00
50562 6.954830e+00
50577 6.954830e+00
50591 6.954830e+00
50593 6.954830e+00
50706 6.954830e+00
50708 6.954830e+00
50805 6.954830e+00
50851 6.954830e+00
51011 6.954830e+00
51074 6.954830e+00
51131 6.954830e+00
51152 6.954830e+00
51331 6.954830e+00
51490 6.954830e+00
51668 6.954830e+00
51697 6.954830e+00
51734 6.954830e+00
51803 6.954830e+00
51844 6.954830e+00
52063 6.954830e+00
52112 6.954830e+00
52157 6.954830e+00
52220 6.954830e+00
52252 6.954830e+00
52275 6.954830e+00
52351 6.954830e+00
52592 6.954830e+00
52756 6.954830e+00
52780 6.954830e+00
52792 6.954830e+00
52835 6.954830e+00
52881 6.954830e+00
52977 6.954830e+00
53005 6.954830e+00
53143 6.954830e+00
77604 5.986297e+00
78583 4.492714e+00
79087 4.424423e+00
79263 4.387659e+00
79329 4.164470e+00
79355 4.017788e+00
79752 3.960669e+00
79780 3.929118e+00
79840 3.847660e+00
79974 3.787885e+00
80172 3.767906e+00
80199 3.750344e+00
80406 3.734607e+00
80423 3.713363e+00
80566 3.705173e+00
80792 3.704346e+00
80804 3.703275e+00
80983 3.696863e+00
80987 3.693611e+00
81002 3.687771e+00
81041 3.685969e+00
81183 3.680642e+00
81270 3.678280e+00
81366 3.674697e+00
81383 3.672848e+00
81584 3.671934e+00
81677 3.669554e+00
81773 3.667097e+00
82087 3.666952e+00
82113 3.666899e+00
82271 3.666780e+00
82299 3.666375e+00
82398 3.665670e+00
82573 3.665657e+00
82576 3.665505e+00
82591 3.665409e+00
82779 3.665169e+00
82820 3.664974e+00
83353 3.664909e+00
83447 3.664855e+00
83736 3.664850e+00
83759 3.664832e+00
83824 3.664816e+00
83879 3.664809e+00
84166 3.664800e+00
84286 3.664796e+00
84297 3.664794e+00
84429 3.664792e+00
84674 3.664787e+00
84764 3.664785e+00
84823 3.664784e+00
84906 3.664783e+00
85166 3.664783e+00
85172 3.664783e+00
85182 3.664783e+00
85283 3.664783e+00
85285 3.664782e+00
85291 3.664781e+00
85297 3.664781e+00
85446 3.664781e+00
85490 3.664780e+00
85605 3.664780e+00
85745 3.664779e+00
85896 3.664779e+00
86014 3.664779e+00
86280 3.664779e+00
86349 3.664779e+00
86428 3.664779e+00
86611 3.664779e+00
86968 3.664779e+00
87016 3.664779e+00
87299 3.664779e+00
87380 3.664779e+00
87482 3.664779e+00
87528 3.664778e+00
87582 3.664778e+00
87715 3.664778e+00
87826 3.664778e+00
87944 3.664778e+00
88063 3.664778e+00
88187 3.664778e+00
88434 3.664778e+00
88565 3.664778e+00
88601 3.664778e+00
88725 3.664778e+00
88769 3.664778e+00
88825 3.664778e+00
88847 3.664778e+00
89043 3.664778e+00
89076 3.664778e+00
89278 3.664778e+00
89409 3.664778e+00
89431 3.664778e+00
89572 3.664778e+00
89629 3.664778e+00
89698 3.664778e+00
89800 3.664778e+00
89917 3.664778e+00
89964 3.664778e+00
89985 3.664778e+00
90093 3.664778e+00
90177 3.664778e+00
90313 3.664778e+00
90395 3.664778e+00
90489 3.664778e+00
90862 3.664778e+00
90951 3.664778e+00
91202 3.664778e+00
91341 3.664778e+00
91367 3.664778e+00
91378 3.664778e+00
91588 3.664778e+00
91631 3.664778e+00
