1 1.068589e+15
2 3.767121e+10
6 6.820960e+09
7 1.639848e+09
26 8.788845e+08
135 6.828308e+08
151 6.034074e+07
163 2.977290e+07
184 2.526899e+07
188 7.689124e+06
191 1.610788e+05
255 1.713822e+04
447 4.216517e+03
507 3.065875e+03
581 1.258449e+03
621 4.713793e+02
739 3.104099e+02
782 2.802792e+02
978 2.683751e+02
1042 2.674469e+02
1079 2.533489e+02
1106 2.344714e+02
1138 2.181533e+02
1315 1.921234e+02
1376 1.732747e+02
1525 1.583352e+02
1597 1.551405e+02
1620 1.490437e+02
1757 1.347225e+02
2027 1.294026e+02
2074 1.184406e+02
2196 1.167812e+02
2222 1.157766e+02
2263 1.011538e+02
2382 8.953740e+01
2434 8.669703e+01
2469 8.341615e+01
2659 7.301973e+01
2895 7.159351e+01
2915 5.427094e+01
2969 4.859377e+01
3347 4.048933e+01
3645 3.321051e+01
3750 3.010952e+01
3859 2.980813e+01
4011 2.747240e+01
4110 2.391599e+01
4203 2.379026e+01
4381 2.375305e+01
4461 2.001487e+01
4740 1.623496e+01
5532 1.588878e+01
5622 1.520268e+01
6029 1.451363e+01
6234 1.412437e+01
6388 1.375491e+01
7259 1.331214e+01
7333 1.330610e+01
7363 1.286520e+01
7387 1.205184e+01
7573 1.131300e+01
7767 1.091275e+01
8061 1.081818e+01
8073 1.080629e+01
8169 9.977809e+00
8219 9.514917e+00
9209 9.039896e+00
9582 8.494628e+00
10196 8.178148e+00
10203 7.969050e+00
10520 7.937612e+00
10556 7.760495e+00
10625 7.700768e+00
10636 7.325205e+00
10755 7.030523e+00
11291 6.700316e+00
11742 6.642454e+00
11918 6.522032e+00
11945 6.514221e+00
11978 6.379059e+00
12087 6.343678e+00
12125 6.311677e+00
12177 6.237187e+00
12257 6.108532e+00
12284 5.733694e+00
12631 5.704099e+00
12742 5.647665e+00
12778 5.613386e+00
12848 5.594165e+00
12866 5.540838e+00
12928 5.503625e+00
12959 5.456731e+00
13148 5.455657e+00
13155 5.372345e+00
13163 5.255204e+00
13373 5.230771e+00
13541 5.220752e+00
13564 5.178911e+00
13607 5.131539e+00
13612 5.097364e+00
13640 4.979222e+00
13757 4.975891e+00
13901 4.865824e+00
14008 4.851692e+00
14043 4.835553e+00
14176 4.835260e+00
14446 4.777446e+00
14540 4.776630e+00
14582 4.762200e+00
14599 4.728134e+00
14689 4.687567e+00
14713 4.680600e+00
15000 4.673500e+00
15017 4.660908e+00
15102 4.644652e+00
15107 4.633399e+00
15139 4.626284e+00
15178 4.573610e+00
15369 4.548031e+00
15619 4.534515e+00
15765 4.529358e+00
15768 4.494464e+00
15911 4.464950e+00
16006 4.439263e+00
16437 4.429644e+00
16574 4.420000e+00
16686 4.417571e+00
16732 4.409839e+00
16804 4.405546e+00
16805 4.401382e+00
16878 4.387536e+00
17066 4.378013e+00
17170 4.363286e+00
17360 4.353509e+00
17504 4.351568e+00
17576 4.335893e+00
17938 4.335876e+00
17952 4.335850e+00
18148 4.334216e+00
18219 4.331833e+00
18267 4.327903e+00
18398 4.327465e+00
18418 4.326397e+00
18450 4.318780e+00
18475 4.318285e+00
18526 4.311208e+00
18577 4.307148e+00
18757 4.305876e+00
18759 4.301047e+00
19469 4.297933e+00
19517 4.296399e+00
19595 4.286895e+00
20114 4.286708e+00
20291 4.281666e+00
20417 4.281172e+00
20419 4.279453e+00
20459 4.275278e+00
20809 4.274436e+00
20919 4.271574e+00
20953 4.270260e+00
21055 4.268618e+00
21183 4.266421e+00
21868 4.265958e+00
22184 4.265479e+00
22198 4.263907e+00
22498 4.258580e+00
23323 4.256681e+00
23465 4.254989e+00
23606 4.254114e+00
23676 4.253870e+00
23688 4.253523e+00
23737 4.253331e+00
23874 4.251624e+00
24194 4.251370e+00
24796 4.251322e+00
24914 4.251205e+00
25049 4.251067e+00
25173 4.251041e+00
25335 4.250724e+00
25350 4.250516e+00
25351 4.250323e+00
25361 4.249536e+00
25795 4.249168e+00
25900 4.249108e+00
25986 4.248561e+00
26018 4.247413e+00
26475 4.247244e+00
26504 4.247243e+00
26551 4.247225e+00
26553 4.246843e+00
26566 4.246800e+00
26630 4.246255e+00
26795 4.246061e+00
26796 4.245933e+00
26923 4.245502e+00
27096 4.245495e+00
27102 4.245342e+00
27231 4.245326e+00
27236 4.245243e+00
27281 4.245208e+00
27578 4.245053e+00
27899 4.244979e+00
27960 4.244964e+00
28044 4.244854e+00
28650 4.244852e+00
28668 4.244784e+00
28843 4.244760e+00
28940 4.244745e+00
28946 4.244653e+00
29122 4.244584e+00
29384 4.244548e+00
29413 4.244542e+00
29444 4.244400e+00
29924 4.244318e+00
30224 4.244317e+00
30247 4.244304e+00
30251 4.244270e+00
30267 4.244265e+00
30292 4.244255e+00
30406 4.244222e+00
30482 4.244148e+00
30609 4.244147e+00
30690 4.244044e+00
30792 4.244031e+00
30837 4.244028e+00
30916 4.244008e+00
30979 4.243986e+00
31132 4.243965e+00
31137 4.243960e+00
31237 4.243932e+00
31429 4.243919e+00
31461 4.243899e+00
31646 4.243894e+00
31680 4.243893e+00
31712 4.243885e+00
31716 4.243872e+00
31739 4.243863e+00
31784 4.243848e+00
31797 4.243827e+00
31910 4.243826e+00
32070 4.243806e+00
32110 4.243781e+00
32322 4.243777e+00
32352 4.243766e+00
32392 4.243755e+00
32408 4.243749e+00
32442 4.243721e+00
32563 4.243714e+00
32694 4.243710e+00
32720 4.243693e+00
32857 4.243691e+00
32899 4.243682e+00
32913 4.243682e+00
32967 4.243674e+00
33104 4.243673e+00
33289 4.243670e+00
33368 4.243665e+00
33386 4.243662e+00
33422 4.243657e+00
33495 4.243656e+00
33501 4.243654e+00
33510 4.243650e+00
33666 4.243635e+00
34040 4.243635e+00
34042 4.243626e+00
34208 4.243623e+00
34299 4.243618e+00
34464 4.243617e+00
34568 4.243615e+00
34671 4.243612e+00
34873 4.243611e+00
34951 4.243610e+00
34969 4.243610e+00
34980 4.243610e+00
34999 4.243609e+00
35060 4.243607e+00
35069 4.243604e+00
35084 4.243603e+00
35298 4.243602e+00
35299 4.243602e+00
35333 4.243602e+00
35386 4.243601e+00
35392 4.243601e+00
35426 4.243601e+00
35435 4.243599e+00
35467 4.243598e+00
35616 4.243598e+00
35666 4.243598e+00
35667 4.243597e+00
35693 4.243597e+00
35713 4.243593e+00
36018 4.243593e+00
36103 4.243592e+00
36144 4.243591e+00
36261 4.243589e+00
36625 4.243589e+00
36629 4.243588e+00
36924 4.243587e+00
36973 4.243587e+00
37022 4.243587e+00
37045 4.243587e+00
37065 4.243586e+00
37302 4.243586e+00
37454 4.243586e+00
37468 4.243586e+00
37574 4.243585e+00
37640 4.243585e+00
37858 4.243584e+00
37890 4.243584e+00
37915 4.243584e+00
37940 4.243584e+00
37983 4.243584e+00
38298 4.243584e+00
38314 4.243583e+00
38712 4.243583e+00
38781 4.243583e+00
38824 4.243583e+00
38878 4.243583e+00
39146 4.243582e+00
39407 4.243582e+00
39689 4.243582e+00
39746 4.243582e+00
39778 4.243582e+00
39817 4.243582e+00
39870 4.243582e+00
40118 4.243582e+00
40422 4.243582e+00
40621 4.243582e+00
40714 4.243582e+00
40791 4.243582e+00
40871 4.243582e+00
41251 4.243582e+00
41373 4.243582e+00
41412 4.243582e+00
41544 4.243582e+00
41621 4.243582e+00
41724 4.243582e+00
99034 3.948533e+00
99186 3.876759e+00
99252 3.769014e+00
99309 3.328997e+00
99475 3.121533e+00
99574 2.842001e+00
99750 2.818062e+00
99919 2.707461e+00
101307 2.684408e+00
101610 2.597981e+00
101728 2.568131e+00
101843 2.419965e+00
102010 2.404023e+00
102023 2.364556e+00
102102 2.304227e+00
102279 2.299941e+00
102466 2.205524e+00
102585 2.131278e+00
102645 2.125945e+00
102687 2.120732e+00
102717 2.073844e+00
102818 2.029993e+00
102889 2.000610e+00
102971 1.943935e+00
103009 1.910440e+00
103154 1.903119e+00
103173 1.872801e+00
103206 1.869861e+00
103209 1.858594e+00
103453 1.856966e+00
103504 1.769837e+00
103891 1.595142e+00
104314 1.550064e+00
104461 1.483144e+00
104714 1.476761e+00
104986 1.461447e+00
105067 1.455129e+00
105115 1.433671e+00
105146 1.408179e+00
105570 1.398162e+00
105645 1.396824e+00
105646 1.379243e+00
105837 1.377641e+00
105841 1.369742e+00
105937 1.335745e+00
106501 1.318880e+00
106546 1.314461e+00
106566 1.289855e+00
106848 1.274634e+00
107421 1.273843e+00
107532 1.272349e+00
107574 1.271078e+00
107644 1.270180e+00
107655 1.262001e+00
107749 1.258639e+00
107829 1.247299e+00
108117 1.239983e+00
108227 1.239244e+00
108367 1.233349e+00
108441 1.233144e+00
108549 1.232074e+00
108674 1.231108e+00
108905 1.228826e+00
108964 1.227931e+00
109020 1.224520e+00
109070 1.224289e+00
109131 1.223506e+00
109158 1.221449e+00
109317 1.219174e+00
109691 1.218484e+00
109745 1.217161e+00
109839 1.216629e+00
110120 1.216510e+00
110190 1.214566e+00
110311 1.210830e+00
110341 1.210729e+00
110644 1.208905e+00
111033 1.208384e+00
111064 1.208366e+00
111213 1.208020e+00
111221 1.207581e+00
111312 1.206412e+00
111342 1.206080e+00
111478 1.205807e+00
111760 1.205252e+00
111924 1.204848e+00
111948 1.204331e+00
112129 1.204106e+00
112244 1.203812e+00
112337 1.203739e+00
112512 1.203534e+00
112553 1.203476e+00
112597 1.202309e+00
112878 1.201627e+00
113095 1.201550e+00
113176 1.201473e+00
113403 1.201328e+00
113426 1.200816e+00
113768 1.200686e+00
114084 1.200556e+00
114178 1.200275e+00
114762 1.200258e+00
114846 1.199796e+00
116091 1.199767e+00
116425 1.199702e+00
116531 1.199645e+00
116620 1.199412e+00
117066 1.199371e+00
117098 1.199221e+00
117179 1.198559e+00
117861 1.198519e+00
117978 1.198276e+00
118038 1.198238e+00
118042 1.198190e+00
118180 1.198089e+00
118324 1.198081e+00
118343 1.198066e+00
118373 1.198052e+00
118428 1.198009e+00
118446 1.197969e+00
118497 1.197962e+00
118523 1.197920e+00
118776 1.197918e+00
118916 1.197917e+00
118931 1.197906e+00
118936 1.197887e+00
119007 1.197839e+00
119207 1.197827e+00
119225 1.197816e+00
119250 1.197816e+00
119256 1.197802e+00
119591 1.197798e+00
119758 1.197797e+00
119766 1.197796e+00
119773 1.197794e+00
119777 1.197791e+00
119786 1.197756e+00
119818 1.197745e+00
119980 1.197735e+00
120154 1.197735e+00
120428 1.197715e+00
120605 1.197687e+00
120780 1.197687e+00
121105 1.197666e+00
121475 1.197647e+00
121770 1.197631e+00
121899 1.197617e+00
122054 1.197607e+00
122099 1.197536e+00
122987 1.197533e+00
123037 1.197528e+00
123200 1.197521e+00
123283 1.197514e+00
123358 1.197506e+00
123479 1.197492e+00
123512 1.197492e+00
123629 1.197483e+00
123636 1.197483e+00
123654 1.197481e+00
123664 1.197480e+00
123684 1.197458e+00
124195 1.197450e+00
124203 1.197447e+00
124212 1.197443e+00
124434 1.197443e+00
124456 1.197431e+00
124769 1.197423e+00
124830 1.197421e+00
124939 1.197421e+00
125012 1.197421e+00
125054 1.197407e+00
125188 1.197406e+00
125369 1.197399e+00
125642 1.197398e+00
125683 1.197398e+00
125791 1.197394e+00
125845 1.197393e+00
125866 1.197393e+00
125992 1.197388e+00
126073 1.197388e+00
126188 1.197386e+00
126503 1.197377e+00
126678 1.197376e+00
126929 1.197375e+00
127102 1.197375e+00
127138 1.197374e+00
127193 1.197373e+00
127227 1.197371e+00
127412 1.197370e+00
127543 1.197370e+00
127567 1.197368e+00
127610 1.197367e+00
127681 1.197367e+00
127757 1.197367e+00
127849 1.197366e+00
127873 1.197366e+00
127876 1.197366e+00
127884 1.197366e+00
127912 1.197366e+00
127913 1.197363e+00
128484 1.197363e+00
128623 1.197362e+00
128747 1.197362e+00
128930 1.197361e+00
128980 1.197361e+00
129051 1.197360e+00
129178 1.197360e+00
129235 1.197360e+00
129667 1.197360e+00
129668 1.197359e+00
129794 1.197359e+00
129938 1.197359e+00
129941 1.197359e+00
129999 1.197359e+00
130088 1.197358e+00
130487 1.197358e+00
130615 1.197358e+00
130748 1.197357e+00
130841 1.197357e+00
130979 1.197357e+00
131245 1.197357e+00
131661 1.197357e+00
131849 1.197356e+00
132168 1.197356e+00
132474 1.197356e+00
132506 1.197356e+00
132721 1.197356e+00
132747 1.197356e+00
132765 1.197356e+00
132879 1.197356e+00
132963 1.197356e+00
132983 1.197356e+00
132992 1.197356e+00
133085 1.197356e+00
133100 1.197356e+00
133259 1.197356e+00
133486 1.197356e+00
133818 1.197356e+00
133843 1.197356e+00
133856 1.197356e+00
133896 1.197356e+00
134126 1.197356e+00
134247 1.197356e+00
157792 1.174830e+00
157834 1.124334e+00
158088 1.116742e+00
158119 1.082907e+00
158228 1.069014e+00
158247 8.550554e-01
158532 8.473094e-01
158795 8.280756e-01
158855 8.116172e-01
158863 7.290088e-01
158962 5.828443e-01
159911 5.247917e-01
160012 5.042515e-01
160065 3.899448e-01
160248 3.745304e-01
160717 3.683827e-01
161293 3.250642e-01
161599 2.959081e-01
161644 2.916789e-01
161718 2.328352e-01
162009 2.208962e-01
162531 2.053007e-01
162553 1.912170e-01
162846 1.599236e-01
163487 1.303606e-01
163950 1.089402e-01
164285 1.000021e-01
164792 9.008770e-02
164982 7.382912e-02
165379 6.614214e-02
165795 5.689013e-02
166686 5.017928e-02
166984 4.602801e-02
167089 4.511956e-02
167180 3.510001e-02
167648 3.355451e-02
168019 3.292989e-02
168123 2.964985e-02
168363 2.944700e-02
168421 2.827564e-02
168459 2.662674e-02
168533 2.576471e-02
168640 2.204488e-02
169204 2.023178e-02
169395 2.003821e-02
169430 1.822781e-02
169515 1.539639e-02
169793 1.357411e-02
170221 1.324795e-02
170291 1.212025e-02
170322 1.169194e-02
170526 1.005392e-02
170918 9.853046e-03
171241 9.618337e-03
171346 9.570822e-03
171369 9.122016e-03
171460 8.142380e-03
171720 7.229795e-03
172196 6.347999e-03
172414 6.282179e-03
172518 6.069423e-03
172709 5.693728e-03
172718 5.491861e-03
173119 5.329810e-03
173953 5.146057e-03
174013 4.395952e-03
174686 4.014310e-03
175078 3.531451e-03
175298 3.198825e-03
175583 3.034758e-03
175746 2.791592e-03
176034 2.766791e-03
176687 2.049836e-03
177576 2.015381e-03
177591 1.982011e-03
177607 1.756406e-03
177761 1.648352e-03
177767 1.605809e-03
177824 1.487451e-03
178517 1.438828e-03
178600 1.214873e-03
179360 1.157420e-03
179596 1.056675e-03
179707 1.039034e-03
179994 1.035722e-03
180027 8.965739e-04
180214 8.715290e-04
180439 8.178336e-04
180692 6.665574e-04
181113 6.587284e-04
181316 5.579433e-04
181676 4.565650e-04
182328 4.513664e-04
182376 4.356643e-04
182550 3.731924e-04
182602 3.504551e-04
183122 3.231460e-04
183317 3.223374e-04
183325 3.191457e-04
183440 3.068240e-04
183454 2.911932e-04
183478 2.579416e-04
183787 2.555808e-04
183891 2.317428e-04
184453 1.967142e-04
185337 1.903374e-04
185371 1.783847e-04
185684 1.750856e-04
185747 1.687098e-04
185997 1.612907e-04
186185 1.469489e-04
186320 1.416220e-04
186381 1.234133e-04
186791 7.975358e-05
187253 7.899908e-05
187285 7.627428e-05
187443 6.889064e-05
187524 5.918449e-05
187545 4.377591e-05
188082 4.190191e-05
188394 4.186293e-05
188477 4.032362e-05
188597 3.844320e-05
188764 3.784183e-05
188879 3.479087e-05
188941 3.325526e-05
189114 3.242657e-05
189392 3.012698e-05
189681 2.970690e-05
189852 2.927075e-05
189863 2.909819e-05
189896 2.854452e-05
189910 2.800226e-05
190029 2.720555e-05
190633 2.435600e-05
190800 2.398957e-05
191326 2.245499e-05
191670 2.149876e-05
191881 2.140204e-05
191896 1.975150e-05
191912 1.694512e-05
192456 1.634039e-05
192681 1.256685e-05
194229 1.186934e-05
194457 1.167853e-05
194962 1.147482e-05
194991 1.079147e-05
195025 1.014429e-05
195276 8.892566e-06
195350 8.303105e-06
195607 7.426538e-06
195678 7.251140e-06
195886 6.322118e-06
195959 5.022358e-06
196344 5.000119e-06
196587 3.397980e-06
196930 3.393085e-06
197103 3.307488e-06
197214 2.617654e-06
197337 2.332087e-06
197474 2.105529e-06
197764 2.021902e-06
197779 1.727430e-06
197993 1.431332e-06
198263 1.370733e-06
198510 1.200617e-06
198613 1.063492e-06
198840 1.033216e-06
198909 9.979673e-07
199261 9.392406e-07
199364 9.038267e-07
199518 8.825983e-07
199614 8.738284e-07
199669 8.280506e-07
199685 7.450083e-07
199725 7.189908e-07
199856 6.849499e-07
200035 6.680492e-07
200078 6.615796e-07
200373 6.593118e-07
200626 6.426127e-07
200676 6.176163e-07
200859 6.018413e-07
200967 5.760172e-07
201049 5.093439e-07
201553 4.812623e-07
201792 4.704145e-07
201930 4.620326e-07
202388 4.523048e-07
202608 4.374924e-07
202759 4.092998e-07
202978 3.960818e-07
203021 3.928405e-07
203095 3.637285e-07
203302 3.519219e-07
203652 3.337548e-07
203843 3.072302e-07
204184 2.946746e-07
204345 2.850160e-07
204753 2.755315e-07
204759 2.557127e-07
204893 2.383944e-07
205177 2.381362e-07
205229 2.322495e-07
205301 2.230293e-07
205330 2.160232e-07
205502 2.086892e-07
205570 2.056553e-07
205603 1.766790e-07
205691 1.752043e-07
205858 1.694296e-07
206217 1.444377e-07
207136 1.218257e-07
207531 1.192010e-07
207655 1.184868e-07
207663 1.155989e-07
207667 1.134212e-07
207722 1.126810e-07
207726 1.099770e-07
207792 1.025363e-07
207794 9.730840e-08
207906 7.505986e-08
208531 6.526475e-08
208799 6.108895e-08
209123 5.611202e-08
209569 5.168536e-08
209622 4.995636e-08
209718 4.727812e-08
209944 4.453618e-08
210010 4.210640e-08
210049 3.970449e-08
210107 3.255873e-08
210403 3.245394e-08
210575 2.977258e-08
210592 2.877346e-08
210660 2.760450e-08
210770 2.707885e-08
210858 2.683277e-08
211200 2.666438e-08
211264 2.517869e-08
211273 2.268860e-08
211472 2.124429e-08
211483 2.055256e-08
211626 1.973930e-08
211722 1.826181e-08
211997 1.417411e-08
212197 1.396459e-08
212203 1.356838e-08
212278 1.350032e-08
212370 1.338022e-08
212403 1.320498e-08
212418 1.238315e-08
212610 1.235969e-08
212623 1.186270e-08
212640 9.431845e-09
