1 8.228439e+03
2 7.412734e+03
3 7.083841e+03
6 6.124048e+03
40 5.655740e+03
41 5.231863e+03
470 5.173348e+03
478 5.055102e+03
516 4.905426e+03
523 4.454555e+03
554 4.316778e+03
579 4.202690e+03
585 3.997802e+03
599 3.272444e+03
650 3.230571e+03
676 3.069944e+03
697 2.968401e+03
715 2.885792e+03
719 1.948017e+03
872 1.920620e+03
925 1.915437e+03
934 1.576000e+03
980 1.509604e+03
1079 1.424886e+03
1119 1.395471e+03
1164 1.235002e+03
1200 1.225966e+03
1283 1.155356e+03
1370 1.068629e+03
1378 1.025338e+03
1386 1.011743e+03
1426 9.510484e+02
1490 8.101622e+02
1598 8.042409e+02
1646 7.517273e+02
1675 7.283404e+02
1736 7.127539e+02
1781 6.958578e+02
1816 5.907313e+02
2171 5.356184e+02
2186 4.990330e+02
2198 4.855561e+02
2763 4.732176e+02
2880 4.702062e+02
3090 4.440170e+02
3127 4.435218e+02
3558 4.299091e+02
4292 4.252516e+02
11952 3.944522e+02
25647 3.922434e+02
25704 3.687646e+02
25708 3.654652e+02
25794 3.584910e+02
25803 3.524073e+02
25875 3.419600e+02
25910 3.354599e+02
26259 2.979106e+02
26300 2.959015e+02
26423 2.892900e+02
26459 2.806894e+02
26540 2.623061e+02
26589 2.474473e+02
26647 2.382938e+02
26801 2.361451e+02
26907 2.217006e+02
26999 2.198887e+02
27010 2.134766e+02
27197 2.015646e+02
27293 1.963056e+02
27361 1.944701e+02
27515 1.903257e+02
27601 1.856952e+02
27609 1.849268e+02
27748 1.840580e+02
27779 1.804220e+02
27851 1.739705e+02
27903 1.682895e+02
27923 1.664277e+02
27936 1.635166e+02
27998 1.618921e+02
28039 1.590164e+02
28068 1.558216e+02
28159 1.535689e+02
28267 1.532882e+02
28273 1.492356e+02
28276 1.402473e+02
28321 1.397836e+02
28474 1.309851e+02
28830 1.279485e+02
28901 1.273089e+02
28903 1.260995e+02
28921 1.233339e+02
28968 1.186271e+02
29088 1.171731e+02
29282 1.152205e+02
29311 1.146254e+02
29384 1.122703e+02
29412 1.095169e+02
29536 1.090175e+02
29610 1.070078e+02
29695 1.069637e+02
29706 1.062667e+02
29724 1.057718e+02
29803 1.057083e+02
29829 1.056642e+02
29830 1.049765e+02
29863 1.039384e+02
29905 1.001140e+02
30375 9.963830e+01
30421 9.898152e+01
30446 9.893182e+01
30489 9.880901e+01
30572 9.879074e+01
30592 9.871794e+01
30598 9.853487e+01
30669 9.851402e+01
30710 9.848964e+01
30771 9.800894e+01
30788 9.720971e+01
30855 9.674169e+01
31026 9.672612e+01
31027 9.605348e+01
31082 9.575775e+01
31308 9.567704e+01
31367 9.517428e+01
31523 9.444179e+01
31615 9.438576e+01
31680 9.390957e+01
31785 9.386412e+01
31860 9.383951e+01
32016 9.366546e+01
32091 9.344646e+01
32232 9.320143e+01
32294 9.221963e+01
32453 9.218817e+01
32817 9.199053e+01
32891 9.195154e+01
32932 9.191501e+01
32985 9.134097e+01
33123 9.124672e+01
33217 9.121466e+01
33225 9.083512e+01
33290 9.068838e+01
33459 9.050867e+01
33524 9.048801e+01
33638 9.045640e+01
33728 9.042066e+01
33737 9.040849e+01
33742 9.028660e+01
33781 9.015412e+01
33848 9.007308e+01
33884 9.005366e+01
33899 8.987576e+01
34175 8.986295e+01
34215 8.984419e+01
34240 8.983364e+01
34243 8.980577e+01
34259 8.979354e+01
34316 8.977940e+01
34331 8.969433e+01
34340 8.968858e+01
34350 8.964550e+01
34420 8.964418e+01
34428 8.963323e+01
34542 8.963033e+01
34549 8.961883e+01
34610 8.958165e+01
34621 8.955110e+01
34750 8.954437e+01
34783 8.951636e+01
34908 8.945924e+01
34923 8.942983e+01
34935 8.939411e+01
35056 8.933981e+01
35242 8.933579e+01
35255 8.932823e+01
35295 8.932000e+01
35317 8.931217e+01
35362 8.926037e+01
35442 8.925405e+01
35747 8.924454e+01
35767 8.923455e+01
35800 8.923264e+01
35860 8.922731e+01
35877 8.921692e+01
35947 8.920910e+01
35996 8.919642e+01
36013 8.918148e+01
36175 8.918146e+01
36199 8.914366e+01
36313 8.913761e+01
36542 8.913411e+01
36594 8.912704e+01
36616 8.912697e+01
36633 8.912296e+01
36635 8.911873e+01
36724 8.911252e+01
36750 8.911227e+01
36888 8.910868e+01
37007 8.910815e+01
37024 8.910131e+01
37051 8.910002e+01
37126 8.909940e+01
37235 8.909607e+01
37250 8.909041e+01
37575 8.909008e+01
37606 8.908825e+01
37734 8.908209e+01
37987 8.908206e+01
38011 8.908166e+01
38156 8.908094e+01
38162 8.907742e+01
38334 8.907739e+01
38364 8.907702e+01
38376 8.907673e+01
38396 8.907591e+01
38403 8.907481e+01
38413 8.907441e+01
38447 8.907211e+01
38513 8.907175e+01
38732 8.907067e+01
38767 8.906934e+01
38810 8.906919e+01
38838 8.906910e+01
38843 8.906900e+01
38851 8.906890e+01
38867 8.906720e+01
38988 8.906685e+01
39030 8.906544e+01
39067 8.906518e+01
39127 8.906426e+01
39193 8.906423e+01
39403 8.906418e+01
39415 8.906414e+01
39507 8.906356e+01
39580 8.906267e+01
39642 8.906256e+01
39733 8.906250e+01
39792 8.906236e+01
39805 8.906170e+01
39819 8.906110e+01
39923 8.906068e+01
39986 8.906058e+01
40056 8.906049e+01
40102 8.906039e+01
40143 8.906004e+01
40232 8.905988e+01
40366 8.905986e+01
40413 8.905955e+01
40432 8.905939e+01
40437 8.905902e+01
40502 8.905902e+01
40503 8.905879e+01
40610 8.905838e+01
40936 8.905806e+01
41108 8.905796e+01
41155 8.905785e+01
41191 8.905781e+01
41207 8.905772e+01
41222 8.905755e+01
41244 8.905734e+01
41316 8.905719e+01
41426 8.905713e+01
41527 8.905703e+01
41549 8.905699e+01
41565 8.905697e+01
41623 8.905694e+01
41666 8.905694e+01
41668 8.905692e+01
41684 8.905688e+01
41687 8.905683e+01
41733 8.905682e+01
41734 8.905675e+01
41850 8.905674e+01
41884 8.905669e+01
41887 8.905665e+01
41927 8.905659e+01
42028 8.905659e+01
42053 8.905654e+01
42074 8.905653e+01
42118 8.905639e+01
42235 8.905639e+01
42262 8.905639e+01
42308 8.905637e+01
42310 8.905635e+01
42379 8.905633e+01
42386 8.905628e+01
42475 8.905626e+01
42529 8.905626e+01
42569 8.905620e+01
42947 8.905619e+01
42970 8.905617e+01
43003 8.905614e+01
43092 8.905614e+01
43128 8.905612e+01
43166 8.905611e+01
43169 8.905608e+01
43244 8.905607e+01
43395 8.905607e+01
43431 8.905607e+01
43526 8.905606e+01
43544 8.905605e+01
43556 8.905604e+01
43566 8.905604e+01
43592 8.905603e+01
43605 8.905603e+01
43624 8.905602e+01
43760 8.905600e+01
43896 8.905600e+01
43978 8.905600e+01
44009 8.905598e+01
44046 8.905598e+01
44093 8.905598e+01
44203 8.905598e+01
44310 8.905597e+01
44340 8.905597e+01
44414 8.905596e+01
44432 8.905596e+01
44510 8.905595e+01
44628 8.905595e+01
44792 8.905594e+01
44842 8.905594e+01
44918 8.905594e+01
44970 8.905594e+01
45082 8.905594e+01
45154 8.905594e+01
45172 8.905594e+01
45323 8.905594e+01
45398 8.905593e+01
45437 8.905593e+01
45478 8.905593e+01
45519 8.905593e+01
45634 8.905593e+01
45644 8.905593e+01
45757 8.905593e+01
45843 8.905593e+01
45853 8.905593e+01
45868 8.905593e+01
45890 8.905593e+01
45895 8.905593e+01
45938 8.905593e+01
46055 8.905593e+01
46074 8.905592e+01
46157 8.905592e+01
46300 8.905592e+01
46347 8.905592e+01
46434 8.905592e+01
46490 8.905592e+01
46970 8.905592e+01
47122 8.905592e+01
47145 8.905592e+01
47164 8.905592e+01
47212 8.905592e+01
47247 8.905592e+01
47261 8.905592e+01
47298 8.905592e+01
47341 8.905592e+01
47385 8.905592e+01
47394 8.905592e+01
47428 8.905592e+01
47638 8.905592e+01
47670 8.905592e+01
47674 8.905592e+01
47708 8.905592e+01
47742 8.905592e+01
47757 8.905592e+01
47818 8.905592e+01
47820 8.905592e+01
47822 8.905592e+01
47929 8.905592e+01
48061 8.905592e+01
48067 8.905592e+01
48092 8.905592e+01
48116 8.905592e+01
48126 8.905592e+01
48226 8.905592e+01
48316 8.905592e+01
48343 8.905592e+01
48378 8.905592e+01
48403 8.905592e+01
48571 8.905592e+01
48621 8.905592e+01
48637 8.905592e+01
48638 8.905592e+01
48662 8.905592e+01
48684 8.905592e+01
48773 8.905592e+01
48889 8.905592e+01
49002 8.905592e+01
49142 8.905592e+01
49178 8.905592e+01
49180 8.905592e+01
49262 8.905592e+01
49271 8.905592e+01
49295 8.905592e+01
49425 8.905592e+01
49447 8.905592e+01
49483 8.905592e+01
49612 8.905592e+01
49624 8.905592e+01
49680 8.905592e+01
49741 8.905592e+01
49910 8.905592e+01
49978 8.905592e+01
50114 8.905592e+01
50162 8.905592e+01
50275 8.905592e+01
50288 8.905592e+01
50290 8.905592e+01
50391 8.905592e+01
50430 8.905592e+01
50451 8.905592e+01
50533 8.905592e+01
50546 8.905592e+01
50553 8.905592e+01
50625 8.905592e+01
50650 8.905592e+01
50719 8.905592e+01
50813 8.905592e+01
50863 8.905592e+01
50879 8.905592e+01
50918 8.905592e+01
50992 8.905592e+01
51065 8.905592e+01
51115 8.905592e+01
51179 8.905592e+01
51241 8.905592e+01
51313 8.905592e+01
51376 8.905592e+01
51398 8.905592e+01
51464 8.905592e+01
51550 8.905592e+01
51591 8.905592e+01
51624 8.905592e+01
51638 8.905592e+01
51679 8.905592e+01
51736 8.905592e+01
51750 8.905592e+01
51833 8.905592e+01
51851 8.905592e+01
51868 8.905592e+01
51915 8.905592e+01
52031 8.905592e+01
52039 8.905592e+01
52115 8.905592e+01
52353 8.905592e+01
52464 8.905592e+01
52469 8.905592e+01
52518 8.905592e+01
52543 8.905592e+01
52698 8.905592e+01
52890 8.905592e+01
52978 8.905592e+01
53079 8.905592e+01
53098 8.905592e+01
53189 8.905592e+01
53191 8.905592e+01
53214 8.905592e+01
53224 8.905592e+01
53269 8.905592e+01
53400 8.905592e+01
53454 8.905592e+01
53498 8.905592e+01
53531 8.905592e+01
53599 8.905592e+01
53611 8.905592e+01
53678 8.905592e+01
53722 8.905592e+01
53755 8.905592e+01
53845 8.905592e+01
53931 8.905592e+01
53938 8.905592e+01
53940 8.905592e+01
54129 8.905592e+01
54178 8.905592e+01
54215 8.905592e+01
54273 8.905592e+01
54305 8.905592e+01
54336 8.905592e+01
54383 8.905592e+01
54406 8.905592e+01
54434 8.905592e+01
54443 8.905592e+01
54525 8.905592e+01
54584 8.905592e+01
54673 8.905592e+01
54701 8.905592e+01
54720 8.905592e+01
54748 8.905592e+01
54919 8.905592e+01
54931 8.905592e+01
54936 8.905592e+01
186223 8.867216e+01
186271 8.858635e+01
186290 8.856686e+01
186342 8.856215e+01
186350 8.788467e+01
186369 8.757803e+01
186404 8.709010e+01
186502 8.703078e+01
186505 8.686324e+01
186573 8.618859e+01
186637 8.549216e+01
186744 8.513680e+01
186878 8.477549e+01
187025 8.459703e+01
187039 8.438649e+01
187041 8.413261e+01
187121 8.411194e+01
187130 8.400582e+01
187182 8.375638e+01
187189 8.371575e+01
187225 8.350260e+01
187242 8.347525e+01
187278 8.340617e+01
187315 8.340255e+01
187364 8.321220e+01
187478 8.281185e+01
187643 8.254216e+01
187684 8.245856e+01
187764 8.224644e+01
187904 8.216093e+01
187939 8.213589e+01
188004 8.202955e+01
188021 8.200386e+01
188105 8.198565e+01
188108 8.190267e+01
188137 8.189557e+01
188177 8.173338e+01
188226 8.166450e+01
188388 8.165294e+01
188487 8.154746e+01
188559 8.154379e+01
188598 8.140815e+01
188831 8.131214e+01
189016 8.129678e+01
189032 8.126879e+01
189084 8.126701e+01
189095 8.117665e+01
189275 8.116485e+01
189314 8.116226e+01
189339 8.116104e+01
189343 8.114468e+01
189363 8.112381e+01
189484 8.111115e+01
189522 8.108113e+01
189691 8.105023e+01
189741 8.102458e+01
189769 8.101430e+01
189842 8.101087e+01
189953 8.100500e+01
190032 8.098722e+01
190078 8.098283e+01
190125 8.096908e+01
190187 8.096210e+01
190316 8.096079e+01
190355 8.095379e+01
190356 8.095010e+01
190363 8.091810e+01
190513 8.091630e+01
190655 8.091301e+01
190730 8.090925e+01
190813 8.089582e+01
191199 8.089417e+01
191210 8.089043e+01
191221 8.088296e+01
191252 8.086988e+01
191317 8.086892e+01
191331 8.085774e+01
191376 8.084426e+01
191563 8.084412e+01
191631 8.084073e+01
191700 8.083996e+01
191745 8.083902e+01
191762 8.083064e+01
191949 8.083028e+01
192027 8.082558e+01
192061 8.082457e+01
192083 8.082298e+01
192117 8.082234e+01
192207 8.082064e+01
192208 8.081444e+01
192243 8.081444e+01
192397 8.081335e+01
192462 8.081262e+01
192489 8.081157e+01
192605 8.080956e+01
192625 8.080893e+01
192717 8.080871e+01
192742 8.080863e+01
192770 8.080858e+01
192864 8.080834e+01
192897 8.080345e+01
193186 8.080265e+01
193194 8.080231e+01
193220 8.080224e+01
193292 8.080121e+01
193305 8.080014e+01
193308 8.079832e+01
193479 8.079826e+01
193610 8.079788e+01
193611 8.079691e+01
193626 8.079686e+01
193648 8.079624e+01
193667 8.079608e+01
193710 8.079552e+01
193833 8.079401e+01
194290 8.079397e+01
194302 8.079371e+01
194323 8.079308e+01
194382 8.079269e+01
194573 8.079244e+01
194610 8.079216e+01
194620 8.079162e+01
194669 8.079158e+01
194685 8.079149e+01
194761 8.079088e+01
194930 8.079071e+01
194955 8.079060e+01
194985 8.079032e+01
195122 8.079002e+01
195124 8.078998e+01
195169 8.078981e+01
195440 8.078977e+01
195443 8.078935e+01
195499 8.078931e+01
195516 8.078929e+01
195629 8.078916e+01
195693 8.078913e+01
195791 8.078902e+01
195804 8.078889e+01
195840 8.078881e+01
195984 8.078879e+01
196002 8.078854e+01
196121 8.078837e+01
196157 8.078837e+01
196197 8.078812e+01
196335 8.078812e+01
196401 8.078803e+01
196427 8.078800e+01
196440 8.078793e+01
196767 8.078788e+01
197044 8.078786e+01
197063 8.078785e+01
197100 8.078781e+01
197132 8.078778e+01
197142 8.078777e+01
197151 8.078773e+01
197291 8.078771e+01
197401 8.078770e+01
197402 8.078770e+01
197407 8.078769e+01
197417 8.078767e+01
197431 8.078763e+01
197437 8.078762e+01
197450 8.078759e+01
197557 8.078756e+01
197612 8.078755e+01
197658 8.078754e+01
197760 8.078749e+01
197865 8.078748e+01
197899 8.078746e+01
197981 8.078746e+01
198011 8.078744e+01
198048 8.078743e+01
198051 8.078743e+01
198062 8.078743e+01
198068 8.078742e+01
198186 8.078741e+01
198263 8.078741e+01
198266 8.078740e+01
198322 8.078739e+01
198549 8.078739e+01
198556 8.078737e+01
198566 8.078736e+01
198887 8.078735e+01
198918 8.078735e+01
198931 8.078735e+01
198952 8.078735e+01
199090 8.078734e+01
199115 8.078734e+01
199135 8.078733e+01
199159 8.078733e+01
199178 8.078733e+01
199321 8.078733e+01
199349 8.078732e+01
199414 8.078732e+01
199463 8.078732e+01
199488 8.078732e+01
199568 8.078731e+01
199644 8.078731e+01
199710 8.078731e+01
199860 8.078731e+01
200112 8.078731e+01
200138 8.078730e+01
200240 8.078730e+01
200258 8.078730e+01
200303 8.078730e+01
200340 8.078730e+01
200347 8.078730e+01
200380 8.078730e+01
200476 8.078730e+01
200496 8.078730e+01
200530 8.078730e+01
200600 8.078729e+01
200962 8.078729e+01
201167 8.078729e+01
201294 8.078729e+01
201299 8.078729e+01
201348 8.078729e+01
201398 8.078729e+01
201484 8.078729e+01
201588 8.078729e+01
201595 8.078729e+01
201597 8.078729e+01
201628 8.078729e+01
201699 8.078729e+01
201741 8.078729e+01
201818 8.078729e+01
201836 8.078729e+01
201950 8.078729e+01
202018 8.078729e+01
202029 8.078729e+01
202033 8.078729e+01
202035 8.078728e+01
202133 8.078728e+01
202136 8.078728e+01
202332 8.078728e+01
202419 8.078728e+01
202482 8.078728e+01
202619 8.078728e+01
202648 8.078728e+01
202756 8.078728e+01
202840 8.078728e+01
202865 8.078728e+01
202955 8.078728e+01
202980 8.078728e+01
203023 8.078728e+01
203068 8.078728e+01
203069 8.078728e+01
203099 8.078728e+01
203141 8.078728e+01
203164 8.078728e+01
203192 8.078728e+01
203219 8.078728e+01
203293 8.078728e+01
203299 8.078728e+01
203316 8.078728e+01
203322 8.078728e+01
203384 8.078728e+01
203397 8.078728e+01
203411 8.078728e+01
203538 8.078728e+01
203603 8.078728e+01
203672 8.078728e+01
203673 8.078728e+01
203769 8.078728e+01
203776 8.078728e+01
203801 8.078728e+01
203855 8.078728e+01
203871 8.078728e+01
203890 8.078728e+01
204079 8.078728e+01
204141 8.078728e+01
204298 8.078728e+01
204328 8.078728e+01
204329 8.078728e+01
204336 8.078728e+01
204362 8.078728e+01
204386 8.078728e+01
204437 8.078728e+01
204453 8.078728e+01
204619 8.078728e+01
204662 8.078728e+01
204782 8.078728e+01
204855 8.078728e+01
204869 8.078728e+01
204876 8.078728e+01
204886 8.078728e+01
205099 8.078728e+01
205130 8.078728e+01
205241 8.078728e+01
205261 8.078728e+01
205340 8.078728e+01
205409 8.078728e+01
205692 8.078728e+01
205720 8.078728e+01
205751 8.078728e+01
205787 8.078728e+01
205878 8.078728e+01
205924 8.078728e+01
205959 8.078728e+01
206012 8.078728e+01
206091 8.078728e+01
206114 8.078728e+01
206219 8.078728e+01
206261 8.078728e+01
206366 8.078728e+01
206401 8.078728e+01
206467 8.078728e+01
206608 8.078728e+01
206621 8.078728e+01
206634 8.078728e+01
206662 8.078728e+01
206671 8.078728e+01
206673 8.078728e+01
206682 8.078728e+01
206691 8.078728e+01
206721 8.078728e+01
206735 8.078728e+01
206792 8.078728e+01
206927 8.078728e+01
206955 8.078728e+01
207031 8.078728e+01
207042 8.078728e+01
207078 8.078728e+01
207125 8.078728e+01
207227 8.078728e+01
207233 8.078728e+01
207252 8.078728e+01
207347 8.078728e+01
207380 8.078728e+01
207575 8.078728e+01
207580 8.078728e+01
207709 8.078728e+01
207861 8.078728e+01
207889 8.078728e+01
207897 8.078728e+01
207912 8.078728e+01
208070 8.078728e+01
208289 8.078728e+01
208463 8.078728e+01
208472 8.078728e+01
208629 8.078728e+01
208800 8.078728e+01
208955 8.078728e+01
208965 8.078728e+01
208969 8.078728e+01
209145 8.078728e+01
209160 8.078728e+01
209188 8.078728e+01
209194 8.078728e+01
209242 8.078728e+01
396341 8.044162e+01
396366 7.925895e+01
397273 7.803164e+01
397854 7.706204e+01
397883 7.444336e+01
398185 7.374971e+01
398993 7.341773e+01
399137 7.262354e+01
399239 7.178967e+01
399481 7.137387e+01
399490 7.043765e+01
400132 7.034307e+01
400472 6.779976e+01
401348 6.779973e+01
401859 6.690930e+01
402098 6.687994e+01
402344 6.665675e+01
402383 6.631203e+01
402660 6.631068e+01
402822 6.582064e+01
403320 6.567375e+01
403620 6.563338e+01
403651 6.560656e+01
403810 6.557879e+01
403831 6.549357e+01
403952 6.531696e+01
404158 6.529443e+01
404232 6.527800e+01
404363 6.507768e+01
404809 6.506437e+01
404825 6.494209e+01
404989 6.490233e+01
405068 6.484895e+01
405248 6.482614e+01
405558 6.477213e+01
405839 6.471751e+01
406355 6.470430e+01
406586 6.465509e+01
406976 6.462353e+01
407780 6.460664e+01
407964 6.458234e+01
408237 6.458183e+01
408239 6.455438e+01
408424 6.449906e+01
409358 6.445198e+01
409928 6.444660e+01
409945 6.442349e+01
409989 6.441342e+01
410078 6.440472e+01
410208 6.437899e+01
410258 6.437277e+01
410338 6.436987e+01
410761 6.436107e+01
410901 6.435876e+01
410909 6.434083e+01
411396 6.433408e+01
411772 6.432774e+01
412394 6.431498e+01
412482 6.430188e+01
412679 6.427818e+01
412752 6.427516e+01
413063 6.426226e+01
413580 6.425935e+01
413893 6.424871e+01
414469 6.424397e+01
414474 6.423168e+01
414983 6.423027e+01
415127 6.422701e+01
416318 6.422082e+01
416754 6.421933e+01
416875 6.420922e+01
417615 6.420831e+01
417792 6.420781e+01
417797 6.420774e+01
417801 6.420570e+01
417925 6.420423e+01
417990 6.420331e+01
418423 6.420326e+01
418434 6.420051e+01
418857 6.419971e+01
418893 6.419812e+01
419522 6.419786e+01
419835 6.419660e+01
420143 6.419649e+01
420197 6.419630e+01
420327 6.419628e+01
420328 6.419610e+01
420343 6.419602e+01
420378 6.419591e+01
420398 6.419518e+01
420457 6.419385e+01
420603 6.419326e+01
420916 6.419310e+01
420919 6.419294e+01
421134 6.419264e+01
421410 6.419244e+01
421429 6.419232e+01
421704 6.419231e+01
421805 6.419229e+01
421841 6.419201e+01
421999 6.419191e+01
422087 6.419186e+01
422187 6.419170e+01
422226 6.419147e+01
422370 6.419127e+01
422643 6.419116e+01
423138 6.419104e+01
423285 6.419100e+01
423322 6.419096e+01
423371 6.419094e+01
423374 6.419086e+01
423648 6.419084e+01
423757 6.419066e+01
424070 6.419047e+01
424101 6.419045e+01
424139 6.419026e+01
425213 6.419013e+01
425540 6.419008e+01
425575 6.419007e+01
425658 6.419003e+01
425701 6.419001e+01
425768 6.418993e+01
425979 6.418989e+01
426053 6.418983e+01
426200 6.418977e+01
426470 6.418976e+01
426584 6.418975e+01
426595 6.418970e+01
426677 6.418968e+01
426841 6.418965e+01
426903 6.418961e+01
427250 6.418960e+01
427475 6.418959e+01
427542 6.418958e+01
427547 6.418957e+01
427568 6.418957e+01
427770 6.418954e+01
428042 6.418954e+01
428178 6.418951e+01
428576 6.418951e+01
428606 6.418951e+01
428688 6.418951e+01
428748 6.418951e+01
428899 6.418950e+01
428953 6.418950e+01
429051 6.418950e+01
429099 6.418949e+01
429140 6.418949e+01
429183 6.418948e+01
429451 6.418947e+01
429507 6.418947e+01
429729 6.418947e+01
430056 6.418947e+01
430294 6.418946e+01
430539 6.418946e+01
430557 6.418946e+01
430594 6.418946e+01
430694 6.418946e+01
430746 6.418946e+01
430912 6.418946e+01
430963 6.418945e+01
431011 6.418945e+01
431234 6.418945e+01
431499 6.418945e+01
431584 6.418945e+01
431657 6.418945e+01
431864 6.418945e+01
431909 6.418945e+01
431914 6.418945e+01
432026 6.418945e+01
432379 6.418945e+01
432513 6.418945e+01
432567 6.418945e+01
432688 6.418945e+01
432790 6.418945e+01
432857 6.418945e+01
432877 6.418945e+01
433013 6.418945e+01
433101 6.418944e+01
433297 6.418944e+01
433383 6.418944e+01
433624 6.418944e+01
433632 6.418944e+01
433788 6.418944e+01
433966 6.418944e+01
434055 6.418944e+01
434068 6.418944e+01
434109 6.418944e+01
434155 6.418944e+01
434245 6.418944e+01
434259 6.418944e+01
434524 6.418944e+01
434535 6.418944e+01
434935 6.418944e+01
435102 6.418944e+01
435174 6.418944e+01
435285 6.418944e+01
435421 6.418944e+01
435436 6.418944e+01
435446 6.418944e+01
435493 6.418944e+01
435500 6.418944e+01
435501 6.418944e+01
435629 6.418944e+01
435804 6.418944e+01
435820 6.418944e+01
436193 6.418944e+01
436482 6.418944e+01
436553 6.418944e+01
436572 6.418944e+01
436865 6.418944e+01
437145 6.418944e+01
437158 6.418944e+01
437216 6.418944e+01
437219 6.418944e+01
437418 6.418944e+01
437547 6.418944e+01
437619 6.418944e+01
437626 6.418944e+01
437639 6.418944e+01
437688 6.418944e+01
437726 6.418944e+01
438132 6.418944e+01
438140 6.418944e+01
438209 6.418944e+01
438242 6.418944e+01
438694 6.418944e+01
438888 6.418944e+01
438903 6.418944e+01
438940 6.418944e+01
438981 6.418944e+01
439126 6.418944e+01
439369 6.418944e+01
439471 6.418944e+01
439521 6.418944e+01
439529 6.418944e+01
439956 6.418944e+01
440069 6.418944e+01
440158 6.418944e+01
440498 6.418944e+01
440616 6.418944e+01
440788 6.418944e+01
440803 6.418944e+01
440958 6.418944e+01
441168 6.418944e+01
441223 6.418944e+01
441246 6.418944e+01
441472 6.418944e+01
442001 6.418944e+01
442223 6.418944e+01
442279 6.418944e+01
442476 6.418944e+01
442646 6.418944e+01
442692 6.418944e+01
442725 6.418944e+01
442930 6.418944e+01
442981 6.418944e+01
442987 6.418944e+01
443285 6.418944e+01
443490 6.418944e+01
443885 6.418944e+01
444099 6.418944e+01
444100 6.418944e+01
444165 6.418944e+01
444279 6.418944e+01
444336 6.418944e+01
444642 6.418944e+01
444708 6.418944e+01
444862 6.418944e+01
445034 6.418944e+01
445132 6.418944e+01
445232 6.418944e+01
445340 6.418944e+01
445472 6.418944e+01
445537 6.418944e+01
445611 6.418944e+01
445814 6.418944e+01
446010 6.418944e+01
446027 6.418944e+01
446097 6.418944e+01
446157 6.418944e+01
446226 6.418944e+01
446281 6.418944e+01
446424 6.418944e+01
446578 6.418944e+01
446952 6.418944e+01
447167 6.418944e+01
447500 6.418944e+01
447601 6.418944e+01
