1 5.731090e+04
2 1.794756e+04
54 1.091959e+04
66 5.399079e+03
197 3.962297e+03
308 1.678498e+03
351 1.611579e+03
378 1.346747e+03
394 4.688638e+02
674 4.320508e+02
680 2.125565e+02
690 1.561605e+02
844 1.379378e+02
848 1.278800e+02
876 9.874086e+01
1039 9.855006e+01
1059 9.662038e+01
1084 8.803817e+01
1140 8.577952e+01
1152 8.414150e+01
1165 8.192605e+01
1214 7.277596e+01
1267 7.206539e+01
1328 6.517442e+01
1376 6.364148e+01
1407 6.020735e+01
1408 5.857687e+01
1430 4.220575e+01
1500 3.773009e+01
1544 3.466978e+01
1613 2.048670e+01
1658 1.846368e+01
1780 7.699390e+00
1894 6.426363e+00
2010 6.342765e+00
2030 1.420633e+00
2320 8.635736e-01
2407 7.200339e-01
2423 5.720877e-01
2462 3.487624e-01
2701 3.341223e-01
2727 3.326674e-01
2772 3.270751e-01
2787 1.922379e-01
2841 1.843228e-01
2855 1.478001e-01
2934 1.231511e-01
2994 9.876685e-02
3044 5.988355e-02
3144 5.355062e-02
3218 4.509291e-02
3255 4.055122e-02
3347 4.033898e-02
3516 3.588353e-02
3525 3.483233e-02
3527 3.257520e-02
3602 3.116164e-02
3634 2.936770e-02
3673 2.502395e-02
3690 2.439356e-02
3728 1.895565e-02
3775 1.894506e-02
3808 1.774764e-02
3846 1.749238e-02
3866 1.594734e-02
3873 1.565013e-02
3913 1.215675e-02
4023 1.033445e-02
4121 9.837950e-03
4154 8.114564e-03
4318 7.826957e-03
4323 6.784828e-03
4513 6.446589e-03
4530 6.119994e-03
4539 5.916082e-03
4570 5.629183e-03
4616 5.559302e-03
4624 5.480404e-03
4639 5.170609e-03
4648 4.418073e-03
4709 4.295018e-03
4752 4.224527e-03
4754 3.908450e-03
4788 3.492553e-03
4940 3.442441e-03
4962 3.003381e-03
5006 2.918509e-03
5017 2.511940e-03
5058 2.356997e-03
5167 2.015340e-03
5187 1.793982e-03
5208 1.663110e-03
5330 1.506809e-03
5344 1.472056e-03
5357 1.372896e-03
5362 1.098185e-03
5373 1.091293e-03
5398 9.957282e-04
5431 8.255741e-04
5474 7.426426e-04
5491 7.295079e-04
5501 6.312375e-04
5535 5.968952e-04
5560 3.423821e-04
5684 3.211103e-04
5702 2.879498e-04
5735 2.352598e-04
5813 2.249690e-04
5863 2.031680e-04
5877 1.715670e-04
5913 1.670649e-04
6029 1.488168e-04
6061 1.414631e-04
6077 1.224452e-04
6203 1.080775e-04
6321 1.019954e-04
6345 8.110322e-05
6505 7.291851e-05
6521 7.031436e-05
6529 6.738575e-05
6563 5.752787e-05
6623 5.603960e-05
6658 4.407706e-05
6662 4.186328e-05
6708 3.586270e-05
6747 3.050683e-05
6811 2.821198e-05
6825 2.416746e-05
6863 2.201810e-05
6963 1.813659e-05
6998 1.095566e-05
7295 1.007630e-05
7321 9.904001e-06
7342 9.559614e-06
7348 7.255491e-06
7410 5.624468e-06
7438 4.931311e-06
7538 4.819596e-06
7620 3.970376e-06
7738 3.371236e-06
7842 2.929103e-06
7909 2.408290e-06
7956 2.134076e-06
7965 1.078655e-06
8115 9.720143e-07
8237 8.925372e-07
8294 8.307417e-07
8363 7.746165e-07
8440 7.636544e-07
8507 7.553369e-07
8546 7.462815e-07
8555 7.402856e-07
8556 7.293838e-07
8569 7.216765e-07
8596 7.199281e-07
8615 7.183061e-07
8621 7.147894e-07
8639 7.026686e-07
8685 6.972057e-07
8699 6.926161e-07
8700 6.814535e-07
8712 6.625081e-07
8751 6.604697e-07
8775 6.295824e-07
8894 6.276547e-07
8932 6.219337e-07
8945 6.115154e-07
8988 6.078147e-07
9003 6.041434e-07
9013 6.027179e-07
9041 5.967334e-07
9117 5.833549e-07
9144 5.686797e-07
9176 5.646059e-07
9240 5.585988e-07
9267 5.576181e-07
9270 5.105316e-07
9443 5.056704e-07
9453 4.744912e-07
9485 4.398387e-07
9491 4.381611e-07
9521 4.374425e-07
9524 4.273450e-07
9546 3.777619e-07
9587 3.478411e-07
9686 3.144873e-07
9740 2.955911e-07
9766 2.369756e-07
9840 2.323746e-07
9853 2.077208e-07
9873 2.050334e-07
9879 1.853055e-07
9901 1.618270e-07
10030 1.540875e-07
10041 1.253137e-07
10065 9.549281e-08
10171 7.323454e-08
10192 5.849611e-08
10363 4.273649e-08
10413 4.206329e-08
10420 3.391172e-08
10539 3.283407e-08
10580 2.785367e-08
10606 2.311405e-08
10643 2.292339e-08
10656 2.262688e-08
10660 1.828119e-08
10700 1.654567e-08
10715 1.520360e-08
10763 1.110927e-08
10862 9.533365e-09
40511 9.243912e-09
55155 9.136532e-09
75606 8.800991e-09
95905 6.032266e-09
