1 5.121112e+21
9 6.941945e+17
20 3.529291e+11
26 3.444230e+10
298 1.365329e+10
413 1.053655e+10
419 8.429006e+09
636 7.286703e+09
641 3.251978e+09
770 3.248987e+09
810 2.686890e+09
884 2.253657e+09
898 1.497806e+09
940 1.392885e+09
963 1.250791e+09
1025 9.004093e+08
1060 5.594693e+08
1127 4.795148e+08
1195 3.850322e+08
1266 3.262932e+08
1273 2.766291e+08
1282 1.857594e+08
1304 8.295511e+07
1412 6.206270e+07
1427 5.225860e+07
1501 4.581148e+07
1518 1.896224e+07
1584 1.622228e+07
1711 1.393398e+07
1752 1.064967e+07
1806 8.437843e+06
1836 4.160833e+06
1924 3.661846e+06
1969 2.971960e+06
2005 2.940712e+06
2008 1.958887e+06
2042 1.591281e+06
2047 1.140098e+06
2076 1.002523e+06
2079 9.045181e+05
2159 6.333936e+05
2168 4.617149e+05
2197 2.868074e+05
2286 2.407861e+05
2300 9.757336e+04
2437 9.074039e+04
2463 8.288017e+04
2468 7.743417e+04
2487 3.883243e+04
2519 3.052365e+04
2579 1.552921e+04
2679 1.167718e+04
2680 7.760700e+03
2812 4.579090e+03
2830 2.822598e+03
3080 2.247564e+03
3097 1.710607e+03
3295 1.705605e+03
3296 1.701272e+03
3298 1.697144e+03
3300 1.491452e+03
3314 1.333923e+03
3377 1.316128e+03
3441 1.143583e+03
3497 1.060986e+03
3498 9.542970e+02
3571 9.354245e+02
3586 9.315149e+02
3591 8.335813e+02
3605 8.305480e+02
3609 7.769088e+02
3659 6.246464e+02
3663 4.072613e+02
3744 3.505915e+02
3775 2.686854e+02
3807 2.396995e+02
3837 1.359368e+02
4140 6.050466e+01
4198 5.035944e+01
4255 4.418035e+01
4256 3.829988e+01
4281 3.307071e+01
4294 2.212567e+01
4297 1.941516e+01
4306 1.845121e+01
4326 1.385277e+01
4340 1.330803e+01
4380 1.308353e+01
4395 1.132932e+01
4424 3.038380e+00
4467 2.005926e+00
4598 1.655524e+00
4616 1.643589e+00
4653 1.637469e+00
4668 1.299754e+00
4683 1.102229e+00
4727 8.863571e-01
4778 8.701151e-01
4810 8.351300e-01
4826 7.694131e-01
4837 7.429082e-01
4857 7.150841e-01
4932 7.127680e-01
4948 7.038501e-01
4952 6.930376e-01
4964 6.891704e-01
4975 6.661178e-01
4983 6.640798e-01
5022 6.633528e-01
5029 6.631219e-01
5032 6.592092e-01
5048 6.379447e-01
5228 6.371581e-01
5240 6.360208e-01
5249 6.353189e-01
5306 6.352228e-01
5309 6.347273e-01
5321 6.340768e-01
5362 6.339904e-01
5393 6.339444e-01
5398 6.338546e-01
5430 6.336979e-01
5436 6.334765e-01
5474 6.334259e-01
5501 6.333001e-01
5528 6.332096e-01
5566 6.331317e-01
5571 6.330121e-01
5615 6.329927e-01
5623 6.329463e-01
5636 6.329277e-01
5651 6.329222e-01
5673 6.329222e-01
5676 6.328934e-01
5698 6.327340e-01
5717 6.327238e-01
5735 6.326606e-01
5807 6.325550e-01
5827 6.325455e-01
5829 6.323093e-01
5859 6.322987e-01
5866 6.321386e-01
5949 6.318077e-01
5968 6.315047e-01
6063 6.310306e-01
6074 6.308902e-01
6131 6.307549e-01
6162 6.305688e-01
6163 6.303359e-01
6177 6.303072e-01
6186 6.300680e-01
6196 6.295042e-01
6203 6.290790e-01
6231 6.287113e-01
6235 6.278068e-01
6277 6.277796e-01
6288 6.274947e-01
6314 6.273224e-01
6341 6.271726e-01
6356 6.262395e-01
6373 6.254535e-01
6386 6.251318e-01
6398 6.241859e-01
6420 6.224072e-01
6427 6.220000e-01
6448 6.211019e-01
6486 6.182735e-01
6489 6.171224e-01
6516 6.157299e-01
6534 6.136612e-01
6541 6.102884e-01
6576 6.071610e-01
6605 5.956458e-01
6721 5.922825e-01
6786 5.878660e-01
6812 5.842132e-01
6816 5.773580e-01
6833 5.695369e-01
6891 5.683138e-01
6922 5.622778e-01
6934 5.556605e-01
6952 5.549415e-01
6953 5.534884e-01
6979 5.500490e-01
6991 5.474261e-01
6994 5.389155e-01
7024 5.346847e-01
7052 5.179904e-01
7117 5.147511e-01
7199 5.121095e-01
7203 5.069964e-01
7217 5.026740e-01
7246 5.017493e-01
7272 4.993593e-01
7278 4.971725e-01
7291 4.969242e-01
7298 4.941329e-01
7305 4.936765e-01
7328 4.853115e-01
7338 4.850286e-01
7344 4.837638e-01
7369 4.836385e-01
7400 4.834302e-01
7410 4.812690e-01
7429 4.796685e-01
7433 4.663745e-01
7513 4.532757e-01
7558 4.495369e-01
7585 4.483330e-01
7590 4.422599e-01
7621 4.396862e-01
7638 4.349399e-01
7653 4.348524e-01
7676 4.326113e-01
7689 4.267506e-01
7749 4.242499e-01
7782 4.145477e-01
7854 4.131103e-01
7858 4.114263e-01
7877 4.011958e-01
7906 3.967591e-01
7907 3.955027e-01
7915 3.922284e-01
7943 3.913783e-01
7952 3.857981e-01
7979 3.778884e-01
8030 3.750932e-01
8034 3.715609e-01
8049 3.645064e-01
8097 3.576278e-01
8126 3.482968e-01
8221 3.477494e-01
8229 3.368317e-01
8277 3.300376e-01
8344 3.269723e-01
8375 3.218170e-01
8392 3.124537e-01
8465 3.072860e-01
8522 3.051699e-01
8550 2.928219e-01
8575 2.924014e-01
8617 2.844645e-01
8647 2.755783e-01
8701 2.741711e-01
8707 2.709688e-01
8790 2.704683e-01
8835 2.694627e-01
8874 2.666811e-01
8875 2.611376e-01
8883 2.605523e-01
8906 2.578906e-01
8922 2.536823e-01
8975 2.474735e-01
9003 2.389904e-01
9016 2.321610e-01
9038 2.277791e-01
9130 2.273417e-01
9148 2.270426e-01
9184 2.248239e-01
9216 2.176717e-01
9294 2.162392e-01
9314 2.147410e-01
9347 2.123171e-01
9360 2.100345e-01
9406 2.085660e-01
9415 2.080162e-01
9476 2.035071e-01
9531 2.027418e-01
9544 1.982189e-01
9545 1.925872e-01
9559 1.899410e-01
9610 1.883260e-01
9682 1.882372e-01
9694 1.832640e-01
9728 1.812353e-01
9751 1.795493e-01
9774 1.765490e-01
9854 1.764083e-01
9867 1.733264e-01
9906 1.714855e-01
9948 1.687139e-01
9980 1.650355e-01
10034 1.587563e-01
10095 1.567638e-01
10160 1.523334e-01
10240 1.495907e-01
10244 1.472411e-01
10299 1.460777e-01
10328 1.453247e-01
10336 1.418027e-01
10365 1.396999e-01
10398 1.391811e-01
10414 1.389018e-01
10429 1.307815e-01
10449 1.296723e-01
10503 1.278365e-01
10545 1.198957e-01
10628 1.180042e-01
10651 1.171326e-01
10678 1.124605e-01
10785 1.120842e-01
10801 1.115243e-01
10814 1.105052e-01
10818 1.072035e-01
10884 1.062162e-01
10925 1.061137e-01
10935 1.024517e-01
11028 9.996564e-02
11060 9.942144e-02
11093 9.876087e-02
11098 9.828279e-02
11103 9.581476e-02
11129 9.408886e-02
11177 9.041445e-02
11250 9.020492e-02
11285 8.914467e-02
11308 8.665474e-02
11354 8.601450e-02
11375 8.253022e-02
11416 8.130553e-02
11461 7.866139e-02
11495 7.643982e-02
11499 7.523294e-02
11504 7.417075e-02
11541 7.148356e-02
11631 6.866785e-02
11747 6.798143e-02
11812 6.251848e-02
11876 6.138334e-02
11878 5.911725e-02
11971 5.667028e-02
12015 5.301269e-02
12051 5.089745e-02
12126 4.943098e-02
12170 4.700721e-02
12188 4.648740e-02
12235 4.404861e-02
12240 4.301605e-02
12274 4.128509e-02
12344 4.115202e-02
12349 4.105418e-02
12412 4.064701e-02
12442 3.922367e-02
12526 3.913127e-02
12550 3.853710e-02
12574 3.747081e-02
12588 3.705491e-02
12605 3.600662e-02
12656 3.581583e-02
12663 3.477035e-02
12686 3.419566e-02
12732 3.174630e-02
12784 3.133773e-02
12818 3.120261e-02
12835 3.004780e-02
12914 2.752791e-02
12935 2.639417e-02
13039 2.583685e-02
13061 2.485721e-02
13081 2.450555e-02
13108 2.426532e-02
13122 2.135949e-02
13134 2.059080e-02
13258 1.760369e-02
13361 1.437333e-02
13477 1.416584e-02
13480 1.410976e-02
13490 1.381624e-02
13561 1.244186e-02
13594 1.218370e-02
13622 1.216857e-02
13696 1.167748e-02
13702 1.163735e-02
13722 1.146335e-02
13820 1.052101e-02
13829 1.026876e-02
13851 9.534483e-03
13902 9.531413e-03
13929 8.729405e-03
13972 8.496238e-03
13975 8.118697e-03
14021 7.819204e-03
14053 7.345205e-03
14123 6.692313e-03
14134 6.685110e-03
14169 6.139322e-03
14209 5.825031e-03
14273 5.804327e-03
14297 5.507845e-03
14338 5.406019e-03
14354 5.370396e-03
14358 5.120986e-03
14384 4.933436e-03
14389 4.866157e-03
14391 4.854532e-03
14425 4.830363e-03
14463 4.230355e-03
14595 4.221456e-03
14596 4.214553e-03
14616 3.875125e-03
14624 3.817237e-03
14631 3.306094e-03
14646 3.254596e-03
14787 2.908848e-03
14886 2.889092e-03
14887 2.762009e-03
14953 2.741766e-03
14977 2.638586e-03
14988 2.559739e-03
62910 2.455349e-03
63050 2.421994e-03
63096 2.050924e-03
63353 2.014823e-03
63369 1.910822e-03
63455 1.868227e-03
63536 1.711108e-03
63668 1.678790e-03
63693 1.627113e-03
63694 1.261250e-03
64230 1.256026e-03
64252 1.212016e-03
64268 1.114046e-03
64473 1.096947e-03
64598 1.088062e-03
64612 1.004764e-03
64633 9.098625e-04
64838 9.064345e-04
64904 7.763308e-04
65264 7.657903e-04
65365 7.587181e-04
65375 7.224858e-04
65534 7.018903e-04
65567 6.878509e-04
65568 6.609662e-04
65726 6.481162e-04
65766 6.470161e-04
65768 5.464525e-04
66079 5.420227e-04
66124 5.389962e-04
66157 5.132591e-04
66257 4.319552e-04
66576 4.178988e-04
66699 3.914006e-04
66880 3.844364e-04
66923 3.681948e-04
66954 3.485761e-04
67129 3.463016e-04
67139 3.410759e-04
67183 3.186221e-04
67239 3.031284e-04
67246 2.978963e-04
67269 2.943545e-04
67387 2.556802e-04
67415 2.495051e-04
67608 2.413604e-04
67665 2.401811e-04
67716 2.352015e-04
67832 2.310878e-04
67908 2.253816e-04
67930 2.019156e-04
67991 1.877365e-04
68183 1.809999e-04
68198 1.731552e-04
68297 1.432044e-04
68471 1.380731e-04
68566 1.287991e-04
68799 1.163321e-04
68939 9.869456e-05
69181 9.668199e-05
69221 9.239542e-05
69391 9.220188e-05
69503 8.540077e-05
69518 7.601615e-05
69602 7.545156e-05
69742 7.036109e-05
69842 6.605859e-05
69975 6.438537e-05
70091 6.195179e-05
70131 5.912061e-05
70187 5.630414e-05
70305 4.892271e-05
70533 4.363193e-05
70661 4.278922e-05
70840 4.005854e-05
70925 3.700500e-05
70959 3.632054e-05
71028 3.534340e-05
71041 3.059188e-05
71417 2.970311e-05
71422 2.920607e-05
71434 2.823065e-05
71596 2.744976e-05
71633 2.581025e-05
71724 2.503162e-05
71761 2.426223e-05
71794 2.387219e-05
71879 2.325677e-05
71954 2.031898e-05
72048 1.944484e-05
72230 1.917813e-05
72290 1.870196e-05
72456 1.721119e-05
72580 1.649057e-05
72641 1.453142e-05
72923 1.440012e-05
73006 1.316098e-05
73228 1.092142e-05
73512 9.822912e-06
73669 9.474501e-06
73778 8.043252e-06
74090 7.945208e-06
74152 7.219075e-06
74237 5.983457e-06
74256 5.494520e-06
74629 5.480476e-06
74649 4.960580e-06
74763 4.761058e-06
74917 4.400937e-06
75142 4.374710e-06
75180 4.332059e-06
75254 3.412242e-06
75313 3.347393e-06
75435 3.180273e-06
75645 3.049691e-06
75763 2.746583e-06
75818 1.898227e-06
76069 1.819011e-06
76180 1.791119e-06
76496 1.721432e-06
76506 1.583245e-06
76515 1.404327e-06
76606 1.276340e-06
76739 1.196359e-06
76770 1.146078e-06
76963 1.032718e-06
76994 8.007744e-07
77448 7.256710e-07
77603 5.516145e-07
77939 5.362323e-07
77942 5.312991e-07
77980 5.222595e-07
78020 5.069530e-07
78050 4.892361e-07
78083 4.339761e-07
78181 4.244538e-07
78258 3.282484e-07
78462 2.858244e-07
78703 2.701866e-07
78739 2.284797e-07
78822 1.999398e-07
78960 1.662429e-07
79222 1.463244e-07
79396 1.356752e-07
79459 1.352174e-07
79584 1.128482e-07
79776 7.651463e-08
79943 5.465268e-08
80018 4.361059e-08
80181 3.685165e-08
80407 2.532912e-08
80767 2.379822e-08
80865 2.200197e-08
80941 1.986185e-08
80995 1.947723e-08
81115 1.657495e-08
81321 1.278081e-08
81595 1.266787e-08
81697 1.211326e-08
81707 1.201886e-08
81731 1.040071e-08
81779 8.606965e-09
81786 5.888930e-09
