1 6.195033e+11
45 3.011619e+10
185 2.535306e+10
205 1.002119e+10
391 9.652944e+09
424 8.361593e+09
450 6.475147e+09
555 5.016120e+09
591 4.470346e+09
596 4.164181e+09
634 3.568476e+09
670 2.766813e+09
697 1.640989e+09
718 1.594474e+09
825 1.473971e+09
837 1.031844e+09
869 9.927281e+08
929 6.328490e+08
964 3.557740e+08
1151 3.236849e+08
1225 2.403665e+08
1325 1.373475e+08
1345 9.165360e+07
1495 7.468639e+07
1539 5.538146e+07
1599 4.154197e+07
1684 3.190745e+07
1749 2.540393e+07
1778 2.364058e+07
1804 2.128315e+07
1901 1.918541e+07
1995 1.836285e+07
2006 6.870784e+06
2049 5.903256e+06
2100 5.738404e+06
2124 4.898159e+06
2140 4.702298e+06
2162 3.086295e+06
2206 2.262559e+06
2231 1.200040e+06
2288 1.180431e+06
2299 9.700574e+05
2359 4.800575e+05
2512 3.223875e+05
2576 1.568752e+05
2670 1.487088e+05
2789 1.178036e+05
2838 8.091888e+04
2953 7.204157e+04
3004 4.441611e+04
3041 2.357166e+04
3146 1.908337e+04
3183 1.426792e+04
3198 1.080912e+04
3215 9.308499e+03
3275 9.002460e+03
3288 8.260989e+03
3289 6.237452e+03
3313 6.099304e+03
3316 5.930427e+03
3321 4.551954e+03
3352 3.420441e+03
3452 3.346780e+03
3463 2.457124e+03
3471 1.838231e+03
3487 1.822916e+03
3499 1.628628e+03
3504 1.266829e+03
3538 1.063537e+03
3640 9.051188e+02
3680 7.062225e+02
3736 6.908821e+02
3758 6.334316e+02
3774 5.903531e+02
3787 4.816414e+02
3857 3.708737e+02
3957 3.243173e+02
3972 2.416142e+02
4039 2.141168e+02
4075 1.833552e+02
4083 1.678851e+02
4146 1.434658e+02
4155 1.125447e+02
4194 7.270053e+01
4230 6.219931e+01
4337 6.173710e+01
4353 2.710581e+01
4383 2.245242e+01
4392 2.238041e+01
4405 1.837641e+01
4408 1.617688e+01
4531 8.037082e+00
4674 2.580122e+00
4770 1.647393e+00
4828 1.561536e+00
4838 1.426568e+00
4860 1.326945e+00
4870 9.135618e-01
4881 8.239641e-01
4962 3.258811e-01
5078 2.021401e-01
5171 1.779688e-01
5184 1.513347e-01
5215 1.356603e-01
5247 1.220874e-01
5268 1.017399e-01
5274 9.193167e-02
5291 8.925428e-02
5295 6.302379e-02
5349 5.607609e-02
5390 4.995440e-02
5396 4.465723e-02
5451 4.148657e-02
5453 3.715213e-02
5497 3.603834e-02
5565 3.333264e-02
5629 3.329232e-02
5667 3.316696e-02
5690 3.265225e-02
5693 3.235266e-02
5717 3.208025e-02
5732 3.198330e-02
5758 3.197547e-02
5772 3.158461e-02
5810 3.140946e-02
5857 3.132888e-02
5936 3.128736e-02
5945 3.124430e-02
5976 3.122377e-02
5982 3.122056e-02
6005 3.119008e-02
6054 3.118869e-02
6062 3.116144e-02
6204 3.115526e-02
6213 3.115366e-02
6243 3.115093e-02
6288 3.114661e-02
6308 3.114405e-02
6347 3.113443e-02
6370 3.112944e-02
6411 3.112319e-02
6447 3.111733e-02
6507 3.111176e-02
6538 3.110966e-02
6548 3.109661e-02
6620 3.107259e-02
6626 3.104841e-02
6647 3.103561e-02
6678 3.103239e-02
6699 3.101537e-02
6744 3.101422e-02
6748 3.091587e-02
6782 3.090677e-02
6798 3.088881e-02
6848 3.087475e-02
6854 3.078559e-02
6884 3.074587e-02
6893 3.071004e-02
6901 3.066034e-02
6923 3.059550e-02
6947 3.046351e-02
6960 3.043882e-02
6973 2.998463e-02
7093 2.950400e-02
7099 2.943879e-02
7151 2.913849e-02
7167 2.793567e-02
7252 2.742335e-02
7271 2.695917e-02
7280 2.531257e-02
7323 2.460465e-02
7399 2.428663e-02
7400 2.387084e-02
7424 2.201194e-02
7540 2.123140e-02
7576 2.015029e-02
7643 2.012783e-02
7667 1.952338e-02
7672 1.941500e-02
7677 1.902173e-02
7689 1.735905e-02
7784 1.674558e-02
7795 1.532155e-02
7843 1.465591e-02
7849 1.347995e-02
7950 1.328145e-02
7959 1.220222e-02
8057 1.157875e-02
8064 1.145808e-02
8102 1.068045e-02
8133 1.062035e-02
8140 1.012771e-02
8189 9.199117e-03
8248 8.772413e-03
8272 7.978935e-03
8322 7.912311e-03
8368 7.135661e-03
8404 7.122856e-03
8412 5.886013e-03
8488 5.681183e-03
8499 5.608157e-03
8526 5.439526e-03
8573 5.301738e-03
8600 5.054384e-03
8638 4.993827e-03
8680 4.992670e-03
8702 4.969731e-03
8726 4.907226e-03
8760 4.363893e-03
8806 4.276642e-03
8837 4.248189e-03
8916 3.734338e-03
8991 3.700543e-03
9014 3.644789e-03
9033 3.241392e-03
9053 3.197030e-03
9105 2.918568e-03
9160 2.908004e-03
9228 2.784618e-03
9269 2.617258e-03
9328 2.364599e-03
9391 2.311839e-03
9427 2.275583e-03
9463 2.232848e-03
9510 2.125085e-03
9558 2.065481e-03
9594 2.052141e-03
9610 2.010788e-03
9622 1.921729e-03
9699 1.915231e-03
9710 1.845341e-03
9715 1.759386e-03
9727 1.719028e-03
9736 1.712039e-03
9764 1.695999e-03
9799 1.529124e-03
9908 1.442958e-03
9922 1.430195e-03
9959 1.374957e-03
9963 1.373376e-03
9967 1.366288e-03
9988 1.345529e-03
10029 1.256603e-03
10066 1.248823e-03
10104 1.028432e-03
10230 1.016558e-03
10282 9.663220e-04
10336 9.468582e-04
10387 8.814966e-04
10439 8.425217e-04
10500 7.986424e-04
10577 7.142623e-04
10599 7.024189e-04
10636 6.814463e-04
10702 6.790446e-04
10757 6.517961e-04
10891 5.948577e-04
10933 5.795738e-04
10950 5.785541e-04
10967 5.516767e-04
11010 5.188385e-04
11038 5.086569e-04
11050 5.029727e-04
11077 5.002017e-04
11127 4.497540e-04
11199 4.478053e-04
11219 4.418754e-04
11263 4.120222e-04
11286 4.054227e-04
11336 3.618187e-04
11355 3.429004e-04
11451 3.377786e-04
11505 3.332128e-04
11513 3.095956e-04
11641 2.990536e-04
11663 2.966627e-04
11714 2.927183e-04
11719 2.795997e-04
11729 2.774904e-04
11797 2.684972e-04
11805 2.646495e-04
11838 2.565969e-04
11848 2.488729e-04
11850 2.412741e-04
11984 2.265928e-04
12025 2.237083e-04
12100 2.179571e-04
12149 2.149190e-04
12195 2.095635e-04
12211 2.027052e-04
12291 1.983521e-04
12317 1.902855e-04
12330 1.809144e-04
12345 1.767825e-04
12349 1.761090e-04
12356 1.740963e-04
12368 1.660632e-04
12487 1.659521e-04
12519 1.615822e-04
12602 1.463240e-04
12678 1.435597e-04
12702 1.367717e-04
12754 1.324958e-04
12803 1.277926e-04
12832 1.237423e-04
12868 1.146441e-04
12947 1.122599e-04
12994 1.106930e-04
13012 1.085378e-04
13023 1.063346e-04
13029 1.029661e-04
13044 1.026548e-04
13092 1.007615e-04
13097 9.701139e-05
13140 9.646793e-05
13168 9.471917e-05
13182 9.327496e-05
13205 9.292221e-05
13221 9.176490e-05
13227 8.942920e-05
13236 8.735521e-05
13251 8.564917e-05
13285 8.495445e-05
13287 7.883348e-05
13308 7.590206e-05
13341 7.543930e-05
13384 7.104258e-05
13497 7.053077e-05
13505 6.805512e-05
13521 6.365000e-05
13571 6.112246e-05
13580 5.818211e-05
13627 5.653035e-05
13690 5.626768e-05
13717 5.336839e-05
13733 5.200012e-05
13734 5.082230e-05
13757 4.860064e-05
13758 4.813225e-05
13844 4.778260e-05
13891 4.262257e-05
13938 4.033305e-05
14074 3.842269e-05
14097 3.516182e-05
14161 3.506726e-05
14172 3.486387e-05
14174 3.456708e-05
14218 3.275939e-05
14241 3.206421e-05
14246 3.100837e-05
14287 3.085214e-05
14354 3.052144e-05
14357 3.045774e-05
14369 2.905104e-05
14380 2.728164e-05
14433 2.638659e-05
14457 2.526761e-05
14513 2.489816e-05
14529 2.467922e-05
14556 2.386716e-05
14601 2.368558e-05
14625 2.127558e-05
14695 2.072706e-05
14728 2.025944e-05
14740 1.917309e-05
14786 1.914376e-05
14822 1.884113e-05
14827 1.845293e-05
14874 1.789954e-05
14879 1.634873e-05
14891 1.593544e-05
14900 1.516280e-05
40627 1.242490e-05
40702 7.561261e-06
40746 6.015638e-06
40778 4.992178e-06
40784 4.215446e-06
40876 3.999945e-06
40881 3.605226e-06
40899 2.090255e-06
40944 1.819649e-06
40977 1.147504e-06
40991 6.100377e-07
41178 3.895556e-07
41286 1.725574e-07
41372 1.659101e-07
41392 1.585251e-07
41464 1.432316e-07
41497 9.195817e-08
41541 6.552795e-08
41600 5.997049e-08
41608 5.254447e-08
41732 3.552087e-08
41773 2.847021e-08
41811 2.542308e-08
41838 1.279450e-08
41980 9.585970e-09
