1 1.253930e+01
6 9.039148e+00
7 7.193777e+00
8 5.225361e+00
72 4.043248e+00
219 2.674455e+00
1810 2.417562e+00
2559 2.185249e+00
5285 2.130693e+00
6788 1.969188e+00
12282 1.527855e+00
13211 1.437793e+00
17704 1.085965e+00
17967 1.040198e+00
17985 1.009799e+00
17989 1.009799e+00
17995 1.009799e+00
17998 1.009799e+00
18001 1.009799e+00
18004 1.009799e+00
18007 1.009799e+00
18010 1.009799e+00
18115 1.009799e+00
18118 1.009799e+00
18121 1.009799e+00
18124 1.009799e+00
18127 1.009799e+00
18276 9.629021e-01
18295 9.629021e-01
18298 9.629021e-01
18301 9.629021e-01
18304 9.629021e-01
18307 9.629021e-01
18561 9.329732e-01
18562 9.329732e-01
18565 9.329732e-01
18568 9.329732e-01
18571 9.329732e-01
18574 9.329732e-01
18577 9.329732e-01
18580 9.329732e-01
18583 9.329732e-01
18586 9.329732e-01
18589 9.329732e-01
18661 9.329732e-01
18664 9.329732e-01
18667 9.329732e-01
18670 9.329732e-01
18673 9.329732e-01
18676 9.329732e-01
18679 9.329732e-01
18682 9.329732e-01
18685 9.329732e-01
18688 9.329732e-01
18715 9.329732e-01
18718 9.329732e-01
18721 9.329732e-01
18724 9.329732e-01
18727 9.329732e-01
18985 9.329732e-01
18988 9.329732e-01
18991 9.329732e-01
18994 9.329732e-01
18997 9.329732e-01
19161 9.258333e-01
19162 9.258333e-01
19165 9.258333e-01
19168 9.258333e-01
19171 9.258333e-01
19174 9.258333e-01
19177 9.258333e-01
19180 9.258333e-01
19183 9.258333e-01
19184 9.237373e-01
19185 9.237373e-01
19188 9.237373e-01
19191 9.237373e-01
19209 9.237373e-01
19314 9.237373e-01
19317 9.237373e-01
19320 9.237373e-01
19323 9.237373e-01
19326 9.237373e-01
19466 5.739696e-01
19467 5.739696e-01
19470 5.739696e-01
19473 5.739696e-01
19476 5.739696e-01
19479 5.739696e-01
19482 5.739696e-01
19485 5.739696e-01
19488 5.739696e-01
19491 5.739696e-01
19494 5.739696e-01
19560 5.739696e-01
19563 5.739696e-01
19566 5.739696e-01
19569 5.739696e-01
19572 5.739696e-01
19575 5.739696e-01
19578 5.739696e-01
19581 5.739696e-01
19584 5.739696e-01
19587 5.739696e-01
19830 5.739696e-01
19833 5.739696e-01
19836 5.739696e-01
19839 5.739696e-01
19842 5.739696e-01
19845 5.739696e-01
19848 5.739696e-01
19851 5.739696e-01
19854 5.739696e-01
19857 5.739696e-01
30002 5.739696e-01
30005 5.739696e-01
30008 5.739696e-01
30011 5.739696e-01
30014 5.739696e-01
30017 5.739696e-01
