1 4.564415e+03
2 4.351627e+03
4 4.068455e+03
5 3.248946e+03
23 3.046995e+03
34 2.841122e+03
46 2.721926e+03
327 2.670966e+03
342 2.365215e+03
575 2.098983e+03
1746 2.088856e+03
2050 1.912082e+03
2844 1.816539e+03
4781 1.774640e+03
5174 1.768237e+03
5494 1.526600e+03
6290 1.327749e+03
6332 1.146255e+03
6468 9.830013e+02
6589 9.239450e+02
6634 8.374137e+02
6898 8.023657e+02
6972 6.287104e+02
7066 5.469103e+02
7106 5.184964e+02
7177 5.179405e+02
7225 5.082764e+02
7242 4.979006e+02
7284 4.772075e+02
7357 4.763788e+02
7400 4.734770e+02
7411 4.719022e+02
7423 4.701100e+02
7461 4.641421e+02
7480 4.608434e+02
7507 4.592448e+02
7520 4.557324e+02
7568 4.557010e+02
7579 4.556890e+02
7606 4.533778e+02
7649 4.531331e+02
7665 4.511907e+02
7699 4.497539e+02
7749 4.487397e+02
7812 4.483215e+02
7873 4.470108e+02
7946 4.469798e+02
8000 4.466851e+02
8047 4.466285e+02
8096 4.466189e+02
8099 4.466170e+02
8124 4.462393e+02
8141 4.461985e+02
8173 4.461735e+02
8199 4.460912e+02
8432 4.460035e+02
8452 4.459697e+02
8472 4.459554e+02
8519 4.459019e+02
8593 4.458702e+02
8681 4.458699e+02
8757 4.458691e+02
8776 4.458687e+02
8804 4.458684e+02
8807 4.458676e+02
8817 4.458652e+02
8835 4.458652e+02
8871 4.458651e+02
8872 4.458636e+02
8876 4.458623e+02
8946 4.458622e+02
8981 4.458621e+02
8998 4.458617e+02
9035 4.458617e+02
9069 4.458615e+02
9090 4.458615e+02
9101 4.458615e+02
9139 4.458614e+02
9173 4.458614e+02
9199 4.458614e+02
9258 4.458614e+02
9262 4.458614e+02
9271 4.458614e+02
9312 4.458614e+02
9368 4.458614e+02
9432 4.458614e+02
9448 4.458613e+02
9465 4.458613e+02
9466 4.458613e+02
9499 4.458613e+02
9503 4.458613e+02
9578 4.458613e+02
9615 4.458613e+02
9667 4.458613e+02
9718 4.458613e+02
9763 4.458613e+02
9825 4.458613e+02
9826 4.458613e+02
9891 4.458613e+02
9921 4.458613e+02
9922 4.458613e+02
9932 4.458613e+02
9948 4.458613e+02
9971 4.458613e+02
10007 4.458613e+02
10011 4.458613e+02
10026 4.458613e+02
10048 4.458613e+02
10082 4.458613e+02
10143 4.458613e+02
10165 4.458613e+02
10178 4.458613e+02
10188 4.458613e+02
10199 4.458613e+02
10202 4.458613e+02
10205 4.458613e+02
10206 4.458613e+02
10214 4.458613e+02
10226 4.458613e+02
10286 4.458613e+02
10376 4.458613e+02
10407 4.458613e+02
10427 4.458613e+02
10475 4.458613e+02
10535 4.458613e+02
10559 4.458613e+02
10571 4.458613e+02
10598 4.458613e+02
10609 4.458613e+02
10620 4.458613e+02
10635 4.458613e+02
10666 4.458613e+02
10673 4.458613e+02
10722 4.458613e+02
10735 4.458613e+02
10827 4.458613e+02
10840 4.458613e+02
10906 4.458613e+02
10909 4.458613e+02
10936 4.458613e+02
10952 4.458613e+02
10963 4.458613e+02
10981 4.458613e+02
36476 4.111151e+02
36577 4.050028e+02
36668 4.030502e+02
36676 4.016249e+02
36690 3.843406e+02
36750 3.806703e+02
36853 3.790650e+02
36862 3.784910e+02
36925 3.776365e+02
36927 3.772121e+02
36936 3.725631e+02
36947 3.706070e+02
37000 3.702060e+02
37029 3.695140e+02
37056 3.677838e+02
37079 3.671620e+02
37101 3.640668e+02
37153 3.638893e+02
37167 3.609094e+02
37216 3.603315e+02
37255 3.594728e+02
37312 3.590700e+02
37313 3.589571e+02
37321 3.588364e+02
37323 3.584138e+02
37339 3.580469e+02
37341 3.576974e+02
37347 3.572062e+02
37413 3.569119e+02
37423 3.565790e+02
37462 3.545762e+02
37527 3.544466e+02
37558 3.541706e+02
37589 3.540399e+02
37620 3.539260e+02
37625 3.539235e+02
37642 3.538689e+02
37694 3.537684e+02
37777 3.537630e+02
37808 3.537199e+02
37876 3.537172e+02
37907 3.537172e+02
37912 3.537158e+02
37921 3.537112e+02
37924 3.537028e+02
37940 3.536966e+02
37974 3.536965e+02
37990 3.536884e+02
38026 3.536845e+02
38072 3.536824e+02
38114 3.536819e+02
38123 3.536794e+02
38136 3.536789e+02
38166 3.536786e+02
38178 3.536761e+02
38228 3.536751e+02
38301 3.536747e+02
38317 3.536746e+02
38348 3.536744e+02
38360 3.536744e+02
38368 3.536741e+02
38422 3.536740e+02
38456 3.536738e+02
38478 3.536737e+02
38484 3.536735e+02
38549 3.536735e+02
38573 3.536735e+02
38583 3.536734e+02
38738 3.536734e+02
38789 3.536734e+02
38794 3.536734e+02
38807 3.536734e+02
38825 3.536733e+02
38829 3.536733e+02
38866 3.536733e+02
38884 3.536733e+02
38889 3.536733e+02
38896 3.536733e+02
38936 3.536733e+02
38988 3.536733e+02
38989 3.536733e+02
38994 3.536733e+02
39025 3.536733e+02
39030 3.536733e+02
39050 3.536733e+02
39052 3.536733e+02
39056 3.536733e+02
39059 3.536733e+02
39080 3.536733e+02
39091 3.536733e+02
39160 3.536733e+02
39176 3.536733e+02
39189 3.536733e+02
39197 3.536733e+02
39200 3.536733e+02
39206 3.536733e+02
39252 3.536733e+02
39261 3.536733e+02
39270 3.536733e+02
39295 3.536733e+02
39311 3.536733e+02
39358 3.536733e+02
39360 3.536733e+02
39422 3.536733e+02
39455 3.536733e+02
39456 3.536733e+02
39539 3.536733e+02
39574 3.536733e+02
39605 3.536733e+02
39657 3.536733e+02
39708 3.536733e+02
39753 3.536733e+02
39838 3.536733e+02
39856 3.536733e+02
39876 3.536733e+02
39925 3.536733e+02
39930 3.536733e+02
39966 3.536733e+02
39992 3.536733e+02
40001 3.536733e+02
40005 3.536733e+02
40012 3.536733e+02
40072 3.536733e+02
40090 3.536733e+02
40152 3.536733e+02
40155 3.536733e+02
40195 3.536733e+02
40204 3.536733e+02
40216 3.536733e+02
40230 3.536733e+02
40276 3.536733e+02
40308 3.536733e+02
40397 3.536733e+02
40437 3.536733e+02
40460 3.536733e+02
40465 3.536733e+02
50194 3.122436e+02
50229 2.635080e+02
50603 2.018492e+02
51049 1.947835e+02
51187 1.944666e+02
51256 1.897372e+02
51259 1.896961e+02
51301 1.895938e+02
51390 1.846241e+02
51394 1.812276e+02
51537 1.809648e+02
51559 1.763537e+02
51630 1.763268e+02
51810 1.752350e+02
51947 1.752266e+02
51952 1.741003e+02
51955 1.735883e+02
51967 1.735011e+02
51977 1.732233e+02
51980 1.732166e+02
51981 1.722718e+02
52046 1.720244e+02
52250 1.720039e+02
52262 1.710984e+02
52462 1.708959e+02
52489 1.708505e+02
52564 1.707777e+02
52582 1.706717e+02
52632 1.704532e+02
52735 1.704393e+02
52860 1.703791e+02
52950 1.703161e+02
53070 1.702967e+02
53092 1.702605e+02
53182 1.702424e+02
53329 1.702155e+02
53553 1.702136e+02
53588 1.702127e+02
53592 1.702091e+02
53752 1.702064e+02
53753 1.702029e+02
53808 1.701960e+02
53963 1.701946e+02
54001 1.701922e+02
54178 1.701910e+02
54263 1.701906e+02
54308 1.701901e+02
54324 1.701900e+02
54342 1.701892e+02
54343 1.701891e+02
54576 1.701889e+02
54582 1.701889e+02
54605 1.701887e+02
54631 1.701884e+02
54651 1.701880e+02
54916 1.701879e+02
54973 1.701879e+02
55006 1.701879e+02
55071 1.701878e+02
55191 1.701878e+02
55242 1.701878e+02
55281 1.701878e+02
55428 1.701878e+02
55433 1.701878e+02
55555 1.701878e+02
55604 1.701878e+02
55679 1.701878e+02
55766 1.701878e+02
55777 1.701878e+02
55780 1.701877e+02
55813 1.701877e+02
55818 1.701877e+02
55853 1.701877e+02
55883 1.701877e+02
56018 1.701877e+02
56196 1.701877e+02
56280 1.701877e+02
56293 1.701877e+02
56518 1.701877e+02
56708 1.701877e+02
56858 1.701877e+02
56890 1.701877e+02
57081 1.701877e+02
57084 1.701877e+02
57128 1.701877e+02
57147 1.701877e+02
57279 1.701877e+02
57480 1.701877e+02
57484 1.701877e+02
57592 1.701877e+02
57692 1.701877e+02
57738 1.701877e+02
57841 1.701877e+02
57933 1.701877e+02
57942 1.701877e+02
58014 1.701877e+02
58089 1.701877e+02
58186 1.701877e+02
58292 1.701877e+02
58441 1.701877e+02
58537 1.701877e+02
58593 1.701877e+02
58603 1.701877e+02
58693 1.701877e+02
58758 1.701877e+02
58814 1.701877e+02
58845 1.701877e+02
58850 1.701877e+02
58867 1.701877e+02
58929 1.701877e+02
58966 1.701877e+02
58993 1.701877e+02
59042 1.701877e+02
59051 1.701877e+02
59061 1.701877e+02
59111 1.701877e+02
59112 1.701877e+02
59119 1.701877e+02
59204 1.701877e+02
59214 1.701877e+02
59225 1.701877e+02
59278 1.701877e+02
59573 1.701877e+02
59611 1.701877e+02
59627 1.701877e+02
81184 1.661654e+02
81484 1.658353e+02
81816 1.497032e+02
82076 1.467806e+02
82260 1.409351e+02
82348 1.383775e+02
82623 1.379909e+02
82654 1.349726e+02
82911 1.308816e+02
83010 1.307715e+02
83074 1.306887e+02
83262 1.274064e+02
83363 1.247942e+02
83972 1.245462e+02
84063 1.245221e+02
84153 1.243676e+02
84179 1.240712e+02
84584 1.240268e+02
84598 1.239585e+02
84698 1.238375e+02
84773 1.238370e+02
84892 1.238290e+02
84897 1.238263e+02
84934 1.237940e+02
85154 1.237395e+02
85182 1.236620e+02
85233 1.236519e+02
85417 1.236387e+02
85455 1.236203e+02
85473 1.236138e+02
85556 1.236022e+02
85682 1.235969e+02
85695 1.235927e+02
85704 1.235866e+02
85845 1.235858e+02
85966 1.235805e+02
86010 1.235777e+02
86109 1.235697e+02
86180 1.235695e+02
86208 1.235609e+02
86587 1.235600e+02
86642 1.235581e+02
86759 1.235579e+02
86931 1.235568e+02
86994 1.235561e+02
87206 1.235558e+02
87228 1.235556e+02
87241 1.235552e+02
87243 1.235546e+02
87344 1.235540e+02
87396 1.235537e+02
87587 1.235536e+02
87670 1.235531e+02
87697 1.235530e+02
87752 1.235528e+02
88072 1.235527e+02
88360 1.235527e+02
88423 1.235527e+02
88592 1.235526e+02
88608 1.235526e+02
88611 1.235526e+02
88795 1.235526e+02
88816 1.235526e+02
88830 1.235525e+02
88909 1.235525e+02
89266 1.235525e+02
89312 1.235525e+02
89378 1.235525e+02
89530 1.235525e+02
89584 1.235525e+02
89650 1.235525e+02
89752 1.235525e+02
89854 1.235525e+02
89902 1.235525e+02
89982 1.235525e+02
90040 1.235525e+02
90220 1.235525e+02
90591 1.235525e+02
90674 1.235525e+02
90759 1.235525e+02
90802 1.235525e+02
90909 1.235525e+02
90972 1.235525e+02
91296 1.235525e+02
91405 1.235525e+02
91424 1.235525e+02
91465 1.235525e+02
91479 1.235525e+02
91616 1.235525e+02
91644 1.235525e+02
91657 1.235525e+02
91807 1.235525e+02
92008 1.235525e+02
92182 1.235525e+02
92203 1.235525e+02
92365 1.235525e+02
92424 1.235525e+02
92574 1.235525e+02
92578 1.235525e+02
92880 1.235525e+02
93043 1.235525e+02
93267 1.235525e+02
93290 1.235525e+02
93416 1.235525e+02
93611 1.235525e+02
94068 1.235525e+02
94076 1.235525e+02
94197 1.235525e+02
94388 1.235525e+02
94407 1.235525e+02
94410 1.235525e+02
94473 1.235525e+02
94582 1.235525e+02
94628 1.235525e+02
94718 1.235525e+02
94784 1.235525e+02
94788 1.235525e+02
94789 1.235525e+02
95020 1.235525e+02
95049 1.235525e+02
95126 1.235525e+02
95224 1.235525e+02
95250 1.235525e+02
95578 1.235525e+02
95706 1.235525e+02
95776 1.235525e+02
95779 1.235525e+02
95793 1.235525e+02
96012 1.235525e+02
96061 1.235525e+02
96180 1.235525e+02
96288 1.235525e+02
96374 1.235525e+02
96381 1.235525e+02
96582 1.235525e+02
96608 1.235525e+02
96661 1.235525e+02
96812 1.235525e+02
