1 9.242464e+01
17 9.003870e+01
21 8.940318e+01
40 8.604151e+01
112 8.498840e+01
342 8.320036e+01
575 8.269413e+01
2028 8.228147e+01
2162 8.093156e+01
2276 7.740349e+01
2385 7.694458e+01
2424 7.403905e+01
2548 7.052217e+01
3022 6.932962e+01
3116 6.917033e+01
3263 6.587632e+01
3368 6.418509e+01
3567 6.372508e+01
3671 6.118631e+01
3709 6.034546e+01
3938 5.911170e+01
3956 5.882167e+01
4019 5.779330e+01
4341 5.678641e+01
4432 5.298899e+01
4762 5.248837e+01
4846 5.214087e+01
4881 5.167302e+01
4932 5.156457e+01
4949 5.094986e+01
5027 4.934431e+01
5072 4.893064e+01
5106 4.733012e+01
5177 4.675370e+01
5303 4.552133e+01
5508 4.404614e+01
5593 4.364990e+01
5722 4.275645e+01
6071 4.244350e+01
6073 4.209414e+01
6088 4.179321e+01
6162 4.118539e+01
6196 4.000114e+01
6250 3.915754e+01
6348 3.879644e+01
6385 3.824118e+01
6507 3.794236e+01
6605 3.774508e+01
6618 3.750273e+01
6697 3.747842e+01
6753 3.733409e+01
6755 3.615978e+01
6935 3.605145e+01
6966 3.572102e+01
7147 3.542843e+01
7237 3.492493e+01
7316 3.437701e+01
7406 3.398964e+01
7429 3.340615e+01
7587 3.307737e+01
7724 3.209170e+01
8105 3.166648e+01
8146 3.119089e+01
8191 3.092888e+01
8403 3.057542e+01
8559 3.007926e+01
8648 3.001889e+01
8662 2.989770e+01
8663 2.971407e+01
8669 2.957325e+01
8763 2.940176e+01
8869 2.933227e+01
8967 2.900829e+01
9001 2.874231e+01
9100 2.869318e+01
9134 2.862404e+01
9223 2.794081e+01
9478 2.787064e+01
9490 2.772543e+01
9508 2.701000e+01
9670 2.689809e+01
9682 2.666216e+01
10081 2.624529e+01
10247 2.619691e+01
10319 2.609993e+01
10384 2.600003e+01
10481 2.590126e+01
10502 2.554743e+01
10617 2.550227e+01
10635 2.511957e+01
10673 2.472934e+01
10794 2.446116e+01
11187 2.413809e+01
11279 2.410422e+01
11355 2.405297e+01
11400 2.392373e+01
11404 2.350288e+01
11943 2.344697e+01
12070 2.332942e+01
12245 2.331991e+01
12403 2.307007e+01
12502 2.302298e+01
12517 2.296450e+01
12636 2.292394e+01
12732 2.291842e+01
12744 2.280618e+01
12753 2.277785e+01
12927 2.270991e+01
13056 2.267843e+01
13064 2.265591e+01
13086 2.264353e+01
13275 2.251298e+01
13389 2.242593e+01
13642 2.238510e+01
13671 2.234718e+01
13696 2.231860e+01
13921 2.228466e+01
13932 2.220512e+01
14067 2.213745e+01
14347 2.207711e+01
14428 2.204139e+01
14459 2.198399e+01
14645 2.188233e+01
14959 2.179418e+01
14997 2.177422e+01
15192 2.176847e+01
15256 2.172906e+01
15307 2.170818e+01
15347 2.165826e+01
15376 2.162369e+01
15711 2.160414e+01
15723 2.158362e+01
15812 2.157028e+01
15828 2.153673e+01
15901 2.151591e+01
15927 2.145884e+01
16032 2.138144e+01
16091 2.137569e+01
16128 2.134436e+01
16287 2.134230e+01
16427 2.132284e+01
16477 2.131551e+01
16512 2.125368e+01
16537 2.125130e+01
16597 2.113170e+01
16850 2.112991e+01
16928 2.111060e+01
17054 2.110704e+01
17075 2.106567e+01
17116 2.104436e+01
17211 2.103263e+01
17315 2.101223e+01
17317 2.097873e+01
17723 2.097613e+01
17727 2.097276e+01
17759 2.096150e+01
17770 2.095413e+01
17842 2.091776e+01
17896 2.091091e+01
18094 2.086435e+01
18628 2.084834e+01
18685 2.084716e+01
18791 2.084605e+01
18801 2.083444e+01
18843 2.082385e+01
18862 2.081648e+01
19006 2.081012e+01
19099 2.080756e+01
19104 2.080055e+01
19225 2.079155e+01
19248 2.078232e+01
19320 2.077352e+01
19472 2.076769e+01
19568 2.074410e+01
19781 2.073502e+01
19783 2.073142e+01
19836 2.072380e+01
19998 2.072130e+01
20063 2.072034e+01
20173 2.071874e+01
20174 2.071299e+01
20232 2.071010e+01
20266 2.070577e+01
20290 2.070066e+01
20347 2.069392e+01
20359 2.068998e+01
20455 2.068891e+01
20495 2.068262e+01
20499 2.067719e+01
20564 2.067558e+01
20680 2.067352e+01
20682 2.066655e+01
20748 2.066124e+01
20860 2.065067e+01
20945 2.064452e+01
21376 2.064452e+01
21464 2.064372e+01
21615 2.064004e+01
21667 2.063876e+01
21699 2.063695e+01
21747 2.063096e+01
21881 2.062990e+01
21923 2.062755e+01
22013 2.061996e+01
22283 2.061514e+01
22398 2.061356e+01
22422 2.061062e+01
22427 2.060801e+01
22641 2.060637e+01
22688 2.060189e+01
22704 2.060046e+01
22706 2.059853e+01
23029 2.059827e+01
23058 2.059824e+01
23076 2.059431e+01
23102 2.058952e+01
23172 2.058833e+01
23240 2.058365e+01
23379 2.058223e+01
23479 2.058197e+01
23512 2.057981e+01
23515 2.057653e+01
23627 2.057585e+01
23751 2.057480e+01
23764 2.057454e+01
23780 2.057424e+01
23805 2.057343e+01
23948 2.057337e+01
23957 2.057258e+01
24005 2.057073e+01
24119 2.056890e+01
24156 2.056507e+01
24277 2.056405e+01
24334 2.056287e+01
24431 2.055957e+01
24766 2.055786e+01
24893 2.055752e+01
24908 2.055736e+01
24947 2.055718e+01
25032 2.055706e+01
25041 2.055397e+01
25159 2.055225e+01
25298 2.055107e+01
25450 2.055105e+01
25561 2.055078e+01
25566 2.055077e+01
25581 2.055061e+01
25604 2.055010e+01
25614 2.055008e+01
25802 2.054998e+01
25804 2.054917e+01
25932 2.054890e+01
25978 2.054875e+01
25996 2.054834e+01
26020 2.054817e+01
26070 2.054776e+01
26090 2.054706e+01
26197 2.054680e+01
26216 2.054655e+01
26253 2.054648e+01
26294 2.054639e+01
26333 2.054602e+01
26444 2.054601e+01
26473 2.054589e+01
26498 2.054575e+01
26505 2.054511e+01
26575 2.054498e+01
26797 2.054484e+01
26850 2.054412e+01
26924 2.054344e+01
26968 2.054292e+01
27135 2.054212e+01
27145 2.054188e+01
27306 2.054174e+01
27412 2.054118e+01
27431 2.054063e+01
27687 2.054061e+01
27720 2.054057e+01
27731 2.054011e+01
27744 2.053997e+01
27792 2.053907e+01
27834 2.053807e+01
28220 2.053788e+01
28254 2.053765e+01
28301 2.053760e+01
28351 2.053744e+01
28389 2.053717e+01
28400 2.053695e+01
28520 2.053651e+01
28601 2.053636e+01
28687 2.053610e+01
28762 2.053572e+01
28896 2.053562e+01
28910 2.053541e+01
29049 2.053503e+01
29243 2.053501e+01
29325 2.053484e+01
29363 2.053484e+01
29428 2.053483e+01
29441 2.053479e+01
29485 2.053466e+01
29551 2.053453e+01
29592 2.053453e+01
29634 2.053443e+01
29639 2.053416e+01
29719 2.053401e+01
29771 2.053392e+01
29856 2.053388e+01
29950 2.053379e+01
30216 2.053376e+01
30253 2.053373e+01
30302 2.053338e+01
30398 2.053334e+01
30404 2.053333e+01
30433 2.053323e+01
30777 2.053316e+01
30808 2.053308e+01
30893 2.053307e+01
30908 2.053299e+01
30958 2.053297e+01
31009 2.053295e+01
31064 2.053284e+01
31183 2.053273e+01
31317 2.053272e+01
31361 2.053270e+01
31401 2.053267e+01
31434 2.053263e+01
31520 2.053253e+01
31553 2.053251e+01
31554 2.053243e+01
31656 2.053242e+01
31682 2.053236e+01
31697 2.053234e+01
31791 2.053234e+01
31814 2.053224e+01
31841 2.053223e+01
31889 2.053219e+01
31951 2.053218e+01
31976 2.053217e+01
32127 2.053213e+01
32182 2.053204e+01
32448 2.053203e+01
32524 2.053198e+01
32576 2.053198e+01
32629 2.053194e+01
32704 2.053190e+01
32801 2.053183e+01
32857 2.053182e+01
32931 2.053175e+01
33231 2.053167e+01
33384 2.053165e+01
33421 2.053163e+01
33568 2.053160e+01
33652 2.053153e+01
33805 2.053151e+01
33816 2.053151e+01
33854 2.053150e+01
33894 2.053150e+01
33914 2.053149e+01
33925 2.053143e+01
34089 2.053141e+01
34103 2.053141e+01
34206 2.053140e+01
34237 2.053138e+01
34267 2.053133e+01
34664 2.053133e+01
34686 2.053132e+01
34722 2.053132e+01
34724 2.053131e+01
34740 2.053128e+01
34907 2.053126e+01
34941 2.053126e+01
34969 2.053125e+01
35052 2.053125e+01
35145 2.053123e+01
35188 2.053122e+01
35425 2.053121e+01
35570 2.053121e+01
35610 2.053120e+01
35697 2.053119e+01
35711 2.053118e+01
35734 2.053115e+01
35976 2.053114e+01
36108 2.053113e+01
36343 2.053113e+01
36345 2.053112e+01
36396 2.053110e+01
36668 2.053109e+01
36746 2.053109e+01
36981 2.053108e+01
37058 2.053107e+01
37295 2.053107e+01
37337 2.053107e+01
37386 2.053106e+01
37616 2.053106e+01
37633 2.053106e+01
37649 2.053104e+01
37734 2.053103e+01
37804 2.053103e+01
37838 2.053102e+01
37985 2.053102e+01
38084 2.053101e+01
38139 2.053101e+01
38163 2.053100e+01
38299 2.053099e+01
38355 2.053099e+01
38517 2.053098e+01
38772 2.053098e+01
38806 2.053098e+01
38879 2.053097e+01
39019 2.053096e+01
39158 2.053096e+01
39247 2.053096e+01
39255 2.053096e+01
39289 2.053096e+01
39301 2.053095e+01
39304 2.053095e+01
39325 2.053095e+01
39328 2.053095e+01
39440 2.053095e+01
39463 2.053094e+01
39506 2.053093e+01
39583 2.053093e+01
39815 2.053093e+01
39848 2.053093e+01
39914 2.053093e+01
39919 2.053093e+01
39961 2.053092e+01
40024 2.053092e+01
40084 2.053092e+01
40100 2.053092e+01
40153 2.053092e+01
40169 2.053092e+01
40221 2.053092e+01
40227 2.053091e+01
40242 2.053091e+01
40249 2.053091e+01
40278 2.053091e+01
40398 2.053091e+01
40432 2.053091e+01
40552 2.053091e+01
40581 2.053091e+01
40634 2.053091e+01
40647 2.053091e+01
40651 2.053090e+01
40935 2.053090e+01
40972 2.053090e+01
41048 2.053090e+01
41084 2.053090e+01
41286 2.053090e+01
41313 2.053090e+01
41346 2.053090e+01
41359 2.053090e+01
41451 2.053090e+01
41463 2.053090e+01
41570 2.053090e+01
41753 2.053090e+01
41754 2.053090e+01
41762 2.053090e+01
41839 2.053090e+01
41840 2.053089e+01
41897 2.053089e+01
42170 2.053089e+01
42230 2.053089e+01
42270 2.053089e+01
42285 2.053089e+01
42381 2.053089e+01
42432 2.053089e+01
42596 2.053089e+01
42660 2.053089e+01
42733 2.053089e+01
42734 2.053089e+01
42812 2.053089e+01
42947 2.053089e+01
42979 2.053089e+01
43072 2.053089e+01
43153 2.053089e+01
43254 2.053089e+01
43318 2.053089e+01
43323 2.053089e+01
43389 2.053089e+01
43480 2.053089e+01
43560 2.053089e+01
43680 2.053089e+01
43690 2.053089e+01
43844 2.053089e+01
44085 2.053089e+01
44110 2.053089e+01
44218 2.053089e+01
44337 2.053089e+01
44359 2.053089e+01
44390 2.053089e+01
44502 2.053089e+01
44505 2.053089e+01
44514 2.053089e+01
44541 2.053089e+01
44665 2.053089e+01
44680 2.053089e+01
44684 2.053089e+01
44807 2.053089e+01
44822 2.053089e+01
45060 2.053089e+01
45126 2.053089e+01
45269 2.053089e+01
45330 2.053089e+01
45408 2.053089e+01
45497 2.053089e+01
45541 2.053089e+01
45562 2.053089e+01
45650 2.053089e+01
45657 2.053089e+01
45839 2.053089e+01
45849 2.053089e+01
45985 2.053089e+01
46189 2.053089e+01
46310 2.053089e+01
46345 2.053089e+01
46487 2.053089e+01
46493 2.053089e+01
46530 2.053089e+01
46616 2.053089e+01
46688 2.053089e+01
46785 2.053089e+01
46848 2.053089e+01
46852 2.053089e+01
46935 2.053089e+01
47099 2.053089e+01
47442 2.053089e+01
47446 2.053089e+01
47450 2.053089e+01
47642 2.053089e+01
47654 2.053089e+01
47760 2.053089e+01
47767 2.053089e+01
47819 2.053089e+01
47926 2.053089e+01
47953 2.053089e+01
48005 2.053089e+01
48058 2.053089e+01
48063 2.053089e+01
48078 2.053089e+01
48116 2.053089e+01
48230 2.053089e+01
48297 2.053089e+01
48362 2.053089e+01
48375 2.053089e+01
48453 2.053089e+01
48835 2.053089e+01
48905 2.053089e+01
49018 2.053089e+01
49073 2.053089e+01
49090 2.053089e+01
49132 2.053089e+01
49199 2.053089e+01
49242 2.053089e+01
49244 2.053089e+01
49268 2.053089e+01
49296 2.053089e+01
49301 2.053089e+01
49345 2.053089e+01
49400 2.053089e+01
49504 2.053089e+01
49584 2.053089e+01
49650 2.053089e+01
49682 2.053089e+01
49691 2.053089e+01
49720 2.053089e+01
49789 2.053089e+01
49798 2.053089e+01
49874 2.053089e+01
49900 2.053089e+01
49957 2.053089e+01
50094 2.053089e+01
50115 2.053089e+01
50123 2.053089e+01
50128 2.053089e+01
50227 2.053089e+01
50402 2.053089e+01
50403 2.053089e+01
50448 2.053089e+01
50451 2.053089e+01
50484 2.053089e+01
50571 2.053089e+01
50608 2.053089e+01
50806 2.053089e+01
50823 2.053089e+01
50857 2.053089e+01
50924 2.053089e+01
50952 2.053089e+01
50974 2.053089e+01
50976 2.053089e+01
50991 2.053089e+01
51021 2.053089e+01
51041 2.053089e+01
51085 2.053089e+01
51087 2.053089e+01
51124 2.053089e+01
51411 2.053089e+01
51552 2.053089e+01
51625 2.053089e+01
51784 2.053089e+01
51884 2.053089e+01
51967 2.053089e+01
52099 2.053089e+01
52127 2.053089e+01
52175 2.053089e+01
52231 2.053089e+01
52249 2.053089e+01
52251 2.053089e+01
52305 2.053089e+01
52389 2.053089e+01
52487 2.053089e+01
52560 2.053089e+01
52575 2.053089e+01
52793 2.053089e+01
52876 2.053089e+01
52941 2.053089e+01
53073 2.053089e+01
53135 2.053089e+01
53241 2.053089e+01
53281 2.053089e+01
53336 2.053089e+01
53445 2.053089e+01
53490 2.053089e+01
53534 2.053089e+01
53542 2.053089e+01
53559 2.053089e+01
53569 2.053089e+01
53650 2.053089e+01
53703 2.053089e+01
53718 2.053089e+01
53769 2.053089e+01
53841 2.053089e+01
53986 2.053089e+01
54011 2.053089e+01
54139 2.053089e+01
54360 2.053089e+01
54463 2.053089e+01
54470 2.053089e+01
54515 2.053089e+01
54518 2.053089e+01
54542 2.053089e+01
54586 2.053089e+01
54629 2.053089e+01
54711 2.053089e+01
54755 2.053089e+01
54969 2.053089e+01
54996 2.053089e+01
55004 2.053089e+01
55041 2.053089e+01
55049 2.053089e+01
55061 2.053089e+01
55097 2.053089e+01
55132 2.053089e+01
55196 2.053089e+01
55306 2.053089e+01
55337 2.053089e+01
55598 2.053089e+01
55795 2.053089e+01
55806 2.053089e+01
55848 2.053089e+01
55891 2.053089e+01
56034 2.053089e+01
56117 2.053089e+01
56181 2.053089e+01
56403 2.053089e+01
56434 2.053089e+01
56438 2.053089e+01
56467 2.053089e+01
56482 2.053089e+01
56554 2.053089e+01
56805 2.053089e+01
56882 2.053089e+01
57000 2.053089e+01
57004 2.053089e+01
57026 2.053089e+01
57108 2.053089e+01
57117 2.053089e+01
57125 2.053089e+01
57423 2.053089e+01
57509 2.053089e+01
57614 2.053089e+01
57659 2.053089e+01
57665 2.053089e+01
57735 2.053089e+01
57758 2.053089e+01
57837 2.053089e+01
57872 2.053089e+01
57943 2.053089e+01
58062 2.053089e+01
58102 2.053089e+01
58151 2.053089e+01
58202 2.053089e+01
58265 2.053089e+01
58294 2.053089e+01
58356 2.053089e+01
58393 2.053089e+01
58407 2.053089e+01
58413 2.053089e+01
58502 2.053089e+01
58998 2.053089e+01
59015 2.053089e+01
59058 2.053089e+01
59093 2.053089e+01
59140 2.053089e+01
59155 2.053089e+01
59217 2.053089e+01
59248 2.053089e+01
59324 2.053089e+01
59364 2.053089e+01
59377 2.053089e+01
59405 2.053089e+01
59458 2.053089e+01
59577 2.053089e+01
59637 2.053089e+01
59751 2.053089e+01
59917 2.053089e+01
59948 2.053089e+01
59999 2.053089e+01
60119 2.053089e+01
60382 2.053089e+01
60515 2.053089e+01
60584 2.053089e+01
60625 2.053089e+01
60705 2.053089e+01
60773 2.053089e+01
60831 2.053089e+01
60910 2.053089e+01
60933 2.053089e+01
61036 2.053089e+01
61076 2.053089e+01
61122 2.053089e+01
61151 2.053089e+01
61152 2.053089e+01
61155 2.053089e+01
61194 2.053089e+01
61197 2.053089e+01
61206 2.053089e+01
61226 2.053089e+01
61375 2.053089e+01
61447 2.053089e+01
61502 2.053089e+01
61533 2.053089e+01
61601 2.053089e+01
61639 2.053089e+01
61655 2.053089e+01
61669 2.053089e+01
61721 2.053089e+01
61737 2.053089e+01
61797 2.053089e+01
61800 2.053089e+01
61848 2.053089e+01
61922 2.053089e+01
62027 2.053089e+01
62040 2.053089e+01
62053 2.053089e+01
62173 2.053089e+01
62321 2.053089e+01
62334 2.053089e+01
62462 2.053089e+01
62468 2.053089e+01
62528 2.053089e+01
62536 2.053089e+01
62630 2.053089e+01
62650 2.053089e+01
62665 2.053089e+01
62725 2.053089e+01
62755 2.053089e+01
62838 2.053089e+01
62898 2.053089e+01
62943 2.053089e+01
63011 2.053089e+01
63163 2.053089e+01
63193 2.053089e+01
63200 2.053089e+01
63276 2.053089e+01
63278 2.053089e+01
63374 2.053089e+01
63445 2.053089e+01
63498 2.053089e+01
63535 2.053089e+01
63558 2.053089e+01
63664 2.053089e+01
63670 2.053089e+01
63715 2.053089e+01
161319 2.037603e+01
162107 2.030629e+01
162196 2.013035e+01
162267 2.012866e+01
162507 2.010779e+01
162564 2.010421e+01
162613 2.005557e+01
162698 2.000986e+01
162707 2.000307e+01
162723 1.982343e+01
162777 1.981742e+01
162829 1.981474e+01
162831 1.972649e+01
162999 1.972517e+01
163118 1.967428e+01
163151 1.966941e+01
163210 1.964468e+01
163233 1.959977e+01
163289 1.955605e+01
163359 1.955391e+01
163404 1.954285e+01
163407 1.944777e+01
163505 1.942914e+01
163532 1.937080e+01
163630 1.935364e+01
163674 1.931853e+01
163687 1.928519e+01
163799 1.928297e+01
163861 1.921008e+01
163880 1.918922e+01
163891 1.896399e+01
164098 1.893262e+01
164272 1.891961e+01
164327 1.890695e+01
164337 1.884157e+01
164524 1.871220e+01
164634 1.869849e+01
164672 1.865417e+01
164841 1.864181e+01
164867 1.853672e+01
164951 1.852332e+01
165129 1.847196e+01
165396 1.844288e+01
165493 1.841624e+01
165640 1.841306e+01
165755 1.835919e+01
165850 1.834689e+01
165884 1.834356e+01
165891 1.831301e+01
165982 1.828862e+01
166255 1.826857e+01
166331 1.825944e+01
166352 1.825280e+01
166354 1.825084e+01
166372 1.819808e+01
166425 1.818170e+01
166461 1.813290e+01
166842 1.812615e+01
166938 1.810830e+01
167131 1.809907e+01
167149 1.809189e+01
167171 1.808841e+01
167252 1.808045e+01
167294 1.805961e+01
167399 1.801616e+01
167631 1.798878e+01
167840 1.798112e+01
167843 1.797904e+01
167895 1.796430e+01
167924 1.796174e+01
168012 1.795463e+01
168022 1.794975e+01
168132 1.794541e+01
168166 1.792256e+01
168274 1.791512e+01
168278 1.788186e+01
168499 1.785893e+01
168901 1.785162e+01
168930 1.784454e+01
169106 1.784138e+01
169274 1.783467e+01
169331 1.782759e+01
169397 1.780414e+01
169803 1.780409e+01
169852 1.777720e+01
170055 1.777127e+01
170216 1.776934e+01
170229 1.776161e+01
170510 1.775771e+01
170555 1.775706e+01
170606 1.775298e+01
170746 1.775273e+01
170791 1.775217e+01
170845 1.775155e+01
170874 1.774260e+01
170923 1.773151e+01
170970 1.772927e+01
171181 1.772439e+01
171254 1.771674e+01
171387 1.770706e+01
171536 1.770432e+01
171694 1.770089e+01
171757 1.770002e+01
171921 1.769702e+01
171948 1.769578e+01
171963 1.769386e+01
171980 1.768807e+01
172428 1.768790e+01
172463 1.768444e+01
172529 1.768386e+01
172533 1.768298e+01
172939 1.767925e+01
172978 1.767817e+01
173120 1.767768e+01
173146 1.767463e+01
173167 1.767409e+01
173196 1.767347e+01
173315 1.767332e+01
173374 1.767329e+01
173426 1.767319e+01
173483 1.767297e+01
173490 1.766939e+01
173556 1.766782e+01
173625 1.766756e+01
173635 1.766580e+01
173663 1.766421e+01
173881 1.766216e+01
173965 1.765872e+01
174173 1.765808e+01
174514 1.765350e+01
174841 1.764966e+01
175059 1.764731e+01
175114 1.764716e+01
175203 1.764685e+01
175511 1.764672e+01
175561 1.764513e+01
175672 1.764430e+01
175882 1.764321e+01
176051 1.764285e+01
176057 1.764150e+01
176084 1.764050e+01
176308 1.764033e+01
176343 1.763930e+01
176499 1.763919e+01
176635 1.763892e+01
176696 1.763888e+01
176842 1.763753e+01
176919 1.763744e+01
176938 1.763641e+01
176954 1.763617e+01
176975 1.763591e+01
177089 1.763409e+01
177198 1.763312e+01
177277 1.763146e+01
178251 1.762978e+01
178345 1.762963e+01
178553 1.762904e+01
178775 1.762830e+01
178825 1.762761e+01
179177 1.762698e+01
179285 1.762682e+01
179409 1.762653e+01
179426 1.762649e+01
179550 1.762616e+01
179552 1.762611e+01
179556 1.762604e+01
179565 1.762584e+01
179572 1.762567e+01
179612 1.762541e+01
179741 1.762506e+01
179838 1.762435e+01
179949 1.762384e+01
180099 1.762369e+01
180121 1.762354e+01
180256 1.762337e+01
180354 1.762313e+01
180383 1.762290e+01
180442 1.762243e+01
180613 1.762232e+01
180693 1.762220e+01
180801 1.762192e+01
180930 1.762150e+01
181158 1.762146e+01
181180 1.762130e+01
181312 1.762113e+01
181545 1.762111e+01
181590 1.762101e+01
181592 1.762085e+01
181721 1.762075e+01
181791 1.762035e+01
182033 1.762031e+01
182192 1.762028e+01
182207 1.762027e+01
182221 1.762016e+01
182253 1.762006e+01
182264 1.762000e+01
182335 1.761998e+01
182497 1.761987e+01
182548 1.761969e+01
182786 1.761960e+01
182993 1.761941e+01
183150 1.761939e+01
183236 1.761931e+01
183241 1.761925e+01
183362 1.761913e+01
183505 1.761909e+01
183540 1.761905e+01
183574 1.761900e+01
183592 1.761898e+01
183597 1.761898e+01
183602 1.761889e+01
183615 1.761884e+01
183627 1.761874e+01
183704 1.761873e+01
183713 1.761865e+01
183804 1.761860e+01
184023 1.761854e+01
184071 1.761854e+01
184082 1.761853e+01
184085 1.761850e+01
184099 1.761849e+01
184126 1.761847e+01
184147 1.761841e+01
184157 1.761831e+01
184191 1.761828e+01
184245 1.761827e+01
184296 1.761819e+01
184323 1.761816e+01
184409 1.761811e+01
184735 1.761806e+01
184842 1.761793e+01
184992 1.761790e+01
185002 1.761786e+01
185436 1.761786e+01
185465 1.761785e+01
185543 1.761781e+01
185566 1.761779e+01
185701 1.761779e+01
185720 1.761777e+01
185738 1.761769e+01
186056 1.761768e+01
186140 1.761767e+01
186176 1.761763e+01
186305 1.761761e+01
186365 1.761757e+01
186576 1.761757e+01
186600 1.761756e+01
186646 1.761755e+01
186721 1.761755e+01
186760 1.761754e+01
186797 1.761752e+01
186916 1.761749e+01
186966 1.761748e+01
187047 1.761748e+01
187060 1.761745e+01
187193 1.761742e+01
187271 1.761741e+01
187356 1.761740e+01
187488 1.761737e+01
187624 1.761734e+01
187805 1.761729e+01
187999 1.761728e+01
188158 1.761726e+01
188290 1.761725e+01
188407 1.761725e+01
188411 1.761724e+01
188455 1.761722e+01
188470 1.761722e+01
188495 1.761721e+01
188499 1.761721e+01
188554 1.761720e+01
188688 1.761719e+01
188714 1.761715e+01
189007 1.761714e+01
189127 1.761711e+01
189263 1.761710e+01
189535 1.761710e+01
189544 1.761709e+01
189590 1.761709e+01
189695 1.761708e+01
189741 1.761707e+01
189750 1.761705e+01
189816 1.761705e+01
189844 1.761704e+01
189891 1.761704e+01
189960 1.761701e+01
190152 1.761701e+01
190171 1.761700e+01
190267 1.761699e+01
190269 1.761698e+01
190272 1.761698e+01
190283 1.761698e+01
190286 1.761696e+01
190388 1.761696e+01
190473 1.761696e+01
190566 1.761696e+01
190580 1.761694e+01
190586 1.761694e+01
191013 1.761694e+01
191296 1.761693e+01
191344 1.761692e+01
191494 1.761691e+01
191520 1.761691e+01
191541 1.761690e+01
191553 1.761690e+01
191574 1.761690e+01
191748 1.761689e+01
191756 1.761689e+01
191828 1.761688e+01
191948 1.761688e+01
191986 1.761687e+01
192291 1.761687e+01
192379 1.761686e+01
192479 1.761686e+01
192516 1.761685e+01
192638 1.761685e+01
192651 1.761685e+01
192762 1.761684e+01
192860 1.761684e+01
193019 1.761683e+01
193099 1.761683e+01
193228 1.761683e+01
193257 1.761683e+01
193273 1.761683e+01
193300 1.761683e+01
193339 1.761683e+01
193430 1.761683e+01
193479 1.761682e+01
193519 1.761682e+01
193541 1.761682e+01
193543 1.761682e+01
193659 1.761682e+01
193676 1.761682e+01
193689 1.761682e+01
193699 1.761681e+01
193872 1.761681e+01
194092 1.761681e+01
194101 1.761681e+01
194168 1.761681e+01
194209 1.761681e+01
194287 1.761681e+01
194335 1.761681e+01
194461 1.761680e+01
194580 1.761680e+01
194586 1.761680e+01
194630 1.761680e+01
194649 1.761680e+01
194696 1.761680e+01
194749 1.761680e+01
194772 1.761680e+01
194857 1.761680e+01
194893 1.761680e+01
195010 1.761680e+01
195285 1.761680e+01
195358 1.761680e+01
195462 1.761680e+01
195468 1.761680e+01
195486 1.761680e+01
195512 1.761680e+01
195532 1.761680e+01
195554 1.761680e+01
195556 1.761680e+01
195799 1.761680e+01
195847 1.761680e+01
195995 1.761680e+01
196012 1.761680e+01
196058 1.761680e+01
196105 1.761679e+01
196139 1.761679e+01
196261 1.761679e+01
196307 1.761679e+01
196343 1.761679e+01
196365 1.761679e+01
196382 1.761679e+01
196407 1.761679e+01
196428 1.761679e+01
196498 1.761679e+01
196557 1.761679e+01
196579 1.761679e+01
196655 1.761679e+01
196784 1.761679e+01
196879 1.761679e+01
196926 1.761679e+01
197003 1.761679e+01
197021 1.761679e+01
197163 1.761679e+01
197166 1.761679e+01
197197 1.761679e+01
197206 1.761679e+01
197339 1.761679e+01
197498 1.761679e+01
197505 1.761679e+01
197521 1.761679e+01
197524 1.761679e+01
197541 1.761679e+01
197574 1.761679e+01
197582 1.761679e+01
197592 1.761679e+01
197618 1.761679e+01
197811 1.761679e+01
197834 1.761679e+01
197859 1.761679e+01
197874 1.761679e+01
197921 1.761679e+01
198032 1.761679e+01
198055 1.761679e+01
198084 1.761679e+01
198116 1.761679e+01
198197 1.761679e+01
198205 1.761679e+01
198390 1.761679e+01
198432 1.761679e+01
198450 1.761679e+01
198480 1.761679e+01
198492 1.761679e+01
198589 1.761679e+01
198611 1.761679e+01
198636 1.761679e+01
198728 1.761679e+01
198791 1.761679e+01
198796 1.761679e+01
198911 1.761679e+01
199039 1.761679e+01
199082 1.761679e+01
199161 1.761679e+01
199194 1.761679e+01
199331 1.761679e+01
199438 1.761679e+01
199517 1.761679e+01
199547 1.761679e+01
199631 1.761679e+01
199666 1.761679e+01
199696 1.761679e+01
199721 1.761679e+01
199733 1.761679e+01
199738 1.761679e+01
199762 1.761679e+01
199763 1.761679e+01
199831 1.761679e+01
199888 1.761679e+01
199918 1.761679e+01
200013 1.761679e+01
200014 1.761679e+01
200078 1.761679e+01
200346 1.761679e+01
200370 1.761679e+01
200419 1.761679e+01
200434 1.761679e+01
200460 1.761679e+01
200678 1.761679e+01
200692 1.761679e+01
200789 1.761679e+01
200809 1.761679e+01
200958 1.761679e+01
201060 1.761679e+01
201097 1.761679e+01
201399 1.761679e+01
201445 1.761679e+01
201464 1.761679e+01
201564 1.761679e+01
201621 1.761679e+01
201670 1.761679e+01
201707 1.761679e+01
201717 1.761679e+01
201748 1.761679e+01
201783 1.761679e+01
201838 1.761679e+01
202291 1.761679e+01
202422 1.761679e+01
202470 1.761679e+01
202490 1.761679e+01
202494 1.761679e+01
202500 1.761679e+01
202525 1.761679e+01
202544 1.761679e+01
202626 1.761679e+01
202638 1.761679e+01
202758 1.761679e+01
202766 1.761679e+01
202818 1.761679e+01
202851 1.761679e+01
202908 1.761679e+01
202919 1.761679e+01
202925 1.761679e+01
203013 1.761679e+01
203085 1.761679e+01
203190 1.761679e+01
203220 1.761679e+01
203284 1.761679e+01
203368 1.761679e+01
203375 1.761679e+01
203400 1.761679e+01
203460 1.761679e+01
203530 1.761679e+01
203600 1.761679e+01
203605 1.761679e+01
203712 1.761679e+01
203834 1.761679e+01
204104 1.761679e+01
204128 1.761679e+01
204134 1.761679e+01
204174 1.761679e+01
204206 1.761679e+01
204264 1.761679e+01
204266 1.761679e+01
204309 1.761679e+01
204325 1.761679e+01
204341 1.761679e+01
204374 1.761679e+01
204435 1.761679e+01
204458 1.761679e+01
204492 1.761679e+01
204523 1.761679e+01
204536 1.761679e+01
204555 1.761679e+01
204660 1.761679e+01
204771 1.761679e+01
204806 1.761679e+01
204881 1.761679e+01
204889 1.761679e+01
204900 1.761679e+01
204912 1.761679e+01
204927 1.761679e+01
205018 1.761679e+01
205073 1.761679e+01
205351 1.761679e+01
205500 1.761679e+01
205641 1.761679e+01
205756 1.761679e+01
205794 1.761679e+01
205801 1.761679e+01
205802 1.761679e+01
205871 1.761679e+01
205889 1.761679e+01
205945 1.761679e+01
205968 1.761679e+01
206057 1.761679e+01
206160 1.761679e+01
206193 1.761679e+01
206233 1.761679e+01
206527 1.761679e+01
206809 1.761679e+01
206851 1.761679e+01
206861 1.761679e+01
207160 1.761679e+01
207177 1.761679e+01
207283 1.761679e+01
207318 1.761679e+01
207345 1.761679e+01
207352 1.761679e+01
207353 1.761679e+01
207444 1.761679e+01
207513 1.761679e+01
207532 1.761679e+01
207585 1.761679e+01
207677 1.761679e+01
207685 1.761679e+01
207864 1.761679e+01
207893 1.761679e+01
207901 1.761679e+01
208015 1.761679e+01
208196 1.761679e+01
208215 1.761679e+01
208258 1.761679e+01
208272 1.761679e+01
208468 1.761679e+01
208495 1.761679e+01
208504 1.761679e+01
208526 1.761679e+01
208597 1.761679e+01
208636 1.761679e+01
208684 1.761679e+01
208756 1.761679e+01
208767 1.761679e+01
208791 1.761679e+01
208885 1.761679e+01
208948 1.761679e+01
209034 1.761679e+01
209095 1.761679e+01
209111 1.761679e+01
209148 1.761679e+01
209167 1.761679e+01
209336 1.761679e+01
209411 1.761679e+01
209585 1.761679e+01
209618 1.761679e+01
209712 1.761679e+01
209833 1.761679e+01
209850 1.761679e+01
209928 1.761679e+01
209949 1.761679e+01
210041 1.761679e+01
210069 1.761679e+01
210165 1.761679e+01
210254 1.761679e+01
210484 1.761679e+01
210556 1.761679e+01
210653 1.761679e+01
210655 1.761679e+01
210760 1.761679e+01
210789 1.761679e+01
211042 1.761679e+01
211075 1.761679e+01
211102 1.761679e+01
211126 1.761679e+01
211138 1.761679e+01
211190 1.761679e+01
211210 1.761679e+01
211258 1.761679e+01
211325 1.761679e+01
211368 1.761679e+01
211375 1.761679e+01
211417 1.761679e+01
211637 1.761679e+01
211658 1.761679e+01
211671 1.761679e+01
211798 1.761679e+01
211872 1.761679e+01
211978 1.761679e+01
212011 1.761679e+01
212161 1.761679e+01
212321 1.761679e+01
212440 1.761679e+01
212478 1.761679e+01
212480 1.761679e+01
212514 1.761679e+01
212568 1.761679e+01
212848 1.761679e+01
212893 1.761679e+01
213010 1.761679e+01
213231 1.761679e+01
213233 1.761679e+01
213310 1.761679e+01
213377 1.761679e+01
213395 1.761679e+01
213405 1.761679e+01
213444 1.761679e+01
213485 1.761679e+01
213583 1.761679e+01
213642 1.761679e+01
213690 1.761679e+01
213788 1.761679e+01
213806 1.761679e+01
213970 1.761679e+01
214049 1.761679e+01
214096 1.761679e+01
214108 1.761679e+01
214142 1.761679e+01
214179 1.761679e+01
214254 1.761679e+01
214277 1.761679e+01
214296 1.761679e+01
214308 1.761679e+01
214321 1.761679e+01
214699 1.761679e+01
214763 1.761679e+01
214765 1.761679e+01
214782 1.761679e+01
214828 1.761679e+01
214835 1.761679e+01
214860 1.761679e+01
214900 1.761679e+01
214944 1.761679e+01
214988 1.761679e+01
215001 1.761679e+01
215035 1.761679e+01
215058 1.761679e+01
215121 1.761679e+01
215151 1.761679e+01
215202 1.761679e+01
215203 1.761679e+01
215219 1.761679e+01
215268 1.761679e+01
215276 1.761679e+01
215322 1.761679e+01
215336 1.761679e+01
215495 1.761679e+01
215500 1.761679e+01
215521 1.761679e+01
215607 1.761679e+01
215677 1.761679e+01
215704 1.761679e+01
215745 1.761679e+01
215768 1.761679e+01
215817 1.761679e+01
215831 1.761679e+01
215836 1.761679e+01
215875 1.761679e+01
216055 1.761679e+01
216072 1.761679e+01
216083 1.761679e+01
216130 1.761679e+01
216135 1.761679e+01
216160 1.761679e+01
216276 1.761679e+01
216310 1.761679e+01
216340 1.761679e+01
216354 1.761679e+01
216380 1.761679e+01
216383 1.761679e+01
216432 1.761679e+01
216439 1.761679e+01
216443 1.761679e+01
216486 1.761679e+01
216505 1.761679e+01
216670 1.761679e+01
216696 1.761679e+01
216701 1.761679e+01
216779 1.761679e+01
216810 1.761679e+01
216835 1.761679e+01
216889 1.761679e+01
216909 1.761679e+01
216913 1.761679e+01
216926 1.761679e+01
216969 1.761679e+01
217006 1.761679e+01
217038 1.761679e+01
217086 1.761679e+01
217122 1.761679e+01
217125 1.761679e+01
217141 1.761679e+01
217169 1.761679e+01
217213 1.761679e+01
217229 1.761679e+01
217236 1.761679e+01
217287 1.761679e+01
217398 1.761679e+01
217402 1.761679e+01
217410 1.761679e+01
217447 1.761679e+01
217494 1.761679e+01
217500 1.761679e+01
217511 1.761679e+01
217523 1.761679e+01
217530 1.761679e+01
217577 1.761679e+01
217703 1.761679e+01
217726 1.761679e+01
217729 1.761679e+01
217800 1.761679e+01
217827 1.761679e+01
217865 1.761679e+01
217929 1.761679e+01
218020 1.761679e+01
218167 1.761679e+01
218247 1.761679e+01
218339 1.761679e+01
218349 1.761679e+01
266187 1.761172e+01
266592 1.760410e+01
266741 1.759344e+01
267003 1.759000e+01
267029 1.758832e+01
267062 1.757415e+01
267090 1.757039e+01
267403 1.755840e+01
267521 1.753656e+01
268021 1.753292e+01
268026 1.752174e+01
268194 1.752142e+01
268495 1.751467e+01
268631 1.750730e+01
268806 1.749965e+01
269012 1.749353e+01
269412 1.747917e+01
270109 1.747187e+01
272128 1.746894e+01
272337 1.746061e+01
272834 1.746051e+01
272999 1.745509e+01
273029 1.745274e+01
273075 1.745211e+01
273142 1.745155e+01
273202 1.744657e+01
274064 1.744231e+01
274165 1.743647e+01
274176 1.742923e+01
274951 1.742672e+01
274984 1.742122e+01
274996 1.742078e+01
276151 1.741920e+01
276153 1.741213e+01
276256 1.740964e+01
276962 1.740926e+01
277005 1.740526e+01
277216 1.740265e+01
277247 1.739698e+01
277412 1.739101e+01
278281 1.738416e+01
279313 1.738184e+01
279655 1.737829e+01
279755 1.737593e+01
279847 1.737344e+01
280001 1.737293e+01
280345 1.737080e+01
280571 1.737003e+01
280635 1.736857e+01
280646 1.736815e+01
280762 1.736664e+01
280923 1.736645e+01
281106 1.736636e+01
281231 1.736462e+01
281286 1.736208e+01
281548 1.736100e+01
281636 1.735609e+01
283499 1.735390e+01
283541 1.735243e+01
283875 1.735034e+01
284257 1.734809e+01
284686 1.734735e+01
284801 1.734586e+01
285514 1.734496e+01
285604 1.734450e+01
286069 1.734309e+01
286279 1.734297e+01
286319 1.734047e+01
286573 1.734010e+01
286897 1.733993e+01
287015 1.733975e+01
287131 1.733945e+01
287191 1.733767e+01
287704 1.733713e+01
287707 1.733609e+01
288056 1.733601e+01
288534 1.733584e+01
288605 1.733520e+01
288696 1.733519e+01
288836 1.733479e+01
289052 1.733404e+01
289067 1.733390e+01
289181 1.733160e+01
289770 1.733096e+01
290139 1.732888e+01
290404 1.732867e+01
291363 1.732849e+01
291616 1.732829e+01
291640 1.732730e+01
291651 1.732700e+01
291831 1.732659e+01
291991 1.732649e+01
292423 1.732624e+01
292484 1.732552e+01
292548 1.732538e+01
293040 1.732497e+01
293078 1.732435e+01
293687 1.732416e+01
293731 1.732410e+01
293734 1.732374e+01
293739 1.732322e+01
293856 1.732318e+01
293890 1.732318e+01
293958 1.732237e+01
294300 1.732210e+01
294329 1.732200e+01
294747 1.732122e+01
294956 1.732120e+01
295028 1.732116e+01
295060 1.732062e+01
295115 1.732013e+01
295526 1.731935e+01
296491 1.731918e+01
296558 1.731891e+01
297248 1.731881e+01
297322 1.731822e+01
297534 1.731813e+01
297576 1.731742e+01
297909 1.731741e+01
297981 1.731719e+01
298063 1.731697e+01
298892 1.731693e+01
299032 1.731666e+01
299058 1.731662e+01
299077 1.731657e+01
299134 1.731585e+01
299873 1.731534e+01
300826 1.731523e+01
301064 1.731515e+01
301112 1.731503e+01
301162 1.731495e+01
301203 1.731488e+01
301338 1.731477e+01
301511 1.731463e+01
301575 1.731454e+01
301646 1.731433e+01
302043 1.731421e+01
302118 1.731418e+01
302163 1.731387e+01
302545 1.731383e+01
303210 1.731367e+01
303478 1.731363e+01
303527 1.731353e+01
303577 1.731349e+01
303682 1.731346e+01
303703 1.731341e+01
303805 1.731334e+01
304146 1.731311e+01
304397 1.731309e+01
304572 1.731292e+01
304675 1.731283e+01
305086 1.731282e+01
305119 1.731277e+01
305821 1.731273e+01
305949 1.731270e+01
306101 1.731268e+01
306266 1.731248e+01
306516 1.731248e+01
306955 1.731242e+01
307007 1.731228e+01
307023 1.731204e+01
307554 1.731199e+01
307611 1.731195e+01
307804 1.731193e+01
307917 1.731185e+01
308685 1.731184e+01
308865 1.731172e+01
309123 1.731167e+01
309475 1.731165e+01
309651 1.731161e+01
309715 1.731155e+01
309996 1.731154e+01
310541 1.731153e+01
310794 1.731150e+01
310978 1.731149e+01
311617 1.731144e+01
311988 1.731141e+01
312099 1.731137e+01
312201 1.731135e+01
312223 1.731127e+01
312598 1.731127e+01
312628 1.731123e+01
312877 1.731122e+01
313050 1.731119e+01
313084 1.731119e+01
313124 1.731117e+01
313201 1.731115e+01
313391 1.731113e+01
313672 1.731108e+01
313907 1.731106e+01
314453 1.731105e+01
314483 1.731104e+01
314520 1.731103e+01
314618 1.731099e+01
314713 1.731099e+01
314728 1.731099e+01
314856 1.731098e+01
314932 1.731093e+01
314993 1.731091e+01
315237 1.731091e+01
315289 1.731084e+01
317527 1.731083e+01
317759 1.731073e+01
319091 1.731073e+01
319259 1.731071e+01
319280 1.731070e+01
319318 1.731064e+01
320760 1.731062e+01
320985 1.731061e+01
321230 1.731061e+01
322199 1.731061e+01
322463 1.731060e+01
322478 1.731059e+01
322972 1.731059e+01
322997 1.731053e+01
323141 1.731052e+01
323274 1.731052e+01
323598 1.731052e+01
323772 1.731051e+01
323783 1.731051e+01
323892 1.731049e+01
324234 1.731047e+01
324366 1.731045e+01
324407 1.731044e+01
325346 1.731043e+01
325438 1.731042e+01
325632 1.731042e+01
325979 1.731042e+01
326321 1.731041e+01
326332 1.731041e+01
326415 1.731039e+01
326548 1.731039e+01
326704 1.731038e+01
326722 1.731038e+01
326776 1.731036e+01
327416 1.731034e+01
327486 1.731033e+01
327603 1.731032e+01
327918 1.731029e+01
328028 1.731028e+01
328330 1.731026e+01
328740 1.731026e+01
328831 1.731025e+01
328894 1.731022e+01
329293 1.731022e+01
329543 1.731021e+01
329925 1.731021e+01
330119 1.731020e+01
330144 1.731020e+01
330300 1.731020e+01
330442 1.731019e+01
330536 1.731019e+01
330568 1.731018e+01
330606 1.731017e+01
330885 1.731017e+01
330987 1.731016e+01
330997 1.731016e+01
331058 1.731015e+01
331433 1.731014e+01
331649 1.731013e+01
331726 1.731013e+01
331738 1.731012e+01
331873 1.731012e+01
331909 1.731012e+01
331923 1.731011e+01
332005 1.731011e+01
332084 1.731011e+01
332160 1.731010e+01
332280 1.731009e+01
332416 1.731008e+01
332568 1.731008e+01
332826 1.731007e+01
332854 1.731007e+01
333023 1.731007e+01
333133 1.731006e+01
333620 1.731006e+01
333672 1.731006e+01
333693 1.731005e+01
333750 1.731005e+01
334134 1.731005e+01
334370 1.731005e+01
334383 1.731005e+01
334394 1.731005e+01
334399 1.731004e+01
334412 1.731004e+01
334460 1.731004e+01
334483 1.731004e+01
334571 1.731004e+01
334631 1.731004e+01
334768 1.731004e+01
334842 1.731003e+01
334865 1.731003e+01
335066 1.731003e+01
335187 1.731003e+01
335212 1.731003e+01
335418 1.731002e+01
335427 1.731002e+01
335494 1.731002e+01
335722 1.731002e+01
335806 1.731002e+01
335873 1.731001e+01
335958 1.731001e+01
336010 1.731001e+01
336147 1.731001e+01
336152 1.731001e+01
336158 1.731001e+01
336290 1.731001e+01
336355 1.731001e+01
336385 1.731001e+01
336397 1.731001e+01
336399 1.731000e+01
336442 1.731000e+01
336596 1.731000e+01
336814 1.731000e+01
336913 1.731000e+01
337089 1.731000e+01
337465 1.731000e+01
337772 1.730999e+01
337841 1.730999e+01
338699 1.730999e+01
338714 1.730999e+01
338931 1.730999e+01
339261 1.730999e+01
339500 1.730999e+01
340525 1.730999e+01
340654 1.730999e+01
341427 1.730999e+01
342561 1.730999e+01
342710 1.730999e+01
342713 1.730999e+01
343183 1.730999e+01
343319 1.730999e+01
343359 1.730999e+01
343576 1.730999e+01
343697 1.730999e+01
343886 1.730999e+01
344411 1.730999e+01
344487 1.730999e+01
345104 1.730999e+01
345194 1.730999e+01
345247 1.730999e+01
345484 1.730999e+01
345627 1.730999e+01
345656 1.730999e+01
345770 1.730998e+01
345852 1.730998e+01
345862 1.730998e+01
345869 1.730998e+01
345878 1.730998e+01
346098 1.730998e+01
346105 1.730998e+01
346145 1.730998e+01
346186 1.730998e+01
346330 1.730998e+01
346636 1.730998e+01
347073 1.730998e+01
347141 1.730998e+01
347372 1.730998e+01
347411 1.730998e+01
347589 1.730998e+01
347772 1.730998e+01
348010 1.730998e+01
348074 1.730998e+01
348154 1.730998e+01
348642 1.730998e+01
348648 1.730998e+01
348680 1.730998e+01
348776 1.730998e+01
349147 1.730998e+01
349393 1.730998e+01
349431 1.730998e+01
350392 1.730998e+01
350497 1.730998e+01
350898 1.730998e+01
351116 1.730998e+01
351285 1.730998e+01
351288 1.730998e+01
351570 1.730998e+01
351581 1.730998e+01
351703 1.730998e+01
352316 1.730998e+01
352336 1.730998e+01
352818 1.730998e+01
353036 1.730998e+01
353039 1.730998e+01
353093 1.730998e+01
353134 1.730998e+01
353179 1.730998e+01
353300 1.730998e+01
353952 1.730998e+01
354058 1.730998e+01
354145 1.730998e+01
354701 1.730998e+01
354768 1.730998e+01
354781 1.730998e+01
354899 1.730998e+01
355001 1.730998e+01
355016 1.730998e+01
355021 1.730998e+01
355110 1.730998e+01
355211 1.730998e+01
355471 1.730998e+01
355538 1.730998e+01
355578 1.730998e+01
355766 1.730998e+01
355839 1.730998e+01
356781 1.730998e+01
356838 1.730998e+01
357494 1.730998e+01
357931 1.730998e+01
357946 1.730998e+01
358003 1.730998e+01
358026 1.730998e+01
358027 1.730998e+01
358217 1.730998e+01
358224 1.730998e+01
358338 1.730998e+01
358498 1.730998e+01
358623 1.730998e+01
358741 1.730998e+01
359004 1.730998e+01
359169 1.730998e+01
359188 1.730998e+01
359263 1.730998e+01
359320 1.730998e+01
359355 1.730998e+01
359452 1.730998e+01
359487 1.730998e+01
359548 1.730998e+01
359684 1.730998e+01
359695 1.730998e+01
359717 1.730998e+01
359727 1.730998e+01
359928 1.730998e+01
359958 1.730998e+01
359962 1.730998e+01
360131 1.730998e+01
360267 1.730998e+01
360469 1.730998e+01
360707 1.730998e+01
360902 1.730998e+01
361008 1.730998e+01
361057 1.730998e+01
361071 1.730998e+01
361103 1.730998e+01
361177 1.730998e+01
361451 1.730998e+01
361530 1.730998e+01
361960 1.730998e+01
362114 1.730998e+01
362200 1.730998e+01
362242 1.730998e+01
362286 1.730998e+01
362350 1.730998e+01
362513 1.730998e+01
362679 1.730998e+01
362717 1.730998e+01
362880 1.730998e+01
363264 1.730998e+01
363546 1.730998e+01
363596 1.730998e+01
363693 1.730998e+01
363729 1.730998e+01
363851 1.730998e+01
363938 1.730998e+01
363939 1.730998e+01
364031 1.730998e+01
364088 1.730998e+01
364104 1.730998e+01
364332 1.730998e+01
364891 1.730998e+01
364895 1.730998e+01
365210 1.730998e+01
365350 1.730998e+01
365465 1.730998e+01
365855 1.730998e+01
365947 1.730998e+01
366056 1.730998e+01
366095 1.730998e+01
366098 1.730998e+01
366107 1.730998e+01
366143 1.730998e+01
419715 1.724676e+01
420652 1.723081e+01
420971 1.719108e+01
421096 1.672803e+01
422136 1.662394e+01
422616 1.632660e+01
425132 1.627116e+01
425592 1.604717e+01
426740 1.594799e+01
426747 1.590184e+01
427528 1.583493e+01
428812 1.565361e+01
429105 1.554536e+01
429627 1.554510e+01
429707 1.540309e+01
430092 1.529933e+01
430924 1.529387e+01
431155 1.525483e+01
431889 1.522132e+01
432239 1.520523e+01
432877 1.519439e+01
432975 1.513459e+01
433471 1.512854e+01
433714 1.510725e+01
434010 1.498022e+01
435068 1.487251e+01
435618 1.480169e+01
435947 1.479822e+01
437255 1.474614e+01
438213 1.474477e+01
438217 1.474394e+01
438282 1.471923e+01
438515 1.462087e+01
439210 1.460863e+01
439267 1.453577e+01
439990 1.451043e+01
440115 1.450881e+01
440450 1.450517e+01
440844 1.449434e+01
441104 1.445295e+01
441821 1.444812e+01
441835 1.444685e+01
442341 1.440151e+01
442433 1.440018e+01
442621 1.435629e+01
442853 1.434804e+01
442954 1.433664e+01
443034 1.433648e+01
443157 1.433616e+01
443315 1.432348e+01
443678 1.430392e+01
443904 1.428743e+01
444008 1.428666e+01
444932 1.428524e+01
445108 1.426669e+01
445422 1.425937e+01
445476 1.423424e+01
446066 1.420723e+01
446364 1.419865e+01
446546 1.418392e+01
447137 1.417601e+01
448287 1.417050e+01
448407 1.413450e+01
448822 1.411019e+01
449241 1.409406e+01
450841 1.409186e+01
451625 1.407479e+01
451931 1.407152e+01
452306 1.405953e+01
452379 1.403175e+01
452854 1.402859e+01
452890 1.400818e+01
453293 1.399233e+01
454074 1.398453e+01
454601 1.396376e+01
455075 1.396111e+01
455321 1.394863e+01
455611 1.391958e+01
456838 1.388867e+01
457891 1.388019e+01
457993 1.385440e+01
458664 1.385370e+01
459219 1.383695e+01
460024 1.383040e+01
460611 1.382450e+01
460743 1.382435e+01
460812 1.382096e+01
460908 1.381305e+01
461048 1.380901e+01
461722 1.380787e+01
462048 1.380033e+01
462429 1.378223e+01
463648 1.378113e+01
464280 1.377527e+01
464872 1.377450e+01
464919 1.377234e+01
464968 1.377080e+01
465045 1.376759e+01
465190 1.375425e+01
465395 1.375222e+01
465499 1.374228e+01
465844 1.373975e+01
466473 1.373726e+01
466538 1.373652e+01
466874 1.373105e+01
467012 1.372685e+01
467308 1.372491e+01
467526 1.372434e+01
467576 1.372191e+01
467631 1.371587e+01
467725 1.371486e+01
467866 1.371235e+01
469766 1.371234e+01
470021 1.371139e+01
470064 1.370646e+01
470171 1.370599e+01
470238 1.370130e+01
470456 1.369842e+01
471083 1.369672e+01
472005 1.369644e+01
472125 1.369036e+01
472607 1.368840e+01
472894 1.368561e+01
473396 1.368475e+01
473800 1.368432e+01
473875 1.368364e+01
473906 1.368064e+01
474323 1.367993e+01
474625 1.367878e+01
474995 1.367767e+01
476135 1.367627e+01
476580 1.367502e+01
476856 1.367422e+01
476949 1.367171e+01
477544 1.367117e+01
477710 1.367029e+01
478078 1.366926e+01
478202 1.366891e+01
478402 1.366883e+01
478410 1.366839e+01
478618 1.366715e+01
478769 1.366686e+01
478783 1.366602e+01
478850 1.366481e+01
479023 1.366384e+01
479034 1.366377e+01
479281 1.366324e+01
479541 1.366295e+01
479591 1.366019e+01
480020 1.366015e+01
480063 1.365904e+01
480257 1.365686e+01
481274 1.365545e+01
481438 1.365378e+01
482227 1.365318e+01
482262 1.365246e+01
482302 1.365227e+01
482625 1.365201e+01
482818 1.365083e+01
483735 1.365007e+01
484309 1.364990e+01
484508 1.364955e+01
484581 1.364914e+01
484632 1.364871e+01
484789 1.364760e+01
485086 1.364748e+01
485179 1.364730e+01
485362 1.364639e+01
485472 1.364621e+01
485628 1.364580e+01
486291 1.364552e+01
487261 1.364514e+01
487390 1.364458e+01
487528 1.364331e+01
488687 1.364249e+01
489916 1.364220e+01
490498 1.364211e+01
490619 1.364071e+01
490654 1.363979e+01
491215 1.363972e+01
491674 1.363961e+01
491851 1.363906e+01
491876 1.363882e+01
492163 1.363820e+01
493994 1.363812e+01
494059 1.363793e+01
494553 1.363767e+01
494643 1.363708e+01
497644 1.363590e+01
497904 1.363580e+01
498262 1.363576e+01
498954 1.363575e+01
499068 1.363573e+01
499193 1.363470e+01
499334 1.363428e+01
499394 1.363403e+01
499967 1.363308e+01
