1 5.000000e+00
46 5.000000e+00
47 5.000000e+00
65 4.997812e+00
74 4.746749e+00
365 4.647259e+00
995 4.578169e+00
1031 4.500031e+00
1319 4.389079e+00
1420 4.326670e+00
1454 4.319991e+00
1480 4.018159e+00
1774 3.589921e+00
2859 3.424968e+00
3150 3.165827e+00
3844 2.760344e+00
7577 2.758368e+00
9125 2.642798e+00
55750 2.613787e+00
55899 2.557998e+00
56128 2.556485e+00
56134 2.520432e+00
56356 2.513680e+00
56447 2.494805e+00
56746 2.493814e+00
56790 2.490281e+00
56799 2.486957e+00
56904 2.481003e+00
57092 2.480113e+00
57247 2.479649e+00
57290 2.475436e+00
57654 2.474886e+00
57901 2.474244e+00
58102 2.474020e+00
58130 2.473691e+00
58148 2.473610e+00
58214 2.473518e+00
58319 2.473434e+00
58413 2.472785e+00
58460 2.472653e+00
58550 2.472556e+00
58552 2.471984e+00
58602 2.471611e+00
58634 2.471471e+00
58637 2.471310e+00
58672 2.471166e+00
58797 2.470363e+00
58827 2.470289e+00
58877 2.470262e+00
58930 2.469695e+00
58946 2.469161e+00
59062 2.469010e+00
59116 2.468705e+00
59127 2.468340e+00
59189 2.467942e+00
59214 2.467484e+00
59248 2.467034e+00
59349 2.465926e+00
59377 2.465451e+00
59549 2.465321e+00
59577 2.465238e+00
59649 2.464669e+00
59671 2.464198e+00
59748 2.464152e+00
59843 2.463421e+00
59894 2.463257e+00
59965 2.462811e+00
60054 2.462632e+00
60087 2.462347e+00
60230 2.462305e+00
60254 2.461669e+00
60387 2.461422e+00
60408 2.461362e+00
60649 2.461273e+00
60651 2.461121e+00
60775 2.460751e+00
60912 2.460697e+00
61008 2.460627e+00
61045 2.460577e+00
61090 2.460384e+00
61202 2.460294e+00
61229 2.460224e+00
61269 2.460222e+00
61378 2.460203e+00
61434 2.460172e+00
61463 2.459940e+00
61632 2.459880e+00
61778 2.459789e+00
61788 2.459619e+00
61879 2.459582e+00
61924 2.459571e+00
61928 2.459544e+00
61943 2.459440e+00
61962 2.459360e+00
62019 2.459322e+00
62105 2.459078e+00
62295 2.458935e+00
62376 2.458891e+00
62400 2.458783e+00
62510 2.458540e+00
62684 2.458195e+00
62835 2.457900e+00
62862 2.457769e+00
62925 2.457586e+00
63016 2.457386e+00
63286 2.457017e+00
63421 2.456720e+00
63776 2.456643e+00
63849 2.456532e+00
63905 2.456316e+00
63982 2.456171e+00
64116 2.456071e+00
64210 2.455929e+00
64314 2.455711e+00
64590 2.455490e+00
65045 2.455442e+00
65296 2.455439e+00
65365 2.455422e+00
65414 2.455377e+00
65482 2.455298e+00
65623 2.455290e+00
65715 2.455208e+00
65829 2.455189e+00
66134 2.455186e+00
66168 2.455160e+00
66272 2.455158e+00
66511 2.455137e+00
66595 2.455124e+00
66732 2.455108e+00
66885 2.455103e+00
66979 2.455100e+00
67387 2.455099e+00
67438 2.455093e+00
67533 2.455092e+00
67535 2.455091e+00
67612 2.455089e+00
67809 2.455088e+00
67958 2.455088e+00
68001 2.455087e+00
68180 2.455087e+00
68211 2.455087e+00
68223 2.455087e+00
68257 2.455087e+00
68284 2.455087e+00
68294 2.455087e+00
68379 2.455087e+00
68486 2.455087e+00
68525 2.455086e+00
68736 2.455086e+00
68806 2.455086e+00
68838 2.455086e+00
68850 2.455086e+00
68979 2.455086e+00
69084 2.455086e+00
69105 2.455086e+00
69108 2.455086e+00
69496 2.455086e+00
69502 2.455086e+00
69515 2.455086e+00
69545 2.455086e+00
69574 2.455086e+00
69641 2.455086e+00
69692 2.455086e+00
69825 2.455086e+00
69980 2.455086e+00
70199 2.455086e+00
70244 2.455086e+00
70470 2.455086e+00
70573 2.455086e+00
70713 2.455086e+00
70760 2.455086e+00
70912 2.455086e+00
70943 2.455086e+00
71075 2.455086e+00
71081 2.455086e+00
71150 2.455086e+00
71219 2.455086e+00
71223 2.455086e+00
71263 2.455086e+00
71288 2.455086e+00
71334 2.455086e+00
71351 2.455086e+00
71392 2.455086e+00
