1 5.000000e+00
50 5.000000e+00
147 5.000000e+00
151 4.999998e+00
208 4.913325e+00
346 4.568804e+00
506 4.505411e+00
771 4.146200e+00
1665 4.042996e+00
2013 3.999721e+00
2250 3.946658e+00
3159 3.802438e+00
4797 3.766037e+00
5065 3.729291e+00
5092 3.724208e+00
5119 3.612068e+00
5626 3.202226e+00
10194 3.178320e+00
12894 3.129490e+00
64223 3.116265e+00
65403 3.024506e+00
66327 3.003784e+00
67442 2.934963e+00
69537 2.926282e+00
69558 2.727789e+00
78725 2.687823e+00
78883 2.623838e+00
82873 2.619706e+00
83288 2.608754e+00
83472 2.608355e+00
83707 2.603296e+00
83832 2.598056e+00
84117 2.593455e+00
84468 2.591600e+00
84527 2.590623e+00
85217 2.590383e+00
85408 2.590267e+00
85483 2.589525e+00
85644 2.589282e+00
85778 2.588788e+00
85896 2.588691e+00
85993 2.586377e+00
86305 2.585716e+00
86761 2.585572e+00
86953 2.585459e+00
87242 2.585422e+00
87266 2.585422e+00
87312 2.585422e+00
87473 2.585347e+00
87517 2.585346e+00
87550 2.585295e+00
87683 2.585250e+00
87896 2.585242e+00
87975 2.585205e+00
87993 2.585196e+00
88101 2.585178e+00
88276 2.585176e+00
88386 2.585171e+00
88502 2.585170e+00
88570 2.585166e+00
88658 2.585152e+00
88737 2.585134e+00
89130 2.585132e+00
89316 2.585125e+00
89521 2.585116e+00
89806 2.585106e+00
90361 2.585099e+00
90705 2.585093e+00
91334 2.585090e+00
91500 2.585089e+00
91606 2.585083e+00
91616 2.585082e+00
91660 2.585082e+00
91903 2.585081e+00
92095 2.585080e+00
92128 2.585073e+00
92182 2.585065e+00
92604 2.585063e+00
92830 2.585063e+00
92907 2.585059e+00
92976 2.585055e+00
93295 2.585055e+00
93433 2.585053e+00
93583 2.585050e+00
93753 2.585050e+00
93891 2.585049e+00
94010 2.585046e+00
94200 2.585046e+00
94330 2.585038e+00
95073 2.585038e+00
95289 2.585038e+00
95336 2.585036e+00
95404 2.585035e+00
95591 2.585035e+00
95618 2.585034e+00
95844 2.585033e+00
95867 2.585029e+00
96469 2.585029e+00
96600 2.585028e+00
96663 2.585027e+00
96782 2.585025e+00
96814 2.585023e+00
97517 2.585023e+00
97526 2.585023e+00
97552 2.585018e+00
98190 2.585017e+00
98594 2.585017e+00
98705 2.585015e+00
98914 2.585014e+00
99016 2.585014e+00
99351 2.585013e+00
99412 2.585013e+00
99508 2.585013e+00
99567 2.585013e+00
99790 2.585012e+00
99823 2.585012e+00
99953 2.585012e+00
