1 4.529365e+03
2 3.597541e+03
21 3.377819e+03
33 3.212591e+03
41 3.175997e+03
59 2.195655e+03
1848 2.007792e+03
2228 1.906846e+03
2291 1.691193e+03
2704 1.633105e+03
4720 1.547408e+03
5069 1.486212e+03
5120 1.427176e+03
5191 1.248339e+03
5380 1.236311e+03
5383 1.067884e+03
5430 1.028570e+03
5501 9.651097e+02
5508 8.491356e+02
5539 8.035633e+02
5658 7.464000e+02
5669 6.145520e+02
5705 6.125234e+02
5797 5.569912e+02
5847 4.814334e+02
5957 4.780916e+02
5982 4.645223e+02
5991 4.604933e+02
6049 4.513251e+02
6107 4.496874e+02
6193 4.481035e+02
6206 4.452377e+02
6218 4.446008e+02
6237 4.435846e+02
6262 4.413002e+02
6276 4.410602e+02
6281 4.355488e+02
6311 4.347808e+02
6335 4.344184e+02
6353 4.339006e+02
6365 4.335944e+02
6438 4.328561e+02
6440 4.326235e+02
6469 4.322228e+02
6505 4.312454e+02
6533 4.312399e+02
6547 4.305042e+02
6627 4.303676e+02
6635 4.301800e+02
6677 4.300419e+02
6679 4.299506e+02
6710 4.298135e+02
6712 4.297739e+02
6762 4.297399e+02
6768 4.296860e+02
6772 4.296486e+02
6781 4.296142e+02
6784 4.295629e+02
6788 4.295527e+02
6822 4.295097e+02
6847 4.295060e+02
6849 4.294626e+02
7007 4.294583e+02
7011 4.294569e+02
7023 4.294566e+02
7038 4.294561e+02
7057 4.294441e+02
7090 4.294315e+02
7218 4.294305e+02
7270 4.294304e+02
7280 4.294300e+02
7286 4.294298e+02
7292 4.294297e+02
7294 4.294285e+02
7309 4.294270e+02
7476 4.294269e+02
7486 4.294264e+02
7501 4.294264e+02
7502 4.294262e+02
7553 4.294262e+02
7554 4.294261e+02
7570 4.294260e+02
7582 4.294259e+02
7607 4.294259e+02
7656 4.294259e+02
7658 4.294259e+02
7659 4.294259e+02
7692 4.294259e+02
7699 4.294259e+02
7709 4.294259e+02
7715 4.294258e+02
7737 4.294258e+02
7784 4.294258e+02
7793 4.294258e+02
7794 4.294258e+02
7874 4.294258e+02
7946 4.294258e+02
7971 4.294257e+02
7975 4.294257e+02
8006 4.294257e+02
8064 4.294257e+02
8078 4.294257e+02
8085 4.294257e+02
8115 4.294257e+02
8202 4.294257e+02
8212 4.294257e+02
8217 4.294257e+02
8264 4.294257e+02
8293 4.294257e+02
8306 4.294257e+02
8325 4.294257e+02
8409 4.294257e+02
8431 4.294257e+02
8452 4.294257e+02
8468 4.294257e+02
8545 4.294257e+02
8552 4.294257e+02
8566 4.294257e+02
8573 4.294257e+02
8586 4.294257e+02
8621 4.294257e+02
8650 4.294257e+02
8773 4.294257e+02
8784 4.294257e+02
8805 4.294257e+02
8809 4.294257e+02
8823 4.294257e+02
8836 4.294257e+02
8985 4.294257e+02
9017 4.294257e+02
9039 4.294257e+02
9118 4.294257e+02
9148 4.294257e+02
9177 4.294257e+02
9226 4.294257e+02
9293 4.294257e+02
9295 4.294257e+02
9321 4.294257e+02
9361 4.294257e+02
9363 4.294257e+02
9377 4.294257e+02
9384 4.294257e+02
9421 4.294257e+02
9431 4.294257e+02
9452 4.294257e+02
9473 4.294257e+02
9476 4.294257e+02
9483 4.294257e+02
9510 4.294257e+02
9537 4.294257e+02
36407 4.065687e+02
36547 3.827115e+02
36583 3.712037e+02
36584 3.707590e+02
36600 3.427672e+02
36617 3.407597e+02
36657 3.286851e+02
36667 3.126614e+02
36675 3.042902e+02
36702 3.038482e+02
36733 2.881795e+02
36771 2.877082e+02
36774 2.874606e+02
36803 2.863875e+02
36863 2.838654e+02
36868 2.781974e+02
36901 2.770407e+02
36999 2.756307e+02
37020 2.753885e+02
37097 2.738739e+02
37114 2.699390e+02
37147 2.687592e+02
37226 2.684648e+02
37253 2.672606e+02
37299 2.664770e+02
37307 2.639297e+02
37390 2.632985e+02
37441 2.631830e+02
37453 2.621134e+02
37544 2.617891e+02
37572 2.617406e+02
37671 2.617321e+02
37680 2.615468e+02
37689 2.615132e+02
37760 2.615059e+02
37774 2.614880e+02
37783 2.614371e+02
37794 2.614058e+02
37906 2.613917e+02
37936 2.613886e+02
37985 2.613857e+02
37986 2.613793e+02
37996 2.613757e+02
38068 2.613751e+02
38075 2.613749e+02
38097 2.613738e+02
38105 2.613736e+02
38146 2.613736e+02
38150 2.613729e+02
38161 2.613725e+02
38237 2.613722e+02
38254 2.613720e+02
38311 2.613720e+02
38315 2.613719e+02
38349 2.613718e+02
38353 2.613717e+02
38355 2.613715e+02
38358 2.613715e+02
38399 2.613714e+02
38421 2.613714e+02
38465 2.613713e+02
38481 2.613713e+02
38489 2.613713e+02
38515 2.613713e+02
38542 2.613713e+02
38563 2.613712e+02
38611 2.613712e+02
38738 2.613712e+02
38781 2.613712e+02
38803 2.613712e+02
38820 2.613712e+02
38930 2.613712e+02
38978 2.613712e+02
38980 2.613712e+02
38998 2.613712e+02
39003 2.613712e+02
39031 2.613712e+02
39055 2.613712e+02
39080 2.613712e+02
39098 2.613712e+02
39112 2.613712e+02
39216 2.613712e+02
39257 2.613712e+02
39353 2.613712e+02
39421 2.613712e+02
39440 2.613712e+02
39546 2.613712e+02
39603 2.613712e+02
39617 2.613712e+02
39622 2.613712e+02
39648 2.613712e+02
39652 2.613712e+02
39719 2.613712e+02
39723 2.613712e+02
39766 2.613712e+02
39812 2.613712e+02
39871 2.613712e+02
39909 2.613712e+02
39940 2.613712e+02
39941 2.613712e+02
39960 2.613712e+02
39966 2.613712e+02
39978 2.613712e+02
39986 2.613712e+02
39995 2.613712e+02
40000 2.613712e+02
40005 2.613712e+02
40064 2.613712e+02
40080 2.613712e+02
40090 2.613712e+02
40098 2.613712e+02
40124 2.613712e+02
40125 2.613712e+02
40129 2.613712e+02
40224 2.613712e+02
40231 2.613712e+02
40267 2.613712e+02
40279 2.613712e+02
40284 2.613712e+02
40337 2.613712e+02
40347 2.613712e+02
40403 2.613712e+02
40458 2.613712e+02
54841 9.779245e+01
55211 9.210455e+01
55730 8.049633e+01
55812 7.961418e+01
55905 5.043742e+01
56336 4.762897e+01
56637 3.766862e+01
56848 3.424654e+01
56885 2.982844e+01
57072 2.937132e+01
57166 2.745641e+01
57173 2.561112e+01
57426 2.528940e+01
57429 2.234277e+01
57604 2.223740e+01
57734 2.182921e+01
57736 2.099794e+01
57950 2.065712e+01
58077 2.035488e+01
58188 2.006710e+01
58249 2.000278e+01
58461 1.999597e+01
58518 1.992653e+01
58531 1.990416e+01
58575 1.989802e+01
58577 1.985777e+01
58597 1.980924e+01
58624 1.976667e+01
58638 1.976546e+01
58651 1.973385e+01
58748 1.969604e+01
58763 1.968554e+01
58800 1.964508e+01
59162 1.963461e+01
59273 1.962234e+01
59276 1.960589e+01
59566 1.960366e+01
59719 1.960042e+01
59742 1.959861e+01
59793 1.959688e+01
59849 1.959669e+01
59864 1.959629e+01
59937 1.959577e+01
59988 1.959541e+01
60046 1.959452e+01
60083 1.959428e+01
60086 1.959404e+01
60124 1.959379e+01
60171 1.959358e+01
60186 1.959356e+01
60230 1.959318e+01
60253 1.959299e+01
60319 1.959296e+01
60347 1.959239e+01
60429 1.959237e+01
60442 1.959234e+01
60553 1.959233e+01
60561 1.959217e+01
60615 1.959202e+01
60873 1.959201e+01
60903 1.959200e+01
61012 1.959198e+01
61018 1.959193e+01
61240 1.959192e+01
61417 1.959191e+01
61432 1.959191e+01
61607 1.959190e+01
61764 1.959190e+01
61865 1.959190e+01
62066 1.959190e+01
62117 1.959190e+01
62138 1.959190e+01
62160 1.959190e+01
62270 1.959190e+01
62328 1.959190e+01
62483 1.959190e+01
62541 1.959190e+01
62577 1.959190e+01
62613 1.959190e+01
62628 1.959190e+01
62723 1.959190e+01
62764 1.959190e+01
62821 1.959190e+01
62861 1.959190e+01
62894 1.959190e+01
62964 1.959190e+01
63018 1.959190e+01
63025 1.959190e+01
63243 1.959190e+01
63265 1.959190e+01
63316 1.959190e+01
63364 1.959190e+01
63471 1.959190e+01
63600 1.959190e+01
63652 1.959190e+01
63776 1.959190e+01
63784 1.959190e+01
63869 1.959190e+01
63937 1.959190e+01
63961 1.959190e+01
63992 1.959190e+01
64105 1.959190e+01
64133 1.959190e+01
64190 1.959190e+01
64200 1.959190e+01
64454 1.959190e+01
64455 1.959190e+01
64495 1.959190e+01
64567 1.959190e+01
64627 1.959190e+01
64649 1.959190e+01
64690 1.959190e+01
64724 1.959190e+01
64955 1.959190e+01
64993 1.959190e+01
65182 1.959190e+01
65208 1.959190e+01
65248 1.959190e+01
65459 1.959190e+01
65543 1.959190e+01
