1 4.040539e+03
3 3.742785e+03
13 2.955097e+03
192 2.828390e+03
195 2.742187e+03
524 2.702702e+03
642 2.458871e+03
816 2.176246e+03
1951 1.946105e+03
2592 1.798497e+03
3202 1.765700e+03
3244 1.524730e+03
3296 1.509440e+03
3346 1.479193e+03
3351 1.445909e+03
3390 1.414890e+03
3393 1.346018e+03
3433 1.239155e+03
3437 1.220635e+03
3455 1.217362e+03
3470 1.130067e+03
3515 1.057376e+03
3516 1.035165e+03
3932 1.009870e+03
3976 9.942381e+02
4017 9.836867e+02
4022 9.805355e+02
4023 9.694131e+02
4092 9.674166e+02
4154 9.654000e+02
4222 9.631370e+02
4287 9.606334e+02
4315 9.591321e+02
4383 9.586035e+02
4488 9.577352e+02
4564 9.576628e+02
4566 9.573279e+02
4603 9.572033e+02
4612 9.569693e+02
4691 9.569574e+02
4693 9.567798e+02
4695 9.567262e+02
4734 9.567071e+02
4737 9.565680e+02
4770 9.565225e+02
4871 9.565055e+02
4888 9.564711e+02
4893 9.564650e+02
4910 9.564608e+02
4934 9.564603e+02
4967 9.563980e+02
5032 9.563968e+02
5038 9.563518e+02
5188 9.563432e+02
5239 9.563403e+02
5262 9.563395e+02
5268 9.563265e+02
5279 9.563258e+02
5321 9.563249e+02
5345 9.563222e+02
5388 9.563208e+02
5428 9.563170e+02
5467 9.563159e+02
5558 9.563159e+02
5567 9.563157e+02
5612 9.563157e+02
5616 9.563155e+02
5617 9.563149e+02
5678 9.563149e+02
5680 9.563147e+02
5694 9.563147e+02
5734 9.563146e+02
5740 9.563146e+02
5772 9.563145e+02
5773 9.563144e+02
5788 9.563143e+02
5832 9.563142e+02
5842 9.563142e+02
5849 9.563142e+02
5862 9.563142e+02
5887 9.563142e+02
5888 9.563141e+02
5934 9.563141e+02
5974 9.563141e+02
6015 9.563141e+02
6020 9.563140e+02
6105 9.563140e+02
6116 9.563140e+02
6124 9.563140e+02
6130 9.563140e+02
6149 9.563140e+02
6155 9.563140e+02
6198 9.563140e+02
6208 9.563140e+02
6282 9.563140e+02
6295 9.563140e+02
6336 9.563140e+02
6337 9.563140e+02
6359 9.563140e+02
6369 9.563140e+02
6411 9.563140e+02
6435 9.563140e+02
6462 9.563140e+02
6465 9.563140e+02
6486 9.563140e+02
6518 9.563140e+02
6547 9.563140e+02
6565 9.563140e+02
6593 9.563140e+02
6673 9.563140e+02
6711 9.563140e+02
6725 9.563140e+02
6858 9.563140e+02
6881 9.563140e+02
6902 9.563140e+02
6965 9.563140e+02
6975 9.563140e+02
7020 9.563140e+02
7026 9.563140e+02
7058 9.563140e+02
7059 9.563140e+02
7065 9.563140e+02
7085 9.563140e+02
7114 9.563140e+02
7135 9.563140e+02
7174 9.563140e+02
7220 9.563140e+02
7243 9.563140e+02
7246 9.563140e+02
7273 9.563140e+02
7277 9.563140e+02
7278 9.563140e+02
7316 9.563140e+02
7425 9.563140e+02
7431 9.563140e+02
7433 9.563140e+02
7548 9.563140e+02
7558 9.563140e+02
7591 9.563140e+02
7671 9.563140e+02
7683 9.563140e+02
7688 9.563140e+02
20530 8.197049e+02
20594 8.197049e+02
20597 8.197049e+02
20600 8.197049e+02
20603 8.197049e+02
20606 8.197049e+02
20609 8.197049e+02
20612 8.197049e+02
20615 8.197049e+02
20618 8.197049e+02
20621 8.197049e+02
20624 8.197049e+02
20627 8.197049e+02
20628 7.882953e+02
20629 7.882953e+02
20730 7.154299e+02
20780 6.540386e+02
20781 6.540386e+02
20784 6.540386e+02
20787 6.540386e+02
20790 6.540386e+02
20793 6.540386e+02
20796 6.540386e+02
20799 6.540386e+02
20802 6.540386e+02
20804 6.447293e+02
20805 6.447293e+02
20808 6.447293e+02
20811 6.447293e+02
20814 6.447293e+02
20817 6.447293e+02
20820 6.447293e+02
20823 6.447293e+02
20826 6.447293e+02
20829 6.447293e+02
20832 6.447293e+02
20835 6.447293e+02
20837 6.446645e+02
20838 6.446645e+02
20841 6.446645e+02
20842 6.432510e+02
20843 6.432510e+02
20846 6.432510e+02
20847 6.423798e+02
20855 5.896931e+02
20858 5.768006e+02
20865 5.768006e+02
20868 5.768006e+02
20871 5.768006e+02
20892 5.768006e+02
20895 5.768006e+02
20898 5.768006e+02
20901 5.768006e+02
20904 5.768006e+02
20907 5.768006e+02
20910 5.768006e+02
20913 5.768006e+02
20916 5.768006e+02
20919 5.768006e+02
20922 5.768006e+02
20925 5.768006e+02
20928 5.768006e+02
20931 5.768006e+02
20934 5.768006e+02
20937 5.768006e+02
20940 5.768006e+02
20943 5.768006e+02
20946 5.768006e+02
20949 5.768006e+02
20952 5.768006e+02
21080 5.721915e+02
21081 5.721915e+02
21084 5.721915e+02
21086 5.631555e+02
21149 5.614056e+02
21150 5.614056e+02
21152 5.588881e+02
21155 5.570405e+02
21156 5.570405e+02
21159 5.570405e+02
21160 5.302212e+02
21161 5.302212e+02
21164 5.302212e+02
21167 5.302212e+02
21170 5.302212e+02
21173 5.302212e+02
21176 5.302212e+02
21179 5.302212e+02
21183 5.175759e+02
21190 5.175759e+02
21304 5.175759e+02
21307 5.175759e+02
21310 5.175759e+02
21313 5.175759e+02
21316 5.175759e+02
21319 5.175759e+02
21322 5.175759e+02
21325 5.175759e+02
21328 5.175759e+02
21331 5.175759e+02
21334 5.175759e+02
21337 5.175759e+02
21340 5.175759e+02
21343 5.175759e+02
21346 5.175759e+02
21349 5.175759e+02
21352 5.175759e+02
21355 5.175759e+02
21358 5.175759e+02
21361 5.175759e+02
21364 5.175759e+02
21367 5.175759e+02
21370 5.175759e+02
21373 5.175759e+02
21376 5.175759e+02
21379 5.175759e+02
21382 5.175759e+02
21385 5.175759e+02
21388 5.175759e+02
21391 5.175759e+02
21431 5.172364e+02
21432 5.172364e+02
21435 5.172364e+02
21438 5.172364e+02
21441 5.172364e+02
21444 5.172364e+02
21447 5.172364e+02
21450 5.172364e+02
21452 5.150738e+02
21701 5.143957e+02
21783 5.143957e+02
21786 5.143957e+02
21789 5.143957e+02
21792 5.143957e+02
22010 5.141182e+02
22071 5.141182e+02
22074 5.141182e+02
22077 5.141182e+02
22080 5.141182e+02
22083 5.141182e+02
22334 5.140707e+02
22335 5.140707e+02
22338 5.140707e+02
22341 5.140707e+02
22344 5.140707e+02
22345 5.136017e+02
22346 5.136017e+02
22349 5.136017e+02
22350 5.133857e+02
22352 5.120957e+02
22470 5.120957e+02
22473 5.120957e+02
22476 5.120957e+02
22479 5.120957e+02
22482 5.120957e+02
22485 5.120957e+02
22488 5.120957e+02
22491 5.120957e+02
22494 5.120957e+02
22497 5.120957e+02
22500 5.120957e+02
22503 5.120957e+02
22506 5.120957e+02
22509 5.120957e+02
22512 5.120957e+02
22515 5.120957e+02
22518 5.120957e+02
22521 5.120957e+02
22524 5.120957e+02
22527 5.120957e+02
22530 5.120957e+02
22533 5.120957e+02
22536 5.120957e+02
22539 5.120957e+02
22542 5.120957e+02
22545 5.120957e+02
22548 5.120957e+02
22551 5.120957e+02
22554 5.120957e+02
22557 5.120957e+02
30002 5.120957e+02
30005 5.120957e+02
30008 5.120957e+02
30011 5.120957e+02
30014 5.120957e+02
30017 5.120957e+02
30020 5.120957e+02
30023 5.120957e+02
30116 5.120957e+02
30119 5.120957e+02
30122 5.120957e+02
30125 5.120957e+02
30128 5.120957e+02
30131 5.120957e+02
30134 5.120957e+02
30137 5.120957e+02
30140 5.120957e+02
30143 5.120957e+02
30146 5.120957e+02
30149 5.120957e+02
30152 5.120957e+02
30155 5.120957e+02
30158 5.120957e+02
30161 5.120957e+02
30164 5.120957e+02
30167 5.120957e+02
30170 5.120957e+02
30173 5.120957e+02
30176 5.120957e+02
30179 5.120957e+02
30182 5.120957e+02
30185 5.120957e+02
30188 5.120957e+02
30191 5.120957e+02
30194 5.120957e+02
30197 5.120957e+02
30200 5.120957e+02
30203 5.120957e+02
