1 1.509695e+04
2 2.292726e+03
60 1.856089e+03
105 1.472092e+03
157 1.234799e+03
215 8.965707e+02
261 4.663640e+02
438 4.131733e+02
506 3.431473e+02
507 3.402180e+02
536 2.196438e+02
540 1.604380e+02
559 5.370639e+01
782 2.468051e+01
879 1.454100e+01
1007 1.273545e+01
1033 9.963957e+00
1041 9.156511e+00
1151 8.719549e+00
1183 8.314550e+00
1184 6.694476e+00
1225 5.931916e+00
1235 5.088407e+00
1243 4.964891e+00
1264 3.349873e+00
1309 3.083949e+00
1312 2.660417e+00
1360 2.202881e+00
1478 1.952780e+00
1491 1.862754e+00
1509 1.617331e+00
1521 1.559147e+00
1549 1.548973e+00
1563 1.354585e+00
1594 1.310976e+00
1653 1.295311e+00
1680 1.253513e+00
1693 1.199821e+00
1696 1.187928e+00
1744 1.062030e+00
1796 1.018904e+00
1839 9.217450e-01
2200 9.151932e-01
2232 7.468655e-01
2540 7.162914e-01
2584 4.910938e-01
2660 4.883507e-01
2684 4.613211e-01
2717 4.249854e-01
2722 3.978140e-01
2724 3.733494e-01
2748 3.644127e-01
2752 3.421088e-01
2763 3.382244e-01
2766 2.829756e-01
2782 2.257001e-01
2806 1.736599e-01
2831 1.463083e-01
2845 1.131630e-01
2851 9.981750e-02
2880 9.806200e-02
2881 8.920465e-02
2888 5.128106e-02
2940 4.642755e-02
3024 4.325729e-02
3036 3.348769e-02
3038 1.982344e-02
3078 1.859017e-02
3098 1.782194e-02
3127 1.609520e-02
3155 1.448088e-02
3190 1.311015e-02
3203 1.198108e-02
3212 1.084752e-02
3216 4.938953e-03
3347 3.906301e-03
3366 3.440226e-03
3397 1.702035e-03
3495 1.650680e-03
3499 1.147549e-03
3543 7.871468e-04
3571 7.798388e-04
3584 7.116833e-04
3602 6.166187e-04
3613 5.538443e-04
3652 3.808598e-04
3678 3.669692e-04
3685 3.116336e-04
3695 2.824924e-04
3704 1.728928e-04
3726 8.376743e-05
3824 7.527603e-05
3859 3.820462e-05
3969 3.169568e-05
3977 2.540483e-05
3995 2.361277e-05
4006 2.308544e-05
4007 1.268014e-05
4016 9.125874e-06
4071 7.390870e-06
4073 6.935265e-06
4100 5.478056e-06
4175 3.704286e-06
4180 2.714712e-06
4269 2.596596e-06
4270 2.525656e-06
4278 1.627770e-06
4304 1.209098e-06
4305 8.536618e-07
4322 4.356048e-07
4381 2.864720e-07
4485 2.557329e-07
4488 2.315630e-07
4489 2.216403e-07
4490 1.951985e-07
4512 8.700278e-08
4615 6.539667e-08
4618 6.381921e-08
4620 5.017066e-08
4658 4.084370e-08
4678 3.168841e-08
4680 2.938001e-08
4696 2.738081e-08
4707 1.886120e-08
4735 1.850609e-08
4762 1.302187e-08
4775 5.474734e-09
34312 3.664049e-09
