1 2.364331e+04
2 2.093006e+04
4 8.262788e+03
5 6.583820e+03
6 3.768722e+03
25 2.606285e+03
47 8.128835e+02
258 6.081702e+02
352 4.477250e+02
355 4.103988e+02
361 3.665347e+02
377 2.165574e+02
467 1.916610e+02
470 1.773984e+02
541 1.020506e+02
568 7.886544e+01
730 6.117830e+01
754 5.783568e+01
756 5.739335e+01
759 5.633510e+01
793 5.381415e+01
794 3.656871e+01
811 3.254963e+01
826 2.586153e+01
923 2.100667e+01
937 1.805668e+01
958 1.567658e+01
984 1.530565e+01
1030 1.220272e+01
1056 1.068026e+01
1078 5.740402e+00
1145 5.549351e+00
1180 3.120220e+00
1210 2.348055e+00
1323 2.205450e+00
1354 2.051351e+00
1363 1.943606e+00
1469 1.716335e+00
1483 1.439284e+00
1595 1.371272e+00
1600 1.220558e+00
1633 1.129382e+00
1751 1.061506e+00
1797 1.019239e+00
1863 9.766107e-01
1901 9.660384e-01
2067 7.831716e-01
2431 4.666920e-01
2595 4.363692e-01
2652 3.005262e-01
2746 2.710825e-01
2752 2.420469e-01
2776 2.183374e-01
2797 1.467667e-01
2810 1.451454e-01
2845 1.432875e-01
2866 1.145032e-01
2880 1.059070e-01
2930 8.853762e-02
2937 7.365620e-02
2997 6.533366e-02
3003 4.855469e-02
3048 4.573516e-02
3058 4.253064e-02
3063 4.185232e-02
3080 3.415161e-02
3123 3.348243e-02
3132 2.655386e-02
3148 2.284500e-02
3150 1.937750e-02
3165 1.888522e-02
3262 1.750963e-02
3287 1.693185e-02
3297 1.548287e-02
3349 1.489596e-02
3358 1.379655e-02
3400 1.292405e-02
3529 1.269192e-02
3547 1.267424e-02
3601 1.253936e-02
3647 1.252537e-02
3649 1.251761e-02
3654 1.244789e-02
3664 1.239689e-02
3703 1.239463e-02
3742 1.237902e-02
3764 1.235405e-02
3851 1.234527e-02
3862 1.233650e-02
3884 1.233417e-02
3894 1.233321e-02
3959 1.233228e-02
3986 1.233033e-02
3990 1.233027e-02
4001 1.232737e-02
4034 1.232254e-02
4099 1.232172e-02
4102 1.232018e-02
4156 1.231965e-02
4157 1.231923e-02
4202 1.231872e-02
4204 1.231818e-02
4282 1.231733e-02
4284 1.231722e-02
4336 1.231683e-02
4364 1.231677e-02
4392 1.231668e-02
4415 1.231643e-02
4443 1.231630e-02
4489 1.231626e-02
4491 1.231618e-02
4525 1.231617e-02
4547 1.231617e-02
4580 1.231614e-02
4625 1.231613e-02
4646 1.231610e-02
4741 1.231610e-02
4754 1.231609e-02
4768 1.231609e-02
4787 1.231609e-02
4788 1.231608e-02
4826 1.231608e-02
4885 1.231608e-02
4928 1.231608e-02
4933 1.231608e-02
4947 1.231608e-02
4952 1.231608e-02
4977 1.231607e-02
4997 1.231607e-02
5037 1.231607e-02
5053 1.231607e-02
5059 1.231607e-02
5070 1.231607e-02
5072 1.231607e-02
5079 1.231607e-02
5161 1.231607e-02
5218 1.231607e-02
5291 1.231607e-02
5292 1.231607e-02
5316 1.231607e-02
5318 1.231607e-02
5327 1.231607e-02
5355 1.231607e-02
5432 1.231607e-02
5450 1.231607e-02
5473 1.231607e-02
5474 1.231607e-02
5544 1.231607e-02
5574 1.231607e-02
5618 1.231607e-02
5634 1.231607e-02
5651 1.231607e-02
5660 1.231607e-02
5672 1.231607e-02
12992 7.018281e-03
13165 4.593794e-03
13183 3.240670e-03
13394 1.520253e-03
13554 1.371165e-03
13598 7.395823e-04
13857 6.031247e-04
13916 4.023954e-04
14036 3.555129e-04
14044 3.418830e-04
14045 2.719830e-04
14167 2.375672e-04
14260 2.293621e-04
14318 1.384997e-04
14351 1.320136e-04
14371 1.307923e-04
14390 9.062522e-05
14471 8.608621e-05
14518 7.975360e-05
14523 4.815060e-05
14600 4.515207e-05
14755 3.708800e-05
14776 2.755964e-05
14839 1.975100e-05
14971 1.508459e-05
33857 1.071185e-05
33927 9.959152e-06
33956 5.431760e-06
34007 5.218818e-06
34024 3.379231e-06
34059 3.296894e-06
34086 2.875951e-06
34092 2.374330e-06
34112 1.462151e-06
34128 1.451642e-06
34141 1.242812e-06
34173 9.426540e-07
34192 8.625689e-07
34204 5.896895e-07
34242 4.647650e-07
34272 3.824933e-07
34273 3.425672e-07
34274 3.022036e-07
34297 2.928570e-07
34307 1.781305e-07
34341 1.724185e-07
34373 1.598148e-07
34377 8.587243e-08
34433 3.138128e-08
34562 3.015490e-08
34564 2.513494e-08
34615 2.424850e-08
34621 1.908537e-08
34631 1.605930e-08
34636 1.297976e-08
34671 1.242545e-08
34682 1.181880e-08
34689 1.125733e-08
34712 1.060272e-08
34714 1.036249e-08
34717 9.733505e-09
34721 7.187895e-09
34731 5.612879e-09
