1 2.399346e+04
2 1.431745e+04
3 3.860597e+03
18 2.810577e+03
21 1.346577e+03
97 5.146707e+02
279 4.181091e+02
321 3.422447e+02
399 3.297457e+02
403 2.776526e+02
407 2.444654e+02
416 1.857623e+02
428 1.856294e+02
430 1.729405e+02
445 1.725070e+02
470 1.160001e+02
530 1.131956e+02
551 1.073433e+02
556 7.279647e+01
562 7.238705e+01
604 5.068649e+01
709 5.003266e+01
712 4.479771e+01
746 2.744116e+01
752 2.009802e+01
880 7.791408e+00
1047 7.293582e+00
1080 5.989687e+00
1094 5.653935e+00
1121 3.325306e+00
1158 3.078242e+00
1210 2.738232e+00
1227 2.307138e+00
1374 2.255622e+00
1375 1.932163e+00
1376 1.850346e+00
1400 1.432172e+00
1415 1.400004e+00
1438 1.306945e+00
1521 1.272843e+00
1551 1.246407e+00
1552 1.189369e+00
1556 1.083473e+00
1628 1.019782e+00
1730 1.009740e+00
1908 9.848226e-01
1911 9.679285e-01
1945 8.622881e-01
2041 8.468549e-01
2198 7.341369e-01
2214 6.710541e-01
2228 6.672078e-01
2242 4.898214e-01
2286 4.795391e-01
2325 3.921624e-01
2334 3.412408e-01
2362 2.685346e-01
2402 2.140900e-01
2433 1.231042e-01
2461 1.205921e-01
2469 5.209920e-02
2597 3.187711e-02
2631 2.423922e-02
2646 2.367926e-02
2683 1.988231e-02
2691 1.770263e-02
2693 1.130426e-02
2772 9.200859e-03
2806 8.893029e-03
2810 8.100120e-03
2813 6.514263e-03
2850 6.264514e-03
2858 6.045121e-03
2865 5.778245e-03
2877 5.552959e-03
2887 5.317572e-03
2892 4.880496e-03
2901 3.878351e-03
2921 3.844986e-03
2929 3.335578e-03
2952 2.987161e-03
2954 2.061719e-03
2969 9.442389e-04
3053 5.705671e-04
3130 3.899718e-04
3221 2.933989e-04
3236 2.389690e-04
3262 1.907170e-04
3308 8.291814e-05
3357 7.807599e-05
3399 6.553089e-05
3435 4.614707e-05
3463 2.266370e-05
3493 2.250919e-05
3496 1.169111e-05
3625 9.942904e-06
3633 8.889731e-06
3636 7.778952e-06
3643 7.376553e-06
3647 2.446306e-06
3759 2.170647e-06
3760 1.849313e-06
3807 8.646316e-07
3815 5.963732e-07
3840 5.182222e-07
3866 4.513183e-07
3913 4.426652e-07
3938 3.513894e-07
3968 2.096542e-07
4017 1.847029e-07
4020 1.455503e-07
4031 9.702317e-08
4097 9.338625e-08
4100 7.067849e-08
4114 4.946354e-08
4137 3.408388e-08
4200 2.681320e-08
4250 2.294531e-08
4279 2.249692e-08
4280 2.151617e-08
4287 1.356441e-08
4300 8.709515e-09
45566 3.518251e-09
