1 1.761932e+04
2 7.933291e+03
4 4.907992e+03
5 1.536326e+03
207 1.416768e+03
224 9.779009e+02
267 8.402098e+02
276 7.086891e+02
300 4.472965e+02
380 4.253305e+02
397 3.711915e+02
404 1.737567e+02
486 1.580458e+02
535 8.747418e+01
605 8.575936e+01
614 7.767702e+01
632 5.288092e+01
694 5.240980e+01
708 4.880387e+01
710 4.809881e+01
750 3.865450e+01
794 3.330913e+01
848 2.142205e+01
930 1.565250e+01
945 1.311426e+01
1007 1.231236e+01
1019 7.949984e+00
1042 7.816485e+00
1088 6.392200e+00
1113 5.870914e+00
1127 5.032300e+00
1182 3.948899e+00
1235 3.462348e+00
1243 2.757331e+00
1316 2.316026e+00
1323 1.954286e+00
1376 1.836639e+00
1399 1.699640e+00
1432 1.494513e+00
1460 1.471673e+00
1494 1.420367e+00
1506 1.401742e+00
1509 1.239970e+00
1530 1.235872e+00
1542 1.157417e+00
1562 1.105875e+00
1696 8.936685e-01
2112 7.999236e-01
2162 7.876246e-01
2313 6.633399e-01
2338 4.043130e-01
2370 3.006415e-01
2421 2.360848e-01
2450 1.375912e-01
2547 1.347274e-01
2590 1.312624e-01
2611 5.377303e-02
2617 3.902989e-02
2744 2.113448e-02
2820 1.905100e-02
2825 9.088420e-03
2856 8.454168e-03
2917 5.571355e-03
2977 4.334671e-03
2982 3.696144e-03
3058 1.788985e-03
3155 1.678988e-03
3188 1.357605e-03
3215 6.562550e-04
3248 5.661677e-04
3267 4.316963e-04
3335 4.278769e-04
3342 3.443072e-04
3348 2.980449e-04
3374 2.764152e-04
3387 2.434540e-04
3397 1.795201e-04
3408 1.347813e-04
3448 1.158575e-04
3475 9.854473e-05
3510 5.702080e-05
3566 4.113533e-05
3582 3.223903e-05
3617 1.569397e-05
3632 1.351383e-05
3663 9.440714e-06
3740 8.485983e-06
3746 6.197191e-06
3757 3.385852e-06
3812 2.212261e-06
3931 1.519551e-06
3981 1.414880e-06
3985 1.286385e-06
4023 1.105961e-06
4057 1.087205e-06
4067 9.953121e-07
4090 5.010316e-07
4147 3.933242e-07
4150 3.115760e-07
4225 2.557833e-07
4240 2.475604e-07
4285 2.317064e-07
4286 1.880208e-07
4298 1.540067e-07
4321 1.467306e-07
4348 1.158148e-07
4385 8.711806e-08
4392 4.521722e-08
4450 3.631216e-08
4489 2.821438e-08
4510 1.748543e-08
4560 1.325870e-08
4603 1.066684e-08
4641 9.160563e-09
4649 8.988293e-09
34593 4.604612e-09
