1 2.180809e+04
2 4.929794e+03
5 2.073506e+03
70 1.938729e+03
108 1.667239e+03
134 1.188406e+03
225 4.792012e+02
278 4.320654e+02
302 3.740031e+02
318 3.281052e+02
357 2.256315e+02
410 2.163348e+02
449 1.758647e+02
481 1.400724e+02
496 6.513996e+01
636 4.164466e+01
749 2.214916e+01
844 2.142243e+01
867 1.583211e+01
898 1.251025e+01
922 1.112945e+01
1002 7.049683e+00
1030 6.114206e+00
1034 5.166336e+00
1071 3.999445e+00
1107 3.454480e+00
1156 2.713966e+00
1187 2.448133e+00
1202 2.298186e+00
1214 2.176161e+00
1251 2.025283e+00
1279 1.716243e+00
1288 1.368471e+00
1312 1.321169e+00
1379 1.237640e+00
1413 1.204756e+00
1433 1.195166e+00
1438 1.088216e+00
1564 1.057851e+00
1581 7.545775e-01
1737 7.028991e-01
2068 6.988129e-01
2120 5.988740e-01
2149 5.159158e-01
2206 2.682397e-01
2327 2.532845e-01
2362 1.939633e-01
2405 1.784072e-01
2464 1.463277e-01
2511 7.285599e-02
2525 6.530896e-02
2613 6.197190e-02
2628 5.740449e-02
2642 3.800833e-02
2693 3.341433e-02
2720 2.852287e-02
2743 2.728525e-02
2749 2.071592e-02
2781 1.918209e-02
2784 1.295047e-02
2794 6.678861e-03
2873 5.498415e-03
2874 4.898327e-03
2898 3.833479e-03
2933 1.732038e-03
3034 7.342629e-04
3130 4.926243e-04
3203 4.221622e-04
3227 2.593890e-04
3238 1.872940e-04
3303 1.451334e-04
3366 1.414148e-04
3378 1.323944e-04
3380 1.085984e-04
3389 7.561209e-05
3432 6.335447e-05
3526 6.283365e-05
3531 4.406401e-05
3552 1.385178e-05
3720 1.268417e-05
3725 5.758685e-06
3757 4.708714e-06
3763 3.164525e-06
3879 2.284111e-06
3891 1.857974e-06
3901 1.806806e-06
3909 1.462265e-06
3942 5.546387e-07
4007 4.974567e-07
4036 2.195521e-07
4089 1.771614e-07
4122 1.441809e-07
4161 1.017434e-07
4205 8.044812e-08
4227 7.028064e-08
4231 7.027590e-08
4233 5.231160e-08
4259 4.870339e-08
4275 2.825836e-08
4320 2.404715e-08
4341 1.720511e-08
4356 9.439180e-09
63871 7.067419e-09
