1 6.842261e+04
2 4.206400e+04
5 2.692004e+04
52 2.576924e+04
56 2.570781e+04
68 2.117678e+04
117 7.404061e+03
129 6.910648e+03
198 3.023110e+03
310 2.241128e+03
331 1.517819e+03
419 1.224820e+03
449 1.220999e+03
471 7.716567e+02
481 3.338543e+02
555 3.017464e+02
589 2.443674e+02
638 2.365400e+02
728 2.253620e+02
750 1.859194e+02
751 1.580180e+02
796 1.522047e+02
799 1.498802e+02
802 1.275088e+02
807 1.064179e+02
843 1.000032e+02
848 7.921576e+01
871 7.223533e+01
876 5.721691e+01
888 4.530656e+01
934 4.462756e+01
949 3.793365e+01
974 2.890196e+01
983 2.157198e+01
984 2.062312e+01
996 2.045990e+01
1037 1.638806e+01
1059 1.238745e+01
1060 1.169696e+01
1067 7.826208e+00
1105 5.667527e+00
1108 5.485680e+00
1148 4.401590e+00
1152 4.195649e+00
1176 1.885712e+00
1204 1.748626e+00
1266 1.654854e+00
1293 1.476102e+00
1301 1.307370e+00
1327 9.869411e-01
1356 4.447926e-01
1360 4.061811e-01
1472 2.036898e-01
1538 1.780522e-01
1558 1.614778e-01
1559 8.870759e-02
1580 6.239234e-02
1626 6.016920e-02
1655 4.814343e-02
1680 4.562101e-02
1684 1.842019e-02
1742 8.662378e-03
1864 7.484763e-03
1865 7.083072e-03
1896 6.890669e-03
1903 4.285896e-03
1910 2.064415e-03
1973 1.925448e-03
1986 1.573786e-03
2022 1.195739e-03
2035 1.195287e-03
2084 9.231136e-04
2094 5.324500e-04
2124 2.687429e-04
2175 2.186833e-04
2202 2.178251e-04
2226 1.894402e-04
2263 1.325596e-04
2308 1.242914e-04
2315 1.164409e-04
2318 6.615679e-05
2371 6.160906e-05
2404 5.174684e-05
2438 4.801533e-05
2466 2.662522e-05
2484 1.336847e-05
2514 1.025956e-05
2608 1.001623e-05
2649 7.890119e-06
2666 4.293565e-06
2669 3.375982e-06
2711 3.367834e-06
2729 2.109494e-06
2769 1.898266e-06
2812 1.081859e-06
2849 8.930668e-07
2863 8.801277e-07
2875 4.123143e-07
2894 3.322699e-07
2918 3.192006e-07
2951 2.093636e-07
3004 1.453469e-07
3014 1.416296e-07
3027 1.246106e-07
3079 8.443958e-08
3107 7.927174e-08
3109 7.313484e-08
3115 6.081150e-08
3132 4.795704e-08
3137 4.500242e-08
3182 2.705849e-08
3189 2.680378e-08
3243 1.699176e-08
3289 8.685394e-09
33300 6.593292e-09
83182 4.385418e-09
