1 2.416912e+04
37 2.146528e+04
59 1.923631e+04
65 1.612650e+04
74 9.475355e+03
97 6.128593e+03
116 5.868712e+03
158 4.737214e+03
173 3.394419e+03
223 3.223700e+03
248 2.700302e+03
300 2.539721e+03
303 1.668829e+03
367 1.592344e+03
377 7.681954e+02
393 6.914424e+02
485 6.636460e+02
494 5.519780e+02
509 2.415920e+02
552 2.377992e+02
556 1.706411e+02
585 9.791155e+01
615 9.512074e+01
642 9.342315e+01
672 8.595174e+01
673 8.389973e+01
697 7.977771e+01
718 5.378210e+01
770 3.248098e+01
776 2.945494e+01
795 2.893247e+01
816 2.330712e+01
818 2.259505e+01
838 1.667590e+01
871 1.271422e+01
914 9.820611e+00
979 8.976820e+00
1004 8.081942e+00
1007 4.053275e+00
1147 3.021794e+00
1162 2.374256e+00
1172 2.061931e+00
1174 1.663401e+00
1187 1.462521e+00
1269 1.113252e+00
1311 9.538099e-01
1321 7.559747e-01
1341 5.498324e-01
1405 4.218834e-01
1418 2.041436e-01
1456 1.437987e-01
1547 1.417684e-01
1554 1.244192e-01
1569 9.918219e-02
1595 7.458616e-02
1601 7.309066e-02
1627 3.657865e-02
1693 1.797070e-02
1786 1.661332e-02
1835 1.001410e-02
1838 8.815565e-03
1870 8.532485e-03
1878 6.010423e-03
1884 5.107743e-03
1894 4.924992e-03
1906 3.359834e-03
1929 2.155470e-03
1978 2.076952e-03
1992 1.732791e-03
2022 1.051713e-03
2067 1.034351e-03
2078 8.884472e-04
2130 6.689480e-04
2135 4.467429e-04
2172 1.400113e-04
2230 1.172724e-04
2308 7.589208e-05
2318 4.090797e-05
2420 3.490054e-05
2445 2.170300e-05
2452 1.998421e-05
2465 1.323370e-05
2525 1.163959e-05
2532 1.149373e-05
2577 1.033839e-05
2582 6.912628e-06
2618 6.371721e-06
2638 5.925988e-06
2640 5.668275e-06
2654 4.230909e-06
2691 2.932113e-06
2705 2.141922e-06
2729 2.091285e-06
2738 2.063432e-06
2740 1.898578e-06
2749 1.370874e-06
2756 1.179899e-06
2785 6.994881e-07
2872 4.919201e-07
2875 4.885403e-07
2905 3.831857e-07
2907 2.511840e-07
2921 2.462825e-07
2952 2.151969e-07
2981 1.037918e-07
3003 8.685569e-08
3034 8.638483e-08
3074 7.378007e-08
3076 7.161899e-08
3081 4.373630e-08
3128 4.356910e-08
3132 2.538756e-08
3191 1.984014e-08
3218 1.969279e-08
3236 1.631301e-08
3265 1.540592e-08
3268 1.441987e-08
3270 1.436334e-08
3280 1.364105e-08
3292 8.116584e-09
3313 7.097447e-09
33071 5.866796e-09
56318 5.024049e-09
