1 6.228095e+22
9 3.978977e+21
10 5.574886e+20
39 7.508179e+17
190 3.857587e+17
278 2.346681e+15
498 1.809693e+15
517 1.242408e+14
533 1.241558e+14
616 2.441108e+12
805 1.814124e+12
831 2.327242e+11
962 1.905707e+11
1036 1.723557e+11
1084 1.621309e+11
1141 1.459501e+11
1280 1.296644e+11
1413 1.295487e+11
1645 1.132028e+11
1659 1.129037e+11
1674 1.093576e+11
1699 9.856150e+10
1802 9.775313e+10
1837 9.358824e+10
1851 9.288598e+10
1856 6.024950e+10
2435 5.934852e+10
2496 5.482901e+10
2503 4.251118e+10
2722 4.007636e+10
2800 3.519455e+10
2926 3.460699e+10
2999 3.391494e+10
3048 3.015121e+10
3124 2.949074e+10
3138 2.748026e+10
3214 2.456056e+10
3354 2.406755e+10
3371 1.522487e+10
3683 1.420940e+10
3881 1.372700e+10
3911 1.331251e+10
4002 1.243361e+10
4063 1.185882e+10
4068 1.110448e+10
4089 1.070632e+10
4186 1.004558e+10
4204 9.882255e+09
4214 8.066581e+09
4398 7.653583e+09
4569 7.542470e+09
4688 5.946426e+09
4827 5.720551e+09
4940 4.590509e+09
5117 4.547785e+09
5275 3.687595e+09
5344 3.114582e+09
5475 2.846482e+09
5530 2.433663e+09
5602 2.207972e+09
5664 1.785668e+09
5844 1.326948e+09
6133 1.197504e+09
6195 1.105522e+09
6263 1.081417e+09
6286 1.072741e+09
6325 9.852405e+08
6362 9.504618e+08
6393 9.050877e+08
6399 7.894574e+08
6434 7.742852e+08
6497 7.140536e+08
6506 5.990570e+08
6571 5.839652e+08
6635 5.148595e+08
6709 3.965275e+08
7002 3.932329e+08
7069 3.805705e+08
7180 3.248059e+08
7224 2.870093e+08
7235 2.437010e+08
7409 2.343625e+08
7476 2.294926e+08
7551 1.822696e+08
7615 1.817764e+08
7619 1.602192e+08
7868 1.282065e+08
8124 1.124693e+08
8435 1.034583e+08
8480 1.019150e+08
8515 8.941541e+07
8548 8.718244e+07
8572 7.982827e+07
8720 6.846431e+07
8858 6.600263e+07
8869 6.376667e+07
8890 6.142041e+07
9103 5.943180e+07
9129 5.352835e+07
9334 4.462542e+07
9561 4.409758e+07
9709 3.850399e+07
9792 3.675737e+07
9800 3.049700e+07
10059 2.900653e+07
10069 2.843204e+07
10108 2.313381e+07
10282 2.099756e+07
10366 2.017964e+07
10436 1.857002e+07
10523 1.680689e+07
10709 1.565248e+07
10731 1.348004e+07
10999 1.271427e+07
11107 1.270327e+07
11132 1.102725e+07
11499 1.046061e+07
11573 1.032226e+07
11588 9.931020e+06
11644 9.825464e+06
11731 9.498628e+06
11758 8.815548e+06
12010 8.689764e+06
12061 7.790004e+06
12164 7.733178e+06
12367 7.544457e+06
12461 7.077059e+06
12468 6.699334e+06
12676 6.680461e+06
12715 6.577782e+06
12770 6.396435e+06
12862 6.093763e+06
12956 6.016168e+06
13046 5.870351e+06
13100 5.846677e+06
13146 5.738486e+06
13187 5.474154e+06
13222 5.370399e+06
13250 5.359604e+06
13295 5.298690e+06
13348 5.197650e+06
13458 4.962813e+06
13670 4.941505e+06
13714 4.814311e+06
13837 4.808780e+06
13892 4.774537e+06
14038 4.669227e+06
14212 4.598210e+06
14302 4.453481e+06
14304 4.137884e+06
14534 3.955825e+06
14786 3.903158e+06
14817 3.779630e+06
14993 3.747648e+06
15022 3.674283e+06
15228 3.639833e+06
15241 3.576766e+06
15386 3.566186e+06
15407 3.542497e+06
15415 3.418102e+06
15484 3.357657e+06
15655 3.236923e+06
15912 3.149707e+06
16158 3.138059e+06
16301 3.074386e+06
16321 3.073091e+06
16373 3.019283e+06
16476 3.003282e+06
16564 2.989056e+06
16606 2.971038e+06
16623 2.958544e+06
16633 2.930926e+06
16752 2.925407e+06
16788 2.882910e+06
16879 2.868550e+06
16964 2.868332e+06
17008 2.853343e+06
17047 2.808691e+06
17177 2.726179e+06
17287 2.688099e+06
17537 2.618764e+06
17637 2.617831e+06
17812 2.592638e+06
18297 2.574976e+06
18334 2.371971e+06
18898 2.317746e+06
18917 2.312876e+06
18931 2.298879e+06
19020 2.248366e+06
19062 2.195138e+06
19247 2.185815e+06
19266 2.164525e+06
19284 2.141239e+06
19313 2.134394e+06
19385 2.120427e+06
19479 2.087352e+06
19573 2.085150e+06
19607 2.049233e+06
19618 2.037371e+06
19648 2.018002e+06
19777 2.016290e+06
19785 1.968412e+06
20029 1.944409e+06
20128 1.929685e+06
20197 1.924099e+06
20202 1.916245e+06
20229 1.898651e+06
20230 1.895552e+06
20308 1.852206e+06
20327 1.833190e+06
20330 1.829535e+06
20411 1.826944e+06
20427 1.822424e+06
20444 1.812547e+06
20645 1.796680e+06
20687 1.726267e+06
20759 1.712215e+06
20907 1.709469e+06
20967 1.691452e+06
20970 1.675327e+06
21028 1.641842e+06
21136 1.621861e+06
21156 1.587785e+06
21296 1.537979e+06
21372 1.533096e+06
21421 1.514845e+06
21441 1.478946e+06
21525 1.458033e+06
21871 1.440269e+06
21984 1.431160e+06
22002 1.402984e+06
22135 1.402104e+06
22182 1.397049e+06
22188 1.373830e+06
22258 1.362222e+06
22261 1.348079e+06
22286 1.344751e+06
22423 1.311721e+06
22441 1.291601e+06
22544 1.275882e+06
22584 1.265218e+06
22600 1.260498e+06
22667 1.248563e+06
22673 1.181258e+06
22925 1.163779e+06
22930 1.155511e+06
22964 1.151765e+06
23057 1.140852e+06
23061 1.139320e+06
23075 1.110490e+06
23094 1.081043e+06
23446 1.067564e+06
23482 1.052036e+06
23519 1.051966e+06
23545 1.042254e+06
23563 1.012755e+06
23750 9.959203e+05
23756 9.915742e+05
23771 9.748505e+05
23885 9.501079e+05
24040 9.427927e+05
24068 9.167537e+05
24191 9.149871e+05
24259 9.034694e+05
24346 9.006499e+05
24383 8.868414e+05
24458 8.810151e+05
24486 8.620244e+05
24559 8.602609e+05
24766 8.546370e+05
24812 8.481091e+05
24868 8.356422e+05
25066 8.349235e+05
25132 8.288360e+05
25147 8.052435e+05
25217 7.982115e+05
25321 7.635852e+05
25476 7.555428e+05
25616 7.466222e+05
25655 7.453605e+05
25833 7.440344e+05
25864 7.354773e+05
26089 7.339007e+05
26090 7.292077e+05
26097 7.287189e+05
26105 7.118974e+05
26136 6.863001e+05
26305 6.823046e+05
26350 6.660562e+05
26447 6.648752e+05
26458 6.490738e+05
26609 6.264048e+05
26817 6.119351e+05
27032 6.101760e+05
27059 6.059465e+05
27316 6.035142e+05
27351 5.875264e+05
27416 5.851602e+05
27448 5.815172e+05
27458 5.810473e+05
27461 5.786361e+05
27563 5.725247e+05
27671 5.643992e+05
27679 5.334332e+05
28004 5.159674e+05
28127 5.024034e+05
28148 4.968529e+05
28256 4.883391e+05
28518 4.784677e+05
28600 4.781702e+05
28623 4.734990e+05
28633 4.652151e+05
28677 4.539707e+05
28904 4.375222e+05
29172 4.234964e+05
29269 4.234205e+05
29705 4.158707e+05
29727 4.123134e+05
29739 3.988519e+05
30009 3.897324e+05
30048 3.799501e+05
30123 3.720664e+05
30163 3.661405e+05
30269 3.564243e+05
30322 3.537130e+05
30797 3.415566e+05
30926 3.312145e+05
30971 3.212097e+05
31084 3.153575e+05
31216 3.077062e+05
31300 2.987196e+05
31336 2.983032e+05
31418 2.963020e+05
31464 2.939495e+05
31484 2.849962e+05
31521 2.794915e+05
31729 2.771932e+05
31839 2.754645e+05
31884 2.744918e+05
31931 2.686933e+05
31960 2.646429e+05
32094 2.636284e+05
32098 2.635412e+05
32121 2.501183e+05
32258 2.460527e+05
32362 2.433925e+05
32410 2.384849e+05
32539 2.352234e+05
32660 2.321494e+05
32780 2.306402e+05
32826 2.199965e+05
32873 2.185959e+05
33003 2.172455e+05
33019 2.155783e+05
33028 2.123173e+05
33235 2.119537e+05
33251 2.108874e+05
33292 2.063805e+05
33453 2.043443e+05
33718 2.042771e+05
33763 1.981646e+05
33912 1.947428e+05
33997 1.947214e+05
34045 1.943920e+05
34093 1.939272e+05
34225 1.936637e+05
34258 1.896907e+05
34315 1.894832e+05
34429 1.875598e+05
34667 1.864710e+05
34725 1.861682e+05
34728 1.840455e+05
34761 1.814820e+05
34891 1.814386e+05
34911 1.768823e+05
35444 1.768787e+05
35511 1.767948e+05
35598 1.738695e+05
35604 1.736152e+05
35631 1.713480e+05
36057 1.710166e+05
36200 1.709707e+05
36315 1.703397e+05
36322 1.677179e+05
36419 1.672645e+05
36601 1.660027e+05
36653 1.635932e+05
36939 1.626895e+05
37001 1.616447e+05
37082 1.604427e+05
37142 1.596917e+05
37150 1.593127e+05
37166 1.585786e+05
37201 1.571903e+05
37248 1.562356e+05
37591 1.553860e+05
37675 1.553328e+05
37686 1.551818e+05
37718 1.542109e+05
37791 1.541161e+05
37797 1.536718e+05
37844 1.526922e+05
37859 1.500475e+05
38328 1.490164e+05
38346 1.484869e+05
38347 1.475866e+05
38519 1.472762e+05
38608 1.468199e+05
38757 1.450064e+05
38874 1.449645e+05
38882 1.447121e+05
38897 1.446594e+05
38949 1.445905e+05
38992 1.434220e+05
39268 1.420740e+05
39633 1.419043e+05
39659 1.418597e+05
39807 1.414026e+05
39906 1.410931e+05
40096 1.405118e+05
40201 1.403707e+05
40215 1.403214e+05
40240 1.400629e+05
40281 1.387144e+05
40439 1.386907e+05
40485 1.384051e+05
40531 1.382323e+05
40744 1.380759e+05
40757 1.380332e+05
40782 1.378064e+05
40790 1.373931e+05
40854 1.370790e+05
41030 1.369993e+05
41069 1.365657e+05
41147 1.365186e+05
41206 1.363691e+05
41223 1.357458e+05
41426 1.355547e+05
41484 1.354218e+05
41510 1.351359e+05
41557 1.350184e+05
41633 1.349275e+05
41936 1.347501e+05
42099 1.347327e+05
42126 1.342904e+05
42350 1.342592e+05
42380 1.339850e+05
42458 1.336830e+05
42680 1.334079e+05
42890 1.328116e+05
42951 1.327326e+05
43279 1.326693e+05
43443 1.322339e+05
43652 1.321024e+05
43787 1.318852e+05
43838 1.318452e+05
43851 1.314412e+05
43989 1.308840e+05
44067 1.307363e+05
44181 1.304217e+05
44274 1.299526e+05
44357 1.298516e+05
44474 1.295683e+05
44506 1.287977e+05
44971 1.287958e+05
44984 1.285459e+05
45008 1.282745e+05
45011 1.275953e+05
45130 1.275642e+05
45164 1.275324e+05
45197 1.274318e+05
45311 1.274249e+05
45378 1.270573e+05
45454 1.269848e+05
45505 1.268769e+05
45838 1.267575e+05
45853 1.265627e+05
45966 1.262327e+05
46240 1.259938e+05
46379 1.258859e+05
46491 1.258049e+05
46539 1.257614e+05
46557 1.255719e+05
46614 1.254303e+05
46686 1.254225e+05
46846 1.252977e+05
46878 1.248866e+05
47126 1.247765e+05
47211 1.246221e+05
47224 1.244954e+05
47536 1.243604e+05
47654 1.242589e+05
47686 1.240596e+05
47965 1.237973e+05
48321 1.236279e+05
48383 1.235024e+05
48756 1.234215e+05
48867 1.233260e+05
49176 1.232517e+05
49606 1.231951e+05
49621 1.228193e+05
50614 1.227543e+05
50756 1.227036e+05
50765 1.226691e+05
50892 1.225984e+05
51280 1.225975e+05
51358 1.224886e+05
51545 1.224322e+05
51603 1.223501e+05
51697 1.223197e+05
51747 1.221797e+05
51917 1.221171e+05
52182 1.221098e+05
52188 1.220496e+05
52397 1.219646e+05
52596 1.219570e+05
52623 1.219075e+05
52733 1.218787e+05
53014 1.218334e+05
53031 1.217538e+05
53106 1.216724e+05
53156 1.216248e+05
53498 1.215214e+05
53530 1.215159e+05
53589 1.214740e+05
53719 1.214594e+05
53982 1.214567e+05
54134 1.214019e+05
54135 1.213891e+05
54207 1.213574e+05
54311 1.213434e+05
54339 1.212236e+05
54639 1.211489e+05
54817 1.211389e+05
54819 1.210787e+05
54874 1.210654e+05
54879 1.210345e+05
54993 1.209766e+05
55134 1.209567e+05
55333 1.209524e+05
55358 1.209462e+05
55362 1.208391e+05
55502 1.208167e+05
55605 1.208166e+05
55623 1.207958e+05
55717 1.207322e+05
55729 1.206981e+05
55954 1.206800e+05
55975 1.206704e+05
56167 1.206152e+05
56219 1.205808e+05
56368 1.205069e+05
56415 1.204385e+05
56704 1.203964e+05
56745 1.203003e+05
56760 1.201841e+05
57082 1.201506e+05
57089 1.201473e+05
57507 1.201077e+05
57596 1.200848e+05
57621 1.200322e+05
57655 1.199283e+05
57907 1.197411e+05
57976 1.196746e+05
58109 1.195880e+05
58447 1.195578e+05
58545 1.194644e+05
58741 1.193820e+05
58804 1.192374e+05
59118 1.192092e+05
59154 1.191912e+05
59270 1.190462e+05
59464 1.189483e+05
59744 1.189418e+05
59863 1.188501e+05
59962 1.185345e+05
60283 1.183917e+05
60357 1.182194e+05
60474 1.180999e+05
60687 1.180520e+05
60735 1.180221e+05
60912 1.177160e+05
60952 1.176522e+05
61012 1.172474e+05
61286 1.171229e+05
61339 1.170475e+05
61430 1.167988e+05
61499 1.167045e+05
61557 1.164818e+05
61692 1.163706e+05
61730 1.162962e+05
61815 1.162554e+05
61828 1.161188e+05
61867 1.160188e+05
61890 1.156210e+05
62228 1.155858e+05
62260 1.152708e+05
62353 1.148383e+05
62426 1.147632e+05
62472 1.145369e+05
62630 1.144657e+05
62676 1.141940e+05
62677 1.138311e+05
62760 1.137525e+05
62799 1.134820e+05
62920 1.133748e+05
63002 1.130035e+05
63100 1.127279e+05
63181 1.126969e+05
63220 1.126372e+05
63406 1.122522e+05
63445 1.113454e+05
63514 1.111301e+05
63542 1.107108e+05
63798 1.104246e+05
63834 1.098581e+05
63918 1.095797e+05
63938 1.090585e+05
64357 1.089455e+05
64395 1.086456e+05
64437 1.079045e+05
64527 1.077393e+05
64682 1.075327e+05
64695 1.065968e+05
64968 1.064672e+05
65206 1.061994e+05
65225 1.055636e+05
65370 1.055333e+05
65386 1.052406e+05
65439 1.048204e+05
65480 1.047235e+05
65546 1.043632e+05
65648 1.035405e+05
66012 1.034385e+05
66051 1.021321e+05
66148 1.019817e+05
66284 1.016183e+05
66357 1.014599e+05
66578 1.008064e+05
66583 1.004367e+05
66662 1.003028e+05
66731 1.002643e+05
66872 9.963223e+04
66965 9.955652e+04
67005 9.920407e+04
67152 9.901624e+04
67248 9.886898e+04
67321 9.837239e+04
67324 9.796948e+04
67423 9.794459e+04
67428 9.787752e+04
67483 9.782204e+04
67601 9.778174e+04
67686 9.777056e+04
67732 9.755195e+04
67772 9.736660e+04
67805 9.715764e+04
67963 9.702989e+04
68068 9.699043e+04
68129 9.689467e+04
68133 9.662440e+04
68179 9.640017e+04
68251 9.613285e+04
68335 9.611401e+04
68342 9.605981e+04
68371 9.601988e+04
68382 9.590246e+04
68490 9.578856e+04
68574 9.576514e+04
68654 9.570473e+04
68723 9.560147e+04
68734 9.554061e+04
68752 9.513433e+04
68851 9.499130e+04
69150 9.488691e+04
69404 9.475516e+04
69571 9.465440e+04
69727 9.444830e+04
69766 9.435771e+04
70091 9.431304e+04
70379 9.421512e+04
70431 9.413785e+04
70484 9.405521e+04
70549 9.404406e+04
70660 9.402626e+04
70725 9.392149e+04
70751 9.384693e+04
70864 9.380156e+04
71205 9.370945e+04
71349 9.370231e+04
71487 9.359853e+04
71612 9.348947e+04
71850 9.348028e+04
71945 9.347726e+04
72134 9.344109e+04
72201 9.332941e+04
72296 9.330375e+04
72310 9.330225e+04
72540 9.326328e+04
72737 9.321456e+04
72759 9.321147e+04
72851 9.313821e+04
73095 9.308480e+04
73098 9.302750e+04
73533 9.302272e+04
73608 9.295882e+04
73699 9.295590e+04
73790 9.276684e+04
74565 9.273888e+04
74729 9.273801e+04
74940 9.271070e+04
181695 9.149202e+04
181739 8.876215e+04
182079 8.870225e+04
182195 8.463676e+04
182220 7.765043e+04
182293 7.744436e+04
182305 7.339649e+04
182356 7.081799e+04
182396 6.703553e+04
182737 6.485575e+04
182792 5.871827e+04
182874 5.267248e+04
182879 5.155966e+04
182921 5.111308e+04
182999 5.063503e+04
183032 5.042104e+04
183064 4.711586e+04
183351 4.489720e+04
183380 4.386307e+04
183470 4.060355e+04
183567 3.907312e+04
183570 3.571290e+04
183580 3.303240e+04
183585 3.258569e+04
183703 2.952609e+04
183744 2.922135e+04
183784 2.780998e+04
183895 2.731822e+04
183909 2.308345e+04
184002 2.139652e+04
184043 1.918261e+04
184201 1.901297e+04
184280 1.869182e+04
184316 1.830990e+04
184323 1.701632e+04
184379 1.665175e+04
184563 1.552913e+04
184566 1.509562e+04
184648 1.488247e+04
184654 1.428614e+04
184693 1.358709e+04
184805 1.224232e+04
184912 1.172823e+04
184938 1.115980e+04
185063 1.106395e+04
185087 1.090388e+04
185088 1.077093e+04
185116 1.062401e+04
185155 1.037834e+04
185183 9.980831e+03
185212 9.570430e+03
185284 8.950154e+03
185323 8.815616e+03
185443 8.733931e+03
185468 8.410195e+03
185535 7.939748e+03
185581 7.527493e+03
185684 7.425407e+03
185723 6.466925e+03
186060 6.453521e+03
186186 6.384279e+03
186212 6.366058e+03
186252 6.338520e+03
186261 6.207751e+03
186301 5.716984e+03
186413 5.488426e+03
186495 5.196203e+03
186577 4.920362e+03
186723 4.864503e+03
186752 4.778189e+03
186960 4.699488e+03
187018 4.631282e+03
187047 4.537619e+03
187063 4.312249e+03
187242 4.284542e+03
187243 4.182378e+03
187346 4.128558e+03
187403 3.947886e+03
187597 3.931637e+03
187603 3.903874e+03
187632 3.622663e+03
187751 3.603034e+03
187794 3.592185e+03
187798 3.540975e+03
187884 3.493926e+03
187906 3.433285e+03
187930 3.420384e+03
188021 3.306555e+03
188054 3.158022e+03
188145 3.148713e+03
188264 3.097742e+03
188380 2.998636e+03
188436 2.938611e+03
188498 2.831912e+03
188511 2.810274e+03
188566 2.748695e+03
188570 2.632144e+03
188639 2.582970e+03
188776 2.423027e+03
188801 2.419401e+03
188866 2.281718e+03
188902 2.266831e+03
188910 2.139647e+03
188990 2.135775e+03
189372 2.107169e+03
189397 2.054026e+03
189467 1.824355e+03
189570 1.731228e+03
189903 1.713461e+03
190215 1.608163e+03
190493 1.522398e+03
190512 1.437951e+03
190680 1.411016e+03
190762 1.405262e+03
190821 1.360697e+03
190830 1.331416e+03
190843 1.301483e+03
191045 1.292829e+03
191070 1.240112e+03
191133 1.156296e+03
191168 1.052215e+03
191351 1.028997e+03
191400 9.166728e+02
191558 8.730283e+02
191700 8.522999e+02
191714 8.259079e+02
191749 8.180234e+02
191826 7.836840e+02
191977 7.819588e+02
191987 7.568551e+02
192043 7.277412e+02
192129 7.222984e+02
192337 7.219837e+02
192356 6.351961e+02
192519 6.174615e+02
192649 5.864481e+02
192783 5.841341e+02
192805 5.671887e+02
192812 5.366909e+02
193010 5.067774e+02
193140 5.039646e+02
193188 4.931952e+02
193357 4.890830e+02
193376 4.890352e+02
193435 4.701162e+02
193499 4.591222e+02
193848 4.548449e+02
193933 4.247553e+02
194002 4.050672e+02
194443 3.984951e+02
194666 3.670148e+02
195134 3.571592e+02
195204 3.550319e+02
195267 3.520731e+02
195279 3.486530e+02
195403 3.405151e+02
195412 3.246062e+02
195572 3.212594e+02
195759 3.177143e+02
195841 3.159178e+02
195890 3.125110e+02
195900 3.087484e+02
195920 2.905557e+02
196405 2.896908e+02
196451 2.753631e+02
196525 2.696225e+02
196684 2.641190e+02
196791 2.641114e+02
196866 2.609592e+02
196940 2.598402e+02
196962 2.576919e+02
196967 2.517580e+02
197249 2.478189e+02
197368 2.409237e+02
197729 2.360164e+02
197901 2.359989e+02
197933 2.350478e+02
198026 2.345586e+02
198050 2.341011e+02
198113 2.292547e+02
198137 2.276287e+02
198169 2.241254e+02
198184 2.233317e+02
198233 2.221013e+02
198265 2.215410e+02
198275 2.121451e+02
198378 2.071683e+02
199206 2.046852e+02
199287 2.026751e+02
199394 2.007475e+02
199447 1.974870e+02
199520 1.967558e+02
199548 1.964964e+02
199578 1.958362e+02
199590 1.925583e+02
199858 1.869891e+02
199910 1.856081e+02
200262 1.841161e+02
200317 1.816390e+02
200364 1.800117e+02
200409 1.752471e+02
201040 1.745879e+02
201125 1.739246e+02
201136 1.702319e+02
201235 1.688134e+02
201479 1.678110e+02
201525 1.646073e+02
201604 1.614809e+02
201675 1.613690e+02
201710 1.613014e+02
201713 1.592039e+02
201786 1.583464e+02
201788 1.583004e+02
201844 1.566235e+02
201847 1.556147e+02
201987 1.554507e+02
202112 1.537169e+02
202117 1.536644e+02
202140 1.534253e+02
202195 1.509396e+02
202251 1.498629e+02
202284 1.491579e+02
202471 1.485003e+02
202517 1.481603e+02
202607 1.475543e+02
202617 1.469190e+02
202633 1.460082e+02
202721 1.448608e+02
202799 1.442824e+02
202979 1.436793e+02
203031 1.435972e+02
203130 1.425840e+02
203215 1.398107e+02
203967 1.396808e+02
203998 1.392689e+02
204105 1.388274e+02
204160 1.387957e+02
204389 1.384109e+02
204424 1.375195e+02
204474 1.375093e+02
204553 1.343777e+02
204813 1.342317e+02
204886 1.331037e+02
205293 1.321698e+02
205525 1.319062e+02
205562 1.315497e+02
205570 1.311541e+02
205593 1.307708e+02
205954 1.307239e+02
206059 1.306431e+02
206132 1.299370e+02
206185 1.284240e+02
206468 1.272475e+02
206502 1.271222e+02
206688 1.270928e+02
206777 1.269461e+02
206896 1.267302e+02
206959 1.266716e+02
206960 1.255419e+02
207121 1.254038e+02
207419 1.249944e+02
207461 1.244180e+02
207601 1.243656e+02
207642 1.242247e+02
207650 1.226645e+02
207812 1.225843e+02
208118 1.218286e+02
208141 1.214963e+02
208150 1.206699e+02
208249 1.199834e+02
208324 1.198300e+02
208399 1.196522e+02
208484 1.189474e+02
208613 1.186418e+02
208723 1.182740e+02
208724 1.171104e+02
209065 1.167305e+02
209121 1.164068e+02
209124 1.159077e+02
209336 1.156743e+02
209402 1.156285e+02
209437 1.154646e+02
209511 1.153104e+02
209601 1.149056e+02
209695 1.144052e+02
209981 1.144010e+02
210078 1.143354e+02
210103 1.142608e+02
210112 1.140889e+02
210234 1.136903e+02
210247 1.133660e+02
210449 1.130896e+02
210466 1.129296e+02
210616 1.121285e+02
210768 1.119154e+02
210853 1.107323e+02
210865 1.105806e+02
211503 1.099048e+02
212080 1.094739e+02
212203 1.085015e+02
212550 1.084278e+02
212621 1.076355e+02
212731 1.076019e+02
212771 1.071730e+02
212809 1.070558e+02
212869 1.064462e+02
213007 1.058953e+02
213063 1.054988e+02
213117 1.049639e+02
213313 1.043970e+02
213649 1.040892e+02
213673 1.030042e+02
213981 1.026507e+02
214135 1.026295e+02
214273 1.025910e+02
214302 1.018649e+02
214317 1.016799e+02
214336 1.014767e+02
214346 1.014536e+02
214413 1.009734e+02
214533 1.006108e+02
214580 1.005460e+02
214671 9.861686e+01
215346 9.758035e+01
215363 9.738677e+01
215775 9.654922e+01
215849 9.637021e+01
215946 9.579538e+01
216086 9.568545e+01
216225 9.478289e+01
216284 9.464643e+01
216379 9.428872e+01
216407 9.390468e+01
216497 9.366779e+01
216537 9.356522e+01
216544 9.329942e+01
216584 9.265113e+01
216937 9.259787e+01
216951 9.258564e+01
216957 9.247607e+01
217003 9.188456e+01
217009 9.181484e+01
217186 9.090944e+01
217199 9.080959e+01
217318 9.052511e+01
217436 8.976107e+01
217718 8.953938e+01
217734 8.948486e+01
217740 8.854917e+01
217799 8.776989e+01
217900 8.765047e+01
217939 8.752127e+01
217987 8.703886e+01
218022 8.688310e+01
218031 8.573109e+01
218083 8.479129e+01
218240 8.421292e+01
218296 8.376633e+01
218297 8.369885e+01
218312 8.263342e+01
218438 8.064417e+01
218690 7.895567e+01
218807 7.691123e+01
219195 7.597429e+01
219223 7.562211e+01
219324 7.483594e+01
219404 7.421589e+01
219549 7.275243e+01
219877 7.200482e+01
219914 7.021675e+01
219980 7.011960e+01
220032 6.923801e+01
220124 6.888963e+01
220186 6.842743e+01
220245 6.729142e+01
220364 6.724186e+01
220372 6.478623e+01
220539 6.466093e+01
220585 6.408880e+01
220623 6.385616e+01
220650 6.316236e+01
220686 6.251543e+01
220737 6.223275e+01
220798 6.100548e+01
220844 5.970047e+01
220856 5.873229e+01
221166 5.729254e+01
221482 5.686578e+01
221535 5.674672e+01
221548 5.669812e+01
221563 5.629036e+01
221627 5.557767e+01
221737 5.516672e+01
221791 5.423969e+01
221972 5.390348e+01
222125 5.379543e+01
222165 5.377689e+01
222188 5.359428e+01
222201 5.319491e+01
222228 5.284932e+01
222263 5.232682e+01
222366 5.200885e+01
222447 5.144651e+01
222474 5.140119e+01
222504 5.108672e+01
222564 5.037488e+01
222644 5.002565e+01
222819 4.988212e+01
222841 4.981189e+01
222856 4.949054e+01
223049 4.946657e+01
223096 4.706350e+01
223450 4.622013e+01
223547 4.612570e+01
223559 4.611792e+01
223567 4.577593e+01
223630 4.438867e+01
223899 4.435957e+01
224314 4.296127e+01
224656 4.245454e+01
224722 4.228031e+01
224757 4.179058e+01
224761 4.129684e+01
224844 4.087514e+01
224874 4.051596e+01
224954 4.016427e+01
225044 3.957504e+01
225069 3.909422e+01
225119 3.892065e+01
225196 3.890459e+01
225226 3.842632e+01
225257 3.688921e+01
225430 3.683727e+01
225587 3.626430e+01
225684 3.571007e+01
225787 3.447057e+01
226035 3.444342e+01
226068 3.321205e+01
226107 3.228879e+01
226260 3.143555e+01
226667 3.091982e+01
226704 2.845970e+01
227247 2.813074e+01
227324 2.749189e+01
227511 2.741533e+01
227551 2.739119e+01
227564 2.720291e+01
227575 2.680711e+01
227603 2.644754e+01
227634 2.644750e+01
227682 2.625250e+01
227895 2.605394e+01
227920 2.598840e+01
227948 2.588799e+01
227951 2.571444e+01
227962 2.441650e+01
228121 2.399755e+01
228221 2.349301e+01
228315 2.339816e+01
228366 2.334231e+01
228376 2.253701e+01
228429 2.185618e+01
228521 2.156525e+01
228566 2.136950e+01
228670 2.008688e+01
228845 2.002694e+01
228897 2.002080e+01
228932 1.965065e+01
229168 1.935524e+01
229183 1.929025e+01
229272 1.913363e+01
229317 1.909808e+01
229338 1.902584e+01
229345 1.893072e+01
229358 1.873105e+01
229381 1.872470e+01
229402 1.835248e+01
229430 1.719695e+01
229447 1.706279e+01
229607 1.700717e+01
229669 1.613872e+01
229743 1.516052e+01
229947 1.490543e+01
230081 1.439253e+01
230136 1.438953e+01
230196 1.413038e+01
230224 1.369588e+01
230258 1.333554e+01
230330 1.305785e+01
230454 1.251712e+01
230541 1.121888e+01
230843 1.107846e+01
230900 1.063892e+01
230953 1.060804e+01
231008 9.895116e+00
231094 9.827017e+00
231318 9.256711e+00
231393 8.880385e+00
231626 8.791124e+00
231718 8.717545e+00
231719 8.168418e+00
231864 7.692088e+00
231977 7.644122e+00
232042 7.553866e+00
232065 7.544403e+00
232097 7.497494e+00
232098 7.451758e+00
232109 7.354417e+00
232143 6.781265e+00
232190 6.569323e+00
232388 6.368677e+00
232552 5.810812e+00
232654 5.558789e+00
232747 5.452146e+00
232884 5.238919e+00
233135 5.176773e+00
233410 5.142054e+00
233427 5.013962e+00
233465 5.009761e+00
233477 4.856951e+00
233485 4.844745e+00
233501 4.799856e+00
233532 4.790220e+00
233549 4.547427e+00
233619 4.515350e+00
233775 4.155881e+00
233933 4.091099e+00
233992 4.002648e+00
234058 3.999681e+00
234109 3.901103e+00
234134 3.827843e+00
234217 3.611971e+00
234258 3.445682e+00
234408 3.361386e+00
234571 3.337514e+00
234624 3.321425e+00
234625 3.234732e+00
234703 3.218602e+00
234764 3.110885e+00
234765 3.084182e+00
234791 2.904229e+00
234963 2.822390e+00
234995 2.648507e+00
235077 2.647875e+00
235079 2.603419e+00
235380 2.603042e+00
235406 2.529347e+00
235445 2.445657e+00
235658 2.423771e+00
235701 2.373360e+00
235715 2.236254e+00
235857 2.042468e+00
236110 1.939578e+00
236236 1.928280e+00
236275 1.910022e+00
236329 1.836345e+00
236349 1.761158e+00
236396 1.614024e+00
236602 1.590842e+00
236631 1.579789e+00
236684 1.575241e+00
236742 1.539511e+00
236774 1.418786e+00
236979 1.335787e+00
237811 1.305606e+00
237827 1.265243e+00
237848 1.247370e+00
237873 1.211583e+00
237987 1.113573e+00
238151 1.110802e+00
238185 1.063740e+00
238230 1.032111e+00
238435 9.513101e-01
238719 9.431458e-01
238791 9.041582e-01
238811 8.655100e-01
238882 8.534103e-01
238944 8.397089e-01
238977 8.308438e-01
238987 8.305554e-01
238997 7.864072e-01
239022 7.036690e-01
239441 6.650356e-01
239615 6.409030e-01
239656 6.303040e-01
239744 6.255410e-01
239788 6.085014e-01
239913 5.899667e-01
240061 5.720151e-01
240153 5.688997e-01
240191 5.586244e-01
240211 5.326195e-01
240310 5.161780e-01
240530 5.120463e-01
240624 4.778624e-01
240635 4.752008e-01
240768 4.745067e-01
240840 4.713192e-01
240865 4.710137e-01
240873 4.679013e-01
240925 4.677561e-01
240926 4.626472e-01
240941 4.473664e-01
240982 4.436616e-01
241083 4.205481e-01
241189 4.139915e-01
241245 4.081188e-01
241327 3.967163e-01
241405 3.956107e-01
241473 3.940981e-01
241563 3.923186e-01
241577 3.906674e-01
241656 3.778332e-01
241714 3.755034e-01
241773 3.749223e-01
241793 3.717427e-01
241840 3.705416e-01
241892 3.683507e-01
241916 3.669449e-01
241933 3.664767e-01
241940 3.618538e-01
241976 3.600822e-01
242077 3.430552e-01
242381 3.395326e-01
242445 3.374375e-01
242465 3.364525e-01
242486 3.347806e-01
242582 3.309756e-01
242712 3.258306e-01
242735 3.247066e-01
242783 3.242958e-01
242863 3.238668e-01
242981 3.226070e-01
242983 3.210192e-01
243018 3.176543e-01
243044 3.151085e-01
243189 3.082000e-01
243287 3.075568e-01
243457 3.064206e-01
243510 2.962454e-01
243733 2.942258e-01
243952 2.924053e-01
244026 2.922811e-01
244075 2.899311e-01
244284 2.888918e-01
244320 2.875041e-01
244340 2.865169e-01
244388 2.840766e-01
244673 2.814838e-01
244746 2.810819e-01
244822 2.810232e-01
244944 2.807593e-01
244999 2.786886e-01
245277 2.774813e-01
245420 2.772721e-01
245436 2.742089e-01
245542 2.728577e-01
245580 2.722667e-01
245994 2.714089e-01
246072 2.713629e-01
246113 2.698756e-01
246210 2.686353e-01
246355 2.669335e-01
246405 2.666335e-01
246616 2.655263e-01
246651 2.637693e-01
246989 2.632441e-01
246999 2.623454e-01
247083 2.614117e-01
247234 2.611802e-01
247276 2.601284e-01
247337 2.600914e-01
247379 2.593148e-01
247407 2.592502e-01
247606 2.592062e-01
247617 2.579918e-01
247648 2.579215e-01
247897 2.574591e-01
247944 2.572155e-01
248012 2.561408e-01
248106 2.560775e-01
248172 2.560200e-01
248239 2.555060e-01
248290 2.552062e-01
248306 2.547765e-01
248322 2.543974e-01
248389 2.543367e-01
248437 2.540639e-01
248454 2.526023e-01
248542 2.525930e-01
248582 2.523450e-01
248744 2.521792e-01
248784 2.510206e-01
248872 2.509379e-01
248875 2.508888e-01
248890 2.504932e-01
248928 2.503032e-01
248931 2.499371e-01
248941 2.497347e-01
248991 2.494542e-01
249099 2.487714e-01
249114 2.481978e-01
249115 2.480236e-01
249282 2.480078e-01
249325 2.476805e-01
249347 2.452195e-01
249760 2.448151e-01
249807 2.443490e-01
249917 2.436199e-01
250021 2.421077e-01
250046 2.411655e-01
250107 2.396044e-01
250297 2.373641e-01
250442 2.352582e-01
250862 2.343452e-01
250989 2.337818e-01
250994 2.337117e-01
251022 2.314050e-01
251188 2.304736e-01
251264 2.260291e-01
251545 2.257436e-01
251600 2.219443e-01
251870 2.216440e-01
251894 2.215533e-01
251975 2.172370e-01
252054 2.143805e-01
252160 2.139956e-01
252174 2.129351e-01
252254 2.097396e-01
252388 2.088167e-01
252413 2.081985e-01
252458 2.032840e-01
252479 2.006428e-01
252517 1.994409e-01
252813 1.991334e-01
252822 1.976332e-01
252869 1.954847e-01
252962 1.884526e-01
253051 1.853774e-01
253138 1.825764e-01
253405 1.821331e-01
253432 1.714626e-01
253498 1.694777e-01
253524 1.682588e-01
253528 1.681599e-01
253579 1.621101e-01
253702 1.587665e-01
253744 1.499866e-01
254114 1.472882e-01
254167 1.435881e-01
254171 1.424455e-01
254276 1.385209e-01
254299 1.372417e-01
254362 1.358631e-01
254454 1.333964e-01
254511 1.307996e-01
254553 1.303242e-01
254647 1.300210e-01
254670 1.291422e-01
254723 1.142952e-01
254992 1.142512e-01
254995 1.119509e-01
255009 1.111042e-01
255015 1.001699e-01
255293 8.955310e-02
255622 8.265785e-02
255875 7.867314e-02
255878 7.787035e-02
255990 7.389367e-02
256223 7.213719e-02
256293 6.957125e-02
256314 6.901583e-02
256323 6.756637e-02
256344 6.323648e-02
256458 6.248191e-02
256528 5.713683e-02
256598 5.551945e-02
256599 5.548138e-02
256677 5.375087e-02
256832 5.007043e-02
256919 5.005829e-02
256934 4.827850e-02
257211 4.174435e-02
257587 3.974083e-02
257657 3.916281e-02
257672 3.481694e-02
257917 3.280458e-02
257930 2.990843e-02
258061 2.983861e-02
258123 2.882252e-02
258205 2.765809e-02
258216 2.613005e-02
258437 2.381748e-02
258495 2.293640e-02
258583 2.272321e-02
258628 2.209476e-02
258823 2.192330e-02
258834 2.158562e-02
258849 2.144117e-02
258863 1.887473e-02
259001 1.840080e-02
259101 1.762489e-02
259486 1.577487e-02
259631 1.550734e-02
259650 1.420162e-02
259783 1.316596e-02
259806 1.278353e-02
259939 1.263487e-02
259952 1.222049e-02
260047 1.150269e-02
260097 1.066456e-02
260241 9.781835e-03
260815 7.982045e-03
261295 7.940521e-03
261305 7.801750e-03
261312 7.190588e-03
261529 6.968020e-03
261610 6.964103e-03
261639 6.815795e-03
261676 6.213303e-03
261693 5.612092e-03
262168 5.595988e-03
262175 5.198704e-03
262378 5.104317e-03
262717 4.950275e-03
262743 4.945195e-03
262823 4.842142e-03
262830 4.769771e-03
262838 4.421038e-03
263256 4.279960e-03
263306 4.182046e-03
263403 4.148466e-03
263442 3.853150e-03
263700 3.786240e-03
263720 3.733175e-03
263801 3.534721e-03
264043 3.447884e-03
264142 3.309001e-03
264289 3.308056e-03
264331 3.303284e-03
264358 3.292828e-03
264446 3.186926e-03
264508 3.180486e-03
264769 3.170886e-03
264864 2.999084e-03
264935 2.985988e-03
265006 2.968960e-03
265194 2.896702e-03
265594 2.887634e-03
265601 2.852694e-03
265692 2.825096e-03
265697 2.814048e-03
265726 2.788009e-03
265816 2.728986e-03
265866 2.718456e-03
265935 2.708275e-03
265984 2.660681e-03
266157 2.651857e-03
266229 2.651153e-03
266259 2.561554e-03
266403 2.532875e-03
266750 2.479085e-03
267010 2.475530e-03
267089 2.472138e-03
267091 2.462204e-03
267143 2.457166e-03
267276 2.448546e-03
267302 2.435027e-03
267325 2.420596e-03
267479 2.392158e-03
267601 2.389412e-03
267666 2.376753e-03
267763 2.359904e-03
267781 2.355502e-03
267782 2.344883e-03
267818 2.320970e-03
267869 2.318675e-03
267882 2.313328e-03
267886 2.306078e-03
267900 2.288145e-03
268020 2.287528e-03
268136 2.216345e-03
268395 2.209256e-03
268485 2.189946e-03
268647 2.189498e-03
268683 2.182777e-03
268805 2.167834e-03
268863 2.165783e-03
268947 2.162385e-03
268990 2.143722e-03
269047 2.132234e-03
269203 2.118836e-03
269258 2.107929e-03
269260 2.103931e-03
269280 2.099061e-03
269322 2.098316e-03
269342 2.096352e-03
269399 2.094103e-03
269427 2.067103e-03
269458 2.035040e-03
269477 2.031392e-03
269663 2.008984e-03
269680 2.004055e-03
269845 1.996723e-03
269885 1.971602e-03
270266 1.964339e-03
270299 1.960501e-03
270330 1.948385e-03
270355 1.940163e-03
270371 1.934412e-03
270401 1.907595e-03
270431 1.897145e-03
270537 1.869153e-03
270811 1.833569e-03
271051 1.788815e-03
271088 1.788458e-03
271115 1.780369e-03
271208 1.734809e-03
271303 1.712558e-03
271354 1.709467e-03
271419 1.692782e-03
271548 1.685237e-03
271621 1.643808e-03
271835 1.639993e-03
272206 1.632353e-03
272508 1.625931e-03
272535 1.606991e-03
272594 1.605008e-03
272665 1.562681e-03
272851 1.504688e-03
272895 1.495779e-03
273123 1.459728e-03
273293 1.437707e-03
273458 1.411103e-03
273461 1.410149e-03
273494 1.409813e-03
273549 1.408419e-03
273588 1.401237e-03
273613 1.396906e-03
273673 1.368223e-03
273855 1.355540e-03
273952 1.354557e-03
273966 1.346381e-03
274020 1.334473e-03
274163 1.329209e-03
274220 1.326360e-03
274246 1.318965e-03
274321 1.296076e-03
274558 1.294171e-03
274701 1.284473e-03
274727 1.281086e-03
274768 1.263378e-03
274852 1.261470e-03
274902 1.254676e-03
274947 1.250507e-03
275024 1.238722e-03
275320 1.234009e-03
275351 1.229287e-03
275385 1.217950e-03
275448 1.217863e-03
275645 1.217464e-03
275852 1.214853e-03
275875 1.205628e-03
275973 1.194424e-03
276330 1.190628e-03
276347 1.183849e-03
276418 1.172000e-03
276549 1.167741e-03
276613 1.163879e-03
276667 1.153110e-03
276897 1.144387e-03
277052 1.141581e-03
277393 1.129821e-03
277519 1.127916e-03
277608 1.126525e-03
277705 1.122446e-03
277812 1.122307e-03
277906 1.119819e-03
277967 1.115487e-03
278046 1.114596e-03
278332 1.104335e-03
278658 1.102882e-03
278684 1.101483e-03
278689 1.100981e-03
278706 1.099411e-03
278709 1.085252e-03
278773 1.075250e-03
278901 1.065326e-03
278959 1.052383e-03
279336 1.049639e-03
279592 1.028849e-03
279874 1.028579e-03
279898 1.024123e-03
280114 1.020137e-03
280171 1.016187e-03
280222 1.015428e-03
280244 1.013682e-03
280356 1.012467e-03
280388 1.006670e-03
280454 9.912172e-04
280716 9.883513e-04
280781 9.783027e-04
280864 9.695930e-04
280939 9.662362e-04
281045 9.611941e-04
281200 9.405076e-04
281560 9.404797e-04
281641 9.329562e-04
281660 9.243393e-04
282190 9.211881e-04
282221 9.173262e-04
282234 9.159069e-04
282244 9.071617e-04
282308 9.036706e-04
282523 9.015455e-04
282556 9.002150e-04
282577 8.997613e-04
282594 8.992512e-04
282605 8.922082e-04
282634 8.866246e-04
282882 8.860436e-04
282896 8.769911e-04
282966 8.721284e-04
283015 8.693858e-04
283049 8.614411e-04
283169 8.566762e-04
283240 8.558584e-04
283276 8.529340e-04
283290 8.512379e-04
283369 8.475549e-04
283661 8.378152e-04
283809 8.364475e-04
283897 8.322892e-04
284117 8.273486e-04
284243 8.246229e-04
284375 8.160776e-04
284743 8.137779e-04
284747 8.122610e-04
284771 8.090909e-04
284802 8.076071e-04
284921 8.009234e-04
285088 7.989064e-04
285144 7.899431e-04
285400 7.885351e-04
285440 7.839380e-04
285458 7.823386e-04
285498 7.813590e-04
285534 7.769316e-04
285715 7.732904e-04
285779 7.679462e-04
285895 7.591953e-04
285942 7.589132e-04
285967 7.584669e-04
285987 7.575962e-04
286062 7.566658e-04
286076 7.507959e-04
286097 7.471190e-04
286161 7.407733e-04
286430 7.356193e-04
286691 7.327576e-04
286838 7.307291e-04
286844 7.274183e-04
286897 7.167436e-04
287026 7.136148e-04
287063 7.128052e-04
287122 6.860099e-04
287285 6.751608e-04
287565 6.690398e-04
287616 6.590382e-04
287673 6.516840e-04
287676 6.497690e-04
287730 6.395738e-04
287762 6.116102e-04
287811 5.988962e-04
287818 5.986614e-04
287915 5.782877e-04
288061 5.612505e-04
288346 5.558818e-04
288348 5.500837e-04
288380 5.497854e-04
288501 5.438166e-04
288742 5.365808e-04
289073 5.356681e-04
289173 5.352226e-04
289221 5.164282e-04
289227 5.059048e-04
289387 5.057161e-04
289393 4.888603e-04
289478 4.854870e-04
289503 4.679300e-04
289642 4.577291e-04
289658 4.341467e-04
289878 4.293936e-04
289921 4.269166e-04
289941 4.268211e-04
289963 4.063309e-04
290249 3.998906e-04
290386 3.949640e-04
290488 3.930570e-04
290558 3.898836e-04
290638 3.894145e-04
290650 3.879809e-04
290663 3.831978e-04
290727 3.754120e-04
290745 3.667018e-04
290874 3.641636e-04
290893 3.551829e-04
290908 3.420566e-04
291015 3.407737e-04
291037 3.404703e-04
291133 3.377822e-04
291164 3.339543e-04
291167 3.328038e-04
291266 3.253190e-04
291439 3.237763e-04
291445 3.196447e-04
291457 3.123378e-04
291540 3.115415e-04
291611 3.113686e-04
291708 3.104209e-04
291760 3.073121e-04
291784 3.049987e-04
291830 2.909513e-04
291873 2.907160e-04
292084 2.900626e-04
292096 2.865654e-04
292141 2.835636e-04
292147 2.806866e-04
292339 2.777404e-04
292371 2.655518e-04
292533 2.600103e-04
292653 2.527924e-04
292690 2.513245e-04
292722 2.459311e-04
292731 2.434973e-04
292740 2.414783e-04
292823 2.405145e-04
293097 2.400555e-04
293099 2.352249e-04
293138 2.299904e-04
293221 2.287764e-04
293260 2.242867e-04
293688 2.227275e-04
293702 2.208130e-04
293723 2.156782e-04
293797 2.141585e-04
293818 2.134374e-04
293830 2.105569e-04
293845 2.079320e-04
293857 2.012832e-04
293873 1.921884e-04
294180 1.909443e-04
294210 1.830858e-04
294235 1.829524e-04
294243 1.803480e-04
294324 1.739915e-04
294681 1.712890e-04
294770 1.679762e-04
294785 1.621420e-04
295051 1.499864e-04
295147 1.467246e-04
295339 1.462373e-04
295347 1.404343e-04
295398 1.378038e-04
295443 1.303864e-04
295529 1.246348e-04
296012 1.232810e-04
296072 1.219578e-04
296197 1.175578e-04
296312 1.107182e-04
296479 1.102549e-04
296492 1.098337e-04
296538 1.072232e-04
296636 1.032165e-04
296889 1.019518e-04
296910 1.015874e-04
296938 9.605856e-05
296969 9.574598e-05
297022 9.525652e-05
297055 9.473719e-05
297178 9.451386e-05
297227 9.110314e-05
297233 8.807975e-05
297288 8.562392e-05
297417 8.495771e-05
297538 8.406352e-05
297554 7.926078e-05
297752 7.883543e-05
297821 7.630231e-05
298005 7.499681e-05
298021 7.451645e-05
298056 7.309409e-05
298096 7.134727e-05
298298 7.076947e-05
298327 6.978604e-05
298455 6.711194e-05
298693 6.691493e-05
298816 6.649977e-05
298828 6.585811e-05
298887 6.447304e-05
298923 6.402959e-05
298947 6.306032e-05
298948 6.163403e-05
299051 6.023410e-05
299127 5.997033e-05
299175 5.518724e-05
299245 5.445918e-05
299446 5.290934e-05
299614 5.192070e-05
299704 5.135567e-05
299737 4.975085e-05
299816 4.959600e-05
299863 4.490300e-05
300152 4.488406e-05
300437 4.350704e-05
300733 4.343829e-05
300752 4.323659e-05
300780 4.164245e-05
300889 4.147135e-05
300895 4.123049e-05
300901 4.042848e-05
300966 3.989742e-05
301024 3.854718e-05
301119 3.779586e-05
301276 3.670454e-05
301404 3.629515e-05
301683 3.258195e-05
302317 3.250716e-05
302351 3.246291e-05
302494 3.225426e-05
302621 3.221379e-05
302636 3.114440e-05
302782 3.079773e-05
302822 2.988329e-05
303238 2.946241e-05
303270 2.936529e-05
303390 2.900959e-05
303424 2.876119e-05
303519 2.792482e-05
303999 2.788199e-05
304075 2.788120e-05
304097 2.760597e-05
304102 2.753169e-05
304134 2.737229e-05
304166 2.726409e-05
304229 2.715422e-05
304356 2.702182e-05
304412 2.701740e-05
304427 2.611095e-05
304819 2.592051e-05
304928 2.560187e-05
305120 2.539612e-05
305179 2.532002e-05
305243 2.524736e-05
305370 2.524510e-05
305406 2.521253e-05
305433 2.495563e-05
305604 2.475548e-05
305647 2.474315e-05
305691 2.462349e-05
305714 2.460421e-05
305722 2.445285e-05
305903 2.423765e-05
306062 2.404127e-05
306193 2.385629e-05
306194 2.371885e-05
306391 2.371720e-05
306470 2.355706e-05
306494 2.338254e-05
306723 2.326601e-05
306905 2.324784e-05
306939 2.320421e-05
306951 2.318105e-05
307005 2.287975e-05
307106 2.279774e-05
307237 2.271980e-05
307319 2.269316e-05
307329 2.266930e-05
307455 2.253986e-05
307606 2.240398e-05
307670 2.235470e-05
307692 2.231619e-05
307739 2.221109e-05
307873 2.213664e-05
307920 2.183664e-05
308469 2.171867e-05
308509 2.170690e-05
308675 2.152347e-05
308778 2.152278e-05
308792 2.140296e-05
308861 2.138246e-05
308878 2.122927e-05
308931 2.110756e-05
308973 2.089482e-05
308991 2.087570e-05
309164 2.058784e-05
309267 2.044216e-05
309535 2.033888e-05
309685 2.027335e-05
309703 2.017229e-05
309808 2.013666e-05
309957 2.006386e-05
310086 1.995732e-05
310196 1.983517e-05
310280 1.970521e-05
310310 1.965866e-05
310339 1.963896e-05
310399 1.958224e-05
310461 1.949759e-05
310510 1.946530e-05
310546 1.945187e-05
310556 1.927879e-05
310901 1.918509e-05
310924 1.916733e-05
311004 1.914018e-05
311019 1.895255e-05
311124 1.889989e-05
311352 1.880051e-05
311442 1.878716e-05
311519 1.870525e-05
311582 1.863753e-05
312077 1.858480e-05
312214 1.855799e-05
312341 1.850473e-05
312464 1.848520e-05
312567 1.847132e-05
312594 1.840585e-05
312859 1.835105e-05
312990 1.824967e-05
313511 1.817888e-05
313601 1.807650e-05
313629 1.797457e-05
314126 1.795054e-05
314252 1.790798e-05
314584 1.789720e-05
314595 1.787649e-05
314717 1.786852e-05
314786 1.786823e-05
314845 1.780331e-05
314853 1.777683e-05
314999 1.775727e-05
315055 1.773320e-05
315265 1.772631e-05
315430 1.769923e-05
315635 1.769422e-05
315680 1.766791e-05
315764 1.761982e-05
316013 1.759442e-05
316128 1.759345e-05
316137 1.757712e-05
316224 1.757640e-05
316233 1.757019e-05
316299 1.756782e-05
316395 1.756619e-05
316438 1.755995e-05
316578 1.755105e-05
316608 1.754926e-05
316689 1.752211e-05
316883 1.751915e-05
316935 1.750029e-05
316995 1.747574e-05
317352 1.747513e-05
317562 1.747092e-05
317656 1.743390e-05
317821 1.742467e-05
318095 1.740740e-05
318468 1.740434e-05
318739 1.739178e-05
318774 1.739106e-05
318797 1.735326e-05
319435 1.734809e-05
319449 1.734152e-05
319499 1.734097e-05
319827 1.733587e-05
320075 1.733298e-05
320188 1.732113e-05
320572 1.731855e-05
321149 1.731150e-05
321409 1.730776e-05
321423 1.730245e-05
321456 1.730074e-05
321804 1.729989e-05
321854 1.729109e-05
322034 1.728725e-05
322412 1.727699e-05
322483 1.727335e-05
322687 1.727095e-05
322713 1.727024e-05
322807 1.726412e-05
323063 1.726304e-05
323400 1.726232e-05
323485 1.726228e-05
323523 1.726139e-05
323529 1.725854e-05
323532 1.725665e-05
323905 1.725064e-05
324711 1.725062e-05
325075 1.724811e-05
325114 1.724563e-05
325324 1.724331e-05
325352 1.723627e-05
325878 1.723603e-05
326012 1.723558e-05
326057 1.723380e-05
326409 1.723350e-05
326421 1.723347e-05
326511 1.723160e-05
326548 1.722786e-05
326649 1.722508e-05
326982 1.722351e-05
327194 1.721942e-05
327715 1.721776e-05
328096 1.721732e-05
328161 1.721429e-05
328184 1.721268e-05
328353 1.721144e-05
328358 1.721045e-05
328401 1.720979e-05
328611 1.720948e-05
328617 1.720812e-05
329121 1.720658e-05
329293 1.720535e-05
329389 1.720499e-05
329402 1.720326e-05
329403 1.720245e-05
329693 1.720188e-05
329694 1.720141e-05
330240 1.720084e-05
330383 1.719869e-05
330544 1.719865e-05
330550 1.719753e-05
330583 1.719614e-05
330823 1.719439e-05
330899 1.719083e-05
330943 1.719073e-05
331086 1.718998e-05
331087 1.718961e-05
331347 1.718543e-05
331891 1.718462e-05
331907 1.718297e-05
332258 1.718248e-05
332324 1.718246e-05
332343 1.717842e-05
332471 1.717745e-05
332606 1.717533e-05
332879 1.717186e-05
333085 1.717154e-05
333090 1.717085e-05
333260 1.716981e-05
333269 1.716818e-05
333279 1.716735e-05
333323 1.716734e-05
333353 1.716651e-05
333469 1.716608e-05
333480 1.716593e-05
333568 1.716276e-05
333637 1.716191e-05
333783 1.716169e-05
333806 1.716066e-05
333887 1.716024e-05
333986 1.715830e-05
334011 1.715816e-05
334074 1.715684e-05
334192 1.715359e-05
334303 1.715280e-05
334393 1.715280e-05
334423 1.715167e-05
334436 1.714915e-05
334474 1.714740e-05
334533 1.714642e-05
334683 1.714294e-05
334752 1.714108e-05
334833 1.714100e-05
334856 1.714054e-05
335197 1.714051e-05
335236 1.713934e-05
335237 1.713781e-05
335289 1.713738e-05
335295 1.713694e-05
335329 1.713557e-05
335376 1.713459e-05
335419 1.713259e-05
335598 1.712768e-05
335719 1.712009e-05
336068 1.711826e-05
336103 1.711588e-05
336108 1.711522e-05
336114 1.711214e-05
336262 1.711152e-05
336336 1.711113e-05
336424 1.711001e-05
336526 1.710875e-05
336572 1.710163e-05
336719 1.709876e-05
336848 1.709848e-05
336897 1.709836e-05
337019 1.709347e-05
337053 1.709345e-05
337266 1.708989e-05
337355 1.708638e-05
337383 1.708503e-05
337397 1.708200e-05
337490 1.708040e-05
337609 1.707731e-05
338282 1.707568e-05
338504 1.707552e-05
338531 1.707518e-05
338564 1.707181e-05
338565 1.707080e-05
338655 1.706631e-05
338791 1.706236e-05
338967 1.705997e-05
339025 1.705630e-05
339075 1.705276e-05
339209 1.705224e-05
339285 1.705100e-05
339447 1.705014e-05
339452 1.704854e-05
339455 1.704704e-05
339593 1.704611e-05
339603 1.704500e-05
339625 1.704465e-05
339693 1.704428e-05
339904 1.704230e-05
340104 1.704139e-05
340257 1.704085e-05
340297 1.704006e-05
340349 1.703950e-05
340395 1.703198e-05
340467 1.702928e-05
340626 1.702627e-05
340746 1.702564e-05
340876 1.702553e-05
340978 1.701403e-05
341203 1.701097e-05
341688 1.701068e-05
341728 1.700349e-05
341829 1.699846e-05
342385 1.699233e-05
342764 1.699220e-05
342775 1.699218e-05
342802 1.699048e-05
342832 1.698990e-05
342848 1.698473e-05
343075 1.698229e-05
343183 1.698186e-05
343212 1.698179e-05
343259 1.697732e-05
343274 1.697491e-05
343291 1.697296e-05
343357 1.697066e-05
343476 1.696988e-05
343610 1.696950e-05
343796 1.696629e-05
343827 1.696611e-05
343835 1.696149e-05
344032 1.696040e-05
344208 1.696016e-05
344271 1.695548e-05
344344 1.695294e-05
344435 1.694369e-05
344561 1.694006e-05
344845 1.693894e-05
344892 1.693786e-05
344989 1.693727e-05
345000 1.693646e-05
345030 1.693393e-05
345065 1.692793e-05
345127 1.692538e-05
345244 1.692222e-05
345261 1.690943e-05
345631 1.690741e-05
345635 1.690596e-05
345677 1.690581e-05
345685 1.690504e-05
345730 1.690399e-05
345784 1.690178e-05
345820 1.688836e-05
345879 1.688688e-05
345927 1.688460e-05
346031 1.687660e-05
346114 1.686252e-05
346371 1.686228e-05
346441 1.685817e-05
346516 1.685047e-05
346549 1.683965e-05
347022 1.683060e-05
347122 1.682932e-05
347262 1.682847e-05
347279 1.682045e-05
347412 1.679787e-05
347837 1.679689e-05
347885 1.678911e-05
347919 1.678395e-05
347939 1.678362e-05
348024 1.678192e-05
348079 1.677233e-05
348234 1.676526e-05
348268 1.676362e-05
348307 1.674974e-05
348319 1.674784e-05
348351 1.674393e-05
348372 1.673261e-05
348427 1.672207e-05
348664 1.671794e-05
348690 1.671723e-05
348701 1.671513e-05
348719 1.671444e-05
349032 1.670962e-05
349085 1.670135e-05
349103 1.670072e-05
349140 1.669442e-05
349144 1.669377e-05
349171 1.669274e-05
349201 1.668310e-05
349232 1.666540e-05
349354 1.665954e-05
349378 1.665482e-05
349528 1.665256e-05
349636 1.662620e-05
349900 1.660927e-05
350123 1.660807e-05
350164 1.658349e-05
350594 1.658048e-05
350597 1.657314e-05
350623 1.657053e-05
350743 1.656359e-05
350763 1.655756e-05
351112 1.655166e-05
351154 1.655015e-05
351273 1.654574e-05
351310 1.654280e-05
351325 1.653978e-05
351409 1.652957e-05
351453 1.652920e-05
351457 1.652431e-05
351531 1.652137e-05
351542 1.651836e-05
351743 1.651049e-05
351811 1.650498e-05
351873 1.649972e-05
351972 1.649251e-05
352042 1.648759e-05
352185 1.648724e-05
352298 1.648306e-05
352438 1.648245e-05
352465 1.647822e-05
352527 1.646682e-05
352629 1.646377e-05
352640 1.646277e-05
352715 1.645388e-05
352842 1.643474e-05
353264 1.641904e-05
353462 1.641400e-05
353555 1.641091e-05
353593 1.640842e-05
353657 1.640612e-05
353671 1.639728e-05
353752 1.639016e-05
353844 1.638711e-05
353873 1.637802e-05
354001 1.637081e-05
354189 1.635630e-05
354204 1.635605e-05
354231 1.635507e-05
354255 1.634068e-05
354271 1.633770e-05
354370 1.633146e-05
354397 1.632852e-05
354423 1.632578e-05
354551 1.632396e-05
354676 1.632388e-05
354722 1.631091e-05
354809 1.630115e-05
354814 1.627853e-05
354938 1.627212e-05
355031 1.626659e-05
355181 1.625594e-05
355216 1.624104e-05
355355 1.623893e-05
355369 1.623358e-05
355393 1.622051e-05
355457 1.620535e-05
355506 1.619478e-05
355513 1.619352e-05
355544 1.619094e-05
355595 1.617375e-05
355617 1.616052e-05
355675 1.616001e-05
355754 1.612269e-05
355787 1.611053e-05
356075 1.610366e-05
356095 1.609222e-05
356162 1.607088e-05
356270 1.606659e-05
356329 1.606624e-05
356330 1.606185e-05
356371 1.604219e-05
356421 1.603652e-05
356426 1.603596e-05
356482 1.600092e-05
356603 1.594110e-05
356824 1.593819e-05
356878 1.587354e-05
357093 1.583919e-05
357158 1.581817e-05
357193 1.578470e-05
357576 1.577807e-05
357602 1.575255e-05
357606 1.567447e-05
357796 1.566348e-05
357908 1.526076e-05
357970 1.515501e-05
358041 1.487020e-05
358109 1.482315e-05
358584 1.481679e-05
358726 1.479704e-05
358735 1.466025e-05
359073 1.465889e-05
359146 1.464370e-05
359161 1.463849e-05
359197 1.459006e-05
359285 1.458455e-05
359321 1.456964e-05
359344 1.455190e-05
359430 1.452691e-05
359434 1.452612e-05
359543 1.452373e-05
359622 1.451035e-05
359657 1.449506e-05
359708 1.448578e-05
359774 1.448356e-05
359775 1.448064e-05
359778 1.446911e-05
360078 1.446223e-05
360157 1.443377e-05
360213 1.442444e-05
360254 1.441613e-05
360286 1.440758e-05
360416 1.439135e-05
360667 1.437133e-05
360763 1.437019e-05
360801 1.435949e-05
360826 1.435214e-05
360912 1.434831e-05
360981 1.433593e-05
361023 1.433498e-05
361064 1.433304e-05
361258 1.432492e-05
361292 1.431320e-05
361781 1.430064e-05
361890 1.430014e-05
361900 1.429169e-05
362005 1.428916e-05
362116 1.428392e-05
362142 1.428074e-05
362158 1.427736e-05
362189 1.427424e-05
362502 1.427115e-05
362537 1.426883e-05
362623 1.426556e-05
362727 1.426428e-05
362879 1.426186e-05
363086 1.425913e-05
363595 1.425825e-05
363739 1.425663e-05
363766 1.424998e-05
363868 1.424912e-05
363911 1.424613e-05
364014 1.424451e-05
364061 1.424397e-05
364114 1.424320e-05
364132 1.424306e-05
364232 1.423867e-05
364240 1.423340e-05
364291 1.423187e-05
364481 1.422693e-05
364561 1.422376e-05
365046 1.422253e-05
365060 1.422020e-05
365105 1.422008e-05
365106 1.421734e-05
365183 1.421340e-05
365212 1.420825e-05
365696 1.420657e-05
365828 1.420532e-05
365934 1.420453e-05
365961 1.420365e-05
365983 1.420014e-05
366240 1.419950e-05
366259 1.419847e-05
366329 1.419522e-05
366614 1.419519e-05
366792 1.419478e-05
366814 1.419283e-05
366979 1.419054e-05
367367 1.418914e-05
367405 1.418663e-05
367578 1.418604e-05
367590 1.418501e-05
367645 1.418451e-05
367658 1.418408e-05
367753 1.418380e-05
367843 1.418331e-05
367943 1.418151e-05
368083 1.417994e-05
368181 1.417935e-05
368205 1.417924e-05
368226 1.417905e-05
368370 1.417873e-05
368385 1.417833e-05
368391 1.417748e-05
368550 1.417657e-05
368701 1.417628e-05
368774 1.417563e-05
368802 1.417483e-05
368951 1.417375e-05
368988 1.417364e-05
369165 1.417182e-05
369430 1.417128e-05
369456 1.417082e-05
369498 1.417071e-05
369568 1.417065e-05
369649 1.417051e-05
369789 1.417021e-05
369843 1.416960e-05
369845 1.416826e-05
370015 1.416815e-05
370019 1.416775e-05
370095 1.416662e-05
370133 1.416637e-05
370212 1.416602e-05
370290 1.416581e-05
370459 1.416527e-05
370476 1.416359e-05
370737 1.416181e-05
370795 1.416176e-05
370828 1.416128e-05
370850 1.416025e-05
370933 1.415992e-05
370982 1.415878e-05
371296 1.415852e-05
371375 1.415787e-05
371434 1.415683e-05
371452 1.415607e-05
371532 1.415335e-05
371778 1.415328e-05
371855 1.415300e-05
371856 1.415286e-05
372078 1.415208e-05
372103 1.415204e-05
372143 1.414881e-05
372371 1.414880e-05
372384 1.414842e-05
372395 1.414819e-05
372407 1.414600e-05
372474 1.414495e-05
372625 1.414379e-05
372688 1.414118e-05
372720 1.413938e-05
373045 1.413852e-05
373133 1.413819e-05
373143 1.413656e-05
373212 1.413446e-05
373231 1.413413e-05
373274 1.413205e-05
373498 1.413171e-05
373511 1.413164e-05
373543 1.412980e-05
373568 1.412862e-05
373767 1.412824e-05
373792 1.412816e-05
373850 1.412792e-05
373855 1.412678e-05
373876 1.412534e-05
373911 1.412510e-05
373941 1.411877e-05
374032 1.411803e-05
374184 1.411722e-05
374574 1.411646e-05
374623 1.411513e-05
374681 1.411483e-05
374723 1.411017e-05
374744 1.410631e-05
374815 1.410548e-05
374858 1.410283e-05
374922 1.410274e-05
375028 1.410121e-05
375133 1.410112e-05
375138 1.409866e-05
375201 1.409711e-05
375263 1.409529e-05
375277 1.409319e-05
375308 1.409077e-05
375362 1.408507e-05
375573 1.408181e-05
375648 1.408154e-05
375773 1.407367e-05
375849 1.407313e-05
375923 1.407179e-05
375924 1.407162e-05
375928 1.406883e-05
375932 1.406467e-05
376033 1.406094e-05
376071 1.405950e-05
376088 1.405823e-05
376190 1.405739e-05
376248 1.405437e-05
376359 1.405376e-05
376391 1.405357e-05
376424 1.405055e-05
376427 1.404327e-05
376463 1.404184e-05
376550 1.403907e-05
376817 1.403421e-05
376871 1.403363e-05
376879 1.402889e-05
376961 1.402885e-05
376993 1.402384e-05
377093 1.402077e-05
377186 1.402003e-05
377308 1.401813e-05
377310 1.401791e-05
377312 1.401535e-05
377319 1.401298e-05
377336 1.400902e-05
377389 1.400785e-05
377486 1.400446e-05
377493 1.400390e-05
377515 1.399650e-05
377624 1.399574e-05
377740 1.399049e-05
377920 1.398680e-05
378014 1.398562e-05
378051 1.397745e-05
378088 1.397306e-05
378119 1.397108e-05
378203 1.396885e-05
378504 1.396833e-05
378508 1.396483e-05
378646 1.396077e-05
378755 1.395988e-05
378764 1.395328e-05
378831 1.395144e-05
378848 1.394191e-05
378932 1.394049e-05
379014 1.393719e-05
379106 1.392945e-05
379234 1.392629e-05
379394 1.392460e-05
379447 1.392422e-05
379466 1.392187e-05
379529 1.392035e-05
379552 1.391703e-05
379681 1.391052e-05
379768 1.390826e-05
379852 1.389948e-05
379899 1.389221e-05
380155 1.388305e-05
380334 1.388139e-05
380405 1.387504e-05
380656 1.387266e-05
380923 1.387021e-05
380931 1.386563e-05
380976 1.386459e-05
380998 1.386337e-05
381000 1.385137e-05
381044 1.385039e-05
381160 1.384773e-05
381374 1.384484e-05
381388 1.384142e-05
381459 1.383625e-05
381507 1.383332e-05
381648 1.383297e-05
381656 1.383141e-05
381678 1.382854e-05
381694 1.382743e-05
381734 1.382616e-05
381795 1.382578e-05
381821 1.382338e-05
381891 1.381614e-05
382006 1.381160e-05
382101 1.381060e-05
382329 1.380942e-05
382382 1.380929e-05
382384 1.380923e-05
382398 1.380311e-05
382678 1.380132e-05
382682 1.379765e-05
382697 1.379240e-05
382780 1.379163e-05
382830 1.379016e-05
382892 1.378729e-05
382899 1.378699e-05
382901 1.378621e-05
382940 1.378025e-05
383064 1.376818e-05
383319 1.376740e-05
383365 1.376737e-05
383390 1.376584e-05
383408 1.376372e-05
383433 1.376288e-05
383463 1.376211e-05
383509 1.376098e-05
383519 1.375257e-05
383579 1.374406e-05
383755 1.374237e-05
383903 1.373992e-05
383929 1.373886e-05
383997 1.373851e-05
384000 1.372936e-05
384127 1.371941e-05
384325 1.371560e-05
384397 1.370640e-05
384502 1.370480e-05
384740 1.370442e-05
384757 1.370338e-05
384792 1.370138e-05
384826 1.369858e-05
384843 1.369628e-05
384854 1.369328e-05
384905 1.369315e-05
384985 1.369203e-05
385036 1.369128e-05
385099 1.369120e-05
385212 1.368919e-05
385215 1.368763e-05
385221 1.368053e-05
385484 1.367935e-05
385518 1.367740e-05
385614 1.367619e-05
385628 1.366828e-05
385725 1.366292e-05
385809 1.365980e-05
385896 1.365625e-05
386011 1.365431e-05
386017 1.364788e-05
386033 1.364219e-05
386160 1.364178e-05
386351 1.363273e-05
386534 1.363229e-05
386606 1.363183e-05
386625 1.362642e-05
386679 1.362227e-05
386692 1.361710e-05
386792 1.361684e-05
386797 1.360632e-05
386869 1.360568e-05
386897 1.359934e-05
387087 1.359399e-05
387289 1.359071e-05
387314 1.358950e-05
387319 1.358834e-05
387343 1.357553e-05
387521 1.355933e-05
387637 1.355342e-05
387688 1.355056e-05
387813 1.354643e-05
387820 1.354342e-05
387832 1.353849e-05
387884 1.353001e-05
387957 1.352541e-05
387970 1.350984e-05
388071 1.349937e-05
388132 1.349728e-05
388136 1.349019e-05
388163 1.348538e-05
388184 1.342851e-05
388536 1.340391e-05
388765 1.339660e-05
388802 1.338102e-05
388886 1.333758e-05
388908 1.330926e-05
388956 1.326018e-05
389053 1.324200e-05
389087 1.322320e-05
389209 1.318485e-05
389250 1.311328e-05
389440 1.307457e-05
389444 1.291358e-05
389563 1.289032e-05
389583 1.284144e-05
389616 1.281595e-05
389724 1.281267e-05
389766 1.280957e-05
389773 1.278756e-05
389846 1.273394e-05
389850 1.272787e-05
389893 1.267561e-05
389985 1.259866e-05
390113 1.249521e-05
390161 1.238442e-05
390202 1.217738e-05
390338 1.194711e-05
390459 1.166797e-05
390503 1.142299e-05
390653 1.141160e-05
390763 1.135755e-05
390790 1.134863e-05
390819 1.132818e-05
390827 1.106046e-05
390855 1.095387e-05
390895 1.091734e-05
390967 1.083100e-05
391004 1.075629e-05
391087 1.068563e-05
391094 1.061952e-05
391105 1.049216e-05
391129 1.032802e-05
391139 1.016962e-05
391187 1.007377e-05
391304 9.816516e-06
391354 9.780460e-06
391373 9.695522e-06
391383 9.151524e-06
391601 8.792856e-06
391790 8.593768e-06
391813 8.445562e-06
391837 8.101795e-06
391881 7.983128e-06
391945 7.404331e-06
391978 7.374887e-06
391988 7.074032e-06
392161 6.859285e-06
392163 6.818466e-06
392187 6.440773e-06
392315 6.354164e-06
392527 6.163812e-06
392673 5.930848e-06
392674 5.511064e-06
392879 5.223748e-06
392931 5.075504e-06
392932 5.070333e-06
393052 4.979758e-06
393085 4.837157e-06
393107 4.578108e-06
393135 4.571697e-06
393141 4.537524e-06
393162 4.292234e-06
393233 4.000936e-06
393255 3.879679e-06
393564 3.585805e-06
393570 3.541652e-06
393704 3.438154e-06
393709 3.283927e-06
393747 3.178869e-06
393905 2.778665e-06
394112 2.563548e-06
394117 2.517664e-06
394162 2.497179e-06
394200 2.427529e-06
394267 2.168609e-06
394610 2.095583e-06
394700 2.037487e-06
394884 1.862316e-06
395109 1.808867e-06
395169 1.707571e-06
395305 1.534341e-06
395649 1.514208e-06
395651 1.512442e-06
395711 1.508095e-06
395816 1.506978e-06
395840 1.506885e-06
395843 1.489088e-06
395856 1.354175e-06
396050 1.316425e-06
396109 1.211910e-06
396228 1.145042e-06
396251 1.140153e-06
396253 1.124834e-06
396345 1.122139e-06
396384 1.118137e-06
396385 1.026816e-06
396440 9.933791e-07
396684 9.832142e-07
396704 9.634823e-07
396727 9.175505e-07
396828 9.098119e-07
396887 8.898527e-07
396935 8.852070e-07
397021 8.667001e-07
397104 8.563848e-07
397180 8.288189e-07
397238 8.095973e-07
397316 7.982174e-07
397496 7.690082e-07
397511 7.674616e-07
397601 7.525007e-07
397635 7.496272e-07
397656 7.308066e-07
397687 7.060550e-07
397832 6.981937e-07
397834 6.953462e-07
397857 6.924656e-07
397887 6.902997e-07
397938 6.811146e-07
398006 6.427507e-07
398766 6.416301e-07
398805 6.294005e-07
398881 6.251838e-07
398885 6.176874e-07
398953 6.112240e-07
399000 6.044091e-07
399080 6.007432e-07
399196 5.623461e-07
399482 5.564516e-07
399488 5.537055e-07
399573 5.463133e-07
399724 5.460908e-07
399761 5.450060e-07
399773 5.393187e-07
399942 5.186392e-07
400016 5.140658e-07
400126 5.088085e-07
400364 5.066013e-07
400422 5.045077e-07
400492 4.966678e-07
400571 4.929839e-07
400576 4.915944e-07
400617 4.832365e-07
400678 4.802939e-07
400683 4.799632e-07
400805 4.747819e-07
400854 4.700762e-07
400980 4.679766e-07
401013 4.654338e-07
401158 4.590236e-07
401297 4.550846e-07
401308 4.530884e-07
401372 4.456999e-07
401450 4.391146e-07
401493 4.284134e-07
402157 4.274067e-07
402163 4.194974e-07
402248 4.167097e-07
402378 4.162744e-07
402386 4.138217e-07
402397 4.134756e-07
402406 4.100106e-07
402426 4.083653e-07
402436 4.052202e-07
402486 4.029576e-07
402569 4.016484e-07
402593 4.015361e-07
402657 4.011368e-07
402707 3.918166e-07
402759 3.903318e-07
402874 3.861619e-07
402881 3.859760e-07
402887 3.839233e-07
403060 3.787207e-07
403133 3.754510e-07
403190 3.746514e-07
403229 3.726688e-07
403236 3.700369e-07
403243 3.697883e-07
403361 3.682024e-07
403508 3.678471e-07
403785 3.654069e-07
403985 3.648907e-07
404028 3.644827e-07
404171 3.629474e-07
404177 3.617958e-07
404207 3.613445e-07
404218 3.601167e-07
404227 3.581758e-07
404232 3.573526e-07
404253 3.538136e-07
404302 3.527847e-07
404388 3.513558e-07
404502 3.488717e-07
404514 3.486133e-07
404544 3.475245e-07
404601 3.470639e-07
404670 3.437159e-07
404858 3.419831e-07
404946 3.396558e-07
404949 3.388867e-07
405051 3.359163e-07
405116 3.352562e-07
405210 3.348904e-07
405273 3.311189e-07
405459 3.292921e-07
405668 3.257081e-07
405904 3.241528e-07
405965 3.209588e-07
406133 3.203737e-07
406155 3.194000e-07
406341 3.182049e-07
406430 3.123563e-07
406516 3.120499e-07
406755 3.108713e-07
406804 3.081291e-07
406827 3.064649e-07
407071 3.056662e-07
407087 3.051896e-07
407088 3.047679e-07
407117 3.004748e-07
407254 3.001221e-07
407306 2.996653e-07
407349 2.969798e-07
407653 2.931607e-07
407783 2.921671e-07
407984 2.904823e-07
408090 2.879774e-07
408194 2.868366e-07
408218 2.837230e-07
408303 2.774177e-07
408881 2.763910e-07
408939 2.705740e-07
408965 2.634293e-07
409565 2.629871e-07
409573 2.601562e-07
409582 2.599623e-07
409603 2.599141e-07
409643 2.540575e-07
409662 2.534586e-07
409708 2.524205e-07
409958 2.475845e-07
410014 2.413581e-07
410435 2.408796e-07
410502 2.386378e-07
410526 2.377435e-07
410540 2.336730e-07
410690 2.315973e-07
410890 2.313877e-07
410892 2.293866e-07
411004 2.293624e-07
411034 2.260795e-07
411046 2.234407e-07
411142 2.221796e-07
411150 2.202701e-07
411189 2.171095e-07
411255 2.155506e-07
411279 2.146121e-07
411338 2.137052e-07
411361 2.114776e-07
411385 2.067639e-07
411428 2.053328e-07
411472 2.005565e-07
411698 1.991806e-07
411755 1.969773e-07
411847 1.937395e-07
412008 1.897466e-07
412067 1.894814e-07
412158 1.847281e-07
412375 1.784655e-07
412417 1.759094e-07
412455 1.753929e-07
412619 1.711950e-07
412879 1.706764e-07
412915 1.685851e-07
412954 1.664938e-07
413003 1.645625e-07
413099 1.643841e-07
413100 1.633035e-07
413180 1.618057e-07
413252 1.606187e-07
413544 1.588543e-07
413685 1.587673e-07
413698 1.577649e-07
413708 1.565824e-07
413782 1.563271e-07
413857 1.537158e-07
413887 1.525543e-07
413969 1.502700e-07
414150 1.486837e-07
414177 1.479989e-07
414252 1.478522e-07
414272 1.464129e-07
414298 1.425405e-07
414420 1.417019e-07
414494 1.416009e-07
414556 1.407397e-07
414569 1.402577e-07
414658 1.394062e-07
414682 1.370142e-07
414758 1.367575e-07
414811 1.358526e-07
415067 1.336818e-07
415109 1.329495e-07
415147 1.309486e-07
415196 1.260476e-07
415493 1.224935e-07
415617 1.193616e-07
415849 1.182310e-07
415933 1.157146e-07
416086 1.145155e-07
416428 1.117844e-07
416471 1.111516e-07
416535 1.086836e-07
416553 1.054525e-07
416756 1.053895e-07
417257 1.018292e-07
417530 1.012247e-07
417569 1.007657e-07
417581 9.639213e-08
417757 9.634785e-08
417896 9.500088e-08
417944 9.444280e-08
418014 9.284707e-08
418075 9.279408e-08
418136 9.093260e-08
418174 8.890797e-08
418296 8.825525e-08
418404 8.763088e-08
418487 8.665375e-08
418608 8.540616e-08
418773 8.500773e-08
418849 8.425037e-08
418931 8.191840e-08
419259 8.125975e-08
419742 8.072428e-08
419770 8.034260e-08
419860 7.949887e-08
419960 7.877120e-08
420242 7.847458e-08
420290 7.754754e-08
420294 7.620641e-08
420468 7.480121e-08
420739 7.460089e-08
420853 7.437600e-08
420882 7.428196e-08
420891 7.402497e-08
420906 7.355606e-08
420931 7.330688e-08
420988 7.269773e-08
421126 7.264780e-08
421143 7.253288e-08
421164 7.240128e-08
421175 7.185248e-08
421270 7.153467e-08
421318 7.062530e-08
421472 7.023796e-08
421546 7.005956e-08
421657 6.983192e-08
421663 6.929019e-08
421878 6.883895e-08
421905 6.867109e-08
421974 6.818034e-08
421981 6.778936e-08
422121 6.766493e-08
422157 6.732746e-08
422324 6.639453e-08
422524 6.616953e-08
422563 6.596662e-08
422568 6.578545e-08
422633 6.551272e-08
422711 6.506560e-08
422751 6.480172e-08
423077 6.344003e-08
423297 6.331653e-08
423310 6.314894e-08
423314 6.293299e-08
423319 6.267604e-08
423386 6.225528e-08
423624 6.176128e-08
423651 6.134710e-08
423717 6.097858e-08
423996 6.062667e-08
424227 6.023848e-08
424420 5.982289e-08
424501 5.952662e-08
424509 5.936574e-08
424512 5.922582e-08
424586 5.909718e-08
424598 5.904649e-08
424613 5.892633e-08
424635 5.877852e-08
424714 5.849513e-08
424721 5.841099e-08
424749 5.803455e-08
424936 5.795251e-08
425082 5.793099e-08
425127 5.776544e-08
425357 5.769635e-08
425395 5.760019e-08
425400 5.714236e-08
425505 5.677507e-08
425570 5.660819e-08
425780 5.572704e-08
426034 5.552459e-08
426080 5.547235e-08
426187 5.529931e-08
426206 5.526345e-08
426250 5.460242e-08
426516 5.451711e-08
426518 5.393853e-08
426689 5.386899e-08
426968 5.370399e-08
427382 5.359150e-08
427847 5.343951e-08
427918 5.331788e-08
427920 5.324648e-08
427935 5.314079e-08
427988 5.308811e-08
428036 5.301366e-08
428062 5.285311e-08
428118 5.275614e-08
428148 5.206875e-08
428373 5.185504e-08
428400 5.134538e-08
428642 5.126389e-08
428865 5.092733e-08
429089 5.063534e-08
429153 5.005954e-08
429277 4.966631e-08
429435 4.957121e-08
429648 4.791028e-08
430038 4.787902e-08
430315 4.757627e-08
430329 4.677253e-08
430423 4.675116e-08
430440 4.623116e-08
430814 4.602329e-08
430922 4.600693e-08
430938 4.550750e-08
430986 4.484351e-08
431197 4.476688e-08
431266 4.449451e-08
431324 4.440926e-08
431336 4.400774e-08
431344 4.395161e-08
431385 4.386183e-08
431403 4.386166e-08
431428 4.377491e-08
431478 4.333661e-08
431529 4.295429e-08
431612 4.277172e-08
431644 4.256306e-08
431659 4.225173e-08
431685 4.205131e-08
431826 4.169505e-08
431851 4.167287e-08
431867 4.162358e-08
431868 4.160565e-08
431949 4.134623e-08
432064 4.129715e-08
432087 4.119516e-08
432104 4.097318e-08
432114 4.075594e-08
432123 4.071127e-08
432129 4.039506e-08
432164 4.008933e-08
432231 4.004065e-08
432272 3.976364e-08
432275 3.976299e-08
432479 3.964974e-08
432484 3.830905e-08
432788 3.815632e-08
432823 3.814244e-08
432840 3.812903e-08
432845 3.808788e-08
432868 3.795929e-08
432934 3.764167e-08
432950 3.708292e-08
433107 3.707228e-08
433110 3.696383e-08
433124 3.695820e-08
433149 3.610096e-08
433221 3.596087e-08
433236 3.544235e-08
433297 3.510302e-08
433469 3.452638e-08
433524 3.432986e-08
433605 3.432768e-08
433618 3.396820e-08
433862 3.394117e-08
434056 3.307012e-08
434136 3.297791e-08
434159 3.255243e-08
434187 3.185203e-08
434273 3.179764e-08
434299 3.166679e-08
434332 2.964515e-08
434652 2.895226e-08
434747 2.879090e-08
434888 2.777838e-08
434956 2.745359e-08
435019 2.639172e-08
435051 2.619493e-08
435480 2.598671e-08
435558 2.575552e-08
435575 2.527582e-08
435608 2.525334e-08
435614 2.454829e-08
435747 2.420559e-08
435832 2.391793e-08
435848 2.347889e-08
435856 2.327482e-08
435940 2.285688e-08
436091 2.226511e-08
436208 2.225086e-08
436215 2.212087e-08
436279 2.082942e-08
436517 2.011515e-08
436713 1.924015e-08
436906 1.897191e-08
437023 1.889751e-08
437139 1.835928e-08
437258 1.827950e-08
437270 1.807577e-08
437397 1.805992e-08
437425 1.763326e-08
437575 1.760259e-08
437577 1.757446e-08
437595 1.756451e-08
437623 1.749614e-08
437659 1.731192e-08
437693 1.662779e-08
438007 1.648258e-08
438050 1.632739e-08
438153 1.628776e-08
438173 1.621953e-08
438218 1.535039e-08
438829 1.531438e-08
438922 1.508541e-08
439071 1.487488e-08
439211 1.486948e-08
439228 1.482056e-08
439309 1.479356e-08
439326 1.456456e-08
439441 1.452837e-08
439533 1.452293e-08
439556 1.448674e-08
439610 1.443509e-08
439641 1.442921e-08
439654 1.421531e-08
439817 1.419746e-08
439886 1.414961e-08
439915 1.412799e-08
440041 1.407203e-08
440090 1.406098e-08
440185 1.392443e-08
440284 1.381342e-08
440413 1.368152e-08
440487 1.348420e-08
440664 1.347259e-08
440947 1.345753e-08
440957 1.333430e-08
441015 1.330694e-08
441091 1.323359e-08
441107 1.318381e-08
441269 1.315585e-08
441419 1.315086e-08
441503 1.298778e-08
441589 1.291730e-08
441824 1.288901e-08
441879 1.280446e-08
442086 1.274318e-08
442259 1.271615e-08
442332 1.268647e-08
442526 1.267186e-08
442547 1.266620e-08
442609 1.265398e-08
442768 1.260949e-08
442772 1.250598e-08
443040 1.242780e-08
443129 1.239622e-08
443170 1.236283e-08
443492 1.235450e-08
443627 1.227990e-08
443632 1.222920e-08
443801 1.221528e-08
443822 1.217941e-08
443870 1.217846e-08
444070 1.215833e-08
444110 1.211864e-08
444146 1.205583e-08
444159 1.204591e-08
444230 1.202308e-08
444245 1.196492e-08
444292 1.195922e-08
444358 1.194388e-08
444369 1.189679e-08
444406 1.188120e-08
444449 1.184577e-08
444588 1.179639e-08
444777 1.178014e-08
444784 1.177299e-08
444785 1.175187e-08
444817 1.171728e-08
444881 1.164313e-08
445014 1.159186e-08
445306 1.158024e-08
445354 1.154839e-08
445535 1.151078e-08
445562 1.147945e-08
445576 1.142748e-08
445723 1.136523e-08
445805 1.136161e-08
446159 1.135926e-08
446171 1.131450e-08
446172 1.130702e-08
446350 1.127222e-08
446399 1.126855e-08
446414 1.122699e-08
446450 1.119900e-08
446610 1.118999e-08
446668 1.110713e-08
446737 1.107778e-08
446836 1.104846e-08
446844 1.104778e-08
446852 1.101549e-08
446983 1.101308e-08
447047 1.097950e-08
447176 1.096027e-08
447216 1.090444e-08
447369 1.088014e-08
447387 1.085784e-08
447398 1.077955e-08
447572 1.075709e-08
447670 1.074862e-08
447836 1.073210e-08
447844 1.068523e-08
447937 1.065449e-08
448087 1.058558e-08
448970 1.050882e-08
449134 1.048122e-08
449244 1.044125e-08
449268 1.042397e-08
449305 1.039944e-08
449308 1.037649e-08
449613 1.037432e-08
449639 1.036885e-08
449713 1.033382e-08
449766 1.030890e-08
449807 1.030865e-08
449827 1.026490e-08
449921 1.022357e-08
450408 1.017817e-08
450461 1.015640e-08
450647 1.015245e-08
450720 1.014858e-08
450724 1.014660e-08
450844 1.013317e-08
450888 1.012517e-08
450952 1.011492e-08
451010 1.009058e-08
451188 1.006587e-08
451264 1.005931e-08
451666 1.004795e-08
451805 1.003734e-08
452041 1.003639e-08
452048 1.003004e-08
452067 1.001355e-08
452087 9.988325e-09
