1 3.589166e+32
2 3.387116e+29
3 4.802619e+19
7 3.664740e+19
10 1.877235e+18
11 7.447568e+15
529 8.015757e+14
685 2.750099e+13
697 3.993589e+12
757 3.952880e+11
917 2.636585e+11
1075 2.628352e+11
1122 2.505978e+11
1181 1.958090e+11
1270 1.546031e+11
1411 1.441764e+11
1435 1.421093e+11
1460 1.372849e+11
1500 1.151555e+11
1592 1.128324e+11
1735 9.277757e+10
1856 6.725276e+10
2009 6.487948e+10
2072 6.040085e+10
2342 5.514439e+10
2549 5.040572e+10
2786 5.011958e+10
2835 4.025525e+10
2914 3.981713e+10
2946 3.639325e+10
3126 3.471813e+10
3244 3.433940e+10
3257 3.229196e+10
3292 2.940579e+10
3362 2.277516e+10
3559 1.993625e+10
3575 1.991886e+10
3661 1.860387e+10
3789 1.794297e+10
3795 1.602744e+10
3870 1.395974e+10
3908 1.250089e+10
4092 1.031152e+10
4500 9.515803e+09
4628 9.500027e+09
4755 9.148769e+09
4776 7.967570e+09
5004 7.685878e+09
5135 7.632321e+09
5209 7.319067e+09
5251 7.228526e+09
5266 6.838215e+09
5312 6.323089e+09
5456 6.174329e+09
5481 3.876267e+09
5766 3.188738e+09
5835 3.177555e+09
5939 3.002754e+09
5974 2.878980e+09
6012 2.050912e+09
6818 1.949039e+09
6836 1.854802e+09
6869 1.768961e+09
6921 1.703539e+09
6935 1.452164e+09
6983 1.371372e+09
6985 1.323831e+09
6997 1.117912e+09
7072 1.044700e+09
7169 9.066527e+08
7216 8.859100e+08
7219 7.745151e+08
7319 7.676665e+08
7500 6.933755e+08
7530 6.694952e+08
7555 6.034779e+08
7730 4.041063e+08
7823 3.791232e+08
7890 2.971482e+08
8063 2.534034e+08
8091 2.386215e+08
8164 2.290324e+08
8414 2.035764e+08
8473 1.725659e+08
8558 1.485557e+08
8701 1.360199e+08
8737 1.339868e+08
8767 1.334892e+08
8850 1.320750e+08
8890 1.226122e+08
8902 1.185842e+08
8926 1.058552e+08
8936 1.035597e+08
8941 8.345022e+07
9117 7.751618e+07
9165 7.430479e+07
9210 6.822257e+07
9234 6.349439e+07
9263 4.591927e+07
9520 3.896206e+07
9994 3.037653e+07
10211 2.984447e+07
10222 2.839579e+07
10251 2.598526e+07
10313 2.411830e+07
10366 2.117711e+07
10437 2.007463e+07
10467 1.685028e+07
10713 1.612700e+07
10782 1.524137e+07
10871 1.351938e+07
10973 1.272212e+07
11013 1.257595e+07
11031 1.242576e+07
11041 1.205729e+07
11042 7.404201e+06
11126 7.062948e+06
11321 6.247745e+06
11331 6.064635e+06
11523 5.855815e+06
11601 5.527484e+06
11604 5.330611e+06
11641 4.964053e+06
11688 4.592538e+06
11726 4.082297e+06
11739 3.205209e+06
11805 3.059334e+06
11928 2.489984e+06
11977 1.788348e+06
12130 1.683917e+06
12140 1.457730e+06
12210 1.457310e+06
12231 1.324375e+06
12369 1.139643e+06
12477 9.452473e+05
12558 9.247808e+05
12570 8.272589e+05
12745 7.338421e+05
12807 6.289321e+05
12837 6.099234e+05
12923 5.171981e+05
13095 5.052349e+05
13164 4.631683e+05
13274 4.104706e+05
13397 3.802622e+05
13400 3.205632e+05
13456 3.176739e+05
13484 2.826571e+05
13641 2.560629e+05
13674 2.070194e+05
13710 2.041422e+05
13799 2.034406e+05
13803 1.932336e+05
13912 1.491402e+05
13963 1.381579e+05
13992 1.258460e+05
14010 1.170855e+05
14113 1.111037e+05
14127 9.677187e+04
14246 8.934474e+04
14364 8.777454e+04
14420 7.037181e+04
14465 6.505068e+04
14468 5.624034e+04
14536 5.190469e+04
14567 5.065974e+04
14603 4.290178e+04
14659 2.831633e+04
14867 2.785921e+04
14942 2.715887e+04
15016 2.637834e+04
15033 2.294178e+04
15060 2.115889e+04
15114 1.968595e+04
15147 1.752903e+04
15210 1.670949e+04
15212 1.364692e+04
15396 1.344211e+04
15437 1.322274e+04
15454 1.249070e+04
15470 1.137728e+04
15472 8.425449e+03
15656 8.355392e+03
15772 7.844387e+03
15779 6.442303e+03
15810 6.399502e+03
15860 6.187018e+03
15894 5.887186e+03
15964 5.850755e+03
16017 4.399460e+03
16064 4.264301e+03
16114 3.667289e+03
16284 3.253796e+03
16519 3.129470e+03
16569 3.004358e+03
16587 2.863184e+03
16595 2.749057e+03
16616 2.666985e+03
16632 2.309189e+03
16910 1.432038e+03
17247 1.372328e+03
17304 1.178359e+03
17363 1.164807e+03
17483 1.014999e+03
17540 1.013677e+03
17553 8.703269e+02
17572 8.360796e+02
17655 8.312408e+02
17659 7.948040e+02
17686 7.483464e+02
17732 7.159881e+02
17956 5.953261e+02
18004 5.779006e+02
18017 5.758660e+02
18020 5.415564e+02
18087 5.360991e+02
18239 5.331609e+02
18269 5.202378e+02
18295 4.664479e+02
18573 3.795512e+02
18596 3.640975e+02
18662 3.441803e+02
18720 3.373085e+02
18751 3.329937e+02
18774 3.011444e+02
18793 2.824700e+02
18838 2.481566e+02
18960 2.148789e+02
19009 2.040211e+02
19202 1.985358e+02
19247 1.965179e+02
19327 1.911687e+02
19340 1.662376e+02
19560 1.483398e+02
19636 1.375796e+02
19726 1.346469e+02
19730 1.297268e+02
19737 1.295549e+02
19799 1.271869e+02
19823 1.205489e+02
19833 1.156442e+02
19910 1.078046e+02
20167 1.077550e+02
20169 1.054657e+02
20207 1.051543e+02
20262 1.008430e+02
20360 9.945421e+01
20388 9.169228e+01
20478 9.020921e+01
20515 8.213617e+01
20554 7.774170e+01
20681 7.734904e+01
20692 7.661810e+01
20729 7.266340e+01
20814 6.639227e+01
21040 6.257357e+01
21136 6.224504e+01
21174 6.156052e+01
21321 6.082180e+01
21337 6.045556e+01
21347 5.859099e+01
21370 5.807516e+01
21390 5.618045e+01
21439 5.525790e+01
21457 5.512067e+01
21464 4.827659e+01
21748 4.645377e+01
21842 4.620458e+01
21846 4.580562e+01
21946 4.546580e+01
22008 4.342200e+01
22047 4.335429e+01
22117 4.306527e+01
22144 4.150532e+01
22147 4.029700e+01
22355 3.869608e+01
22447 3.684578e+01
22647 3.670359e+01
22671 3.648334e+01
22712 3.640867e+01
22884 3.596186e+01
22899 3.512721e+01
22935 3.506349e+01
22938 3.489588e+01
22958 3.429565e+01
22971 3.324045e+01
23031 3.314165e+01
23178 3.055119e+01
23221 2.987550e+01
23283 2.955163e+01
23297 2.901790e+01
23341 2.841186e+01
23405 2.820896e+01
23496 2.791711e+01
23507 2.662106e+01
23533 2.657329e+01
23678 2.613889e+01
23757 2.551432e+01
24150 2.539403e+01
24199 2.440363e+01
24424 2.368227e+01
24582 2.350435e+01
24597 2.349801e+01
24608 2.319747e+01
24615 2.319626e+01
24658 2.282072e+01
24693 2.185230e+01
24898 2.153846e+01
25073 2.129645e+01
25117 2.105944e+01
25137 2.102634e+01
25168 2.093240e+01
25225 2.066707e+01
25445 2.019522e+01
25585 2.016991e+01
25660 1.984582e+01
25702 1.980035e+01
25769 1.959073e+01
25980 1.931449e+01
26034 1.931273e+01
26175 1.896809e+01
26255 1.876769e+01
26480 1.861814e+01
26533 1.857887e+01
26551 1.847441e+01
26618 1.799794e+01
26798 1.784980e+01
26978 1.780991e+01
27017 1.768892e+01
27084 1.758800e+01
27143 1.750362e+01
27230 1.723464e+01
27256 1.701991e+01
27476 1.692077e+01
27483 1.668591e+01
27540 1.666547e+01
27622 1.663480e+01
27645 1.657953e+01
27666 1.643374e+01
27726 1.630371e+01
27759 1.618450e+01
27826 1.604582e+01
28013 1.602718e+01
28069 1.570877e+01
28231 1.560492e+01
28426 1.558134e+01
28457 1.550521e+01
28502 1.537321e+01
28580 1.511086e+01
28656 1.505156e+01
28895 1.470028e+01
29073 1.467097e+01
29255 1.452233e+01
29350 1.421941e+01
29548 1.407751e+01
29615 1.370556e+01
29875 1.367400e+01
29896 1.339702e+01
30436 1.323839e+01
30483 1.313612e+01
30492 1.301829e+01
30519 1.275080e+01
30722 1.264066e+01
30818 1.240767e+01
31045 1.239265e+01
31071 1.216814e+01
31190 1.208280e+01
31248 1.190638e+01
31280 1.183047e+01
31360 1.179978e+01
31377 1.174605e+01
31408 1.173425e+01
31411 1.167299e+01
31434 1.166807e+01
31437 1.131942e+01
31502 1.106213e+01
31547 1.104433e+01
31583 1.081838e+01
31600 1.071425e+01
31644 1.064131e+01
31743 1.026416e+01
31911 9.907857e+00
32319 9.883628e+00
32327 9.795242e+00
32332 9.709591e+00
32363 9.562625e+00
32391 9.402909e+00
32402 9.393935e+00
32409 9.241693e+00
32415 9.224930e+00
32482 9.218385e+00
32510 8.903212e+00
32547 8.665160e+00
32635 8.655596e+00
32827 8.655528e+00
32847 8.588615e+00
32917 8.457349e+00
32985 8.405419e+00
33183 7.853801e+00
33271 7.800590e+00
33324 7.779053e+00
33401 7.687628e+00
33457 7.312229e+00
33466 7.308296e+00
33699 7.297141e+00
33720 6.963727e+00
33827 6.900944e+00
33828 5.738626e+00
34291 5.673202e+00
34303 5.573138e+00
34365 5.335859e+00
34530 5.007249e+00
34547 4.552963e+00
35009 4.429673e+00
35016 4.160894e+00
35095 4.067906e+00
35320 3.992751e+00
35388 3.987038e+00
35425 3.880611e+00
35438 3.797740e+00
35508 3.783859e+00
35526 3.729398e+00
35531 3.707928e+00
35551 3.609261e+00
35599 3.319200e+00
35836 3.293641e+00
35903 3.279331e+00
35933 3.267520e+00
35944 3.092487e+00
35948 3.032911e+00
36128 2.998325e+00
36143 2.961304e+00
36161 2.951149e+00
36181 2.822593e+00
36484 2.816189e+00
36499 2.785394e+00
36540 2.701699e+00
36544 2.639910e+00
36628 2.503217e+00
36845 2.499404e+00
36890 2.390473e+00
36898 2.369693e+00
36950 2.350552e+00
37024 2.299854e+00
37063 2.288227e+00
37073 2.263509e+00
37094 2.262797e+00
37263 2.245039e+00
37289 2.243380e+00
37294 2.190470e+00
37326 2.162435e+00
37387 2.146251e+00
37431 2.141701e+00
37440 2.039772e+00
37715 2.019434e+00
37866 1.935854e+00
37877 1.920536e+00
38090 1.888815e+00
38168 1.830102e+00
38307 1.798157e+00
38411 1.772822e+00
38421 1.770338e+00
38449 1.757166e+00
38482 1.718491e+00
38527 1.705259e+00
38528 1.699629e+00
38566 1.652316e+00
38823 1.647267e+00
38897 1.639618e+00
38922 1.626546e+00
39066 1.616705e+00
39115 1.547514e+00
39509 1.533396e+00
39555 1.490549e+00
39741 1.480581e+00
39781 1.472625e+00
39790 1.464076e+00
39813 1.450653e+00
39893 1.420446e+00
40027 1.413201e+00
40151 1.395066e+00
40192 1.366094e+00
40247 1.322240e+00
40293 1.307139e+00
40610 1.305314e+00
40718 1.303677e+00
40731 1.292644e+00
40810 1.285591e+00
40826 1.285164e+00
40877 1.284284e+00
40891 1.268438e+00
40971 1.265187e+00
41015 1.242450e+00
41083 1.230983e+00
41100 1.218770e+00
41229 1.204898e+00
41260 1.183714e+00
41484 1.143822e+00
41547 1.119262e+00
41626 1.115596e+00
41699 1.084094e+00
41764 1.077218e+00
42106 1.074855e+00
42110 1.068924e+00
42309 1.032165e+00
42453 1.017886e+00
42500 1.017773e+00
42547 1.010444e+00
42603 9.573238e-01
42750 9.350432e-01
42898 9.190941e-01
43074 9.052549e-01
43148 9.025158e-01
43197 8.970988e-01
43207 8.917578e-01
43269 8.804349e-01
43275 8.619171e-01
43309 8.542591e-01
43405 8.502125e-01
43473 8.428776e-01
43560 8.280509e-01
43602 8.254363e-01
43653 8.104601e-01
43695 7.927480e-01
43777 7.817671e-01
43781 7.762357e-01
43803 7.596223e-01
43846 7.391835e-01
43925 7.376127e-01
44047 7.210728e-01
44071 7.187224e-01
44153 7.057527e-01
44303 6.984987e-01
44508 6.666253e-01
44736 6.654294e-01
44743 6.643955e-01
44765 6.526310e-01
44779 6.400103e-01
44950 6.252363e-01
45157 6.128860e-01
45210 6.117696e-01
45266 6.082962e-01
45279 6.079659e-01
45280 6.037277e-01
45294 5.837227e-01
45440 5.731073e-01
45552 5.669981e-01
45642 5.610545e-01
45727 5.522342e-01
45807 5.350607e-01
45955 5.225624e-01
46109 5.219012e-01
46263 5.202831e-01
46305 5.056717e-01
46391 4.969161e-01
46427 4.877666e-01
46472 4.781842e-01
46599 4.748484e-01
46699 4.707987e-01
46746 4.673976e-01
46799 4.648872e-01
46811 4.611196e-01
46847 4.421479e-01
46932 4.384526e-01
46957 4.375297e-01
46968 4.231991e-01
47211 4.106907e-01
47366 4.034438e-01
47447 3.917224e-01
47574 3.836051e-01
47713 3.747866e-01
47737 3.633914e-01
47856 3.597198e-01
47874 3.529679e-01
47899 3.492525e-01
47974 3.468294e-01
47990 3.438850e-01
48017 3.399950e-01
48517 3.398997e-01
48529 3.228134e-01
48953 3.123909e-01
49201 3.121179e-01
49208 3.117961e-01
49217 3.088240e-01
49270 3.072599e-01
49308 3.072004e-01
49315 2.969925e-01
49494 2.967356e-01
49507 2.927837e-01
49510 2.897543e-01
49599 2.864410e-01
49720 2.856003e-01
49745 2.845054e-01
49781 2.803105e-01
49905 2.798563e-01
49923 2.742302e-01
50122 2.737080e-01
50126 2.711226e-01
50467 2.708095e-01
50602 2.704576e-01
50633 2.703553e-01
50665 2.700582e-01
50683 2.694878e-01
50703 2.692591e-01
50745 2.681362e-01
50770 2.663361e-01
50783 2.653852e-01
50810 2.651350e-01
50855 2.634072e-01
50927 2.631034e-01
51048 2.618443e-01
51097 2.610923e-01
51105 2.594784e-01
51146 2.586408e-01
51202 2.585636e-01
51222 2.579143e-01
51329 2.573761e-01
51337 2.564280e-01
51443 2.563759e-01
51456 2.560594e-01
51565 2.554474e-01
51802 2.539241e-01
51913 2.527946e-01
52024 2.524931e-01
52119 2.494294e-01
52135 2.478783e-01
52168 2.470479e-01
52297 2.467765e-01
52425 2.448870e-01
52779 2.421592e-01
52795 2.419192e-01
52836 2.416803e-01
52857 2.415629e-01
52882 2.404868e-01
52886 2.391905e-01
52945 2.387651e-01
52997 2.384921e-01
53015 2.378279e-01
53028 2.376592e-01
53040 2.369347e-01
53045 2.358522e-01
53095 2.352441e-01
53113 2.333952e-01
53345 2.332569e-01
53385 2.327468e-01
53415 2.302716e-01
53557 2.290249e-01
53688 2.289384e-01
53737 2.248373e-01
53903 2.243545e-01
54021 2.226616e-01
54358 2.210730e-01
54377 2.200304e-01
54418 2.197445e-01
54496 2.194360e-01
54504 2.178543e-01
54680 2.163894e-01
54695 2.161970e-01
54835 2.151136e-01
55012 2.139760e-01
55042 2.130625e-01
55117 2.102748e-01
55228 2.088666e-01
55336 2.082830e-01
55338 2.082148e-01
55516 2.081915e-01
55565 2.071626e-01
55667 2.057820e-01
55766 2.053245e-01
55857 2.036609e-01
55865 2.032824e-01
55907 2.031292e-01
55995 2.020122e-01
56060 2.015270e-01
56320 2.014693e-01
56337 2.014204e-01
56355 2.010449e-01
56403 2.001474e-01
56450 1.997039e-01
56465 1.996413e-01
56490 1.985097e-01
56622 1.978812e-01
56668 1.973519e-01
56801 1.967475e-01
56875 1.954416e-01
57037 1.952523e-01
57067 1.949453e-01
57082 1.947777e-01
57160 1.946314e-01
57171 1.925508e-01
57599 1.922586e-01
57670 1.920530e-01
57732 1.918455e-01
57783 1.908585e-01
57857 1.893171e-01
57904 1.891110e-01
57953 1.887974e-01
58281 1.876116e-01
58293 1.875235e-01
58404 1.867236e-01
58439 1.867130e-01
58470 1.846725e-01
58689 1.841102e-01
58859 1.833216e-01
59030 1.829016e-01
59054 1.828178e-01
59087 1.827108e-01
59124 1.821512e-01
59138 1.820640e-01
59245 1.819968e-01
59278 1.819456e-01
59293 1.801068e-01
59399 1.794932e-01
59545 1.794025e-01
59623 1.786390e-01
59676 1.786046e-01
59711 1.769218e-01
59835 1.749457e-01
59939 1.744954e-01
60185 1.741419e-01
60203 1.737374e-01
60221 1.733782e-01
60328 1.722131e-01
60349 1.720279e-01
60427 1.718699e-01
60452 1.718271e-01
60453 1.714441e-01
60454 1.713321e-01
60469 1.712420e-01
60491 1.701363e-01
60604 1.688047e-01
60713 1.679247e-01
60827 1.670925e-01
60849 1.667932e-01
60891 1.662367e-01
60937 1.662017e-01
60940 1.656111e-01
60947 1.654531e-01
60969 1.651459e-01
61008 1.639991e-01
61064 1.632166e-01
61276 1.631063e-01
61281 1.621599e-01
61343 1.611074e-01
61524 1.607059e-01
61689 1.606055e-01
61754 1.600696e-01
61791 1.587916e-01
62215 1.587841e-01
62275 1.580134e-01
62406 1.569242e-01
62454 1.560770e-01
62457 1.557437e-01
62599 1.545510e-01
62704 1.534700e-01
62765 1.520329e-01
62799 1.519444e-01
62813 1.501879e-01
62829 1.499015e-01
62988 1.492355e-01
63029 1.490504e-01
63081 1.482772e-01
63092 1.480544e-01
63153 1.469445e-01
63240 1.469107e-01
63284 1.444064e-01
63525 1.439583e-01
63718 1.433664e-01
63744 1.423428e-01
63884 1.421898e-01
64218 1.415732e-01
64389 1.408406e-01
64683 1.388338e-01
64998 1.382906e-01
65303 1.375559e-01
65503 1.366146e-01
65614 1.364591e-01
65838 1.363117e-01
65877 1.351587e-01
65978 1.350459e-01
66433 1.350160e-01
66621 1.349940e-01
66680 1.345320e-01
66695 1.344690e-01
66794 1.341571e-01
66817 1.340166e-01
66824 1.339380e-01
66851 1.333716e-01
67210 1.330940e-01
67388 1.330550e-01
67393 1.326696e-01
67425 1.325964e-01
67674 1.325117e-01
67718 1.324230e-01
67803 1.322889e-01
67809 1.322510e-01
67852 1.322334e-01
67879 1.319510e-01
67962 1.318289e-01
68056 1.315644e-01
68115 1.315217e-01
68310 1.313904e-01
68570 1.311931e-01
68930 1.311571e-01
68975 1.310404e-01
69306 1.310059e-01
69310 1.309618e-01
69331 1.309534e-01
69379 1.309496e-01
69406 1.307871e-01
69750 1.306464e-01
69835 1.306221e-01
69896 1.304941e-01
70392 1.304794e-01
70453 1.304550e-01
70525 1.304180e-01
70548 1.304007e-01
70571 1.303466e-01
70698 1.302765e-01
70980 1.302207e-01
71057 1.301684e-01
71238 1.300879e-01
71472 1.300115e-01
71700 1.299623e-01
71773 1.298978e-01
71830 1.298968e-01
71877 1.298832e-01
71999 1.298792e-01
72008 1.298297e-01
72020 1.298209e-01
72292 1.297912e-01
72335 1.297840e-01
72337 1.297267e-01
72339 1.297139e-01
72366 1.296975e-01
72408 1.296519e-01
72467 1.295259e-01
73052 1.294971e-01
73214 1.294947e-01
73289 1.294066e-01
73346 1.293851e-01
73407 1.293217e-01
73577 1.292489e-01
73654 1.292030e-01
73737 1.291677e-01
73814 1.291387e-01
74017 1.290851e-01
74077 1.290165e-01
74150 1.290095e-01
74356 1.289740e-01
74360 1.289493e-01
74408 1.289469e-01
74506 1.289348e-01
74519 1.289279e-01
74539 1.289060e-01
74549 1.288529e-01
74643 1.288305e-01
74784 1.287774e-01
74970 1.287581e-01
74994 1.287499e-01
199481 1.275450e-01
199526 1.267045e-01
199544 1.242398e-01
199613 1.214374e-01
199803 1.205103e-01
199878 1.191888e-01
199890 1.159771e-01
200145 1.135828e-01
200372 1.094611e-01
200465 1.088120e-01
200476 1.061127e-01
200526 1.057887e-01
200557 1.037928e-01
200686 1.036536e-01
200747 1.002719e-01
201004 9.902850e-02
201085 9.739234e-02
201166 9.019696e-02
201494 8.978880e-02
201554 8.764094e-02
201760 8.754946e-02
201854 8.520257e-02
201876 8.475512e-02
201914 8.344056e-02
202061 8.307936e-02
202430 8.255292e-02
202452 8.150569e-02
202495 7.972370e-02
202621 7.854560e-02
202720 7.747149e-02
202777 7.648604e-02
202887 7.568102e-02
202915 7.563225e-02
203037 7.560071e-02
203080 7.528622e-02
203087 7.447102e-02
203129 7.421694e-02
203391 7.403990e-02
203412 7.366035e-02
203424 7.185041e-02
203436 7.148732e-02
203836 7.085371e-02
203849 7.031835e-02
203888 6.886628e-02
203914 6.876811e-02
204018 6.791691e-02
204152 6.731311e-02
204218 6.669566e-02
204418 6.651207e-02
204468 6.649707e-02
204482 6.605887e-02
204524 6.538704e-02
204565 6.505046e-02
204647 6.425219e-02
204783 6.413799e-02
204822 6.413212e-02
204843 6.296943e-02
205181 6.286867e-02
205220 6.191941e-02
205404 6.045142e-02
205708 6.032768e-02
205761 5.988141e-02
205837 5.914324e-02
205938 5.899580e-02
205949 5.890810e-02
206006 5.874926e-02
206055 5.861618e-02
206172 5.856507e-02
206250 5.835261e-02
206263 5.827855e-02
206279 5.814777e-02
206297 5.783928e-02
206436 5.737753e-02
206463 5.733053e-02
206476 5.669945e-02
206547 5.619953e-02
206613 5.586233e-02
206624 5.494145e-02
206901 5.439725e-02
206907 5.432301e-02
206971 5.395734e-02
207131 5.367823e-02
207282 5.338578e-02
207291 5.329044e-02
207326 5.313237e-02
207328 5.295130e-02
207344 5.249794e-02
207404 5.241623e-02
207413 5.228429e-02
207444 5.211972e-02
207523 5.203469e-02
207556 5.178511e-02
207629 4.999879e-02
207842 4.931009e-02
208145 4.905487e-02
208193 4.810435e-02
208214 4.796710e-02
208287 4.737752e-02
208362 4.679746e-02
208454 4.592483e-02
208551 4.554615e-02
208657 4.533289e-02
208684 4.439846e-02
208769 4.123990e-02
208937 4.061743e-02
208947 4.024247e-02
209098 3.928182e-02
209312 3.868378e-02
209440 3.840058e-02
209481 3.791700e-02
209505 3.711450e-02
209534 3.690231e-02
209541 3.668223e-02
209674 3.235640e-02
209925 3.068095e-02
210236 3.055217e-02
210285 2.740643e-02
210387 2.731639e-02
210403 2.663353e-02
210560 2.662861e-02
210571 2.436545e-02
210785 2.407515e-02
210852 2.394605e-02
210868 2.388100e-02
210891 2.378068e-02
210916 2.356547e-02
210989 2.312237e-02
211020 2.132804e-02
211271 2.004269e-02
211334 1.953152e-02
211414 1.863037e-02
211445 1.819322e-02
211482 1.809801e-02
211511 1.782669e-02
211671 1.774074e-02
211690 1.727937e-02
211713 1.634153e-02
211788 1.582756e-02
211950 1.472250e-02
211960 1.432958e-02
212071 1.338486e-02
212101 1.272560e-02
212117 1.271068e-02
212133 1.257938e-02
212210 1.242983e-02
212315 1.140467e-02
212322 1.138262e-02
212413 1.132641e-02
212427 1.012740e-02
212450 8.871370e-03
212765 8.404293e-03
212878 7.908010e-03
212915 7.377840e-03
213005 7.164105e-03
213009 7.034458e-03
213065 6.147814e-03
213273 5.969144e-03
213274 5.952695e-03
213437 5.849767e-03
213478 5.110394e-03
213744 5.025661e-03
213770 4.971408e-03
213801 4.678786e-03
213825 4.445883e-03
213870 3.935434e-03
214080 3.873535e-03
214100 3.865044e-03
214189 3.702548e-03
214196 3.649886e-03
214228 3.612339e-03
214364 3.462986e-03
214491 3.407180e-03
214511 3.292828e-03
214626 3.258976e-03
214643 3.122853e-03
214712 3.088876e-03
214745 2.995628e-03
214793 2.757542e-03
214919 2.720727e-03
214972 2.700172e-03
215054 2.559345e-03
215061 2.544286e-03
215295 2.477974e-03
215344 2.394486e-03
215533 2.393769e-03
215564 2.302874e-03
215605 2.200691e-03
215666 2.142548e-03
215730 2.141302e-03
215799 2.094706e-03
215866 2.064458e-03
216095 2.016608e-03
216175 2.003888e-03
216259 1.991305e-03
216260 1.985114e-03
216282 1.928765e-03
216343 1.899120e-03
216540 1.854008e-03
216596 1.804086e-03
216744 1.727734e-03
216795 1.670372e-03
217037 1.640098e-03
217308 1.538872e-03
217653 1.508249e-03
217665 1.492486e-03
217782 1.487712e-03
217794 1.458561e-03
217829 1.454252e-03
217986 1.432569e-03
217991 1.426501e-03
217992 1.422799e-03
218036 1.391912e-03
218065 1.371134e-03
218178 1.370430e-03
218199 1.357970e-03
218273 1.352195e-03
218359 1.321198e-03
218366 1.287100e-03
218417 1.236301e-03
218538 1.207660e-03
218690 1.184557e-03
218751 1.184025e-03
218838 1.170745e-03
219008 1.122787e-03
219146 1.122651e-03
219151 1.055252e-03
219344 9.505971e-04
219504 9.406520e-04
219542 9.008094e-04
219921 8.995189e-04
219951 8.688706e-04
219952 8.654667e-04
219954 8.231731e-04
220179 7.965258e-04
220277 7.784689e-04
220396 7.712993e-04
220505 7.607447e-04
220538 7.402479e-04
220626 7.258301e-04
220661 7.100842e-04
220801 7.076834e-04
220805 6.853846e-04
220856 6.718082e-04
220917 6.683045e-04
221076 6.416898e-04
221182 6.415186e-04
221227 6.397822e-04
221252 6.345238e-04
221263 6.217827e-04
221290 6.167328e-04
221476 6.164489e-04
221487 6.144560e-04
221514 6.110174e-04
221602 6.031553e-04
221633 5.953014e-04
221707 5.930275e-04
221820 5.899411e-04
221879 5.840934e-04
221909 5.695595e-04
221954 5.694283e-04
222020 5.665697e-04
222161 5.536284e-04
222226 5.457212e-04
222435 5.340953e-04
222630 5.171761e-04
222926 5.151791e-04
222968 5.147877e-04
222982 5.064318e-04
223097 5.056797e-04
223106 5.050163e-04
223116 5.007944e-04
223127 4.908332e-04
223153 4.803856e-04
223216 4.760441e-04
223333 4.728290e-04
223363 4.666597e-04
223463 4.457568e-04
223788 4.392795e-04
223794 4.362182e-04
223802 4.342797e-04
223938 4.309248e-04
224158 4.211255e-04
224203 4.049104e-04
224380 4.026230e-04
224447 4.022054e-04
224476 3.910342e-04
224665 3.812178e-04
224731 3.738803e-04
224758 3.724331e-04
224780 3.716882e-04
224872 3.698413e-04
224954 3.683521e-04
224983 3.622161e-04
225163 3.585351e-04
225199 3.509751e-04
225333 3.500110e-04
225337 3.497599e-04
225359 3.463929e-04
225450 3.450330e-04
225467 3.438635e-04
225542 3.418763e-04
225707 3.396821e-04
225763 3.230774e-04
225971 3.166259e-04
226014 3.156644e-04
226019 3.092941e-04
226329 3.032100e-04
226334 3.012592e-04
226343 2.999216e-04
226355 2.960410e-04
226364 2.941717e-04
226402 2.937201e-04
226405 2.813070e-04
226626 2.732505e-04
226670 2.721501e-04
226720 2.628864e-04
226933 2.513009e-04
226971 2.415335e-04
227153 2.397796e-04
227182 2.335597e-04
227253 2.304876e-04
227301 2.302776e-04
227351 2.218638e-04
227485 2.217111e-04
227506 2.195716e-04
227529 2.195196e-04
227559 2.186099e-04
227566 2.130367e-04
227581 1.954872e-04
227807 1.923037e-04
228066 1.895718e-04
228138 1.815747e-04
228203 1.777940e-04
228244 1.777039e-04
228277 1.731537e-04
228309 1.645599e-04
228328 1.639261e-04
228368 1.632871e-04
228405 1.486695e-04
228545 1.444805e-04
228612 1.356841e-04
228715 1.324981e-04
228891 1.113321e-04
229344 1.053119e-04
229361 1.026460e-04
229370 9.971837e-05
229398 8.871674e-05
229436 8.634138e-05
229575 8.516583e-05
229599 8.468299e-05
229677 8.411213e-05
229719 7.668762e-05
229803 7.130185e-05
229874 6.857344e-05
229917 6.434040e-05
229924 6.101543e-05
229986 5.620890e-05
230050 5.430602e-05
230122 5.296035e-05
230227 5.182045e-05
230240 5.118466e-05
230314 4.990927e-05
230361 4.804629e-05
230370 4.763628e-05
230385 4.166292e-05
230425 3.763072e-05
230657 3.477681e-05
230701 3.376270e-05
230772 2.927351e-05
230934 2.719050e-05
231148 2.519273e-05
231158 2.407275e-05
231216 2.207188e-05
231274 2.066164e-05
231391 1.873137e-05
231452 1.856215e-05
231542 1.656189e-05
231805 1.551588e-05
231884 1.523997e-05
231912 1.513483e-05
231940 1.475243e-05
231965 1.270419e-05
232169 1.197262e-05
232252 1.156991e-05
232373 1.124831e-05
232645 1.041551e-05
232691 1.018475e-05
232746 1.006843e-05
232755 9.802015e-06
232926 9.703089e-06
232955 9.459251e-06
233092 9.397697e-06
233103 9.332396e-06
233117 8.573733e-06
233337 8.541372e-06
233346 7.456059e-06
233483 6.780179e-06
233590 6.398653e-06
233717 5.916942e-06
233893 5.895355e-06
234012 5.889888e-06
234072 5.503080e-06
234229 5.442036e-06
234232 5.219966e-06
234275 5.122800e-06
234414 4.960454e-06
234448 4.841988e-06
234473 4.754622e-06
234479 4.673363e-06
234486 4.544986e-06
234488 4.319942e-06
234516 4.010564e-06
234563 3.935235e-06
234863 3.865646e-06
234878 3.759559e-06
234948 3.749049e-06
234986 3.574620e-06
235002 3.540090e-06
235036 3.483239e-06
235056 3.430154e-06
235109 3.275324e-06
235123 2.692722e-06
235363 2.345186e-06
235658 2.103120e-06
235860 2.013122e-06
235930 1.952829e-06
236073 1.876730e-06
236155 1.853936e-06
236258 1.433790e-06
236562 1.371266e-06
236595 9.811828e-07
236763 9.778015e-07
236833 9.509486e-07
236986 8.879403e-07
236991 7.547307e-07
237176 7.263729e-07
237218 6.163888e-07
237320 6.014439e-07
237420 5.996966e-07
237491 4.577194e-07
237786 4.398294e-07
237879 4.216820e-07
237916 4.197237e-07
237963 3.847659e-07
237988 3.410811e-07
238059 3.125491e-07
238177 3.088544e-07
238180 2.940350e-07
238281 2.831630e-07
238305 2.805484e-07
238315 2.691254e-07
238367 2.565726e-07
238400 2.537583e-07
238442 2.189672e-07
238479 2.185441e-07
238485 2.150187e-07
238555 2.038229e-07
238556 1.977573e-07
238581 1.794218e-07
238584 1.763910e-07
238666 1.478298e-07
238692 1.400791e-07
238745 1.316994e-07
238748 1.262433e-07
238951 1.207376e-07
238954 1.115041e-07
238977 1.013798e-07
239069 9.215829e-08
239089 7.877088e-08
239317 7.565825e-08
239448 6.978252e-08
239512 6.303490e-08
239532 6.170387e-08
239621 5.990541e-08
239672 5.543163e-08
239810 5.239284e-08
239843 4.604512e-08
240076 4.532174e-08
240165 4.520101e-08
240211 4.370433e-08
240235 3.081940e-08
240404 2.949658e-08
240427 2.897634e-08
240447 2.624396e-08
240634 2.514916e-08
240675 2.468233e-08
240739 2.449687e-08
240774 2.294168e-08
240783 2.270213e-08
240811 1.831295e-08
240902 1.825006e-08
241056 1.723927e-08
241126 1.657551e-08
241137 1.523445e-08
241266 1.411687e-08
241271 1.407348e-08
241340 1.357418e-08
241425 1.296775e-08
241484 1.067801e-08
241512 1.025623e-08
241687 9.247526e-09
333144 9.220672e-09
470713 8.892429e-09
