1 3.134030e+03
2 1.522380e+03
70 1.503809e+03
148 1.163610e+03
221 1.104281e+03
232 8.893196e+02
280 7.106374e+02
338 7.033691e+02
384 6.707365e+02
413 6.417970e+02
438 5.616282e+02
461 5.541740e+02
488 5.393525e+02
498 5.311638e+02
511 5.253973e+02
519 5.062814e+02
552 5.054211e+02
562 4.972230e+02
581 4.505735e+02
585 4.403782e+02
666 4.223842e+02
695 4.195692e+02
716 4.163704e+02
741 4.128440e+02
819 4.103108e+02
842 4.102073e+02
845 4.083618e+02
848 4.081291e+02
875 4.077572e+02
882 4.069849e+02
887 4.064252e+02
889 4.061979e+02
896 4.042546e+02
933 4.032781e+02
951 4.029009e+02
952 4.026204e+02
979 4.024019e+02
988 4.023532e+02
997 4.018040e+02
1009 4.014114e+02
1050 4.012090e+02
1082 4.011126e+02
1092 4.010376e+02
1114 4.009790e+02
1116 4.008466e+02
1146 4.006918e+02
1226 4.005785e+02
1244 4.005618e+02
1252 4.004644e+02
1318 4.004481e+02
1336 4.004052e+02
1356 4.003656e+02
1370 4.003324e+02
1377 4.003177e+02
1398 4.003053e+02
1428 4.003013e+02
1443 4.002797e+02
1445 4.002265e+02
1557 4.002220e+02
1594 4.002196e+02
1598 4.002118e+02
1631 4.002012e+02
1782 4.001983e+02
1784 4.001966e+02
1829 4.001957e+02
1957 4.001953e+02
2001 4.001949e+02
2027 4.001947e+02
2031 4.001946e+02
2041 4.001943e+02
2078 4.001942e+02
2154 4.001942e+02
2191 4.001940e+02
2226 4.001940e+02
2244 4.001940e+02
2288 4.001940e+02
2302 4.001940e+02
2306 4.001939e+02
2369 4.001939e+02
2378 4.001939e+02
2381 4.001939e+02
2384 4.001939e+02
2445 4.001939e+02
2482 4.001939e+02
2493 4.001939e+02
2520 4.001939e+02
2589 4.001939e+02
2591 4.001939e+02
2650 4.001939e+02
2722 4.001939e+02
2754 4.001939e+02
2764 4.001939e+02
2840 4.001939e+02
2880 4.001939e+02
2970 4.001939e+02
2986 4.001939e+02
2998 4.001939e+02
3012 4.001939e+02
3015 4.001939e+02
3139 4.001939e+02
3143 4.001939e+02
3194 4.001939e+02
3229 4.001939e+02
3233 4.001939e+02
3238 4.001939e+02
3278 4.001939e+02
3410 4.001939e+02
3421 4.001939e+02
3532 4.001939e+02
3640 4.001939e+02
3670 4.001939e+02
3694 4.001939e+02
3726 4.001939e+02
3735 4.001939e+02
3757 4.001939e+02
3758 4.001939e+02
3886 4.001939e+02
3892 4.001939e+02
3893 4.001939e+02
3928 4.001939e+02
3956 4.001939e+02
4015 4.001939e+02
4045 4.001939e+02
4104 4.001939e+02
4151 4.001939e+02
4162 4.001939e+02
61086 4.001939e+02
