1 4.077426e+04
3 3.062254e+04
4 2.761271e+04
10 1.832712e+04
78 1.754350e+04
116 1.734175e+04
121 1.726581e+04
124 1.071386e+04
170 9.876499e+03
197 9.861523e+03
205 9.178090e+03
210 7.323408e+03
223 5.737142e+03
248 4.354638e+03
283 3.374045e+03
303 2.021722e+03
357 1.796809e+03
404 1.316227e+03
408 1.105536e+03
459 9.288602e+02
462 5.879866e+02
494 5.606817e+02
529 4.828083e+02
532 3.285614e+02
539 3.031473e+02
549 2.021293e+02
596 1.485919e+02
604 1.268535e+02
683 1.129464e+02
694 8.913551e+01
743 8.375392e+01
747 8.120191e+01
748 3.411167e+01
800 1.974036e+01
843 1.285297e+01
898 9.960947e+00
976 7.142126e+00
989 5.641780e+00
1006 3.627579e+00
1027 3.444996e+00
1057 2.757251e+00
1062 2.363153e+00
1074 1.770085e+00
1095 1.570586e+00
1154 6.156963e-01
1161 4.428073e-01
1281 3.866303e-01
1298 3.411054e-01
1304 2.020400e-01
1317 1.206964e-01
1353 8.565133e-02
1374 5.866807e-02
1436 5.736638e-02
1483 3.382975e-02
1560 3.022965e-02
1566 2.058874e-02
1625 1.787755e-02
1630 1.625250e-02
1671 1.477836e-02
1675 9.445335e-03
1716 5.599365e-03
1767 2.842379e-03
1802 2.021309e-03
1819 1.869633e-03
1843 1.546711e-03
1846 1.403936e-03
1879 9.022235e-04
1919 7.764304e-04
1966 6.193914e-04
1988 5.617179e-04
1999 4.668857e-04
2026 4.660687e-04
2043 3.910838e-04
2048 3.740765e-04
2083 2.568557e-04
2100 1.554410e-04
2112 1.381629e-04
2140 7.074413e-05
2238 3.753609e-05
2263 2.964091e-05
2300 1.498805e-05
2331 1.378095e-05
2409 1.319657e-05
2460 1.297589e-05
2472 1.149596e-05
2475 1.093611e-05
2479 5.336201e-06
2534 5.104836e-06
2587 4.709902e-06
2609 3.745881e-06
2629 2.363493e-06
2668 2.237443e-06
2675 1.699821e-06
2716 1.498670e-06
2731 8.096004e-07
2772 7.156749e-07
2804 5.932620e-07
2818 4.958671e-07
2823 3.154808e-07
2833 2.206418e-07
2864 4.360789e-08
3029 3.858835e-08
3030 1.781333e-08
3064 1.711091e-08
3151 1.616876e-08
3191 1.174863e-08
3192 3.392866e-09
