1 8.616688e+03
2 6.116791e+03
4 5.332367e+03
333 5.260018e+03
355 4.857870e+03
435 4.844906e+03
464 4.506833e+03
494 4.042651e+03
545 3.587613e+03
555 3.546645e+03
590 3.396517e+03
653 3.103261e+03
692 3.032466e+03
726 2.803828e+03
782 2.429166e+03
861 2.422272e+03
887 2.176894e+03
895 2.157551e+03
931 2.006545e+03
936 1.999288e+03
1000 1.850311e+03
1012 1.830022e+03
1036 1.780218e+03
1047 1.752963e+03
1064 1.700032e+03
1077 1.681076e+03
1081 1.643413e+03
1146 1.588767e+03
1175 1.567113e+03
1185 1.441858e+03
1243 1.216365e+03
1283 1.215655e+03
1319 1.178717e+03
1324 1.169890e+03
1328 1.104382e+03
1332 1.082821e+03
1345 1.011335e+03
1374 1.001610e+03
1446 9.949635e+02
1491 9.810471e+02
1537 9.083606e+02
1603 8.491722e+02
1696 8.413663e+02
1704 8.314163e+02
1716 7.907892e+02
1757 7.853009e+02
1770 6.779835e+02
2081 6.585509e+02
2101 6.470650e+02
2109 6.418441e+02
2193 6.411214e+02
2199 6.365534e+02
2237 6.340887e+02
2257 6.182072e+02
2310 5.817514e+02
2345 5.741301e+02
2429 5.362817e+02
2754 5.248075e+02
2774 5.223396e+02
3038 5.065289e+02
3668 4.787457e+02
3919 4.786176e+02
4481 4.744976e+02
4587 4.677197e+02
4623 4.387029e+02
6628 4.291477e+02
7724 4.262029e+02
10650 4.236638e+02
11002 4.088250e+02
12082 3.980886e+02
12324 3.918622e+02
17232 3.501508e+02
19051 3.286759e+02
19302 3.130268e+02
19521 2.819990e+02
20034 2.703008e+02
20122 2.615755e+02
20184 2.578378e+02
20275 2.291300e+02
20560 2.289776e+02
20752 2.272964e+02
20756 2.172064e+02
20770 2.042643e+02
21065 1.831127e+02
21236 1.826299e+02
21258 1.782115e+02
21282 1.697628e+02
21321 1.368817e+02
21736 1.351541e+02
21742 1.273077e+02
21777 1.248484e+02
21832 1.210360e+02
21850 1.158044e+02
21854 1.146266e+02
21882 1.139535e+02
21960 1.134772e+02
21979 1.104507e+02
21997 1.093747e+02
22040 1.055646e+02
22054 1.048696e+02
22081 1.048179e+02
22108 9.973584e+01
22278 9.787367e+01
22321 9.683676e+01
22369 9.559214e+01
22507 9.387432e+01
22518 9.373987e+01
22556 9.307668e+01
22590 9.302816e+01
22638 9.284772e+01
22694 9.187667e+01
22697 8.841379e+01
23013 8.835170e+01
23014 8.773521e+01
23047 8.767688e+01
23089 8.759375e+01
23112 8.690548e+01
23136 8.597892e+01
23218 8.588483e+01
23286 8.554712e+01
23361 8.477940e+01
23426 8.476870e+01
23456 8.450699e+01
23488 8.444342e+01
23569 8.443572e+01
23607 8.432138e+01
23663 8.371849e+01
23753 8.240160e+01
24040 8.236770e+01
24068 8.198458e+01
24091 8.133128e+01
24240 8.123451e+01
24335 8.092894e+01
24395 8.086384e+01
24462 8.066301e+01
24567 8.060660e+01
24584 8.042133e+01
24725 8.033498e+01
24839 8.031598e+01
24883 8.024685e+01
24918 7.995039e+01
24981 7.988455e+01
25112 7.976773e+01
25215 7.970607e+01
25233 7.970223e+01
25278 7.969890e+01
25281 7.964685e+01
25292 7.960510e+01
25368 7.957130e+01
25379 7.942369e+01
25417 7.928173e+01
25666 7.923808e+01
25677 7.910033e+01
25763 7.878569e+01
25898 7.875904e+01
26011 7.865790e+01
26016 7.864196e+01
26208 7.859768e+01
26256 7.844236e+01
26329 7.844064e+01
26356 7.841365e+01
26362 7.826202e+01
26646 7.807824e+01
26735 7.807796e+01
26802 7.804232e+01
26808 7.802886e+01
26843 7.802797e+01
26868 7.795925e+01
26892 7.791914e+01
26893 7.791631e+01
27019 7.790807e+01
27045 7.785986e+01
27061 7.785116e+01
27117 7.782111e+01
27219 7.779058e+01
27409 7.773830e+01
27539 7.771513e+01
27687 7.768874e+01
27708 7.763113e+01
27716 7.763102e+01
27765 7.762236e+01
27770 7.760054e+01
27815 7.758692e+01
27901 7.752300e+01
28351 7.750204e+01
28412 7.748765e+01
28447 7.748496e+01
28491 7.744898e+01
28562 7.743516e+01
28655 7.737573e+01
29025 7.737368e+01
29027 7.735506e+01
29056 7.735289e+01
29059 7.733519e+01
29120 7.733088e+01
29137 7.731838e+01
29229 7.730163e+01
29349 7.728141e+01
29473 7.727572e+01
29514 7.724971e+01
29728 7.723999e+01
29768 7.723892e+01
29936 7.723492e+01
29964 7.722361e+01
29973 7.721382e+01
30230 7.719459e+01
30708 7.718852e+01
30855 7.717960e+01
30945 7.717718e+01
31085 7.717275e+01
31144 7.716218e+01
31200 7.716215e+01
31211 7.716067e+01
31229 7.716028e+01
31314 7.715562e+01
31365 7.715397e+01
31432 7.715250e+01
31503 7.714727e+01
31645 7.714619e+01
31709 7.714436e+01
31859 7.714261e+01
31862 7.714117e+01
31903 7.714027e+01
31934 7.713981e+01
31936 7.713684e+01
32124 7.713678e+01
32155 7.713082e+01
32290 7.713022e+01
32372 7.712753e+01
32451 7.712637e+01
32554 7.712128e+01
32694 7.712007e+01
33062 7.711965e+01
33068 7.711865e+01
33158 7.711691e+01
33212 7.711645e+01
33388 7.711637e+01
33390 7.711530e+01
33400 7.711523e+01
33408 7.711513e+01
33455 7.711475e+01
33467 7.711441e+01
33486 7.711355e+01
33597 7.711306e+01
33650 7.711213e+01
33735 7.711196e+01
33758 7.711104e+01
33929 7.711083e+01
33964 7.711039e+01
34149 7.711037e+01
34205 7.711019e+01
34267 7.710986e+01
34451 7.710982e+01
34489 7.710958e+01
34528 7.710937e+01
34536 7.710927e+01
34579 7.710892e+01
34590 7.710886e+01
34758 7.710878e+01
34809 7.710852e+01
34821 7.710842e+01
34845 7.710819e+01
34953 7.710807e+01
35024 7.710804e+01
35032 7.710771e+01
35300 7.710767e+01
35343 7.710761e+01
35452 7.710751e+01
35499 7.710744e+01
35535 7.710737e+01
35591 7.710736e+01
35632 7.710721e+01
35686 7.710718e+01
35777 7.710697e+01
35930 7.710684e+01
35971 7.710681e+01
36115 7.710678e+01
36126 7.710671e+01
36261 7.710655e+01
36310 7.710648e+01
36521 7.710646e+01
36525 7.710646e+01
36529 7.710644e+01
36553 7.710643e+01
36596 7.710638e+01
36604 7.710630e+01
36772 7.710626e+01
36849 7.710623e+01
36916 7.710619e+01
37042 7.710615e+01
37116 7.710613e+01
37204 7.710611e+01
37238 7.710608e+01
37393 7.710606e+01
37619 7.710605e+01
37731 7.710604e+01
37742 7.710601e+01
37895 7.710601e+01
37898 7.710599e+01
37947 7.710598e+01
37965 7.710598e+01
37990 7.710595e+01
38114 7.710595e+01
38172 7.710593e+01
38213 7.710593e+01
38230 7.710592e+01
38263 7.710590e+01
38329 7.710589e+01
38336 7.710588e+01
38383 7.710586e+01
38503 7.710586e+01
38579 7.710585e+01
38698 7.710585e+01
38773 7.710584e+01
38789 7.710581e+01
38991 7.710580e+01
39134 7.710580e+01
39177 7.710580e+01
39223 7.710580e+01
39268 7.710579e+01
39489 7.710579e+01
39499 7.710578e+01
39597 7.710577e+01
39598 7.710577e+01
39685 7.710577e+01
39711 7.710577e+01
39719 7.710577e+01
39783 7.710577e+01
39799 7.710577e+01
39804 7.710576e+01
39813 7.710576e+01
39824 7.710576e+01
39828 7.710576e+01
39858 7.710576e+01
39954 7.710575e+01
40114 7.710575e+01
40120 7.710575e+01
40122 7.710575e+01
40210 7.710575e+01
40214 7.710575e+01
40217 7.710574e+01
40473 7.710573e+01
40539 7.710573e+01
40622 7.710573e+01
40702 7.710573e+01
40739 7.710573e+01
40764 7.710573e+01
40793 7.710573e+01
41022 7.710573e+01
41023 7.710573e+01
41123 7.710572e+01
41410 7.710572e+01
41445 7.710572e+01
41490 7.710572e+01
41626 7.710572e+01
41638 7.710572e+01
41646 7.710572e+01
41684 7.710572e+01
41690 7.710572e+01
41699 7.710572e+01
41837 7.710572e+01
41883 7.710572e+01
41915 7.710572e+01
41979 7.710572e+01
42041 7.710572e+01
42047 7.710572e+01
42048 7.710572e+01
42091 7.710572e+01
42158 7.710572e+01
42175 7.710572e+01
42225 7.710572e+01
42226 7.710572e+01
42237 7.710572e+01
42280 7.710572e+01
42335 7.710572e+01
42430 7.710571e+01
42480 7.710571e+01
42494 7.710571e+01
42622 7.710571e+01
42628 7.710571e+01
42637 7.710571e+01
42679 7.710571e+01
42725 7.710571e+01
42735 7.710571e+01
42823 7.710571e+01
42856 7.710571e+01
42883 7.710571e+01
42960 7.710571e+01
43014 7.710571e+01
43163 7.710571e+01
43208 7.710571e+01
43232 7.710571e+01
43262 7.710571e+01
43313 7.710571e+01
43379 7.710571e+01
43411 7.710571e+01
43413 7.710571e+01
43431 7.710571e+01
43691 7.710571e+01
43701 7.710571e+01
43727 7.710571e+01
43771 7.710571e+01
43806 7.710571e+01
43994 7.710571e+01
44048 7.710571e+01
44181 7.710571e+01
44182 7.710571e+01
44218 7.710571e+01
44339 7.710571e+01
44347 7.710571e+01
44427 7.710571e+01
44596 7.710571e+01
44738 7.710571e+01
44777 7.710571e+01
44852 7.710571e+01
44902 7.710571e+01
44906 7.710571e+01
44950 7.710571e+01
45000 7.710571e+01
45013 7.710571e+01
45122 7.710571e+01
45142 7.710571e+01
45195 7.710571e+01
45355 7.710571e+01
45713 7.710571e+01
45868 7.710571e+01
45919 7.710571e+01
45959 7.710571e+01
46019 7.710571e+01
46164 7.710571e+01
46208 7.710571e+01
46244 7.710571e+01
46267 7.710571e+01
46268 7.710571e+01
46459 7.710571e+01
46491 7.710571e+01
46516 7.710571e+01
46601 7.710571e+01
46634 7.710571e+01
46676 7.710571e+01
46677 7.710571e+01
46679 7.710571e+01
46695 7.710571e+01
46719 7.710571e+01
46730 7.710571e+01
46759 7.710571e+01
46852 7.710571e+01
46960 7.710571e+01
47269 7.710571e+01
47355 7.710571e+01
47414 7.710571e+01
47469 7.710571e+01
47550 7.710571e+01
47576 7.710571e+01
47641 7.710571e+01
47666 7.710571e+01
47797 7.710571e+01
47848 7.710571e+01
47879 7.710571e+01
47934 7.710571e+01
47936 7.710571e+01
47996 7.710571e+01
48032 7.710571e+01
48085 7.710571e+01
48115 7.710571e+01
48132 7.710571e+01
48165 7.710571e+01
48192 7.710571e+01
48438 7.710571e+01
48443 7.710571e+01
48449 7.710571e+01
48625 7.710571e+01
48722 7.710571e+01
48751 7.710571e+01
48776 7.710571e+01
48829 7.710571e+01
48857 7.710571e+01
49033 7.710571e+01
49101 7.710571e+01
49111 7.710571e+01
49158 7.710571e+01
49170 7.710571e+01
49237 7.710571e+01
49274 7.710571e+01
49489 7.710571e+01
49526 7.710571e+01
49591 7.710571e+01
49635 7.710571e+01
49672 7.710571e+01
49704 7.710571e+01
49713 7.710571e+01
49750 7.710571e+01
49762 7.710571e+01
49765 7.710571e+01
49884 7.710571e+01
49915 7.710571e+01
49949 7.710571e+01
49974 7.710571e+01
50243 7.710571e+01
50498 7.710571e+01
50532 7.710571e+01
50544 7.710571e+01
50564 7.710571e+01
50588 7.710571e+01
269338 7.644238e+01
269379 7.601070e+01
269380 7.296481e+01
269457 7.007939e+01
269998 6.914055e+01
270071 6.882839e+01
270124 6.701480e+01
270632 6.675640e+01
270656 6.671832e+01
270676 6.622564e+01
270852 6.619322e+01
270956 6.561358e+01
270961 6.531976e+01
271010 6.530051e+01
271050 6.506059e+01
271099 6.504607e+01
271164 6.442796e+01
271181 6.410254e+01
271323 6.216876e+01
271498 6.149720e+01
271840 6.074923e+01
272309 6.062503e+01
272517 6.026325e+01
272760 6.016642e+01
272851 5.988176e+01
272885 5.987243e+01
273023 5.931815e+01
273216 5.907075e+01
273760 5.870902e+01
274411 5.832439e+01
275154 5.822856e+01
275326 5.812605e+01
275550 5.800403e+01
276083 5.798817e+01
276110 5.781979e+01
276617 5.781590e+01
276660 5.777197e+01
276788 5.775163e+01
276893 5.774260e+01
277478 5.771125e+01
277703 5.761207e+01
277928 5.759826e+01
278157 5.754264e+01
278370 5.753105e+01
278407 5.749908e+01
278622 5.740754e+01
279001 5.740388e+01
279060 5.735071e+01
279179 5.727846e+01
279998 5.727405e+01
280221 5.722006e+01
281559 5.716950e+01
281855 5.713437e+01
282377 5.712188e+01
282759 5.712181e+01
282802 5.712133e+01
282998 5.711354e+01
283067 5.711126e+01
283261 5.710894e+01
283361 5.708674e+01
283416 5.707115e+01
283521 5.704426e+01
283786 5.704403e+01
283876 5.703946e+01
283886 5.703078e+01
283936 5.703063e+01
284144 5.702889e+01
284335 5.702065e+01
284544 5.701003e+01
284647 5.700896e+01
284749 5.700155e+01
284794 5.699563e+01
284812 5.699557e+01
285066 5.698329e+01
285349 5.697285e+01
285402 5.696311e+01
285796 5.696251e+01
285941 5.696123e+01
286161 5.695953e+01
286192 5.695724e+01
286269 5.695688e+01
286353 5.695071e+01
286617 5.694548e+01
286642 5.694381e+01
286988 5.694229e+01
287193 5.694165e+01
287367 5.693956e+01
287519 5.693704e+01
287808 5.693504e+01
287854 5.693463e+01
287955 5.693250e+01
288082 5.693028e+01
288238 5.692674e+01
288550 5.692577e+01
288592 5.692336e+01
288751 5.691910e+01
289386 5.691894e+01
289451 5.691862e+01
289548 5.691666e+01
289750 5.691479e+01
290319 5.691400e+01
290539 5.691083e+01
291564 5.691005e+01
291749 5.690988e+01
291820 5.690968e+01
291894 5.690967e+01
292052 5.690913e+01
292053 5.690870e+01
292195 5.690858e+01
292366 5.690822e+01
292609 5.690788e+01
292856 5.690749e+01
293187 5.690741e+01
293433 5.690735e+01
293498 5.690702e+01
293658 5.690687e+01
293773 5.690683e+01
293789 5.690650e+01
293850 5.690635e+01
294156 5.690629e+01
294462 5.690614e+01
294484 5.690606e+01
294660 5.690597e+01
294781 5.690582e+01
295278 5.690561e+01
295417 5.690534e+01
295647 5.690525e+01
295796 5.690520e+01
295889 5.690512e+01
296012 5.690492e+01
296293 5.690489e+01
296359 5.690482e+01
296977 5.690478e+01
297041 5.690478e+01
297122 5.690473e+01
297168 5.690466e+01
297509 5.690461e+01
297662 5.690459e+01
298047 5.690454e+01
298187 5.690450e+01
298192 5.690449e+01
298597 5.690449e+01
298706 5.690449e+01
298707 5.690442e+01
299085 5.690441e+01
299438 5.690440e+01
299592 5.690439e+01
299605 5.690437e+01
299781 5.690436e+01
300285 5.690436e+01
300417 5.690436e+01
300557 5.690435e+01
300706 5.690435e+01
300782 5.690433e+01
300810 5.690433e+01
300811 5.690433e+01
301079 5.690432e+01
301264 5.690432e+01
301498 5.690431e+01
301510 5.690431e+01
301611 5.690431e+01
301907 5.690431e+01
301922 5.690431e+01
301946 5.690430e+01
302036 5.690430e+01
302171 5.690430e+01
302261 5.690430e+01
302312 5.690430e+01
302401 5.690430e+01
302402 5.690430e+01
302476 5.690430e+01
302681 5.690429e+01
302781 5.690429e+01
302946 5.690429e+01
303148 5.690429e+01
303151 5.690429e+01
303180 5.690428e+01
303247 5.690428e+01
303390 5.690428e+01
303533 5.690428e+01
303540 5.690428e+01
303613 5.690428e+01
303624 5.690428e+01
303640 5.690428e+01
303705 5.690428e+01
303936 5.690428e+01
303973 5.690428e+01
304034 5.690428e+01
304134 5.690428e+01
304300 5.690428e+01
304539 5.690428e+01
304543 5.690428e+01
304582 5.690428e+01
304668 5.690428e+01
304675 5.690428e+01
304740 5.690428e+01
304820 5.690428e+01
304935 5.690428e+01
304948 5.690428e+01
305326 5.690428e+01
306111 5.690428e+01
306132 5.690428e+01
306170 5.690428e+01
306191 5.690428e+01
306288 5.690428e+01
306538 5.690428e+01
306594 5.690427e+01
306802 5.690427e+01
306915 5.690427e+01
307020 5.690427e+01
307035 5.690427e+01
307079 5.690427e+01
307207 5.690427e+01
307478 5.690427e+01
307500 5.690427e+01
307677 5.690427e+01
307871 5.690427e+01
308008 5.690427e+01
308261 5.690427e+01
308532 5.690427e+01
308643 5.690427e+01
308649 5.690427e+01
308782 5.690427e+01
308834 5.690427e+01
309034 5.690427e+01
309107 5.690427e+01
309300 5.690427e+01
309478 5.690427e+01
309531 5.690427e+01
309608 5.690427e+01
309630 5.690427e+01
309722 5.690427e+01
309725 5.690427e+01
310157 5.690427e+01
310232 5.690427e+01
310386 5.690427e+01
310518 5.690427e+01
310528 5.690427e+01
310545 5.690427e+01
310560 5.690427e+01
310564 5.690427e+01
310655 5.690427e+01
310668 5.690427e+01
310795 5.690427e+01
310800 5.690427e+01
310807 5.690427e+01
310809 5.690427e+01
310893 5.690427e+01
310921 5.690427e+01
310959 5.690427e+01
311072 5.690427e+01
311078 5.690427e+01
311137 5.690427e+01
311257 5.690427e+01
311344 5.690427e+01
311364 5.690427e+01
311371 5.690427e+01
311511 5.690427e+01
311539 5.690427e+01
311551 5.690427e+01
311593 5.690427e+01
311654 5.690427e+01
311731 5.690427e+01
311739 5.690427e+01
311796 5.690427e+01
312015 5.690427e+01
312463 5.690427e+01
312648 5.690427e+01
313298 5.690427e+01
313352 5.690427e+01
313597 5.690427e+01
313641 5.690427e+01
313675 5.690427e+01
313831 5.690427e+01
313898 5.690427e+01
313900 5.690427e+01
313907 5.690427e+01
314341 5.690427e+01
314480 5.690427e+01
314676 5.690427e+01
314755 5.690427e+01
314936 5.690427e+01
315311 5.690427e+01
315350 5.690427e+01
315523 5.690427e+01
315711 5.690427e+01
316289 5.690427e+01
316595 5.690427e+01
316720 5.690427e+01
316782 5.690427e+01
316858 5.690427e+01
316878 5.690427e+01
316910 5.690427e+01
316923 5.690427e+01
316930 5.690427e+01
317129 5.690427e+01
317247 5.690427e+01
317523 5.690427e+01
317719 5.690427e+01
317849 5.690427e+01
317958 5.690427e+01
318119 5.690427e+01
318135 5.690427e+01
318272 5.690427e+01
318673 5.690427e+01
318707 5.690427e+01
318802 5.690427e+01
318941 5.690427e+01
319278 5.690427e+01
319365 5.690427e+01
319373 5.690427e+01
319414 5.690427e+01
