1 6.301759e+03
12 5.538212e+03
42 4.437039e+03
434 4.237656e+03
533 4.216835e+03
534 4.144077e+03
575 3.869326e+03
594 3.726065e+03
595 3.625038e+03
627 2.761275e+03
776 2.713640e+03
798 2.300874e+03
841 2.163003e+03
896 2.162849e+03
912 1.944805e+03
1001 1.927833e+03
1022 1.747952e+03
1031 1.704864e+03
1071 1.665873e+03
1074 1.664099e+03
1089 1.658202e+03
1090 1.533298e+03
1120 1.506135e+03
1126 1.488101e+03
1134 1.456958e+03
1179 1.428640e+03
1187 1.289201e+03
1196 1.245163e+03
1288 1.200867e+03
1345 1.097537e+03
1359 1.058111e+03
1469 1.038250e+03
1489 1.034152e+03
1535 9.970083e+02
1546 8.982884e+02
1660 8.279689e+02
1773 7.632493e+02
1795 7.368419e+02
1906 7.327383e+02
1923 6.429920e+02
2028 6.254973e+02
2182 6.195859e+02
2186 5.976620e+02
2226 5.698953e+02
2368 5.509023e+02
2375 5.480307e+02
2450 5.182065e+02
2722 5.032341e+02
2901 5.011498e+02
2991 4.569242e+02
3073 4.533146e+02
4469 4.272852e+02
9007 3.925930e+02
13048 3.810197e+02
15601 3.800695e+02
15712 3.728375e+02
15725 3.690993e+02
15890 3.544021e+02
16102 3.109173e+02
16552 3.077822e+02
16902 3.055107e+02
17066 2.788749e+02
17480 2.509656e+02
18092 2.379916e+02
18293 2.029498e+02
18552 1.943875e+02
18679 1.774430e+02
18791 1.735722e+02
18972 1.709540e+02
18991 1.687355e+02
19260 1.668774e+02
19298 1.592868e+02
19314 1.420434e+02
19441 1.357181e+02
19446 1.356437e+02
19468 1.331870e+02
19528 1.277185e+02
19533 1.230936e+02
19561 1.198688e+02
19600 1.182703e+02
19619 1.097756e+02
19695 1.079876e+02
19854 1.055970e+02
19956 1.037261e+02
20025 1.003077e+02
20231 9.860746e+01
20319 9.780194e+01
20359 9.736160e+01
20367 9.574442e+01
20482 9.311603e+01
20532 8.994634e+01
20822 8.877518e+01
20911 8.661314e+01
21108 8.659200e+01
21133 8.613323e+01
21239 8.483196e+01
21276 8.391349e+01
21420 8.368184e+01
21421 8.268765e+01
21493 8.260421e+01
21556 8.169116e+01
21905 8.122630e+01
22021 8.072981e+01
22146 8.068354e+01
22347 8.015739e+01
22350 8.013552e+01
22445 7.986707e+01
22455 7.982915e+01
22461 7.843129e+01
22800 7.831684e+01
22836 7.829949e+01
22863 7.829628e+01
22880 7.818627e+01
22978 7.798003e+01
22983 7.778439e+01
23002 7.777358e+01
23048 7.731339e+01
23387 7.698014e+01
23564 7.688576e+01
23590 7.683132e+01
23612 7.671059e+01
23706 7.657307e+01
23825 7.650780e+01
23927 7.638942e+01
24033 7.638084e+01
24054 7.637393e+01
24085 7.634154e+01
24124 7.632043e+01
24149 7.630340e+01
24159 7.620057e+01
24185 7.619258e+01
24294 7.617898e+01
24295 7.613866e+01
24331 7.606416e+01
24368 7.605544e+01
24421 7.600723e+01
24565 7.596194e+01
24586 7.595410e+01
24742 7.590882e+01
24850 7.584181e+01
25034 7.581075e+01
25058 7.574210e+01
25241 7.574006e+01
25248 7.573410e+01
25273 7.569960e+01
25349 7.566435e+01
25392 7.564811e+01
25408 7.557846e+01
26086 7.556278e+01
26089 7.556070e+01
26139 7.552087e+01
26158 7.551894e+01
26176 7.551089e+01
26321 7.550875e+01
26365 7.550568e+01
26376 7.550381e+01
26401 7.550066e+01
26425 7.549931e+01
26465 7.548295e+01
26543 7.544861e+01
26574 7.544175e+01
26649 7.542621e+01
26679 7.538772e+01
27034 7.538456e+01
27035 7.537620e+01
27123 7.536524e+01
27300 7.535664e+01
27363 7.534948e+01
27418 7.533962e+01
27474 7.533822e+01
27492 7.533177e+01
27582 7.533165e+01
27643 7.532636e+01
27679 7.532270e+01
27732 7.532036e+01
27768 7.531624e+01
27799 7.531494e+01
27837 7.530971e+01
27918 7.530698e+01
27981 7.530543e+01
28027 7.530199e+01
28092 7.530093e+01
28142 7.530017e+01
28186 7.529898e+01
28244 7.529709e+01
28270 7.529352e+01
28280 7.529293e+01
28311 7.529117e+01
28327 7.528974e+01
28411 7.528949e+01
28435 7.528552e+01
28485 7.528516e+01
28650 7.528392e+01
28686 7.528388e+01
28715 7.528261e+01
28864 7.528246e+01
28865 7.528001e+01
28935 7.527867e+01
28996 7.527784e+01
29200 7.527483e+01
29366 7.527469e+01
29368 7.527468e+01
29527 7.527359e+01
29530 7.527308e+01
29558 7.527307e+01
29706 7.527280e+01
29710 7.527123e+01
29788 7.527031e+01
29860 7.526958e+01
29929 7.526917e+01
30057 7.526914e+01
30069 7.526836e+01
30194 7.526740e+01
30345 7.526710e+01
30354 7.526709e+01
30357 7.526650e+01
30406 7.526638e+01
30435 7.526553e+01
30437 7.526546e+01
30527 7.526492e+01
30578 7.526479e+01
30646 7.526383e+01
30975 7.526379e+01
30976 7.526335e+01
31027 7.526334e+01
31134 7.526325e+01
31154 7.526295e+01
31177 7.526292e+01
31327 7.526275e+01
31459 7.526259e+01
31572 7.526258e+01
31632 7.526242e+01
31638 7.526217e+01
31706 7.526185e+01
31881 7.526183e+01
32068 7.526141e+01
32227 7.526137e+01
32339 7.526111e+01
32501 7.526105e+01
32503 7.526103e+01
32545 7.526101e+01
32575 7.526092e+01
32730 7.526091e+01
32731 7.526091e+01
32759 7.526091e+01
32794 7.526089e+01
32815 7.526085e+01
32819 7.526078e+01
32854 7.526076e+01
32872 7.526062e+01
32912 7.526052e+01
32977 7.526042e+01
33154 7.526040e+01
33253 7.526039e+01
33347 7.526039e+01
33349 7.526038e+01
33350 7.526036e+01
33414 7.526030e+01
33485 7.526029e+01
33513 7.526029e+01
33520 7.526026e+01
33570 7.526025e+01
33598 7.526025e+01
33616 7.526023e+01
33652 7.526022e+01
33654 7.526021e+01
33717 7.526020e+01
33719 7.526019e+01
33739 7.526017e+01
33851 7.526010e+01
34103 7.526009e+01
34135 7.526009e+01
34185 7.526007e+01
34264 7.526003e+01
34434 7.526003e+01
34463 7.526000e+01
34685 7.526000e+01
34761 7.526000e+01
34836 7.525997e+01
35109 7.525997e+01
35189 7.525997e+01
35292 7.525997e+01
35304 7.525996e+01
35388 7.525996e+01
35424 7.525996e+01
35426 7.525995e+01
35436 7.525995e+01
35487 7.525995e+01
35705 7.525995e+01
36098 7.525994e+01
36099 7.525994e+01
36100 7.525994e+01
36101 7.525994e+01
36135 7.525994e+01
36172 7.525994e+01
36243 7.525994e+01
36308 7.525994e+01
36399 7.525993e+01
36432 7.525993e+01
36552 7.525993e+01
36649 7.525993e+01
36726 7.525993e+01
36736 7.525993e+01
36752 7.525993e+01
36805 7.525993e+01
36832 7.525992e+01
36944 7.525992e+01
37037 7.525992e+01
37221 7.525992e+01
37330 7.525992e+01
37365 7.525992e+01
37369 7.525992e+01
37476 7.525992e+01
37516 7.525992e+01
37548 7.525992e+01
37578 7.525992e+01
37704 7.525992e+01
37749 7.525992e+01
37752 7.525992e+01
37807 7.525992e+01
37883 7.525992e+01
38125 7.525992e+01
38154 7.525992e+01
38232 7.525992e+01
38274 7.525992e+01
38282 7.525992e+01
38346 7.525992e+01
38460 7.525992e+01
38519 7.525992e+01
38547 7.525992e+01
38548 7.525992e+01
38561 7.525992e+01
38576 7.525992e+01
38617 7.525992e+01
38629 7.525992e+01
38660 7.525992e+01
38676 7.525992e+01
38773 7.525992e+01
38775 7.525992e+01
38807 7.525992e+01
38834 7.525992e+01
38842 7.525992e+01
38886 7.525992e+01
38896 7.525992e+01
38931 7.525992e+01
39085 7.525992e+01
39135 7.525992e+01
39246 7.525992e+01
39344 7.525992e+01
39387 7.525992e+01
39417 7.525992e+01
39472 7.525992e+01
39533 7.525992e+01
39581 7.525992e+01
39587 7.525992e+01
39818 7.525992e+01
39829 7.525992e+01
40143 7.525992e+01
40147 7.525992e+01
40317 7.525992e+01
40488 7.525992e+01
40492 7.525992e+01
40500 7.525992e+01
40555 7.525992e+01
40627 7.525992e+01
40734 7.525992e+01
40736 7.525992e+01
40769 7.525992e+01
40785 7.525992e+01
40790 7.525992e+01
40867 7.525992e+01
40994 7.525992e+01
41044 7.525992e+01
41049 7.525992e+01
41305 7.525992e+01
41324 7.525992e+01
41326 7.525992e+01
41339 7.525992e+01
41365 7.525992e+01
41428 7.525992e+01
41460 7.525992e+01
41496 7.525992e+01
41498 7.525992e+01
41519 7.525992e+01
41609 7.525992e+01
41680 7.525992e+01
41759 7.525992e+01
41839 7.525992e+01
41880 7.525992e+01
41912 7.525992e+01
42040 7.525992e+01
42279 7.525992e+01
42308 7.525992e+01
42315 7.525992e+01
42333 7.525992e+01
42444 7.525992e+01
42468 7.525992e+01
42473 7.525992e+01
42516 7.525992e+01
42692 7.525992e+01
42706 7.525992e+01
42744 7.525992e+01
42760 7.525992e+01
42775 7.525992e+01
42787 7.525992e+01
42838 7.525992e+01
43016 7.525992e+01
43021 7.525992e+01
43066 7.525992e+01
43173 7.525992e+01
43238 7.525992e+01
43240 7.525992e+01
43244 7.525992e+01
43255 7.525992e+01
43287 7.525992e+01
43289 7.525992e+01
43314 7.525992e+01
43363 7.525992e+01
43527 7.525992e+01
43537 7.525992e+01
43544 7.525992e+01
43567 7.525992e+01
43570 7.525992e+01
43662 7.525992e+01
43717 7.525992e+01
43727 7.525992e+01
43769 7.525992e+01
44051 7.525992e+01
44081 7.525992e+01
44150 7.525992e+01
44209 7.525992e+01
44251 7.525992e+01
44257 7.525992e+01
44364 7.525992e+01
44482 7.525992e+01
44541 7.525992e+01
44612 7.525992e+01
44686 7.525992e+01
44699 7.525992e+01
44755 7.525992e+01
44772 7.525992e+01
44812 7.525992e+01
44814 7.525992e+01
44815 7.525992e+01
44937 7.525992e+01
45184 7.525992e+01
45191 7.525992e+01
45236 7.525992e+01
45246 7.525992e+01
45359 7.525992e+01
45361 7.525992e+01
45393 7.525992e+01
45417 7.525992e+01
45514 7.525992e+01
45584 7.525992e+01
45740 7.525992e+01
45742 7.525992e+01
45819 7.525992e+01
45837 7.525992e+01
45863 7.525992e+01
45900 7.525992e+01
45910 7.525992e+01
45994 7.525992e+01
46147 7.525992e+01
46159 7.525992e+01
46191 7.525992e+01
46294 7.525992e+01
46370 7.525992e+01
278325 7.332519e+01
280533 7.241445e+01
280587 7.183691e+01
280874 7.048039e+01
281184 6.956847e+01
281314 6.921595e+01
281335 6.674727e+01
281865 6.612343e+01
281966 6.538276e+01
282222 6.532043e+01
282321 6.521947e+01
282397 6.445928e+01
282579 6.433180e+01
282682 6.386111e+01
283499 6.373854e+01
283647 6.339505e+01
283807 6.290096e+01
283895 6.285532e+01
283986 6.265135e+01
284277 6.257311e+01
285072 6.252664e+01
285827 6.250520e+01
286179 6.245157e+01
286478 6.241382e+01
286687 6.227786e+01
286779 6.213766e+01
287027 6.213129e+01
287037 6.196676e+01
287544 6.180772e+01
287770 6.175076e+01
288092 6.167930e+01
288144 6.160721e+01
288760 6.157146e+01
289138 6.154175e+01
289212 6.153831e+01
289301 6.153604e+01
289418 6.153315e+01
289599 6.152184e+01
289837 6.151724e+01
289862 6.151381e+01
289938 6.150714e+01
289952 6.150574e+01
289966 6.149963e+01
289974 6.149573e+01
290004 6.147747e+01
290177 6.144978e+01
290400 6.144784e+01
290501 6.143788e+01
290534 6.142261e+01
290617 6.142170e+01
290666 6.141102e+01
290745 6.140383e+01
290829 6.135213e+01
292540 6.134889e+01
292812 6.134650e+01
292875 6.134460e+01
292898 6.132752e+01
293306 6.132222e+01
293350 6.131720e+01
293454 6.130299e+01
294293 6.130055e+01
294749 6.130019e+01
295184 6.128402e+01
296538 6.128193e+01
296566 6.127815e+01
296994 6.127488e+01
297300 6.127008e+01
297992 6.126583e+01
298339 6.126288e+01
298498 6.126150e+01
298567 6.125945e+01
298736 6.125667e+01
299266 6.125653e+01
299594 6.125389e+01
299706 6.125385e+01
300047 6.125225e+01
300055 6.125061e+01
300182 6.125056e+01
300189 6.124868e+01
300484 6.124700e+01
301073 6.124675e+01
301165 6.124616e+01
301198 6.124521e+01
301271 6.124518e+01
302183 6.124499e+01
302194 6.124476e+01
302349 6.124473e+01
302373 6.124395e+01
302505 6.124392e+01
302897 6.124355e+01
303122 6.124320e+01
303270 6.124251e+01
303408 6.124251e+01
303778 6.124248e+01
303885 6.124193e+01
304066 6.124166e+01
304104 6.124145e+01
304377 6.124135e+01
304448 6.124122e+01
304558 6.124105e+01
304619 6.124067e+01
304717 6.124053e+01
304756 6.124050e+01
305294 6.124040e+01
305556 6.124038e+01
305580 6.124038e+01
305870 6.124017e+01
305913 6.124012e+01
305947 6.124002e+01
305992 6.123997e+01
306026 6.123920e+01
307096 6.123917e+01
307203 6.123917e+01
307443 6.123917e+01
307571 6.123916e+01
307754 6.123914e+01
307844 6.123911e+01
307944 6.123907e+01
308072 6.123895e+01
308260 6.123888e+01
308389 6.123877e+01
309237 6.123877e+01
309281 6.123876e+01
309310 6.123874e+01
309470 6.123872e+01
309488 6.123867e+01
309526 6.123866e+01
309666 6.123866e+01
309897 6.123865e+01
309940 6.123862e+01
310142 6.123861e+01
310234 6.123855e+01
310560 6.123853e+01
310685 6.123850e+01
311123 6.123849e+01
311164 6.123849e+01
311186 6.123849e+01
311586 6.123848e+01
311643 6.123844e+01
312588 6.123841e+01
312816 6.123840e+01
313128 6.123838e+01
313218 6.123838e+01
313238 6.123837e+01
313371 6.123837e+01
313390 6.123837e+01
313479 6.123836e+01
313628 6.123835e+01
313654 6.123835e+01
313790 6.123835e+01
313930 6.123834e+01
314551 6.123834e+01
314573 6.123834e+01
314674 6.123833e+01
315023 6.123833e+01
315253 6.123833e+01
315304 6.123833e+01
315320 6.123833e+01
315385 6.123833e+01
315393 6.123833e+01
315433 6.123833e+01
315551 6.123833e+01
315617 6.123833e+01
315662 6.123832e+01
315663 6.123832e+01
315745 6.123832e+01
315788 6.123832e+01
315794 6.123832e+01
315826 6.123832e+01
315827 6.123832e+01
316055 6.123832e+01
316097 6.123832e+01
316198 6.123832e+01
316222 6.123832e+01
316283 6.123832e+01
316586 6.123832e+01
316638 6.123832e+01
316641 6.123832e+01
316806 6.123832e+01
316907 6.123831e+01
317141 6.123831e+01
317280 6.123831e+01
317688 6.123831e+01
318078 6.123831e+01
318213 6.123831e+01
318419 6.123831e+01
318768 6.123831e+01
318798 6.123831e+01
318831 6.123831e+01
319247 6.123831e+01
319371 6.123831e+01
319470 6.123831e+01
319566 6.123831e+01
319595 6.123831e+01
319652 6.123831e+01
319973 6.123831e+01
320154 6.123831e+01
320305 6.123831e+01
320327 6.123831e+01
320399 6.123831e+01
320650 6.123831e+01
320654 6.123831e+01
320658 6.123831e+01
320837 6.123831e+01
320873 6.123831e+01
321065 6.123831e+01
321132 6.123831e+01
321249 6.123831e+01
321386 6.123831e+01
321607 6.123831e+01
321661 6.123831e+01
321681 6.123831e+01
321746 6.123831e+01
322048 6.123831e+01
322091 6.123831e+01
322531 6.123831e+01
322965 6.123831e+01
323048 6.123831e+01
323098 6.123831e+01
323178 6.123831e+01
323193 6.123831e+01
323507 6.123831e+01
323860 6.123831e+01
324091 6.123831e+01
324158 6.123831e+01
324277 6.123831e+01
324355 6.123831e+01
324462 6.123831e+01
324515 6.123831e+01
324529 6.123831e+01
324537 6.123831e+01
324560 6.123831e+01
324729 6.123831e+01
324863 6.123831e+01
324927 6.123831e+01
324947 6.123831e+01
324978 6.123831e+01
325065 6.123831e+01
325294 6.123831e+01
325557 6.123831e+01
325629 6.123831e+01
325894 6.123831e+01
326401 6.123831e+01
326404 6.123831e+01
326467 6.123831e+01
326662 6.123831e+01
326675 6.123831e+01
326714 6.123831e+01
326816 6.123831e+01
326938 6.123831e+01
327136 6.123831e+01
327328 6.123831e+01
327348 6.123831e+01
327499 6.123831e+01
327528 6.123831e+01
327584 6.123831e+01
327901 6.123831e+01
328009 6.123831e+01
328413 6.123831e+01
328657 6.123831e+01
328698 6.123831e+01
328732 6.123831e+01
328857 6.123831e+01
328916 6.123831e+01
328925 6.123831e+01
328927 6.123831e+01
328938 6.123831e+01
329089 6.123831e+01
329169 6.123831e+01
329311 6.123831e+01
329404 6.123831e+01
329441 6.123831e+01
329664 6.123831e+01
329819 6.123831e+01
329887 6.123831e+01
330151 6.123831e+01
330377 6.123831e+01
330508 6.123831e+01
330607 6.123831e+01
330673 6.123831e+01
330770 6.123831e+01
331145 6.123831e+01
331351 6.123831e+01
331433 6.123831e+01
331499 6.123831e+01
331640 6.123831e+01
331716 6.123831e+01
331830 6.123831e+01
332097 6.123831e+01
332104 6.123831e+01
332174 6.123831e+01
332285 6.123831e+01
332527 6.123831e+01
332562 6.123831e+01
332771 6.123831e+01
332773 6.123831e+01
332899 6.123831e+01
333067 6.123831e+01
333098 6.123831e+01
333166 6.123831e+01
333174 6.123831e+01
428621 6.045424e+01
429048 6.038609e+01
429408 5.979831e+01
429432 5.912391e+01
430283 5.882416e+01
430333 5.881723e+01
430502 5.879551e+01
431031 5.873039e+01
431350 5.829477e+01
431681 5.827621e+01
432523 5.826876e+01
432759 5.823236e+01
432847 5.809388e+01
432885 5.785020e+01
433178 5.783438e+01
433551 5.775462e+01
433598 5.763008e+01
434087 5.754268e+01
434091 5.749814e+01
434280 5.748050e+01
434326 5.739798e+01
434371 5.736858e+01
434868 5.727717e+01
434886 5.717748e+01
435459 5.711952e+01
435514 5.708319e+01
436677 5.703151e+01
437416 5.702964e+01
437517 5.701210e+01
437650 5.697743e+01
437783 5.693813e+01
437826 5.692648e+01
437885 5.689670e+01
438158 5.685222e+01
438479 5.685105e+01
438698 5.684342e+01
438807 5.684295e+01
438837 5.681108e+01
439233 5.680582e+01
439315 5.674344e+01
439662 5.673741e+01
439738 5.672757e+01
440039 5.671409e+01
440156 5.671032e+01
440169 5.666982e+01
440545 5.666286e+01
440570 5.661525e+01
440949 5.660525e+01
441019 5.660074e+01
441450 5.659679e+01
441688 5.658756e+01
441874 5.658275e+01
442538 5.658161e+01
442711 5.654697e+01
443353 5.653860e+01
443719 5.653444e+01
443951 5.653005e+01
444030 5.652332e+01
444441 5.652002e+01
444723 5.651956e+01
444748 5.651367e+01
444766 5.650107e+01
444989 5.649720e+01
445244 5.649498e+01
445301 5.649306e+01
445307 5.649073e+01
445474 5.648637e+01
445503 5.648254e+01
446071 5.648218e+01
446092 5.648087e+01
446135 5.647998e+01
446427 5.647832e+01
446554 5.647704e+01
446555 5.647462e+01
447512 5.647422e+01
447708 5.647323e+01
447856 5.647287e+01
448077 5.646693e+01
448577 5.646693e+01
449321 5.646549e+01
449431 5.646369e+01
450231 5.646351e+01
450259 5.646337e+01
450260 5.646300e+01
450290 5.646287e+01
450369 5.646285e+01
450378 5.646284e+01
450702 5.646241e+01
450770 5.646232e+01
450867 5.646208e+01
450885 5.646202e+01
450887 5.646196e+01
451044 5.646160e+01
451269 5.646151e+01
451409 5.646150e+01
451446 5.646082e+01
451460 5.646052e+01
451536 5.646027e+01
451836 5.646002e+01
452019 5.645972e+01
452050 5.645933e+01
452308 5.645915e+01
452415 5.645889e+01
452773 5.645875e+01
453112 5.645852e+01
453162 5.645837e+01
453794 5.645814e+01
454162 5.645808e+01
454341 5.645807e+01
454406 5.645796e+01
454503 5.645785e+01
454640 5.645771e+01
455024 5.645765e+01
455037 5.645762e+01
455043 5.645740e+01
455664 5.645733e+01
455729 5.645732e+01
456089 5.645732e+01
456312 5.645717e+01
456434 5.645716e+01
456498 5.645712e+01
456520 5.645707e+01
456816 5.645698e+01
457845 5.645692e+01
457846 5.645692e+01
457849 5.645690e+01
457854 5.645689e+01
457874 5.645688e+01
458149 5.645685e+01
458240 5.645685e+01
459071 5.645683e+01
459088 5.645681e+01
459094 5.645679e+01
459291 5.645677e+01
459467 5.645677e+01
459490 5.645675e+01
459640 5.645673e+01
459700 5.645670e+01
460470 5.645668e+01
460711 5.645667e+01
461247 5.645667e+01
461375 5.645666e+01
461554 5.645666e+01
461847 5.645666e+01
461971 5.645665e+01
462105 5.645664e+01
462335 5.645663e+01
462594 5.645661e+01
462931 5.645660e+01
463240 5.645660e+01
463280 5.645658e+01
463424 5.645658e+01
464202 5.645657e+01
464453 5.645657e+01
464606 5.645657e+01
465050 5.645657e+01
465131 5.645656e+01
466304 5.645656e+01
466442 5.645656e+01
466465 5.645656e+01
466680 5.645655e+01
466701 5.645655e+01
466762 5.645655e+01
466857 5.645655e+01
466937 5.645655e+01
466963 5.645655e+01
467338 5.645655e+01
467998 5.645654e+01
468206 5.645654e+01
468269 5.645654e+01
468299 5.645654e+01
468478 5.645654e+01
468630 5.645654e+01
469047 5.645654e+01
469178 5.645654e+01
469229 5.645654e+01
469267 5.645654e+01
469367 5.645654e+01
469508 5.645654e+01
469541 5.645654e+01
469845 5.645654e+01
469950 5.645654e+01
470095 5.645654e+01
470435 5.645654e+01
471385 5.645654e+01
471386 5.645654e+01
471833 5.645654e+01
471872 5.645654e+01
472003 5.645654e+01
472048 5.645654e+01
472129 5.645654e+01
472155 5.645654e+01
472190 5.645654e+01
472469 5.645654e+01
472651 5.645654e+01
472781 5.645654e+01
472867 5.645654e+01
472953 5.645654e+01
473020 5.645654e+01
473081 5.645654e+01
473311 5.645654e+01
473448 5.645654e+01
473629 5.645654e+01
473866 5.645654e+01
473882 5.645654e+01
473884 5.645654e+01
474222 5.645654e+01
474571 5.645654e+01
474791 5.645654e+01
474805 5.645654e+01
475117 5.645654e+01
475144 5.645654e+01
475227 5.645654e+01
475277 5.645654e+01
475420 5.645654e+01
475473 5.645654e+01
475830 5.645654e+01
475962 5.645654e+01
476260 5.645654e+01
476568 5.645654e+01
476695 5.645654e+01
476722 5.645654e+01
476862 5.645654e+01
476888 5.645654e+01
477016 5.645654e+01
477462 5.645654e+01
477677 5.645654e+01
477850 5.645654e+01
477958 5.645654e+01
478047 5.645654e+01
478367 5.645654e+01
478529 5.645654e+01
478679 5.645654e+01
479214 5.645654e+01
479230 5.645654e+01
479398 5.645654e+01
479849 5.645654e+01
479879 5.645654e+01
480033 5.645654e+01
480237 5.645654e+01
480344 5.645654e+01
480629 5.645654e+01
480808 5.645654e+01
480877 5.645654e+01
481041 5.645654e+01
481258 5.645654e+01
481442 5.645654e+01
481628 5.645654e+01
481661 5.645654e+01
481767 5.645654e+01
482094 5.645654e+01
482304 5.645654e+01
483628 5.645654e+01
484039 5.645654e+01
484334 5.645654e+01
484386 5.645654e+01
484805 5.645654e+01
484834 5.645654e+01
484959 5.645654e+01
484986 5.645654e+01
485020 5.645654e+01
485061 5.645654e+01
485357 5.645654e+01
485449 5.645654e+01
485635 5.645654e+01
485942 5.645654e+01
486045 5.645654e+01
486056 5.645654e+01
487208 5.645654e+01
487393 5.645654e+01
487457 5.645654e+01
487511 5.645654e+01
487556 5.645654e+01
487575 5.645654e+01
487679 5.645654e+01
488119 5.645654e+01
488246 5.645654e+01
488413 5.645654e+01
488618 5.645654e+01
488684 5.645654e+01
489100 5.645654e+01
489185 5.645654e+01
489441 5.645654e+01
489445 5.645654e+01
489710 5.645654e+01
489719 5.645654e+01
489721 5.645654e+01
490132 5.645654e+01
490344 5.645654e+01
