1 8.202817e+03
2 5.968467e+03
18 5.526341e+03
462 5.091063e+03
505 4.824311e+03
506 4.569799e+03
513 4.453023e+03
552 4.051681e+03
592 3.831450e+03
603 3.494213e+03
632 3.322402e+03
644 2.952960e+03
684 2.672847e+03
725 2.648327e+03
746 2.644988e+03
753 2.235340e+03
843 1.709838e+03
942 1.378110e+03
1045 1.188510e+03
1181 1.171602e+03
1222 1.049749e+03
1347 9.535777e+02
1395 8.806162e+02
1457 8.407458e+02
1478 7.936357e+02
1493 7.685552e+02
1553 7.567161e+02
1570 7.290864e+02
1595 6.979382e+02
1647 6.396095e+02
2004 6.306223e+02
2058 6.238416e+02
2080 6.231386e+02
2094 5.962723e+02
2101 5.691610e+02
2128 5.525160e+02
2220 5.482673e+02
2713 4.991220e+02
2963 4.890700e+02
3058 4.715049e+02
4310 4.486202e+02
6565 4.222307e+02
10696 4.183634e+02
13151 4.172241e+02
15514 4.057427e+02
15659 4.014459e+02
16049 3.961133e+02
16752 3.679383e+02
18919 3.634056e+02
19026 3.625234e+02
19206 3.416909e+02
19572 3.416485e+02
19586 3.358489e+02
19675 3.336332e+02
19706 3.328155e+02
19830 3.317916e+02
19881 3.094919e+02
20063 2.926458e+02
20188 2.509764e+02
20785 2.497217e+02
20955 2.418869e+02
20957 2.277646e+02
21342 2.258172e+02
21539 2.218278e+02
21621 2.174777e+02
21629 2.147995e+02
21645 2.137791e+02
21695 2.031682e+02
21720 1.934240e+02
21750 1.864027e+02
21777 1.733102e+02
21888 1.703922e+02
21958 1.583183e+02
22242 1.530916e+02
22305 1.423048e+02
22467 1.400077e+02
22497 1.323467e+02
22678 1.248999e+02
22783 1.241527e+02
22824 1.230935e+02
22912 1.143976e+02
22942 1.094166e+02
22954 1.066244e+02
22988 1.006081e+02
23521 1.003604e+02
23595 9.964961e+01
23654 9.615195e+01
23665 9.509942e+01
23760 9.332660e+01
24097 9.055503e+01
24417 8.881446e+01
24541 8.784365e+01
24663 8.755573e+01
24794 8.627051e+01
24844 8.613727e+01
25019 8.599959e+01
25141 8.569760e+01
25186 8.496239e+01
25232 8.487887e+01
25293 8.486141e+01
25354 8.476897e+01
25380 8.476281e+01
25525 8.433697e+01
25542 8.413665e+01
25639 8.401270e+01
25690 8.399966e+01
25762 8.399747e+01
25843 8.393939e+01
25934 8.322347e+01
26353 8.297518e+01
26373 8.293568e+01
26399 8.293420e+01
26443 8.283943e+01
26593 8.270632e+01
26818 8.255950e+01
26883 8.243658e+01
26905 8.241322e+01
27125 8.238127e+01
27230 8.237684e+01
27271 8.236391e+01
27284 8.235401e+01
27291 8.226501e+01
27324 8.217557e+01
27417 8.216594e+01
27488 8.215435e+01
27663 8.214542e+01
27709 8.212556e+01
27769 8.211790e+01
27816 8.205935e+01
27836 8.198867e+01
28206 8.191992e+01
28237 8.189503e+01
28305 8.188222e+01
28484 8.181017e+01
28639 8.178877e+01
28720 8.177563e+01
28742 8.177221e+01
28752 8.176418e+01
28771 8.175810e+01
28927 8.175246e+01
28981 8.174280e+01
29042 8.173880e+01
29096 8.172444e+01
29099 8.172238e+01
29124 8.171247e+01
29138 8.169845e+01
29161 8.167605e+01
29266 8.166184e+01
29323 8.163959e+01
29536 8.161503e+01
29670 8.159311e+01
29805 8.157872e+01
29809 8.155503e+01
29863 8.155149e+01
29906 8.154201e+01
29995 8.152999e+01
30119 8.152349e+01
30162 8.150528e+01
30261 8.149543e+01
30283 8.149022e+01
30385 8.148735e+01
30582 8.148522e+01
30626 8.148029e+01
30646 8.146909e+01
30807 8.145702e+01
31008 8.145473e+01
31060 8.144064e+01
31309 8.144047e+01
31354 8.143375e+01
31377 8.143232e+01
31409 8.142941e+01
31690 8.142932e+01
31807 8.142500e+01
31820 8.142148e+01
31868 8.142026e+01
31978 8.141266e+01
32126 8.141058e+01
32167 8.140904e+01
32218 8.140886e+01
32281 8.140830e+01
32352 8.140820e+01
32369 8.140398e+01
32399 8.140317e+01
32600 8.140121e+01
32642 8.140111e+01
32656 8.140016e+01
32662 8.139880e+01
32690 8.139739e+01
32775 8.139701e+01
32790 8.139360e+01
32847 8.139287e+01
32873 8.139147e+01
32875 8.139085e+01
33028 8.138834e+01
33337 8.138811e+01
33368 8.138789e+01
33378 8.138738e+01
33467 8.138672e+01
33471 8.138660e+01
33497 8.138602e+01
33507 8.138534e+01
33515 8.138527e+01
33535 8.138486e+01
33565 8.138450e+01
33576 8.138448e+01
33593 8.138424e+01
33610 8.138324e+01
33634 8.138116e+01
33813 8.138073e+01
33935 8.138028e+01
33938 8.138018e+01
33989 8.137966e+01
34101 8.137930e+01
34109 8.137903e+01
34170 8.137873e+01
34212 8.137871e+01
34343 8.137838e+01
34361 8.137800e+01
34432 8.137789e+01
34496 8.137767e+01
34552 8.137751e+01
34672 8.137738e+01
34714 8.137721e+01
34823 8.137684e+01
34911 8.137647e+01
34993 8.137634e+01
35019 8.137634e+01
35153 8.137623e+01
35189 8.137580e+01
35400 8.137574e+01
35521 8.137569e+01
35535 8.137568e+01
35563 8.137564e+01
35606 8.137564e+01
35632 8.137559e+01
35643 8.137559e+01
35688 8.137545e+01
35730 8.137544e+01
35855 8.137543e+01
35870 8.137537e+01
35943 8.137537e+01
35953 8.137535e+01
35964 8.137531e+01
36008 8.137527e+01
36040 8.137523e+01
36114 8.137522e+01
36214 8.137521e+01
36226 8.137520e+01
36256 8.137519e+01
36276 8.137518e+01
36354 8.137506e+01
36582 8.137506e+01
36598 8.137505e+01
36628 8.137502e+01
36669 8.137498e+01
36779 8.137497e+01
36802 8.137497e+01
36973 8.137497e+01
37007 8.137490e+01
37161 8.137489e+01
37324 8.137486e+01
37365 8.137485e+01
37442 8.137485e+01
37542 8.137484e+01
37577 8.137484e+01
37769 8.137482e+01
37785 8.137481e+01
37896 8.137480e+01
37949 8.137480e+01
37973 8.137476e+01
38134 8.137475e+01
38175 8.137475e+01
38199 8.137475e+01
38297 8.137474e+01
38306 8.137473e+01
38310 8.137473e+01
38363 8.137472e+01
38685 8.137472e+01
38715 8.137471e+01
38721 8.137470e+01
38908 8.137470e+01
38957 8.137470e+01
38968 8.137469e+01
38994 8.137469e+01
39092 8.137468e+01
39348 8.137468e+01
39374 8.137468e+01
39515 8.137468e+01
39593 8.137467e+01
39649 8.137467e+01
39653 8.137467e+01
39688 8.137467e+01
39829 8.137467e+01
39841 8.137467e+01
39929 8.137467e+01
39965 8.137466e+01
39995 8.137466e+01
40017 8.137466e+01
40082 8.137466e+01
40098 8.137466e+01
40129 8.137466e+01
40201 8.137466e+01
40329 8.137466e+01
40398 8.137466e+01
40573 8.137466e+01
40650 8.137466e+01
40654 8.137466e+01
40806 8.137465e+01
40951 8.137465e+01
41118 8.137465e+01
41197 8.137465e+01
41277 8.137465e+01
41322 8.137465e+01
41373 8.137465e+01
41424 8.137465e+01
41457 8.137465e+01
41647 8.137465e+01
41668 8.137465e+01
41696 8.137465e+01
41697 8.137465e+01
41860 8.137465e+01
41880 8.137465e+01
41954 8.137465e+01
42122 8.137465e+01
42233 8.137465e+01
42311 8.137465e+01
42329 8.137465e+01
42331 8.137465e+01
42332 8.137465e+01
42388 8.137465e+01
42663 8.137465e+01
42868 8.137465e+01
42881 8.137465e+01
42940 8.137465e+01
42958 8.137465e+01
43106 8.137465e+01
43168 8.137465e+01
43189 8.137465e+01
43231 8.137465e+01
43246 8.137465e+01
43314 8.137465e+01
43349 8.137465e+01
43367 8.137465e+01
43608 8.137465e+01
43613 8.137465e+01
43767 8.137465e+01
43807 8.137465e+01
43888 8.137465e+01
43918 8.137465e+01
43976 8.137465e+01
43980 8.137465e+01
44109 8.137465e+01
44186 8.137465e+01
44224 8.137465e+01
44351 8.137465e+01
44355 8.137465e+01
44458 8.137465e+01
44501 8.137465e+01
44548 8.137465e+01
44601 8.137465e+01
44676 8.137465e+01
44691 8.137465e+01
44753 8.137465e+01
44849 8.137465e+01
44877 8.137465e+01
44962 8.137465e+01
45009 8.137465e+01
45114 8.137465e+01
45168 8.137465e+01
45180 8.137465e+01
45188 8.137465e+01
45203 8.137465e+01
45360 8.137465e+01
45392 8.137465e+01
45450 8.137465e+01
45492 8.137465e+01
45510 8.137465e+01
45583 8.137465e+01
45607 8.137465e+01
45622 8.137465e+01
45659 8.137465e+01
45672 8.137465e+01
45677 8.137465e+01
45772 8.137465e+01
45844 8.137465e+01
45888 8.137465e+01
45891 8.137465e+01
45894 8.137465e+01
45955 8.137465e+01
45975 8.137465e+01
46099 8.137465e+01
46178 8.137465e+01
46188 8.137465e+01
46192 8.137465e+01
46229 8.137465e+01
46233 8.137465e+01
46321 8.137465e+01
46327 8.137465e+01
46338 8.137465e+01
46359 8.137465e+01
46360 8.137465e+01
46394 8.137465e+01
46498 8.137465e+01
46595 8.137465e+01
46628 8.137465e+01
46649 8.137465e+01
46676 8.137465e+01
46972 8.137465e+01
47018 8.137465e+01
47163 8.137465e+01
47216 8.137465e+01
47277 8.137465e+01
47330 8.137465e+01
47409 8.137465e+01
47414 8.137465e+01
47579 8.137465e+01
47617 8.137465e+01
47679 8.137465e+01
47701 8.137465e+01
47739 8.137465e+01
47749 8.137465e+01
47907 8.137465e+01
48038 8.137465e+01
48065 8.137465e+01
48068 8.137465e+01
48108 8.137465e+01
48214 8.137465e+01
48360 8.137465e+01
48420 8.137465e+01
48452 8.137465e+01
48539 8.137465e+01
48559 8.137465e+01
48667 8.137465e+01
48696 8.137465e+01
48775 8.137465e+01
48865 8.137465e+01
48902 8.137465e+01
48929 8.137465e+01
48952 8.137465e+01
48960 8.137465e+01
49085 8.137465e+01
49129 8.137465e+01
49133 8.137465e+01
49215 8.137465e+01
49232 8.137465e+01
49254 8.137465e+01
49316 8.137465e+01
49371 8.137465e+01
49381 8.137465e+01
49432 8.137465e+01
49500 8.137465e+01
49510 8.137465e+01
279049 8.038124e+01
279098 8.032115e+01
279111 8.023925e+01
279164 7.903039e+01
279233 7.819478e+01
279309 7.769783e+01
279311 7.543823e+01
279489 7.528037e+01
279755 7.493953e+01
279942 7.252817e+01
280000 7.202532e+01
280159 6.978417e+01
280622 6.846287e+01
280796 6.807505e+01
280797 6.781655e+01
280955 6.747339e+01
280957 6.686470e+01
281026 6.682615e+01
281074 6.520609e+01
281352 6.502748e+01
281386 6.486354e+01
281550 6.439612e+01
281635 6.410587e+01
282449 6.391104e+01
282709 6.364446e+01
283008 6.344026e+01
283163 6.314536e+01
283234 6.302934e+01
283734 6.283066e+01
283886 6.280580e+01
283991 6.275428e+01
284008 6.244235e+01
284470 6.238259e+01
284655 6.212455e+01
284809 6.212107e+01
284839 6.201722e+01
285076 6.181614e+01
286082 6.181216e+01
286102 6.168880e+01
286240 6.141843e+01
286547 6.127948e+01
286676 6.082333e+01
287062 6.068139e+01
287338 6.067496e+01
287480 6.063738e+01
287513 6.051742e+01
287590 6.027833e+01
289371 6.025956e+01
289451 6.024524e+01
289509 6.017526e+01
289604 6.016545e+01
289724 6.015802e+01
289749 6.010652e+01
289873 5.997675e+01
290196 5.996631e+01
290302 5.993828e+01
290687 5.988425e+01
291062 5.985288e+01
291658 5.984140e+01
291762 5.983788e+01
291868 5.974547e+01
293813 5.974032e+01
293857 5.972687e+01
293979 5.966435e+01
294316 5.964512e+01
294625 5.962704e+01
294729 5.959676e+01
294841 5.956172e+01
294891 5.953194e+01
295017 5.951066e+01
295621 5.950550e+01
295981 5.950295e+01
296103 5.948248e+01
296138 5.944972e+01
296255 5.939074e+01
296420 5.937229e+01
296861 5.937144e+01
296910 5.936739e+01
296954 5.935937e+01
296982 5.934040e+01
297202 5.933250e+01
297239 5.932478e+01
297657 5.932050e+01
297752 5.930727e+01
297974 5.929972e+01
298740 5.929857e+01
299016 5.928553e+01
299832 5.927299e+01
300136 5.926870e+01
300669 5.926280e+01
300876 5.926273e+01
300935 5.926227e+01
301168 5.926186e+01
301170 5.926117e+01
301375 5.926072e+01
301408 5.925825e+01
301428 5.925756e+01
301465 5.925684e+01
301478 5.925587e+01
301505 5.925482e+01
301567 5.925271e+01
301813 5.925200e+01
301910 5.924771e+01
302775 5.924698e+01
302992 5.924538e+01
303054 5.924475e+01
303184 5.924383e+01
303296 5.924249e+01
303297 5.924155e+01
303541 5.924131e+01
303568 5.923918e+01
303713 5.923905e+01
303775 5.923791e+01
303814 5.923782e+01
304029 5.923688e+01
304252 5.923551e+01
304499 5.923502e+01
304689 5.923407e+01
304764 5.923391e+01
304892 5.923389e+01
304913 5.923350e+01
304917 5.923332e+01
304964 5.923302e+01
305152 5.923151e+01
305506 5.923089e+01
306441 5.923048e+01
306627 5.923024e+01
306653 5.922996e+01
306707 5.922995e+01
306839 5.922958e+01
307007 5.922952e+01
307161 5.922943e+01
307225 5.922899e+01
307602 5.922893e+01
307765 5.922880e+01
307835 5.922861e+01
307999 5.922857e+01
308088 5.922853e+01
308120 5.922846e+01
308134 5.922805e+01
308225 5.922787e+01
308836 5.922786e+01
308907 5.922777e+01
308940 5.922774e+01
308968 5.922763e+01
309033 5.922754e+01
309240 5.922754e+01
309282 5.922752e+01
309289 5.922746e+01
309487 5.922744e+01
309653 5.922742e+01
309819 5.922740e+01
309823 5.922736e+01
310116 5.922734e+01
310126 5.922730e+01
310342 5.922729e+01
310418 5.922728e+01
310621 5.922723e+01
310721 5.922722e+01
310924 5.922720e+01
311032 5.922719e+01
311243 5.922718e+01
311258 5.922714e+01
311608 5.922711e+01
311942 5.922707e+01
311989 5.922706e+01
312100 5.922705e+01
312280 5.922705e+01
312398 5.922703e+01
312465 5.922702e+01
312594 5.922702e+01
312852 5.922702e+01
313021 5.922701e+01
313041 5.922701e+01
313136 5.922700e+01
313233 5.922700e+01
313318 5.922700e+01
313432 5.922699e+01
313740 5.922699e+01
313771 5.922698e+01
313862 5.922698e+01
314296 5.922698e+01
314524 5.922698e+01
314532 5.922698e+01
314590 5.922698e+01
314659 5.922698e+01
314714 5.922697e+01
314722 5.922697e+01
314729 5.922697e+01
314759 5.922697e+01
314853 5.922697e+01
314865 5.922697e+01
314910 5.922697e+01
315137 5.922697e+01
315275 5.922697e+01
315389 5.922696e+01
316090 5.922696e+01
316497 5.922696e+01
316609 5.922696e+01
316699 5.922696e+01
316735 5.922696e+01
316868 5.922696e+01
316960 5.922696e+01
317164 5.922696e+01
317188 5.922696e+01
317241 5.922696e+01
317359 5.922696e+01
317395 5.922696e+01
317545 5.922696e+01
317576 5.922696e+01
317680 5.922696e+01
317735 5.922695e+01
317758 5.922695e+01
318238 5.922695e+01
318329 5.922695e+01
318553 5.922695e+01
318633 5.922695e+01
318765 5.922695e+01
318942 5.922695e+01
318999 5.922695e+01
319125 5.922695e+01
319232 5.922695e+01
319245 5.922695e+01
319256 5.922695e+01
319345 5.922695e+01
319429 5.922695e+01
319433 5.922695e+01
319514 5.922695e+01
319520 5.922695e+01
319523 5.922695e+01
319538 5.922695e+01
319629 5.922695e+01
319689 5.922695e+01
319865 5.922695e+01
319926 5.922695e+01
320108 5.922695e+01
320192 5.922695e+01
320288 5.922695e+01
320434 5.922695e+01
320483 5.922695e+01
320556 5.922695e+01
320630 5.922695e+01
320636 5.922695e+01
320707 5.922695e+01
320717 5.922695e+01
320726 5.922695e+01
320753 5.922695e+01
320772 5.922695e+01
320912 5.922695e+01
320917 5.922695e+01
321156 5.922695e+01
321213 5.922695e+01
321245 5.922695e+01
321285 5.922695e+01
321497 5.922695e+01
321798 5.922695e+01
321810 5.922695e+01
321816 5.922695e+01
321860 5.922695e+01
321911 5.922695e+01
322321 5.922695e+01
322365 5.922695e+01
322438 5.922695e+01
322496 5.922695e+01
322501 5.922695e+01
322539 5.922695e+01
322689 5.922695e+01
322852 5.922695e+01
323110 5.922695e+01
323181 5.922695e+01
323394 5.922695e+01
323637 5.922695e+01
323663 5.922695e+01
323913 5.922695e+01
323919 5.922695e+01
324036 5.922695e+01
324042 5.922695e+01
324299 5.922695e+01
324306 5.922695e+01
324388 5.922695e+01
324675 5.922695e+01
324684 5.922695e+01
325017 5.922695e+01
325299 5.922695e+01
325379 5.922695e+01
325542 5.922695e+01
325656 5.922695e+01
325778 5.922695e+01
325809 5.922695e+01
325897 5.922695e+01
326058 5.922695e+01
326432 5.922695e+01
326567 5.922695e+01
326693 5.922695e+01
326716 5.922695e+01
326846 5.922695e+01
326874 5.922695e+01
326918 5.922695e+01
327024 5.922695e+01
327032 5.922695e+01
327258 5.922695e+01
327270 5.922695e+01
327324 5.922695e+01
327364 5.922695e+01
327766 5.922695e+01
327923 5.922695e+01
328125 5.922695e+01
328159 5.922695e+01
328209 5.922695e+01
328233 5.922695e+01
328566 5.922695e+01
328710 5.922695e+01
328738 5.922695e+01
328766 5.922695e+01
328821 5.922695e+01
329027 5.922695e+01
329103 5.922695e+01
329373 5.922695e+01
329490 5.922695e+01
329502 5.922695e+01
329503 5.922695e+01
329508 5.922695e+01
329751 5.922695e+01
329919 5.922695e+01
330273 5.922695e+01
330418 5.922695e+01
330545 5.922695e+01
330831 5.922695e+01
330866 5.922695e+01
330956 5.922695e+01
331288 5.922695e+01
331398 5.922695e+01
331482 5.922695e+01
331592 5.922695e+01
331616 5.922695e+01
331822 5.922695e+01
331929 5.922695e+01
332039 5.922695e+01
332199 5.922695e+01
332210 5.922695e+01
459310 5.861548e+01
459330 5.857455e+01
459690 5.825439e+01
460056 5.786896e+01
461216 5.780952e+01
461322 5.774962e+01
461466 5.756232e+01
461871 5.746096e+01
462055 5.732805e+01
462938 5.722496e+01
463429 5.713983e+01
463530 5.692163e+01
464120 5.686184e+01
464693 5.681341e+01
464731 5.678191e+01
464843 5.677882e+01
465009 5.667420e+01
465042 5.666523e+01
465075 5.663753e+01
465108 5.655860e+01
465575 5.650151e+01
466084 5.648375e+01
466241 5.639333e+01
466370 5.633243e+01
468030 5.632957e+01
468037 5.625265e+01
468685 5.624710e+01
468999 5.623595e+01
469235 5.618226e+01
469510 5.618096e+01
469913 5.612456e+01
470313 5.611847e+01
470643 5.610120e+01
470715 5.609894e+01
470783 5.609415e+01
470874 5.606552e+01
471055 5.604799e+01
471683 5.604389e+01
471915 5.604224e+01
472252 5.604096e+01
472700 5.603914e+01
472921 5.602164e+01
472969 5.599867e+01
473807 5.598628e+01
474368 5.598524e+01
474431 5.597135e+01
474466 5.597119e+01
474646 5.596206e+01
474826 5.596148e+01
474951 5.596110e+01
475034 5.595846e+01
475206 5.595678e+01
475295 5.595427e+01
475377 5.595406e+01
475953 5.595003e+01
476425 5.594760e+01
476462 5.594733e+01
476508 5.594641e+01
476596 5.594155e+01
477009 5.593909e+01
477024 5.593767e+01
477026 5.593314e+01
477280 5.593133e+01
477695 5.593069e+01
477860 5.592906e+01
478014 5.592840e+01
478766 5.592712e+01
479055 5.592574e+01
479231 5.592370e+01
479554 5.592180e+01
479750 5.592003e+01
479838 5.591965e+01
479900 5.591918e+01
480024 5.591893e+01
480028 5.591857e+01
480054 5.591741e+01
480270 5.591658e+01
480380 5.591657e+01
480813 5.591501e+01
481527 5.591437e+01
481634 5.591297e+01
482516 5.591268e+01
482740 5.591256e+01
482758 5.591214e+01
482877 5.591129e+01
483041 5.591059e+01
483514 5.591035e+01
483520 5.590997e+01
483935 5.590952e+01
484318 5.590898e+01
484840 5.590863e+01
486061 5.590823e+01
486871 5.590822e+01
486904 5.590820e+01
486985 5.590782e+01
487250 5.590779e+01
487257 5.590777e+01
487344 5.590771e+01
487442 5.590755e+01
487816 5.590754e+01
487858 5.590753e+01
487890 5.590741e+01
488183 5.590730e+01
488627 5.590729e+01
488861 5.590726e+01
489049 5.590725e+01
489078 5.590724e+01
489152 5.590724e+01
489219 5.590715e+01
489307 5.590712e+01
489856 5.590711e+01
489953 5.590709e+01
490108 5.590709e+01
490279 5.590708e+01
490459 5.590701e+01
490463 5.590700e+01
490644 5.590693e+01
490889 5.590688e+01
491296 5.590688e+01
491391 5.590686e+01
491592 5.590682e+01
491712 5.590682e+01
491820 5.590680e+01
491873 5.590679e+01
492050 5.590676e+01
492119 5.590674e+01
492458 5.590672e+01
493451 5.590671e+01
493812 5.590671e+01
494220 5.590669e+01
494427 5.590668e+01
494799 5.590668e+01
494971 5.590666e+01
495181 5.590666e+01
495354 5.590664e+01
495424 5.590664e+01
495831 5.590663e+01
496149 5.590663e+01
496496 5.590663e+01
496523 5.590662e+01
496644 5.590661e+01
496726 5.590660e+01
497132 5.590660e+01
497144 5.590659e+01
497273 5.590659e+01
497301 5.590659e+01
497461 5.590659e+01
497470 5.590659e+01
497504 5.590658e+01
497611 5.590658e+01
497613 5.590658e+01
497635 5.590658e+01
497899 5.590658e+01
497968 5.590658e+01
498026 5.590658e+01
498053 5.590658e+01
498056 5.590657e+01
498237 5.590657e+01
498558 5.590657e+01
498579 5.590656e+01
498769 5.590656e+01
498863 5.590656e+01
498971 5.590656e+01
499214 5.590656e+01
499236 5.590656e+01
499291 5.590656e+01
499674 5.590656e+01
499880 5.590656e+01
