1 6.467371e+03
6 5.458196e+03
16 5.269081e+03
399 5.125778e+03
453 4.850309e+03
491 4.032571e+03
561 3.931351e+03
616 3.810229e+03
633 3.730488e+03
640 3.456145e+03
647 3.244159e+03
651 2.694325e+03
739 2.166193e+03
836 1.928642e+03
882 1.784559e+03
947 1.725316e+03
970 1.503397e+03
1053 1.495055e+03
1059 1.243630e+03
1092 1.206020e+03
1159 1.162271e+03
1201 1.124580e+03
1294 1.064953e+03
1348 1.032358e+03
1392 1.018341e+03
1402 8.668248e+02
1523 8.577554e+02
1590 8.394012e+02
1636 8.219409e+02
1675 8.164967e+02
1685 7.944757e+02
1688 7.702109e+02
1702 7.565713e+02
1756 7.496690e+02
1799 7.481873e+02
1819 7.246623e+02
1880 7.147596e+02
1916 6.706797e+02
1979 6.541120e+02
2013 6.527130e+02
2035 6.485723e+02
2111 6.161929e+02
2150 5.977265e+02
2173 5.295514e+02
2780 4.723164e+02
3360 4.683796e+02
3936 4.616431e+02
4280 4.614350e+02
4420 4.449766e+02
5186 4.444359e+02
5826 3.858687e+02
14646 3.370058e+02
15902 3.285191e+02
15947 3.199044e+02
15958 2.747428e+02
16449 2.601176e+02
16633 2.396593e+02
16994 2.317654e+02
17161 2.286335e+02
17235 1.996829e+02
17240 1.841155e+02
17437 1.829959e+02
17448 1.723338e+02
17535 1.615178e+02
17646 1.582056e+02
17792 1.548141e+02
17815 1.476898e+02
18065 1.391499e+02
18114 1.387970e+02
18141 1.324557e+02
18201 1.291155e+02
18359 1.273758e+02
18448 1.256619e+02
18533 1.176857e+02
18568 1.170696e+02
18595 1.143372e+02
18818 1.133080e+02
18822 1.125686e+02
18830 1.096957e+02
18876 1.079754e+02
18884 1.079241e+02
18955 1.075784e+02
18995 1.067930e+02
19091 1.051178e+02
19116 1.035361e+02
19366 1.030085e+02
19455 1.018702e+02
19458 1.018475e+02
19533 1.007236e+02
19569 1.001769e+02
19622 1.000305e+02
19632 9.999639e+01
19665 9.946969e+01
19738 9.921048e+01
19797 9.890184e+01
19799 9.838079e+01
19906 9.722511e+01
19943 9.706147e+01
20048 9.674918e+01
20177 9.651715e+01
20258 9.628854e+01
20295 9.573629e+01
20590 9.559740e+01
20644 9.538262e+01
20689 9.534621e+01
20712 9.533351e+01
20861 9.515939e+01
20889 9.437480e+01
20966 9.429549e+01
21030 9.388799e+01
21277 9.369635e+01
21355 9.367512e+01
21374 9.335028e+01
21376 9.314825e+01
21427 9.287416e+01
21551 9.274103e+01
21565 9.269595e+01
21568 9.262454e+01
21592 9.258752e+01
21742 9.219146e+01
21745 9.153531e+01
22110 9.136245e+01
22562 9.119973e+01
22581 9.097062e+01
22675 9.092900e+01
22679 9.082349e+01
22796 9.079500e+01
22803 9.078156e+01
22865 9.066485e+01
22866 9.038630e+01
22869 9.031711e+01
22923 9.029135e+01
22985 9.027508e+01
23032 9.026345e+01
23087 9.023457e+01
23153 9.014860e+01
23190 9.008286e+01
23195 8.993947e+01
23341 8.979346e+01
23504 8.978990e+01
23525 8.977168e+01
23584 8.975073e+01
23623 8.973931e+01
23669 8.972338e+01
23687 8.963353e+01
23814 8.960631e+01
23847 8.960555e+01
23887 8.956844e+01
23900 8.955697e+01
23961 8.946294e+01
24079 8.941053e+01
24324 8.933547e+01
24490 8.927994e+01
24758 8.922691e+01
24767 8.922614e+01
24802 8.918638e+01
25102 8.918323e+01
25104 8.916392e+01
25119 8.915283e+01
25188 8.908640e+01
25274 8.906486e+01
25518 8.906426e+01
25533 8.906021e+01
25632 8.905405e+01
25677 8.903490e+01
25760 8.903251e+01
25803 8.901702e+01
25809 8.901688e+01
25829 8.901620e+01
25840 8.901399e+01
25844 8.900746e+01
26026 8.898810e+01
26076 8.898798e+01
26087 8.897817e+01
26253 8.897132e+01
26399 8.896508e+01
26406 8.895247e+01
26572 8.894962e+01
26684 8.894805e+01
26700 8.894327e+01
26715 8.894326e+01
26807 8.892923e+01
26983 8.892851e+01
26992 8.892213e+01
27129 8.891606e+01
27315 8.891326e+01
27536 8.891237e+01
27590 8.891042e+01
27607 8.890872e+01
27723 8.890829e+01
27834 8.890397e+01
28030 8.890390e+01
28035 8.890224e+01
28115 8.890163e+01
28129 8.889766e+01
28167 8.889660e+01
28197 8.889522e+01
28274 8.889465e+01
28345 8.889420e+01
28395 8.889176e+01
28487 8.889056e+01
28542 8.889009e+01
28682 8.888934e+01
28695 8.888891e+01
28765 8.888773e+01
28956 8.888677e+01
29273 8.888675e+01
29413 8.888662e+01
29418 8.888430e+01
29453 8.888418e+01
29575 8.888350e+01
29685 8.888312e+01
29686 8.888200e+01
29857 8.888153e+01
30052 8.888147e+01
30064 8.888081e+01
30133 8.888047e+01
30192 8.887946e+01
30600 8.887944e+01
30605 8.887935e+01
30639 8.887920e+01
30647 8.887916e+01
30682 8.887890e+01
30725 8.887871e+01
30802 8.887867e+01
30808 8.887848e+01
30847 8.887811e+01
31093 8.887809e+01
31117 8.887808e+01
31128 8.887778e+01
31133 8.887776e+01
31194 8.887749e+01
31425 8.887737e+01
31467 8.887737e+01
31470 8.887728e+01
31505 8.887724e+01
31506 8.887724e+01
31510 8.887718e+01
31542 8.887717e+01
31569 8.887708e+01
31571 8.887694e+01
31582 8.887689e+01
31670 8.887688e+01
31757 8.887682e+01
31842 8.887676e+01
32005 8.887672e+01
32095 8.887666e+01
32126 8.887665e+01
32221 8.887661e+01
32233 8.887655e+01
32403 8.887655e+01
32499 8.887646e+01
32538 8.887645e+01
32689 8.887641e+01
32738 8.887637e+01
32923 8.887634e+01
32958 8.887634e+01
32978 8.887633e+01
33031 8.887631e+01
33100 8.887631e+01
33103 8.887630e+01
33104 8.887629e+01
33134 8.887628e+01
33171 8.887628e+01
33214 8.887628e+01
33320 8.887626e+01
33456 8.887626e+01
33509 8.887624e+01
33604 8.887623e+01
33686 8.887623e+01
33778 8.887622e+01
33821 8.887622e+01
33847 8.887622e+01
33883 8.887621e+01
33888 8.887621e+01
33897 8.887620e+01
33919 8.887620e+01
33923 8.887620e+01
34017 8.887620e+01
34041 8.887619e+01
34065 8.887619e+01
34075 8.887619e+01
34098 8.887619e+01
34149 8.887618e+01
34235 8.887618e+01
34250 8.887618e+01
34345 8.887618e+01
34380 8.887617e+01
34399 8.887617e+01
34444 8.887617e+01
34614 8.887617e+01
34663 8.887616e+01
34812 8.887616e+01
34888 8.887616e+01
34899 8.887616e+01
34968 8.887616e+01
35058 8.887616e+01
35125 8.887616e+01
35251 8.887616e+01
35257 8.887616e+01
35352 8.887616e+01
35373 8.887615e+01
35614 8.887615e+01
35809 8.887615e+01
35853 8.887615e+01
35919 8.887615e+01
35928 8.887615e+01
35974 8.887615e+01
36000 8.887615e+01
36031 8.887615e+01
36144 8.887615e+01
36159 8.887615e+01
36189 8.887615e+01
36231 8.887615e+01
36414 8.887615e+01
36423 8.887615e+01
36474 8.887615e+01
36549 8.887615e+01
36748 8.887615e+01
36778 8.887615e+01
36860 8.887615e+01
36976 8.887615e+01
37038 8.887615e+01
37048 8.887615e+01
37145 8.887615e+01
37193 8.887615e+01
37233 8.887615e+01
37313 8.887615e+01
37382 8.887615e+01
37404 8.887615e+01
37429 8.887615e+01
37507 8.887614e+01
37586 8.887614e+01
37627 8.887614e+01
37644 8.887614e+01
37791 8.887614e+01
37839 8.887614e+01
37905 8.887614e+01
37936 8.887614e+01
37953 8.887614e+01
38077 8.887614e+01
38081 8.887614e+01
38118 8.887614e+01
38187 8.887614e+01
38242 8.887614e+01
38375 8.887614e+01
38484 8.887614e+01
38525 8.887614e+01
38551 8.887614e+01
38633 8.887614e+01
38638 8.887614e+01
38650 8.887614e+01
38657 8.887614e+01
38694 8.887614e+01
38709 8.887614e+01
38782 8.887614e+01
38835 8.887614e+01
38844 8.887614e+01
38992 8.887614e+01
39065 8.887614e+01
39069 8.887614e+01
39114 8.887614e+01
39165 8.887614e+01
39298 8.887614e+01
39325 8.887614e+01
39351 8.887614e+01
39405 8.887614e+01
39589 8.887614e+01
39755 8.887614e+01
39785 8.887614e+01
39841 8.887614e+01
39960 8.887614e+01
40038 8.887614e+01
40070 8.887614e+01
40223 8.887614e+01
40395 8.887614e+01
40591 8.887614e+01
40624 8.887614e+01
40694 8.887614e+01
40702 8.887614e+01
40849 8.887614e+01
40942 8.887614e+01
40959 8.887614e+01
41067 8.887614e+01
41079 8.887614e+01
41085 8.887614e+01
41207 8.887614e+01
41243 8.887614e+01
41318 8.887614e+01
41374 8.887614e+01
41395 8.887614e+01
41422 8.887614e+01
41437 8.887614e+01
41473 8.887614e+01
41551 8.887614e+01
41783 8.887614e+01
41794 8.887614e+01
41897 8.887614e+01
41949 8.887614e+01
42055 8.887614e+01
42169 8.887614e+01
42220 8.887614e+01
42263 8.887614e+01
42384 8.887614e+01
42417 8.887614e+01
42450 8.887614e+01
42526 8.887614e+01
42590 8.887614e+01
42652 8.887614e+01
42654 8.887614e+01
42686 8.887614e+01
42788 8.887614e+01
42792 8.887614e+01
42827 8.887614e+01
42931 8.887614e+01
42938 8.887614e+01
43068 8.887614e+01
43114 8.887614e+01
43267 8.887614e+01
43281 8.887614e+01
43318 8.887614e+01
43353 8.887614e+01
43363 8.887614e+01
43431 8.887614e+01
43480 8.887614e+01
43496 8.887614e+01
43552 8.887614e+01
43613 8.887614e+01
43621 8.887614e+01
43680 8.887614e+01
43730 8.887614e+01
43756 8.887614e+01
44045 8.887614e+01
44085 8.887614e+01
44111 8.887614e+01
44151 8.887614e+01
44162 8.887614e+01
44222 8.887614e+01
44231 8.887614e+01
44326 8.887614e+01
44359 8.887614e+01
44462 8.887614e+01
44479 8.887614e+01
184349 8.877297e+01
184422 8.867076e+01
184592 8.862671e+01
184701 8.856087e+01
184712 8.842117e+01
184806 8.821195e+01
184998 8.820776e+01
185021 8.806250e+01
185094 8.805405e+01
185106 8.804128e+01
185207 8.781952e+01
185334 8.778877e+01
185385 8.761745e+01
185502 8.760394e+01
185574 8.750323e+01
185711 8.747039e+01
185827 8.742331e+01
185853 8.739360e+01
185960 8.730724e+01
185976 8.728867e+01
186096 8.721884e+01
186352 8.713419e+01
186354 8.712353e+01
186388 8.711350e+01
186407 8.704423e+01
186485 8.696155e+01
186487 8.694644e+01
186504 8.689801e+01
186612 8.688778e+01
186728 8.682202e+01
186839 8.681094e+01
186866 8.680348e+01
186909 8.677361e+01
186925 8.674849e+01
186936 8.674788e+01
186962 8.674407e+01
186964 8.673077e+01
186978 8.670638e+01
186988 8.665934e+01
187044 8.663545e+01
187218 8.660650e+01
187379 8.659592e+01
187477 8.658178e+01
187580 8.655890e+01
187679 8.655243e+01
187855 8.653505e+01
187916 8.652839e+01
188031 8.650657e+01
188068 8.649073e+01
188207 8.649005e+01
188229 8.648754e+01
188295 8.648627e+01
188321 8.648168e+01
188389 8.646599e+01
188400 8.643542e+01
188717 8.643017e+01
188857 8.642963e+01
188876 8.642224e+01
188921 8.641112e+01
189015 8.640958e+01
189112 8.640954e+01
189371 8.640652e+01
189441 8.640459e+01
189457 8.640274e+01
189566 8.640130e+01
189590 8.639740e+01
189673 8.638946e+01
189910 8.638366e+01
190049 8.637979e+01
190171 8.637765e+01
190305 8.637614e+01
190360 8.637603e+01
190380 8.637452e+01
190488 8.637441e+01
190526 8.637306e+01
190536 8.637259e+01
190570 8.637245e+01
190652 8.637128e+01
190719 8.637038e+01
190746 8.636947e+01
190771 8.636783e+01
190823 8.636742e+01
190870 8.636670e+01
191016 8.636500e+01
191034 8.636379e+01
191165 8.636355e+01
191169 8.636233e+01
191259 8.636138e+01
191351 8.636116e+01
191394 8.636071e+01
191484 8.636062e+01
191495 8.636047e+01
191519 8.636033e+01
191536 8.636029e+01
191550 8.635860e+01
191602 8.635840e+01
191733 8.635766e+01
191855 8.635756e+01
191903 8.635753e+01
191947 8.635671e+01
191953 8.635667e+01
192400 8.635662e+01
192459 8.635647e+01
192483 8.635647e+01
192488 8.635569e+01
192636 8.635528e+01
192684 8.635501e+01
192849 8.635478e+01
192938 8.635432e+01
193223 8.635432e+01
193287 8.635427e+01
193381 8.635403e+01
193466 8.635400e+01
193514 8.635389e+01
193521 8.635377e+01
193632 8.635360e+01
193655 8.635347e+01
193782 8.635347e+01
193784 8.635343e+01
193817 8.635343e+01
193848 8.635341e+01
194063 8.635331e+01
194085 8.635324e+01
194123 8.635322e+01
194177 8.635316e+01
194209 8.635311e+01
194372 8.635305e+01
194550 8.635304e+01
194604 8.635303e+01
194612 8.635296e+01
194737 8.635296e+01
194750 8.635293e+01
194880 8.635293e+01
194949 8.635291e+01
195002 8.635289e+01
195046 8.635288e+01
195077 8.635288e+01
195205 8.635288e+01
195213 8.635286e+01
195276 8.635284e+01
195326 8.635284e+01
195349 8.635284e+01
195563 8.635283e+01
195577 8.635283e+01
195593 8.635282e+01
195663 8.635282e+01
195665 8.635281e+01
195744 8.635280e+01
195883 8.635280e+01
195920 8.635280e+01
195921 8.635280e+01
196114 8.635279e+01
196156 8.635279e+01
196174 8.635278e+01
196266 8.635278e+01
196296 8.635278e+01
196318 8.635278e+01
196329 8.635277e+01
196338 8.635277e+01
196402 8.635277e+01
196418 8.635277e+01
196478 8.635276e+01
196852 8.635276e+01
196883 8.635275e+01
196970 8.635275e+01
197029 8.635275e+01
197041 8.635275e+01
197119 8.635275e+01
197125 8.635275e+01
197137 8.635275e+01
197179 8.635275e+01
197180 8.635275e+01
197311 8.635275e+01
197316 8.635274e+01
197480 8.635274e+01
197599 8.635274e+01
197681 8.635274e+01
197699 8.635274e+01
197801 8.635274e+01
197809 8.635274e+01
197832 8.635274e+01
197860 8.635274e+01
197915 8.635274e+01
197976 8.635274e+01
198105 8.635274e+01
198348 8.635274e+01
198386 8.635274e+01
198390 8.635274e+01
198430 8.635274e+01
198434 8.635273e+01
198463 8.635273e+01
198469 8.635273e+01
198749 8.635273e+01
198797 8.635273e+01
198836 8.635273e+01
198858 8.635273e+01
198911 8.635273e+01
198942 8.635273e+01
198963 8.635273e+01
198997 8.635273e+01
199094 8.635273e+01
199152 8.635273e+01
199171 8.635273e+01
199380 8.635273e+01
199387 8.635273e+01
199533 8.635273e+01
199565 8.635273e+01
199600 8.635273e+01
199699 8.635273e+01
199757 8.635273e+01
199769 8.635273e+01
199772 8.635273e+01
199803 8.635273e+01
199809 8.635273e+01
199822 8.635273e+01
199881 8.635273e+01
199921 8.635273e+01
199928 8.635273e+01
199950 8.635273e+01
200009 8.635273e+01
200023 8.635273e+01
200087 8.635273e+01
200331 8.635273e+01
200371 8.635273e+01
200526 8.635273e+01
200568 8.635273e+01
200605 8.635273e+01
200704 8.635273e+01
200775 8.635273e+01
200782 8.635273e+01
200850 8.635273e+01
200926 8.635273e+01
200965 8.635273e+01
200984 8.635273e+01
201229 8.635273e+01
201549 8.635273e+01
201557 8.635273e+01
201612 8.635273e+01
201651 8.635273e+01
201709 8.635273e+01
201712 8.635273e+01
201728 8.635273e+01
201745 8.635273e+01
201823 8.635273e+01
201852 8.635273e+01
201865 8.635273e+01
201878 8.635273e+01
201880 8.635273e+01
201942 8.635273e+01
202082 8.635273e+01
202113 8.635273e+01
202116 8.635273e+01
202135 8.635273e+01
202252 8.635273e+01
202302 8.635273e+01
202325 8.635273e+01
202518 8.635273e+01
202637 8.635273e+01
202754 8.635273e+01
202772 8.635273e+01
202800 8.635273e+01
202866 8.635273e+01
203109 8.635273e+01
203318 8.635273e+01
203344 8.635273e+01
203495 8.635273e+01
203590 8.635273e+01
203627 8.635273e+01
203650 8.635273e+01
203658 8.635273e+01
203680 8.635273e+01
203780 8.635273e+01
203785 8.635273e+01
203814 8.635273e+01
203881 8.635273e+01
203921 8.635273e+01
203925 8.635273e+01
203930 8.635273e+01
203951 8.635273e+01
203982 8.635273e+01
204125 8.635273e+01
204137 8.635273e+01
204175 8.635273e+01
204207 8.635273e+01
204222 8.635273e+01
204302 8.635273e+01
204315 8.635273e+01
204345 8.635273e+01
204350 8.635273e+01
204459 8.635273e+01
204471 8.635273e+01
204522 8.635273e+01
204567 8.635273e+01
204586 8.635273e+01
204593 8.635273e+01
204601 8.635273e+01
204657 8.635273e+01
204734 8.635273e+01
204845 8.635273e+01
204894 8.635273e+01
204908 8.635273e+01
205222 8.635273e+01
205280 8.635273e+01
205315 8.635273e+01
205323 8.635273e+01
205433 8.635273e+01
205440 8.635273e+01
205456 8.635273e+01
205478 8.635273e+01
205489 8.635273e+01
205623 8.635273e+01
205649 8.635273e+01
205692 8.635273e+01
205699 8.635273e+01
205748 8.635273e+01
205795 8.635273e+01
205807 8.635273e+01
205900 8.635273e+01
205905 8.635273e+01
205941 8.635273e+01
205972 8.635273e+01
205973 8.635273e+01
206075 8.635273e+01
206278 8.635273e+01
206311 8.635273e+01
206437 8.635273e+01
206454 8.635273e+01
206597 8.635273e+01
206631 8.635273e+01
206663 8.635273e+01
206668 8.635273e+01
206719 8.635273e+01
206745 8.635273e+01
306725 8.606968e+01
306844 8.523632e+01
306978 8.261399e+01
307289 8.061933e+01
307347 7.910813e+01
307721 7.677596e+01
308007 7.620286e+01
308176 7.545519e+01
308205 7.467955e+01
308371 7.350294e+01
308405 7.252544e+01
308654 7.215450e+01
308747 7.193433e+01
309013 7.182128e+01
309073 7.088481e+01
309156 7.052877e+01
309259 6.819049e+01
309478 6.763806e+01
309822 6.758433e+01
309870 6.741554e+01
310472 6.733617e+01
310540 6.574946e+01
310981 6.559075e+01
311493 6.542697e+01
311824 6.509129e+01
312122 6.498066e+01
312172 6.473454e+01
312645 6.464007e+01
312833 6.437282e+01
312974 6.428943e+01
313774 6.424303e+01
313873 6.421918e+01
313973 6.417001e+01
314278 6.415956e+01
314296 6.411605e+01
314629 6.407127e+01
314983 6.402809e+01
315119 6.393805e+01
315488 6.389548e+01
315953 6.379318e+01
316199 6.374874e+01
316540 6.363710e+01
316696 6.361148e+01
317510 6.356179e+01
317566 6.346838e+01
318148 6.344275e+01
318493 6.339196e+01
318595 6.338360e+01
318717 6.336809e+01
318892 6.334421e+01
318951 6.328867e+01
319012 6.327661e+01
319187 6.324318e+01
319317 6.318807e+01
319382 6.315044e+01
319573 6.314827e+01
319708 6.309197e+01
319849 6.307669e+01
319992 6.307259e+01
320353 6.306224e+01
320381 6.305690e+01
320393 6.303817e+01
320414 6.302690e+01
320740 6.295325e+01
321448 6.292713e+01
321532 6.288333e+01
321612 6.287309e+01
321967 6.283315e+01
322032 6.281692e+01
322552 6.280821e+01
323142 6.279997e+01
323476 6.277780e+01
324209 6.276070e+01
325054 6.274953e+01
325166 6.273831e+01
325183 6.273402e+01
325245 6.271004e+01
325855 6.270876e+01
325861 6.269691e+01
326410 6.269051e+01
326546 6.268856e+01
326724 6.267421e+01
326917 6.267175e+01
326920 6.266936e+01
327090 6.266518e+01
327202 6.265872e+01
327333 6.265066e+01
327761 6.264976e+01
327872 6.264886e+01
328019 6.264850e+01
328059 6.264617e+01
328349 6.264527e+01
328360 6.264446e+01
328388 6.263922e+01
329047 6.263481e+01
329418 6.263312e+01
329494 6.263168e+01
329672 6.263115e+01
330003 6.263078e+01
330016 6.263010e+01
330156 6.262945e+01
330268 6.262841e+01
330766 6.262766e+01
330797 6.262725e+01
330856 6.262623e+01
331015 6.262479e+01
331161 6.262405e+01
331675 6.262331e+01
332287 6.262307e+01
332483 6.262285e+01
332603 6.262178e+01
332805 6.262177e+01
332989 6.262145e+01
333178 6.262099e+01
334122 6.262049e+01
334450 6.262041e+01
334497 6.262031e+01
334613 6.262015e+01
334869 6.262008e+01
334905 6.261999e+01
334906 6.261998e+01
334914 6.261982e+01
334957 6.261978e+01
335405 6.261976e+01
335531 6.261969e+01
335844 6.261955e+01
336209 6.261942e+01
336391 6.261935e+01
336662 6.261911e+01
337272 6.261905e+01
337530 6.261905e+01
337717 6.261904e+01
337817 6.261902e+01
337853 6.261902e+01
337860 6.261896e+01
337986 6.261894e+01
338047 6.261892e+01
338211 6.261892e+01
338220 6.261889e+01
338355 6.261889e+01
338413 6.261886e+01
338466 6.261883e+01
338494 6.261882e+01
338798 6.261880e+01
338856 6.261879e+01
339031 6.261877e+01
339134 6.261877e+01
339141 6.261874e+01
339435 6.261870e+01
340134 6.261870e+01
340323 6.261869e+01
340365 6.261868e+01
340567 6.261868e+01
340575 6.261867e+01
340689 6.261867e+01
340721 6.261866e+01
340799 6.261865e+01
341195 6.261865e+01
341254 6.261865e+01
341390 6.261864e+01
341408 6.261864e+01
341576 6.261863e+01
341653 6.261862e+01
342053 6.261862e+01
342194 6.261862e+01
342222 6.261861e+01
342503 6.261861e+01
342720 6.261861e+01
342791 6.261861e+01
342990 6.261860e+01
343081 6.261860e+01
343126 6.261860e+01
343329 6.261860e+01
343453 6.261859e+01
343815 6.261859e+01
343842 6.261859e+01
344102 6.261859e+01
344104 6.261859e+01
344216 6.261859e+01
344234 6.261859e+01
344323 6.261859e+01
344471 6.261859e+01
344550 6.261859e+01
344842 6.261859e+01
344980 6.261859e+01
345128 6.261859e+01
345168 6.261858e+01
345338 6.261858e+01
345477 6.261858e+01
345664 6.261858e+01
345952 6.261858e+01
346118 6.261858e+01
346132 6.261858e+01
346580 6.261858e+01
347174 6.261858e+01
347180 6.261858e+01
347369 6.261858e+01
347821 6.261858e+01
348166 6.261858e+01
348189 6.261858e+01
348349 6.261858e+01
348496 6.261858e+01
348639 6.261858e+01
348698 6.261858e+01
348832 6.261858e+01
348834 6.261858e+01
348846 6.261858e+01
348896 6.261858e+01
348902 6.261858e+01
348913 6.261858e+01
348936 6.261858e+01
349003 6.261858e+01
349331 6.261858e+01
349410 6.261858e+01
349516 6.261858e+01
349793 6.261858e+01
350190 6.261858e+01
350213 6.261858e+01
350325 6.261858e+01
350409 6.261858e+01
350506 6.261858e+01
350737 6.261858e+01
350814 6.261858e+01
351163 6.261858e+01
351572 6.261858e+01
351787 6.261858e+01
351946 6.261858e+01
352143 6.261858e+01
352161 6.261858e+01
352175 6.261858e+01
352661 6.261858e+01
352873 6.261858e+01
352927 6.261858e+01
352953 6.261858e+01
352982 6.261858e+01
353104 6.261858e+01
353205 6.261858e+01
353525 6.261858e+01
353539 6.261858e+01
353586 6.261858e+01
353621 6.261858e+01
353659 6.261858e+01
353696 6.261858e+01
353788 6.261858e+01
353893 6.261858e+01
353904 6.261858e+01
353911 6.261858e+01
354073 6.261858e+01
354212 6.261858e+01
354227 6.261858e+01
354552 6.261858e+01
354619 6.261858e+01
354746 6.261858e+01
355002 6.261858e+01
355237 6.261858e+01
355239 6.261858e+01
355331 6.261858e+01
355818 6.261858e+01
355994 6.261858e+01
356136 6.261858e+01
356385 6.261858e+01
356533 6.261858e+01
356575 6.261858e+01
356592 6.261858e+01
356690 6.261858e+01
356697 6.261858e+01
356894 6.261858e+01
356927 6.261858e+01
356970 6.261858e+01
357122 6.261858e+01
357303 6.261858e+01
357385 6.261858e+01
357489 6.261858e+01
357540 6.261858e+01
357996 6.261858e+01
358136 6.261858e+01
358576 6.261858e+01
358754 6.261858e+01
358763 6.261858e+01
358830 6.261858e+01
358862 6.261858e+01
359094 6.261858e+01
359215 6.261858e+01
359382 6.261858e+01
359588 6.261858e+01
359889 6.261858e+01
359894 6.261858e+01
359936 6.261858e+01
359990 6.261858e+01
459125 6.081047e+01
461029 6.054592e+01
461051 5.991408e+01
462082 5.927770e+01
462126 5.903460e+01
462332 5.866091e+01
462637 5.863286e+01
462803 5.842675e+01
462807 5.819334e+01
462944 5.818962e+01
463015 5.815027e+01
463266 5.807957e+01
463268 5.807909e+01
463276 5.802172e+01
463339 5.781690e+01
463404 5.776334e+01
463480 5.755310e+01
463604 5.735750e+01
463817 5.702665e+01
464086 5.655581e+01
464838 5.646470e+01
465359 5.642588e+01
465626 5.605280e+01
465814 5.598546e+01
465820 5.592770e+01
465850 5.576859e+01
466050 5.569702e+01
466403 5.567115e+01
466586 5.555970e+01
466652 5.540709e+01
466717 5.536078e+01
467532 5.534000e+01
467863 5.531566e+01
467915 5.528567e+01
468006 5.523474e+01
468425 5.522612e+01
468746 5.513134e+01
469132 5.511752e+01
469416 5.504339e+01
470030 5.500396e+01
470372 5.495054e+01
470721 5.491482e+01
470865 5.490249e+01
472069 5.487518e+01
472492 5.486200e+01
473140 5.485824e+01
473175 5.484041e+01
473380 5.480856e+01
474162 5.480392e+01
474301 5.479400e+01
474612 5.478873e+01
474829 5.477311e+01
475228 5.476850e+01
475265 5.476679e+01
475332 5.475172e+01
475430 5.474666e+01
475602 5.474238e+01
475814 5.474119e+01
475933 5.471305e+01
476137 5.470322e+01
476266 5.469565e+01
476727 5.468684e+01
476883 5.467260e+01
477426 5.466932e+01
477627 5.466115e+01
477906 5.465773e+01
478204 5.465667e+01
478271 5.465110e+01
478467 5.464815e+01
478608 5.464217e+01
478754 5.463948e+01
478765 5.463206e+01
478842 5.461974e+01
479029 5.461612e+01
479763 5.460725e+01
480228 5.460702e+01
480465 5.460659e+01
480615 5.460262e+01
481083 5.460144e+01
481236 5.459786e+01
481966 5.459733e+01
482060 5.459618e+01
482151 5.459587e+01
482225 5.459232e+01
482438 5.459019e+01
482635 5.458836e+01
482906 5.458639e+01
483485 5.458608e+01
484014 5.458382e+01
484426 5.458366e+01
484672 5.458357e+01
484686 5.458347e+01
484753 5.458107e+01
485271 5.458103e+01
485398 5.457917e+01
485820 5.457865e+01
486260 5.457860e+01
486605 5.457841e+01
486608 5.457768e+01
486880 5.457752e+01
487339 5.457735e+01
487387 5.457735e+01
487526 5.457732e+01
487670 5.457724e+01
487690 5.457708e+01
487858 5.457697e+01
488086 5.457643e+01
488297 5.457640e+01
488748 5.457612e+01
489047 5.457591e+01
489061 5.457590e+01
489608 5.457571e+01
489879 5.457560e+01
490009 5.457549e+01
490429 5.457545e+01
490747 5.457543e+01
491077 5.457531e+01
491737 5.457529e+01
491779 5.457528e+01
491846 5.457522e+01
492005 5.457521e+01
492145 5.457521e+01
492152 5.457515e+01
492358 5.457514e+01
492394 5.457513e+01
492445 5.457512e+01
492497 5.457504e+01
493456 5.457502e+01
493938 5.457501e+01
494081 5.457500e+01
494276 5.457497e+01
494509 5.457497e+01
494537 5.457496e+01
494558 5.457493e+01
494569 5.457493e+01
494687 5.457493e+01
494807 5.457493e+01
494831 5.457492e+01
494881 5.457489e+01
495270 5.457487e+01
495575 5.457487e+01
495718 5.457485e+01
495860 5.457484e+01
496128 5.457484e+01
496479 5.457484e+01
496546 5.457482e+01
496670 5.457481e+01
496786 5.457480e+01
497018 5.457480e+01
497032 5.457478e+01
497351 5.457478e+01
497559 5.457477e+01
498050 5.457477e+01
498197 5.457477e+01
498345 5.457477e+01
498385 5.457476e+01
498555 5.457476e+01
499335 5.457476e+01
499349 5.457475e+01
