1 3.647285e+03
9 3.174883e+03
22 3.137058e+03
26 2.855888e+03
69 2.811630e+03
135 2.403032e+03
483 2.340870e+03
936 2.326147e+03
1093 2.244336e+03
1105 2.132796e+03
1152 1.895332e+03
1679 1.208904e+03
2008 1.138859e+03
2193 9.587333e+02
2245 7.878665e+02
2349 6.537012e+02
2426 6.519857e+02
2432 6.185018e+02
2480 5.286992e+02
2557 2.820746e+02
2639 2.212957e+02
2821 2.002179e+02
2848 1.990063e+02
2883 1.920001e+02
2931 1.802569e+02
2967 1.801728e+02
2990 1.797243e+02
3014 1.783938e+02
3086 1.779228e+02
3106 1.778923e+02
3122 1.766182e+02
3145 1.756569e+02
3176 1.746878e+02
3186 1.744086e+02
3252 1.740834e+02
3298 1.735808e+02
3311 1.733649e+02
3353 1.732890e+02
3359 1.725619e+02
3462 1.724104e+02
3479 1.723155e+02
3609 1.722520e+02
3668 1.722481e+02
3676 1.722462e+02
3678 1.722080e+02
3711 1.721997e+02
3719 1.721866e+02
3751 1.721852e+02
3810 1.721839e+02
3817 1.721793e+02
3835 1.721756e+02
3942 1.721740e+02
3973 1.721739e+02
3979 1.721716e+02
4016 1.721707e+02
4022 1.721686e+02
4032 1.721680e+02
4044 1.721673e+02
4076 1.721668e+02
4127 1.721660e+02
4174 1.721656e+02
4194 1.721653e+02
4223 1.721652e+02
4233 1.721650e+02
4299 1.721649e+02
4306 1.721647e+02
4365 1.721647e+02
4389 1.721647e+02
4436 1.721645e+02
4492 1.721645e+02
4500 1.721645e+02
4509 1.721645e+02
4527 1.721645e+02
4541 1.721644e+02
4598 1.721644e+02
4647 1.721644e+02
4665 1.721644e+02
4673 1.721644e+02
4675 1.721644e+02
4706 1.721644e+02
4720 1.721644e+02
4730 1.721644e+02
4731 1.721644e+02
4773 1.721644e+02
4796 1.721644e+02
4825 1.721644e+02
4827 1.721644e+02
4828 1.721644e+02
4854 1.721644e+02
4857 1.721644e+02
4876 1.721644e+02
4894 1.721644e+02
4929 1.721644e+02
4995 1.721644e+02
4997 1.721644e+02
5033 1.721644e+02
5042 1.721644e+02
5066 1.721644e+02
5147 1.721644e+02
5181 1.721644e+02
5261 1.721644e+02
5288 1.721644e+02
5439 1.721644e+02
5472 1.721644e+02
5479 1.721644e+02
5536 1.721644e+02
5554 1.721644e+02
5610 1.721644e+02
5618 1.721644e+02
5664 1.721644e+02
5689 1.721644e+02
5716 1.721644e+02
5717 1.721644e+02
5732 1.721644e+02
5757 1.721644e+02
5760 1.721644e+02
5852 1.721644e+02
5859 1.721644e+02
5891 1.721644e+02
5934 1.721644e+02
5964 1.721644e+02
5987 1.721644e+02
6005 1.721644e+02
6052 1.721644e+02
6074 1.721644e+02
6076 1.721644e+02
6099 1.721644e+02
6108 1.721644e+02
6112 1.721644e+02
6132 1.721644e+02
6137 1.721644e+02
6169 1.721644e+02
6214 1.721644e+02
6236 1.721644e+02
6282 1.721644e+02
6309 1.721644e+02
6331 1.721644e+02
6353 1.721644e+02
48188 1.622384e+02
48402 9.495567e+01
48636 7.823548e+01
48682 7.302734e+01
48732 6.012094e+01
48826 5.524351e+01
48859 4.209649e+01
49090 3.365862e+01
49178 3.220233e+01
49426 3.172550e+01
49472 3.115827e+01
49494 3.039562e+01
49517 2.839272e+01
49622 2.734260e+01
49657 2.657531e+01
49766 2.636808e+01
49822 2.635703e+01
49844 2.563728e+01
49869 2.492112e+01
49883 2.482018e+01
49932 2.468628e+01
49954 2.454536e+01
50113 2.435872e+01
50186 2.413412e+01
50190 2.397582e+01
50289 2.362640e+01
50527 2.352712e+01
50568 2.351654e+01
50694 2.351023e+01
50767 2.339881e+01
51030 2.339521e+01
51061 2.338940e+01
51154 2.336320e+01
51338 2.335672e+01
51509 2.335583e+01
51528 2.335563e+01
51535 2.335428e+01
51570 2.335389e+01
51604 2.335333e+01
51671 2.335084e+01
51724 2.335068e+01
51759 2.334927e+01
51809 2.334849e+01
51941 2.334798e+01
51995 2.334719e+01
52269 2.334714e+01
52330 2.334709e+01
52339 2.334704e+01
52373 2.334701e+01
52438 2.334689e+01
52486 2.334684e+01
52667 2.334683e+01
52720 2.334683e+01
52732 2.334682e+01
52825 2.334679e+01
52952 2.334679e+01
53135 2.334679e+01
53172 2.334679e+01
53191 2.334679e+01
53244 2.334679e+01
53277 2.334679e+01
53289 2.334679e+01
53315 2.334679e+01
53395 2.334678e+01
53549 2.334678e+01
53560 2.334678e+01
53704 2.334678e+01
53707 2.334678e+01
53734 2.334678e+01
53864 2.334678e+01
53974 2.334678e+01
54102 2.334678e+01
54119 2.334678e+01
54279 2.334678e+01
54315 2.334678e+01
54323 2.334678e+01
54327 2.334678e+01
54413 2.334678e+01
54541 2.334678e+01
54553 2.334678e+01
54630 2.334678e+01
54830 2.334678e+01
55017 2.334678e+01
55139 2.334678e+01
55244 2.334678e+01
55256 2.334678e+01
55345 2.334678e+01
55373 2.334678e+01
55482 2.334678e+01
55491 2.334678e+01
55492 2.334678e+01
55515 2.334678e+01
55519 2.334678e+01
55562 2.334678e+01
55594 2.334678e+01
55613 2.334678e+01
55621 2.334678e+01
55623 2.334678e+01
55625 2.334678e+01
55627 2.334678e+01
55799 2.334678e+01
55921 2.334678e+01
55990 2.334678e+01
56050 2.334678e+01
56055 2.334678e+01
56079 2.334678e+01
56355 2.334678e+01
56433 2.334678e+01
56450 2.334678e+01
56486 2.334678e+01
56672 2.334678e+01
56696 2.334678e+01
56723 2.334678e+01
56774 2.334678e+01
56824 2.334678e+01
56830 2.334678e+01
57070 2.334678e+01
57101 2.334678e+01
57139 2.334678e+01
57153 2.334678e+01
57177 2.334678e+01
