1 4.564572e+03
2 2.840106e+03
17 2.195021e+03
412 2.000435e+03
668 1.890425e+03
1203 1.626546e+03
1690 1.522823e+03
2033 1.288183e+03
2363 1.242911e+03
2408 1.208271e+03
2424 1.156679e+03
2515 9.877635e+02
2567 9.521224e+02
2623 8.256785e+02
2701 8.030643e+02
2747 7.945138e+02
2772 7.622693e+02
2803 7.081500e+02
2817 6.198113e+02
2831 5.776189e+02
2856 5.635094e+02
2906 4.914647e+02
2920 4.761137e+02
2956 3.836587e+02
3020 3.665345e+02
3025 3.158439e+02
3055 3.153627e+02
3159 3.128828e+02
3169 3.081712e+02
3189 3.043413e+02
3212 3.011918e+02
3226 2.972161e+02
3310 2.931529e+02
3344 2.917510e+02
3385 2.914378e+02
3407 2.906153e+02
3421 2.889917e+02
3460 2.866806e+02
3497 2.842939e+02
3631 2.841306e+02
3657 2.835001e+02
3679 2.834597e+02
3712 2.829604e+02
3749 2.828284e+02
3868 2.826525e+02
3911 2.826063e+02
3912 2.825117e+02
4060 2.824965e+02
4125 2.824951e+02
4131 2.823582e+02
4247 2.823558e+02
4295 2.823423e+02
4316 2.823337e+02
4340 2.823281e+02
4362 2.823274e+02
4400 2.823231e+02
4420 2.823201e+02
4483 2.823189e+02
4484 2.823175e+02
4492 2.823139e+02
4551 2.823127e+02
4610 2.823113e+02
4645 2.823112e+02
4668 2.823106e+02
4679 2.823103e+02
4704 2.823102e+02
4706 2.823099e+02
4729 2.823099e+02
4739 2.823098e+02
4783 2.823096e+02
4834 2.823096e+02
4891 2.823095e+02
4973 2.823095e+02
4975 2.823095e+02
4986 2.823095e+02
4992 2.823095e+02
5047 2.823095e+02
5073 2.823095e+02
5115 2.823095e+02
5270 2.823095e+02
5281 2.823095e+02
5293 2.823095e+02
5320 2.823095e+02
5346 2.823095e+02
5348 2.823095e+02
5383 2.823095e+02
5447 2.823095e+02
5455 2.823095e+02
5473 2.823095e+02
5500 2.823095e+02
5591 2.823095e+02
5666 2.823095e+02
5692 2.823095e+02
5732 2.823095e+02
5739 2.823095e+02
5748 2.823095e+02
5774 2.823095e+02
5813 2.823095e+02
5816 2.823095e+02
5865 2.823095e+02
5867 2.823095e+02
5937 2.823095e+02
6022 2.823095e+02
6124 2.823095e+02
6166 2.823095e+02
6230 2.823095e+02
6256 2.823095e+02
6273 2.823095e+02
6352 2.823095e+02
6357 2.823095e+02
6414 2.823095e+02
6431 2.823095e+02
6434 2.823095e+02
6521 2.823095e+02
6527 2.823095e+02
6540 2.823095e+02
6565 2.823095e+02
6582 2.823095e+02
6631 2.823095e+02
6679 2.823095e+02
6697 2.823095e+02
6729 2.823095e+02
6777 2.823095e+02
6812 2.823095e+02
6850 2.823095e+02
6853 2.823095e+02
6887 2.823095e+02
33535 2.572759e+02
33647 2.544852e+02
33669 2.512041e+02
33688 2.506144e+02
33707 2.488429e+02
33711 2.474763e+02
33731 2.453006e+02
33739 2.392169e+02
33834 2.387240e+02
33854 2.381299e+02
33879 2.380969e+02
33884 2.375587e+02
33890 2.372561e+02
33980 2.371332e+02
33983 2.368338e+02
33986 2.366187e+02
33997 2.364010e+02
34037 2.363232e+02
34077 2.361650e+02
34121 2.360446e+02
34169 2.360188e+02
34176 2.359636e+02
34200 2.359118e+02
34230 2.358657e+02
34268 2.358500e+02
34277 2.358325e+02
34306 2.357659e+02
34349 2.357637e+02
34428 2.357615e+02
34435 2.357528e+02
34439 2.357455e+02
34482 2.357439e+02
34563 2.357433e+02
34567 2.357432e+02
34571 2.357392e+02
34631 2.357387e+02
34667 2.357383e+02
34694 2.357376e+02
34696 2.357372e+02
34729 2.357369e+02
34824 2.357369e+02
34827 2.357369e+02
34915 2.357369e+02
34955 2.357368e+02
34965 2.357367e+02
35063 2.357367e+02
35105 2.357367e+02
35260 2.357367e+02
35283 2.357367e+02
35289 2.357367e+02
35301 2.357367e+02
35302 2.357367e+02
35306 2.357367e+02
35323 2.357367e+02
35373 2.357367e+02
35438 2.357367e+02
35469 2.357367e+02
35482 2.357367e+02
35490 2.357367e+02
35515 2.357367e+02
35519 2.357367e+02
35581 2.357367e+02
35665 2.357367e+02
35699 2.357367e+02
35779 2.357367e+02
35798 2.357367e+02
35862 2.357367e+02
35936 2.357367e+02
35983 2.357367e+02
36001 2.357367e+02
36012 2.357367e+02
36037 2.357367e+02
36040 2.357367e+02
36092 2.357367e+02
36123 2.357367e+02
36129 2.357367e+02
36140 2.357367e+02
36156 2.357367e+02
36204 2.357367e+02
36231 2.357367e+02
36243 2.357367e+02
36246 2.357367e+02
36251 2.357367e+02
36279 2.357367e+02
36339 2.357367e+02
36347 2.357367e+02
36348 2.357367e+02
36352 2.357367e+02
36408 2.357367e+02
36455 2.357367e+02
36494 2.357367e+02
36511 2.357367e+02
36517 2.357367e+02
36564 2.357367e+02
36625 2.357367e+02
36633 2.357367e+02
36719 2.357367e+02
36782 2.357367e+02
36877 2.357367e+02
36960 2.357367e+02
36961 2.357367e+02
37000 2.357367e+02
45629 2.265780e+02
45737 2.199119e+02
45974 2.119792e+02
46037 2.072734e+02
46103 1.895127e+02
46162 1.849176e+02
46211 1.795992e+02
46214 1.757534e+02
46451 1.707273e+02
46517 1.651493e+02
46533 1.607719e+02
46624 1.570176e+02
46712 1.533109e+02
47021 1.531815e+02
47027 1.505795e+02
47120 1.504620e+02
47160 1.498365e+02
47207 1.491778e+02
47211 1.489459e+02
47261 1.481841e+02
47274 1.467664e+02
47377 1.456381e+02
47632 1.455708e+02
47803 1.455659e+02
47812 1.455517e+02
47816 1.453474e+02
47899 1.453424e+02
47983 1.453109e+02
47991 1.453070e+02
48039 1.453062e+02
48090 1.452729e+02
48197 1.452723e+02
48209 1.452097e+02
48280 1.451788e+02
48429 1.451600e+02
48447 1.451506e+02
48641 1.451503e+02
48655 1.451403e+02
48708 1.451392e+02
48757 1.451340e+02
48991 1.451322e+02
49119 1.451318e+02
49191 1.451303e+02
49260 1.451292e+02
49381 1.451292e+02
49465 1.451287e+02
49471 1.451286e+02
49485 1.451283e+02
49564 1.451283e+02
49575 1.451282e+02
49636 1.451280e+02
49691 1.451279e+02
49771 1.451279e+02
49805 1.451279e+02
49806 1.451278e+02
49859 1.451275e+02
49900 1.451275e+02
49964 1.451274e+02
50224 1.451274e+02
50233 1.451273e+02
50268 1.451273e+02
50553 1.451273e+02
50612 1.451273e+02
50757 1.451273e+02
50876 1.451273e+02
50965 1.451273e+02
51051 1.451273e+02
51159 1.451273e+02
51233 1.451273e+02
51365 1.451273e+02
51384 1.451273e+02
51551 1.451273e+02
51675 1.451273e+02
51701 1.451273e+02
51752 1.451273e+02
51878 1.451273e+02
51903 1.451273e+02
51947 1.451273e+02
51959 1.451273e+02
52006 1.451273e+02
52414 1.451273e+02
52429 1.451273e+02
52573 1.451273e+02
52637 1.451273e+02
52638 1.451273e+02
52697 1.451273e+02
52742 1.451273e+02
52754 1.451273e+02
52898 1.451273e+02
53007 1.451273e+02
53082 1.451273e+02
53086 1.451273e+02
53223 1.451273e+02
53330 1.451273e+02
53340 1.451273e+02
53470 1.451273e+02
53495 1.451273e+02
53513 1.451273e+02
53569 1.451273e+02
53636 1.451273e+02
53791 1.451273e+02
53823 1.451273e+02
53839 1.451273e+02
53847 1.451273e+02
53907 1.451273e+02
54108 1.451273e+02
54152 1.451273e+02
54352 1.451273e+02
54388 1.451273e+02
54429 1.451273e+02
54460 1.451273e+02
54481 1.451273e+02
54515 1.451273e+02
54520 1.451273e+02
54856 1.451273e+02
54919 1.451273e+02
73761 1.381534e+02
75273 1.361337e+02
75340 1.158386e+02
75343 9.614467e+01
75883 5.966947e+01
77837 3.598796e+01
79235 2.559982e+01
79706 2.511417e+01
79823 1.279899e+01
79951 1.078809e+01
80167 7.206203e+00
80587 6.555855e+00
80806 6.516740e+00
80811 5.782570e+00
80911 5.708373e+00
80939 4.977362e+00
81033 4.939944e+00
81103 4.263764e+00
81134 3.588421e+00
81159 2.513035e+00
81327 2.143593e+00
81680 1.100902e+00
81888 8.419141e-01
82476 7.780667e-01
82588 6.714692e-01
82703 6.294917e-01
82831 6.217552e-01
83081 6.082497e-01
83097 5.987300e-01
83111 5.856657e-01
83299 5.736481e-01
83336 5.587005e-01
83485 5.552986e-01
83486 5.502102e-01
83517 5.486290e-01
83553 5.422942e-01
83601 5.399068e-01
83630 5.247538e-01
83857 5.110364e-01
84108 5.085879e-01
84338 5.072952e-01
84617 5.037136e-01
84711 5.032750e-01
84885 5.025710e-01
85012 5.025521e-01
85094 5.010037e-01
85482 5.008150e-01
85591 5.006066e-01
85619 5.006040e-01
85671 5.003758e-01
85785 5.002699e-01
85805 5.002595e-01
85838 5.001972e-01
85954 5.001354e-01
85958 5.001018e-01
85984 4.999803e-01
86093 4.999338e-01
86296 4.998811e-01
86305 4.998498e-01
86312 4.998132e-01
86509 4.998051e-01
86531 4.997640e-01
86616 4.997353e-01
86667 4.996873e-01
87116 4.996741e-01
87156 4.996605e-01
87485 4.996584e-01
87539 4.996537e-01
87552 4.996533e-01
87616 4.996499e-01
87636 4.996486e-01
87747 4.996484e-01
87817 4.996458e-01
87905 4.996446e-01
87928 4.996409e-01
88031 4.996404e-01
88297 4.996400e-01
88334 4.996391e-01
88340 4.996379e-01
88725 4.996369e-01
88886 4.996367e-01
88908 4.996360e-01
89117 4.996359e-01
89499 4.996358e-01
89590 4.996358e-01
89740 4.996357e-01
89842 4.996357e-01
89970 4.996357e-01
90039 4.996357e-01
90104 4.996356e-01
90188 4.996356e-01
90330 4.996356e-01
90363 4.996356e-01
90390 4.996356e-01
90413 4.996356e-01
90804 4.996356e-01
90805 4.996355e-01
90944 4.996355e-01
90959 4.996355e-01
90961 4.996355e-01
91200 4.996355e-01
91289 4.996355e-01
91311 4.996355e-01
91346 4.996355e-01
91357 4.996355e-01
91492 4.996355e-01
91697 4.996355e-01
91868 4.996355e-01
91935 4.996355e-01
92135 4.996355e-01
92140 4.996355e-01
92290 4.996355e-01
92523 4.996355e-01
92537 4.996355e-01
92596 4.996355e-01
92898 4.996355e-01
93017 4.996355e-01
93110 4.996355e-01
93144 4.996355e-01
93335 4.996355e-01
93418 4.996355e-01
93455 4.996355e-01
93540 4.996355e-01
93817 4.996355e-01
93837 4.996355e-01
94044 4.996355e-01
94328 4.996355e-01
94447 4.996355e-01
