1 1.346699e+05
2 6.686735e+04
270 5.180878e+04
406 4.036040e+04
478 3.290934e+04
492 2.923122e+04
564 2.635956e+04
639 2.502237e+04
677 2.411741e+04
706 1.888546e+04
794 1.758197e+04
799 1.543213e+04
815 1.518610e+04
838 1.517575e+04
861 1.147236e+04
866 1.133949e+04
871 1.084710e+04
923 9.077002e+03
1059 8.950915e+03
1063 7.563351e+03
1087 7.536091e+03
1093 6.924172e+03
1129 6.862045e+03
1159 5.390008e+03
1189 5.247395e+03
1192 3.192133e+03
1349 3.004339e+03
1400 2.519732e+03
1512 2.460348e+03
1530 2.239623e+03
1545 1.935349e+03
1584 1.647764e+03
1608 1.497003e+03
1622 1.233030e+03
1627 1.139712e+03
1697 9.297779e+02
1709 8.140270e+02
1925 7.742252e+02
1931 6.389057e+02
2026 6.263763e+02
2037 5.728080e+02
2065 5.331953e+02
2070 5.117966e+02
2084 4.864656e+02
2098 4.846822e+02
2105 4.804285e+02
2123 3.648917e+02
2187 3.383433e+02
2212 3.304113e+02
2242 2.602970e+02
2278 2.150259e+02
2319 2.043230e+02
2341 1.944191e+02
2344 1.666831e+02
2404 1.401693e+02
2435 1.329765e+02
2454 1.036834e+02
2516 1.028154e+02
2523 9.618982e+01
2535 9.327544e+01
2552 7.883601e+01
2612 7.667217e+01
2660 7.443779e+01
2662 7.223360e+01
2681 6.731798e+01
2690 5.959568e+01
2707 4.616810e+01
2807 3.522620e+01
2818 3.092398e+01
2863 2.889524e+01
2882 2.300136e+01
2959 2.100502e+01
2981 1.704505e+01
3065 1.295486e+01
3205 1.290709e+01
3229 1.060424e+01
3287 1.025252e+01
3309 7.273735e+00
3420 6.135242e+00
3454 5.632311e+00
3494 4.889504e+00
3531 4.717020e+00
3537 4.528231e+00
3544 4.295182e+00
3553 3.012349e+00
3670 2.700657e+00
3694 2.475271e+00
3721 2.136125e+00
3779 1.991038e+00
3804 1.853751e+00
3817 1.654668e+00
3847 9.053710e-01
3986 8.589041e-01
4000 8.208030e-01
4010 6.636888e-01
4047 5.353722e-01
4188 3.778228e-01
4292 3.323346e-01
4381 3.296810e-01
4399 3.283749e-01
4403 3.264032e-01
4433 3.148894e-01
4462 2.176495e-01
4476 1.939501e-01
4503 1.893540e-01
4517 1.834410e-01
4573 1.167972e-01
4652 1.133787e-01
4678 1.057558e-01
4700 1.007484e-01
4753 9.871858e-02
4790 9.759290e-02
4826 7.446150e-02
4847 6.802658e-02
4883 6.101634e-02
4906 5.191661e-02
5073 3.086595e-02
5151 2.649269e-02
5170 1.861626e-02
5219 1.543638e-02
5379 1.503976e-02
5393 1.397385e-02
5409 1.371630e-02
5414 1.306444e-02
5415 1.285668e-02
5445 1.056342e-02
5464 1.038313e-02
5477 9.910729e-03
5480 9.255019e-03
5501 7.801657e-03
5547 7.157573e-03
5589 7.144851e-03
5610 7.000080e-03
5637 6.395969e-03
5651 4.603125e-03
5744 4.237707e-03
5756 3.844083e-03
5761 3.278325e-03
5819 3.202600e-03
5842 2.279269e-03
5847 2.231579e-03
5939 2.012605e-03
6025 1.991030e-03
6034 1.747312e-03
6063 1.685065e-03
6081 1.447216e-03
6110 1.135857e-03
6138 1.055487e-03
6183 1.022706e-03
6193 8.832826e-04
6249 8.457112e-04
6272 6.708352e-04
6317 5.122184e-04
6419 4.796221e-04
6441 4.439166e-04
6448 4.139592e-04
6450 3.931693e-04
6479 3.591337e-04
6484 3.531203e-04
6491 2.953345e-04
6496 2.695828e-04
6601 2.319421e-04
6607 1.280373e-04
6830 1.198732e-04
6859 1.045198e-04
6950 9.355150e-05
6983 9.140927e-05
7013 8.491516e-05
7018 6.092697e-05
7199 5.306686e-05
7259 3.702065e-05
7275 3.174838e-05
7427 3.118992e-05
7440 2.929314e-05
7455 2.659251e-05
7459 1.983950e-05
7487 1.575033e-05
7520 1.524432e-05
7552 1.090927e-05
7673 1.042144e-05
7726 1.016591e-05
7742 8.973786e-06
7760 7.761862e-06
7761 7.673013e-06
7789 5.349599e-06
7919 5.036048e-06
7925 4.663121e-06
7968 3.958019e-06
8004 2.997403e-06
8022 2.849469e-06
8051 2.570468e-06
8061 2.565778e-06
8080 1.960709e-06
8130 1.715726e-06
8283 1.674532e-06
8293 1.575967e-06
8314 1.447169e-06
8328 1.400210e-06
8337 1.238592e-06
8338 1.199469e-06
8355 1.038592e-06
8372 9.421324e-07
8375 9.058693e-07
8386 8.743933e-07
8393 6.463175e-07
8415 6.342096e-07
8486 5.439344e-07
8505 5.108139e-07
8506 4.218668e-07
8624 3.301365e-07
8674 2.351371e-07
8770 1.937025e-07
8793 1.915624e-07
8831 1.672370e-07
8954 1.026643e-07
9104 9.023186e-08
9147 8.887629e-08
9149 7.632739e-08
9157 7.334260e-08
9169 6.204284e-08
9253 5.869027e-08
9359 4.656348e-08
9392 4.382724e-08
9431 3.758795e-08
9477 3.585512e-08
9492 3.148161e-08
9513 2.976128e-08
9519 2.914420e-08
9585 2.702980e-08
9645 2.404436e-08
9695 1.892504e-08
9761 1.873995e-08
9832 1.297766e-08
9890 1.136195e-08
9914 1.077198e-08
9970 8.500952e-09
37765 7.894287e-09
