1 4.202897e+03
2 1.603780e+03
11 1.500686e+03
51 1.413794e+03
159 1.231637e+03
203 9.737775e+02
355 9.219403e+02
369 7.010751e+02
403 6.860224e+02
456 6.556993e+02
537 6.110951e+02
586 5.963413e+02
610 5.910583e+02
632 5.768120e+02
638 5.736829e+02
653 5.455017e+02
682 4.923530e+02
701 4.845495e+02
719 4.661540e+02
737 4.604549e+02
797 4.382274e+02
873 4.100432e+02
938 4.073342e+02
988 3.610999e+02
1018 3.606661e+02
1055 3.286222e+02
1148 3.166219e+02
1223 3.097400e+02
1231 3.011238e+02
1235 2.892923e+02
1438 2.861128e+02
1464 2.749206e+02
1474 2.329836e+02
2197 2.294392e+02
3346 2.164542e+02
3400 2.028579e+02
5481 1.896604e+02
5665 1.820335e+02
5859 1.699731e+02
5884 1.575746e+02
5966 1.513791e+02
5986 1.511985e+02
6004 1.486600e+02
6019 1.461178e+02
6021 1.455480e+02
6070 1.300491e+02
6096 1.084214e+02
6129 1.073336e+02
6139 1.011341e+02
6187 9.850800e+01
6235 9.429885e+01
6264 6.010093e+01
6404 5.561892e+01
6515 5.186872e+01
6527 4.966642e+01
6792 4.807172e+01
6822 4.293018e+01
6879 3.988351e+01
6936 3.944781e+01
6937 3.784205e+01
6968 3.722101e+01
6996 3.496332e+01
7027 3.485326e+01
7039 3.449613e+01
7079 3.408530e+01
7089 3.277312e+01
7151 3.240208e+01
7165 3.110851e+01
7228 3.047685e+01
7313 3.039587e+01
7376 2.845545e+01
7407 2.832990e+01
7433 2.810614e+01
7444 2.790802e+01
7450 2.666875e+01
7484 2.647165e+01
7562 2.615746e+01
7568 2.573626e+01
7649 2.512282e+01
7783 2.474409e+01
7894 2.455568e+01
7954 2.452207e+01
8029 2.450209e+01
8033 2.440603e+01
8054 2.429145e+01
8055 2.417261e+01
8074 2.413770e+01
8105 2.404358e+01
8136 2.388109e+01
8163 2.369755e+01
8185 2.356760e+01
8290 2.347041e+01
8349 2.344740e+01
8374 2.340371e+01
8391 2.333230e+01
8402 2.323891e+01
8579 2.322667e+01
8599 2.319354e+01
8601 2.313021e+01
8681 2.311485e+01
8710 2.306224e+01
8769 2.304186e+01
8773 2.303985e+01
8811 2.302099e+01
8817 2.301957e+01
8823 2.298900e+01
8848 2.298409e+01
8884 2.298313e+01
8900 2.295311e+01
8939 2.295182e+01
8986 2.294134e+01
9012 2.294052e+01
9096 2.294030e+01
9103 2.293464e+01
9106 2.293272e+01
9161 2.293185e+01
9212 2.293185e+01
9226 2.292944e+01
9230 2.290447e+01
9394 2.290203e+01
9413 2.289911e+01
9555 2.289792e+01
9569 2.289730e+01
9571 2.289638e+01
9582 2.289500e+01
9619 2.289315e+01
9756 2.289233e+01
9799 2.289154e+01
9823 2.288912e+01
9901 2.288908e+01
9934 2.288855e+01
9966 2.288796e+01
10062 2.288744e+01
10091 2.288670e+01
10218 2.288669e+01
10336 2.288662e+01
10344 2.288595e+01
10396 2.288587e+01
10595 2.288560e+01
10623 2.288548e+01
10639 2.288540e+01
10665 2.288521e+01
10696 2.288520e+01
10725 2.288492e+01
10821 2.288468e+01
10836 2.288464e+01
10876 2.288462e+01
10890 2.288453e+01
10914 2.288444e+01
11090 2.288438e+01
11146 2.288435e+01
11201 2.288432e+01
11264 2.288432e+01
11290 2.288426e+01
11372 2.288423e+01
11420 2.288418e+01
11501 2.288412e+01
11688 2.288412e+01
11706 2.288409e+01
11849 2.288409e+01
11967 2.288408e+01
12000 2.288408e+01
12025 2.288407e+01
12238 2.288406e+01
12345 2.288406e+01
12384 2.288406e+01
12445 2.288406e+01
12524 2.288406e+01
12526 2.288406e+01
12587 2.288406e+01
12600 2.288405e+01
12669 2.288405e+01
12718 2.288405e+01
12759 2.288405e+01
12817 2.288405e+01
12831 2.288405e+01
12898 2.288405e+01
12940 2.288405e+01
13005 2.288405e+01
13051 2.288405e+01
13071 2.288405e+01
13086 2.288405e+01
13117 2.288405e+01
13132 2.288405e+01
13235 2.288405e+01
13334 2.288405e+01
13342 2.288405e+01
13361 2.288405e+01
13379 2.288405e+01
13518 2.288405e+01
13543 2.288405e+01
13614 2.288405e+01
13689 2.288405e+01
13731 2.288405e+01
13789 2.288405e+01
13874 2.288405e+01
13948 2.288405e+01
13978 2.288405e+01
13983 2.288405e+01
14000 2.288405e+01
14005 2.288405e+01
14015 2.288405e+01
14064 2.288405e+01
14085 2.288405e+01
14185 2.288405e+01
14302 2.288405e+01
14405 2.288405e+01
14411 2.288405e+01
14414 2.288405e+01
14426 2.288405e+01
14439 2.288405e+01
14499 2.288405e+01
14544 2.288405e+01
14559 2.288405e+01
14586 2.288405e+01
14592 2.288405e+01
14720 2.288405e+01
14736 2.288405e+01
14748 2.288405e+01
14786 2.288405e+01
14805 2.288405e+01
14811 2.288405e+01
14814 2.288405e+01
14842 2.288405e+01
14892 2.288405e+01
14910 2.288405e+01
14937 2.288405e+01
14984 2.288405e+01
15011 2.288405e+01
15053 2.288405e+01
15156 2.288405e+01
15193 2.288405e+01
15295 2.288405e+01
15335 2.288405e+01
15373 2.288405e+01
15579 2.288405e+01
15582 2.288405e+01
15634 2.288405e+01
15662 2.288405e+01
15666 2.288405e+01
15694 2.288405e+01
15806 2.288405e+01
15815 2.288405e+01
15867 2.288405e+01
15930 2.288405e+01
16094 2.288405e+01
16161 2.288405e+01
16169 2.288405e+01
16255 2.288405e+01
16273 2.288405e+01
16292 2.288405e+01
16328 2.288405e+01
16378 2.288405e+01
16414 2.288405e+01
16450 2.288405e+01
16562 2.288405e+01
16583 2.288405e+01
16610 2.288405e+01
16634 2.288405e+01
16677 2.288405e+01
16701 2.288405e+01
31526 2.262088e+01
31716 1.990830e+01
31898 1.939857e+01
31939 1.813928e+01
32069 1.661761e+01
32436 1.475390e+01
32794 1.423681e+01
32799 1.285541e+01
33083 1.270990e+01
33099 1.230534e+01
33101 1.009852e+01
33249 9.988107e+00
33406 9.409018e+00
33487 9.304745e+00
33642 9.160271e+00
33705 8.269004e+00
33909 8.070575e+00
34103 7.896179e+00
34143 7.863147e+00
34163 7.654472e+00
34179 7.464414e+00
34211 7.077491e+00
34502 7.069968e+00
34604 6.934730e+00
34636 6.903164e+00
34723 6.874090e+00
34759 6.839924e+00
34781 6.744286e+00
34918 6.724680e+00
35023 6.543106e+00
35200 6.474514e+00
35489 6.400538e+00
35572 6.397167e+00
35575 6.374564e+00
35682 6.261236e+00
35874 6.228167e+00
36028 6.225762e+00
36086 6.131110e+00
36169 6.124714e+00
36384 6.083930e+00
36603 6.061642e+00
36941 6.055997e+00
36951 6.037715e+00
37072 6.030857e+00
37076 6.025900e+00
37097 6.011722e+00
37200 6.003336e+00
37620 6.003011e+00
37639 6.002660e+00
37834 6.001952e+00
37845 6.000923e+00
37877 6.000430e+00
37882 5.998036e+00
37898 5.989676e+00
38248 5.989632e+00
38435 5.984183e+00
38553 5.983004e+00
38680 5.982991e+00
38720 5.982443e+00
38839 5.982426e+00
38863 5.981393e+00
38903 5.980464e+00
38969 5.978979e+00
39021 5.978203e+00
39046 5.977209e+00
39047 5.977086e+00
39117 5.976746e+00
39144 5.976454e+00
39169 5.976031e+00
39223 5.974909e+00
39361 5.974608e+00
39464 5.973318e+00
39593 5.973273e+00
39665 5.972117e+00
39671 5.971845e+00
39846 5.971651e+00
39958 5.971514e+00
39999 5.971452e+00
40154 5.971348e+00
40191 5.971127e+00
40421 5.971024e+00
40439 5.970727e+00
40559 5.970702e+00
40973 5.970589e+00
40998 5.970550e+00
41016 5.970518e+00
41038 5.970517e+00
41108 5.970466e+00
41144 5.970374e+00
41179 5.970353e+00
41222 5.970265e+00
41280 5.970230e+00
41541 5.970209e+00
41543 5.970196e+00
41595 5.970150e+00
41631 5.970104e+00
41644 5.970048e+00
41833 5.970008e+00
41912 5.969953e+00
42038 5.969949e+00
42155 5.969901e+00
42317 5.969893e+00
42371 5.969861e+00
42542 5.969842e+00
42880 5.969839e+00
42907 5.969811e+00
43268 5.969806e+00
43456 5.969804e+00
43559 5.969797e+00
43753 5.969793e+00
43804 5.969781e+00
44107 5.969776e+00
44599 5.969775e+00
44679 5.969774e+00
44700 5.969767e+00
44824 5.969766e+00
44935 5.969765e+00
146479 5.716507e+00
146584 5.490780e+00
146773 5.336058e+00
147015 5.288811e+00
147287 5.191538e+00
147369 5.177539e+00
147417 5.168499e+00
147654 4.716193e+00
147982 4.304758e+00
149310 4.288555e+00
149320 4.247100e+00
149424 4.223396e+00
149681 4.172605e+00
149718 4.150164e+00
149876 4.142198e+00
149903 4.139509e+00
149905 4.086094e+00
150369 4.085171e+00
150475 4.080184e+00
150513 4.058199e+00
150541 4.045925e+00
150639 4.037813e+00
150646 4.034465e+00
150768 4.031315e+00
150923 4.029647e+00
150943 4.028647e+00
151000 4.019910e+00
151019 4.019006e+00
151093 4.013992e+00
151268 4.004327e+00
151663 4.001048e+00
151724 4.000209e+00
151865 3.995052e+00
151896 3.993042e+00
152371 3.992819e+00
152391 3.992181e+00
152412 3.990924e+00
152481 3.990831e+00
152585 3.988741e+00
152590 3.988538e+00
152619 3.987811e+00
152693 3.986189e+00
152906 3.985368e+00
152955 3.983671e+00
153277 3.982877e+00
153415 3.982759e+00
153522 3.981499e+00
153831 3.981345e+00
154049 3.981029e+00
154151 3.980996e+00
154223 3.980929e+00
154235 3.980916e+00
154278 3.980876e+00
154334 3.980711e+00
154338 3.980671e+00
154516 3.980537e+00
154551 3.980302e+00
154855 3.980300e+00
155027 3.980287e+00
155207 3.980282e+00
155226 3.980282e+00
155265 3.980265e+00
155269 3.980212e+00
155342 3.980154e+00
155406 3.980137e+00
155408 3.980041e+00
155911 3.980026e+00
155990 3.979980e+00
156195 3.979978e+00
156235 3.979943e+00
156453 3.979908e+00
156943 3.979902e+00
157196 3.979892e+00
157281 3.979878e+00
157519 3.979870e+00
157674 3.979861e+00
157818 3.979858e+00
157877 3.979858e+00
158025 3.979857e+00
158060 3.979856e+00
158131 3.979855e+00
158151 3.979855e+00
158155 3.979851e+00
158184 3.979849e+00
158434 3.979849e+00
158496 3.979848e+00
158642 3.979847e+00
158644 3.979846e+00
158685 3.979843e+00
158834 3.979842e+00
159186 3.979842e+00
159199 3.979842e+00
159267 3.979840e+00
159498 3.979839e+00
159659 3.979839e+00
159855 3.979839e+00
159857 3.979839e+00
159905 3.979839e+00
160027 3.979838e+00
160036 3.979838e+00
160109 3.979838e+00
160136 3.979838e+00
160199 3.979838e+00
160233 3.979838e+00
160310 3.979838e+00
160376 3.979837e+00
160610 3.979837e+00
160665 3.979837e+00
161169 3.979837e+00
161189 3.979837e+00
161195 3.979837e+00
161240 3.979837e+00
161474 3.979837e+00
161659 3.979836e+00
161768 3.979836e+00
161896 3.979836e+00
161915 3.979836e+00
161995 3.979836e+00
162053 3.979836e+00
162215 3.979836e+00
162267 3.979836e+00
162823 3.979836e+00
162842 3.979836e+00
162941 3.979836e+00
163109 3.979836e+00
163154 3.979836e+00
163407 3.979836e+00
163462 3.979836e+00
163492 3.979836e+00
163543 3.979836e+00
163843 3.979836e+00
163875 3.979836e+00
163955 3.979836e+00
163984 3.979836e+00
164074 3.979836e+00
164312 3.979836e+00
164433 3.979836e+00
164491 3.979836e+00
164496 3.979836e+00
164649 3.979836e+00
164884 3.979836e+00
165144 3.979836e+00
165179 3.979836e+00
165361 3.979836e+00
165535 3.979836e+00
165553 3.979836e+00
165690 3.979836e+00
165836 3.979836e+00
165887 3.979836e+00
166064 3.979836e+00
166226 3.979836e+00
166395 3.979836e+00
166426 3.979836e+00
166590 3.979836e+00
166593 3.979836e+00
166604 3.979836e+00
166614 3.979836e+00
166652 3.979836e+00
166704 3.979836e+00
166880 3.979836e+00
167074 3.979836e+00
167088 3.979836e+00
167447 3.979836e+00
167468 3.979836e+00
167535 3.979836e+00
167707 3.979836e+00
168256 3.979836e+00
168396 3.979836e+00
168532 3.979836e+00
168595 3.979836e+00
207566 3.793482e+00
207629 3.680241e+00
207728 3.243212e+00
207800 3.061896e+00
207833 2.730379e+00
208022 2.548397e+00
208660 2.429598e+00
208903 2.289015e+00
209004 2.138212e+00
209066 2.035028e+00
209113 1.942063e+00
209489 1.883138e+00
209526 1.541004e+00
210452 1.472410e+00
210673 1.450844e+00
210898 1.412891e+00
211152 1.412443e+00
211154 1.310356e+00
211365 1.289149e+00
211701 1.274296e+00
211821 1.222647e+00
211895 1.172671e+00
212268 1.159241e+00
212517 1.109215e+00
213000 1.105656e+00
213114 1.080723e+00
213145 1.075590e+00
213661 1.068342e+00
213942 1.038793e+00
214512 1.038591e+00
214771 1.020186e+00
215765 1.018399e+00
215800 1.008625e+00
216657 1.006993e+00
216731 1.006949e+00
216868 1.005054e+00
216943 1.003558e+00
217017 1.002857e+00
217320 1.002037e+00
217453 1.001255e+00
217593 1.000249e+00
217748 1.000020e+00
217989 9.985924e-01
218512 9.981353e-01
218530 9.972947e-01
218923 9.969638e-01
219274 9.965748e-01
219433 9.965436e-01
219659 9.964807e-01
219713 9.964292e-01
219813 9.962427e-01
219915 9.959226e-01
219934 9.956988e-01
220083 9.956910e-01
220516 9.955621e-01
220999 9.954115e-01
221358 9.952924e-01
221859 9.952125e-01
221914 9.951060e-01
222723 9.951005e-01
222935 9.950779e-01
223126 9.950772e-01
223156 9.950723e-01
223335 9.950581e-01
223464 9.950510e-01
223655 9.950508e-01
223737 9.950426e-01
223774 9.950344e-01
223962 9.950278e-01
224114 9.950264e-01
224160 9.950214e-01
224358 9.950187e-01
224403 9.950086e-01
224459 9.950004e-01
224918 9.949950e-01
225061 9.949943e-01
225124 9.949905e-01
225306 9.949875e-01
225317 9.949860e-01
225355 9.949859e-01
225381 9.949795e-01
225740 9.949784e-01
225745 9.949759e-01
225951 9.949757e-01
226077 9.949755e-01
226120 9.949755e-01
226144 9.949699e-01
226531 9.949696e-01
226726 9.949681e-01
226799 9.949666e-01
227136 9.949646e-01
227945 9.949645e-01
227953 9.949631e-01
228323 9.949630e-01
228337 9.949621e-01
228393 9.949617e-01
228760 9.949613e-01
228956 9.949609e-01
229565 9.949606e-01
229781 9.949605e-01
229844 9.949603e-01
230164 9.949599e-01
230339 9.949599e-01
230467 9.949599e-01
230609 9.949598e-01
230746 9.949597e-01
230789 9.949595e-01
230925 9.949595e-01
231330 9.949595e-01
231372 9.949595e-01
231516 9.949595e-01
231564 9.949594e-01
231566 9.949593e-01
232372 9.949593e-01
232767 9.949593e-01
232807 9.949592e-01
233045 9.949592e-01
233067 9.949592e-01
233588 9.949592e-01
233611 9.949592e-01
233712 9.949592e-01
233769 9.949592e-01
234128 9.949591e-01
234174 9.949591e-01
234344 9.949591e-01
234571 9.949591e-01
234788 9.949591e-01
234904 9.949591e-01
235272 9.949591e-01
235582 9.949591e-01
235888 9.949591e-01
236132 9.949591e-01
236161 9.949591e-01
236658 9.949591e-01
236910 9.949591e-01
237079 9.949591e-01
237183 9.949591e-01
237545 9.949591e-01
237714 9.949591e-01
238095 9.949591e-01
238329 9.949591e-01
238391 9.949591e-01
238555 9.949591e-01
238757 9.949591e-01
239291 9.949591e-01
239426 9.949591e-01
239505 9.949591e-01
239576 9.949591e-01
239761 9.949591e-01
239855 9.949591e-01
240116 9.949591e-01
240134 9.949591e-01
240154 9.949591e-01
240443 9.949591e-01
240545 9.949591e-01
240659 9.949591e-01
240753 9.949591e-01
240927 9.949591e-01
241188 9.949591e-01
241281 9.949591e-01
241345 9.949591e-01
241348 9.949591e-01
241467 9.949591e-01
241610 9.949591e-01
241636 9.949591e-01
241874 9.949591e-01
242118 9.949591e-01
242142 9.949591e-01
242731 9.949591e-01
242804 9.949591e-01
242865 9.949591e-01
243351 9.949591e-01
243357 9.949591e-01
243780 9.949591e-01
243971 9.949591e-01
244057 9.949591e-01
