1 4.734969e+03
2 4.120166e+03
10 3.277990e+03
17 2.973630e+03
397 2.596000e+03
408 2.237198e+03
434 1.932410e+03
587 1.713304e+03
622 1.612896e+03
646 1.590679e+03
688 1.503364e+03
695 1.398765e+03
763 1.391680e+03
819 1.312453e+03
844 1.287359e+03
852 1.226929e+03
853 1.115906e+03
939 1.018891e+03
1008 1.012743e+03
1017 9.914288e+02
1019 8.762697e+02
1044 8.654011e+02
1069 8.620701e+02
1133 8.577510e+02
1166 8.446124e+02
1182 8.159841e+02
1202 7.760427e+02
1264 7.727934e+02
1287 7.418909e+02
1314 7.288941e+02
1384 7.186929e+02
1439 6.971096e+02
1454 6.897030e+02
1460 6.382123e+02
1538 6.038948e+02
1567 5.474962e+02
2044 5.316162e+02
2105 5.266734e+02
2109 5.215731e+02
2113 5.024913e+02
2205 4.839124e+02
2507 4.827747e+02
2569 4.812092e+02
2864 4.446038e+02
3234 4.371909e+02
3502 4.181536e+02
4582 3.893108e+02
6017 3.847780e+02
6082 3.715272e+02
6603 3.643881e+02
6653 3.529594e+02
6696 3.439314e+02
6753 3.360372e+02
6816 3.205127e+02
6918 2.844287e+02
6977 2.629453e+02
7070 2.342237e+02
7354 2.259262e+02
7461 2.238381e+02
7749 2.177701e+02
7760 1.933562e+02
7974 1.632746e+02
8023 1.572499e+02
8053 1.542187e+02
8107 1.524571e+02
8108 1.418389e+02
8137 1.379666e+02
8284 1.289081e+02
8311 1.271135e+02
8338 1.190028e+02
8391 1.139168e+02
8398 9.763550e+01
8579 9.520231e+01
8596 8.826065e+01
8752 7.940497e+01
8783 7.561266e+01
8838 7.067174e+01
8880 6.575944e+01
9059 6.269279e+01
9100 5.911231e+01
9132 5.331461e+01
9223 5.273124e+01
9286 5.178059e+01
9402 5.084013e+01
9487 4.674813e+01
9646 4.671229e+01
9655 4.641433e+01
9669 4.609928e+01
9674 4.537693e+01
9695 4.451015e+01
9712 4.365873e+01
9713 4.357670e+01
9736 4.326958e+01
9904 4.281206e+01
10034 4.220407e+01
10036 4.077533e+01
10082 4.018921e+01
10195 4.002089e+01
10228 3.969700e+01
10273 3.963513e+01
10327 3.961672e+01
10338 3.953652e+01
10374 3.928083e+01
10385 3.911322e+01
10392 3.902667e+01
10398 3.874234e+01
10474 3.861998e+01
10508 3.815221e+01
10697 3.807153e+01
10712 3.791991e+01
10761 3.769748e+01
10857 3.760935e+01
10870 3.746423e+01
11053 3.744978e+01
11060 3.744181e+01
11091 3.743852e+01
11124 3.738849e+01
11132 3.724699e+01
11284 3.722011e+01
11292 3.721987e+01
11299 3.711894e+01
11312 3.711488e+01
11355 3.708003e+01
11510 3.704012e+01
11564 3.698002e+01
11783 3.693982e+01
11827 3.693193e+01
12021 3.692975e+01
12066 3.692972e+01
12086 3.692814e+01
12104 3.692302e+01
12110 3.689412e+01
12162 3.688835e+01
12225 3.688013e+01
12235 3.687805e+01
12314 3.686953e+01
12392 3.686869e+01
12395 3.686451e+01
12398 3.686272e+01
12454 3.685777e+01
12471 3.685526e+01
12515 3.685052e+01
12566 3.684801e+01
12598 3.684740e+01
12600 3.684518e+01
12683 3.684478e+01
12691 3.683941e+01
12706 3.683820e+01
12723 3.683503e+01
12815 3.683195e+01
12861 3.682970e+01
13010 3.682583e+01
13108 3.682270e+01
13192 3.682213e+01
13377 3.682127e+01
13381 3.682037e+01
13433 3.682029e+01
13497 3.681893e+01
13588 3.681852e+01
13642 3.681818e+01
13649 3.681796e+01
13678 3.681728e+01
13791 3.681649e+01
13928 3.681643e+01
13933 3.681624e+01
14018 3.681577e+01
14080 3.681571e+01
14081 3.681571e+01
14130 3.681565e+01
14158 3.681559e+01
14195 3.681541e+01
14366 3.681537e+01
14371 3.681508e+01
14441 3.681493e+01
14507 3.681480e+01
14530 3.681479e+01
14532 3.681461e+01
14563 3.681455e+01
14590 3.681432e+01
14779 3.681420e+01
14821 3.681409e+01
14954 3.681401e+01
14971 3.681399e+01
15072 3.681391e+01
15115 3.681387e+01
15136 3.681383e+01
15194 3.681380e+01
15233 3.681373e+01
15386 3.681373e+01
15389 3.681368e+01
15480 3.681368e+01
15498 3.681367e+01
15514 3.681367e+01
15517 3.681365e+01
15531 3.681363e+01
15543 3.681361e+01
15553 3.681360e+01
15667 3.681359e+01
15680 3.681359e+01
15727 3.681358e+01
15744 3.681358e+01
15796 3.681357e+01
15828 3.681355e+01
16042 3.681354e+01
16079 3.681354e+01
16125 3.681354e+01
16138 3.681353e+01
16165 3.681353e+01
16188 3.681352e+01
16249 3.681352e+01
16335 3.681351e+01
16434 3.681350e+01
16494 3.681350e+01
16507 3.681350e+01
16668 3.681349e+01
16678 3.681349e+01
16701 3.681349e+01
16734 3.681349e+01
16751 3.681349e+01
16780 3.681349e+01
16821 3.681349e+01
16868 3.681349e+01
16905 3.681349e+01
16936 3.681348e+01
17019 3.681348e+01
17054 3.681348e+01
17076 3.681348e+01
17096 3.681348e+01
17167 3.681348e+01
17268 3.681348e+01
17286 3.681348e+01
17393 3.681348e+01
17421 3.681348e+01
17448 3.681348e+01
17496 3.681348e+01
17558 3.681348e+01
17608 3.681348e+01
17659 3.681348e+01
17693 3.681348e+01
17704 3.681348e+01
17711 3.681348e+01
17726 3.681348e+01
17731 3.681348e+01
17738 3.681348e+01
17753 3.681348e+01
17808 3.681348e+01
17867 3.681348e+01
17965 3.681348e+01
17970 3.681348e+01
17981 3.681348e+01
17982 3.681348e+01
18034 3.681348e+01
18142 3.681348e+01
18149 3.681348e+01
18390 3.681348e+01
18416 3.681348e+01
18503 3.681348e+01
18530 3.681348e+01
18665 3.681348e+01
18694 3.681348e+01
18710 3.681348e+01
18732 3.681348e+01
18751 3.681348e+01
18756 3.681348e+01
18798 3.681348e+01
18812 3.681348e+01
18844 3.681348e+01
18850 3.681348e+01
18938 3.681348e+01
19147 3.681348e+01
19190 3.681348e+01
19246 3.681348e+01
19270 3.681348e+01
19310 3.681348e+01
19337 3.681348e+01
19350 3.681348e+01
19372 3.681348e+01
19373 3.681348e+01
19374 3.681348e+01
19376 3.681348e+01
19412 3.681348e+01
19413 3.681348e+01
19428 3.681348e+01
19463 3.681348e+01
19554 3.681348e+01
19595 3.681348e+01
19660 3.681348e+01
19667 3.681348e+01
19679 3.681348e+01
19696 3.681348e+01
19891 3.681348e+01
20069 3.681348e+01
20087 3.681348e+01
20136 3.681348e+01
20187 3.681348e+01
20238 3.681348e+01
20275 3.681348e+01
20286 3.681348e+01
20298 3.681348e+01
20336 3.681348e+01
20400 3.681348e+01
20409 3.681348e+01
20419 3.681348e+01
20487 3.681348e+01
20495 3.681348e+01
20534 3.681348e+01
20561 3.681348e+01
20590 3.681348e+01
20656 3.681348e+01
20834 3.681348e+01
20856 3.681348e+01
20921 3.681348e+01
20929 3.681348e+01
20934 3.681348e+01
20938 3.681348e+01
20979 3.681348e+01
20997 3.681348e+01
21028 3.681348e+01
21049 3.681348e+01
21077 3.681348e+01
21184 3.681348e+01
21249 3.681348e+01
21265 3.681348e+01
21335 3.681348e+01
21367 3.681348e+01
21418 3.681348e+01
21424 3.681348e+01
21455 3.681348e+01
21509 3.681348e+01
21548 3.681348e+01
21567 3.681348e+01
21593 3.681348e+01
21636 3.681348e+01
21743 3.681348e+01
21752 3.681348e+01
21761 3.681348e+01
21829 3.681348e+01
21922 3.681348e+01
21956 3.681348e+01
21982 3.681348e+01
22028 3.681348e+01
22094 3.681348e+01
22147 3.681348e+01
22164 3.681348e+01
22191 3.681348e+01
22256 3.681348e+01
22263 3.681348e+01
22285 3.681348e+01
22320 3.681348e+01
22527 3.681348e+01
22568 3.681348e+01
22581 3.681348e+01
22616 3.681348e+01
22758 3.681348e+01
22796 3.681348e+01
22872 3.681348e+01
22957 3.681348e+01
22962 3.681348e+01
23069 3.681348e+01
23145 3.681348e+01
23169 3.681348e+01
23257 3.681348e+01
23261 3.681348e+01
23271 3.681348e+01
23439 3.681348e+01
23450 3.681348e+01
23514 3.681348e+01
23550 3.681348e+01
23634 3.681348e+01
23700 3.681348e+01
23701 3.681348e+01
23738 3.681348e+01
54224 3.438773e+01
54325 3.435909e+01
54356 3.174213e+01
54451 2.845640e+01
54671 2.322326e+01
54911 2.042906e+01
55025 1.946296e+01
55309 1.924421e+01
55469 1.835726e+01
55815 1.831799e+01
55884 1.694836e+01
55899 1.588464e+01
56073 1.496699e+01
56125 1.447028e+01
56352 1.431504e+01
56378 1.360853e+01
56779 1.338687e+01
56927 1.281551e+01
57194 1.247356e+01
57473 1.214392e+01
57523 1.141321e+01
57815 1.090883e+01
57956 1.069150e+01
58181 1.043026e+01
58243 1.028534e+01
58371 9.485425e+00
58623 9.432980e+00
58824 9.216055e+00
59266 9.152979e+00
59272 9.079668e+00
59375 8.879478e+00
59466 8.869744e+00
59567 8.752550e+00
59587 8.664686e+00
59798 8.594642e+00
59876 8.524229e+00
60085 8.502905e+00
60242 8.396333e+00
60370 8.358594e+00
60932 8.264988e+00
61250 8.251703e+00
61640 8.242402e+00
61708 8.239755e+00
61885 8.217003e+00
61888 8.209558e+00
61942 8.190033e+00
62062 8.188339e+00
62117 8.147656e+00
62259 8.126708e+00
62492 8.108728e+00
62793 8.103899e+00
62802 8.095039e+00
62860 8.086311e+00
62930 8.077145e+00
63120 8.050339e+00
63311 8.039437e+00
63479 8.036599e+00
63579 8.029102e+00
63762 8.027494e+00
63803 8.024388e+00
63811 8.019854e+00
63823 8.014712e+00
64072 8.013171e+00
64136 8.009856e+00
64322 7.995743e+00
64641 7.995107e+00
64703 7.992719e+00
64717 7.988696e+00
64851 7.988110e+00
64933 7.987862e+00
65001 7.981858e+00
65147 7.980992e+00
65325 7.971608e+00
65697 7.971560e+00
65729 7.971255e+00
66072 7.969637e+00
66364 7.968202e+00
66500 7.968155e+00
66632 7.967017e+00
66932 7.966275e+00
66992 7.966137e+00
67033 7.965613e+00
67057 7.965276e+00
67068 7.964584e+00
67523 7.964538e+00
67525 7.964440e+00
67542 7.964261e+00
67607 7.964033e+00
67623 7.963887e+00
67688 7.963299e+00
67784 7.963085e+00
67952 7.962636e+00
67961 7.962090e+00
68236 7.961848e+00
68346 7.961823e+00
68431 7.961641e+00
68443 7.961137e+00
68466 7.961070e+00
68661 7.961051e+00
68731 7.961048e+00
68845 7.961035e+00
68913 7.960962e+00
68982 7.960895e+00
68988 7.960728e+00
69189 7.960651e+00
69244 7.960549e+00
69265 7.960519e+00
69351 7.960493e+00
69494 7.960464e+00
69505 7.960430e+00
69556 7.960413e+00
69626 7.960412e+00
69630 7.960364e+00
69655 7.960360e+00
69701 7.960357e+00
69766 7.960220e+00
70033 7.960188e+00
70175 7.960110e+00
70188 7.960080e+00
70346 7.960037e+00
70402 7.960025e+00
70422 7.959982e+00
70537 7.959967e+00
70586 7.959937e+00
70720 7.959936e+00
70762 7.959933e+00
70855 7.959914e+00
71014 7.959860e+00
71248 7.959830e+00
71598 7.959827e+00
71635 7.959823e+00
71703 7.959813e+00
71781 7.959808e+00
71797 7.959788e+00
71962 7.959786e+00
72043 7.959764e+00
72173 7.959759e+00
72297 7.959751e+00
72556 7.959748e+00
72573 7.959744e+00
72599 7.959742e+00
72635 7.959738e+00
72837 7.959726e+00
72909 7.959720e+00
73398 7.959712e+00
73489 7.959710e+00
73510 7.959708e+00
73557 7.959699e+00
73973 7.959699e+00
74095 7.959696e+00
74246 7.959696e+00
74299 7.959692e+00
74431 7.959690e+00
74561 7.959690e+00
74595 7.959688e+00
74727 7.959687e+00
74834 7.959684e+00
74957 7.959684e+00
209828 7.939975e+00
209918 7.862985e+00
209929 7.861473e+00
209989 7.781038e+00
210108 7.734719e+00
210347 7.707612e+00
210390 7.506897e+00
210519 7.506055e+00
210631 7.397665e+00
210891 7.362973e+00
210955 7.331200e+00
211196 7.320845e+00
211230 7.254715e+00
211526 7.231049e+00
211637 7.188011e+00
211781 7.168560e+00
212033 7.140218e+00
212070 7.134925e+00
212219 7.126538e+00
212260 7.123663e+00
212297 7.110137e+00
212388 7.109719e+00
212450 7.103645e+00
212469 7.091787e+00
212489 7.088246e+00
212552 7.082318e+00
212578 7.055900e+00
212769 7.047698e+00
212860 7.044095e+00
213234 7.043407e+00
213252 7.042448e+00
213257 7.035211e+00
213269 7.016152e+00
213594 7.009314e+00
213791 7.008500e+00
213875 7.004029e+00
214032 7.002721e+00
214252 7.002222e+00
214309 7.000266e+00
214329 6.997093e+00
214404 6.991352e+00
214459 6.987228e+00
214605 6.984521e+00
214783 6.976749e+00
215530 6.974973e+00
215730 6.974556e+00
216055 6.973125e+00
216390 6.972406e+00
216515 6.971918e+00
216729 6.971501e+00
216873 6.970232e+00
216883 6.970035e+00
217037 6.969945e+00
217110 6.969696e+00
217118 6.969075e+00
217145 6.968624e+00
217166 6.968360e+00
217317 6.968037e+00
217419 6.967882e+00
217521 6.967727e+00
217563 6.967403e+00
217896 6.966880e+00
217901 6.966602e+00
218190 6.966582e+00
218336 6.966545e+00
218421 6.966478e+00
218430 6.966325e+00
218440 6.966248e+00
218446 6.965932e+00
218702 6.965925e+00
218809 6.965883e+00
218952 6.965744e+00
218972 6.965598e+00
219113 6.965497e+00
219305 6.965482e+00
219379 6.965468e+00
219381 6.965441e+00
219423 6.965251e+00
219633 6.965158e+00
219804 6.965108e+00
220077 6.965096e+00
220149 6.965039e+00
220313 6.965002e+00
220390 6.964989e+00
220472 6.964940e+00
220871 6.964930e+00
220890 6.964924e+00
220985 6.964920e+00
221056 6.964900e+00
221093 6.964896e+00
221161 6.964840e+00
221498 6.964835e+00
221501 6.964834e+00
221627 6.964832e+00
221628 6.964831e+00
221631 6.964808e+00
221755 6.964795e+00
221832 6.964794e+00
221895 6.964792e+00
221938 6.964791e+00
222057 6.964789e+00
222116 6.964781e+00
222193 6.964780e+00
222318 6.964774e+00
222386 6.964772e+00
222486 6.964772e+00
222718 6.964769e+00
222719 6.964764e+00
222754 6.964762e+00
222825 6.964759e+00
222844 6.964755e+00
222856 6.964751e+00
223015 6.964744e+00
223388 6.964743e+00
223553 6.964742e+00
223588 6.964742e+00
223660 6.964741e+00
223704 6.964736e+00
223884 6.964736e+00
224005 6.964736e+00
224046 6.964734e+00
224078 6.964733e+00
224091 6.964732e+00
224185 6.964730e+00
224306 6.964728e+00
224444 6.964727e+00
224514 6.964726e+00
224661 6.964725e+00
224704 6.964724e+00
224830 6.964723e+00
224852 6.964723e+00
224954 6.964721e+00
225083 6.964721e+00
225162 6.964720e+00
225294 6.964720e+00
225351 6.964719e+00
225403 6.964719e+00
225466 6.964718e+00
225512 6.964718e+00
225616 6.964718e+00
225625 6.964718e+00
225633 6.964718e+00
225791 6.964717e+00
226123 6.964716e+00
226282 6.964716e+00
226363 6.964716e+00
226553 6.964716e+00
226558 6.964716e+00
226697 6.964716e+00
226752 6.964715e+00
227069 6.964715e+00
227213 6.964715e+00
227315 6.964715e+00
227340 6.964715e+00
227356 6.964715e+00
227441 6.964715e+00
227495 6.964715e+00
227586 6.964715e+00
228029 6.964715e+00
228151 6.964715e+00
228171 6.964714e+00
228284 6.964714e+00
228344 6.964714e+00
228481 6.964714e+00
228557 6.964714e+00
228572 6.964714e+00
228730 6.964714e+00
228752 6.964714e+00
228917 6.964714e+00
229186 6.964714e+00
229343 6.964714e+00
229428 6.964714e+00
229535 6.964714e+00
229613 6.964714e+00
229633 6.964714e+00
229703 6.964714e+00
229809 6.964714e+00
229829 6.964714e+00
229916 6.964714e+00
229945 6.964714e+00
230036 6.964714e+00
230102 6.964714e+00
230207 6.964714e+00
230231 6.964714e+00
230271 6.964714e+00
230305 6.964714e+00
230409 6.964714e+00
230595 6.964714e+00
230729 6.964714e+00
230738 6.964714e+00
230879 6.964714e+00
231012 6.964713e+00
231103 6.964713e+00
231145 6.964713e+00
231330 6.964713e+00
231351 6.964713e+00
231708 6.964713e+00
231712 6.964713e+00
231738 6.964713e+00
231918 6.964713e+00
231985 6.964713e+00
232155 6.964713e+00
232165 6.964713e+00
232222 6.964713e+00
232288 6.964713e+00
232392 6.964713e+00
232483 6.964713e+00
232625 6.964713e+00
232667 6.964713e+00
232917 6.964713e+00
232983 6.964713e+00
233061 6.964713e+00
233068 6.964713e+00
233123 6.964713e+00
233151 6.964713e+00
233213 6.964713e+00
233495 6.964713e+00
233754 6.964713e+00
233760 6.964713e+00
233835 6.964713e+00
233890 6.964713e+00
233957 6.964713e+00
233991 6.964713e+00
234141 6.964713e+00
234292 6.964713e+00
234338 6.964713e+00
234434 6.964713e+00
234454 6.964713e+00
234478 6.964713e+00
234530 6.964713e+00
234539 6.964713e+00
234575 6.964713e+00
234771 6.964713e+00
234788 6.964713e+00
234915 6.964713e+00
234926 6.964713e+00
235135 6.964713e+00
235259 6.964713e+00
235262 6.964713e+00
235265 6.964713e+00
235351 6.964713e+00
235405 6.964713e+00
235614 6.964713e+00
235820 6.964713e+00
235880 6.964713e+00
235885 6.964713e+00
236014 6.964713e+00
236270 6.964713e+00
236388 6.964713e+00
236544 6.964713e+00
236701 6.964713e+00
236749 6.964713e+00
236816 6.964713e+00
236828 6.964713e+00
236937 6.964713e+00
237320 6.964713e+00
237348 6.964713e+00
237432 6.964713e+00
237596 6.964713e+00
237623 6.964713e+00
237708 6.964713e+00
237726 6.964713e+00
237888 6.964713e+00
237976 6.964713e+00
237984 6.964713e+00
238152 6.964713e+00
238219 6.964713e+00
238262 6.964713e+00
238264 6.964713e+00
238434 6.964713e+00
238646 6.964713e+00
238726 6.964713e+00
238808 6.964713e+00
238822 6.964713e+00
