1 2.511208e+09
3 5.900587e+08
46 4.289650e+08
141 1.379991e+08
176 1.052183e+08
210 1.027772e+08
211 9.648854e+07
264 6.665247e+07
269 5.172612e+07
369 1.093318e+07
563 9.527433e+06
606 3.260694e+06
817 3.246994e+06
838 3.087296e+06
957 2.915265e+06
988 2.557563e+06
1004 2.187028e+06
1046 1.648282e+06
1112 1.506675e+06
1183 1.278101e+06
1220 1.274387e+06
1244 1.146109e+06
1246 8.678228e+05
1260 8.654302e+05
1352 6.513587e+05
1420 5.207814e+05
1424 3.986213e+05
1525 2.818712e+05
1680 2.726505e+05
1681 2.692805e+05
1717 2.577827e+05
1729 2.115440e+05
1741 1.975000e+05
1762 1.969185e+05
1842 1.760198e+05
1909 1.731567e+05
1917 1.476400e+05
1920 1.474025e+05
1944 1.344263e+05
1957 1.334306e+05
2021 1.307709e+05
2037 1.251229e+05
2045 1.242216e+05
2065 1.200741e+05
2074 9.199707e+04
2122 8.503937e+04
2158 7.340461e+04
2169 6.856591e+04
2188 5.376192e+04
2252 5.249128e+04
2330 2.444276e+04
2387 2.390354e+04
2403 2.244885e+04
2411 1.474960e+04
2508 1.156367e+04
2564 8.988699e+03
2570 5.192065e+03
2735 4.941082e+03
2748 4.245914e+03
2760 3.752057e+03
2793 2.587152e+03
2821 2.438177e+03
2861 2.000119e+03
2919 1.934402e+03
2925 1.791742e+03
2947 1.452357e+03
3017 1.441945e+03
3026 1.436249e+03
3030 1.314870e+03
3035 1.273172e+03
3060 1.214972e+03
3078 1.042698e+03
3136 1.012724e+03
3167 9.447296e+02
3175 9.132837e+02
3217 8.695745e+02
3248 8.025860e+02
3309 7.274688e+02
3323 7.161187e+02
3340 7.082294e+02
3346 5.094616e+02
3544 4.943218e+02
3565 4.609520e+02
3576 3.757601e+02
3678 3.737057e+02
3698 3.684543e+02
3743 3.393853e+02
3788 3.240441e+02
3810 2.931357e+02
3834 2.714645e+02
3863 2.530714e+02
3901 2.446364e+02
3958 2.284180e+02
3970 1.996441e+02
3975 1.962911e+02
4015 1.511373e+02
4223 1.011970e+02
4250 8.687499e+01
4356 6.714379e+01
4394 5.346503e+01
4439 2.069873e+01
4573 1.846474e+01
4731 1.815701e+01
4788 1.783956e+01
4815 1.585872e+01
4822 1.184069e+01
4869 1.180580e+01
4881 1.143781e+01
4886 9.627029e+00
4917 7.452007e+00
4999 7.213637e+00
5000 7.112885e+00
5023 5.377086e+00
5025 5.020228e+00
5033 4.398386e+00
5092 3.878443e+00
5101 3.040587e+00
5165 2.741203e+00
5269 2.427853e+00
5275 1.707801e+00
5399 1.584040e+00
5403 1.572623e+00
5424 1.362450e+00
5426 1.022897e+00
5451 9.769116e-01
5457 7.098415e-01
5481 6.064030e-01
5527 5.872873e-01
5535 5.232802e-01
5542 2.920230e-01
5654 1.921097e-01
5693 1.617787e-01
5712 1.479877e-01
5715 7.856502e-02
5793 6.745256e-02
5820 6.250681e-02
5885 6.127664e-02
5908 3.908673e-02
5942 2.741485e-02
5962 2.307454e-02
5969 1.916812e-02
5990 1.046240e-02
6088 1.018096e-02
6099 7.446304e-03
6100 6.728079e-03
6113 4.649514e-03
6144 4.443450e-03
6149 3.453900e-03
6221 1.314552e-03
6282 1.256347e-03
6338 2.342546e-04
6463 2.320263e-04
6523 9.667022e-05
6588 8.189139e-05
6609 6.396849e-05
6719 3.840129e-05
6737 3.277431e-05
6753 3.101977e-05
6764 2.262035e-05
6774 1.338693e-05
6828 6.665976e-06
6902 5.347744e-06
6963 5.258971e-06
6966 4.281357e-06
6997 4.230295e-06
7010 4.225487e-06
7014 4.162746e-06
7026 2.197025e-06
7061 1.858895e-06
7088 9.043502e-07
7226 2.481858e-07
7304 2.054048e-07
7333 1.993905e-07
7338 1.768514e-07
7390 1.490645e-07
7444 1.452160e-07
7451 9.564922e-08
7458 7.161673e-08
7484 5.853146e-08
7521 4.572931e-08
7544 1.405732e-08
7721 1.287422e-08
7727 9.640944e-09
7732 8.287497e-09
37534 6.473664e-09
