1 9.855907e+00
5 8.525399e+00
18 6.523090e+00
56 5.695082e+00
480 5.582373e+00
810 5.328214e+00
908 3.738029e+00
7025 3.421526e+00
8624 2.766245e+00
39975 2.249786e+00
46799 2.156751e+00
46800 2.156751e+00
46803 2.156751e+00
46806 2.156751e+00
46809 2.156751e+00
46812 2.156751e+00
46815 2.156751e+00
46818 2.156751e+00
46821 2.156751e+00
46824 2.156751e+00
46827 2.156751e+00
46829 2.137123e+00
46838 1.952614e+00
46839 1.952614e+00
46842 1.952614e+00
46844 1.877480e+00
46845 1.877480e+00
46847 1.767773e+00
46874 1.665254e+00
47000 1.661946e+00
47032 1.552621e+00
47116 1.551746e+00
47117 1.551746e+00
47120 1.551746e+00
47123 1.551746e+00
47126 1.551746e+00
47129 1.551746e+00
47132 1.551746e+00
47135 1.551746e+00
47138 1.551746e+00
47141 1.551746e+00
47144 1.551746e+00
47147 1.551746e+00
47149 1.445229e+00
47337 1.444719e+00
47370 1.370778e+00
47526 1.359701e+00
47527 1.359701e+00
47530 1.359701e+00
47533 1.359701e+00
47536 1.359701e+00
47539 1.359701e+00
47542 1.359701e+00
47545 1.359701e+00
47548 1.359701e+00
47551 1.359701e+00
47554 1.359701e+00
47557 1.359701e+00
47560 1.359701e+00
47562 1.333816e+00
47563 1.333816e+00
47566 1.333816e+00
47569 1.333816e+00
47572 1.333816e+00
47575 1.333816e+00
47578 1.333816e+00
47581 1.333816e+00
47584 1.333816e+00
47587 1.333816e+00
47590 1.333816e+00
47593 1.333816e+00
47596 1.333816e+00
47599 1.333816e+00
47602 1.333816e+00
47605 1.333816e+00
47608 1.333816e+00
47611 1.333816e+00
47614 1.333816e+00
47617 1.333816e+00
47620 1.333816e+00
47623 1.333816e+00
47626 1.333816e+00
47629 1.333816e+00
47632 1.333816e+00
47635 1.333816e+00
47638 1.333816e+00
47641 1.333816e+00
47644 1.333816e+00
47647 1.333816e+00
47650 1.333816e+00
47653 1.333816e+00
47656 1.333816e+00
47659 1.333816e+00
47662 1.333816e+00
47665 1.333816e+00
47668 1.333816e+00
47671 1.333816e+00
47674 1.333816e+00
47677 1.333816e+00
47680 1.333816e+00
47683 1.333816e+00
47686 1.333816e+00
47689 1.333816e+00
47692 1.333816e+00
47695 1.333816e+00
47698 1.333816e+00
47701 1.333816e+00
47704 1.333816e+00
47707 1.333816e+00
47710 1.333816e+00
47713 1.333816e+00
47716 1.333816e+00
47731 1.333816e+00
47734 1.333816e+00
47737 1.333816e+00
47743 1.333816e+00
47746 1.333816e+00
47749 1.333816e+00
47821 1.333816e+00
47824 1.333816e+00
47827 1.333816e+00
47830 1.333816e+00
47833 1.333816e+00
47836 1.333816e+00
47839 1.333816e+00
47842 1.333816e+00
47845 1.333816e+00
48037 1.333816e+00
48040 1.333816e+00
48043 1.333816e+00
48046 1.333816e+00
48049 1.333816e+00
48052 1.333816e+00
48999 1.326770e+00
49000 1.326770e+00
49003 1.326770e+00
49006 1.326770e+00
49009 1.326770e+00
49012 1.326770e+00
49015 1.326770e+00
49018 1.326770e+00
49021 1.326770e+00
49024 1.326770e+00
49026 1.325209e+00
49034 1.311956e+00
49042 1.298560e+00
49043 1.298560e+00
49046 1.298560e+00
49048 1.293828e+00
49049 1.293828e+00
49052 1.293828e+00
49055 1.293828e+00
49058 1.293828e+00
49061 1.293828e+00
49064 1.293828e+00
49067 1.293828e+00
49070 1.293828e+00
49073 1.293828e+00
49076 1.293828e+00
49079 1.293828e+00
49082 1.293828e+00
49085 1.293828e+00
49088 1.293828e+00
49091 1.293828e+00
49094 1.293828e+00
49097 1.293828e+00
49100 1.293828e+00
49103 1.293828e+00
49106 1.293828e+00
49109 1.293828e+00
49112 1.293828e+00
49115 1.293828e+00
49118 1.293828e+00
49121 1.293828e+00
49124 1.293828e+00
49127 1.293828e+00
49130 1.293828e+00
49133 1.293828e+00
49135 1.292505e+00
49136 1.292505e+00
49139 1.292505e+00
49142 1.292505e+00
49145 1.292505e+00
49148 1.292505e+00
49151 1.292505e+00
49154 1.292505e+00
49157 1.292505e+00
49160 1.292505e+00
49163 1.292505e+00
49166 1.292505e+00
49169 1.292505e+00
49172 1.292505e+00
49175 1.292505e+00
49178 1.292505e+00
49181 1.292505e+00
49184 1.292505e+00
49187 1.292505e+00
49190 1.292505e+00
49193 1.292505e+00
49196 1.292505e+00
49199 1.292505e+00
49202 1.292505e+00
49205 1.292505e+00
49208 1.292505e+00
49211 1.292505e+00
49214 1.292505e+00
49217 1.292505e+00
49220 1.292505e+00
49223 1.292505e+00
49226 1.292505e+00
49229 1.292505e+00
49232 1.292505e+00
49235 1.292505e+00
49238 1.292505e+00
49241 1.292505e+00
49244 1.292505e+00
49247 1.292505e+00
49250 1.292505e+00
49253 1.292505e+00
49256 1.292505e+00
49259 1.292505e+00
49262 1.292505e+00
49265 1.292505e+00
49268 1.292505e+00
49271 1.292505e+00
49274 1.292505e+00
49277 1.292505e+00
49280 1.292505e+00
49283 1.292505e+00
49286 1.292505e+00
49289 1.292505e+00
49292 1.292505e+00
49295 1.292505e+00
49298 1.292505e+00
49301 1.292505e+00
49304 1.292505e+00
49307 1.292505e+00
49310 1.292505e+00
49313 1.292505e+00
49316 1.292505e+00
49319 1.292505e+00
49322 1.292505e+00
49325 1.292505e+00
49328 1.292505e+00
49331 1.292505e+00
49334 1.292505e+00
49336 1.288186e+00
49363 1.286970e+00
49537 1.284829e+00
49538 1.284829e+00
49541 1.284829e+00
49544 1.284829e+00
49547 1.284829e+00
49550 1.284829e+00
49553 1.284829e+00
49556 1.284829e+00
49559 1.284829e+00
49562 1.284829e+00
49564 1.283221e+00
49570 1.283158e+00
49572 1.280346e+00
49583 1.277985e+00
49592 1.276063e+00
49593 1.276063e+00
49595 1.272563e+00
49596 1.272563e+00
49599 1.272563e+00
49602 1.272563e+00
49604 1.272506e+00
49637 1.272176e+00
49763 1.270548e+00
49764 1.270548e+00
49767 1.270548e+00
49770 1.270548e+00
49773 1.270548e+00
49776 1.270548e+00
49779 1.270548e+00
49782 1.270548e+00
49785 1.270548e+00
49788 1.270548e+00
49791 1.270548e+00
49794 1.270548e+00
49797 1.270548e+00
49800 1.270548e+00
49802 1.270342e+00
49803 1.270342e+00
49806 1.270342e+00
49809 1.270342e+00
49812 1.270342e+00
49815 1.270342e+00
49817 1.269184e+00
49943 1.269110e+00
50140 1.269107e+00
50141 1.269107e+00
50144 1.269107e+00
50147 1.269107e+00
50150 1.269107e+00
50153 1.269107e+00
50155 1.269031e+00
50164 1.268781e+00
50165 1.268781e+00
50168 1.268781e+00
50171 1.268781e+00
50174 1.268781e+00
50177 1.268781e+00
50180 1.268781e+00
50183 1.268781e+00
50186 1.268781e+00
50189 1.268781e+00
50192 1.268781e+00
50195 1.268781e+00
50198 1.268781e+00
50201 1.268781e+00
50204 1.268781e+00
50207 1.268781e+00
50210 1.268781e+00
50213 1.268781e+00
50216 1.268781e+00
50219 1.268781e+00
50222 1.268781e+00
50225 1.268781e+00
50228 1.268781e+00
50231 1.268781e+00
50234 1.268781e+00
50237 1.268781e+00
50240 1.268781e+00
50243 1.268781e+00
50246 1.268781e+00
50249 1.268781e+00
50252 1.268781e+00
50255 1.268781e+00
50258 1.268781e+00
50261 1.268781e+00
50264 1.268781e+00
50267 1.268781e+00
50270 1.268781e+00
50273 1.268781e+00
50276 1.268781e+00
50279 1.268781e+00
50282 1.268781e+00
50285 1.268781e+00
50288 1.268781e+00
50291 1.268781e+00
50294 1.268781e+00
50297 1.268781e+00
50300 1.268781e+00
50303 1.268781e+00
50306 1.268781e+00
50309 1.268781e+00
50312 1.268781e+00
50315 1.268781e+00
50318 1.268781e+00
50321 1.268781e+00
50323 1.268724e+00
50329 1.268258e+00
50330 1.268258e+00
50333 1.268258e+00
50336 1.268258e+00
50339 1.268258e+00
50342 1.268258e+00
50345 1.268258e+00
50348 1.268258e+00
50351 1.268258e+00
50354 1.268258e+00
50357 1.268258e+00
50360 1.268258e+00
50363 1.268258e+00
50366 1.268258e+00
50369 1.268258e+00
50372 1.268258e+00
50375 1.268258e+00
50378 1.268258e+00
50381 1.268258e+00
50384 1.268258e+00
50387 1.268258e+00
50390 1.268258e+00
50393 1.268258e+00
52383 1.268193e+00
52384 1.268193e+00
52385 1.268116e+00
52388 1.268062e+00
52391 1.267865e+00
52392 1.267865e+00
52395 1.267865e+00
52398 1.267865e+00
52401 1.267865e+00
52404 1.267865e+00
52407 1.267865e+00
52410 1.267865e+00
52413 1.267865e+00
52416 1.267865e+00
52419 1.267865e+00
52422 1.267865e+00
52425 1.267865e+00
52428 1.267865e+00
52431 1.267865e+00
52434 1.267865e+00
52437 1.267865e+00
52440 1.267865e+00
52443 1.267865e+00
52446 1.267865e+00
52448 1.267744e+00
52449 1.267744e+00
52452 1.267744e+00
52455 1.267744e+00
52458 1.267744e+00
52461 1.267744e+00
52464 1.267744e+00
52466 1.267738e+00
52467 1.267738e+00
52470 1.267738e+00
52473 1.267738e+00
52476 1.267738e+00
52479 1.267738e+00
52482 1.267738e+00
52485 1.267738e+00
52488 1.267738e+00
52491 1.267738e+00
52494 1.267738e+00
52497 1.267738e+00
52500 1.267738e+00
52503 1.267738e+00
52506 1.267738e+00
52509 1.267738e+00
52512 1.267738e+00
52515 1.267738e+00
52518 1.267738e+00
52521 1.267738e+00
52524 1.267738e+00
52527 1.267738e+00
52530 1.267738e+00
52533 1.267738e+00
52536 1.267738e+00
52539 1.267738e+00
52542 1.267738e+00
52545 1.267738e+00
52548 1.267738e+00
52551 1.267738e+00
52554 1.267738e+00
52557 1.267738e+00
52560 1.267738e+00
52563 1.267738e+00
52566 1.267738e+00
52569 1.267738e+00
52572 1.267738e+00
52575 1.267738e+00
52578 1.267738e+00
52581 1.267738e+00
52584 1.267738e+00
52587 1.267738e+00
52590 1.267738e+00
52593 1.267738e+00
52596 1.267738e+00
52599 1.267738e+00
52602 1.267738e+00
52605 1.267738e+00
52608 1.267738e+00
52611 1.267738e+00
52614 1.267738e+00
52617 1.267738e+00
52620 1.267738e+00
52623 1.267738e+00
52626 1.267738e+00
52629 1.267738e+00
52632 1.267738e+00
52635 1.267738e+00
52638 1.267738e+00
52641 1.267738e+00
52644 1.267738e+00
52647 1.267738e+00
52650 1.267738e+00
52653 1.267738e+00
52656 1.267738e+00
52657 1.267601e+00
52717 1.267577e+00
52819 1.267552e+00
52825 1.267539e+00
53016 1.267526e+00
53019 1.267526e+00
53025 1.267524e+00
53026 1.267524e+00
53029 1.267524e+00
53032 1.267524e+00
53035 1.267524e+00
53038 1.267524e+00
53041 1.267524e+00
53044 1.267524e+00
53047 1.267524e+00
53050 1.267524e+00
53053 1.267524e+00
53056 1.267524e+00
53059 1.267524e+00
53062 1.267524e+00
53065 1.267524e+00
53068 1.267524e+00
53071 1.267524e+00
53074 1.267524e+00
53076 1.267503e+00
53098 1.267503e+00
53101 1.267503e+00
53110 1.267503e+00
53302 1.267503e+00
53347 1.267503e+00
55416 1.267500e+00
55417 1.267500e+00
55420 1.267500e+00
55423 1.267500e+00
55425 1.267488e+00
55426 1.267488e+00
55429 1.267488e+00
55432 1.267488e+00
55435 1.267488e+00
55438 1.267488e+00
55441 1.267488e+00
55444 1.267488e+00
55447 1.267488e+00
55450 1.267488e+00
55453 1.267488e+00
55456 1.267488e+00
55459 1.267488e+00
55462 1.267488e+00
55465 1.267488e+00
55468 1.267488e+00
55471 1.267488e+00
55474 1.267488e+00
55477 1.267488e+00
55480 1.267488e+00
55483 1.267488e+00
55486 1.267488e+00
55489 1.267488e+00
55492 1.267488e+00
55495 1.267488e+00
55498 1.267488e+00
55501 1.267488e+00
55504 1.267488e+00
55506 1.267487e+00
55507 1.267487e+00
55510 1.267487e+00
55513 1.267487e+00
55515 1.267486e+00
55516 1.267486e+00
55519 1.267486e+00
55522 1.267486e+00
55525 1.267486e+00
55528 1.267486e+00
55531 1.267486e+00
55534 1.267486e+00
55537 1.267486e+00
55540 1.267486e+00
55543 1.267486e+00
55546 1.267486e+00
55549 1.267486e+00
55552 1.267486e+00
55555 1.267486e+00
55558 1.267486e+00
55561 1.267486e+00
55564 1.267486e+00
55566 1.267473e+00
55789 1.267473e+00
55957 1.267473e+00
55960 1.267473e+00
55963 1.267473e+00
55966 1.267473e+00
55969 1.267473e+00
55972 1.267473e+00
55975 1.267473e+00
56128 1.267473e+00
56131 1.267473e+00
56134 1.267473e+00
56137 1.267473e+00
56140 1.267473e+00
56143 1.267473e+00
58136 1.267472e+00
58137 1.267472e+00
58140 1.267472e+00
58143 1.267472e+00
58146 1.267472e+00
58149 1.267472e+00
58152 1.267472e+00
58155 1.267472e+00
58158 1.267472e+00
58161 1.267472e+00
58164 1.267472e+00
58167 1.267472e+00
58170 1.267472e+00
58171 1.267470e+00
58172 1.267470e+00
58175 1.267470e+00
58178 1.267470e+00
58181 1.267470e+00
58184 1.267470e+00
58187 1.267470e+00
58190 1.267470e+00
58193 1.267470e+00
58196 1.267470e+00
58199 1.267470e+00
58202 1.267470e+00
58205 1.267470e+00
58207 1.267467e+00
58240 1.267466e+00
58246 1.267462e+00
58247 1.267462e+00
58250 1.267462e+00
58253 1.267462e+00
58256 1.267462e+00
58259 1.267462e+00
58262 1.267462e+00
58265 1.267462e+00
58268 1.267462e+00
58271 1.267462e+00
58274 1.267462e+00
58277 1.267462e+00
58280 1.267462e+00
58283 1.267462e+00
58286 1.267462e+00
58289 1.267462e+00
58292 1.267462e+00
58295 1.267462e+00
58298 1.267462e+00
58301 1.267462e+00
58304 1.267462e+00
58307 1.267462e+00
58310 1.267462e+00
58313 1.267462e+00
58316 1.267462e+00
58319 1.267462e+00
58322 1.267462e+00
58325 1.267462e+00
58328 1.267462e+00
58331 1.267462e+00
58334 1.267462e+00
58337 1.267462e+00
58340 1.267462e+00
58343 1.267462e+00
58346 1.267462e+00
58349 1.267462e+00
58352 1.267462e+00
58355 1.267462e+00
58358 1.267462e+00
58361 1.267462e+00
58364 1.267462e+00
58367 1.267462e+00
58370 1.267462e+00
58373 1.267462e+00
58376 1.267462e+00
58379 1.267462e+00
58382 1.267462e+00
58385 1.267462e+00
58388 1.267462e+00
58391 1.267462e+00
58394 1.267462e+00
58397 1.267462e+00
58400 1.267462e+00
58403 1.267462e+00
58406 1.267462e+00
58409 1.267462e+00
58412 1.267462e+00
58415 1.267462e+00
58418 1.267462e+00
58421 1.267462e+00
58424 1.267462e+00
58427 1.267462e+00
58430 1.267462e+00
58433 1.267462e+00
58436 1.267462e+00
58439 1.267462e+00
58442 1.267462e+00
58445 1.267462e+00
58448 1.267462e+00
58451 1.267462e+00
58453 1.267462e+00
58454 1.267462e+00
58457 1.267462e+00
58459 1.267461e+00
58477 1.267458e+00
58478 1.267458e+00
58481 1.267458e+00
58484 1.267458e+00
58487 1.267458e+00
58490 1.267458e+00
58493 1.267458e+00
58610 1.267458e+00
58613 1.267458e+00
58616 1.267458e+00
58619 1.267458e+00
58622 1.267458e+00
58625 1.267458e+00
58628 1.267458e+00
58631 1.267458e+00
58634 1.267458e+00
58637 1.267458e+00
58640 1.267458e+00
58643 1.267458e+00
58646 1.267458e+00
58649 1.267458e+00
58652 1.267458e+00
58655 1.267458e+00
58658 1.267458e+00
58661 1.267458e+00
58664 1.267458e+00
61120 1.267457e+00
61121 1.267457e+00
61124 1.267457e+00
61127 1.267457e+00
61130 1.267457e+00
61133 1.267457e+00
61136 1.267457e+00
61139 1.267457e+00
61140 1.267457e+00
61141 1.267457e+00
61144 1.267457e+00
61147 1.267457e+00
61150 1.267457e+00
61153 1.267457e+00
61156 1.267457e+00
61159 1.267457e+00
61162 1.267457e+00
61165 1.267457e+00
61168 1.267457e+00
61171 1.267457e+00
61174 1.267457e+00
61176 1.267456e+00
61177 1.267456e+00
61180 1.267456e+00
61182 1.267455e+00
61195 1.267455e+00
61213 1.267455e+00
61216 1.267455e+00
61219 1.267455e+00
61222 1.267455e+00
61225 1.267455e+00
61276 1.267455e+00
61399 1.267455e+00
63873 1.267455e+00
63874 1.267455e+00
63877 1.267455e+00
63880 1.267455e+00
63883 1.267455e+00
63886 1.267455e+00
63889 1.267455e+00
63892 1.267455e+00
63895 1.267455e+00
63898 1.267455e+00
63901 1.267455e+00
63904 1.267455e+00
63907 1.267455e+00
63910 1.267455e+00
64192 1.267455e+00
64195 1.267455e+00
64198 1.267455e+00
64201 1.267455e+00
64204 1.267455e+00
64207 1.267455e+00
64210 1.267455e+00
64213 1.267455e+00
64216 1.267455e+00
64219 1.267455e+00
64222 1.267455e+00
64225 1.267455e+00
64228 1.267455e+00
64231 1.267455e+00
64234 1.267455e+00
64237 1.267455e+00
64240 1.267455e+00
69195 1.267454e+00
69196 1.267454e+00
69198 1.267454e+00
69212 1.267454e+00
69213 1.267454e+00
69216 1.267454e+00
69219 1.267454e+00
69222 1.267454e+00
69225 1.267454e+00
69228 1.267454e+00
69231 1.267454e+00
69234 1.267454e+00
69236 1.267454e+00
69239 1.267453e+00
69266 1.267453e+00
69267 1.267453e+00
69270 1.267453e+00
69272 1.267453e+00
69273 1.267453e+00
69276 1.267453e+00
69279 1.267453e+00
69281 1.267453e+00
69294 1.267453e+00
69297 1.267453e+00
69300 1.267453e+00
69303 1.267453e+00
69306 1.267453e+00
69309 1.267453e+00
69312 1.267453e+00
69543 1.267453e+00
69546 1.267453e+00
69549 1.267453e+00
69552 1.267453e+00
69555 1.267453e+00
69558 1.267453e+00
69561 1.267453e+00
69687 1.267453e+00
69714 1.267453e+00
71948 1.267453e+00
72012 1.267453e+00
72015 1.267453e+00
72018 1.267453e+00
74641 1.267453e+00
74642 1.267453e+00
74645 1.267453e+00
74648 1.267453e+00
74651 1.267453e+00
74654 1.267453e+00
74657 1.267453e+00
74660 1.267453e+00
74663 1.267453e+00
74666 1.267453e+00
74669 1.267453e+00
74672 1.267453e+00
74674 1.267452e+00
74675 1.267452e+00
74678 1.267452e+00
74681 1.267452e+00
74684 1.267452e+00
74687 1.267452e+00
74690 1.267452e+00
74711 1.267452e+00
74714 1.267452e+00
74717 1.267452e+00
77356 1.267451e+00
77371 1.267451e+00
77372 1.267451e+00
77374 1.267451e+00
77375 1.267451e+00
77378 1.267451e+00
77380 1.267449e+00
77381 1.267449e+00
77384 1.267449e+00
77387 1.267449e+00
77390 1.267449e+00
77393 1.267449e+00
77690 1.267449e+00
77693 1.267449e+00
77696 1.267449e+00
77699 1.267449e+00
77702 1.267449e+00
77705 1.267449e+00
77708 1.267449e+00
77711 1.267449e+00
77714 1.267449e+00
77717 1.267449e+00
77720 1.267449e+00
77723 1.267449e+00
77726 1.267449e+00
77729 1.267449e+00
77732 1.267449e+00
77735 1.267449e+00
77738 1.267449e+00
77741 1.267449e+00
80041 1.267449e+00
80390 1.267449e+00
82817 1.267449e+00
82826 1.267449e+00
82853 1.267449e+00
82874 1.267449e+00
82877 1.267449e+00
82880 1.267449e+00
82883 1.267449e+00
85402 1.267449e+00
85403 1.267449e+00
85406 1.267449e+00
85409 1.267449e+00
85412 1.267449e+00
85415 1.267449e+00
85418 1.267449e+00
85421 1.267449e+00
85424 1.267449e+00
85427 1.267449e+00
85430 1.267449e+00
85433 1.267449e+00
85436 1.267449e+00
85439 1.267449e+00
85442 1.267449e+00
85445 1.267449e+00
85448 1.267449e+00
85451 1.267449e+00
85454 1.267449e+00
85457 1.267449e+00
85460 1.267449e+00
85463 1.267449e+00
85465 1.267449e+00
85466 1.267449e+00
85469 1.267449e+00
85471 1.267448e+00
85511 1.267448e+00
85520 1.267448e+00
85553 1.267448e+00
85556 1.267448e+00
85559 1.267448e+00
85562 1.267448e+00
85565 1.267448e+00
85568 1.267448e+00
85571 1.267448e+00
85574 1.267448e+00
85577 1.267448e+00
85580 1.267448e+00
85583 1.267448e+00
85586 1.267448e+00
85589 1.267448e+00
85592 1.267448e+00
85595 1.267448e+00
85598 1.267448e+00
85601 1.267448e+00
85604 1.267448e+00
85607 1.267448e+00
94542 1.124991e+00
94543 1.124991e+00
94546 1.124991e+00
94548 1.115776e+00
94689 1.110138e+00
94692 1.099787e+00
94693 1.099787e+00
94696 1.099787e+00
94699 1.099787e+00
94702 1.099787e+00
94705 1.099787e+00
94708 1.099787e+00
94711 1.099787e+00
94714 1.099787e+00
94717 1.099787e+00
94720 1.099787e+00
94723 1.099787e+00
94726 1.099787e+00
94727 1.010829e+00
94736 1.001326e+00
94775 9.917527e-01
94844 9.633520e-01
94845 9.633520e-01
94847 9.617268e-01
94868 9.551803e-01
94883 9.438090e-01
94906 8.959774e-01
94907 8.959774e-01
94910 8.959774e-01
94913 8.959774e-01
94916 8.959774e-01
94919 8.959774e-01
94922 8.959774e-01
94925 8.959774e-01
94928 8.959774e-01
94931 8.959774e-01
94934 8.959774e-01
94937 8.959774e-01
94940 8.959774e-01
94943 8.959774e-01
94946 8.959774e-01
94949 8.959774e-01
94952 8.959774e-01
94955 8.959774e-01
94958 8.959774e-01
94961 8.959774e-01
94964 8.959774e-01
94967 8.959774e-01
94969 8.622841e-01
94981 8.576501e-01
94982 8.576501e-01
94985 8.576501e-01
94988 8.576501e-01
94991 8.576501e-01
94994 8.576501e-01
94997 8.576501e-01
95000 8.576501e-01
95003 8.576501e-01
95006 8.576501e-01
95009 8.576501e-01
95012 8.576501e-01
95015 8.576501e-01
95018 8.576501e-01
95021 8.576501e-01
95024 8.576501e-01
95027 8.576501e-01
95030 8.576501e-01
95033 8.576501e-01
95036 8.576501e-01
95039 8.576501e-01
95042 8.576501e-01
95045 8.576501e-01
95048 8.576501e-01
95051 8.576501e-01
95054 8.576501e-01
95057 8.576501e-01
95060 8.576501e-01
95063 8.576501e-01
95066 8.576501e-01
95069 8.576501e-01
95072 8.576501e-01
95075 8.576501e-01
95078 8.576501e-01
95081 8.576501e-01
95084 8.576501e-01
95087 8.576501e-01
95090 8.576501e-01
95093 8.576501e-01
95096 8.576501e-01
95099 8.576501e-01
95102 8.576501e-01
95105 8.576501e-01
95108 8.576501e-01
95111 8.576501e-01
95114 8.576501e-01
95117 8.576501e-01
95120 8.576501e-01
95123 8.576501e-01
95126 8.576501e-01
95129 8.576501e-01
95132 8.576501e-01
95134 8.516891e-01
95135 8.516891e-01
95138 8.516891e-01
95140 8.287887e-01
95170 8.200821e-01
95171 8.200821e-01
95174 8.200821e-01
95177 8.200821e-01
95180 8.200821e-01
95183 8.200821e-01
95186 8.200821e-01
95189 8.200821e-01
95192 8.200821e-01
95195 8.200821e-01
95198 8.200821e-01
95201 8.200821e-01
95204 8.200821e-01
95207 8.200821e-01
95210 8.200821e-01
95213 8.200821e-01
95216 8.200821e-01
95219 8.200821e-01
95222 8.200821e-01
95225 8.200821e-01
95228 8.200821e-01
95231 8.200821e-01
95234 8.200821e-01
95237 8.200821e-01
95239 8.091267e-01
95240 8.091267e-01
95243 8.091267e-01
95246 8.091267e-01
95249 8.091267e-01
95252 8.091267e-01
95255 8.091267e-01
95258 8.091267e-01
95261 8.091267e-01
95264 8.091267e-01
95267 8.091267e-01
95270 8.091267e-01
95273 8.091267e-01
95276 8.091267e-01
95279 8.091267e-01
95282 8.091267e-01
95284 7.907708e-01
95285 7.907708e-01
95288 7.907708e-01
95291 7.907708e-01
95293 7.829152e-01
95299 7.686942e-01
95300 7.686942e-01
95303 7.686942e-01
95306 7.686942e-01
95309 7.686942e-01
95312 7.686942e-01
95315 7.686942e-01
95318 7.686942e-01
95321 7.686942e-01
95324 7.686942e-01
95327 7.686942e-01
95330 7.686942e-01
95333 7.686942e-01
95336 7.686942e-01
95339 7.686942e-01
95342 7.686942e-01
95345 7.686942e-01
95348 7.686942e-01
95351 7.686942e-01
95354 7.686942e-01
95356 7.671191e-01
95411 7.671191e-01
96493 7.469287e-01
96664 7.324644e-01
96850 7.309912e-01
96851 7.309912e-01
96854 7.309912e-01
96857 7.309912e-01
96860 7.309912e-01
96863 7.309912e-01
96865 7.222655e-01
96866 7.222655e-01
96869 7.222655e-01
96872 7.222655e-01
96875 7.222655e-01
96877 7.170128e-01
96961 7.116914e-01
97135 7.086010e-01
97147 7.068230e-01
97300 7.067171e-01
97301 7.067171e-01
97304 7.067171e-01
97307 7.067171e-01
97310 7.067171e-01
97313 7.067171e-01
97316 7.067171e-01
97319 7.067171e-01
97322 7.067171e-01
97325 7.067171e-01
97328 7.067171e-01
97331 7.067171e-01
97334 7.067171e-01
97337 7.067171e-01
97340 7.067171e-01
97343 7.067171e-01
97346 7.067171e-01
97349 7.067171e-01
97352 7.067171e-01
97354 7.051712e-01
97489 7.042341e-01
97490 7.042341e-01
97493 7.042341e-01
97496 7.042341e-01
97499 7.042341e-01
97502 7.042341e-01
97505 7.042341e-01
97508 7.042341e-01
97511 7.042341e-01
97514 7.042341e-01
97516 7.032800e-01
97690 7.032499e-01
97691 7.032499e-01
97694 7.032499e-01
97697 7.032499e-01
97700 7.032499e-01
97703 7.032499e-01
97706 7.032499e-01
97709 7.032499e-01
97712 7.032499e-01
97715 7.032499e-01
97718 7.032499e-01
97720 7.031275e-01
97721 7.031275e-01
97724 7.031275e-01
97727 7.031275e-01
97730 7.031275e-01
97733 7.031275e-01
97736 7.031275e-01
97739 7.031275e-01
97742 7.031275e-01
97745 7.031275e-01
97748 7.031275e-01
97751 7.031275e-01
97753 7.028998e-01
97780 7.028250e-01
97781 7.028250e-01
97784 7.028250e-01
97786 7.023075e-01
97918 7.022448e-01
97919 7.022448e-01
97922 7.022448e-01
97925 7.022448e-01
97928 7.022448e-01
97931 7.022448e-01
97933 7.019722e-01
97993 7.016587e-01
97994 7.016587e-01
97997 7.016587e-01
98000 7.016587e-01
98003 7.016587e-01
98006 7.016587e-01
98009 7.016587e-01
98012 7.016587e-01
98015 7.016587e-01
98018 7.016587e-01
98021 7.016587e-01
98024 7.016587e-01
98027 7.016587e-01
98030 7.016587e-01
98033 7.016587e-01
98036 7.016587e-01
98039 7.016587e-01
98042 7.016587e-01
98045 7.016587e-01
98048 7.016587e-01
98051 7.016587e-01
98054 7.016587e-01
98057 7.016587e-01
98060 7.016587e-01
98063 7.016587e-01
98066 7.016587e-01
98069 7.016587e-01
98072 7.016587e-01
98075 7.016587e-01
98078 7.016587e-01
98081 7.016587e-01
98084 7.016587e-01
98087 7.016587e-01
98090 7.016587e-01
98093 7.016587e-01
98096 7.016587e-01
99835 7.015267e-01
99836 7.015267e-01
99839 7.015267e-01
99842 7.015267e-01
99845 7.015267e-01
99848 7.015267e-01
99851 7.015267e-01
99854 7.015267e-01
99857 7.015267e-01
99860 7.015267e-01
99863 7.015267e-01
99866 7.015267e-01
99869 7.015267e-01
99872 7.015267e-01
99875 7.015267e-01
99878 7.015267e-01
99881 7.015267e-01
99884 7.015267e-01
99887 7.015267e-01
99890 7.015267e-01
99893 7.015267e-01
99896 7.015267e-01
99899 7.015267e-01
99902 7.015267e-01
99905 7.015267e-01
99908 7.015267e-01
99911 7.015267e-01
99914 7.015267e-01
99917 7.015267e-01
99920 7.015267e-01
99923 7.015267e-01
99926 7.015267e-01
99929 7.015267e-01
99932 7.015267e-01
99935 7.015267e-01
99938 7.015267e-01
99941 7.015267e-01
99944 7.015267e-01
99947 7.015267e-01
99950 7.015267e-01
99953 7.015267e-01
99956 7.015267e-01
99959 7.015267e-01
99962 7.015267e-01
99965 7.015267e-01
99968 7.015267e-01
99971 7.015267e-01
99974 7.015267e-01
99977 7.015267e-01
99980 7.015267e-01
99983 7.015267e-01
99986 7.015267e-01
99989 7.015267e-01
99992 7.015267e-01
99995 7.015267e-01
99997 7.015210e-01
100009 7.014871e-01
100030 7.013783e-01
100063 7.012725e-01
100168 7.012241e-01
100173 7.012109e-01
100174 7.012109e-01
100177 7.012109e-01
100180 7.012109e-01
100182 7.011258e-01
100245 7.011220e-01
100246 7.011220e-01
100249 7.011220e-01
100252 7.011220e-01
100255 7.011220e-01
100258 7.011220e-01
100260 7.010089e-01
100437 7.010063e-01
100438 7.010063e-01
100441 7.010063e-01
100444 7.010063e-01
100446 7.010039e-01
100470 7.009747e-01
100479 7.009727e-01
100480 7.009727e-01
100483 7.009727e-01
100486 7.009727e-01
100489 7.009727e-01
100492 7.009727e-01
100495 7.009727e-01
100498 7.009727e-01
100501 7.009727e-01
100504 7.009727e-01
100507 7.009727e-01
100510 7.009727e-01
100513 7.009727e-01
100516 7.009727e-01
100519 7.009727e-01
100522 7.009727e-01
100524 7.009438e-01
100575 7.009197e-01
100576 7.009197e-01
100579 7.009197e-01
100582 7.009197e-01
100585 7.009197e-01
100588 7.009197e-01
100591 7.009197e-01
100594 7.009197e-01
100597 7.009197e-01
100600 7.009197e-01
100603 7.009197e-01
100606 7.009197e-01
100609 7.009197e-01
100612 7.009197e-01
100615 7.009197e-01
100618 7.009197e-01
100621 7.009197e-01
100624 7.009197e-01
100627 7.009197e-01
100630 7.009197e-01
100633 7.009197e-01
100636 7.009197e-01
100639 7.009197e-01
100642 7.009197e-01
100645 7.009197e-01
100648 7.009197e-01
100651 7.009197e-01
100654 7.009197e-01
100657 7.009197e-01
100660 7.009197e-01
100663 7.009197e-01
100666 7.009197e-01
100669 7.009197e-01
100672 7.009197e-01
100675 7.009197e-01
100678 7.009197e-01
100681 7.009197e-01
100684 7.009197e-01
100687 7.009197e-01
100690 7.009197e-01
100693 7.009197e-01
100696 7.009197e-01
100699 7.009197e-01
100702 7.009197e-01
100705 7.009197e-01
100708 7.009197e-01
100711 7.009197e-01
100714 7.009197e-01
100717 7.009197e-01
100720 7.009197e-01
100723 7.009197e-01
100726 7.009197e-01
100729 7.009197e-01
100732 7.009197e-01
100735 7.009197e-01
100738 7.009197e-01
100741 7.009197e-01
100744 7.009197e-01
100747 7.009197e-01
100750 7.009197e-01
100753 7.009197e-01
100756 7.009197e-01
100759 7.009197e-01
100762 7.009197e-01
100765 7.009197e-01
100768 7.009197e-01
100771 7.009197e-01
100774 7.009197e-01
100777 7.009197e-01
100780 7.009197e-01
100782 7.009197e-01
100785 7.009169e-01
100786 7.009169e-01
100789 7.009169e-01
100792 7.009169e-01
100795 7.009169e-01
100819 7.009169e-01
100822 7.009169e-01
100825 7.009169e-01
100828 7.009169e-01
100831 7.009169e-01
100834 7.009169e-01
102960 7.009044e-01
102961 7.009044e-01
102964 7.009044e-01
102967 7.009044e-01
102970 7.009044e-01
102973 7.009044e-01
102976 7.009044e-01
102979 7.009044e-01
102982 7.009044e-01
102985 7.009044e-01
102988 7.009044e-01
102991 7.009044e-01
102994 7.009044e-01
102997 7.009044e-01
102999 7.008921e-01
103000 7.008921e-01
103003 7.008921e-01
103006 7.008921e-01
103009 7.008921e-01
103012 7.008921e-01
103015 7.008921e-01
103018 7.008921e-01
103021 7.008921e-01
103024 7.008921e-01
103027 7.008921e-01
103030 7.008921e-01
103033 7.008921e-01
103035 7.008896e-01
103036 7.008896e-01
103039 7.008896e-01
103042 7.008896e-01
103044 7.008838e-01
103092 7.008835e-01
103095 7.008804e-01
103134 7.008777e-01
103137 7.008737e-01
103138 7.008737e-01
103141 7.008737e-01
103144 7.008737e-01
103147 7.008737e-01
103150 7.008737e-01
103153 7.008737e-01
103156 7.008737e-01
103159 7.008737e-01
103162 7.008737e-01
103165 7.008737e-01
103168 7.008737e-01
103171 7.008737e-01
103174 7.008737e-01
103177 7.008737e-01
103179 7.008634e-01
103212 7.008553e-01
103213 7.008553e-01
103216 7.008553e-01
103219 7.008553e-01
103222 7.008553e-01
103225 7.008553e-01
103228 7.008553e-01
103230 7.008435e-01
103412 7.008432e-01
103413 7.008432e-01
103416 7.008432e-01
103419 7.008432e-01
103422 7.008432e-01
103425 7.008432e-01
103428 7.008432e-01
103431 7.008432e-01
103434 7.008432e-01
103437 7.008432e-01
103440 7.008432e-01
103443 7.008432e-01
103446 7.008432e-01
103449 7.008432e-01
103452 7.008432e-01
103455 7.008432e-01
103458 7.008432e-01
103461 7.008432e-01
103464 7.008432e-01
103467 7.008432e-01
103470 7.008432e-01
103473 7.008432e-01
103476 7.008432e-01
103479 7.008432e-01
103482 7.008432e-01
103485 7.008432e-01
103488 7.008432e-01
103491 7.008432e-01
103494 7.008432e-01
103497 7.008432e-01
103500 7.008432e-01
103503 7.008432e-01
103506 7.008432e-01
103509 7.008432e-01
103512 7.008432e-01
103515 7.008432e-01
103518 7.008432e-01
103521 7.008432e-01
103542 7.008432e-01
103545 7.008432e-01
103548 7.008432e-01
103551 7.008432e-01
103554 7.008432e-01
103557 7.008432e-01
103560 7.008432e-01
103563 7.008432e-01
103566 7.008432e-01
103569 7.008432e-01
103572 7.008432e-01
103575 7.008432e-01
103728 7.008432e-01
103773 7.008432e-01
103776 7.008432e-01
103779 7.008432e-01
103782 7.008432e-01
103785 7.008432e-01
103788 7.008432e-01
103791 7.008432e-01
103794 7.008432e-01
103797 7.008432e-01
103800 7.008432e-01
103803 7.008432e-01
103806 7.008432e-01
103809 7.008432e-01
103812 7.008432e-01
105749 7.008423e-01
105750 7.008423e-01
105753 7.008423e-01
105756 7.008423e-01
105759 7.008423e-01
105760 7.008365e-01
105761 7.008365e-01
105764 7.008365e-01
105767 7.008365e-01
105770 7.008365e-01
105772 7.008350e-01
105773 7.008350e-01
105776 7.008350e-01
105779 7.008350e-01
105782 7.008350e-01
105785 7.008350e-01
105788 7.008350e-01
105791 7.008350e-01
105792 7.008294e-01
105807 7.008241e-01
105808 7.008241e-01
105811 7.008241e-01
105814 7.008241e-01
105817 7.008241e-01
105820 7.008241e-01
105823 7.008241e-01
105826 7.008241e-01
105829 7.008241e-01
105832 7.008241e-01
105835 7.008241e-01
105838 7.008241e-01
105841 7.008241e-01
105844 7.008241e-01
105847 7.008241e-01
105850 7.008241e-01
105853 7.008241e-01
105856 7.008241e-01
105859 7.008241e-01
105862 7.008241e-01
105865 7.008241e-01
105868 7.008241e-01
105871 7.008241e-01
105874 7.008241e-01
105877 7.008241e-01
105880 7.008241e-01
105883 7.008241e-01
105886 7.008241e-01
105889 7.008241e-01
105892 7.008241e-01
105895 7.008241e-01
105898 7.008241e-01
105901 7.008241e-01
105904 7.008241e-01
105907 7.008241e-01
105910 7.008241e-01
105913 7.008241e-01
105916 7.008241e-01
105919 7.008241e-01
105922 7.008241e-01
105924 7.008239e-01
105951 7.008233e-01
105999 7.008214e-01
106005 7.008198e-01
106006 7.008198e-01
106009 7.008198e-01
106011 7.008152e-01
106012 7.008152e-01
106015 7.008152e-01
106018 7.008152e-01
106021 7.008152e-01
106024 7.008152e-01
106027 7.008152e-01
106030 7.008152e-01
106033 7.008152e-01
106036 7.008152e-01
106039 7.008152e-01
106042 7.008152e-01
106045 7.008152e-01
106048 7.008152e-01
106051 7.008152e-01
106054 7.008152e-01
106057 7.008152e-01
106060 7.008152e-01
106063 7.008152e-01
106066 7.008152e-01
106069 7.008152e-01
106072 7.008152e-01
106075 7.008152e-01
106078 7.008152e-01
106081 7.008152e-01
106084 7.008152e-01
106087 7.008152e-01
106090 7.008152e-01
106093 7.008152e-01
106096 7.008152e-01
106099 7.008152e-01
106102 7.008152e-01
106105 7.008152e-01
106108 7.008152e-01
106111 7.008152e-01
106114 7.008152e-01
106117 7.008152e-01
106120 7.008152e-01
106123 7.008152e-01
106126 7.008152e-01
106129 7.008152e-01
106132 7.008152e-01
106135 7.008152e-01
106138 7.008152e-01
106141 7.008152e-01
106144 7.008152e-01
106147 7.008152e-01
106150 7.008152e-01
106152 7.008138e-01
106195 7.008138e-01
106282 7.008138e-01
106285 7.008138e-01
106288 7.008138e-01
106291 7.008138e-01
106294 7.008138e-01
106297 7.008138e-01
106300 7.008138e-01
106303 7.008138e-01
106306 7.008138e-01
106309 7.008138e-01
106312 7.008138e-01
106315 7.008138e-01
106318 7.008138e-01
106321 7.008138e-01
106324 7.008138e-01
106327 7.008138e-01
106330 7.008138e-01
106333 7.008138e-01
106336 7.008138e-01
106339 7.008138e-01
106342 7.008138e-01
106345 7.008138e-01
106348 7.008138e-01
106351 7.008138e-01
106354 7.008138e-01
106357 7.008138e-01
106360 7.008138e-01
106363 7.008138e-01
106366 7.008138e-01
106369 7.008138e-01
106372 7.008138e-01
106375 7.008138e-01
106378 7.008138e-01
106381 7.008138e-01
106384 7.008138e-01
106387 7.008138e-01
106390 7.008138e-01
106393 7.008138e-01
106396 7.008138e-01
106399 7.008138e-01
106402 7.008138e-01
106405 7.008138e-01
106408 7.008138e-01
106411 7.008138e-01
106414 7.008138e-01
106417 7.008138e-01
106420 7.008138e-01
106423 7.008138e-01
106426 7.008138e-01
108780 7.008138e-01
108781 7.008138e-01
108783 7.008138e-01
108784 7.008138e-01
108787 7.008138e-01
108790 7.008138e-01
108793 7.008138e-01
108796 7.008138e-01
108799 7.008138e-01
108802 7.008138e-01
108805 7.008138e-01
108808 7.008138e-01
108811 7.008138e-01
108814 7.008138e-01
108817 7.008138e-01
108820 7.008138e-01
108823 7.008138e-01
108826 7.008138e-01
108829 7.008138e-01
108832 7.008138e-01
108835 7.008138e-01
108838 7.008138e-01
108841 7.008138e-01
108844 7.008138e-01
108847 7.008138e-01
108850 7.008138e-01
108853 7.008138e-01
108856 7.008138e-01
108859 7.008138e-01
108862 7.008138e-01
108865 7.008138e-01
108868 7.008138e-01
108870 7.008133e-01
108871 7.008133e-01
108874 7.008133e-01
108876 7.008131e-01
108885 7.008127e-01
108886 7.008127e-01
108889 7.008127e-01
108891 7.008119e-01
108901 7.008119e-01
108904 7.008119e-01
108907 7.008119e-01
108910 7.008119e-01
108913 7.008119e-01
108916 7.008119e-01
108961 7.008119e-01
108967 7.008119e-01
108970 7.008119e-01
108973 7.008119e-01
109126 7.008119e-01
109129 7.008119e-01
109132 7.008119e-01
109135 7.008119e-01
109138 7.008119e-01
109141 7.008119e-01
109144 7.008119e-01
109147 7.008119e-01
109150 7.008119e-01
109153 7.008119e-01
109156 7.008119e-01
109159 7.008119e-01
109162 7.008119e-01
109165 7.008119e-01
109168 7.008119e-01
111414 7.008115e-01
111415 7.008115e-01
111418 7.008115e-01
111421 7.008115e-01
111424 7.008115e-01
111427 7.008115e-01
111430 7.008115e-01
111433 7.008115e-01
111436 7.008115e-01
111439 7.008115e-01
111442 7.008115e-01
111445 7.008115e-01
111448 7.008115e-01
111451 7.008115e-01
111454 7.008115e-01
111457 7.008115e-01
111460 7.008115e-01
111463 7.008115e-01
111466 7.008115e-01
111468 7.008111e-01
111507 7.008109e-01
111531 7.008107e-01
111579 7.008105e-01
111580 7.008105e-01
111583 7.008105e-01
111586 7.008105e-01
111589 7.008105e-01
111592 7.008105e-01
111595 7.008105e-01
111598 7.008105e-01
111601 7.008105e-01
111619 7.008105e-01
111622 7.008105e-01
111625 7.008105e-01
111628 7.008105e-01
111631 7.008105e-01
111634 7.008105e-01
111637 7.008105e-01
111640 7.008105e-01
111643 7.008105e-01
111646 7.008105e-01
111823 7.008105e-01
111826 7.008105e-01
114204 7.008104e-01
114243 7.008101e-01
114244 7.008101e-01
114247 7.008101e-01
114250 7.008101e-01
114253 7.008101e-01
114256 7.008101e-01
114258 7.008095e-01
114259 7.008095e-01
114262 7.008095e-01
114265 7.008095e-01
114268 7.008095e-01
114271 7.008095e-01
114274 7.008095e-01
114277 7.008095e-01
114280 7.008095e-01
114283 7.008095e-01
114286 7.008095e-01
114289 7.008095e-01
114292 7.008095e-01
114295 7.008095e-01
114298 7.008095e-01
114301 7.008095e-01
114319 7.008095e-01
114523 7.008095e-01
114526 7.008095e-01
116919 7.008095e-01
116979 7.008093e-01
116982 7.008089e-01
116985 7.008088e-01
116991 7.008081e-01
116992 7.008081e-01
116995 7.008081e-01
116998 7.008081e-01
117226 7.008081e-01
117271 7.008081e-01
117274 7.008081e-01
117277 7.008081e-01
117280 7.008081e-01
117283 7.008081e-01
117286 7.008081e-01
117289 7.008081e-01
117292 7.008081e-01
117295 7.008081e-01
117298 7.008081e-01
117301 7.008081e-01
117304 7.008081e-01
117307 7.008081e-01
117310 7.008081e-01
117313 7.008081e-01
119923 7.008081e-01
122385 7.008079e-01
122386 7.008079e-01
122389 7.008079e-01
122392 7.008079e-01
122395 7.008079e-01
122398 7.008079e-01
122671 7.008079e-01
122674 7.008079e-01
122677 7.008079e-01
122680 7.008079e-01
122683 7.008079e-01
122686 7.008079e-01
122689 7.008079e-01
122692 7.008079e-01
122695 7.008079e-01
122698 7.008079e-01
122701 7.008079e-01
122704 7.008079e-01
122707 7.008079e-01
122710 7.008079e-01
122713 7.008079e-01
125323 7.008079e-01
127707 7.008075e-01
127731 7.008075e-01
127779 7.008073e-01
127780 7.008073e-01
127783 7.008073e-01
127786 7.008073e-01
127789 7.008073e-01
127792 7.008073e-01
127795 7.008073e-01
127798 7.008073e-01
127819 7.008073e-01
127822 7.008073e-01
127825 7.008073e-01
127828 7.008073e-01
127831 7.008073e-01
127834 7.008073e-01
127837 7.008073e-01
127840 7.008073e-01
127843 7.008073e-01
127846 7.008073e-01
127849 7.008073e-01
127852 7.008073e-01
127855 7.008073e-01
127858 7.008073e-01
127861 7.008073e-01
127864 7.008073e-01
127867 7.008073e-01
127870 7.008073e-01
127873 7.008073e-01
127876 7.008073e-01
127879 7.008073e-01
127882 7.008073e-01
127885 7.008073e-01
127888 7.008073e-01
127891 7.008073e-01
127894 7.008073e-01
127897 7.008073e-01
127900 7.008073e-01
127903 7.008073e-01
127906 7.008073e-01
127909 7.008073e-01
127912 7.008073e-01
127915 7.008073e-01
127918 7.008073e-01
127921 7.008073e-01
127924 7.008073e-01
127927 7.008073e-01
127930 7.008073e-01
127933 7.008073e-01
127936 7.008073e-01
127939 7.008073e-01
127942 7.008073e-01
127945 7.008073e-01
127948 7.008073e-01
127951 7.008073e-01
127954 7.008073e-01
127957 7.008073e-01
127960 7.008073e-01
127963 7.008073e-01
127966 7.008073e-01
127969 7.008073e-01
127972 7.008073e-01
127975 7.008073e-01
127978 7.008073e-01
127981 7.008073e-01
127984 7.008073e-01
127987 7.008073e-01
127990 7.008073e-01
127993 7.008073e-01
127996 7.008073e-01
127999 7.008073e-01
128002 7.008073e-01
128005 7.008073e-01
128008 7.008073e-01
128011 7.008073e-01
128014 7.008073e-01
128017 7.008073e-01
128020 7.008073e-01
128023 7.008073e-01
128026 7.008073e-01
128029 7.008073e-01
128032 7.008073e-01
128035 7.008073e-01
128038 7.008073e-01
128041 7.008073e-01
128044 7.008073e-01
128047 7.008073e-01
128050 7.008073e-01
128053 7.008073e-01
128056 7.008073e-01
128059 7.008073e-01
128062 7.008073e-01
128065 7.008073e-01
128068 7.008073e-01
128071 7.008073e-01
128074 7.008073e-01
128077 7.008073e-01
128080 7.008073e-01
128083 7.008073e-01
128086 7.008073e-01
128089 7.008073e-01
128092 7.008073e-01
128095 7.008073e-01
128098 7.008073e-01
128101 7.008073e-01
128104 7.008073e-01
128107 7.008073e-01
128110 7.008073e-01
130636 7.008073e-01
130639 7.008073e-01
130642 7.008073e-01
130645 7.008073e-01
130648 7.008073e-01
130651 7.008073e-01
130654 7.008073e-01
130657 7.008073e-01
130660 7.008073e-01
130663 7.008073e-01
130666 7.008073e-01
130669 7.008073e-01
130672 7.008073e-01
130675 7.008073e-01
130678 7.008073e-01
130681 7.008073e-01
130684 7.008073e-01
130687 7.008073e-01
130690 7.008073e-01
130693 7.008073e-01
130696 7.008073e-01
130699 7.008073e-01
130702 7.008073e-01
130705 7.008073e-01
130708 7.008073e-01
130711 7.008073e-01
130714 7.008073e-01
130717 7.008073e-01
130720 7.008073e-01
167483 6.893073e-01
167489 6.654765e-01
167537 6.291008e-01
167684 5.722535e-01
167685 5.722535e-01
167687 5.668253e-01
167845 5.656519e-01
167929 5.622653e-01
167931 5.552288e-01
167932 5.552288e-01
167934 5.377513e-01
167935 5.377513e-01
167938 5.377513e-01
167941 5.377513e-01
167944 5.377513e-01
167945 5.286991e-01
167957 5.241317e-01
167958 5.241317e-01
167961 5.241317e-01
167964 5.241317e-01
167967 5.241317e-01
167970 5.241317e-01
167973 5.241317e-01
167976 5.241317e-01
167979 5.241317e-01
167982 5.241317e-01
167985 5.241317e-01
167988 5.241317e-01
167991 5.241317e-01
167994 5.241317e-01
167997 5.241317e-01
168000 5.241317e-01
168003 5.241317e-01
168006 5.241317e-01
168009 5.241317e-01
168012 5.241317e-01
168015 5.241317e-01
168018 5.241317e-01
168021 5.241317e-01
168023 5.238946e-01
168024 5.238946e-01
168027 5.238946e-01
168030 5.238946e-01
168033 5.238946e-01
168035 5.130669e-01
168068 5.019268e-01
168201 5.019268e-01
168204 5.019268e-01
168207 5.019268e-01
168210 5.019268e-01
168213 5.019268e-01
168216 5.019268e-01
168219 5.019268e-01
168222 5.019268e-01
168384 5.019268e-01
168387 5.019268e-01
168390 5.019268e-01
168393 5.019268e-01
168396 5.019268e-01
169289 4.964134e-01
169290 4.964134e-01
169293 4.964134e-01
169295 4.923956e-01
169297 4.771076e-01
169324 4.700231e-01
169325 4.700231e-01
169328 4.700231e-01
169331 4.700231e-01
169334 4.700231e-01
169337 4.700231e-01
169340 4.700231e-01
169342 4.680332e-01
169343 4.680332e-01
169345 4.620471e-01
169346 4.620471e-01
169349 4.620471e-01
169352 4.620471e-01
169354 4.553497e-01
169355 4.553497e-01
169358 4.553497e-01
169361 4.553497e-01
169364 4.553497e-01
169367 4.553497e-01
169370 4.553497e-01
169373 4.553497e-01
169376 4.553497e-01
169379 4.553497e-01
169382 4.553497e-01
169385 4.553497e-01
169388 4.553497e-01
169391 4.553497e-01
169394 4.553497e-01
169397 4.553497e-01
169400 4.553497e-01
169403 4.553497e-01
169406 4.553497e-01
169409 4.553497e-01
169412 4.553497e-01
169415 4.553497e-01
169418 4.553497e-01
169421 4.553497e-01
169424 4.553497e-01
169427 4.553497e-01
169430 4.553497e-01
169433 4.553497e-01
169436 4.553497e-01
169439 4.553497e-01
169442 4.553497e-01
169445 4.553497e-01
169448 4.553497e-01
169451 4.553497e-01
169454 4.553497e-01
169457 4.553497e-01
169460 4.553497e-01
169463 4.553497e-01
169466 4.553497e-01
169469 4.553497e-01
169472 4.553497e-01
169475 4.553497e-01
169478 4.553497e-01
169481 4.553497e-01
169484 4.553497e-01
169487 4.553497e-01
169490 4.553497e-01
169493 4.553497e-01
169496 4.553497e-01
169498 4.552984e-01
169499 4.552984e-01
169502 4.552984e-01
169505 4.552984e-01
169508 4.552984e-01
169511 4.552984e-01
169514 4.552984e-01
169517 4.552984e-01
169520 4.552984e-01
169523 4.552984e-01
169526 4.552984e-01
169529 4.552984e-01
169532 4.552984e-01
169535 4.552984e-01
169538 4.552984e-01
169541 4.552984e-01
169544 4.552984e-01
169547 4.552984e-01
169550 4.552984e-01
169553 4.552984e-01
169554 4.524132e-01
169581 4.518263e-01
169582 4.518263e-01
169585 4.518263e-01
169587 4.467020e-01
169730 4.457100e-01
169735 4.427978e-01
169744 4.415925e-01
169745 4.415925e-01
169748 4.415925e-01
169751 4.415925e-01
169754 4.415925e-01
169757 4.415925e-01
169760 4.415925e-01
169763 4.415925e-01
169766 4.415925e-01
169769 4.415925e-01
169771 4.406644e-01
169773 4.404717e-01
169779 4.402999e-01
169780 4.402999e-01
169783 4.402999e-01
169786 4.402999e-01
169788 4.398932e-01
169815 4.388982e-01
169820 4.376226e-01
169831 4.356272e-01
169921 4.355055e-01
169933 4.351988e-01
169954 4.349579e-01
169977 4.348126e-01
169979 4.334331e-01
169980 4.334331e-01
169982 4.324660e-01
169988 4.302305e-01
169991 4.298466e-01
169996 4.287206e-01
169997 4.287206e-01
169998 4.279543e-01
170006 4.278057e-01
170009 4.257794e-01
170069 4.247628e-01
170081 4.246464e-01
170087 4.235424e-01
170155 4.232208e-01
170156 4.232208e-01
170159 4.232208e-01
170162 4.232208e-01
170165 4.232208e-01
170168 4.232208e-01
170171 4.232208e-01
170174 4.232208e-01
170177 4.232208e-01
170180 4.232208e-01
170182 4.229420e-01
170221 4.222876e-01
170222 4.222876e-01
170225 4.222876e-01
170228 4.222876e-01
170231 4.222876e-01
170234 4.222876e-01
170237 4.222876e-01
170240 4.222876e-01
170243 4.222876e-01
170246 4.222876e-01
170249 4.222876e-01
170252 4.222876e-01
170255 4.222876e-01
170258 4.222876e-01
170261 4.222876e-01
170264 4.222876e-01
170267 4.222876e-01
170270 4.222876e-01
170273 4.222876e-01
170276 4.222876e-01
170279 4.222876e-01
170282 4.222876e-01
170285 4.222876e-01
170288 4.222876e-01
170291 4.222876e-01
170294 4.222876e-01
170297 4.222876e-01
170300 4.222876e-01
170303 4.222876e-01
170306 4.222876e-01
170309 4.222876e-01
170312 4.222876e-01
170315 4.222876e-01
170318 4.222876e-01
170321 4.222876e-01
170324 4.222876e-01
170327 4.222876e-01
170330 4.222876e-01
170333 4.222876e-01
170336 4.222876e-01
170339 4.222876e-01
170342 4.222876e-01
170345 4.222876e-01
170348 4.222876e-01
170349 4.215861e-01
170363 4.198969e-01
170364 4.198969e-01
170367 4.198969e-01
170370 4.198969e-01
170373 4.198969e-01
170376 4.198969e-01
170379 4.198969e-01
170382 4.198969e-01
170385 4.198969e-01
170387 4.185984e-01
170388 4.185984e-01
170391 4.185984e-01
170394 4.185984e-01
170397 4.185984e-01
170400 4.185984e-01
170403 4.185984e-01
170406 4.185984e-01
170409 4.185984e-01
170412 4.185984e-01
170415 4.185984e-01
170418 4.185984e-01
170420 4.172555e-01
170432 4.172147e-01
170434 4.164090e-01
170435 4.164090e-01
170438 4.164090e-01
170441 4.164090e-01
170444 4.164090e-01
170447 4.164090e-01
170450 4.164090e-01
170453 4.164090e-01
170456 4.164090e-01
170459 4.164090e-01
170462 4.164090e-01
170465 4.164090e-01
170468 4.164090e-01
170471 4.164090e-01
170474 4.164090e-01
170477 4.164090e-01
170480 4.164090e-01
170483 4.164090e-01
170486 4.164090e-01
170489 4.164090e-01
170492 4.164090e-01
170495 4.164090e-01
170498 4.164090e-01
170501 4.164090e-01
170504 4.164090e-01
170507 4.164090e-01
170509 4.151766e-01
170510 4.151766e-01
170513 4.151766e-01
170516 4.151766e-01
170519 4.151766e-01
170522 4.151766e-01
170525 4.151766e-01
170528 4.151766e-01
170531 4.151766e-01
170534 4.151766e-01
170537 4.151766e-01
170540 4.151766e-01
170543 4.151766e-01
170546 4.151766e-01
170549 4.151766e-01
170552 4.151766e-01
170555 4.151766e-01
170558 4.151766e-01
170561 4.151766e-01
170564 4.151766e-01
170567 4.151766e-01
170570 4.151766e-01
170573 4.151766e-01
170576 4.151766e-01
170579 4.151766e-01
170582 4.151766e-01
170585 4.151766e-01
170588 4.151766e-01
170591 4.151766e-01
170594 4.151766e-01
170597 4.151766e-01
170600 4.151766e-01
170603 4.151766e-01
170606 4.151766e-01
170609 4.151766e-01
170612 4.151766e-01
170615 4.151766e-01
170618 4.151766e-01
170621 4.151766e-01
170624 4.151766e-01
170627 4.151766e-01
170630 4.151766e-01
170633 4.151766e-01
170636 4.151766e-01
170639 4.151766e-01
170641 4.147497e-01
170642 4.147497e-01
170645 4.147497e-01
170648 4.147497e-01
170651 4.147497e-01
170653 4.144894e-01
170659 4.143841e-01
170677 4.135623e-01
170757 4.126105e-01
170760 4.124481e-01
170761 4.124481e-01
170764 4.124481e-01
170767 4.124481e-01
170770 4.124481e-01
170773 4.124481e-01
170776 4.124481e-01
170779 4.124481e-01
170781 4.111928e-01
170811 4.110475e-01
170880 4.103859e-01
170881 4.103859e-01
172458 4.103818e-01
172595 4.103056e-01
172607 4.091727e-01
172685 4.089959e-01
172913 4.087952e-01
172914 4.087952e-01
172917 4.087952e-01
172920 4.087952e-01
172923 4.087952e-01
172926 4.087952e-01
172929 4.087952e-01
172932 4.087952e-01
172935 4.087952e-01
172938 4.087952e-01
172941 4.087952e-01
172944 4.087952e-01
172947 4.087952e-01
172950 4.087952e-01
172953 4.087952e-01
172956 4.087952e-01
172959 4.087952e-01
172962 4.087952e-01
172965 4.087952e-01
172968 4.087952e-01
172971 4.087952e-01
172974 4.087952e-01
172976 4.087085e-01
172977 4.087085e-01
172980 4.087085e-01
172983 4.087085e-01
172986 4.087085e-01
172989 4.087085e-01
172992 4.087085e-01
172995 4.087085e-01
172998 4.087085e-01
173001 4.087085e-01
173004 4.087085e-01
173007 4.087085e-01
173010 4.087085e-01
173013 4.087085e-01
173016 4.087085e-01
173019 4.087085e-01
173022 4.087085e-01
173025 4.087085e-01
173028 4.087085e-01
173031 4.087085e-01
173034 4.087085e-01
173037 4.087085e-01
173040 4.087085e-01
173043 4.087085e-01
173046 4.087085e-01
173049 4.087085e-01
173052 4.087085e-01
173055 4.087085e-01
173058 4.087085e-01
173061 4.087085e-01
173064 4.087085e-01
173067 4.087085e-01
173070 4.087085e-01
173073 4.087085e-01
173076 4.087085e-01
173079 4.087085e-01
173082 4.087085e-01
173085 4.087085e-01
173088 4.087085e-01
173091 4.087085e-01
173094 4.087085e-01
173097 4.087085e-01
173100 4.087085e-01
173103 4.087085e-01
173106 4.087085e-01
173109 4.087085e-01
173112 4.087085e-01
173115 4.087085e-01
173118 4.087085e-01
173121 4.087085e-01
173124 4.087085e-01
173127 4.087085e-01
173130 4.087085e-01
173133 4.087085e-01
173136 4.087085e-01
173139 4.087085e-01
173142 4.087085e-01
173145 4.087085e-01
173148 4.087085e-01
173151 4.087085e-01
173154 4.087085e-01
173157 4.087085e-01
173160 4.087085e-01
173163 4.087085e-01
173166 4.087085e-01
173169 4.087085e-01
173171 4.086890e-01
173179 4.084959e-01
173224 4.084056e-01
173478 4.082736e-01
173479 4.082736e-01
173482 4.082736e-01
173485 4.082736e-01
173488 4.082736e-01
173491 4.082736e-01
173494 4.082736e-01
173496 4.082118e-01
173497 4.082118e-01
173500 4.082118e-01
173503 4.082118e-01
173506 4.082118e-01
173509 4.082118e-01
173512 4.082118e-01
173515 4.082118e-01
173518 4.082118e-01
173521 4.082118e-01
173524 4.082118e-01
173527 4.082118e-01
173530 4.082118e-01
173533 4.082118e-01
173536 4.082118e-01
173539 4.082118e-01
173542 4.082118e-01
173545 4.082118e-01
173548 4.082118e-01
173551 4.082118e-01
173554 4.082118e-01
173557 4.082118e-01
173560 4.082118e-01
173563 4.082118e-01
173566 4.082118e-01
173569 4.082118e-01
173572 4.082118e-01
173575 4.082118e-01
173578 4.082118e-01
173581 4.082118e-01
173791 4.082118e-01
173803 4.082118e-01
173806 4.082118e-01
173809 4.082118e-01
173812 4.082118e-01
173815 4.082118e-01
173818 4.082118e-01
173821 4.082118e-01
173824 4.082118e-01
173827 4.082118e-01
173830 4.082118e-01
173833 4.082118e-01
173836 4.082118e-01
175605 4.081670e-01
175749 4.081657e-01
175788 4.081583e-01
175827 4.081477e-01
175828 4.081477e-01
175831 4.081477e-01
175834 4.081477e-01
175837 4.081477e-01
175840 4.081477e-01
175843 4.081477e-01
175846 4.081477e-01
175849 4.081477e-01
175852 4.081477e-01
175855 4.081477e-01
175858 4.081477e-01
175861 4.081477e-01
175864 4.081477e-01
175867 4.081477e-01
175870 4.081477e-01
175873 4.081477e-01
175876 4.081477e-01
175879 4.081477e-01
175882 4.081477e-01
175885 4.081477e-01
175888 4.081477e-01
175891 4.081477e-01
175894 4.081477e-01
175897 4.081477e-01
175900 4.081477e-01
175903 4.081477e-01
175906 4.081477e-01
175909 4.081477e-01
175912 4.081477e-01
175915 4.081477e-01
175918 4.081477e-01
175921 4.081477e-01
175922 4.081317e-01
175964 4.081290e-01
175965 4.081290e-01
175968 4.081290e-01
175971 4.081290e-01
175974 4.081290e-01
175976 4.081276e-01
175985 4.081215e-01
176006 4.081025e-01
176102 4.081024e-01
176400 4.081024e-01
176403 4.081024e-01
176406 4.081024e-01
176409 4.081024e-01
176445 4.081024e-01
178558 4.081005e-01
178559 4.081005e-01
178561 4.080975e-01
178570 4.080945e-01
178571 4.080945e-01
178574 4.080945e-01
178577 4.080945e-01
178580 4.080945e-01
178582 4.080944e-01
178583 4.080944e-01
178586 4.080944e-01
178589 4.080944e-01
178592 4.080944e-01
178595 4.080944e-01
178598 4.080944e-01
178601 4.080944e-01
178603 4.080927e-01
178604 4.080927e-01
178607 4.080927e-01
178610 4.080927e-01
178613 4.080927e-01
178616 4.080927e-01
178619 4.080927e-01
178622 4.080927e-01
178625 4.080927e-01
178628 4.080927e-01
178631 4.080927e-01
178634 4.080927e-01
178637 4.080927e-01
178640 4.080927e-01
178643 4.080927e-01
178646 4.080927e-01
178649 4.080927e-01
178652 4.080927e-01
178655 4.080927e-01
178658 4.080927e-01
178660 4.080915e-01
178661 4.080915e-01
178664 4.080915e-01
178667 4.080915e-01
178670 4.080915e-01
178673 4.080915e-01
178676 4.080915e-01
178679 4.080915e-01
178682 4.080915e-01
178685 4.080915e-01
178688 4.080915e-01
178691 4.080915e-01
178693 4.080908e-01
178705 4.080901e-01
178774 4.080896e-01
178775 4.080896e-01
178778 4.080896e-01
178781 4.080896e-01
178784 4.080896e-01
178787 4.080896e-01
178790 4.080896e-01
178793 4.080896e-01
178796 4.080896e-01
178798 4.080885e-01
178799 4.080885e-01
178802 4.080885e-01
178805 4.080885e-01
178808 4.080885e-01
178811 4.080885e-01
178814 4.080885e-01
178817 4.080885e-01
178820 4.080885e-01
178823 4.080885e-01
178826 4.080885e-01
178829 4.080885e-01
178832 4.080885e-01
178835 4.080885e-01
178838 4.080885e-01
178841 4.080885e-01
178843 4.080883e-01
178844 4.080883e-01
178847 4.080883e-01
178850 4.080883e-01
178853 4.080883e-01
178856 4.080883e-01
178859 4.080883e-01
178862 4.080883e-01
178865 4.080883e-01
178868 4.080883e-01
178871 4.080883e-01
178874 4.080883e-01
178877 4.080883e-01
178880 4.080883e-01
178883 4.080883e-01
178886 4.080883e-01
178889 4.080883e-01
178892 4.080883e-01
178895 4.080883e-01
178898 4.080883e-01
178901 4.080883e-01
178904 4.080883e-01
178907 4.080883e-01
178910 4.080883e-01
178913 4.080883e-01
178916 4.080883e-01
178919 4.080883e-01
178922 4.080883e-01
178925 4.080883e-01
178928 4.080883e-01
178931 4.080883e-01
178934 4.080883e-01
178937 4.080883e-01
178940 4.080883e-01
178943 4.080883e-01
178946 4.080883e-01
178949 4.080883e-01
178952 4.080883e-01
178955 4.080883e-01
178958 4.080883e-01
178961 4.080883e-01
178964 4.080883e-01
178967 4.080883e-01
178970 4.080883e-01
178973 4.080883e-01
178976 4.080883e-01
179102 4.080883e-01
181327 4.080882e-01
181328 4.080882e-01
181331 4.080882e-01
181334 4.080882e-01
181337 4.080882e-01
181340 4.080882e-01
181343 4.080882e-01
181346 4.080882e-01
181349 4.080882e-01
181352 4.080882e-01
181355 4.080882e-01
181358 4.080882e-01
181361 4.080882e-01
181364 4.080882e-01
181367 4.080882e-01
181370 4.080882e-01
181373 4.080882e-01
181376 4.080882e-01
181379 4.080882e-01
181382 4.080882e-01
181385 4.080882e-01
181388 4.080882e-01
181391 4.080882e-01
181394 4.080882e-01
181397 4.080882e-01
181400 4.080882e-01
181403 4.080882e-01
181406 4.080882e-01
181409 4.080882e-01
181412 4.080882e-01
181415 4.080882e-01
181418 4.080882e-01
181421 4.080882e-01
181424 4.080882e-01
181427 4.080882e-01
181430 4.080882e-01
181433 4.080882e-01
181436 4.080882e-01
181439 4.080882e-01
181442 4.080882e-01
181445 4.080882e-01
181448 4.080882e-01
181451 4.080882e-01
181454 4.080882e-01
181457 4.080882e-01
181460 4.080882e-01
181463 4.080882e-01
181466 4.080882e-01
181469 4.080882e-01
181472 4.080882e-01
181475 4.080882e-01
181478 4.080882e-01
181481 4.080882e-01
181484 4.080882e-01
181487 4.080882e-01
181490 4.080882e-01
181493 4.080882e-01
181496 4.080882e-01
181499 4.080882e-01
181502 4.080882e-01
181505 4.080882e-01
181508 4.080882e-01
181511 4.080882e-01
181514 4.080882e-01
181515 4.080875e-01
181516 4.080875e-01
181518 4.080874e-01
181519 4.080874e-01
181520 4.080869e-01
181529 4.080859e-01
181530 4.080859e-01
181533 4.080859e-01
181536 4.080859e-01
181539 4.080859e-01
181542 4.080859e-01
181543 4.080858e-01
181544 4.080858e-01
181546 4.080853e-01
181548 4.080842e-01
181551 4.080835e-01
181552 4.080835e-01
181555 4.080835e-01
181558 4.080835e-01
181561 4.080835e-01
181564 4.080835e-01
181567 4.080835e-01
181570 4.080835e-01
181573 4.080835e-01
181576 4.080835e-01
181579 4.080835e-01
181581 4.080833e-01
181623 4.080831e-01
181624 4.080831e-01
181627 4.080831e-01
181629 4.080829e-01
181650 4.080829e-01
181653 4.080826e-01
181654 4.080826e-01
181657 4.080826e-01
181660 4.080826e-01
181663 4.080826e-01
181666 4.080826e-01
181669 4.080826e-01
181672 4.080826e-01
181675 4.080826e-01
181696 4.080826e-01
181714 4.080826e-01
181717 4.080826e-01
181720 4.080826e-01
181723 4.080826e-01
181741 4.080826e-01
181744 4.080826e-01
181747 4.080826e-01
181750 4.080826e-01
181753 4.080826e-01
181756 4.080826e-01
181759 4.080826e-01
184298 4.080820e-01
184301 4.080819e-01
184302 4.080819e-01
184305 4.080819e-01
184308 4.080819e-01
184311 4.080819e-01
184314 4.080819e-01
184317 4.080819e-01
184320 4.080819e-01
184323 4.080819e-01
184326 4.080819e-01
184329 4.080819e-01
184330 4.080816e-01
184336 4.080813e-01
184376 4.080813e-01
184379 4.080813e-01
184382 4.080813e-01
184385 4.080813e-01
184388 4.080813e-01
184391 4.080813e-01
184394 4.080813e-01
184571 4.080813e-01
184574 4.080813e-01
184577 4.080813e-01
184580 4.080813e-01
184583 4.080813e-01
184586 4.080813e-01
184589 4.080813e-01
184592 4.080813e-01
184595 4.080813e-01
189684 4.080811e-01
189687 4.080811e-01
189688 4.080811e-01
189691 4.080811e-01
189694 4.080811e-01
189697 4.080811e-01
189700 4.080811e-01
189703 4.080811e-01
189706 4.080811e-01
189709 4.080811e-01
189712 4.080811e-01
189715 4.080811e-01
189718 4.080811e-01
189721 4.080811e-01
189724 4.080811e-01
189727 4.080811e-01
189730 4.080811e-01
189733 4.080811e-01
189735 4.080810e-01
189736 4.080810e-01
189739 4.080810e-01
189742 4.080810e-01
189745 4.080810e-01
189748 4.080810e-01
189751 4.080810e-01
189754 4.080810e-01
189757 4.080810e-01
189760 4.080810e-01
189763 4.080810e-01
189766 4.080810e-01
189769 4.080810e-01
189772 4.080810e-01
189775 4.080810e-01
189796 4.080810e-01
190027 4.080810e-01
190072 4.080810e-01
190075 4.080810e-01
190078 4.080810e-01
190081 4.080810e-01
190084 4.080810e-01
