1 1.278059e+01
4 9.050038e+00
22 8.336351e+00
27 7.615025e+00
28 6.255199e+00
349 5.862081e+00
538 5.771989e+00
717 5.026037e+00
896 4.942094e+00
1630 4.877335e+00
3861 4.317056e+00
4577 3.937350e+00
4737 3.721190e+00
7378 3.420378e+00
8802 3.080855e+00
18881 3.002233e+00
46003 2.823901e+00
46031 2.823901e+00
46034 2.823901e+00
46037 2.823901e+00
46040 2.823901e+00
46043 2.823901e+00
46046 2.823901e+00
46049 2.823901e+00
46052 2.823901e+00
46055 2.823901e+00
46058 2.823901e+00
46061 2.823901e+00
46064 2.823901e+00
46067 2.823901e+00
46070 2.823901e+00
46073 2.823901e+00
46076 2.823901e+00
46079 2.823901e+00
46082 2.823901e+00
46085 2.823901e+00
46088 2.823901e+00
46091 2.823901e+00
46094 2.823901e+00
46097 2.823901e+00
46100 2.823901e+00
46103 2.823901e+00
46106 2.823901e+00
46109 2.823901e+00
46112 2.823901e+00
46115 2.823901e+00
46118 2.823901e+00
46121 2.823901e+00
46124 2.823901e+00
46127 2.823901e+00
46130 2.823901e+00
46133 2.823901e+00
46136 2.823901e+00
46139 2.823901e+00
46142 2.823901e+00
46145 2.823901e+00
46148 2.823901e+00
46151 2.823901e+00
46154 2.823901e+00
46157 2.823901e+00
46160 2.823901e+00
46163 2.823901e+00
46166 2.823901e+00
46169 2.823901e+00
46172 2.823901e+00
46175 2.823901e+00
46178 2.823901e+00
46181 2.823901e+00
46184 2.823901e+00
46187 2.823901e+00
46190 2.823901e+00
46193 2.823901e+00
46196 2.823901e+00
46199 2.823901e+00
46202 2.823901e+00
46205 2.823901e+00
46208 2.823901e+00
46211 2.823901e+00
46214 2.823901e+00
46217 2.823901e+00
46220 2.823901e+00
46223 2.823901e+00
46226 2.823901e+00
46229 2.823901e+00
46232 2.823901e+00
46235 2.823901e+00
46238 2.823901e+00
46241 2.823901e+00
46244 2.823901e+00
46247 2.823901e+00
46250 2.823901e+00
46253 2.823901e+00
46256 2.823901e+00
46259 2.823901e+00
46262 2.823901e+00
46265 2.823901e+00
46268 2.823901e+00
46271 2.823901e+00
46274 2.823901e+00
46277 2.823901e+00
46280 2.823901e+00
46283 2.823901e+00
46286 2.823901e+00
46289 2.823901e+00
46292 2.823901e+00
46295 2.823901e+00
46298 2.823901e+00
46301 2.823901e+00
46304 2.823901e+00
46307 2.823901e+00
46310 2.823901e+00
46313 2.823901e+00
46316 2.823901e+00
46319 2.823901e+00
46322 2.823901e+00
46325 2.823901e+00
46328 2.823901e+00
46331 2.823901e+00
46334 2.823901e+00
46337 2.823901e+00
46339 2.752291e+00
46447 2.538018e+00
46629 2.450273e+00
46630 2.450273e+00
46633 2.450273e+00
46636 2.450273e+00
46638 2.401023e+00
46639 2.401023e+00
46642 2.401023e+00
46645 2.401023e+00
46648 2.401023e+00
46650 2.386179e+00
46651 2.386179e+00
46654 2.386179e+00
46657 2.386179e+00
46660 2.386179e+00
46663 2.386179e+00
46666 2.386179e+00
46669 2.386179e+00
46670 2.310086e+00
46850 2.258204e+00
46851 2.258204e+00
46854 2.258204e+00
46857 2.258204e+00
46860 2.258204e+00
46863 2.258204e+00
46866 2.258204e+00
46869 2.258204e+00
46988 2.243632e+00
47030 2.238763e+00
47168 2.236404e+00
47179 2.224869e+00
47182 2.208941e+00
47185 2.196327e+00
47186 2.196327e+00
47189 2.196327e+00
47192 2.196327e+00
47195 2.196327e+00
47198 2.196327e+00
47201 2.196327e+00
47204 2.196327e+00
47207 2.196327e+00
47210 2.196327e+00
47213 2.196327e+00
47216 2.196327e+00
47219 2.196327e+00
47222 2.196327e+00
47225 2.196327e+00
47228 2.196327e+00
47231 2.196327e+00
47234 2.196327e+00
47237 2.196327e+00
47240 2.196327e+00
47243 2.196327e+00
47246 2.196327e+00
47249 2.196327e+00
47252 2.196327e+00
47255 2.196327e+00
47258 2.196327e+00
47259 2.162289e+00
47271 2.150126e+00
47286 2.145153e+00
47292 2.143303e+00
47293 2.143303e+00
47296 2.143303e+00
47299 2.143303e+00
47302 2.143303e+00
47305 2.143303e+00
47308 2.143303e+00
47311 2.143303e+00
47314 2.143303e+00
47317 2.143303e+00
47320 2.143303e+00
47322 2.124349e+00
47323 2.124349e+00
47326 2.124349e+00
47328 2.106977e+00
47329 2.106977e+00
47332 2.106977e+00
47335 2.106977e+00
47338 2.106977e+00
47341 2.106977e+00
47344 2.106977e+00
47347 2.106977e+00
47350 2.106977e+00
47353 2.106977e+00
47356 2.106977e+00
47359 2.106977e+00
47361 2.093376e+00
47362 2.093376e+00
47365 2.093376e+00
47368 2.093376e+00
47371 2.093376e+00
47374 2.093376e+00
47377 2.093376e+00
47380 2.093376e+00
47383 2.093376e+00
47386 2.093376e+00
47389 2.093376e+00
47392 2.093376e+00
47395 2.093376e+00
47398 2.093376e+00
47401 2.093376e+00
47404 2.093376e+00
47407 2.093376e+00
47410 2.093376e+00
47413 2.093376e+00
47416 2.093376e+00
47419 2.093376e+00
47422 2.093376e+00
47425 2.093376e+00
47428 2.093376e+00
47431 2.093376e+00
47434 2.093376e+00
47437 2.093376e+00
47440 2.093376e+00
47443 2.093376e+00
47446 2.093376e+00
47449 2.093376e+00
47452 2.093376e+00
47455 2.093376e+00
47458 2.093376e+00
47461 2.093376e+00
47464 2.093376e+00
47467 2.093376e+00
47470 2.093376e+00
47473 2.093376e+00
47476 2.093376e+00
47479 2.093376e+00
47482 2.093376e+00
47485 2.093376e+00
47488 2.093376e+00
47491 2.093376e+00
47494 2.093376e+00
47497 2.093376e+00
47500 2.093376e+00
47503 2.093376e+00
47506 2.093376e+00
47509 2.093376e+00
47512 2.093376e+00
47515 2.093376e+00
47518 2.093376e+00
47521 2.093376e+00
47524 2.093376e+00
47527 2.093376e+00
47530 2.093376e+00
47533 2.093376e+00
47536 2.093376e+00
47539 2.093376e+00
47542 2.093376e+00
47545 2.093376e+00
47547 2.089261e+00
47548 2.089261e+00
47551 2.089261e+00
47554 2.089261e+00
47557 2.089261e+00
47560 2.089261e+00
47563 2.089261e+00
47566 2.089261e+00
47569 2.089261e+00
47570 2.081128e+00
47571 2.081128e+00
47574 2.081128e+00
47577 2.081128e+00
47580 2.081128e+00
47583 2.081128e+00
47586 2.081128e+00
47589 2.081128e+00
47592 2.081128e+00
47595 2.081128e+00
47598 2.081128e+00
47601 2.081128e+00
47602 2.074737e+00
47607 2.054580e+00
47672 2.039535e+00
47681 2.030092e+00
47682 2.030092e+00
47685 2.030092e+00
47688 2.030092e+00
47691 2.030092e+00
47693 2.017649e+00
47697 2.017649e+00
47703 2.017649e+00
47706 2.017649e+00
47709 2.017649e+00
47712 2.017649e+00
47715 2.017649e+00
47718 2.017649e+00
47748 2.017649e+00
47751 2.017649e+00
47769 2.017649e+00
47772 2.017649e+00
47775 2.017649e+00
47778 2.017649e+00
47991 2.017649e+00
48009 2.017649e+00
48093 2.017649e+00
48096 2.017649e+00
48099 2.017649e+00
48102 2.017649e+00
48105 2.017649e+00
48108 2.017649e+00
48111 2.017649e+00
48114 2.017649e+00
48117 2.017649e+00
48120 2.017649e+00
48123 2.017649e+00
48126 2.017649e+00
48129 2.017649e+00
48132 2.017649e+00
48135 2.017649e+00
48168 2.017649e+00
48171 2.017649e+00
48174 2.017649e+00
48177 2.017649e+00
48180 2.017649e+00
48216 2.017649e+00
48219 2.017649e+00
49144 2.006789e+00
49228 2.003828e+00
49230 2.003730e+00
49233 2.000846e+00
49234 2.000846e+00
49237 2.000846e+00
49240 2.000846e+00
49243 2.000846e+00
49246 2.000846e+00
49249 2.000846e+00
49252 2.000846e+00
49255 2.000846e+00
49258 2.000846e+00
49261 2.000846e+00
49264 2.000846e+00
49267 2.000846e+00
49270 2.000846e+00
49273 2.000846e+00
49276 2.000846e+00
49279 2.000846e+00
49282 2.000846e+00
49285 2.000846e+00
49288 2.000846e+00
49291 2.000846e+00
49294 2.000846e+00
49297 2.000846e+00
49300 2.000846e+00
49303 2.000846e+00
49306 2.000846e+00
49309 2.000846e+00
49312 2.000846e+00
49315 2.000846e+00
49318 2.000846e+00
49321 2.000846e+00
49324 2.000846e+00
49327 2.000846e+00
49330 2.000846e+00
49333 2.000846e+00
49336 2.000846e+00
49339 2.000846e+00
49342 2.000846e+00
49345 2.000846e+00
49348 2.000846e+00
49351 2.000846e+00
49354 2.000846e+00
49357 2.000846e+00
49360 2.000846e+00
49363 2.000846e+00
49366 2.000846e+00
49369 2.000846e+00
49372 2.000846e+00
49375 2.000846e+00
49378 2.000846e+00
49381 2.000846e+00
49384 2.000846e+00
49387 2.000846e+00
49390 2.000846e+00
49393 2.000846e+00
49396 2.000846e+00
49399 2.000846e+00
49402 2.000846e+00
49405 2.000846e+00
49408 2.000846e+00
49410 1.999589e+00
49411 1.999589e+00
49414 1.999589e+00
49417 1.999589e+00
49420 1.999589e+00
49423 1.999589e+00
49426 1.999589e+00
49429 1.999589e+00
49432 1.999589e+00
49435 1.999589e+00
49438 1.999589e+00
49441 1.999589e+00
49444 1.999589e+00
49447 1.999589e+00
49450 1.999589e+00
49453 1.999589e+00
49456 1.999589e+00
49459 1.999589e+00
49462 1.999589e+00
49465 1.999589e+00
49468 1.999589e+00
49471 1.999589e+00
49474 1.999589e+00
49477 1.999589e+00
49480 1.999589e+00
49483 1.999589e+00
49486 1.999589e+00
49489 1.999589e+00
49492 1.999589e+00
49495 1.999589e+00
49498 1.999589e+00
49501 1.999589e+00
49504 1.999589e+00
49507 1.999589e+00
49510 1.999589e+00
49513 1.999589e+00
49516 1.999589e+00
49519 1.999589e+00
49522 1.999589e+00
49525 1.999589e+00
49528 1.999589e+00
49531 1.999589e+00
49534 1.999589e+00
49537 1.999589e+00
49540 1.999589e+00
49543 1.999589e+00
49546 1.999589e+00
49549 1.999589e+00
49552 1.999589e+00
49555 1.999589e+00
49558 1.999589e+00
49561 1.999589e+00
49564 1.999589e+00
49567 1.999589e+00
49570 1.999589e+00
49573 1.999589e+00
49576 1.999589e+00
49579 1.999589e+00
49582 1.999589e+00
49585 1.999589e+00
49588 1.999589e+00
49591 1.999589e+00
49592 1.996578e+00
49593 1.996578e+00
49595 1.996194e+00
49596 1.996194e+00
49599 1.996194e+00
49602 1.996194e+00
49604 1.995550e+00
49605 1.995550e+00
49608 1.995550e+00
49611 1.995550e+00
49614 1.995550e+00
49617 1.995550e+00
49619 1.993820e+00
49620 1.993820e+00
49623 1.993820e+00
49626 1.993820e+00
49629 1.993820e+00
49632 1.993820e+00
49635 1.993820e+00
49638 1.993820e+00
49641 1.993820e+00
49644 1.993820e+00
49647 1.993820e+00
49650 1.993820e+00
49653 1.993820e+00
49656 1.993820e+00
49659 1.993820e+00
49662 1.993820e+00
49665 1.993820e+00
49668 1.993820e+00
49671 1.993820e+00
49674 1.993820e+00
49677 1.993820e+00
49680 1.993820e+00
49683 1.993820e+00
49686 1.993820e+00
49689 1.993820e+00
49692 1.993820e+00
49695 1.993820e+00
49698 1.993820e+00
49701 1.993820e+00
49704 1.993820e+00
49707 1.993820e+00
49710 1.993820e+00
49713 1.993820e+00
49716 1.993820e+00
49719 1.993820e+00
49722 1.993820e+00
49725 1.993820e+00
49728 1.993820e+00
49731 1.993820e+00
49734 1.993820e+00
49737 1.993820e+00
49740 1.993820e+00
49743 1.993820e+00
49746 1.993820e+00
49749 1.993820e+00
49752 1.993820e+00
49755 1.993820e+00
49758 1.993820e+00
49761 1.993820e+00
49764 1.993820e+00
49767 1.993820e+00
49770 1.993820e+00
49773 1.993820e+00
49776 1.993820e+00
49779 1.993820e+00
49782 1.993820e+00
49785 1.993820e+00
49788 1.993820e+00
49791 1.993820e+00
49794 1.993820e+00
49797 1.993820e+00
49800 1.993820e+00
49803 1.993820e+00
49806 1.993820e+00
49809 1.993820e+00
49811 1.993435e+00
49813 1.992981e+00
49816 1.992880e+00
49817 1.992880e+00
49820 1.992880e+00
49823 1.992880e+00
49826 1.992880e+00
49829 1.992880e+00
49832 1.992880e+00
49834 1.992630e+00
49840 1.992345e+00
49841 1.992345e+00
49844 1.992345e+00
49847 1.992345e+00
49850 1.992345e+00
49853 1.992345e+00
49855 1.991296e+00
49857 1.990774e+00
49858 1.990774e+00
49861 1.990774e+00
49864 1.990774e+00
49867 1.990774e+00
49870 1.990774e+00
49873 1.990774e+00
49876 1.990774e+00
49879 1.990774e+00
49882 1.990774e+00
49885 1.990774e+00
49888 1.990774e+00
49891 1.990774e+00
49894 1.990774e+00
49897 1.990774e+00
49900 1.990774e+00
49903 1.990774e+00
49906 1.990774e+00
49909 1.990774e+00
49912 1.990774e+00
49915 1.990774e+00
49918 1.990774e+00
49921 1.990774e+00
49924 1.990774e+00
49927 1.990774e+00
49930 1.990774e+00
49933 1.990774e+00
49936 1.990774e+00
49938 1.990498e+00
50039 1.990458e+00
50040 1.990458e+00
50043 1.990458e+00
50046 1.990458e+00
50049 1.990458e+00
50052 1.990458e+00
50055 1.990458e+00
50058 1.990458e+00
50061 1.990458e+00
50064 1.990458e+00
50067 1.990458e+00
50070 1.990458e+00
50071 1.990370e+00
50095 1.990143e+00
50096 1.990143e+00
50098 1.989248e+00
50099 1.989248e+00
50102 1.989248e+00
50105 1.989248e+00
50108 1.989248e+00
50111 1.989248e+00
50114 1.989248e+00
50117 1.989248e+00
50120 1.989248e+00
50123 1.989248e+00
50125 1.989111e+00
50126 1.989111e+00
50129 1.989111e+00
50132 1.989111e+00
50135 1.989111e+00
50138 1.989111e+00
50141 1.989111e+00
50144 1.989111e+00
50147 1.989111e+00
50150 1.989111e+00
50153 1.989111e+00
50156 1.989111e+00
50159 1.989111e+00
50162 1.989111e+00
50165 1.989111e+00
50167 1.988854e+00
50168 1.988854e+00
50171 1.988854e+00
50174 1.988854e+00
50177 1.988854e+00
50180 1.988854e+00
50183 1.988854e+00
50186 1.988854e+00
50189 1.988854e+00
50192 1.988854e+00
50195 1.988854e+00
50198 1.988854e+00
50201 1.988854e+00
50204 1.988854e+00
50207 1.988854e+00
50210 1.988854e+00
50213 1.988854e+00
50216 1.988854e+00
50219 1.988854e+00
50222 1.988854e+00
50225 1.988854e+00
50228 1.988854e+00
50231 1.988854e+00
50234 1.988854e+00
50237 1.988854e+00
50240 1.988854e+00
50243 1.988854e+00
50246 1.988854e+00
50249 1.988854e+00
50252 1.988854e+00
50255 1.988854e+00
50258 1.988854e+00
50261 1.988854e+00
50264 1.988854e+00
50267 1.988854e+00
50270 1.988854e+00
50273 1.988854e+00
50276 1.988854e+00
50279 1.988854e+00
50282 1.988854e+00
50285 1.988854e+00
50288 1.988854e+00
50291 1.988854e+00
50294 1.988854e+00
50297 1.988854e+00
50300 1.988854e+00
50303 1.988854e+00
50305 1.988837e+00
50306 1.988837e+00
50309 1.988837e+00
50312 1.988837e+00
50315 1.988837e+00
50318 1.988837e+00
50321 1.988837e+00
50324 1.988837e+00
50327 1.988837e+00
50330 1.988837e+00
50333 1.988837e+00
50336 1.988837e+00
50339 1.988837e+00
50342 1.988837e+00
50345 1.988837e+00
50347 1.988732e+00
50348 1.988732e+00
50351 1.988732e+00
50354 1.988732e+00
50357 1.988732e+00
50360 1.988732e+00
50363 1.988732e+00
50366 1.988732e+00
50368 1.988616e+00
50386 1.988603e+00
50387 1.988603e+00
50390 1.988603e+00
50393 1.988603e+00
50396 1.988603e+00
50399 1.988603e+00
50402 1.988603e+00
50405 1.988603e+00
50408 1.988603e+00
50411 1.988603e+00
50414 1.988603e+00
50417 1.988603e+00
50420 1.988603e+00
50423 1.988603e+00
50432 1.988603e+00
50477 1.988603e+00
50591 1.988603e+00
52324 1.988484e+00
52325 1.988484e+00
52328 1.988484e+00
52331 1.988484e+00
52334 1.988484e+00
52337 1.988484e+00
52340 1.988484e+00
52343 1.988484e+00
52346 1.988484e+00
52349 1.988484e+00
52352 1.988484e+00
52355 1.988484e+00
52358 1.988484e+00
52361 1.988484e+00
52364 1.988484e+00
52367 1.988484e+00
52370 1.988484e+00
52373 1.988484e+00
52375 1.988484e+00
52376 1.988484e+00
52379 1.988484e+00
52382 1.988484e+00
52385 1.988484e+00
52388 1.988484e+00
52391 1.988484e+00
52394 1.988484e+00
52397 1.988484e+00
52400 1.988484e+00
52403 1.988484e+00
52406 1.988484e+00
52409 1.988484e+00
52412 1.988484e+00
52415 1.988484e+00
52418 1.988484e+00
52421 1.988484e+00
52424 1.988484e+00
52427 1.988484e+00
52430 1.988484e+00
52433 1.988484e+00
52436 1.988484e+00
52439 1.988484e+00
52442 1.988484e+00
52445 1.988484e+00
52448 1.988484e+00
52451 1.988484e+00
52454 1.988484e+00
52457 1.988484e+00
52460 1.988484e+00
52463 1.988484e+00
52466 1.988484e+00
52469 1.988484e+00
52472 1.988484e+00
52475 1.988484e+00
52478 1.988484e+00
52481 1.988484e+00
52484 1.988484e+00
52487 1.988484e+00
52490 1.988484e+00
52493 1.988484e+00
52496 1.988484e+00
52499 1.988484e+00
52502 1.988484e+00
52505 1.988484e+00
52508 1.988484e+00
52511 1.988484e+00
52514 1.988484e+00
52517 1.988484e+00
52520 1.988484e+00
52523 1.988484e+00
52526 1.988484e+00
52529 1.988484e+00
52532 1.988484e+00
52535 1.988484e+00
52538 1.988484e+00
52541 1.988484e+00
52544 1.988484e+00
52547 1.988484e+00
52550 1.988484e+00
52553 1.988484e+00
52556 1.988484e+00
52559 1.988484e+00
52562 1.988484e+00
52565 1.988484e+00
52567 1.988310e+00
52836 1.988238e+00
52837 1.988238e+00
52840 1.988238e+00
52843 1.988238e+00
52846 1.988238e+00
52849 1.988238e+00
52851 1.988230e+00
52852 1.988230e+00
52855 1.988230e+00
52858 1.988230e+00
52861 1.988230e+00
52863 1.988205e+00
52864 1.988205e+00
52865 1.988196e+00
52866 1.988196e+00
52869 1.988196e+00
52872 1.988196e+00
52874 1.988154e+00
52875 1.988154e+00
52878 1.988154e+00
52881 1.988154e+00
52884 1.988154e+00
52887 1.988154e+00
52890 1.988154e+00
52893 1.988154e+00
52896 1.988154e+00
52899 1.988154e+00
52902 1.988154e+00
52905 1.988154e+00
52908 1.988154e+00
52911 1.988154e+00
52914 1.988154e+00
52917 1.988154e+00
52920 1.988154e+00
52923 1.988154e+00
52926 1.988154e+00
52929 1.988154e+00
52932 1.988154e+00
52935 1.988154e+00
52938 1.988154e+00
52941 1.988154e+00
52944 1.988154e+00
52947 1.988154e+00
52950 1.988154e+00
52953 1.988154e+00
52956 1.988154e+00
52959 1.988154e+00
52962 1.988154e+00
52965 1.988154e+00
52968 1.988154e+00
52971 1.988154e+00
52974 1.988154e+00
52977 1.988154e+00
52980 1.988154e+00
52983 1.988154e+00
52986 1.988154e+00
52989 1.988154e+00
52992 1.988154e+00
52995 1.988154e+00
52998 1.988154e+00
53001 1.988154e+00
53004 1.988154e+00
53007 1.988154e+00
53010 1.988154e+00
53013 1.988154e+00
53016 1.988154e+00
53019 1.988154e+00
53022 1.988154e+00
53025 1.988154e+00
53028 1.988154e+00
53031 1.988154e+00
53034 1.988154e+00
53037 1.988154e+00
53040 1.988154e+00
53043 1.988154e+00
53045 1.988154e+00
53046 1.988154e+00
53049 1.988154e+00
53052 1.988154e+00
53054 1.988150e+00
53055 1.988150e+00
53058 1.988150e+00
53061 1.988150e+00
53064 1.988150e+00
53067 1.988150e+00
53070 1.988150e+00
53073 1.988150e+00
53076 1.988150e+00
53079 1.988150e+00
53082 1.988150e+00
53084 1.988139e+00
53094 1.988139e+00
53097 1.988139e+00
53121 1.988139e+00
53124 1.988139e+00
53127 1.988139e+00
53157 1.988139e+00
53163 1.988139e+00
53301 1.988139e+00
53304 1.988139e+00
53307 1.988139e+00
53310 1.988139e+00
53313 1.988139e+00
53316 1.988139e+00
53319 1.988139e+00
53322 1.988139e+00
53325 1.988139e+00
53328 1.988139e+00
53331 1.988139e+00
53334 1.988139e+00
53337 1.988139e+00
53340 1.988139e+00
53343 1.988139e+00
53379 1.988139e+00
53382 1.988139e+00
53385 1.988139e+00
53388 1.988139e+00
53391 1.988139e+00
53394 1.988139e+00
53397 1.988139e+00
53400 1.988139e+00
53403 1.988139e+00
53406 1.988139e+00
53409 1.988139e+00
53412 1.988139e+00
53415 1.988139e+00
53418 1.988139e+00
53421 1.988139e+00
53424 1.988139e+00
53427 1.988139e+00
53430 1.988139e+00
53484 1.988139e+00
53526 1.988139e+00
53559 1.988139e+00
55435 1.988134e+00
55436 1.988134e+00
55439 1.988134e+00
55442 1.988134e+00
55445 1.988134e+00
55447 1.988128e+00
55465 1.988124e+00
55474 1.988121e+00
55609 1.988117e+00
55651 1.988113e+00
55717 1.988112e+00
55718 1.988112e+00
55721 1.988112e+00
55724 1.988112e+00
55727 1.988112e+00
55730 1.988112e+00
55733 1.988112e+00
55736 1.988112e+00
55739 1.988112e+00
55742 1.988112e+00
55744 1.988107e+00
55745 1.988107e+00
55748 1.988107e+00
55751 1.988107e+00
55754 1.988107e+00
55757 1.988107e+00
55760 1.988107e+00
55763 1.988107e+00
55766 1.988107e+00
55769 1.988107e+00
55772 1.988107e+00
55775 1.988107e+00
55778 1.988107e+00
55781 1.988107e+00
55784 1.988107e+00
55787 1.988107e+00
55796 1.988107e+00
55826 1.988107e+00
55829 1.988107e+00
55832 1.988107e+00
55835 1.988107e+00
55838 1.988107e+00
55841 1.988107e+00
55844 1.988107e+00
55847 1.988107e+00
55850 1.988107e+00
55853 1.988107e+00
55991 1.988107e+00
56072 1.988107e+00
56078 1.988107e+00
58345 1.988107e+00
58354 1.988104e+00
58355 1.988104e+00
58358 1.988104e+00
58361 1.988104e+00
58364 1.988104e+00
58367 1.988104e+00
58370 1.988104e+00
58373 1.988104e+00
58376 1.988104e+00
58379 1.988104e+00
58382 1.988104e+00
58385 1.988104e+00
58388 1.988104e+00
58391 1.988104e+00
58394 1.988104e+00
58397 1.988104e+00
58400 1.988104e+00
58403 1.988104e+00
58406 1.988104e+00
58409 1.988104e+00
58412 1.988104e+00
58415 1.988104e+00
58417 1.988103e+00
58444 1.988100e+00
58496 1.988100e+00
58499 1.988100e+00
58502 1.988100e+00
58505 1.988100e+00
58508 1.988100e+00
58523 1.988100e+00
58526 1.988100e+00
58925 1.988100e+00
58928 1.988100e+00
58931 1.988100e+00
58934 1.988100e+00
58937 1.988100e+00
58940 1.988100e+00
58943 1.988100e+00
58946 1.988100e+00
58949 1.988100e+00
58952 1.988100e+00
58955 1.988100e+00
58958 1.988100e+00
58961 1.988100e+00
58964 1.988100e+00
58967 1.988100e+00
58970 1.988100e+00
59006 1.988100e+00
61493 1.988100e+00
61535 1.988100e+00
61538 1.988100e+00
61541 1.988100e+00
61544 1.988100e+00
61547 1.988100e+00
61550 1.988100e+00
61553 1.988100e+00
61556 1.988100e+00
61559 1.988100e+00
61562 1.988100e+00
61565 1.988100e+00
61568 1.988100e+00
61571 1.988100e+00
61574 1.988100e+00
61577 1.988100e+00
61580 1.988100e+00
61616 1.988100e+00
61619 1.988100e+00
64193 1.988100e+00
64235 1.988100e+00
64238 1.988100e+00
64241 1.988100e+00
64244 1.988100e+00
64247 1.988100e+00
64250 1.988100e+00
64253 1.988100e+00
64256 1.988100e+00
64259 1.988100e+00
64262 1.988100e+00
64265 1.988100e+00
64268 1.988100e+00
64316 1.988100e+00
64319 1.988100e+00
66893 1.988100e+00
66896 1.988100e+00
66899 1.988100e+00
66902 1.988100e+00
66905 1.988100e+00
66908 1.988100e+00
66911 1.988100e+00
66914 1.988100e+00
66917 1.988100e+00
66920 1.988100e+00
66923 1.988100e+00
66926 1.988100e+00
66929 1.988100e+00
66932 1.988100e+00
66935 1.988100e+00
66968 1.988100e+00
66971 1.988100e+00
66974 1.988100e+00
66977 1.988100e+00
66980 1.988100e+00
67016 1.988100e+00
67019 1.988100e+00
69593 1.988100e+00
69596 1.988100e+00
69599 1.988100e+00
69602 1.988100e+00
69605 1.988100e+00
69608 1.988100e+00
69611 1.988100e+00
69614 1.988100e+00
69617 1.988100e+00
69620 1.988100e+00
69623 1.988100e+00
69626 1.988100e+00
69629 1.988100e+00
69632 1.988100e+00
69635 1.988100e+00
69638 1.988100e+00
69641 1.988100e+00
69644 1.988100e+00
69647 1.988100e+00
69650 1.988100e+00
69653 1.988100e+00
69656 1.988100e+00
69659 1.988100e+00
69662 1.988100e+00
69665 1.988100e+00
69668 1.988100e+00
69716 1.988100e+00
72293 1.988100e+00
72296 1.988100e+00
72299 1.988100e+00
72302 1.988100e+00
72305 1.988100e+00
72308 1.988100e+00
72311 1.988100e+00
72314 1.988100e+00
72317 1.988100e+00
72320 1.988100e+00
72323 1.988100e+00
72326 1.988100e+00
72329 1.988100e+00
72332 1.988100e+00
72335 1.988100e+00
72368 1.988100e+00
72416 1.988100e+00
74993 1.988100e+00
74996 1.988100e+00
74999 1.988100e+00
75002 1.988100e+00
75005 1.988100e+00
75008 1.988100e+00
75011 1.988100e+00
75014 1.988100e+00
75017 1.988100e+00
75020 1.988100e+00
75023 1.988100e+00
75026 1.988100e+00
75029 1.988100e+00
75032 1.988100e+00
75035 1.988100e+00
75038 1.988100e+00
75041 1.988100e+00
75044 1.988100e+00
75047 1.988100e+00
75050 1.988100e+00
75053 1.988100e+00
75056 1.988100e+00
75059 1.988100e+00
75062 1.988100e+00
75065 1.988100e+00
75068 1.988100e+00
75071 1.988100e+00
75074 1.988100e+00
75077 1.988100e+00
75080 1.988100e+00
75116 1.988100e+00
75119 1.988100e+00
77693 1.988100e+00
77735 1.988100e+00
77738 1.988100e+00
77741 1.988100e+00
77744 1.988100e+00
77747 1.988100e+00
77750 1.988100e+00
77753 1.988100e+00
77756 1.988100e+00
77759 1.988100e+00
77762 1.988100e+00
77765 1.988100e+00
77768 1.988100e+00
77771 1.988100e+00
77774 1.988100e+00
77777 1.988100e+00
77780 1.988100e+00
77816 1.988100e+00
77819 1.988100e+00
80393 1.988100e+00
80396 1.988100e+00
80399 1.988100e+00
80402 1.988100e+00
80405 1.988100e+00
80408 1.988100e+00
80411 1.988100e+00
80414 1.988100e+00
80417 1.988100e+00
80420 1.988100e+00
80423 1.988100e+00
80426 1.988100e+00
80429 1.988100e+00
80432 1.988100e+00
80435 1.988100e+00
80438 1.988100e+00
80441 1.988100e+00
80444 1.988100e+00
80447 1.988100e+00
80450 1.988100e+00
80453 1.988100e+00
80456 1.988100e+00
80459 1.988100e+00
80462 1.988100e+00
80465 1.988100e+00
80468 1.988100e+00
80471 1.988100e+00
80474 1.988100e+00
80477 1.988100e+00
80480 1.988100e+00
80516 1.988100e+00
83093 1.988100e+00
83096 1.988100e+00
83099 1.988100e+00
83102 1.988100e+00
83105 1.988100e+00
83108 1.988100e+00
83111 1.988100e+00
83114 1.988100e+00
83117 1.988100e+00
83120 1.988100e+00
83123 1.988100e+00
83126 1.988100e+00
83129 1.988100e+00
83132 1.988100e+00
83135 1.988100e+00
83138 1.988100e+00
83141 1.988100e+00
83144 1.988100e+00
83147 1.988100e+00
83150 1.988100e+00
83153 1.988100e+00
83156 1.988100e+00
83159 1.988100e+00
83162 1.988100e+00
83165 1.988100e+00
83168 1.988100e+00
83171 1.988100e+00
83174 1.988100e+00
83177 1.988100e+00
83180 1.988100e+00
83216 1.988100e+00
85793 1.988100e+00
85835 1.988100e+00
85838 1.988100e+00
85841 1.988100e+00
85844 1.988100e+00
85847 1.988100e+00
85850 1.988100e+00
85853 1.988100e+00
85856 1.988100e+00
85859 1.988100e+00
85862 1.988100e+00
85865 1.988100e+00
85868 1.988100e+00
85916 1.988100e+00
85919 1.988100e+00
88493 1.988100e+00
88496 1.988100e+00
88499 1.988100e+00
88502 1.988100e+00
88505 1.988100e+00
88508 1.988100e+00
88511 1.988100e+00
88514 1.988100e+00
88517 1.988100e+00
88520 1.988100e+00
88523 1.988100e+00
88526 1.988100e+00
88529 1.988100e+00
88532 1.988100e+00
88535 1.988100e+00
88538 1.988100e+00
88541 1.988100e+00
88544 1.988100e+00
88547 1.988100e+00
88550 1.988100e+00
88553 1.988100e+00
88556 1.988100e+00
88559 1.988100e+00
88562 1.988100e+00
88565 1.988100e+00
88568 1.988100e+00
88571 1.988100e+00
88574 1.988100e+00
88577 1.988100e+00
88580 1.988100e+00
88616 1.988100e+00
88619 1.988100e+00
90002 1.988100e+00
90005 1.988100e+00
90008 1.988100e+00
90011 1.988100e+00
90014 1.988100e+00
90017 1.988100e+00
90020 1.988100e+00
90023 1.988100e+00
90026 1.988100e+00
90353 1.988100e+00
90386 1.988100e+00
90434 1.988100e+00
93011 1.988100e+00
93053 1.988100e+00
93086 1.988100e+00
93089 1.988100e+00
93092 1.988100e+00
93095 1.988100e+00
93098 1.988100e+00
93134 1.988100e+00
95711 1.988100e+00
95714 1.988100e+00
95717 1.988100e+00
95720 1.988100e+00
95723 1.988100e+00
95726 1.988100e+00
95729 1.988100e+00
95732 1.988100e+00
95735 1.988100e+00
95738 1.988100e+00
95741 1.988100e+00
95744 1.988100e+00
95747 1.988100e+00
95750 1.988100e+00
95753 1.988100e+00
95786 1.988100e+00
95834 1.988100e+00
95837 1.988100e+00
98411 1.988100e+00
98453 1.988100e+00
98456 1.988100e+00
98459 1.988100e+00
98462 1.988100e+00
98465 1.988100e+00
98468 1.988100e+00
98471 1.988100e+00
98474 1.988100e+00
98477 1.988100e+00
98480 1.988100e+00
98483 1.988100e+00
98486 1.988100e+00
98534 1.988100e+00
101111 1.988100e+00
101114 1.988100e+00
101117 1.988100e+00
101120 1.988100e+00
101123 1.988100e+00
101126 1.988100e+00
101129 1.988100e+00
101132 1.988100e+00
101135 1.988100e+00
101138 1.988100e+00
101141 1.988100e+00
101144 1.988100e+00
101147 1.988100e+00
101150 1.988100e+00
101153 1.988100e+00
101156 1.988100e+00
101159 1.988100e+00
101162 1.988100e+00
101165 1.988100e+00
101168 1.988100e+00
101171 1.988100e+00
101174 1.988100e+00
101177 1.988100e+00
101180 1.988100e+00
101183 1.988100e+00
101186 1.988100e+00
101234 1.988100e+00
103811 1.988100e+00
103853 1.988100e+00
103856 1.988100e+00
103859 1.988100e+00
103862 1.988100e+00
103865 1.988100e+00
103868 1.988100e+00
103871 1.988100e+00
103874 1.988100e+00
103877 1.988100e+00
103880 1.988100e+00
103883 1.988100e+00
103886 1.988100e+00
103934 1.988100e+00
106511 1.988100e+00
106553 1.988100e+00
106556 1.988100e+00
106559 1.988100e+00
106562 1.988100e+00
106565 1.988100e+00
106568 1.988100e+00
106571 1.988100e+00
106574 1.988100e+00
106577 1.988100e+00
106580 1.988100e+00
106583 1.988100e+00
106586 1.988100e+00
106634 1.988100e+00
109211 1.988100e+00
109253 1.988100e+00
109256 1.988100e+00
109259 1.988100e+00
109262 1.988100e+00
109265 1.988100e+00
109268 1.988100e+00
109271 1.988100e+00
109274 1.988100e+00
109277 1.988100e+00
109280 1.988100e+00
109283 1.988100e+00
109286 1.988100e+00
109334 1.988100e+00
111911 1.988100e+00
111914 1.988100e+00
111917 1.988100e+00
111920 1.988100e+00
111923 1.988100e+00
111926 1.988100e+00
111929 1.988100e+00
111932 1.988100e+00
111935 1.988100e+00
111938 1.988100e+00
111941 1.988100e+00
111944 1.988100e+00
111947 1.988100e+00
111950 1.988100e+00
111953 1.988100e+00
111956 1.988100e+00
111959 1.988100e+00
111962 1.988100e+00
111965 1.988100e+00
111968 1.988100e+00
111971 1.988100e+00
111974 1.988100e+00
111977 1.988100e+00
111980 1.988100e+00
111983 1.988100e+00
111986 1.988100e+00
111989 1.988100e+00
111992 1.988100e+00
111995 1.988100e+00
111998 1.988100e+00
112034 1.988100e+00
112037 1.988100e+00
114611 1.988100e+00
114653 1.988100e+00
114656 1.988100e+00
114659 1.988100e+00
114662 1.988100e+00
114665 1.988100e+00
114668 1.988100e+00
114671 1.988100e+00
114674 1.988100e+00
114677 1.988100e+00
114680 1.988100e+00
114683 1.988100e+00
114686 1.988100e+00
114689 1.988100e+00
114692 1.988100e+00
114695 1.988100e+00
114698 1.988100e+00
114734 1.988100e+00
114737 1.988100e+00
117311 1.988100e+00
117353 1.988100e+00
117356 1.988100e+00
117359 1.988100e+00
117362 1.988100e+00
117365 1.988100e+00
117368 1.988100e+00
117371 1.988100e+00
117374 1.988100e+00
117377 1.988100e+00
117380 1.988100e+00
117383 1.988100e+00
117386 1.988100e+00
117434 1.988100e+00
117437 1.988100e+00
120011 1.988100e+00
120014 1.988100e+00
120017 1.988100e+00
120020 1.988100e+00
120023 1.988100e+00
120026 1.988100e+00
120029 1.988100e+00
120032 1.988100e+00
120035 1.988100e+00
120038 1.988100e+00
120041 1.988100e+00
120044 1.988100e+00
120047 1.988100e+00
120050 1.988100e+00
120053 1.988100e+00
120086 1.988100e+00
120089 1.988100e+00
120092 1.988100e+00
120095 1.988100e+00
120098 1.988100e+00
120134 1.988100e+00
122711 1.988100e+00
122714 1.988100e+00
122717 1.988100e+00
122720 1.988100e+00
122723 1.988100e+00
122726 1.988100e+00
122729 1.988100e+00
122732 1.988100e+00
122735 1.988100e+00
122738 1.988100e+00
122741 1.988100e+00
122744 1.988100e+00
122747 1.988100e+00
122750 1.988100e+00
122753 1.988100e+00
122756 1.988100e+00
122759 1.988100e+00
122762 1.988100e+00
122765 1.988100e+00
122768 1.988100e+00
122771 1.988100e+00
122774 1.988100e+00
122777 1.988100e+00
122780 1.988100e+00
122783 1.988100e+00
122786 1.988100e+00
122834 1.988100e+00
122837 1.988100e+00
125411 1.988100e+00
125414 1.988100e+00
125417 1.988100e+00
125420 1.988100e+00
125423 1.988100e+00
125426 1.988100e+00
125429 1.988100e+00
125432 1.988100e+00
125435 1.988100e+00
125438 1.988100e+00
125441 1.988100e+00
125444 1.988100e+00
125447 1.988100e+00
125450 1.988100e+00
125453 1.988100e+00
125486 1.988100e+00
125489 1.988100e+00
125492 1.988100e+00
125495 1.988100e+00
125498 1.988100e+00
125534 1.988100e+00
128111 1.988100e+00
128114 1.988100e+00
128117 1.988100e+00
128120 1.988100e+00
128123 1.988100e+00
128126 1.988100e+00
128129 1.988100e+00
128132 1.988100e+00
128135 1.988100e+00
128138 1.988100e+00
128141 1.988100e+00
128144 1.988100e+00
128147 1.988100e+00
128150 1.988100e+00
128153 1.988100e+00
128156 1.988100e+00
128159 1.988100e+00
128162 1.988100e+00
128165 1.988100e+00
128168 1.988100e+00
128171 1.988100e+00
128174 1.988100e+00
128177 1.988100e+00
128180 1.988100e+00
128183 1.988100e+00
128186 1.988100e+00
128234 1.988100e+00
128237 1.988100e+00
130811 1.988100e+00
130853 1.988100e+00
130856 1.988100e+00
130859 1.988100e+00
130862 1.988100e+00
130865 1.988100e+00
130868 1.988100e+00
130871 1.988100e+00
130874 1.988100e+00
130877 1.988100e+00
130880 1.988100e+00
130883 1.988100e+00
130886 1.988100e+00
130889 1.988100e+00
130892 1.988100e+00
130895 1.988100e+00
130898 1.988100e+00
130934 1.988100e+00
133511 1.988100e+00
133514 1.988100e+00
133517 1.988100e+00
133520 1.988100e+00
133523 1.988100e+00
133526 1.988100e+00
133529 1.988100e+00
133532 1.988100e+00
133535 1.988100e+00
133538 1.988100e+00
133541 1.988100e+00
133544 1.988100e+00
133547 1.988100e+00
133550 1.988100e+00
133553 1.988100e+00
133586 1.988100e+00
133634 1.988100e+00
133637 1.988100e+00
136211 1.988100e+00
136253 1.988100e+00
136286 1.988100e+00
136334 1.988100e+00
136337 1.988100e+00
138911 1.988100e+00
138914 1.988100e+00
138917 1.988100e+00
138920 1.988100e+00
138923 1.988100e+00
138926 1.988100e+00
138929 1.988100e+00
138932 1.988100e+00
138935 1.988100e+00
138938 1.988100e+00
138941 1.988100e+00
138944 1.988100e+00
138947 1.988100e+00
138950 1.988100e+00
138953 1.988100e+00
138956 1.988100e+00
138959 1.988100e+00
138962 1.988100e+00
138965 1.988100e+00
138968 1.988100e+00
138971 1.988100e+00
138974 1.988100e+00
138977 1.988100e+00
138980 1.988100e+00
138983 1.988100e+00
138986 1.988100e+00
138989 1.988100e+00
138992 1.988100e+00
138995 1.988100e+00
138998 1.988100e+00
139034 1.988100e+00
141611 1.988100e+00
141653 1.988100e+00
141656 1.988100e+00
141659 1.988100e+00
141662 1.988100e+00
141665 1.988100e+00
141668 1.988100e+00
141671 1.988100e+00
141674 1.988100e+00
141677 1.988100e+00
141680 1.988100e+00
141683 1.988100e+00
141686 1.988100e+00
141689 1.988100e+00
141692 1.988100e+00
141695 1.988100e+00
141698 1.988100e+00
141734 1.988100e+00
144311 1.988100e+00
144314 1.988100e+00
144317 1.988100e+00
144320 1.988100e+00
144323 1.988100e+00
144326 1.988100e+00
144329 1.988100e+00
144332 1.988100e+00
144335 1.988100e+00
144338 1.988100e+00
144341 1.988100e+00
144344 1.988100e+00
144347 1.988100e+00
144350 1.988100e+00
144353 1.988100e+00
144356 1.988100e+00
144359 1.988100e+00
144362 1.988100e+00
144365 1.988100e+00
144368 1.988100e+00
144371 1.988100e+00
144374 1.988100e+00
144377 1.988100e+00
144380 1.988100e+00
144383 1.988100e+00
144386 1.988100e+00
144434 1.988100e+00
144437 1.988100e+00
147011 1.988100e+00
147014 1.988100e+00
147017 1.988100e+00
147020 1.988100e+00
147023 1.988100e+00
147026 1.988100e+00
147029 1.988100e+00
147032 1.988100e+00
147035 1.988100e+00
147038 1.988100e+00
147041 1.988100e+00
147044 1.988100e+00
147047 1.988100e+00
147050 1.988100e+00
147053 1.988100e+00
147086 1.988100e+00
147134 1.988100e+00
147137 1.988100e+00
149711 1.988100e+00
149714 1.988100e+00
149717 1.988100e+00
149720 1.988100e+00
149723 1.988100e+00
149726 1.988100e+00
149729 1.988100e+00
149732 1.988100e+00
149735 1.988100e+00
149738 1.988100e+00
149741 1.988100e+00
149744 1.988100e+00
149747 1.988100e+00
149750 1.988100e+00
149753 1.988100e+00
149786 1.988100e+00
149789 1.988100e+00
149792 1.988100e+00
149795 1.988100e+00
149798 1.988100e+00
149834 1.988100e+00
152411 1.988100e+00
152414 1.988100e+00
152417 1.988100e+00
152420 1.988100e+00
152423 1.988100e+00
152426 1.988100e+00
152429 1.988100e+00
152432 1.988100e+00
152435 1.988100e+00
152438 1.988100e+00
152441 1.988100e+00
152444 1.988100e+00
152447 1.988100e+00
152450 1.988100e+00
152453 1.988100e+00
152456 1.988100e+00
152459 1.988100e+00
152462 1.988100e+00
152465 1.988100e+00
152468 1.988100e+00
152471 1.988100e+00
152474 1.988100e+00
152477 1.988100e+00
152480 1.988100e+00
152483 1.988100e+00
152486 1.988100e+00
152534 1.988100e+00
152537 1.988100e+00
155111 1.988100e+00
155153 1.988100e+00
155186 1.988100e+00
155234 1.988100e+00
155237 1.988100e+00
157811 1.988100e+00
157853 1.988100e+00
157856 1.988100e+00
157859 1.988100e+00
157862 1.988100e+00
157865 1.988100e+00
157868 1.988100e+00
157871 1.988100e+00
157874 1.988100e+00
157877 1.988100e+00
157880 1.988100e+00
157883 1.988100e+00
157886 1.988100e+00
157934 1.988100e+00
160511 1.988100e+00
160553 1.988100e+00
160586 1.988100e+00
160589 1.988100e+00
160592 1.988100e+00
160595 1.988100e+00
160598 1.988100e+00
160634 1.988100e+00
163211 1.988100e+00
163214 1.988100e+00
163217 1.988100e+00
163220 1.988100e+00
163223 1.988100e+00
163226 1.988100e+00
163229 1.988100e+00
163232 1.988100e+00
163235 1.988100e+00
163238 1.988100e+00
163241 1.988100e+00
163244 1.988100e+00
163247 1.988100e+00
163250 1.988100e+00
163253 1.988100e+00
163256 1.988100e+00
163259 1.988100e+00
163262 1.988100e+00
163265 1.988100e+00
163268 1.988100e+00
163271 1.988100e+00
163274 1.988100e+00
163277 1.988100e+00
163280 1.988100e+00
163283 1.988100e+00
163286 1.988100e+00
163334 1.988100e+00
165911 1.988100e+00
165953 1.988100e+00
165956 1.988100e+00
165959 1.988100e+00
165962 1.988100e+00
165965 1.988100e+00
165968 1.988100e+00
165971 1.988100e+00
165974 1.988100e+00
165977 1.988100e+00
165980 1.988100e+00
165983 1.988100e+00
165986 1.988100e+00
166034 1.988100e+00
166037 1.988100e+00
168611 1.988100e+00
168653 1.988100e+00
168686 1.988100e+00
168689 1.988100e+00
168692 1.988100e+00
168695 1.988100e+00
168698 1.988100e+00
168734 1.988100e+00
171311 1.988100e+00
171353 1.988100e+00
171386 1.988100e+00
171434 1.988100e+00
174011 1.988100e+00
174053 1.988100e+00
174086 1.988100e+00
174089 1.988100e+00
174092 1.988100e+00
174095 1.988100e+00
174098 1.988100e+00
174134 1.988100e+00
176753 1.988100e+00
176756 1.988100e+00
176759 1.988100e+00
176762 1.988100e+00
176765 1.988100e+00
176768 1.988100e+00
176771 1.988100e+00
176774 1.988100e+00
176777 1.988100e+00
176780 1.988100e+00
176783 1.988100e+00
176786 1.988100e+00
176789 1.988100e+00
176792 1.988100e+00
176795 1.988100e+00
176798 1.988100e+00
176834 1.988100e+00
179411 1.988100e+00
179453 1.988100e+00
179486 1.988100e+00
179489 1.988100e+00
179492 1.988100e+00
179495 1.988100e+00
179498 1.988100e+00
179534 1.988100e+00
179537 1.988100e+00
182111 1.988100e+00
182114 1.988100e+00
182117 1.988100e+00
182120 1.988100e+00
182123 1.988100e+00
182126 1.988100e+00
182129 1.988100e+00
182132 1.988100e+00
182135 1.988100e+00
182138 1.988100e+00
182141 1.988100e+00
182144 1.988100e+00
182147 1.988100e+00
182150 1.988100e+00
182153 1.988100e+00
182156 1.988100e+00
182159 1.988100e+00
182162 1.988100e+00
182165 1.988100e+00
182168 1.988100e+00
182171 1.988100e+00
182174 1.988100e+00
182177 1.988100e+00
182180 1.988100e+00
182183 1.988100e+00
182186 1.988100e+00
182189 1.988100e+00
182192 1.988100e+00
182195 1.988100e+00
182198 1.988100e+00
182234 1.988100e+00
184811 1.988100e+00
184853 1.988100e+00
184856 1.988100e+00
184859 1.988100e+00
184862 1.988100e+00
184865 1.988100e+00
184868 1.988100e+00
184871 1.988100e+00
184874 1.988100e+00
184877 1.988100e+00
184880 1.988100e+00
184883 1.988100e+00
184886 1.988100e+00
184889 1.988100e+00
184892 1.988100e+00
184895 1.988100e+00
184898 1.988100e+00
184934 1.988100e+00
187511 1.988100e+00
187514 1.988100e+00
187517 1.988100e+00
187520 1.988100e+00
187523 1.988100e+00
187526 1.988100e+00
187529 1.988100e+00
187532 1.988100e+00
187535 1.988100e+00
187538 1.988100e+00
187541 1.988100e+00
187544 1.988100e+00
187547 1.988100e+00
187550 1.988100e+00
187553 1.988100e+00
187556 1.988100e+00
187559 1.988100e+00
187562 1.988100e+00
187565 1.988100e+00
187568 1.988100e+00
187571 1.988100e+00
187574 1.988100e+00
187577 1.988100e+00
187580 1.988100e+00
187583 1.988100e+00
187586 1.988100e+00
187589 1.988100e+00
187592 1.988100e+00
187595 1.988100e+00
187598 1.988100e+00
187634 1.988100e+00
187637 1.988100e+00
190211 1.988100e+00
190253 1.988100e+00
190286 1.988100e+00
190289 1.988100e+00
190292 1.988100e+00
190295 1.988100e+00
190298 1.988100e+00
190334 1.988100e+00
190337 1.988100e+00
192911 1.988100e+00
192953 1.988100e+00
192956 1.988100e+00
192959 1.988100e+00
192962 1.988100e+00
192965 1.988100e+00
192968 1.988100e+00
192971 1.988100e+00
192974 1.988100e+00
192977 1.988100e+00
192980 1.988100e+00
192983 1.988100e+00
192986 1.988100e+00
193034 1.988100e+00
193037 1.988100e+00
195611 1.988100e+00
195653 1.988100e+00
195686 1.988100e+00
195689 1.988100e+00
195692 1.988100e+00
195695 1.988100e+00
195698 1.988100e+00
195734 1.988100e+00
195737 1.988100e+00
198311 1.988100e+00
198314 1.988100e+00
198317 1.988100e+00
198320 1.988100e+00
198323 1.988100e+00
198326 1.988100e+00
198329 1.988100e+00
198332 1.988100e+00
198335 1.988100e+00
198338 1.988100e+00
198341 1.988100e+00
198344 1.988100e+00
198347 1.988100e+00
198350 1.988100e+00
198353 1.988100e+00
198356 1.988100e+00
198359 1.988100e+00
198362 1.988100e+00
198365 1.988100e+00
198368 1.988100e+00
198371 1.988100e+00
198374 1.988100e+00
198377 1.988100e+00
198380 1.988100e+00
198383 1.988100e+00
198386 1.988100e+00
198434 1.988100e+00
201011 1.988100e+00
201014 1.988100e+00
201017 1.988100e+00
201020 1.988100e+00
201023 1.988100e+00
201026 1.988100e+00
201029 1.988100e+00
201032 1.988100e+00
201035 1.988100e+00
201038 1.988100e+00
201041 1.988100e+00
201044 1.988100e+00
201047 1.988100e+00
201050 1.988100e+00
201053 1.988100e+00
201086 1.988100e+00
201089 1.988100e+00
201092 1.988100e+00
201095 1.988100e+00
201098 1.988100e+00
201134 1.988100e+00
203711 1.988100e+00
203753 1.988100e+00
203756 1.988100e+00
203759 1.988100e+00
203762 1.988100e+00
203765 1.988100e+00
203768 1.988100e+00
203771 1.988100e+00
203774 1.988100e+00
203777 1.988100e+00
203780 1.988100e+00
203783 1.988100e+00
203786 1.988100e+00
203789 1.988100e+00
203792 1.988100e+00
203795 1.988100e+00
203798 1.988100e+00
203834 1.988100e+00
206411 1.988100e+00
206414 1.988100e+00
206417 1.988100e+00
206420 1.988100e+00
206423 1.988100e+00
206426 1.988100e+00
206429 1.988100e+00
206432 1.988100e+00
206435 1.988100e+00
206438 1.988100e+00
206441 1.988100e+00
206444 1.988100e+00
206447 1.988100e+00
206450 1.988100e+00
206453 1.988100e+00
206486 1.988100e+00
206489 1.988100e+00
206492 1.988100e+00
206495 1.988100e+00
206498 1.988100e+00
206534 1.988100e+00
209153 1.988100e+00
209186 1.988100e+00
209234 1.988100e+00
211811 1.988100e+00
211814 1.988100e+00
211817 1.988100e+00
211820 1.988100e+00
211823 1.988100e+00
211826 1.988100e+00
211829 1.988100e+00
211832 1.988100e+00
211835 1.988100e+00
211838 1.988100e+00
211841 1.988100e+00
211844 1.988100e+00
211847 1.988100e+00
211850 1.988100e+00
211853 1.988100e+00
211886 1.988100e+00
211934 1.988100e+00
214511 1.988100e+00
214553 1.988100e+00
214586 1.988100e+00
214589 1.988100e+00
214592 1.988100e+00
214595 1.988100e+00
214598 1.988100e+00
214634 1.988100e+00
214637 1.988100e+00
217211 1.988100e+00
217253 1.988100e+00
217286 1.988100e+00
217334 1.988100e+00
217337 1.988100e+00
219911 1.988100e+00
219953 1.988100e+00
219986 1.988100e+00
219989 1.988100e+00
219992 1.988100e+00
219995 1.988100e+00
219998 1.988100e+00
220034 1.988100e+00
220037 1.988100e+00
222653 1.988100e+00
222656 1.988100e+00
222659 1.988100e+00
222662 1.988100e+00
222665 1.988100e+00
222668 1.988100e+00
222671 1.988100e+00
222674 1.988100e+00
222677 1.988100e+00
222680 1.988100e+00
222683 1.988100e+00
222686 1.988100e+00
222689 1.988100e+00
222692 1.988100e+00
222695 1.988100e+00
222698 1.988100e+00
222734 1.988100e+00
222737 1.988100e+00
225311 1.988100e+00
225353 1.988100e+00
225386 1.988100e+00
225389 1.988100e+00
225392 1.988100e+00
225395 1.988100e+00
225398 1.988100e+00
225434 1.988100e+00
225437 1.988100e+00
228011 1.988100e+00
228014 1.988100e+00
228017 1.988100e+00
228020 1.988100e+00
228023 1.988100e+00
228026 1.988100e+00
228029 1.988100e+00
228032 1.988100e+00
228035 1.988100e+00
228038 1.988100e+00
228041 1.988100e+00
228044 1.988100e+00
228047 1.988100e+00
228050 1.988100e+00
228053 1.988100e+00
228086 1.988100e+00
228134 1.988100e+00
228137 1.988100e+00
230711 1.988100e+00
230714 1.988100e+00
230717 1.988100e+00
230720 1.988100e+00
230723 1.988100e+00
230726 1.988100e+00
230729 1.988100e+00
230732 1.988100e+00
230735 1.988100e+00
230738 1.988100e+00
230741 1.988100e+00
230744 1.988100e+00
230747 1.988100e+00
230750 1.988100e+00
230753 1.988100e+00
230756 1.988100e+00
230759 1.988100e+00
230762 1.988100e+00
230765 1.988100e+00
230768 1.988100e+00
230771 1.988100e+00
230774 1.988100e+00
230777 1.988100e+00
230780 1.988100e+00
230783 1.988100e+00
230786 1.988100e+00
230834 1.988100e+00
233453 1.988100e+00
233456 1.988100e+00
233459 1.988100e+00
233462 1.988100e+00
233465 1.988100e+00
233468 1.988100e+00
233471 1.988100e+00
233474 1.988100e+00
233477 1.988100e+00
233480 1.988100e+00
233483 1.988100e+00
233486 1.988100e+00
233534 1.988100e+00
233537 1.988100e+00
236111 1.988100e+00
236153 1.988100e+00
236186 1.988100e+00
236189 1.988100e+00
236192 1.988100e+00
236195 1.988100e+00
236198 1.988100e+00
236234 1.988100e+00
236237 1.988100e+00
238811 1.988100e+00
238814 1.988100e+00
238817 1.988100e+00
238820 1.988100e+00
238823 1.988100e+00
238826 1.988100e+00
238829 1.988100e+00
238832 1.988100e+00
238835 1.988100e+00
238838 1.988100e+00
238841 1.988100e+00
238844 1.988100e+00
238847 1.988100e+00
238850 1.988100e+00
238853 1.988100e+00
238886 1.988100e+00
238889 1.988100e+00
238892 1.988100e+00
238895 1.988100e+00
238898 1.988100e+00
238934 1.988100e+00
241511 1.988100e+00
241514 1.988100e+00
241517 1.988100e+00
241520 1.988100e+00
241523 1.988100e+00
241526 1.988100e+00
241529 1.988100e+00
241532 1.988100e+00
241535 1.988100e+00
241538 1.988100e+00
241541 1.988100e+00
241544 1.988100e+00
241547 1.988100e+00
241550 1.988100e+00
241553 1.988100e+00
241556 1.988100e+00
241559 1.988100e+00
241562 1.988100e+00
241565 1.988100e+00
241568 1.988100e+00
241571 1.988100e+00
241574 1.988100e+00
241577 1.988100e+00
241580 1.988100e+00
241583 1.988100e+00
241586 1.988100e+00
241589 1.988100e+00
241592 1.988100e+00
241595 1.988100e+00
241598 1.988100e+00
241634 1.988100e+00
244253 1.988100e+00
244256 1.988100e+00
244259 1.988100e+00
244262 1.988100e+00
244265 1.988100e+00
244268 1.988100e+00
244271 1.988100e+00
244274 1.988100e+00
244277 1.988100e+00
244280 1.988100e+00
244283 1.988100e+00
244286 1.988100e+00
244289 1.988100e+00
244292 1.988100e+00
244295 1.988100e+00
244298 1.988100e+00
244334 1.988100e+00
244337 1.988100e+00
246953 1.988100e+00
246956 1.988100e+00
246959 1.988100e+00
246962 1.988100e+00
246965 1.988100e+00
246968 1.988100e+00
246971 1.988100e+00
246974 1.988100e+00
246977 1.988100e+00
246980 1.988100e+00
246983 1.988100e+00
246986 1.988100e+00
247034 1.988100e+00
249611 1.988100e+00
249653 1.988100e+00
249656 1.988100e+00
249659 1.988100e+00
249662 1.988100e+00
249665 1.988100e+00
249668 1.988100e+00
249671 1.988100e+00
249674 1.988100e+00
249677 1.988100e+00
249680 1.988100e+00
249683 1.988100e+00
249686 1.988100e+00
249734 1.988100e+00
252311 1.988100e+00
252353 1.988100e+00
252356 1.988100e+00
252359 1.988100e+00
252362 1.988100e+00
252365 1.988100e+00
252368 1.988100e+00
252371 1.988100e+00
252374 1.988100e+00
252377 1.988100e+00
252380 1.988100e+00
252383 1.988100e+00
252386 1.988100e+00
252389 1.988100e+00
252392 1.988100e+00
252395 1.988100e+00
252398 1.988100e+00
252434 1.988100e+00
252437 1.988100e+00
255011 1.988100e+00
255014 1.988100e+00
255017 1.988100e+00
255020 1.988100e+00
255023 1.988100e+00
255026 1.988100e+00
255029 1.988100e+00
255032 1.988100e+00
255035 1.988100e+00
255038 1.988100e+00
255041 1.988100e+00
255044 1.988100e+00
255047 1.988100e+00
255050 1.988100e+00
255053 1.988100e+00
255086 1.988100e+00
255089 1.988100e+00
255092 1.988100e+00
255095 1.988100e+00
255098 1.988100e+00
255134 1.988100e+00
255137 1.988100e+00
257711 1.988100e+00
257714 1.988100e+00
257717 1.988100e+00
257720 1.988100e+00
257723 1.988100e+00
257726 1.988100e+00
257729 1.988100e+00
257732 1.988100e+00
257735 1.988100e+00
257738 1.988100e+00
257741 1.988100e+00
257744 1.988100e+00
257747 1.988100e+00
257750 1.988100e+00
257753 1.988100e+00
257756 1.988100e+00
257759 1.988100e+00
257762 1.988100e+00
257765 1.988100e+00
257768 1.988100e+00
257771 1.988100e+00
257774 1.988100e+00
257777 1.988100e+00
257780 1.988100e+00
257783 1.988100e+00
257786 1.988100e+00
257834 1.988100e+00
257837 1.988100e+00
260453 1.988100e+00
260486 1.988100e+00
260534 1.988100e+00
263111 1.988100e+00
263114 1.988100e+00
263117 1.988100e+00
263120 1.988100e+00
263123 1.988100e+00
263126 1.988100e+00
263129 1.988100e+00
263132 1.988100e+00
263135 1.988100e+00
263138 1.988100e+00
263141 1.988100e+00
263144 1.988100e+00
263147 1.988100e+00
263150 1.988100e+00
263153 1.988100e+00
263186 1.988100e+00
263189 1.988100e+00
263192 1.988100e+00
263195 1.988100e+00
263198 1.988100e+00
263234 1.988100e+00
265811 1.988100e+00
265814 1.988100e+00
265817 1.988100e+00
265820 1.988100e+00
265823 1.988100e+00
265826 1.988100e+00
265829 1.988100e+00
265832 1.988100e+00
265835 1.988100e+00
265838 1.988100e+00
265841 1.988100e+00
265844 1.988100e+00
265847 1.988100e+00
265850 1.988100e+00
265853 1.988100e+00
265886 1.988100e+00
265889 1.988100e+00
265892 1.988100e+00
265895 1.988100e+00
265898 1.988100e+00
265934 1.988100e+00
265937 1.988100e+00
268511 1.988100e+00
268514 1.988100e+00
268517 1.988100e+00
268520 1.988100e+00
268523 1.988100e+00
268526 1.988100e+00
268529 1.988100e+00
268532 1.988100e+00
268535 1.988100e+00
268538 1.988100e+00
268541 1.988100e+00
268544 1.988100e+00
268547 1.988100e+00
268550 1.988100e+00
268553 1.988100e+00
268556 1.988100e+00
268559 1.988100e+00
268562 1.988100e+00
268565 1.988100e+00
268568 1.988100e+00
268571 1.988100e+00
268574 1.988100e+00
268577 1.988100e+00
268580 1.988100e+00
268583 1.988100e+00
268586 1.988100e+00
268589 1.988100e+00
268592 1.988100e+00
268595 1.988100e+00
268598 1.988100e+00
268634 1.988100e+00
271253 1.988100e+00
271256 1.988100e+00
271259 1.988100e+00
271262 1.988100e+00
271265 1.988100e+00
271268 1.988100e+00
271271 1.988100e+00
271274 1.988100e+00
271277 1.988100e+00
271280 1.988100e+00
271283 1.988100e+00
271286 1.988100e+00
271289 1.988100e+00
271292 1.988100e+00
271295 1.988100e+00
271298 1.988100e+00
271334 1.988100e+00
273953 1.988100e+00
273986 1.988100e+00
273989 1.988100e+00
273992 1.988100e+00
273995 1.988100e+00
273998 1.988100e+00
274034 1.988100e+00
274037 1.988100e+00
276611 1.988100e+00
276653 1.988100e+00
276686 1.988100e+00
276689 1.988100e+00
276692 1.988100e+00
276695 1.988100e+00
276698 1.988100e+00
276734 1.988100e+00
279311 1.988100e+00
279314 1.988100e+00
279317 1.988100e+00
279320 1.988100e+00
279323 1.988100e+00
279326 1.988100e+00
279329 1.988100e+00
279332 1.988100e+00
279335 1.988100e+00
279338 1.988100e+00
279341 1.988100e+00
279344 1.988100e+00
279347 1.988100e+00
279350 1.988100e+00
279353 1.988100e+00
279356 1.988100e+00
279359 1.988100e+00
279362 1.988100e+00
279365 1.988100e+00
279368 1.988100e+00
279371 1.988100e+00
279374 1.988100e+00
279377 1.988100e+00
279380 1.988100e+00
279383 1.988100e+00
279386 1.988100e+00
279434 1.988100e+00
282011 1.988100e+00
282053 1.988100e+00
282086 1.988100e+00
282134 1.988100e+00
282137 1.988100e+00
284711 1.988100e+00
284753 1.988100e+00
284786 1.988100e+00
284834 1.988100e+00
287411 1.988100e+00
287414 1.988100e+00
287417 1.988100e+00
287420 1.988100e+00
287423 1.988100e+00
287426 1.988100e+00
287429 1.988100e+00
287432 1.988100e+00
287435 1.988100e+00
287438 1.988100e+00
287441 1.988100e+00
287444 1.988100e+00
287447 1.988100e+00
287450 1.988100e+00
287453 1.988100e+00
287456 1.988100e+00
287459 1.988100e+00
287462 1.988100e+00
287465 1.988100e+00
287468 1.988100e+00
287471 1.988100e+00
287474 1.988100e+00
287477 1.988100e+00
287480 1.988100e+00
287483 1.988100e+00
287486 1.988100e+00
287534 1.988100e+00
287537 1.988100e+00
290111 1.988100e+00
290114 1.988100e+00
290117 1.988100e+00
290120 1.988100e+00
290123 1.988100e+00
290126 1.988100e+00
290129 1.988100e+00
290132 1.988100e+00
290135 1.988100e+00
290138 1.988100e+00
290141 1.988100e+00
290144 1.988100e+00
290147 1.988100e+00
290150 1.988100e+00
290153 1.988100e+00
290186 1.988100e+00
290234 1.988100e+00
290237 1.988100e+00
292811 1.988100e+00
292814 1.988100e+00
292817 1.988100e+00
292820 1.988100e+00
292823 1.988100e+00
292826 1.988100e+00
292829 1.988100e+00
292832 1.988100e+00
292835 1.988100e+00
292838 1.988100e+00
292841 1.988100e+00
292844 1.988100e+00
292847 1.988100e+00
292850 1.988100e+00
292853 1.988100e+00
292886 1.988100e+00
292889 1.988100e+00
292892 1.988100e+00
292895 1.988100e+00
292898 1.988100e+00
292934 1.988100e+00
295511 1.988100e+00
295514 1.988100e+00
295517 1.988100e+00
295520 1.988100e+00
295523 1.988100e+00
295526 1.988100e+00
295529 1.988100e+00
295532 1.988100e+00
295535 1.988100e+00
295538 1.988100e+00
295541 1.988100e+00
295544 1.988100e+00
295547 1.988100e+00
295550 1.988100e+00
295553 1.988100e+00
295586 1.988100e+00
295634 1.988100e+00
295637 1.988100e+00
298253 1.988100e+00
298286 1.988100e+00
298334 1.988100e+00
