1 1.077298e+04
3 1.057836e+04
9 1.044474e+04
88 1.040201e+04
236 9.459866e+03
472 9.332336e+03
758 8.694642e+03
2540 8.629416e+03
2775 8.216576e+03
2966 8.073698e+03
3329 7.737889e+03
3480 7.445578e+03
3619 7.405017e+03
4130 7.247023e+03
4328 7.149586e+03
4403 7.125758e+03
4576 6.719890e+03
4705 6.600090e+03
4873 6.066373e+03
5099 5.973415e+03
5110 5.014713e+03
5429 4.700163e+03
5658 4.267176e+03
5973 4.032234e+03
6048 4.024394e+03
6101 3.847009e+03
6125 3.820772e+03
6142 3.348980e+03
6216 3.174787e+03
6279 3.086418e+03
6357 3.025408e+03
6379 3.007987e+03
6380 2.897850e+03
6437 2.833143e+03
6444 2.812827e+03
6485 2.767213e+03
6518 2.704752e+03
6546 2.434654e+03
6742 2.432636e+03
6765 2.409811e+03
6768 2.324335e+03
6823 2.318794e+03
6884 2.266435e+03
6931 2.227416e+03
6955 2.193797e+03
6992 2.158592e+03
7024 2.126566e+03
7049 2.092107e+03
7194 2.050145e+03
7271 2.049596e+03
7430 2.035473e+03
7468 2.029545e+03
7557 2.010858e+03
7592 2.009661e+03
7705 2.009002e+03
7754 2.007541e+03
7822 2.001430e+03
7865 1.985465e+03
8018 1.984360e+03
8019 1.979193e+03
8115 1.978211e+03
8130 1.971719e+03
8271 1.970432e+03
8287 1.962545e+03
8391 1.961407e+03
8477 1.960556e+03
8516 1.958055e+03
8607 1.956587e+03
8695 1.956415e+03
8704 1.956225e+03
8784 1.955969e+03
8786 1.955539e+03
8818 1.955133e+03
8842 1.953673e+03
9081 1.953510e+03
9135 1.953417e+03
9198 1.952788e+03
9330 1.952625e+03
9363 1.952478e+03
9372 1.952365e+03
9439 1.952355e+03
9580 1.952274e+03
9654 1.952253e+03
9671 1.952249e+03
9676 1.952241e+03
9679 1.952166e+03
9699 1.952140e+03
9722 1.952138e+03
9741 1.952121e+03
9756 1.951954e+03
9987 1.951947e+03
9988 1.951944e+03
10020 1.951933e+03
10023 1.951921e+03
10066 1.951919e+03
10087 1.951887e+03
10088 1.951858e+03
10173 1.951837e+03
10224 1.951832e+03
10234 1.951824e+03
10292 1.951820e+03
10307 1.951812e+03
10334 1.951811e+03
10336 1.951808e+03
10362 1.951797e+03
10447 1.951795e+03
10448 1.951792e+03
10533 1.951790e+03
10537 1.951784e+03
10599 1.951783e+03
10622 1.951779e+03
10690 1.951778e+03
10716 1.951777e+03
10744 1.951776e+03
10761 1.951774e+03
10768 1.951770e+03
10772 1.951768e+03
10832 1.951767e+03
10873 1.951765e+03
10875 1.951765e+03
10920 1.951764e+03
10939 1.951763e+03
10948 1.951761e+03
11143 1.951760e+03
11147 1.951759e+03
11189 1.951759e+03
11192 1.951758e+03
11234 1.951758e+03
11278 1.951757e+03
11318 1.951757e+03
11406 1.951756e+03
11623 1.951756e+03
11629 1.951756e+03
11631 1.951756e+03
11642 1.951756e+03
11665 1.951756e+03
11674 1.951755e+03
11784 1.951755e+03
11827 1.951755e+03
11936 1.951754e+03
11956 1.951754e+03
11987 1.951754e+03
12048 1.951754e+03
12308 1.951754e+03
12334 1.951754e+03
12340 1.951754e+03
12352 1.951754e+03
12396 1.951754e+03
12469 1.951754e+03
12518 1.951754e+03
12526 1.951754e+03
12584 1.951754e+03
12638 1.951754e+03
12707 1.951754e+03
12730 1.951754e+03
12733 1.951754e+03
12758 1.951754e+03
12881 1.951754e+03
12894 1.951754e+03
12928 1.951754e+03
12944 1.951754e+03
12975 1.951754e+03
12982 1.951754e+03
13161 1.951754e+03
13213 1.951754e+03
13322 1.951754e+03
13341 1.951754e+03
13359 1.951754e+03
13397 1.951754e+03
13431 1.951754e+03
13460 1.951754e+03
13475 1.951754e+03
13505 1.951754e+03
13529 1.951754e+03
13677 1.951754e+03
13714 1.951754e+03
13788 1.951754e+03
13845 1.951754e+03
13895 1.951754e+03
13916 1.951754e+03
13930 1.951754e+03
13948 1.951754e+03
13951 1.951754e+03
13953 1.951754e+03
14026 1.951754e+03
14043 1.951754e+03
14068 1.951754e+03
14072 1.951754e+03
14111 1.951754e+03
14177 1.951754e+03
14206 1.951754e+03
14238 1.951754e+03
14254 1.951754e+03
14263 1.951754e+03
14324 1.951754e+03
14335 1.951754e+03
14349 1.951754e+03
14360 1.951754e+03
14374 1.951754e+03
14381 1.951754e+03
14438 1.951754e+03
14458 1.951754e+03
14527 1.951754e+03
14595 1.951754e+03
14601 1.951754e+03
14630 1.951754e+03
14692 1.951754e+03
14721 1.951754e+03
14743 1.951754e+03
14745 1.951754e+03
14753 1.951754e+03
14797 1.951754e+03
14921 1.951754e+03
14941 1.951754e+03
14964 1.951754e+03
15009 1.951754e+03
15019 1.951754e+03
15023 1.951754e+03
15031 1.951754e+03
15033 1.951754e+03
15045 1.951754e+03
15125 1.951754e+03
15152 1.951754e+03
15224 1.951754e+03
15298 1.951754e+03
15300 1.951754e+03
15407 1.951754e+03
15443 1.951754e+03
15492 1.951754e+03
15528 1.951754e+03
15597 1.951754e+03
15685 1.951754e+03
15736 1.951754e+03
15762 1.951754e+03
15770 1.951754e+03
15776 1.951754e+03
15803 1.951754e+03
15836 1.951754e+03
15845 1.951754e+03
15848 1.951754e+03
15853 1.951754e+03
15860 1.951754e+03
15886 1.951754e+03
15945 1.951754e+03
15965 1.951754e+03
15987 1.951754e+03
16000 1.951754e+03
16041 1.951754e+03
16074 1.951754e+03
16076 1.951754e+03
16108 1.951754e+03
16124 1.951754e+03
16239 1.951754e+03
16279 1.951754e+03
16297 1.951754e+03
16388 1.951754e+03
16412 1.951754e+03
16451 1.951754e+03
16484 1.951754e+03
16534 1.951754e+03
16537 1.951754e+03
16611 1.951754e+03
16641 1.951754e+03
16671 1.951754e+03
16707 1.951754e+03
16736 1.951754e+03
16740 1.951754e+03
16887 1.951754e+03
16888 1.951754e+03
16974 1.951754e+03
17026 1.951754e+03
17187 1.951754e+03
17239 1.951754e+03
17253 1.951754e+03
17261 1.951754e+03
17285 1.951754e+03
17288 1.951754e+03
17310 1.951754e+03
17315 1.951754e+03
17320 1.951754e+03
17335 1.951754e+03
17364 1.951754e+03
17369 1.951754e+03
17383 1.951754e+03
17404 1.951754e+03
17434 1.951754e+03
17439 1.951754e+03
17455 1.951754e+03
17470 1.951754e+03
99726 1.754662e+03
99991 1.745801e+03
100089 1.742812e+03
100094 1.730511e+03
100144 1.664592e+03
100148 1.663938e+03
100167 1.633344e+03
100239 1.611755e+03
100267 1.559133e+03
100268 1.389097e+03
100652 1.371945e+03
100761 1.361243e+03
100767 1.356925e+03
100774 1.325658e+03
100802 1.221202e+03
101058 1.216998e+03
101091 1.198973e+03
101108 1.197363e+03
101162 1.194845e+03
101176 1.175306e+03
101185 1.159405e+03
101268 1.158943e+03
101298 1.157765e+03
101306 1.139759e+03
101323 1.119211e+03
101534 1.116554e+03
101599 1.116453e+03
101610 1.110637e+03
101612 1.097618e+03
101791 1.097107e+03
101814 1.089105e+03
101926 1.082490e+03
102102 1.081812e+03
102108 1.080889e+03
102210 1.074583e+03
102322 1.074419e+03
102323 1.073741e+03
102352 1.073097e+03
102366 1.072681e+03
102467 1.072637e+03
102488 1.072460e+03
102489 1.071785e+03
102501 1.070790e+03
102564 1.070736e+03
102592 1.069979e+03
102646 1.069779e+03
102651 1.069443e+03
102707 1.069284e+03
102725 1.069273e+03
102741 1.068560e+03
102744 1.068343e+03
102861 1.068130e+03
102880 1.068121e+03
102886 1.067822e+03
102929 1.067740e+03
102990 1.067691e+03
102994 1.067680e+03
103004 1.067631e+03
103006 1.067401e+03
103050 1.067213e+03
103123 1.067211e+03
103136 1.067170e+03
103165 1.067165e+03
103166 1.067121e+03
103181 1.067091e+03
103196 1.066949e+03
103229 1.066929e+03
103303 1.066919e+03
103322 1.066907e+03
103332 1.066860e+03
103388 1.066809e+03
103475 1.066748e+03
103647 1.066736e+03
103708 1.066702e+03
103712 1.066694e+03
103756 1.066694e+03
103758 1.066676e+03
103759 1.066648e+03
103849 1.066618e+03
104176 1.066612e+03
104186 1.066602e+03
104187 1.066600e+03
104224 1.066599e+03
104294 1.066598e+03
104299 1.066590e+03
104305 1.066589e+03
104344 1.066585e+03
104365 1.066584e+03
104380 1.066582e+03
104428 1.066577e+03
104557 1.066575e+03
104732 1.066573e+03
104831 1.066573e+03
104834 1.066573e+03
104862 1.066572e+03
104888 1.066571e+03
104891 1.066570e+03
104911 1.066569e+03
104989 1.066568e+03
105122 1.066567e+03
105130 1.066567e+03
105203 1.066567e+03
105256 1.066566e+03
105268 1.066566e+03
105351 1.066566e+03
105358 1.066566e+03
105378 1.066566e+03
105380 1.066565e+03
105504 1.066565e+03
105549 1.066565e+03
105614 1.066565e+03
105657 1.066565e+03
105740 1.066564e+03
105746 1.066564e+03
105773 1.066564e+03
105885 1.066564e+03
105999 1.066564e+03
106011 1.066564e+03
106094 1.066564e+03
106112 1.066564e+03
106119 1.066564e+03
106154 1.066564e+03
106249 1.066564e+03
106256 1.066564e+03
106267 1.066564e+03
106342 1.066564e+03
106382 1.066564e+03
106421 1.066564e+03
106504 1.066564e+03
106545 1.066564e+03
106557 1.066564e+03
106581 1.066564e+03
106664 1.066564e+03
106710 1.066564e+03
106813 1.066564e+03
106917 1.066564e+03
106927 1.066564e+03
106944 1.066564e+03
106958 1.066564e+03
106967 1.066564e+03
107059 1.066564e+03
107218 1.066564e+03
107248 1.066564e+03
107285 1.066564e+03
107304 1.066564e+03
107341 1.066564e+03
107355 1.066564e+03
107361 1.066564e+03
107512 1.066564e+03
107518 1.066564e+03
107543 1.066564e+03
107571 1.066564e+03
107624 1.066564e+03
107645 1.066564e+03
107677 1.066564e+03
107699 1.066564e+03
107734 1.066564e+03
107783 1.066564e+03
107816 1.066564e+03
107834 1.066564e+03
107849 1.066564e+03
108054 1.066564e+03
108075 1.066564e+03
108082 1.066564e+03
108111 1.066564e+03
108208 1.066564e+03
108219 1.066564e+03
108228 1.066564e+03
108232 1.066564e+03
108292 1.066564e+03
108297 1.066564e+03
108319 1.066564e+03
108393 1.066564e+03
108424 1.066564e+03
108434 1.066564e+03
108620 1.066564e+03
108650 1.066564e+03
108652 1.066564e+03
108660 1.066564e+03
108757 1.066564e+03
108789 1.066564e+03
108796 1.066564e+03
108837 1.066564e+03
108866 1.066564e+03
108903 1.066564e+03
108947 1.066564e+03
108960 1.066564e+03
108988 1.066564e+03
109050 1.066564e+03
109160 1.066564e+03
109192 1.066564e+03
109194 1.066564e+03
109229 1.066564e+03
109297 1.066564e+03
109328 1.066564e+03
109354 1.066564e+03
109465 1.066564e+03
109574 1.066564e+03
109611 1.066564e+03
109612 1.066564e+03
109628 1.066564e+03
109662 1.066564e+03
109689 1.066564e+03
109704 1.066564e+03
109788 1.066564e+03
109791 1.066564e+03
109815 1.066564e+03
109845 1.066564e+03
109873 1.066564e+03
109880 1.066564e+03
110029 1.066564e+03
110058 1.066564e+03
110109 1.066564e+03
110151 1.066564e+03
110152 1.066564e+03
110168 1.066564e+03
110220 1.066564e+03
110417 1.066564e+03
110438 1.066564e+03
110454 1.066564e+03
110524 1.066564e+03
110532 1.066564e+03
110568 1.066564e+03
110573 1.066564e+03
110610 1.066564e+03
110647 1.066564e+03
110662 1.066564e+03
110666 1.066564e+03
110710 1.066564e+03
110745 1.066564e+03
110751 1.066564e+03
110867 1.066564e+03
110926 1.066564e+03
110956 1.066564e+03
110999 1.066564e+03
111022 1.066564e+03
111174 1.066564e+03
111191 1.066564e+03
111192 1.066564e+03
111195 1.066564e+03
111294 1.066564e+03
111310 1.066564e+03
111336 1.066564e+03
111347 1.066564e+03
111374 1.066564e+03
134524 1.011235e+03
134669 9.523587e+02
134956 8.716636e+02
135073 8.635393e+02
135076 8.440184e+02
135138 7.966921e+02
135200 7.285659e+02
135421 7.223727e+02
135506 5.087371e+02
135766 5.075467e+02
135840 4.738535e+02
135943 4.417857e+02
136305 4.267883e+02
136543 4.201471e+02
136553 4.169241e+02
136576 4.143843e+02
136603 4.065655e+02
136831 3.798200e+02
136924 3.684132e+02
136925 3.682715e+02
136936 3.564021e+02
137281 3.531791e+02
137298 3.463368e+02
137309 3.399707e+02
137547 3.333824e+02
137590 3.286499e+02
137661 3.283355e+02
137711 3.260084e+02
137761 3.239130e+02
137798 3.235500e+02
137859 3.195802e+02
137970 3.117860e+02
138187 3.100857e+02
138193 3.084463e+02
138292 3.080835e+02
138299 3.079623e+02
138346 3.062916e+02
138450 3.037488e+02
138638 2.968377e+02
138670 2.954354e+02
139316 2.939502e+02
139640 2.934358e+02
139746 2.934287e+02
139794 2.928129e+02
139805 2.927356e+02
139824 2.924463e+02
139835 2.907363e+02
140100 2.907276e+02
140215 2.906671e+02
140286 2.903541e+02
140329 2.893905e+02
140544 2.889053e+02
140815 2.886764e+02
141200 2.885573e+02
141204 2.885428e+02
141276 2.885096e+02
141437 2.882820e+02
141498 2.881062e+02
141635 2.879596e+02
141702 2.879401e+02
141763 2.878933e+02
141989 2.878735e+02
142136 2.878670e+02
142152 2.878085e+02
142285 2.876649e+02
142966 2.876490e+02
143201 2.876460e+02
143422 2.876278e+02
143586 2.876106e+02
143956 2.876077e+02
144070 2.875919e+02
144112 2.875764e+02
144443 2.875690e+02
144598 2.875690e+02
144702 2.875675e+02
144790 2.875663e+02
144802 2.875653e+02
144815 2.875565e+02
144961 2.875516e+02
145090 2.875498e+02
145300 2.875471e+02
145462 2.875461e+02
145734 2.875448e+02
145842 2.875435e+02
145943 2.875419e+02
146005 2.875415e+02
146312 2.875410e+02
146341 2.875390e+02
146528 2.875386e+02
146547 2.875385e+02
146558 2.875383e+02
146686 2.875380e+02
146743 2.875380e+02
146911 2.875378e+02
147026 2.875375e+02
147033 2.875372e+02
147218 2.875365e+02
147465 2.875364e+02
147542 2.875361e+02
147566 2.875359e+02
147873 2.875357e+02
147948 2.875356e+02
147970 2.875356e+02
148147 2.875353e+02
148155 2.875353e+02
148295 2.875351e+02
148398 2.875349e+02
148622 2.875347e+02
148656 2.875347e+02
148890 2.875346e+02
149091 2.875346e+02
149129 2.875345e+02
149208 2.875345e+02
149306 2.875345e+02
149335 2.875345e+02
149454 2.875344e+02
149467 2.875343e+02
149560 2.875343e+02
149778 2.875343e+02
149843 2.875343e+02
150018 2.875343e+02
150061 2.875343e+02
150180 2.875343e+02
150196 2.875343e+02
150229 2.875342e+02
150312 2.875342e+02
150411 2.875342e+02
150479 2.875342e+02
150543 2.875342e+02
150596 2.875342e+02
150717 2.875342e+02
150744 2.875342e+02
150812 2.875342e+02
150888 2.875342e+02
151191 2.875342e+02
151252 2.875342e+02
151412 2.875342e+02
151444 2.875342e+02
151463 2.875342e+02
151495 2.875342e+02
151778 2.875342e+02
151806 2.875342e+02
151892 2.875341e+02
151902 2.875341e+02
151906 2.875341e+02
151991 2.875341e+02
152001 2.875341e+02
152145 2.875341e+02
152280 2.875341e+02
152356 2.875341e+02
152431 2.875341e+02
152498 2.875341e+02
152593 2.875341e+02
152609 2.875341e+02
152889 2.875341e+02
152932 2.875341e+02
152964 2.875341e+02
153161 2.875341e+02
153483 2.875341e+02
153594 2.875341e+02
153665 2.875341e+02
153835 2.875341e+02
153849 2.875341e+02
153884 2.875341e+02
153972 2.875341e+02
154031 2.875341e+02
154155 2.875341e+02
154225 2.875341e+02
154346 2.875341e+02
154372 2.875341e+02
154397 2.875341e+02
154514 2.875341e+02
154525 2.875341e+02
154602 2.875341e+02
154666 2.875341e+02
154718 2.875341e+02
154801 2.875341e+02
155039 2.875341e+02
155135 2.875341e+02
155241 2.875341e+02
155255 2.875341e+02
155636 2.875341e+02
155846 2.875341e+02
156021 2.875341e+02
156126 2.875341e+02
156177 2.875341e+02
156295 2.875341e+02
156347 2.875341e+02
156637 2.875341e+02
156700 2.875341e+02
156751 2.875341e+02
157226 2.875341e+02
157230 2.875341e+02
157240 2.875341e+02
157365 2.875341e+02
157378 2.875341e+02
157392 2.875341e+02
157447 2.875341e+02
157456 2.875341e+02
157925 2.875341e+02
157929 2.875341e+02
158138 2.875341e+02
158142 2.875341e+02
158158 2.875341e+02
158169 2.875341e+02
158172 2.875341e+02
158188 2.875341e+02
158259 2.875341e+02
158262 2.875341e+02
158263 2.875341e+02
158284 2.875341e+02
158445 2.875341e+02
158465 2.875341e+02
158636 2.875341e+02
158743 2.875341e+02
158794 2.875341e+02
158848 2.875341e+02
158852 2.875341e+02
159190 2.875341e+02
159192 2.875341e+02
159198 2.875341e+02
159281 2.875341e+02
159362 2.875341e+02
159420 2.875341e+02
159738 2.875341e+02
159849 2.875341e+02
159919 2.875341e+02
160111 2.875341e+02
160223 2.875341e+02
160225 2.875341e+02
160237 2.875341e+02
160341 2.875341e+02
160344 2.875341e+02
160445 2.875341e+02
160490 2.875341e+02
160511 2.875341e+02
160536 2.875341e+02
160579 2.875341e+02
160718 2.875341e+02
160727 2.875341e+02
160936 2.875341e+02
161014 2.875341e+02
161047 2.875341e+02
161280 2.875341e+02
161302 2.875341e+02
161354 2.875341e+02
161451 2.875341e+02
161461 2.875341e+02
161507 2.875341e+02
161795 2.875341e+02
161875 2.875341e+02
