1 1.212350e+04
2 1.086470e+04
3 1.073411e+04
8 1.007335e+04
28 9.954093e+03
71 9.395599e+03
199 9.005866e+03
425 8.853593e+03
1399 8.281463e+03
2749 7.630709e+03
5186 6.971386e+03
6249 6.720121e+03
6905 6.305531e+03
7382 6.304738e+03
7431 6.094733e+03
7495 5.915587e+03
7574 5.595140e+03
7717 5.277201e+03
7777 5.057099e+03
7889 5.018038e+03
7928 4.879407e+03
7953 4.503185e+03
7983 4.168985e+03
8047 3.703008e+03
8175 3.249645e+03
8308 2.943068e+03
8445 2.812397e+03
8470 2.775485e+03
8486 2.720854e+03
8500 2.651451e+03
8512 2.548618e+03
8513 2.328547e+03
8539 2.322439e+03
8615 2.252094e+03
8650 2.241922e+03
8710 2.061640e+03
8757 2.038614e+03
8788 1.935149e+03
8837 1.927799e+03
8847 1.898432e+03
8882 1.845975e+03
8937 1.837996e+03
8951 1.745712e+03
8964 1.660097e+03
9029 1.577225e+03
9047 1.515890e+03
9113 1.432822e+03
9166 1.401580e+03
9203 1.390398e+03
9221 1.390348e+03
9316 1.360213e+03
9377 1.291539e+03
9605 1.286091e+03
9613 1.282473e+03
9616 1.274773e+03
9672 1.272844e+03
9681 1.230611e+03
9829 1.223608e+03
9832 1.209502e+03
9912 1.201262e+03
9940 1.200813e+03
10023 1.199960e+03
10039 1.193252e+03
10047 1.187900e+03
10095 1.185543e+03
10110 1.182049e+03
10157 1.175667e+03
10220 1.173503e+03
10264 1.170834e+03
10290 1.166499e+03
10327 1.162614e+03
10494 1.162405e+03
10516 1.160413e+03
10551 1.158142e+03
10614 1.157379e+03
10649 1.156670e+03
10673 1.156466e+03
10677 1.155436e+03
10751 1.154888e+03
10753 1.154514e+03
10801 1.154408e+03
10827 1.154384e+03
10831 1.153608e+03
10884 1.153550e+03
10955 1.153295e+03
10962 1.152766e+03
10983 1.151590e+03
11130 1.150323e+03
11231 1.150118e+03
11301 1.149714e+03
11421 1.149495e+03
11481 1.149325e+03
11563 1.149289e+03
11564 1.149275e+03
11591 1.149145e+03
11613 1.149078e+03
11632 1.149042e+03
11652 1.148975e+03
11663 1.148967e+03
11686 1.148923e+03
11705 1.148914e+03
11722 1.148770e+03
11769 1.148751e+03
11821 1.148585e+03
11830 1.148563e+03
11980 1.148562e+03
11995 1.148528e+03
12057 1.148472e+03
12096 1.148452e+03
12100 1.148448e+03
12162 1.148440e+03
12179 1.148435e+03
12189 1.148424e+03
12192 1.148414e+03
12218 1.148384e+03
12320 1.148381e+03
12357 1.148379e+03
12381 1.148368e+03
12462 1.148353e+03
12464 1.148349e+03
12556 1.148342e+03
12611 1.148337e+03
12619 1.148332e+03
12632 1.148327e+03
12707 1.148325e+03
12716 1.148321e+03
12728 1.148315e+03
12768 1.148314e+03
12903 1.148309e+03
12993 1.148308e+03
13060 1.148304e+03
13076 1.148302e+03
13282 1.148299e+03
13289 1.148298e+03
13317 1.148298e+03
13343 1.148297e+03
13428 1.148297e+03
13462 1.148297e+03
13511 1.148296e+03
13603 1.148296e+03
13722 1.148295e+03
13763 1.148294e+03
13820 1.148294e+03
13885 1.148294e+03
13905 1.148293e+03
13961 1.148293e+03
13974 1.148293e+03
14039 1.148293e+03
14043 1.148293e+03
14156 1.148293e+03
14182 1.148293e+03
14186 1.148293e+03
14242 1.148293e+03
14297 1.148293e+03
14337 1.148293e+03
14343 1.148293e+03
14390 1.148293e+03
14399 1.148292e+03
14417 1.148292e+03
14432 1.148292e+03
14484 1.148292e+03
14511 1.148292e+03
14537 1.148292e+03
14684 1.148292e+03
14729 1.148292e+03
14771 1.148292e+03
14860 1.148292e+03
14868 1.148292e+03
14891 1.148292e+03
14933 1.148292e+03
14965 1.148292e+03
15037 1.148292e+03
15047 1.148292e+03
15049 1.148292e+03
15234 1.148292e+03
15264 1.148292e+03
15307 1.148292e+03
15325 1.148292e+03
15371 1.148292e+03
15400 1.148292e+03
15429 1.148292e+03
15475 1.148292e+03
15493 1.148292e+03
15578 1.148292e+03
15689 1.148292e+03
15692 1.148292e+03
15728 1.148292e+03
15735 1.148292e+03
15817 1.148292e+03
15879 1.148292e+03
15948 1.148292e+03
15967 1.148292e+03
15995 1.148292e+03
16015 1.148292e+03
16040 1.148292e+03
16130 1.148292e+03
16161 1.148292e+03
16228 1.148292e+03
16243 1.148292e+03
16313 1.148292e+03
16332 1.148292e+03
16333 1.148292e+03
16345 1.148292e+03
16349 1.148292e+03
16427 1.148292e+03
16433 1.148292e+03
16462 1.148292e+03
16581 1.148292e+03
16608 1.148292e+03
16763 1.148292e+03
16791 1.148292e+03
16856 1.148292e+03
16858 1.148292e+03
16871 1.148292e+03
16926 1.148292e+03
16932 1.148292e+03
17051 1.148292e+03
17072 1.148292e+03
17088 1.148292e+03
17159 1.148292e+03
17176 1.148292e+03
17278 1.148292e+03
17299 1.148292e+03
17321 1.148292e+03
17344 1.148292e+03
17374 1.148292e+03
17418 1.148292e+03
17458 1.148292e+03
17471 1.148292e+03
17486 1.148292e+03
17518 1.148292e+03
17539 1.148292e+03
17567 1.148292e+03
17640 1.148292e+03
17645 1.148292e+03
17668 1.148292e+03
17688 1.148292e+03
17708 1.148292e+03
17714 1.148292e+03
17760 1.148292e+03
17979 1.148292e+03
18009 1.148292e+03
18021 1.148292e+03
18051 1.148292e+03
18053 1.148292e+03
18118 1.148292e+03
18251 1.148292e+03
18271 1.148292e+03
18341 1.148292e+03
18348 1.148292e+03
18370 1.148292e+03
18371 1.148292e+03
18417 1.148292e+03
18423 1.148292e+03
18431 1.148292e+03
18448 1.148292e+03
18527 1.148292e+03
18622 1.148292e+03
18700 1.148292e+03
18721 1.148292e+03
18768 1.148292e+03
18916 1.148292e+03
18999 1.148292e+03
19048 1.148292e+03
19173 1.148292e+03
19184 1.148292e+03
19215 1.148292e+03
19232 1.148292e+03
19243 1.148292e+03
19288 1.148292e+03
19366 1.148292e+03
19418 1.148292e+03
19419 1.148292e+03
19442 1.148292e+03
19496 1.148292e+03
19532 1.148292e+03
19573 1.148292e+03
19588 1.148292e+03
19773 1.148292e+03
19794 1.148292e+03
19810 1.148292e+03
19836 1.148292e+03
19840 1.148292e+03
19880 1.148292e+03
19970 1.148292e+03
19978 1.148292e+03
20097 1.148292e+03
20140 1.148292e+03
20143 1.148292e+03
20151 1.148292e+03
20182 1.148292e+03
138220 1.088394e+03
138228 1.072968e+03
138289 9.783104e+02
138863 9.238402e+02
139109 9.022566e+02
139128 8.600776e+02
139245 8.464192e+02
139762 8.325951e+02
140084 8.317730e+02
140224 8.311526e+02
140458 8.259106e+02
140725 8.162861e+02
140795 8.153887e+02
140876 8.097967e+02
140914 8.060998e+02
141034 8.047189e+02
141085 7.993592e+02
141104 7.880822e+02
141381 7.831494e+02
141458 7.789875e+02
141550 7.778922e+02
141656 7.776213e+02
141673 7.732431e+02
141781 7.732292e+02
141943 7.663030e+02
142397 7.641888e+02
142511 7.621150e+02
142569 7.612432e+02
142751 7.566768e+02
143133 7.564439e+02
143164 7.560270e+02
143168 7.551545e+02
143271 7.522206e+02
143550 7.519386e+02
143561 7.513344e+02
143659 7.512477e+02
143827 7.510021e+02
143937 7.501062e+02
144028 7.492887e+02
144220 7.488460e+02
144322 7.485459e+02
144408 7.485237e+02
144418 7.483715e+02
144606 7.481096e+02
144785 7.481071e+02
144886 7.477798e+02
144998 7.476557e+02
145080 7.472372e+02
145228 7.471555e+02
145439 7.470233e+02
145481 7.468633e+02
145508 7.467195e+02
145621 7.466898e+02
145865 7.466734e+02
146085 7.465515e+02
146241 7.465330e+02
146267 7.464898e+02
146292 7.464830e+02
146362 7.464176e+02
146466 7.464027e+02
146468 7.463549e+02
146566 7.463182e+02
146735 7.462276e+02
146891 7.462264e+02
146999 7.461922e+02
147374 7.461879e+02
147395 7.461878e+02
147682 7.461700e+02
147949 7.461562e+02
148056 7.461546e+02
148077 7.461341e+02
148309 7.461312e+02
148458 7.461283e+02
148638 7.461272e+02
148641 7.461041e+02
148692 7.461041e+02
148748 7.460923e+02
149032 7.460833e+02
149883 7.460812e+02
149927 7.460799e+02
149985 7.460774e+02
150157 7.460771e+02
150237 7.460769e+02
150349 7.460753e+02
150390 7.460746e+02
150479 7.460727e+02
150518 7.460726e+02
150698 7.460719e+02
150752 7.460697e+02
151065 7.460695e+02
151323 7.460692e+02
151469 7.460689e+02
151560 7.460683e+02
151586 7.460682e+02
151751 7.460679e+02
151753 7.460678e+02
151796 7.460678e+02
151883 7.460675e+02
151896 7.460673e+02
151923 7.460669e+02
151986 7.460669e+02
152049 7.460668e+02
152051 7.460668e+02
152116 7.460666e+02
152303 7.460665e+02
152315 7.460664e+02
152343 7.460659e+02
152513 7.460658e+02
152839 7.460658e+02
152842 7.460658e+02
152845 7.460656e+02
152922 7.460656e+02
152939 7.460656e+02
153068 7.460655e+02
153131 7.460655e+02
153217 7.460655e+02
153266 7.460653e+02
153418 7.460653e+02
153570 7.460653e+02
153635 7.460652e+02
153744 7.460652e+02
153745 7.460652e+02
153840 7.460652e+02
153884 7.460652e+02
153904 7.460652e+02
153937 7.460652e+02
153989 7.460652e+02
154084 7.460652e+02
154136 7.460651e+02
154234 7.460651e+02
154389 7.460651e+02
154465 7.460651e+02
154528 7.460651e+02
154719 7.460651e+02
154769 7.460651e+02
154913 7.460651e+02
154926 7.460650e+02
154991 7.460650e+02
155162 7.460650e+02
155527 7.460650e+02
155582 7.460650e+02
155703 7.460650e+02
155708 7.460650e+02
156027 7.460650e+02
156148 7.460650e+02
156285 7.460650e+02
156322 7.460650e+02
156534 7.460650e+02
156670 7.460650e+02
156674 7.460650e+02
156702 7.460650e+02
156862 7.460650e+02
156910 7.460650e+02
156965 7.460650e+02
156970 7.460650e+02
156976 7.460650e+02
156995 7.460650e+02
157132 7.460650e+02
157220 7.460650e+02
157280 7.460650e+02
157367 7.460650e+02
157427 7.460650e+02
157451 7.460650e+02
158051 7.460650e+02
158119 7.460650e+02
158141 7.460650e+02
158371 7.460650e+02
158495 7.460650e+02
158585 7.460650e+02
158755 7.460650e+02
158817 7.460650e+02
158818 7.460650e+02
158837 7.460650e+02
158931 7.460650e+02
158984 7.460650e+02
159019 7.460650e+02
159160 7.460650e+02
159552 7.460650e+02
159647 7.460650e+02
159756 7.460650e+02
159873 7.460650e+02
159899 7.460650e+02
160001 7.460650e+02
160098 7.460650e+02
160223 7.460650e+02
160232 7.460650e+02
160391 7.460650e+02
160574 7.460650e+02
160685 7.460650e+02
161067 7.460650e+02
161202 7.460650e+02
161259 7.460650e+02
161419 7.460650e+02
161480 7.460650e+02
161485 7.460650e+02
161514 7.460650e+02
161948 7.460650e+02
161964 7.460650e+02
162008 7.460650e+02
162011 7.460650e+02
162081 7.460650e+02
162082 7.460650e+02
162089 7.460650e+02
162277 7.460650e+02
162737 7.460650e+02
162800 7.460650e+02
162893 7.460650e+02
163057 7.460650e+02
163191 7.460650e+02
163342 7.460650e+02
163345 7.460650e+02
163349 7.460650e+02
163409 7.460650e+02
163430 7.460650e+02
163442 7.460650e+02
163499 7.460650e+02
163532 7.460650e+02
163812 7.460650e+02
163828 7.460650e+02
163933 7.460650e+02
164134 7.460650e+02
164149 7.460650e+02
164166 7.460650e+02
164270 7.460650e+02
164385 7.460650e+02
164424 7.460650e+02
164557 7.460650e+02
164669 7.460650e+02
164686 7.460650e+02
164692 7.460650e+02
164757 7.460650e+02
164872 7.460650e+02
164881 7.460650e+02
165057 7.460650e+02
165063 7.460650e+02
165086 7.460650e+02
165203 7.460650e+02
165211 7.460650e+02
165396 7.460650e+02
165427 7.460650e+02
165508 7.460650e+02
165797 7.460650e+02
165828 7.460650e+02
165886 7.460650e+02
166076 7.460650e+02
166288 7.460650e+02
166364 7.460650e+02
166628 7.460650e+02
166735 7.460650e+02
166815 7.460650e+02
238948 7.202701e+02
239471 6.551515e+02
240192 6.499684e+02
240200 6.156820e+02
240319 5.568711e+02
240846 5.218153e+02
241111 4.748103e+02
241674 4.725907e+02
242009 4.720509e+02
242071 4.131959e+02
242439 4.127264e+02
242564 4.057194e+02
242567 4.036816e+02
242625 4.009695e+02
242809 3.642731e+02
243464 3.601054e+02
243554 3.599617e+02
243583 3.585324e+02
243613 3.422903e+02
243709 3.312309e+02
243837 3.283835e+02
244304 3.259661e+02
244379 3.194830e+02
244470 3.180600e+02
244617 3.140499e+02
244686 3.100455e+02
245171 3.088609e+02
245333 3.087295e+02
245338 3.074099e+02
245458 3.017312e+02
245943 3.011916e+02
246021 2.951242e+02
246848 2.942808e+02
247532 2.927930e+02
247780 2.916455e+02
247835 2.914149e+02
248734 2.890439e+02
249216 2.887878e+02
249244 2.883323e+02
249727 2.882869e+02
249759 2.876888e+02
249834 2.875537e+02
249923 2.870650e+02
250361 2.865969e+02
250624 2.863787e+02
250839 2.860221e+02
250983 2.857516e+02
251066 2.857197e+02
251089 2.851699e+02
251475 2.848820e+02
251861 2.848216e+02
251956 2.848070e+02
252032 2.845597e+02
252186 2.844152e+02
252642 2.843291e+02
252670 2.842369e+02
252823 2.841801e+02
252878 2.840935e+02
253398 2.838986e+02
253874 2.838043e+02
254030 2.837829e+02
254204 2.837786e+02
254224 2.837430e+02
254320 2.837365e+02
254461 2.837032e+02
254570 2.836592e+02
254970 2.836082e+02
255342 2.835923e+02
255575 2.835617e+02
255686 2.835487e+02
255971 2.835027e+02
256096 2.834697e+02
256628 2.834603e+02
256656 2.834602e+02
256689 2.834576e+02
256863 2.834446e+02
256890 2.834386e+02
257092 2.834337e+02
257213 2.834304e+02
257224 2.834173e+02
257252 2.833978e+02
257648 2.833957e+02
257735 2.833914e+02
257836 2.833901e+02
258001 2.833872e+02
258031 2.833814e+02
258077 2.833726e+02
258097 2.833678e+02
258634 2.833616e+02
258660 2.833532e+02
258786 2.833509e+02
258855 2.833486e+02
259024 2.833456e+02
259174 2.833445e+02
259223 2.833430e+02
259248 2.833425e+02
259281 2.833425e+02
259399 2.833409e+02
259556 2.833406e+02
259619 2.833396e+02
259663 2.833385e+02
259781 2.833384e+02
259837 2.833368e+02
260048 2.833361e+02
260117 2.833338e+02
260542 2.833329e+02
260593 2.833319e+02
261027 2.833315e+02
261093 2.833312e+02
261196 2.833306e+02
261604 2.833302e+02
261874 2.833294e+02
261996 2.833293e+02
262108 2.833288e+02
262238 2.833288e+02
262307 2.833281e+02
262431 2.833271e+02
262495 2.833270e+02
262648 2.833266e+02
262967 2.833264e+02
263264 2.833264e+02
263278 2.833254e+02
263696 2.833253e+02
264123 2.833252e+02
264211 2.833249e+02
264225 2.833249e+02
264442 2.833248e+02
264623 2.833248e+02
264667 2.833244e+02
265279 2.833244e+02
265407 2.833244e+02
265573 2.833244e+02
265702 2.833244e+02
265733 2.833244e+02
265966 2.833242e+02
266087 2.833242e+02
266155 2.833242e+02
266424 2.833241e+02
266891 2.833241e+02
267009 2.833241e+02
267032 2.833241e+02
267075 2.833240e+02
267435 2.833240e+02
267779 2.833240e+02
268104 2.833240e+02
268434 2.833239e+02
268912 2.833239e+02
269132 2.833239e+02
269273 2.833239e+02
269466 2.833239e+02
269882 2.833239e+02
269981 2.833239e+02
270236 2.833239e+02
270242 2.833239e+02
270327 2.833239e+02
270638 2.833239e+02
270695 2.833239e+02
270852 2.833239e+02
270908 2.833239e+02
271297 2.833239e+02
271825 2.833239e+02
271845 2.833239e+02
272602 2.833239e+02
272887 2.833239e+02
273043 2.833239e+02
273249 2.833239e+02
273505 2.833239e+02
273688 2.833239e+02
273785 2.833239e+02
273865 2.833239e+02
274064 2.833239e+02
274412 2.833239e+02
274620 2.833239e+02
274755 2.833239e+02
275219 2.833239e+02
275369 2.833239e+02
275405 2.833239e+02
275431 2.833239e+02
275525 2.833239e+02
275686 2.833239e+02
275851 2.833239e+02
275954 2.833239e+02
276151 2.833239e+02
276226 2.833239e+02
276409 2.833239e+02
276444 2.833239e+02
276538 2.833239e+02
276544 2.833239e+02
276559 2.833239e+02
276847 2.833239e+02
276864 2.833239e+02
277003 2.833239e+02
277031 2.833239e+02
277033 2.833239e+02
277066 2.833239e+02
277261 2.833239e+02
277697 2.833239e+02
277735 2.833239e+02
277888 2.833239e+02
278067 2.833239e+02
278301 2.833239e+02
278484 2.833239e+02
278488 2.833239e+02
278703 2.833239e+02
278953 2.833239e+02
279003 2.833239e+02
279105 2.833239e+02
279220 2.833239e+02
279329 2.833239e+02
279480 2.833239e+02
279622 2.833239e+02
279717 2.833239e+02
279787 2.833239e+02
280050 2.833239e+02
280259 2.833239e+02
280395 2.833239e+02
280741 2.833239e+02
280838 2.833239e+02
281026 2.833239e+02
281188 2.833239e+02
281326 2.833239e+02
281387 2.833239e+02
281491 2.833239e+02
282250 2.833239e+02
282505 2.833239e+02
283019 2.833239e+02
283259 2.833239e+02
283307 2.833239e+02
283805 2.833239e+02
284034 2.833239e+02
284086 2.833239e+02
284129 2.833239e+02
284131 2.833239e+02
284289 2.833239e+02
284353 2.833239e+02
284640 2.833239e+02
284727 2.833239e+02
284728 2.833239e+02
284879 2.833239e+02
284937 2.833239e+02
285362 2.833239e+02
285501 2.833239e+02
285637 2.833239e+02
285974 2.833239e+02
286066 2.833239e+02
286472 2.833239e+02
286713 2.833239e+02
287055 2.833239e+02
287128 2.833239e+02
287692 2.833239e+02
287958 2.833239e+02
288039 2.833239e+02
288113 2.833239e+02
288282 2.833239e+02
288536 2.833239e+02
288540 2.833239e+02
