1 9.583943e+09
2 6.671076e+09
3 2.039841e+09
4 4.266888e+08
6 2.807162e+08
8 1.435691e+08
151 9.839913e+07
185 7.494354e+07
283 2.871321e+07
428 2.545356e+07
466 1.959956e+07
505 1.643444e+07
518 1.481057e+07
524 1.372119e+07
535 8.968432e+06
617 8.358515e+06
625 7.732896e+06
726 7.411669e+06
775 3.606847e+06
933 1.368783e+06
1090 1.330690e+06
1213 8.896970e+05
1242 7.275124e+05
1256 5.039757e+05
1412 4.962686e+05
1446 3.785853e+05
1627 3.592959e+05
1643 3.409332e+05
1661 3.033652e+05
1680 2.518980e+05
1731 2.005627e+05
1862 1.788213e+05
1891 9.665530e+04
2004 8.921508e+04
2012 5.011820e+04
2103 4.582203e+04
2144 3.521305e+04
2186 1.836479e+04
2402 1.620228e+04
2449 1.581925e+04
2465 1.346693e+04
2539 1.342178e+04
2564 1.312550e+04
2619 1.306792e+04
2650 8.773349e+03
2763 8.452599e+03
2808 7.946286e+03
2823 7.469564e+03
2905 7.239059e+03
2919 7.227872e+03
2930 7.108886e+03
2970 7.087139e+03
2977 7.023874e+03
2993 6.950840e+03
3000 6.876457e+03
3026 6.808052e+03
3036 6.558700e+03
3061 6.190984e+03
3121 6.182161e+03
3130 5.923702e+03
3201 5.898001e+03
3232 5.829418e+03
3306 5.675591e+03
3322 5.562886e+03
3368 5.075345e+03
3423 4.441494e+03
3486 4.048994e+03
3544 3.651350e+03
3594 3.625530e+03
3604 3.430419e+03
3633 3.191009e+03
3734 3.076603e+03
3737 2.632823e+03
3782 2.344651e+03
3790 1.430961e+03
3883 1.338460e+03
3921 1.008168e+03
4025 8.703322e+02
4047 7.810003e+02
4080 5.615223e+02
4131 5.468850e+02
4209 5.280838e+02
4268 5.074743e+02
4281 4.757451e+02
4283 4.614695e+02
4458 4.149555e+02
4488 4.063262e+02
4615 3.949139e+02
4630 3.908614e+02
4652 3.849677e+02
4655 3.525344e+02
4691 3.511646e+02
4708 3.392782e+02
4732 3.101276e+02
4748 3.052332e+02
4783 2.783440e+02
4802 2.781885e+02
4807 2.070448e+02
4858 1.941546e+02
4871 1.829889e+02
4900 1.586086e+02
4967 1.270200e+02
5014 1.214643e+02
5020 1.176174e+02
5038 7.953575e+01
5077 7.482149e+01
5085 7.249497e+01
5108 6.404482e+01
5118 5.387276e+01
5131 5.192173e+01
5161 4.476387e+01
5189 3.580152e+01
5195 2.799996e+01
5200 2.536097e+01
5218 1.674181e+01
5220 1.671358e+01
5357 1.491019e+01
5402 1.114755e+01
5418 1.094897e+01
5434 5.825001e+00
5477 4.480698e+00
5494 2.344273e+00
5579 2.313835e+00
5604 1.862116e+00
5610 1.761541e+00
5625 1.519939e+00
5629 4.602301e-01
5785 2.640956e-01
5814 1.679951e-01
5897 1.352910e-01
5918 8.292613e-02
6002 8.208260e-02
6005 2.792991e-02
6074 2.502860e-02
6101 1.842236e-02
6203 1.246715e-02
6215 1.156791e-02
6223 1.137743e-02
6233 6.283698e-03
6245 6.004833e-03
6266 4.938567e-03
6284 3.995750e-03
6292 3.804701e-03
6338 3.766403e-03
6341 2.820924e-03
6375 2.539908e-03
6417 2.539844e-03
6418 1.583881e-03
6427 1.027425e-03
6494 8.848064e-04
6504 7.731019e-04
6511 4.891198e-04
6616 3.083830e-04
6695 2.402923e-04
6699 2.238797e-04
6710 1.810786e-04
6729 9.808031e-05
6753 5.734397e-05
6881 3.449848e-05
6919 1.348311e-05
7046 9.727118e-06
7084 9.604372e-06
7113 9.597583e-06
7115 7.670531e-06
7122 6.751150e-06
7123 5.661785e-06
7141 5.392047e-06
7151 4.048330e-06
7171 3.965016e-06
7175 3.277852e-06
7186 3.081059e-06
7195 2.499997e-06
7242 2.395715e-06
7251 1.881440e-06
7253 1.806644e-06
7258 1.707717e-06
7280 9.564315e-07
7319 8.040052e-07
7374 7.707841e-07
7379 7.017507e-07
7380 5.192583e-07
7437 5.179965e-07
7441 2.406004e-07
7442 1.594090e-07
7496 1.532252e-07
7581 9.129357e-08
7699 7.656081e-08
7731 6.107131e-08
7734 5.964272e-08
7744 1.059703e-08
7934 1.036443e-08
7935 1.034327e-08
7942 8.549690e-09
7950 5.858472e-09
7951 5.400461e-09
7954 4.464549e-09
