1 7.272541e+09
2 5.863481e+09
3 3.224266e+09
5 1.247891e+09
6 8.238404e+08
21 7.604182e+08
22 5.279217e+08
36 4.837882e+08
41 3.515937e+08
73 2.622903e+08
103 2.034287e+08
139 1.511944e+08
190 1.315561e+08
238 5.530344e+07
390 5.265525e+07
437 3.103849e+07
624 2.400335e+07
662 1.754544e+07
675 1.097469e+07
899 5.476682e+06
1038 5.025490e+06
1090 4.918463e+06
1245 4.902815e+06
1265 4.830353e+06
1283 4.710362e+06
1295 3.791632e+06
1369 3.221711e+06
1426 2.697771e+06
1481 2.077619e+06
1530 1.967219e+06
1564 1.517825e+06
1600 1.205824e+06
1629 9.237597e+05
1649 9.032624e+05
1807 7.948211e+05
1863 5.357133e+05
1902 5.188997e+05
1915 4.249433e+05
1936 3.669440e+05
1941 3.144534e+05
2035 2.763006e+05
2063 2.748280e+05
2071 2.563491e+05
2078 2.407026e+05
2146 2.105258e+05
2193 1.948969e+05
2241 1.882896e+05
2283 1.873099e+05
2294 1.706978e+05
2308 1.504383e+05
2358 1.448265e+05
2404 1.306813e+05
2438 1.306109e+05
2440 1.303267e+05
2479 1.154943e+05
2560 9.741905e+04
2606 9.020851e+04
2665 7.750409e+04
2668 7.407508e+04
2684 6.971974e+04
2745 5.778561e+04
2776 3.933310e+04
2799 2.841627e+04
2962 2.454192e+04
2976 2.284752e+04
2977 2.076297e+04
3013 1.842097e+04
3051 1.770009e+04
3089 9.485715e+03
3218 8.601301e+03
3227 8.143223e+03
3318 7.384241e+03
3388 7.374302e+03
3395 7.355249e+03
3396 7.208604e+03
3400 7.019186e+03
3420 6.958514e+03
3459 6.943948e+03
3480 6.734429e+03
3536 6.402889e+03
3596 6.368570e+03
3609 6.095159e+03
3624 5.458256e+03
3834 5.382386e+03
3890 5.223881e+03
3915 5.114615e+03
3922 5.105410e+03
3976 5.051056e+03
4004 4.975869e+03
4016 4.959209e+03
4027 4.845020e+03
4053 4.668542e+03
4096 4.450477e+03
4142 4.423563e+03
4219 4.369990e+03
4229 4.368852e+03
4243 4.205852e+03
4255 4.188793e+03
4262 4.028931e+03
4276 4.017160e+03
4284 4.015482e+03
4288 3.844104e+03
4316 3.832831e+03
4327 3.285715e+03
4366 2.970160e+03
4473 2.940781e+03
4495 2.455880e+03
4527 2.428329e+03
4553 2.038280e+03
4581 1.663924e+03
4686 1.638729e+03
4744 1.108333e+03
4753 1.020445e+03
4773 8.641864e+02
4802 5.680021e+02
4884 4.949094e+02
4925 4.883528e+02
4937 3.001633e+02
4973 2.937323e+02
5038 1.086520e+02
5070 8.759730e+01
5104 7.885688e+01
5224 7.212302e+01
5227 6.137038e+01
5254 3.683042e+01
5306 2.741211e+01
5328 2.434670e+01
5353 2.397761e+01
5359 2.039493e+01
5366 1.872518e+01
5372 1.158740e+01
5427 8.582755e+00
5446 6.773713e+00
5494 4.264356e+00
5513 4.089180e+00
5544 3.603235e+00
5557 1.648846e+00
5631 1.518831e+00
5644 1.327932e+00
5650 1.225885e+00
5663 1.217586e+00
5667 7.589422e-01
5675 6.289750e-01
5748 5.271352e-01
5753 4.121612e-01
5775 3.685882e-01
5776 2.528902e-01
5790 1.901086e-01
5796 1.566749e-01
5826 1.262731e-01
5841 1.174188e-01
5866 9.640661e-02
5891 9.148149e-02
5917 5.006889e-02
5948 4.342531e-02
5966 3.933247e-02
5971 3.047051e-02
5976 2.545949e-02
6059 1.713199e-02
6065 1.184234e-02
6126 9.715119e-03
6159 7.401612e-03
6186 7.072495e-03
6187 5.906473e-03
6195 2.832269e-03
6228 2.453720e-03
6250 1.838117e-03
6319 1.651519e-03
6336 8.137315e-04
6424 6.362836e-04
6438 2.715588e-04
6504 2.638130e-04
6512 1.795273e-04
6550 1.575326e-04
6554 1.225451e-04
6569 9.349664e-05
6610 7.630789e-05
6647 6.315779e-05
6652 4.699354e-05
6693 4.193471e-05
6747 2.197062e-05
6787 1.622644e-05
6850 1.026949e-05
6855 1.016994e-05
6880 7.519846e-06
6889 7.336017e-06
6936 3.996226e-06
7006 3.832828e-06
7032 2.992269e-06
7057 2.217215e-06
7060 1.916564e-06
7070 1.741680e-06
7077 1.438632e-06
7110 1.328100e-06
7133 7.882467e-07
7135 7.765905e-07
7160 6.770623e-07
7181 6.296783e-07
7226 5.963172e-07
7244 3.696720e-07
7245 2.048706e-07
7285 1.547561e-07
7377 8.522622e-08
7426 8.329215e-08
7436 7.246774e-08
7442 5.185404e-08
7472 3.588887e-08
7611 2.664517e-08
7634 2.095334e-08
7667 1.739564e-08
7673 5.853858e-09
93570 5.211079e-09
