1 7.110036e+03
2 5.759566e+03
5 4.526678e+03
11 3.559341e+03
12 3.202500e+03
23 3.194123e+03
35 3.142657e+03
39 2.747113e+03
344 2.374289e+03
485 2.364819e+03
489 2.127226e+03
558 1.861461e+03
566 1.827709e+03
605 1.597426e+03
643 1.589011e+03
659 1.585544e+03
684 1.501967e+03
703 1.456730e+03
724 1.353266e+03
767 1.337286e+03
788 1.297549e+03
792 1.172224e+03
875 1.062517e+03
962 9.891042e+02
966 9.640580e+02
972 9.604340e+02
986 8.757134e+02
991 7.807727e+02
1178 7.684524e+02
1236 7.227411e+02
1414 7.063646e+02
1442 6.707652e+02
1460 6.362943e+02
1580 5.738822e+02
1679 5.620804e+02
1724 5.278243e+02
1790 4.873953e+02
2159 4.590971e+02
2284 4.339301e+02
2724 4.244936e+02
3426 4.208937e+02
4082 4.180052e+02
4453 4.044295e+02
4651 3.807697e+02
5853 3.745081e+02
6161 3.610823e+02
6293 3.596528e+02
6378 3.436083e+02
6709 3.303497e+02
7050 3.285021e+02
7094 3.280228e+02
7118 3.187638e+02
7126 3.157989e+02
7272 3.039216e+02
7289 2.739696e+02
7371 2.622178e+02
7500 2.118870e+02
7673 2.038053e+02
7677 1.990678e+02
7776 1.715187e+02
7954 1.690814e+02
7976 1.409544e+02
8029 1.397106e+02
8170 1.345762e+02
8200 1.306707e+02
8266 1.238851e+02
8272 1.170898e+02
8342 1.087928e+02
8417 1.070429e+02
8429 1.034840e+02
8463 8.786733e+01
8509 8.179125e+01
8694 7.673037e+01
8757 7.639551e+01
8785 7.625476e+01
8809 7.031008e+01
8892 6.874149e+01
8919 6.815427e+01
9002 6.723683e+01
9034 6.272336e+01
9074 6.128742e+01
9076 5.872607e+01
9225 5.804661e+01
9238 5.733941e+01
9261 5.495074e+01
9318 5.401126e+01
9319 5.390385e+01
9355 5.335583e+01
9386 5.314186e+01
9422 5.086824e+01
9452 5.065896e+01
9508 5.025556e+01
9533 4.993405e+01
9539 4.864366e+01
9608 4.805519e+01
9614 4.799882e+01
9635 4.760462e+01
9737 4.697712e+01
9762 4.677969e+01
9763 4.644594e+01
9794 4.571474e+01
9843 4.566342e+01
9915 4.539998e+01
9976 4.480591e+01
10028 4.455785e+01
10072 4.415877e+01
10137 4.396813e+01
10192 4.378623e+01
10209 4.332420e+01
10212 4.307593e+01
10243 4.283930e+01
10274 4.267688e+01
10359 4.240654e+01
10401 4.221670e+01
10473 4.199051e+01
10603 4.177813e+01
10813 4.177575e+01
10818 4.172971e+01
10825 4.169917e+01
10879 4.168765e+01
10901 4.160412e+01
10971 4.144658e+01
10982 4.137230e+01
11059 4.132581e+01
11174 4.131002e+01
11247 4.130557e+01
11251 4.118699e+01
11354 4.115670e+01
11365 4.114872e+01
11381 4.111526e+01
11459 4.109903e+01
11467 4.108517e+01
11486 4.107684e+01
11502 4.102422e+01
11582 4.100206e+01
11615 4.098549e+01
11616 4.097687e+01
11716 4.095105e+01
11949 4.094930e+01
11958 4.093706e+01
11988 4.092235e+01
12000 4.091529e+01
12001 4.090508e+01
12030 4.089079e+01
12035 4.088190e+01
12216 4.086970e+01
12258 4.086157e+01
12503 4.085695e+01
12562 4.084978e+01
12648 4.084611e+01
12724 4.084579e+01
12745 4.083517e+01
12776 4.083291e+01
12822 4.082810e+01
12950 4.082575e+01
12999 4.082262e+01
13011 4.082065e+01
13048 4.081761e+01
13073 4.081540e+01
13246 4.081524e+01
13334 4.081462e+01
13358 4.080753e+01
13432 4.080701e+01
13586 4.080608e+01
13627 4.080590e+01
13646 4.080536e+01
13680 4.080483e+01
13722 4.080374e+01
13829 4.080303e+01
13836 4.080285e+01
13869 4.080217e+01
13877 4.080213e+01
13885 4.080211e+01
13949 4.080175e+01
13987 4.079995e+01
14053 4.079989e+01
14079 4.079982e+01
14084 4.079944e+01
14105 4.079871e+01
14123 4.079853e+01
14219 4.079716e+01
14299 4.079683e+01
14398 4.079662e+01
14420 4.079642e+01
14446 4.079610e+01
14460 4.079602e+01
14465 4.079570e+01
14492 4.079561e+01
14540 4.079535e+01
14650 4.079473e+01
14730 4.079460e+01
14790 4.079445e+01
14820 4.079437e+01
14874 4.079427e+01
15072 4.079425e+01
15128 4.079421e+01
15149 4.079396e+01
15224 4.079391e+01
15270 4.079389e+01
15272 4.079388e+01
15309 4.079376e+01
15404 4.079376e+01
15414 4.079372e+01
15415 4.079369e+01
15443 4.079363e+01
15545 4.079354e+01
15808 4.079351e+01
15879 4.079349e+01
15923 4.079348e+01
15950 4.079346e+01
15956 4.079345e+01
16033 4.079343e+01
16057 4.079341e+01
16230 4.079340e+01
16277 4.079340e+01
16402 4.079339e+01
16516 4.079337e+01
16606 4.079337e+01
16645 4.079336e+01
16738 4.079335e+01
16813 4.079335e+01
16814 4.079335e+01
16855 4.079335e+01
16869 4.079333e+01
16954 4.079333e+01
16957 4.079333e+01
16969 4.079333e+01
16995 4.079332e+01
17050 4.079331e+01
17242 4.079331e+01
17373 4.079331e+01
17382 4.079331e+01
17418 4.079330e+01
17489 4.079330e+01
17607 4.079330e+01
17633 4.079330e+01
17673 4.079330e+01
17729 4.079330e+01
17739 4.079330e+01
17767 4.079330e+01
17820 4.079330e+01
17876 4.079330e+01
17923 4.079330e+01
18069 4.079330e+01
18145 4.079330e+01
18177 4.079329e+01
18229 4.079329e+01
18268 4.079329e+01
18294 4.079329e+01
18304 4.079329e+01
18340 4.079329e+01
18380 4.079329e+01
18381 4.079329e+01
18552 4.079329e+01
18692 4.079329e+01
18715 4.079329e+01
18748 4.079329e+01
18837 4.079329e+01
18840 4.079329e+01
18889 4.079329e+01
19099 4.079329e+01
19164 4.079329e+01
19180 4.079329e+01
19213 4.079329e+01
19294 4.079329e+01
19328 4.079329e+01
19367 4.079329e+01
19377 4.079329e+01
19384 4.079329e+01
19435 4.079329e+01
19446 4.079329e+01
19449 4.079329e+01
19458 4.079329e+01
19460 4.079329e+01
19504 4.079329e+01
19550 4.079329e+01
19567 4.079329e+01
19577 4.079329e+01
19666 4.079329e+01
19763 4.079329e+01
19813 4.079329e+01
19816 4.079329e+01
19925 4.079329e+01
19958 4.079329e+01
19977 4.079329e+01
19988 4.079329e+01
20039 4.079329e+01
20110 4.079329e+01
20117 4.079329e+01
20121 4.079329e+01
20224 4.079329e+01
20293 4.079329e+01
20314 4.079329e+01
20488 4.079329e+01
20526 4.079329e+01
20557 4.079329e+01
20587 4.079329e+01
20711 4.079329e+01
20735 4.079329e+01
20803 4.079329e+01
20816 4.079329e+01
20830 4.079329e+01
20846 4.079329e+01
20898 4.079329e+01
20927 4.079329e+01
20944 4.079329e+01
20989 4.079329e+01
21007 4.079329e+01
21051 4.079329e+01
21136 4.079329e+01
21166 4.079329e+01
21233 4.079329e+01
21351 4.079329e+01
21415 4.079329e+01
21435 4.079329e+01
21522 4.079329e+01
21543 4.079329e+01
21545 4.079329e+01
21588 4.079329e+01
21623 4.079329e+01
21654 4.079329e+01
21667 4.079329e+01
21778 4.079329e+01
21841 4.079329e+01
21942 4.079329e+01
21947 4.079329e+01
21959 4.079329e+01
21981 4.079329e+01
22040 4.079329e+01
22102 4.079329e+01
22203 4.079329e+01
22213 4.079329e+01
22336 4.079329e+01
22362 4.079329e+01
22398 4.079329e+01
22409 4.079329e+01
22513 4.079329e+01
22568 4.079329e+01
22638 4.079329e+01
22639 4.079329e+01
22699 4.079329e+01
22791 4.079329e+01
22813 4.079329e+01
22844 4.079329e+01
22891 4.079329e+01
22895 4.079329e+01
22907 4.079329e+01
22932 4.079329e+01
22936 4.079329e+01
22981 4.079329e+01
22982 4.079329e+01
23010 4.079329e+01
23028 4.079329e+01
23112 4.079329e+01
23129 4.079329e+01
23188 4.079329e+01
23346 4.079329e+01
23351 4.079329e+01
23406 4.079329e+01
23411 4.079329e+01
23439 4.079329e+01
23463 4.079329e+01
23470 4.079329e+01
23494 4.079329e+01
23556 4.079329e+01
23598 4.079329e+01
23649 4.079329e+01
23704 4.079329e+01
23765 4.079329e+01
23810 4.079329e+01
23885 4.079329e+01
23972 4.079329e+01
23995 4.079329e+01
24043 4.079329e+01
24052 4.079329e+01
24061 4.079329e+01
24100 4.079329e+01
24123 4.079329e+01
24132 4.079329e+01
24170 4.079329e+01
24328 4.079329e+01
24333 4.079329e+01
24470 4.079329e+01
24489 4.079329e+01
24490 4.079329e+01
24572 4.079329e+01
24574 4.079329e+01
24587 4.079329e+01
24603 4.079329e+01
24625 4.079329e+01
24653 4.079329e+01
24663 4.079329e+01
54256 3.758137e+01
54460 3.470270e+01
54905 3.282848e+01
55032 3.263269e+01
55033 2.992525e+01
55067 2.914998e+01
55114 2.758823e+01
55151 2.617764e+01
55231 2.374087e+01
55594 2.331671e+01
55643 2.246863e+01
55843 2.212487e+01
55994 2.131926e+01
56242 2.067282e+01
56415 2.024701e+01
56483 1.944862e+01
56493 1.768306e+01
56653 1.734858e+01
56934 1.559071e+01
57388 1.511786e+01
57639 1.506155e+01
58077 1.490268e+01
58095 1.481394e+01
58108 1.453185e+01
58159 1.438866e+01
58213 1.433315e+01
58215 1.421921e+01
58233 1.414187e+01
58250 1.409701e+01
58257 1.407544e+01
58311 1.374029e+01
58684 1.363916e+01
58832 1.351377e+01
58892 1.351132e+01
58945 1.324623e+01
59048 1.320469e+01
59051 1.307878e+01
59362 1.290080e+01
59601 1.281179e+01
59706 1.278297e+01
59742 1.275696e+01
59764 1.268574e+01
59960 1.254162e+01
60137 1.252769e+01
60141 1.247264e+01
60220 1.240178e+01
60247 1.228576e+01
60703 1.225991e+01
60773 1.222596e+01
60882 1.215923e+01
61423 1.213288e+01
61459 1.213163e+01
61608 1.210143e+01
61661 1.208859e+01
61974 1.208482e+01
61975 1.205523e+01
62209 1.204639e+01
62342 1.203728e+01
62365 1.203546e+01
62520 1.203425e+01
62684 1.203035e+01
62740 1.202682e+01
62759 1.200974e+01
62925 1.200551e+01
62957 1.200090e+01
63106 1.199940e+01
63162 1.199080e+01
63443 1.198847e+01
63692 1.198795e+01
63719 1.198572e+01
63838 1.197383e+01
63933 1.196957e+01
64087 1.196908e+01
64158 1.196814e+01
64270 1.196799e+01
64377 1.196295e+01
64576 1.196256e+01
64742 1.195755e+01
64958 1.195550e+01
65012 1.195487e+01
65066 1.195359e+01
65245 1.195272e+01
65533 1.195258e+01
65645 1.195212e+01
65699 1.195024e+01
65790 1.194992e+01
65810 1.194940e+01
65844 1.194903e+01
65944 1.194873e+01
65981 1.194817e+01
66007 1.194728e+01
66202 1.194719e+01
66215 1.194700e+01
66220 1.194634e+01
66282 1.194631e+01
66384 1.194545e+01
66547 1.194508e+01
66574 1.194505e+01
66607 1.194345e+01
67163 1.194285e+01
67361 1.194252e+01
67437 1.194243e+01
67664 1.194169e+01
67793 1.194151e+01
67937 1.194135e+01
68139 1.194110e+01
68291 1.194075e+01
68689 1.194066e+01
68772 1.194060e+01
68869 1.194048e+01
68888 1.194034e+01
69069 1.194025e+01
69331 1.194021e+01
69444 1.194018e+01
69516 1.194004e+01
69557 1.194004e+01
69666 1.193999e+01
69811 1.193999e+01
69856 1.193999e+01
69910 1.193995e+01
69955 1.193989e+01
70025 1.193983e+01
70151 1.193981e+01
70194 1.193979e+01
70515 1.193975e+01
70722 1.193974e+01
70761 1.193972e+01
70886 1.193972e+01
70891 1.193970e+01
70961 1.193969e+01
71084 1.193969e+01
71109 1.193968e+01
71163 1.193965e+01
71400 1.193964e+01
71430 1.193962e+01
71550 1.193961e+01
71624 1.193960e+01
71658 1.193960e+01
71817 1.193959e+01
71883 1.193959e+01
71884 1.193958e+01
72085 1.193957e+01
72206 1.193956e+01
72212 1.193956e+01
72485 1.193955e+01
72610 1.193955e+01
72617 1.193955e+01
72641 1.193954e+01
72973 1.193954e+01
73108 1.193954e+01
73385 1.193953e+01
73485 1.193953e+01
73592 1.193953e+01
73616 1.193953e+01
73937 1.193953e+01
73948 1.193953e+01
73976 1.193953e+01
74172 1.193952e+01
74312 1.193952e+01
74412 1.193952e+01
74441 1.193952e+01
74548 1.193952e+01
74559 1.193952e+01
74921 1.193952e+01
74994 1.193952e+01
294388 1.190671e+01
294714 1.120244e+01
295118 1.093565e+01
295245 1.087084e+01
295365 1.080868e+01
295511 1.078375e+01
295552 1.077832e+01
295597 1.034952e+01
296123 1.020331e+01
296205 9.995001e+00
296729 9.968101e+00
296847 9.948918e+00
296946 9.686945e+00
297614 9.630895e+00
297636 9.624436e+00
298009 9.597202e+00
298181 9.523079e+00
298397 9.502488e+00
298560 9.458988e+00
299127 9.388776e+00
299249 9.363554e+00
299351 9.348387e+00
299456 9.249468e+00
299869 9.245698e+00
299904 9.239787e+00
299942 9.229258e+00
300101 9.190123e+00
300346 9.171903e+00
300492 9.129537e+00
300960 9.111609e+00
301019 9.100191e+00
301694 9.093927e+00
301736 9.087883e+00
301737 9.084494e+00
302223 9.084107e+00
302259 9.074963e+00
302282 9.068628e+00
302562 9.063512e+00
302581 9.060540e+00
302625 9.057887e+00
302626 9.052257e+00
302764 9.047729e+00
302795 9.047150e+00
302832 9.037640e+00
302942 9.035509e+00
303319 9.033852e+00
303381 9.030955e+00
303433 9.030216e+00
303537 9.024648e+00
303651 9.018659e+00
303864 9.015826e+00
303911 9.008957e+00
304014 8.999521e+00
304313 8.997338e+00
304315 8.996776e+00
304592 8.992394e+00
304753 8.991774e+00
304999 8.990983e+00
305017 8.986575e+00
305125 8.984151e+00
305148 8.978964e+00
305324 8.976839e+00
306200 8.975174e+00
306934 8.974449e+00
307020 8.972075e+00
307188 8.970686e+00
307190 8.970298e+00
307312 8.966884e+00
307548 8.966654e+00
307657 8.965355e+00
307958 8.964872e+00
307995 8.962996e+00
308522 8.961887e+00
308713 8.961859e+00
308754 8.961065e+00
308926 8.960411e+00
309097 8.960327e+00
309146 8.960067e+00
309196 8.959877e+00
309210 8.959158e+00
309597 8.958955e+00
309921 8.958057e+00
310215 8.957779e+00
310311 8.957615e+00
311118 8.957337e+00
311324 8.956938e+00
311619 8.956908e+00
311942 8.956394e+00
312315 8.956289e+00
312345 8.956135e+00
312530 8.956120e+00
312535 8.956112e+00
312552 8.956022e+00
312778 8.955996e+00
312938 8.955949e+00
312947 8.955850e+00
312977 8.955734e+00
313094 8.955703e+00
313130 8.955620e+00
313515 8.955494e+00
313606 8.955487e+00
313677 8.955348e+00
313833 8.955319e+00
313997 8.955283e+00
314178 8.955256e+00
314732 8.955253e+00
314741 8.955250e+00
314792 8.955240e+00
314880 8.955164e+00
314960 8.955159e+00
314997 8.955147e+00
315330 8.955065e+00
315419 8.954962e+00
316643 8.954953e+00
316697 8.954913e+00
317195 8.954901e+00
317718 8.954881e+00
317934 8.954866e+00
318008 8.954825e+00
318354 8.954802e+00
318854 8.954800e+00
319068 8.954790e+00
319116 8.954789e+00
319133 8.954788e+00
319170 8.954787e+00
319184 8.954779e+00
319221 8.954765e+00
319240 8.954761e+00
319377 8.954756e+00
319422 8.954750e+00
319435 8.954746e+00
319565 8.954734e+00
319873 8.954725e+00
319950 8.954714e+00
320142 8.954703e+00
320310 8.954688e+00
320511 8.954680e+00
321140 8.954680e+00
321436 8.954677e+00
321550 8.954675e+00
321652 8.954670e+00
321681 8.954665e+00
321758 8.954663e+00
322219 8.954662e+00
322252 8.954660e+00
322310 8.954657e+00
322481 8.954654e+00
322723 8.954654e+00
322739 8.954651e+00
323120 8.954648e+00
323187 8.954647e+00
323326 8.954647e+00
323341 8.954646e+00
323388 8.954645e+00
323457 8.954644e+00
323570 8.954643e+00
323706 8.954643e+00
323973 8.954643e+00
324164 8.954641e+00
324606 8.954640e+00
324683 8.954639e+00
324784 8.954638e+00
325424 8.954638e+00
325434 8.954638e+00
325509 8.954637e+00
325581 8.954637e+00
325803 8.954636e+00
326126 8.954636e+00
326130 8.954635e+00
326722 8.954635e+00
326788 8.954635e+00
326955 8.954635e+00
327004 8.954634e+00
327169 8.954634e+00
327275 8.954634e+00
327520 8.954633e+00
327918 8.954633e+00
327940 8.954633e+00
328031 8.954633e+00
328034 8.954633e+00
328100 8.954633e+00
328391 8.954633e+00
328657 8.954633e+00
328928 8.954633e+00
329024 8.954633e+00
329289 8.954633e+00
329738 8.954632e+00
329858 8.954632e+00
330208 8.954632e+00
330311 8.954632e+00
330340 8.954632e+00
330657 8.954632e+00
331058 8.954632e+00
331406 8.954632e+00
331550 8.954632e+00
331606 8.954632e+00
331622 8.954632e+00
331644 8.954632e+00
331651 8.954632e+00
331724 8.954632e+00
331909 8.954632e+00
332113 8.954632e+00
332282 8.954632e+00
332341 8.954632e+00
332710 8.954632e+00
332736 8.954632e+00
332783 8.954632e+00
332932 8.954632e+00
332939 8.954632e+00
334026 8.954632e+00
334143 8.954632e+00
334499 8.954632e+00
335790 8.954632e+00
336152 8.954632e+00
336264 8.954632e+00
336368 8.954632e+00
336649 8.954632e+00
336916 8.954632e+00
336926 8.954632e+00
336938 8.954632e+00
337039 8.954632e+00
337264 8.954632e+00
337340 8.954632e+00
337411 8.954632e+00
337906 8.954632e+00
337960 8.954632e+00
337991 8.954632e+00
338133 8.954632e+00
338246 8.954632e+00
338315 8.954632e+00
338711 8.954632e+00
338777 8.954632e+00
338887 8.954632e+00
339021 8.954632e+00
339099 8.954632e+00
339179 8.954632e+00
339226 8.954632e+00
339650 8.954632e+00
340041 8.954632e+00
340335 8.954632e+00
340444 8.954632e+00
340526 8.954632e+00
340591 8.954632e+00
340637 8.954632e+00
340759 8.954632e+00
340820 8.954632e+00
340904 8.954632e+00
341148 8.954632e+00
341323 8.954632e+00
341411 8.954632e+00
341449 8.954632e+00
341593 8.954632e+00
341747 8.954632e+00
341835 8.954632e+00
342013 8.954632e+00
342114 8.954632e+00
342299 8.954632e+00
342745 8.954632e+00
342815 8.954632e+00
343520 8.954632e+00
343867 8.954632e+00
344102 8.954632e+00
344179 8.954632e+00
344411 8.954632e+00
344986 8.954632e+00
345509 8.954632e+00
345938 8.954632e+00
346422 8.954632e+00
346438 8.954632e+00
346556 8.954632e+00
346621 8.954632e+00
346643 8.954632e+00
346785 8.954632e+00
346787 8.954632e+00
346825 8.954632e+00
346920 8.954632e+00
346944 8.954632e+00
347482 8.954632e+00
