1 7.725371e+03
2 6.490038e+03
3 3.151138e+03
41 2.851186e+03
273 2.179793e+03
436 2.116569e+03
490 1.586076e+03
661 1.213743e+03
811 1.114577e+03
858 1.090228e+03
895 1.085475e+03
925 1.013943e+03
932 9.939250e+02
988 9.204187e+02
1109 8.842041e+02
1154 8.473613e+02
1222 8.213752e+02
1252 8.073081e+02
1272 7.659616e+02
1334 7.259500e+02
1407 6.733836e+02
1475 6.369338e+02
1545 6.279005e+02
1573 6.092980e+02
1583 5.957915e+02
1710 5.642339e+02
1787 5.195616e+02
2126 5.096121e+02
2149 4.896853e+02
2169 4.854381e+02
2488 4.631045e+02
2528 4.600762e+02
2690 4.549130e+02
3289 4.439126e+02
3309 3.660792e+02
4150 3.643433e+02
4440 3.601079e+02
5467 3.449697e+02
7381 2.877981e+02
7718 2.830724e+02
7791 2.675849e+02
8078 2.439748e+02
8137 2.329097e+02
8304 2.304697e+02
8352 2.149201e+02
8438 2.003370e+02
8529 1.970069e+02
8547 1.840427e+02
8572 1.596846e+02
8710 1.538189e+02
8765 1.362477e+02
8920 1.310830e+02
8927 1.294172e+02
8968 1.154934e+02
9081 1.147872e+02
9159 9.818323e+01
9251 9.363610e+01
9292 8.731930e+01
9305 8.658987e+01
9340 8.494504e+01
9399 7.925770e+01
9419 7.905078e+01
9439 7.475576e+01
9444 7.213814e+01
9506 7.129367e+01
9519 6.695003e+01
9520 6.097318e+01
9549 6.063156e+01
9564 5.934118e+01
9612 5.627536e+01
9618 5.454619e+01
9687 5.238499e+01
9743 5.212535e+01
9781 5.150760e+01
9817 5.077015e+01
9843 4.895183e+01
9857 4.843746e+01
9883 4.819301e+01
9937 4.673624e+01
9943 4.506834e+01
9976 4.303773e+01
9980 4.287599e+01
10145 4.255333e+01
10198 4.253663e+01
10251 4.168513e+01
10442 4.106939e+01
10497 4.062179e+01
10510 3.975572e+01
10609 3.716039e+01
10683 3.688646e+01
10786 3.675758e+01
10836 3.673040e+01
10898 3.590363e+01
10917 3.526540e+01
10977 3.523517e+01
10997 3.516787e+01
10998 3.516371e+01
11049 3.489651e+01
11066 3.489558e+01
11072 3.488539e+01
11076 3.467041e+01
11108 3.460390e+01
11113 3.441002e+01
11223 3.412313e+01
11292 3.410129e+01
11323 3.405454e+01
11336 3.376226e+01
11370 3.375354e+01
11379 3.374420e+01
11459 3.360989e+01
11475 3.323521e+01
11523 3.304557e+01
11617 3.292516e+01
11630 3.268886e+01
11740 3.264496e+01
11834 3.261753e+01
11878 3.251521e+01
11906 3.243385e+01
11963 3.238879e+01
12005 3.228175e+01
12171 3.223933e+01
12196 3.222019e+01
12314 3.216509e+01
12424 3.216013e+01
12448 3.211424e+01
12522 3.209342e+01
12563 3.205953e+01
12570 3.203812e+01
12583 3.202222e+01
12771 3.197759e+01
12898 3.196404e+01
12900 3.195703e+01
12968 3.195572e+01
12976 3.194991e+01
13022 3.194054e+01
13060 3.193866e+01
13071 3.193652e+01
13087 3.193442e+01
13148 3.193406e+01
13154 3.192785e+01
13157 3.191470e+01
13179 3.191268e+01
13220 3.191066e+01
13221 3.189644e+01
13260 3.188886e+01
13300 3.188724e+01
13396 3.188706e+01
13400 3.186979e+01
13616 3.186490e+01
13645 3.186304e+01
13710 3.186236e+01
13735 3.186101e+01
13742 3.185787e+01
13757 3.185668e+01
13791 3.185638e+01
13804 3.185625e+01
13830 3.185412e+01
13865 3.185404e+01
13870 3.185334e+01
13934 3.185315e+01
13947 3.185228e+01
13986 3.185219e+01
13987 3.185193e+01
14015 3.185135e+01
14034 3.184951e+01
14086 3.184860e+01
14237 3.184806e+01
14240 3.184803e+01
14262 3.184588e+01
14328 3.184520e+01
14364 3.184374e+01
14464 3.184340e+01
14522 3.184254e+01
14688 3.184228e+01
14778 3.184213e+01
14880 3.184149e+01
14902 3.184120e+01
14947 3.184085e+01
15010 3.184083e+01
15035 3.184055e+01
15144 3.184041e+01
15189 3.184008e+01
15234 3.183986e+01
15316 3.183982e+01
15359 3.183982e+01
15364 3.183947e+01
15594 3.183927e+01
15782 3.183911e+01
15946 3.183910e+01
15995 3.183909e+01
16021 3.183905e+01
16128 3.183903e+01
16160 3.183899e+01
16180 3.183898e+01
16223 3.183895e+01
16256 3.183892e+01
16293 3.183890e+01
16383 3.183887e+01
16412 3.183884e+01
16458 3.183883e+01
16512 3.183882e+01
16618 3.183881e+01
16626 3.183880e+01
16689 3.183879e+01
16697 3.183878e+01
16837 3.183876e+01
16871 3.183876e+01
16913 3.183875e+01
16983 3.183875e+01
17061 3.183875e+01
17073 3.183874e+01
17089 3.183874e+01
17095 3.183873e+01
17110 3.183871e+01
17418 3.183871e+01
17496 3.183871e+01
17505 3.183871e+01
17533 3.183871e+01
17542 3.183870e+01
17611 3.183870e+01
17666 3.183870e+01
17688 3.183870e+01
17689 3.183870e+01
17798 3.183869e+01
17811 3.183869e+01
17934 3.183869e+01
17951 3.183869e+01
17970 3.183869e+01
17984 3.183869e+01
18018 3.183869e+01
18089 3.183868e+01
18122 3.183868e+01
18189 3.183868e+01
18302 3.183868e+01
18346 3.183868e+01
18404 3.183868e+01
18428 3.183868e+01
18438 3.183868e+01
18512 3.183868e+01
18590 3.183868e+01
18674 3.183868e+01
18692 3.183868e+01
18717 3.183868e+01
18727 3.183868e+01
18766 3.183868e+01
18874 3.183868e+01
18875 3.183868e+01
19131 3.183868e+01
19185 3.183868e+01
19223 3.183868e+01
19233 3.183868e+01
19314 3.183868e+01
19325 3.183868e+01
19404 3.183868e+01
19432 3.183868e+01
19434 3.183868e+01
19465 3.183868e+01
19603 3.183868e+01
19688 3.183868e+01
19754 3.183868e+01
19787 3.183868e+01
19810 3.183868e+01
19852 3.183868e+01
19859 3.183868e+01
19923 3.183868e+01
20154 3.183868e+01
20268 3.183868e+01
20276 3.183868e+01
20351 3.183867e+01
20474 3.183867e+01
20517 3.183867e+01
20594 3.183867e+01
20605 3.183867e+01
20635 3.183867e+01
20721 3.183867e+01
20728 3.183867e+01
20729 3.183867e+01
20810 3.183867e+01
20886 3.183867e+01
20902 3.183867e+01
20964 3.183867e+01
21010 3.183867e+01
21080 3.183867e+01
21096 3.183867e+01
21110 3.183867e+01
21131 3.183867e+01
21133 3.183867e+01
21171 3.183867e+01
21193 3.183867e+01
21208 3.183867e+01
21225 3.183867e+01
21301 3.183867e+01
21371 3.183867e+01
21386 3.183867e+01
21389 3.183867e+01
21431 3.183867e+01
21541 3.183867e+01
21635 3.183867e+01
21648 3.183867e+01
21669 3.183867e+01
21703 3.183867e+01
21781 3.183867e+01
21819 3.183867e+01
21826 3.183867e+01
21905 3.183867e+01
21951 3.183867e+01
21988 3.183867e+01
22216 3.183867e+01
22247 3.183867e+01
22311 3.183867e+01
22331 3.183867e+01
22360 3.183867e+01
22411 3.183867e+01
22497 3.183867e+01
22552 3.183867e+01
22562 3.183867e+01
22564 3.183867e+01
22565 3.183867e+01
22577 3.183867e+01
22620 3.183867e+01
22621 3.183867e+01
22638 3.183867e+01
22680 3.183867e+01
22723 3.183867e+01
22865 3.183867e+01
22910 3.183867e+01
22986 3.183867e+01
23005 3.183867e+01
23100 3.183867e+01
23110 3.183867e+01
23167 3.183867e+01
23217 3.183867e+01
23246 3.183867e+01
23261 3.183867e+01
23297 3.183867e+01
23390 3.183867e+01
23394 3.183867e+01
23422 3.183867e+01
23440 3.183867e+01
23495 3.183867e+01
23534 3.183867e+01
23589 3.183867e+01
23603 3.183867e+01
23623 3.183867e+01
23638 3.183867e+01
23786 3.183867e+01
23891 3.183867e+01
23919 3.183867e+01
23967 3.183867e+01
24096 3.183867e+01
24132 3.183867e+01
24206 3.183867e+01
24259 3.183867e+01
24283 3.183867e+01
24426 3.183867e+01
24451 3.183867e+01
24482 3.183867e+01
24502 3.183867e+01
24508 3.183867e+01
24510 3.183867e+01
24560 3.183867e+01
24582 3.183867e+01
24589 3.183867e+01
24622 3.183867e+01
24720 3.183867e+01
24731 3.183867e+01
24735 3.183867e+01
24914 3.183867e+01
24965 3.183867e+01
25040 3.183867e+01
25063 3.183867e+01
25104 3.183867e+01
25108 3.183867e+01
25158 3.183867e+01
25226 3.183867e+01
25235 3.183867e+01
57103 3.035492e+01
57111 2.963618e+01
57233 2.941292e+01
57244 2.824204e+01
57540 2.737508e+01
57627 2.518109e+01
57765 2.506233e+01
57778 2.356216e+01
57840 2.328451e+01
57901 2.290361e+01
58010 2.151563e+01
58063 2.095754e+01
58340 1.994667e+01
58850 1.969628e+01
58916 1.899955e+01
59021 1.883266e+01
59238 1.845695e+01
59411 1.834924e+01
59459 1.807263e+01
59580 1.804627e+01
59713 1.773847e+01
59725 1.727277e+01
59899 1.687076e+01
59951 1.678328e+01
60080 1.670765e+01
60122 1.642594e+01
60188 1.639760e+01
60197 1.584171e+01
60506 1.570713e+01
60658 1.550960e+01
60798 1.550297e+01
60838 1.542639e+01
60985 1.539946e+01
61055 1.525697e+01
61082 1.516144e+01
61142 1.509433e+01
61727 1.508109e+01
61754 1.491411e+01
62035 1.484256e+01
62108 1.482617e+01
62186 1.482061e+01
62231 1.468241e+01
62239 1.463830e+01
62316 1.461560e+01
62395 1.443635e+01
62754 1.439803e+01
63090 1.439677e+01
63107 1.434146e+01
63241 1.427350e+01
63504 1.422610e+01
63622 1.419273e+01
63728 1.417883e+01
63764 1.414144e+01
64171 1.410221e+01
64230 1.408561e+01
64359 1.406331e+01
64700 1.406192e+01
64709 1.405589e+01
64722 1.404994e+01
64738 1.404508e+01
64748 1.404286e+01
64766 1.403895e+01
64808 1.403672e+01
64864 1.402962e+01
64865 1.401547e+01
65066 1.400468e+01
65255 1.399294e+01
65303 1.399044e+01
65356 1.398704e+01
65392 1.398384e+01
65494 1.397974e+01
65522 1.397055e+01
65729 1.397019e+01
65793 1.396739e+01
65799 1.396562e+01
66286 1.396185e+01
66372 1.395995e+01
66505 1.395984e+01
66534 1.395835e+01
66567 1.395489e+01
66671 1.394938e+01
66975 1.394761e+01
67527 1.394753e+01
67587 1.394690e+01
67713 1.394315e+01
67752 1.394313e+01
67896 1.394163e+01
67952 1.394078e+01
68109 1.393978e+01
68158 1.393835e+01
68178 1.393829e+01
68300 1.393797e+01
68405 1.393784e+01
68440 1.393737e+01
68531 1.393721e+01
68585 1.393640e+01
68676 1.393628e+01
68690 1.393476e+01
69010 1.393463e+01
69317 1.393371e+01
69342 1.393369e+01
69412 1.393245e+01
69662 1.393214e+01
69764 1.393213e+01
69800 1.393161e+01
69947 1.393139e+01
69995 1.393111e+01
70239 1.393107e+01
70285 1.393094e+01
70290 1.393093e+01
70316 1.393069e+01
70320 1.393048e+01
70566 1.393043e+01
70676 1.393038e+01
70718 1.393030e+01
70816 1.393030e+01
70817 1.393027e+01
70822 1.393024e+01
70952 1.393015e+01
71019 1.393009e+01
71183 1.393005e+01
71227 1.392999e+01
71306 1.392998e+01
71467 1.392997e+01
71494 1.392996e+01
71561 1.392996e+01
71567 1.392996e+01
71597 1.392990e+01
71625 1.392985e+01
71683 1.392981e+01
71919 1.392980e+01
71936 1.392979e+01
71959 1.392978e+01
72012 1.392972e+01
72027 1.392972e+01
72149 1.392971e+01
72151 1.392968e+01
72207 1.392967e+01
72348 1.392962e+01
72409 1.392960e+01
72780 1.392959e+01
72991 1.392958e+01
73088 1.392953e+01
73206 1.392953e+01
73252 1.392952e+01
73330 1.392952e+01
73602 1.392952e+01
73655 1.392951e+01
73725 1.392950e+01
73848 1.392949e+01
73895 1.392948e+01
74150 1.392948e+01
74443 1.392947e+01
74444 1.392947e+01
74492 1.392947e+01
74606 1.392947e+01
74668 1.392946e+01
74690 1.392946e+01
74857 1.392946e+01
205217 1.368095e+01
205282 1.360774e+01
205358 1.306147e+01
205366 1.208606e+01
205917 1.186046e+01
205962 1.184025e+01
206036 1.147998e+01
206079 1.147429e+01
206207 1.140502e+01
206412 1.136237e+01
206414 1.129957e+01
206465 1.096639e+01
206675 1.084762e+01
206681 1.074918e+01
207076 1.070209e+01
207090 1.022580e+01
207111 1.019903e+01
207388 1.017467e+01
207661 9.974326e+00
207987 9.907968e+00
208038 9.877305e+00
208045 9.873386e+00
208063 9.851386e+00
208069 9.763038e+00
208170 9.752138e+00
208279 9.605442e+00
208280 9.601105e+00
208310 9.570725e+00
208412 9.514282e+00
208459 9.510582e+00
208540 9.436139e+00
208820 9.395444e+00
209292 9.291221e+00
209558 9.283866e+00
209629 9.261226e+00
209706 9.241486e+00
209846 9.176296e+00
210047 9.174783e+00
210205 9.172600e+00
210245 9.170221e+00
210400 9.151195e+00
210495 9.150696e+00
210525 9.112919e+00
210792 9.100198e+00
210802 9.066797e+00
211083 9.059494e+00
211279 9.047255e+00
211443 9.041806e+00
211686 9.033129e+00
212071 9.033077e+00
212145 9.024668e+00
212184 9.022170e+00
212289 9.017050e+00
212616 9.010445e+00
212805 9.009839e+00
212884 9.002884e+00
212966 9.001351e+00
212998 8.997188e+00
213007 8.992713e+00
213183 8.988954e+00
213384 8.986187e+00
213393 8.985486e+00
213472 8.977686e+00
213748 8.973939e+00
213796 8.971558e+00
213856 8.971011e+00
213909 8.970891e+00
214114 8.967721e+00
214310 8.967245e+00
214457 8.965891e+00
214514 8.965171e+00
214570 8.964111e+00
215157 8.963714e+00
215334 8.963607e+00
215472 8.963009e+00
215522 8.962704e+00
215612 8.960897e+00
215719 8.960556e+00
216023 8.959969e+00
216114 8.959873e+00
216136 8.959858e+00
216162 8.959853e+00
216257 8.959145e+00
216455 8.958980e+00
216469 8.958314e+00
216575 8.958288e+00
216718 8.957795e+00
216761 8.957077e+00
217000 8.956773e+00
217332 8.956714e+00
217429 8.956603e+00
217488 8.956220e+00
217656 8.956198e+00
217816 8.956116e+00
217832 8.956058e+00
217854 8.956004e+00
217867 8.955975e+00
217889 8.955816e+00
218289 8.955554e+00
218460 8.955503e+00
218720 8.955469e+00
218785 8.955416e+00
218872 8.955345e+00
218891 8.955203e+00
219043 8.955170e+00
219151 8.955100e+00
219287 8.955065e+00
219333 8.955046e+00
219368 8.955013e+00
219484 8.955001e+00
219720 8.954987e+00
219724 8.954936e+00
219864 8.954893e+00
219943 8.954882e+00
220106 8.954861e+00
220122 8.954812e+00
220242 8.954811e+00
220275 8.954809e+00
220301 8.954806e+00
220341 8.954802e+00
220394 8.954796e+00
220399 8.954791e+00
220438 8.954772e+00
220509 8.954753e+00
220542 8.954753e+00
220600 8.954733e+00
220740 8.954707e+00
221176 8.954703e+00
221199 8.954697e+00
221348 8.954690e+00
221396 8.954680e+00
221457 8.954678e+00
221595 8.954677e+00
221721 8.954674e+00
221764 8.954672e+00
221828 8.954669e+00
221854 8.954662e+00
222136 8.954659e+00
222237 8.954659e+00
222248 8.954658e+00
222300 8.954651e+00
222665 8.954651e+00
222703 8.954650e+00
222748 8.954650e+00
222896 8.954646e+00
223181 8.954644e+00
223225 8.954642e+00
223411 8.954642e+00
223491 8.954642e+00
223540 8.954641e+00
223681 8.954641e+00
223716 8.954639e+00
223763 8.954639e+00
223839 8.954639e+00
223918 8.954637e+00
224268 8.954637e+00
224336 8.954636e+00
224687 8.954635e+00
225279 8.954634e+00
225281 8.954634e+00
225317 8.954634e+00
225435 8.954633e+00
225651 8.954633e+00
225702 8.954633e+00
225973 8.954633e+00
225989 8.954633e+00
226174 8.954633e+00
226246 8.954633e+00
226261 8.954633e+00
226279 8.954632e+00
226948 8.954632e+00
227020 8.954632e+00
227026 8.954632e+00
227071 8.954632e+00
227135 8.954632e+00
227182 8.954632e+00
227215 8.954632e+00
227317 8.954632e+00
227747 8.954632e+00
228012 8.954632e+00
228212 8.954632e+00
228317 8.954632e+00
228336 8.954632e+00
228361 8.954632e+00
228390 8.954632e+00
228426 8.954632e+00
228510 8.954632e+00
228686 8.954632e+00
228885 8.954632e+00
229056 8.954632e+00
229762 8.954632e+00
229846 8.954632e+00
229971 8.954632e+00
229984 8.954632e+00
230027 8.954632e+00
230270 8.954632e+00
230349 8.954632e+00
230425 8.954632e+00
230619 8.954632e+00
230660 8.954632e+00
230809 8.954632e+00
230916 8.954632e+00
231022 8.954632e+00
231092 8.954632e+00
231286 8.954632e+00
231297 8.954632e+00
231305 8.954632e+00
231429 8.954632e+00
231568 8.954632e+00
231632 8.954632e+00
231914 8.954632e+00
232138 8.954632e+00
232279 8.954632e+00
232294 8.954632e+00
232567 8.954632e+00
232637 8.954632e+00
232681 8.954632e+00
232777 8.954632e+00
233282 8.954632e+00
233315 8.954632e+00
233351 8.954632e+00
233701 8.954632e+00
233783 8.954632e+00
233961 8.954632e+00
233972 8.954632e+00
234001 8.954632e+00
234089 8.954632e+00
234161 8.954632e+00
234265 8.954632e+00
234334 8.954632e+00
234349 8.954632e+00
234362 8.954632e+00
234398 8.954632e+00
234399 8.954632e+00
234460 8.954632e+00
234668 8.954632e+00
234977 8.954632e+00
235072 8.954632e+00
235074 8.954632e+00
235140 8.954632e+00
235296 8.954632e+00
235300 8.954632e+00
235309 8.954632e+00
235360 8.954632e+00
235441 8.954632e+00
235640 8.954632e+00
235991 8.954632e+00
236020 8.954632e+00
236296 8.954632e+00
236332 8.954632e+00
236367 8.954632e+00
236402 8.954632e+00
236670 8.954632e+00
236690 8.954632e+00
236716 8.954632e+00
236861 8.954632e+00
236926 8.954632e+00
237038 8.954632e+00
237085 8.954632e+00
237112 8.954632e+00
237406 8.954632e+00
237542 8.954632e+00
237557 8.954632e+00
237667 8.954632e+00
237703 8.954632e+00
237726 8.954632e+00
237729 8.954632e+00
237793 8.954632e+00
237807 8.954632e+00
237812 8.954632e+00
238137 8.954632e+00
238188 8.954632e+00
405741 8.831792e+00
406164 8.614903e+00
406182 8.522361e+00
406213 8.441079e+00
406228 8.263236e+00
406416 8.225615e+00
406776 8.016086e+00
407058 7.899236e+00
407244 7.841641e+00
407614 7.771409e+00
408011 7.748405e+00
408182 7.639416e+00
408641 7.594824e+00
408661 7.473832e+00
408819 7.376255e+00
409816 7.274502e+00
410110 7.267447e+00
410116 7.263758e+00
410840 7.198719e+00
411613 7.184387e+00
411779 7.175434e+00
411970 7.169819e+00
412022 7.166395e+00
412085 7.156374e+00
412142 7.134533e+00
412250 7.115059e+00
412432 7.109964e+00
412435 7.097774e+00
412612 7.086474e+00
412628 7.082792e+00
412980 7.075309e+00
413223 7.062372e+00
413232 7.056065e+00
413297 7.052605e+00
413326 7.024118e+00
413834 7.021847e+00
414023 7.012740e+00
414457 7.001125e+00
415209 6.995931e+00
415361 6.989179e+00
415491 6.988916e+00
415705 6.987666e+00
415811 6.984458e+00
416006 6.981659e+00
416144 6.978708e+00
416238 6.977531e+00
416416 6.976030e+00
416993 6.974581e+00
417104 6.974382e+00
417157 6.974369e+00
417201 6.973789e+00
417242 6.973739e+00
417435 6.972312e+00
417498 6.970491e+00
418299 6.970484e+00
418408 6.969745e+00
418499 6.969262e+00
418522 6.968766e+00
418619 6.968175e+00
419100 6.968169e+00
419214 6.967399e+00
419933 6.966727e+00
420673 6.966685e+00
420802 6.966672e+00
420811 6.966545e+00
420851 6.966522e+00
421002 6.966487e+00
421071 6.966361e+00
421134 6.966233e+00
421136 6.966054e+00
421251 6.965887e+00
421525 6.965735e+00
421898 6.965585e+00
422029 6.965551e+00
422046 6.965528e+00
422217 6.965500e+00
422238 6.965489e+00
422282 6.965462e+00
422330 6.965390e+00
422403 6.965386e+00
422436 6.965295e+00
422881 6.965247e+00
423159 6.965223e+00
423309 6.965198e+00
423381 6.965170e+00
423428 6.965158e+00
423472 6.965127e+00
423904 6.965120e+00
423927 6.965110e+00
424015 6.965091e+00
424234 6.965056e+00
424407 6.965011e+00
424805 6.964999e+00
424806 6.964979e+00
424873 6.964929e+00
425311 6.964897e+00
425554 6.964892e+00
425639 6.964881e+00
425670 6.964871e+00
426002 6.964860e+00
426043 6.964844e+00
426234 6.964842e+00
426343 6.964826e+00
426429 6.964825e+00
426463 6.964821e+00
426472 6.964811e+00
426718 6.964809e+00
426727 6.964806e+00
426734 6.964794e+00
426858 6.964776e+00
427024 6.964776e+00
427245 6.964770e+00
427398 6.964766e+00
427750 6.964766e+00
427876 6.964757e+00
428192 6.964755e+00
428208 6.964749e+00
428337 6.964744e+00
428400 6.964742e+00
428799 6.964741e+00
429213 6.964736e+00
429413 6.964736e+00
429417 6.964734e+00
429452 6.964734e+00
429506 6.964730e+00
429557 6.964728e+00
430218 6.964728e+00
430225 6.964725e+00
430235 6.964725e+00
430415 6.964725e+00
430444 6.964723e+00
430484 6.964722e+00
430715 6.964721e+00
431219 6.964721e+00
431601 6.964720e+00
431607 6.964719e+00
432063 6.964719e+00
432230 6.964718e+00
432319 6.964718e+00
432335 6.964717e+00
432917 6.964717e+00
433066 6.964716e+00
433083 6.964716e+00
433637 6.964716e+00
433727 6.964716e+00
433859 6.964716e+00
434007 6.964716e+00
434058 6.964715e+00
434110 6.964715e+00
434243 6.964715e+00
434335 6.964715e+00
434487 6.964715e+00
434566 6.964715e+00
434879 6.964715e+00
435020 6.964715e+00
435022 6.964715e+00
435363 6.964714e+00
435524 6.964714e+00
435655 6.964714e+00
435658 6.964714e+00
435846 6.964714e+00
435861 6.964714e+00
436016 6.964714e+00
436142 6.964714e+00
436392 6.964714e+00
436404 6.964714e+00
436612 6.964714e+00
436702 6.964714e+00
436779 6.964714e+00
437441 6.964714e+00
437844 6.964714e+00
438093 6.964714e+00
438119 6.964714e+00
438355 6.964714e+00
438416 6.964714e+00
438424 6.964714e+00
438445 6.964714e+00
438548 6.964714e+00
438555 6.964714e+00
438670 6.964714e+00
439058 6.964714e+00
439114 6.964714e+00
439453 6.964714e+00
439770 6.964714e+00
439792 6.964714e+00
439847 6.964714e+00
439957 6.964714e+00
440258 6.964714e+00
440642 6.964713e+00
440658 6.964713e+00
440856 6.964713e+00
440877 6.964713e+00
440879 6.964713e+00
441037 6.964713e+00
441086 6.964713e+00
441134 6.964713e+00
441276 6.964713e+00
441439 6.964713e+00
441449 6.964713e+00
441624 6.964713e+00
442024 6.964713e+00
442046 6.964713e+00
442120 6.964713e+00
442154 6.964713e+00
442166 6.964713e+00
442288 6.964713e+00
442305 6.964713e+00
442504 6.964713e+00
442539 6.964713e+00
442616 6.964713e+00
442639 6.964713e+00
443012 6.964713e+00
443016 6.964713e+00
443122 6.964713e+00
443129 6.964713e+00
443243 6.964713e+00
443492 6.964713e+00
443648 6.964713e+00
443921 6.964713e+00
444024 6.964713e+00
444117 6.964713e+00
444214 6.964713e+00
444243 6.964713e+00
444478 6.964713e+00
444491 6.964713e+00
444885 6.964713e+00
445026 6.964713e+00
445038 6.964713e+00
445200 6.964713e+00
445401 6.964713e+00
445584 6.964713e+00
445609 6.964713e+00
445627 6.964713e+00
445856 6.964713e+00
445950 6.964713e+00
446006 6.964713e+00
446039 6.964713e+00
446283 6.964713e+00
446294 6.964713e+00
446474 6.964713e+00
446759 6.964713e+00
447256 6.964713e+00
447266 6.964713e+00
447419 6.964713e+00
447433 6.964713e+00
447439 6.964713e+00
447675 6.964713e+00
447701 6.964713e+00
447707 6.964713e+00
447872 6.964713e+00
447875 6.964713e+00
447908 6.964713e+00
448210 6.964713e+00
448536 6.964713e+00
448665 6.964713e+00
448909 6.964713e+00
449040 6.964713e+00
449065 6.964713e+00
449133 6.964713e+00
449168 6.964713e+00
449399 6.964713e+00
449486 6.964713e+00
449799 6.964713e+00
449807 6.964713e+00
449817 6.964713e+00
449845 6.964713e+00
450155 6.964713e+00
450538 6.964713e+00
450572 6.964713e+00
450644 6.964713e+00
451196 6.964713e+00
451202 6.964713e+00
451237 6.964713e+00
451247 6.964713e+00
451296 6.964713e+00
451445 6.964713e+00
451474 6.964713e+00
451813 6.964713e+00
451831 6.964713e+00
451841 6.964713e+00
451846 6.964713e+00
452014 6.964713e+00
452025 6.964713e+00
452041 6.964713e+00
452242 6.964713e+00
452544 6.964713e+00
452966 6.964713e+00
453031 6.964713e+00
453200 6.964713e+00
453304 6.964713e+00
453368 6.964713e+00
