1 1.173515e+04
4 1.099437e+04
7 1.047921e+04
9 9.711428e+03
247 9.701639e+03
362 9.689766e+03
438 9.590509e+03
476 8.773921e+03
997 8.238338e+03
3810 8.002917e+03
3971 7.973855e+03
4177 7.055463e+03
4529 6.851930e+03
5723 6.499856e+03
5777 5.668222e+03
5882 5.236296e+03
6152 5.167688e+03
6281 4.960480e+03
6348 4.355524e+03
6465 4.350649e+03
6476 4.290340e+03
6489 3.822106e+03
6493 3.661699e+03
6627 3.160921e+03
6739 3.134267e+03
6744 3.013981e+03
6770 2.927957e+03
6841 2.751256e+03
6916 2.738869e+03
7017 2.498548e+03
7100 2.478703e+03
7135 2.434887e+03
7163 2.331065e+03
7194 2.255446e+03
7276 2.163714e+03
7279 2.012486e+03
7310 1.987076e+03
7337 1.972860e+03
7365 1.965817e+03
7376 1.964381e+03
7380 1.934893e+03
7391 1.926802e+03
7433 1.920451e+03
7449 1.907923e+03
7558 1.889966e+03
7593 1.873773e+03
7607 1.862508e+03
7611 1.836915e+03
7637 1.793779e+03
7701 1.776043e+03
7753 1.764613e+03
7755 1.746023e+03
7795 1.734980e+03
7863 1.727853e+03
7972 1.722530e+03
7983 1.717652e+03
8010 1.699764e+03
8131 1.695564e+03
8210 1.693956e+03
8218 1.689890e+03
8354 1.686904e+03
8468 1.686620e+03
8495 1.684475e+03
8519 1.679876e+03
8610 1.678519e+03
8714 1.678156e+03
8736 1.678008e+03
8768 1.677923e+03
8786 1.676548e+03
8897 1.676167e+03
8927 1.676163e+03
8933 1.675807e+03
8947 1.675792e+03
8951 1.675555e+03
8955 1.675026e+03
8956 1.674986e+03
8997 1.674295e+03
9052 1.673994e+03
9071 1.673670e+03
9078 1.672809e+03
9166 1.672237e+03
9289 1.671695e+03
9363 1.671608e+03
9371 1.671600e+03
9537 1.671167e+03
9669 1.671112e+03
9681 1.671108e+03
9786 1.670871e+03
9815 1.670783e+03
9940 1.670472e+03
10014 1.670264e+03
10065 1.670260e+03
10227 1.670190e+03
10261 1.670126e+03
10277 1.670122e+03
10286 1.670098e+03
10310 1.670008e+03
10333 1.669985e+03
10335 1.669984e+03
10338 1.669970e+03
10382 1.669953e+03
10387 1.669952e+03
10404 1.669919e+03
10501 1.669895e+03
10505 1.669886e+03
10512 1.669852e+03
10585 1.669839e+03
10593 1.669838e+03
10607 1.669828e+03
10773 1.669813e+03
10840 1.669809e+03
10880 1.669809e+03
10905 1.669804e+03
10909 1.669792e+03
10914 1.669781e+03
10951 1.669770e+03
11003 1.669755e+03
11095 1.669746e+03
11107 1.669746e+03
11142 1.669744e+03
11226 1.669744e+03
11241 1.669743e+03
11274 1.669741e+03
11298 1.669739e+03
11305 1.669736e+03
11344 1.669726e+03
11425 1.669723e+03
11448 1.669717e+03
11475 1.669714e+03
11702 1.669714e+03
11736 1.669711e+03
11745 1.669710e+03
11746 1.669710e+03
11869 1.669710e+03
11875 1.669709e+03
12008 1.669708e+03
12031 1.669707e+03
12037 1.669707e+03
12072 1.669707e+03
12116 1.669707e+03
12163 1.669707e+03
12269 1.669706e+03
12296 1.669705e+03
12398 1.669705e+03
12416 1.669705e+03
12423 1.669705e+03
12432 1.669705e+03
12448 1.669705e+03
12449 1.669705e+03
12467 1.669705e+03
12492 1.669705e+03
12541 1.669704e+03
12641 1.669704e+03
12744 1.669704e+03
12794 1.669704e+03
12819 1.669704e+03
12822 1.669704e+03
12855 1.669704e+03
12861 1.669704e+03
12932 1.669704e+03
13001 1.669704e+03
13081 1.669704e+03
13137 1.669704e+03
13254 1.669704e+03
13277 1.669704e+03
13282 1.669704e+03
13302 1.669704e+03
13341 1.669704e+03
13364 1.669704e+03
13387 1.669704e+03
13407 1.669704e+03
13436 1.669704e+03
13477 1.669704e+03
13510 1.669704e+03
13542 1.669704e+03
13577 1.669704e+03
13578 1.669704e+03
13605 1.669704e+03
13644 1.669704e+03
13648 1.669704e+03
13748 1.669704e+03
13840 1.669704e+03
13852 1.669704e+03
13893 1.669704e+03
13987 1.669704e+03
14112 1.669704e+03
14145 1.669704e+03
14212 1.669704e+03
14392 1.669704e+03
14449 1.669704e+03
14548 1.669704e+03
14651 1.669704e+03
14674 1.669704e+03
14685 1.669704e+03
14689 1.669704e+03
14722 1.669704e+03
14837 1.669704e+03
14849 1.669704e+03
14858 1.669704e+03
14861 1.669704e+03
14876 1.669704e+03
14911 1.669704e+03
14912 1.669704e+03
14940 1.669704e+03
15030 1.669704e+03
15081 1.669704e+03
15109 1.669704e+03
15119 1.669704e+03
15135 1.669704e+03
15137 1.669704e+03
15152 1.669704e+03
15157 1.669704e+03
15159 1.669704e+03
15165 1.669704e+03
15195 1.669704e+03
15261 1.669704e+03
15296 1.669704e+03
15341 1.669704e+03
15453 1.669704e+03
15553 1.669704e+03
15569 1.669704e+03
15667 1.669704e+03
15701 1.669704e+03
15707 1.669704e+03
15713 1.669704e+03
15763 1.669704e+03
15775 1.669704e+03
15860 1.669704e+03
15915 1.669704e+03
16053 1.669704e+03
16124 1.669704e+03
16160 1.669704e+03
16164 1.669704e+03
16198 1.669704e+03
16206 1.669704e+03
16261 1.669704e+03
16553 1.669704e+03
16598 1.669704e+03
16683 1.669704e+03
16776 1.669704e+03
16916 1.669704e+03
16953 1.669704e+03
16960 1.669704e+03
17013 1.669704e+03
17098 1.669704e+03
17160 1.669704e+03
17165 1.669704e+03
17186 1.669704e+03
17240 1.669704e+03
17279 1.669704e+03
17289 1.669704e+03
17300 1.669704e+03
17317 1.669704e+03
17433 1.669704e+03
17434 1.669704e+03
17494 1.669704e+03
17504 1.669704e+03
17570 1.669704e+03
17603 1.669704e+03
17614 1.669704e+03
17618 1.669704e+03
17638 1.669704e+03
17650 1.669704e+03
17696 1.669704e+03
17701 1.669704e+03
17749 1.669704e+03
17755 1.669704e+03
17765 1.669704e+03
17817 1.669704e+03
17967 1.669704e+03
17996 1.669704e+03
18032 1.669704e+03
18064 1.669704e+03
18246 1.669704e+03
18279 1.669704e+03
18515 1.669704e+03
18574 1.669704e+03
18660 1.669704e+03
137892 1.625695e+03
138115 1.588109e+03
138266 1.534157e+03
138640 1.531741e+03
138704 1.099031e+03
138893 1.080764e+03
138907 1.066439e+03
139337 1.016302e+03
139365 9.283247e+02
139710 8.961196e+02
139871 7.944563e+02
140230 7.402906e+02
140442 7.386603e+02
140781 7.374529e+02
140838 7.001623e+02
140910 6.907738e+02
140956 6.730925e+02
141322 6.679080e+02
141408 6.582171e+02
141490 6.454083e+02
141569 6.417140e+02
141698 6.379622e+02
141738 6.029035e+02
142320 6.024653e+02
142393 6.013879e+02
142501 6.010819e+02
142550 5.853268e+02
142788 5.723312e+02
142984 5.689016e+02
143282 5.658487e+02
143340 5.654664e+02
143386 5.593670e+02
143399 5.578917e+02
143723 5.568681e+02
143755 5.551422e+02
143916 5.549900e+02
143936 5.532312e+02
144062 5.521952e+02
144149 5.508241e+02
144170 5.496243e+02
144261 5.495179e+02
144359 5.462116e+02
144716 5.450825e+02
145159 5.439039e+02
145380 5.432631e+02
145619 5.432457e+02
145640 5.427338e+02
145642 5.421348e+02
145944 5.416986e+02
146188 5.416050e+02
146397 5.414909e+02
146522 5.413592e+02
146790 5.412888e+02
146922 5.410145e+02
147145 5.409299e+02
147235 5.407736e+02
147331 5.407108e+02
147383 5.405487e+02
147618 5.404885e+02
147630 5.404232e+02
147706 5.403758e+02
148061 5.403707e+02
148085 5.402863e+02
148321 5.402209e+02
148415 5.402166e+02
148431 5.402131e+02
148480 5.402102e+02
148542 5.401663e+02
148766 5.401351e+02
149010 5.401351e+02
149122 5.401229e+02
149148 5.401182e+02
149448 5.401014e+02
149606 5.400966e+02
149719 5.400847e+02
149795 5.400756e+02
149818 5.400719e+02
150057 5.400692e+02
150282 5.400597e+02
150756 5.400548e+02
151016 5.400511e+02
151140 5.400478e+02
151376 5.400465e+02
151421 5.400457e+02
151452 5.400399e+02
151538 5.400382e+02
151567 5.400335e+02
151735 5.400332e+02
152137 5.400328e+02
152257 5.400322e+02
152289 5.400321e+02
152331 5.400306e+02
152347 5.400302e+02
152480 5.400299e+02
152514 5.400294e+02
152729 5.400292e+02
152761 5.400282e+02
152926 5.400276e+02
153183 5.400272e+02
153404 5.400272e+02
153484 5.400270e+02
153647 5.400265e+02
153688 5.400265e+02
153874 5.400261e+02
154177 5.400261e+02
154317 5.400260e+02
154349 5.400260e+02
154374 5.400258e+02
154521 5.400258e+02
154574 5.400257e+02
154680 5.400256e+02
154811 5.400255e+02
154926 5.400255e+02
155041 5.400255e+02
155301 5.400254e+02
155375 5.400254e+02
155383 5.400254e+02
155488 5.400254e+02
155539 5.400254e+02
155540 5.400253e+02
155635 5.400253e+02
155718 5.400253e+02
155759 5.400253e+02
155832 5.400253e+02
155841 5.400253e+02
155867 5.400253e+02
156107 5.400253e+02
156193 5.400252e+02
156486 5.400252e+02
156565 5.400252e+02
156642 5.400252e+02
156654 5.400252e+02
156771 5.400252e+02
156775 5.400252e+02
156932 5.400252e+02
157026 5.400252e+02
157423 5.400252e+02
157628 5.400252e+02
157715 5.400252e+02
157726 5.400252e+02
157731 5.400252e+02
157815 5.400252e+02
157878 5.400252e+02
157881 5.400252e+02
158275 5.400252e+02
158320 5.400252e+02
158790 5.400252e+02
159169 5.400252e+02
159311 5.400252e+02
159546 5.400252e+02
159553 5.400252e+02
159589 5.400252e+02
159591 5.400252e+02
159651 5.400252e+02
159652 5.400252e+02
159675 5.400252e+02
159726 5.400252e+02
159747 5.400252e+02
160152 5.400252e+02
160264 5.400252e+02
160267 5.400252e+02
160490 5.400252e+02
160519 5.400252e+02
160593 5.400252e+02
160823 5.400252e+02
161080 5.400252e+02
161302 5.400252e+02
161804 5.400252e+02
161859 5.400252e+02
161906 5.400252e+02
161935 5.400252e+02
162062 5.400252e+02
162357 5.400252e+02
162413 5.400252e+02
162591 5.400252e+02
162709 5.400252e+02
162753 5.400252e+02
162886 5.400252e+02
162915 5.400252e+02
163107 5.400252e+02
163155 5.400252e+02
163166 5.400252e+02
163391 5.400252e+02
163518 5.400252e+02
163543 5.400252e+02
163658 5.400252e+02
163717 5.400252e+02
163947 5.400252e+02
163967 5.400252e+02
164300 5.400252e+02
164413 5.400252e+02
164452 5.400252e+02
164619 5.400252e+02
164672 5.400252e+02
164722 5.400252e+02
165040 5.400252e+02
165133 5.400252e+02
165341 5.400252e+02
165398 5.400252e+02
165486 5.400252e+02
165574 5.400252e+02
165595 5.400252e+02
165998 5.400252e+02
166210 5.400252e+02
166215 5.400252e+02
166404 5.400252e+02
166562 5.400252e+02
166848 5.400252e+02
166865 5.400252e+02
167002 5.400252e+02
167077 5.400252e+02
167334 5.400252e+02
167397 5.400252e+02
232574 5.340199e+02
233219 4.827308e+02
233946 4.786804e+02
234247 4.770042e+02
234986 4.754607e+02
235038 4.705600e+02
235234 4.583451e+02
235238 4.566589e+02
235261 4.563834e+02
235465 4.481402e+02
235558 4.450705e+02
235741 4.359576e+02
235825 4.301000e+02
236096 4.280391e+02
236232 4.263978e+02
236829 4.230037e+02
236920 4.202019e+02
237290 4.142456e+02
237603 4.130682e+02
237773 4.128262e+02
237877 4.107054e+02
237969 4.090607e+02
238186 4.086376e+02
238393 4.069682e+02
238723 4.062561e+02
238882 4.055802e+02
238954 4.052641e+02
239106 4.048567e+02
239140 4.045780e+02
239180 4.021884e+02
239198 4.010029e+02
239235 3.997419e+02
239467 3.983952e+02
240071 3.983577e+02
240223 3.972259e+02
240238 3.968050e+02
240708 3.960669e+02
240831 3.955553e+02
240879 3.955194e+02
240916 3.955132e+02
241062 3.949468e+02
241437 3.946392e+02
241488 3.942704e+02
241554 3.941372e+02
241612 3.934399e+02
242271 3.929200e+02
242646 3.927253e+02
242992 3.924867e+02
243241 3.921640e+02
243756 3.920993e+02
244052 3.920980e+02
244262 3.920707e+02
244389 3.920414e+02
244411 3.919859e+02
244499 3.919368e+02
244618 3.917332e+02
245703 3.917298e+02
245905 3.916686e+02
246094 3.916291e+02
246702 3.915893e+02
246892 3.915839e+02
246931 3.915742e+02
247064 3.915634e+02
247193 3.915489e+02
247231 3.915453e+02
247453 3.915305e+02
247802 3.915139e+02
248352 3.915035e+02
248574 3.914986e+02
248668 3.914890e+02
248884 3.914875e+02
249228 3.914852e+02
249249 3.914801e+02
249408 3.914781e+02
249476 3.914709e+02
249691 3.914677e+02
249750 3.914644e+02
249849 3.914640e+02
250119 3.914578e+02
250298 3.914504e+02
251135 3.914495e+02
251295 3.914491e+02
251561 3.914488e+02
251580 3.914479e+02
251679 3.914456e+02
251858 3.914444e+02
252302 3.914432e+02
252412 3.914421e+02
252818 3.914403e+02
253819 3.914399e+02
253897 3.914398e+02
253915 3.914398e+02
254074 3.914398e+02
254100 3.914395e+02
254164 3.914394e+02
254339 3.914391e+02
254814 3.914390e+02
254878 3.914383e+02
255481 3.914382e+02
255482 3.914379e+02
255759 3.914379e+02
255838 3.914377e+02
255959 3.914377e+02
256056 3.914374e+02
256123 3.914373e+02
256523 3.914373e+02
256822 3.914373e+02
256830 3.914372e+02
256965 3.914371e+02
257043 3.914371e+02
257396 3.914369e+02
257939 3.914369e+02
258090 3.914368e+02
258429 3.914368e+02
258506 3.914367e+02
259005 3.914367e+02
259327 3.914367e+02
259460 3.914367e+02
259728 3.914367e+02
260055 3.914367e+02
260228 3.914367e+02
260313 3.914366e+02
260481 3.914366e+02
260685 3.914366e+02
260797 3.914366e+02
260858 3.914366e+02
260868 3.914366e+02
261055 3.914366e+02
261134 3.914366e+02
261368 3.914366e+02
261454 3.914366e+02
262250 3.914366e+02
263266 3.914366e+02
263836 3.914366e+02
263898 3.914366e+02
263954 3.914366e+02
264040 3.914366e+02
264640 3.914366e+02
264934 3.914366e+02
265154 3.914366e+02
265573 3.914366e+02
265714 3.914366e+02
266534 3.914366e+02
266675 3.914366e+02
266755 3.914366e+02
266881 3.914366e+02
266975 3.914366e+02
266979 3.914366e+02
267037 3.914366e+02
267180 3.914366e+02
267689 3.914366e+02
267690 3.914366e+02
267739 3.914366e+02
268156 3.914366e+02
268231 3.914366e+02
268409 3.914366e+02
268569 3.914366e+02
268930 3.914366e+02
268940 3.914366e+02
269041 3.914366e+02
269203 3.914366e+02
269835 3.914366e+02
270058 3.914366e+02
270149 3.914366e+02
270273 3.914366e+02
270304 3.914366e+02
270312 3.914366e+02
270484 3.914366e+02
270671 3.914366e+02
270720 3.914366e+02
270817 3.914366e+02
271091 3.914366e+02
271641 3.914366e+02
272223 3.914366e+02
272277 3.914366e+02
272318 3.914366e+02
272341 3.914366e+02
272497 3.914366e+02
272506 3.914366e+02
273814 3.914366e+02
273877 3.914366e+02
273932 3.914366e+02
273999 3.914366e+02
274248 3.914366e+02
274260 3.914366e+02
274530 3.914366e+02
274601 3.914366e+02
274708 3.914366e+02
274912 3.914366e+02
275461 3.914366e+02
275829 3.914366e+02
275883 3.914366e+02
275886 3.914366e+02
275945 3.914366e+02
275973 3.914366e+02
276058 3.914366e+02
276374 3.914366e+02
276591 3.914366e+02
277135 3.914366e+02
277372 3.914366e+02
277438 3.914366e+02
277443 3.914366e+02
277531 3.914366e+02
277867 3.914366e+02
277888 3.914366e+02
278267 3.914366e+02
278268 3.914366e+02
278282 3.914366e+02
278473 3.914366e+02
278607 3.914366e+02
278645 3.914366e+02
278660 3.914366e+02
278752 3.914366e+02
279664 3.914366e+02
279730 3.914366e+02
279931 3.914366e+02
279957 3.914366e+02
280241 3.914366e+02
280282 3.914366e+02
280460 3.914366e+02
281137 3.914366e+02
281337 3.914366e+02
281404 3.914366e+02
