1 5.960666e+01
2 5.896238e+01
6 5.661277e+01
10 5.525822e+01
25 5.213804e+01
56 5.208017e+01
73 5.195355e+01
74 5.103599e+01
95 5.098108e+01
213 5.082946e+01
233 4.578180e+01
1631 4.550829e+01
1685 4.538630e+01
1754 4.509928e+01
1787 4.495577e+01
1862 4.398882e+01
1940 4.255634e+01
2199 4.225143e+01
3032 3.999699e+01
3305 3.984291e+01
3469 3.983761e+01
3470 3.941224e+01
3588 3.892300e+01
3615 3.802558e+01
3616 3.801778e+01
3624 3.801387e+01
3659 3.698392e+01
3768 3.589477e+01
3802 3.553011e+01
3970 3.474779e+01
4040 3.460063e+01
4068 3.338528e+01
4112 3.089399e+01
4376 2.893208e+01
4454 2.783048e+01
4546 2.767118e+01
4799 2.760972e+01
4857 2.752382e+01
4894 2.668084e+01
4994 2.656872e+01
5032 2.497645e+01
5197 2.433496e+01
5305 2.425080e+01
5495 2.393458e+01
5523 2.328845e+01
5632 2.292512e+01
5639 2.289674e+01
5652 2.286099e+01
5808 2.261612e+01
5969 2.241996e+01
6029 2.128815e+01
6275 2.009926e+01
6618 1.957265e+01
6795 1.956979e+01
7083 1.948722e+01
7089 1.887020e+01
7292 1.851198e+01
7441 1.849456e+01
7526 1.834725e+01
7609 1.816129e+01
7647 1.779171e+01
7797 1.745752e+01
7816 1.728043e+01
8135 1.720626e+01
8137 1.702421e+01
8335 1.693173e+01
8399 1.689085e+01
8446 1.675983e+01
8532 1.658300e+01
8577 1.641325e+01
8648 1.638015e+01
8661 1.624059e+01
8826 1.623605e+01
8831 1.621695e+01
8856 1.613399e+01
8892 1.603666e+01
8947 1.593723e+01
9125 1.591042e+01
9333 1.588589e+01
9407 1.564159e+01
9712 1.546737e+01
9746 1.537134e+01
9842 1.533458e+01
9870 1.533066e+01
10039 1.531763e+01
10061 1.521013e+01
10116 1.513077e+01
10268 1.510518e+01
10324 1.504609e+01
10337 1.501202e+01
10370 1.500196e+01
10500 1.496501e+01
10519 1.490362e+01
10550 1.489454e+01
10716 1.487800e+01
10754 1.487470e+01
10780 1.485680e+01
10800 1.481246e+01
10803 1.475215e+01
10930 1.473338e+01
11070 1.472436e+01
11104 1.470197e+01
11120 1.469707e+01
11145 1.469459e+01
11147 1.469426e+01
11266 1.468366e+01
11277 1.463747e+01
11373 1.462809e+01
11382 1.458354e+01
11462 1.456651e+01
11742 1.449917e+01
12017 1.448985e+01
12019 1.447409e+01
12203 1.445058e+01
12277 1.441163e+01
12643 1.441076e+01
12693 1.440339e+01
12853 1.439704e+01
12887 1.436883e+01
12914 1.436739e+01
13078 1.436656e+01
13088 1.436281e+01
13179 1.436198e+01
13182 1.433650e+01
13306 1.432780e+01
13435 1.430797e+01
13449 1.430380e+01
13462 1.429855e+01
13640 1.427639e+01
13865 1.427570e+01
13923 1.426217e+01
14156 1.426141e+01
14203 1.425934e+01
14234 1.424696e+01
14356 1.424539e+01
14400 1.423975e+01
14588 1.423778e+01
14625 1.423361e+01
14824 1.422544e+01
14945 1.422535e+01
14970 1.422100e+01
15012 1.421880e+01
15088 1.421726e+01
15139 1.421705e+01
15212 1.421188e+01
15314 1.421042e+01
15346 1.420456e+01
15436 1.420138e+01
15449 1.419874e+01
15558 1.419756e+01
15569 1.419549e+01
15635 1.418868e+01
15746 1.418513e+01
15865 1.417658e+01
16128 1.417556e+01
16146 1.417251e+01
16224 1.417090e+01
16332 1.416859e+01
16779 1.416737e+01
16962 1.416708e+01
17072 1.416546e+01
17100 1.416281e+01
17153 1.416252e+01
17210 1.416241e+01
17221 1.416145e+01
17384 1.416029e+01
17509 1.416025e+01
17573 1.415845e+01
17606 1.415694e+01
17826 1.415594e+01
17859 1.415558e+01
17932 1.415510e+01
17995 1.415506e+01
18024 1.415455e+01
18030 1.415186e+01
18170 1.414922e+01
18263 1.414837e+01
18542 1.414769e+01
18605 1.414756e+01
18629 1.414653e+01
18833 1.414642e+01
18862 1.414484e+01
18944 1.414386e+01
19057 1.414370e+01
19114 1.414368e+01
19121 1.414348e+01
19143 1.414333e+01
19145 1.414273e+01
19196 1.414206e+01
19300 1.414200e+01
19316 1.414141e+01
19335 1.414107e+01
19622 1.414042e+01
19667 1.414027e+01
19690 1.413960e+01
19712 1.413915e+01
19769 1.413867e+01
19975 1.413748e+01
20155 1.413725e+01
20158 1.413677e+01
20291 1.413650e+01
20364 1.413594e+01
20382 1.413571e+01
20528 1.413557e+01
20949 1.413546e+01
21074 1.413542e+01
21123 1.413526e+01
21144 1.413497e+01
21218 1.413489e+01
21226 1.413477e+01
21348 1.413475e+01
21397 1.413462e+01
21469 1.413428e+01
21501 1.413415e+01
21524 1.413406e+01
21608 1.413394e+01
21706 1.413371e+01
21881 1.413371e+01
21936 1.413348e+01
21999 1.413346e+01
22070 1.413318e+01
22120 1.413309e+01
22132 1.413307e+01
22225 1.413300e+01
22270 1.413300e+01
22315 1.413289e+01
22329 1.413288e+01
22347 1.413282e+01
22363 1.413264e+01
22517 1.413259e+01
22539 1.413231e+01
22655 1.413228e+01
22671 1.413217e+01
22683 1.413207e+01
22942 1.413203e+01
23059 1.413187e+01
23101 1.413185e+01
23144 1.413182e+01
23193 1.413179e+01
23215 1.413173e+01
23313 1.413172e+01
23366 1.413158e+01
23501 1.413158e+01
23506 1.413150e+01
23529 1.413130e+01
23649 1.413126e+01
23669 1.413126e+01
23842 1.413121e+01
23861 1.413120e+01
23885 1.413116e+01
23901 1.413112e+01
24037 1.413108e+01
24166 1.413100e+01
24258 1.413092e+01
24481 1.413090e+01
24486 1.413090e+01
24633 1.413087e+01
24679 1.413084e+01
24828 1.413082e+01
24943 1.413075e+01
25009 1.413073e+01
25080 1.413071e+01
25270 1.413068e+01
25317 1.413066e+01
25366 1.413065e+01
25421 1.413065e+01
25431 1.413064e+01
25447 1.413061e+01
25570 1.413060e+01
25632 1.413060e+01
25705 1.413059e+01
25736 1.413056e+01
25848 1.413055e+01
25936 1.413054e+01
25943 1.413054e+01
26010 1.413052e+01
26095 1.413052e+01
26107 1.413048e+01
26395 1.413046e+01
26679 1.413045e+01
26689 1.413043e+01
26794 1.413041e+01
27098 1.413041e+01
27120 1.413040e+01
27181 1.413040e+01
27245 1.413039e+01
27300 1.413039e+01
27344 1.413039e+01
27376 1.413038e+01
27417 1.413038e+01
27454 1.413037e+01
27458 1.413037e+01
27476 1.413037e+01
27573 1.413036e+01
27624 1.413036e+01
27643 1.413035e+01
27699 1.413034e+01
27700 1.413034e+01
27707 1.413034e+01
27720 1.413034e+01
27737 1.413034e+01
27816 1.413034e+01
27979 1.413033e+01
28113 1.413033e+01
28125 1.413033e+01
28169 1.413032e+01
28396 1.413031e+01
28397 1.413031e+01
28484 1.413031e+01
28544 1.413030e+01
28700 1.413029e+01
28837 1.413029e+01
28866 1.413029e+01
28970 1.413028e+01
29007 1.413028e+01
29079 1.413028e+01
29124 1.413028e+01
29141 1.413028e+01
29177 1.413028e+01
29189 1.413028e+01
29243 1.413027e+01
29311 1.413027e+01
29415 1.413027e+01
29420 1.413027e+01
29434 1.413027e+01
29450 1.413027e+01
29589 1.413027e+01
29715 1.413027e+01
29729 1.413027e+01
29833 1.413027e+01
29875 1.413027e+01
29899 1.413027e+01
29900 1.413027e+01
29902 1.413026e+01
29920 1.413026e+01
30012 1.413026e+01
30037 1.413026e+01
30098 1.413026e+01
30237 1.413026e+01
30250 1.413026e+01
30381 1.413026e+01
30396 1.413026e+01
30417 1.413026e+01
30423 1.413026e+01
30427 1.413026e+01
30489 1.413026e+01
30507 1.413026e+01
30510 1.413026e+01
30649 1.413026e+01
30680 1.413026e+01
30691 1.413026e+01
30692 1.413026e+01
30708 1.413026e+01
30848 1.413026e+01
30924 1.413026e+01
30940 1.413026e+01
30994 1.413026e+01
31030 1.413026e+01
31118 1.413026e+01
31202 1.413026e+01
31257 1.413026e+01
31271 1.413026e+01
31281 1.413026e+01
31342 1.413026e+01
31375 1.413026e+01
31376 1.413026e+01
31456 1.413026e+01
31467 1.413026e+01
31475 1.413026e+01
31595 1.413026e+01
31626 1.413026e+01
31656 1.413026e+01
31672 1.413026e+01
31682 1.413026e+01
31719 1.413026e+01
31727 1.413026e+01
31753 1.413026e+01
31793 1.413026e+01
31794 1.413026e+01
31813 1.413026e+01
31816 1.413026e+01
31874 1.413026e+01
31888 1.413026e+01
31929 1.413026e+01
32190 1.413026e+01
32383 1.413026e+01
32474 1.413026e+01
32549 1.413026e+01
32657 1.413026e+01
32817 1.413026e+01
32853 1.413026e+01
32931 1.413026e+01
32960 1.413026e+01
32985 1.413026e+01
33188 1.413026e+01
33228 1.413026e+01
33271 1.413026e+01
33342 1.413026e+01
33500 1.413026e+01
33633 1.413026e+01
33721 1.413026e+01
33724 1.413026e+01
33735 1.413026e+01
33800 1.413026e+01
33851 1.413026e+01
33875 1.413026e+01
33884 1.413026e+01
34031 1.413026e+01
34112 1.413026e+01
34234 1.413026e+01
34418 1.413025e+01
34470 1.413025e+01
34508 1.413025e+01
34528 1.413025e+01
34584 1.413025e+01
34598 1.413025e+01
34635 1.413025e+01
34681 1.413025e+01
34763 1.413025e+01
34794 1.413025e+01
34805 1.413025e+01
34826 1.413025e+01
34831 1.413025e+01
34891 1.413025e+01
34949 1.413025e+01
34969 1.413025e+01
35019 1.413025e+01
35042 1.413025e+01
35201 1.413025e+01
35207 1.413025e+01
35441 1.413025e+01
35459 1.413025e+01
35466 1.413025e+01
35505 1.413025e+01
35510 1.413025e+01
35569 1.413025e+01
35572 1.413025e+01
35610 1.413025e+01
35632 1.413025e+01
35643 1.413025e+01
35672 1.413025e+01
35728 1.413025e+01
35756 1.413025e+01
35819 1.413025e+01
35891 1.413025e+01
35996 1.413025e+01
36011 1.413025e+01
36062 1.413025e+01
36100 1.413025e+01
36106 1.413025e+01
36124 1.413025e+01
36269 1.413025e+01
36291 1.413025e+01
36300 1.413025e+01
36305 1.413025e+01
36358 1.413025e+01
36421 1.413025e+01
36433 1.413025e+01
36466 1.413025e+01
36484 1.413025e+01
36498 1.413025e+01
36535 1.413025e+01
36553 1.413025e+01
36581 1.413025e+01
36620 1.413025e+01
36659 1.413025e+01
36685 1.413025e+01
36721 1.413025e+01
36726 1.413025e+01
36820 1.413025e+01
36884 1.413025e+01
36904 1.413025e+01
36954 1.413025e+01
36977 1.413025e+01
36990 1.413025e+01
37183 1.413025e+01
37257 1.413025e+01
37323 1.413025e+01
37552 1.413025e+01
37567 1.413025e+01
37572 1.413025e+01
37584 1.413025e+01
37613 1.413025e+01
37663 1.413025e+01
37672 1.413025e+01
37773 1.413025e+01
37826 1.413025e+01
37838 1.413025e+01
37867 1.413025e+01
37881 1.413025e+01
37882 1.413025e+01
37908 1.413025e+01
37961 1.413025e+01
37966 1.413025e+01
38011 1.413025e+01
38061 1.413025e+01
38093 1.413025e+01
38253 1.413025e+01
38282 1.413025e+01
38320 1.413025e+01
38324 1.413025e+01
38325 1.413025e+01
38334 1.413025e+01
38384 1.413025e+01
38588 1.413025e+01
38660 1.413025e+01
38684 1.413025e+01
38729 1.413025e+01
94972 1.381176e+01
95032 1.373129e+01
95064 1.355129e+01
95092 1.327936e+01
95108 1.315256e+01
95187 1.231638e+01
95708 1.213117e+01
95836 1.211804e+01
95862 1.211535e+01
95869 1.211230e+01
95895 1.192016e+01
95908 1.170585e+01
95944 1.153979e+01
96075 1.086625e+01
96654 1.083403e+01
96662 1.078685e+01
96709 1.075534e+01
96773 1.044535e+01
96808 1.039686e+01
96882 1.021593e+01
97174 1.013015e+01
97302 1.010552e+01
97392 9.996984e+00
97495 9.907644e+00
97565 9.809106e+00
97571 9.644420e+00
97678 9.564275e+00
97789 9.546317e+00
97822 9.540568e+00
97902 9.479336e+00
97966 9.424980e+00
97975 9.355321e+00
97980 9.314030e+00
97989 9.231937e+00
98056 9.227859e+00
98324 9.042101e+00
98435 8.988291e+00
98763 8.934814e+00
98884 8.912319e+00
98918 8.843843e+00
99065 8.779157e+00
99070 8.775878e+00
99127 8.747542e+00
99248 8.744370e+00
99294 8.701515e+00
99348 8.673488e+00
99499 8.650658e+00
99514 8.607309e+00
99539 8.605059e+00
99723 8.604737e+00
99760 8.594191e+00
99774 8.593626e+00
99783 8.586397e+00
99796 8.530763e+00
99801 8.507539e+00
99840 8.487163e+00
99928 8.473516e+00
99976 8.443921e+00
100009 8.437486e+00
100031 8.423758e+00
100032 8.413899e+00
100063 8.403582e+00
100145 8.399534e+00
100154 8.367143e+00
100248 8.363911e+00
100277 8.348717e+00
100316 8.265055e+00
100443 8.254238e+00
100456 8.253232e+00
100494 8.207169e+00
100702 8.204468e+00
100708 8.140844e+00
100914 8.131981e+00
100996 8.127841e+00
101029 8.097100e+00
101136 8.078013e+00
101137 8.034121e+00
101361 8.032976e+00
101416 8.032107e+00
101432 8.014138e+00
101434 8.002268e+00
101552 7.991510e+00
101607 7.977823e+00
101756 7.977191e+00
101774 7.972805e+00
101812 7.967709e+00
101850 7.964624e+00
101865 7.947372e+00
102107 7.943081e+00
102180 7.928252e+00
102276 7.925179e+00
102420 7.924319e+00
102440 7.908524e+00
102485 7.907855e+00
102546 7.900797e+00
102580 7.898883e+00
102616 7.888919e+00
102710 7.888002e+00
102790 7.882520e+00
102820 7.874405e+00
102962 7.872984e+00
102993 7.872958e+00
102999 7.870410e+00
103202 7.867440e+00
103227 7.864950e+00
103244 7.860733e+00
103273 7.857322e+00
103356 7.855017e+00
103360 7.851202e+00
103389 7.848415e+00
103555 7.839537e+00
103818 7.831386e+00
103906 7.827740e+00
103908 7.827509e+00
103938 7.825768e+00
104086 7.822542e+00
104156 7.814250e+00
104593 7.813287e+00
104624 7.806063e+00
104846 7.800464e+00
105052 7.799345e+00
105185 7.795532e+00
105308 7.795161e+00
105344 7.792886e+00
105380 7.790080e+00
105601 7.788362e+00
105729 7.787502e+00
105745 7.787244e+00
105748 7.786092e+00
105837 7.785044e+00
105926 7.784718e+00
105950 7.783352e+00
106034 7.783290e+00
106056 7.783084e+00
106057 7.780788e+00
106315 7.780260e+00
106351 7.778825e+00
106419 7.778807e+00
106516 7.778755e+00
106526 7.778346e+00
106538 7.776569e+00
106638 7.775794e+00
106763 7.775295e+00
106789 7.774613e+00
106897 7.774120e+00
106933 7.773508e+00
107087 7.773021e+00
107100 7.772869e+00
107115 7.771952e+00
107152 7.771583e+00
107283 7.770465e+00
107858 7.769590e+00
107915 7.769131e+00
107976 7.768845e+00
108076 7.768548e+00
108116 7.768456e+00
108121 7.767827e+00
108254 7.767744e+00
108282 7.767680e+00
108296 7.767674e+00
108327 7.767504e+00
108355 7.767403e+00
108383 7.767230e+00
108396 7.767179e+00
108410 7.766872e+00
108496 7.766371e+00
108549 7.766153e+00
108653 7.766059e+00
108727 7.766053e+00
108731 7.765953e+00
108830 7.765778e+00
108832 7.765759e+00
108862 7.765706e+00
108915 7.765393e+00
109027 7.765290e+00
109040 7.765122e+00
109066 7.765086e+00
109068 7.765039e+00
109084 7.764719e+00
109171 7.764517e+00
109271 7.764426e+00
109330 7.764392e+00
109334 7.764249e+00
109548 7.764227e+00
109637 7.763955e+00
109736 7.763953e+00
109772 7.763931e+00
109783 7.763756e+00
109885 7.763755e+00
109896 7.763665e+00
109948 7.763565e+00
109952 7.763348e+00
110048 7.763112e+00
110179 7.763055e+00
110210 7.762980e+00
110388 7.762944e+00
110566 7.762892e+00
110629 7.762862e+00
110709 7.762850e+00
110720 7.762765e+00
110780 7.762660e+00
110916 7.762545e+00
111062 7.762505e+00
111104 7.762469e+00
111251 7.762403e+00
111460 7.762380e+00
111530 7.762292e+00
111610 7.762273e+00
111618 7.762273e+00
111625 7.762256e+00
111809 7.762214e+00
111875 7.762186e+00
112025 7.762179e+00
112027 7.762171e+00
112120 7.762168e+00
112123 7.762162e+00
112124 7.762151e+00
112193 7.762117e+00
112216 7.762066e+00
112326 7.762042e+00
112361 7.762022e+00
112468 7.762007e+00
112512 7.761996e+00
112517 7.761977e+00
112555 7.761965e+00
112564 7.761950e+00
112593 7.761946e+00
112610 7.761934e+00
112624 7.761920e+00
112642 7.761910e+00
112653 7.761907e+00
112809 7.761888e+00
112815 7.761888e+00
112923 7.761884e+00
112945 7.761881e+00
113013 7.761880e+00
113018 7.761847e+00
113093 7.761833e+00
113336 7.761793e+00
113444 7.761792e+00
113452 7.761778e+00
113619 7.761755e+00
113845 7.761754e+00
113852 7.761748e+00
113935 7.761727e+00
114125 7.761717e+00
114136 7.761713e+00
114274 7.761707e+00
114323 7.761688e+00
114456 7.761687e+00
114499 7.761685e+00
114548 7.761680e+00
114623 7.761680e+00
114734 7.761674e+00
114740 7.761673e+00
114778 7.761670e+00
114894 7.761664e+00
114994 7.761662e+00
115169 7.761658e+00
115236 7.761653e+00
115289 7.761649e+00
115401 7.761647e+00
115435 7.761639e+00
115449 7.761636e+00
115913 7.761633e+00
116009 7.761628e+00
116217 7.761628e+00
116231 7.761627e+00
116275 7.761626e+00
116282 7.761626e+00
116309 7.761624e+00
116320 7.761624e+00
116328 7.761623e+00
116397 7.761623e+00
116448 7.761622e+00
116453 7.761621e+00
116519 7.761620e+00
116557 7.761619e+00
116613 7.761619e+00
116626 7.761617e+00
116668 7.761617e+00
116722 7.761617e+00
116724 7.761617e+00
116764 7.761617e+00
116790 7.761616e+00
116812 7.761616e+00
116830 7.761616e+00
116877 7.761615e+00
116901 7.761614e+00
116967 7.761613e+00
117107 7.761613e+00
117123 7.761613e+00
117147 7.761613e+00
117223 7.761613e+00
117233 7.761613e+00
117254 7.761613e+00
117261 7.761612e+00
117334 7.761612e+00
117362 7.761612e+00
117398 7.761612e+00
117465 7.761612e+00
117511 7.761612e+00
117707 7.761611e+00
117767 7.761611e+00
117793 7.761611e+00
117980 7.761611e+00
118077 7.761611e+00
118083 7.761611e+00
118234 7.761611e+00
118248 7.761611e+00
118252 7.761611e+00
118255 7.761611e+00
118268 7.761611e+00
118336 7.761611e+00
118354 7.761611e+00
118379 7.761611e+00
118452 7.761611e+00
118479 7.761611e+00
118485 7.761611e+00
118514 7.761611e+00
118527 7.761611e+00
118532 7.761611e+00
118586 7.761611e+00
118663 7.761611e+00
118706 7.761611e+00
118808 7.761611e+00
118811 7.761611e+00
118826 7.761611e+00
118838 7.761611e+00
118839 7.761611e+00
118862 7.761611e+00
118879 7.761611e+00
118945 7.761611e+00
119120 7.761611e+00
119165 7.761611e+00
119178 7.761611e+00
119324 7.761611e+00
119326 7.761611e+00
119340 7.761611e+00
119453 7.761611e+00
119469 7.761611e+00
119530 7.761611e+00
119559 7.761611e+00
119595 7.761611e+00
119671 7.761611e+00
119758 7.761611e+00
119820 7.761611e+00
119931 7.761611e+00
120014 7.761611e+00
120092 7.761611e+00
120242 7.761611e+00
120348 7.761611e+00
120383 7.761611e+00
120387 7.761611e+00
120658 7.761611e+00
120700 7.761611e+00
120705 7.761611e+00
120746 7.761611e+00
120811 7.761611e+00
120837 7.761611e+00
120885 7.761611e+00
120910 7.761611e+00
120917 7.761611e+00
120928 7.761611e+00
121004 7.761611e+00
121040 7.761611e+00
121060 7.761611e+00
121152 7.761611e+00
121196 7.761611e+00
121198 7.761610e+00
121217 7.761610e+00
121231 7.761610e+00
121487 7.761610e+00
121639 7.761610e+00
121665 7.761610e+00
121789 7.761610e+00
121856 7.761610e+00
121858 7.761610e+00
121896 7.761610e+00
121985 7.761610e+00
121993 7.761610e+00
122014 7.761610e+00
122027 7.761610e+00
122043 7.761610e+00
122135 7.761610e+00
122164 7.761610e+00
122188 7.761610e+00
122228 7.761610e+00
122259 7.761610e+00
122277 7.761610e+00
122296 7.761610e+00
122404 7.761610e+00
122454 7.761610e+00
122537 7.761610e+00
122554 7.761610e+00
122666 7.761610e+00
122694 7.761610e+00
122712 7.761610e+00
122741 7.761610e+00
122891 7.761610e+00
122955 7.761610e+00
123015 7.761610e+00
123063 7.761610e+00
123087 7.761610e+00
123143 7.761610e+00
123158 7.761610e+00
123166 7.761610e+00
123179 7.761610e+00
123241 7.761610e+00
123355 7.761610e+00
123379 7.761610e+00
123438 7.761610e+00
123451 7.761610e+00
123452 7.761610e+00
123576 7.761610e+00
123603 7.761610e+00
123647 7.761610e+00
123686 7.761610e+00
123698 7.761610e+00
123699 7.761610e+00
123705 7.761610e+00
123727 7.761610e+00
123754 7.761610e+00
123845 7.761610e+00
123917 7.761610e+00
123918 7.761610e+00
123922 7.761610e+00
123950 7.761610e+00
124004 7.761610e+00
124046 7.761610e+00
124178 7.761610e+00
124204 7.761610e+00
124315 7.761610e+00
124339 7.761610e+00
124437 7.761610e+00
124438 7.761610e+00
124440 7.761610e+00
124478 7.761610e+00
124498 7.761610e+00
124550 7.761610e+00
124605 7.761610e+00
124621 7.761610e+00
124622 7.761610e+00
124733 7.761610e+00
124764 7.761610e+00
124778 7.761610e+00
124820 7.761610e+00
124851 7.761610e+00
124923 7.761610e+00
124933 7.761610e+00
124946 7.761610e+00
124970 7.761610e+00
125012 7.761610e+00
125044 7.761610e+00
125071 7.761610e+00
125151 7.761610e+00
125164 7.761610e+00
125165 7.761610e+00
125171 7.761610e+00
125177 7.761610e+00
235426 7.379397e+00
236097 7.236408e+00
236362 7.199499e+00
237674 6.698449e+00
238567 6.612024e+00
238738 6.533343e+00
238743 6.433794e+00
239575 6.332458e+00
239650 6.189014e+00
239973 6.014041e+00
240293 5.891479e+00
240313 5.869923e+00
240383 5.825532e+00
240417 5.810682e+00
240509 5.646568e+00
240927 5.493368e+00
241145 5.419946e+00
241392 5.400933e+00
241431 5.343109e+00
241519 5.325580e+00
241678 5.217391e+00
241992 5.185201e+00
242213 5.002637e+00
242388 4.662895e+00
244037 4.654241e+00
244091 4.495539e+00
244130 4.415492e+00
244529 4.336172e+00
244735 4.176219e+00
244915 4.152730e+00
244920 4.054355e+00
245556 4.006092e+00
245932 4.002336e+00
246018 3.801536e+00
247428 3.732265e+00
247488 3.650430e+00
247711 3.626284e+00
247925 3.608613e+00
247991 3.590025e+00
248039 3.560204e+00
248147 3.509506e+00
248350 3.498079e+00
248367 3.449157e+00
248397 3.445004e+00
248690 3.439659e+00
248740 3.428913e+00
248838 3.338124e+00
249210 3.336705e+00
249345 3.294012e+00
249520 3.235390e+00
249791 3.217591e+00
250499 3.162330e+00
250519 3.161481e+00
250711 3.158109e+00
250804 3.112541e+00
251007 3.088168e+00
251307 3.060498e+00
251416 3.051966e+00
251628 2.963814e+00
253214 2.920247e+00
253420 2.915201e+00
253900 2.875268e+00
253929 2.819142e+00
254154 2.809647e+00
254377 2.795328e+00
255853 2.786292e+00
255973 2.780921e+00
256250 2.773276e+00
256328 2.751110e+00
256420 2.740321e+00
257150 2.721215e+00
257537 2.707726e+00
257662 2.679135e+00
258180 2.668305e+00
258487 2.621170e+00
259572 2.594388e+00
260000 2.593117e+00
260315 2.579874e+00
260568 2.565163e+00
260800 2.561542e+00
261347 2.560447e+00
261684 2.547343e+00
261805 2.545541e+00
262026 2.529164e+00
262389 2.517445e+00
262501 2.502269e+00
262916 2.498333e+00
263125 2.488767e+00
263127 2.461654e+00
263996 2.461493e+00
264116 2.454795e+00
264119 2.446566e+00
264189 2.443695e+00
264626 2.441762e+00
264848 2.434290e+00
265213 2.422059e+00
265617 2.420408e+00
265737 2.407292e+00
266578 2.405340e+00
267243 2.402157e+00
267372 2.402107e+00
267854 2.400522e+00
267894 2.395873e+00
268533 2.394744e+00
268622 2.391623e+00
268654 2.389523e+00
268936 2.389135e+00
268957 2.388886e+00
268985 2.382662e+00
269455 2.379931e+00
269717 2.378956e+00
269741 2.374215e+00
269767 2.371478e+00
269953 2.370683e+00
270239 2.365543e+00
270776 2.364820e+00
271297 2.362264e+00
271356 2.359369e+00
271414 2.359196e+00
271498 2.358792e+00
271526 2.358590e+00
271589 2.355534e+00
272036 2.352556e+00
272469 2.351819e+00
272485 2.341963e+00
273623 2.341691e+00
273822 2.336208e+00
274063 2.331701e+00
274138 2.329492e+00
274359 2.323994e+00
275332 2.323001e+00
275522 2.322006e+00
275597 2.321742e+00
275879 2.321367e+00
276016 2.320055e+00
276075 2.319319e+00
276101 2.318855e+00
276305 2.317744e+00
276518 2.315271e+00
276543 2.314432e+00
276819 2.311556e+00
276978 2.311448e+00
277136 2.310680e+00
277415 2.310191e+00
277724 2.309373e+00
277927 2.309099e+00
278139 2.308044e+00
278189 2.307719e+00
278629 2.306690e+00
278677 2.306019e+00
278801 2.305451e+00
278960 2.305378e+00
279273 2.305030e+00
279489 2.303042e+00
279739 2.301161e+00
279787 2.299726e+00
280672 2.297920e+00
280911 2.297654e+00
280967 2.295331e+00
281491 2.294182e+00
281576 2.293665e+00
281908 2.293405e+00
281924 2.292989e+00
281948 2.290940e+00
282082 2.290753e+00
282673 2.290662e+00
282702 2.289451e+00
282914 2.289417e+00
283062 2.289387e+00
283097 2.287987e+00
283263 2.287832e+00
283806 2.287200e+00
283863 2.285501e+00
284051 2.285362e+00
284606 2.284598e+00
284916 2.284020e+00
285622 2.283777e+00
285744 2.283344e+00
285845 2.283166e+00
285984 2.283085e+00
285997 2.282384e+00
286096 2.282113e+00
286181 2.281794e+00
286376 2.281696e+00
286453 2.281535e+00
286604 2.281078e+00
286622 2.281022e+00
287108 2.280387e+00
287818 2.280215e+00
288082 2.280065e+00
288115 2.279358e+00
288488 2.279055e+00
288547 2.278876e+00
288716 2.278170e+00
289196 2.277966e+00
289376 2.277896e+00
289387 2.277834e+00
289579 2.277709e+00
289645 2.277530e+00
289745 2.277196e+00
289990 2.276965e+00
290261 2.276927e+00
290276 2.276905e+00
290333 2.276811e+00
290431 2.276422e+00
290573 2.276404e+00
290764 2.276271e+00
290862 2.276253e+00
290904 2.276113e+00
290955 2.276050e+00
290984 2.275596e+00
291264 2.275224e+00
291326 2.275221e+00
291556 2.274972e+00
291969 2.274681e+00
292365 2.274592e+00
292612 2.274386e+00
293158 2.274377e+00
293301 2.274032e+00
293555 2.273991e+00
293632 2.273609e+00
293858 2.273134e+00
294955 2.272970e+00
295227 2.272952e+00
295264 2.272928e+00
295772 2.272818e+00
295892 2.272808e+00
296081 2.272715e+00
296209 2.272642e+00
296381 2.272634e+00
296498 2.272560e+00
296760 2.272514e+00
296770 2.272296e+00
296851 2.272168e+00
297662 2.272114e+00
297676 2.272107e+00
297732 2.272011e+00
297870 2.272000e+00
298523 2.271944e+00
298551 2.271790e+00
299005 2.271692e+00
299841 2.271660e+00
299911 2.271650e+00
299954 2.271630e+00
