1 5.972615e+01
3 5.200458e+01
47 5.123532e+01
61 5.115538e+01
141 5.047231e+01
255 4.750181e+01
907 4.641461e+01
1212 4.575822e+01
1281 4.481067e+01
1360 4.296186e+01
1483 3.935139e+01
1682 3.840391e+01
1710 3.733633e+01
2137 3.609267e+01
2334 3.596885e+01
2509 3.594215e+01
2632 3.541333e+01
2712 3.452078e+01
2740 3.418131e+01
2865 3.371319e+01
2930 3.286975e+01
2954 3.214765e+01
3007 3.189282e+01
3111 3.172861e+01
3133 3.104188e+01
3148 3.000977e+01
3187 2.910554e+01
3359 2.693581e+01
3618 2.579739e+01
3898 2.556234e+01
3974 2.478887e+01
4013 2.456707e+01
4187 2.431885e+01
4204 2.373334e+01
4299 2.323731e+01
4338 2.309768e+01
4356 2.268569e+01
4490 2.249303e+01
4516 2.199287e+01
4611 2.182365e+01
4612 2.162246e+01
4669 2.161857e+01
4700 2.126518e+01
4713 2.091991e+01
4724 2.039645e+01
4806 2.023035e+01
4849 1.972656e+01
4988 1.916249e+01
5109 1.894333e+01
5111 1.885523e+01
5142 1.877785e+01
5291 1.873654e+01
5470 1.873076e+01
5573 1.867436e+01
5585 1.828080e+01
5621 1.810701e+01
5649 1.736578e+01
5988 1.734644e+01
6069 1.722428e+01
6090 1.705587e+01
6100 1.691266e+01
6130 1.666985e+01
6224 1.656830e+01
6260 1.636486e+01
6330 1.591344e+01
6844 1.568060e+01
6895 1.529386e+01
7350 1.505943e+01
7632 1.497367e+01
7706 1.496049e+01
7772 1.492039e+01
7813 1.487147e+01
7852 1.477888e+01
7906 1.470371e+01
7974 1.459143e+01
8080 1.453397e+01
8230 1.452284e+01
8246 1.447253e+01
8257 1.442698e+01
8278 1.433212e+01
8397 1.425488e+01
8576 1.421672e+01
8666 1.419315e+01
8709 1.417563e+01
8734 1.416522e+01
8745 1.413609e+01
8764 1.405164e+01
8772 1.402392e+01
8972 1.401373e+01
9023 1.400792e+01
9047 1.391052e+01
9137 1.387205e+01
9141 1.385246e+01
9310 1.384239e+01
9342 1.379958e+01
9365 1.379216e+01
9366 1.375230e+01
9394 1.374235e+01
9466 1.373640e+01
9496 1.373139e+01
9508 1.371252e+01
9537 1.368769e+01
9551 1.368289e+01
9555 1.364585e+01
9681 1.358609e+01
9788 1.357888e+01
9826 1.356468e+01
9861 1.356256e+01
9882 1.352938e+01
10013 1.351220e+01
10052 1.350794e+01
10065 1.350442e+01
10101 1.348896e+01
10190 1.348012e+01
10205 1.347339e+01
10234 1.346991e+01
10237 1.345069e+01
10296 1.344389e+01
10317 1.344266e+01
10378 1.344024e+01
10393 1.342155e+01
10524 1.341733e+01
10648 1.341149e+01
10650 1.337461e+01
10698 1.336876e+01
10923 1.336390e+01
10944 1.334836e+01
11091 1.333786e+01
11264 1.332220e+01
11408 1.331601e+01
11433 1.330736e+01
11463 1.330456e+01
11526 1.330129e+01
11587 1.330082e+01
11675 1.330029e+01
11683 1.329621e+01
11715 1.329419e+01
11772 1.329127e+01
11844 1.328969e+01
11866 1.326759e+01
12324 1.326153e+01
12520 1.325345e+01
12577 1.324652e+01
12701 1.324043e+01
13015 1.323769e+01
13028 1.323669e+01
13038 1.323026e+01
13104 1.322743e+01
13110 1.322476e+01
13175 1.322297e+01
13287 1.321403e+01
13654 1.320762e+01
13801 1.320681e+01
13876 1.320491e+01
13932 1.320304e+01
13959 1.320285e+01
13982 1.320255e+01
14083 1.320092e+01
14160 1.320054e+01
14169 1.319849e+01
14336 1.319708e+01
14383 1.319691e+01
14471 1.319587e+01
14486 1.319568e+01
14488 1.319547e+01
14494 1.319509e+01
14507 1.319489e+01
14508 1.319321e+01
14607 1.319209e+01
14672 1.319022e+01
14876 1.318932e+01
14915 1.318891e+01
14970 1.318792e+01
15056 1.318685e+01
15086 1.318682e+01
15100 1.318523e+01
15131 1.318516e+01
15156 1.318474e+01
15189 1.318383e+01
15235 1.318354e+01
15270 1.318295e+01
15305 1.318077e+01
15526 1.318075e+01
15540 1.318051e+01
15542 1.317961e+01
15583 1.317909e+01
15619 1.317833e+01
15626 1.317815e+01
15668 1.317734e+01
15738 1.317730e+01
15785 1.317726e+01
15932 1.317699e+01
16054 1.317693e+01
16094 1.317660e+01
16119 1.317412e+01
16172 1.317356e+01
16372 1.317354e+01
16396 1.317342e+01
16444 1.317296e+01
16505 1.317290e+01
16534 1.317253e+01
16535 1.317187e+01
16572 1.317129e+01
16675 1.317125e+01
16704 1.317112e+01
16726 1.317094e+01
16818 1.317093e+01
16851 1.317015e+01
16934 1.316908e+01
16983 1.316899e+01
16989 1.316897e+01
17048 1.316851e+01
17051 1.316849e+01
17113 1.316844e+01
17134 1.316840e+01
17148 1.316839e+01
17164 1.316783e+01
17258 1.316775e+01
17299 1.316760e+01
17368 1.316759e+01
17371 1.316756e+01
17400 1.316688e+01
17484 1.316688e+01
17529 1.316664e+01
17538 1.316605e+01
17745 1.316586e+01
17751 1.316564e+01
17910 1.316543e+01
17921 1.316524e+01
18032 1.316487e+01
18371 1.316473e+01
18380 1.316470e+01
18476 1.316460e+01
18506 1.316447e+01
18510 1.316427e+01
18538 1.316427e+01
18645 1.316417e+01
18935 1.316400e+01
19160 1.316395e+01
19302 1.316380e+01
19463 1.316378e+01
19510 1.316377e+01
19515 1.316376e+01
19523 1.316373e+01
19530 1.316356e+01
19704 1.316354e+01
19724 1.316345e+01
19991 1.316341e+01
19993 1.316336e+01
20004 1.316330e+01
20019 1.316327e+01
20097 1.316327e+01
20098 1.316323e+01
20114 1.316314e+01
20176 1.316310e+01
20415 1.316305e+01
20645 1.316305e+01
20647 1.316300e+01
20676 1.316300e+01
20684 1.316295e+01
20700 1.316293e+01
20772 1.316287e+01
20815 1.316284e+01
20909 1.316276e+01
21045 1.316272e+01
21160 1.316272e+01
21207 1.316271e+01
21307 1.316271e+01
21323 1.316267e+01
21389 1.316267e+01
21455 1.316266e+01
21463 1.316260e+01
21629 1.316257e+01
21767 1.316256e+01
21836 1.316256e+01
21845 1.316256e+01
21898 1.316255e+01
21903 1.316253e+01
22009 1.316250e+01
22296 1.316250e+01
22379 1.316249e+01
22405 1.316247e+01
22548 1.316246e+01
22571 1.316244e+01
22674 1.316243e+01
22890 1.316242e+01
23095 1.316240e+01
23218 1.316240e+01
23235 1.316239e+01
23243 1.316238e+01
23251 1.316237e+01
23263 1.316236e+01
23339 1.316236e+01
23397 1.316236e+01
23455 1.316236e+01
23516 1.316236e+01
23541 1.316235e+01
23612 1.316235e+01
23679 1.316235e+01
23738 1.316235e+01
23763 1.316234e+01
23794 1.316234e+01
23805 1.316234e+01
23836 1.316233e+01
23841 1.316233e+01
23959 1.316233e+01
23971 1.316233e+01
24000 1.316232e+01
24006 1.316232e+01
24153 1.316231e+01
24192 1.316231e+01
24276 1.316231e+01
24313 1.316230e+01
24333 1.316230e+01
24344 1.316230e+01
24393 1.316230e+01
24441 1.316229e+01
24537 1.316229e+01
24564 1.316229e+01
24614 1.316229e+01
24618 1.316229e+01
24693 1.316228e+01
24712 1.316228e+01
24781 1.316228e+01
24922 1.316227e+01
24959 1.316227e+01
25043 1.316227e+01
25160 1.316226e+01
25309 1.316226e+01
25361 1.316226e+01
25420 1.316226e+01
25490 1.316226e+01
25512 1.316226e+01
25521 1.316226e+01
25649 1.316225e+01
25724 1.316225e+01
25737 1.316225e+01
25794 1.316225e+01
25894 1.316225e+01
25932 1.316225e+01
26012 1.316225e+01
26048 1.316225e+01
26070 1.316225e+01
26117 1.316225e+01
26168 1.316225e+01
26203 1.316225e+01
26207 1.316225e+01
26232 1.316225e+01
26241 1.316225e+01
26242 1.316225e+01
26289 1.316225e+01
26353 1.316225e+01
26402 1.316225e+01
26414 1.316225e+01
26480 1.316225e+01
26549 1.316225e+01
26612 1.316225e+01
26656 1.316225e+01
26909 1.316225e+01
26914 1.316225e+01
26926 1.316225e+01
27081 1.316225e+01
27099 1.316225e+01
27146 1.316225e+01
27248 1.316225e+01
27278 1.316225e+01
27329 1.316225e+01
27353 1.316225e+01
27360 1.316225e+01
27396 1.316225e+01
27457 1.316225e+01
27467 1.316225e+01
27521 1.316225e+01
27539 1.316225e+01
27611 1.316225e+01
27654 1.316225e+01
27713 1.316225e+01
27757 1.316225e+01
27853 1.316225e+01
27998 1.316225e+01
28022 1.316225e+01
28067 1.316225e+01
28209 1.316225e+01
28342 1.316225e+01
28401 1.316225e+01
28427 1.316225e+01
28474 1.316225e+01
28493 1.316225e+01
28511 1.316225e+01
28554 1.316225e+01
28779 1.316225e+01
28807 1.316225e+01
28819 1.316225e+01
28849 1.316225e+01
28880 1.316225e+01
28976 1.316225e+01
28978 1.316225e+01
28982 1.316225e+01
29049 1.316225e+01
29178 1.316225e+01
29447 1.316225e+01
29592 1.316225e+01
29628 1.316225e+01
29655 1.316225e+01
29672 1.316225e+01
29736 1.316225e+01
29772 1.316225e+01
29882 1.316225e+01
30018 1.316225e+01
30022 1.316225e+01
30066 1.316225e+01
30105 1.316225e+01
30111 1.316225e+01
30145 1.316225e+01
30202 1.316225e+01
30229 1.316225e+01
30284 1.316225e+01
30346 1.316225e+01
30347 1.316225e+01
30428 1.316225e+01
30431 1.316225e+01
30508 1.316225e+01
30556 1.316225e+01
30564 1.316225e+01
30646 1.316225e+01
30691 1.316225e+01
30829 1.316225e+01
30885 1.316225e+01
31000 1.316225e+01
31005 1.316225e+01
31111 1.316225e+01
31186 1.316225e+01
31241 1.316225e+01
31271 1.316225e+01
31324 1.316225e+01
31375 1.316225e+01
31411 1.316225e+01
31436 1.316225e+01
31470 1.316225e+01
31600 1.316225e+01
31606 1.316225e+01
31626 1.316225e+01
31630 1.316225e+01
31644 1.316225e+01
31679 1.316225e+01
31682 1.316225e+01
31707 1.316225e+01
31757 1.316225e+01
31792 1.316225e+01
31900 1.316225e+01
31927 1.316225e+01
32081 1.316225e+01
32142 1.316225e+01
32154 1.316225e+01
32156 1.316225e+01
32196 1.316225e+01
32205 1.316225e+01
32219 1.316225e+01
32222 1.316225e+01
32281 1.316225e+01
32294 1.316225e+01
32300 1.316225e+01
32447 1.316225e+01
32508 1.316225e+01
32534 1.316225e+01
32565 1.316225e+01
32670 1.316225e+01
32727 1.316225e+01
32759 1.316225e+01
32768 1.316225e+01
32822 1.316225e+01
32880 1.316225e+01
32904 1.316225e+01
32993 1.316225e+01
33118 1.316225e+01
33177 1.316225e+01
33201 1.316225e+01
33236 1.316225e+01
33251 1.316225e+01
33253 1.316225e+01
33373 1.316225e+01
33403 1.316225e+01
96789 1.296994e+01
97193 1.272832e+01
97251 1.261825e+01
97270 1.260453e+01
97312 1.239636e+01
97472 1.239151e+01
97483 1.228641e+01
97551 1.217747e+01
97643 1.184374e+01
98053 1.172314e+01
98067 1.165724e+01
98071 1.141425e+01
98366 1.129445e+01
98424 1.119061e+01
98550 1.115868e+01
98642 1.100117e+01
98808 1.099121e+01
98829 1.093751e+01
98919 1.086966e+01
99153 1.085274e+01
99181 1.079924e+01
99188 1.073304e+01
99239 1.069650e+01
99269 1.067068e+01
99336 1.064399e+01
99388 1.062458e+01
99521 1.061052e+01
99545 1.060905e+01
99579 1.059815e+01
99589 1.058632e+01
99601 1.052735e+01
99680 1.051550e+01
99690 1.051523e+01
99708 1.051141e+01
99758 1.038252e+01
99893 1.037560e+01
99996 1.037420e+01
100090 1.035662e+01
100157 1.026042e+01
100337 1.020395e+01
100508 1.019761e+01
100545 1.019487e+01
100558 1.018565e+01
100641 1.013234e+01
100670 1.009010e+01
100893 1.007336e+01
101027 1.004769e+01
101057 1.003105e+01
101156 1.000803e+01
101305 9.996813e+00
101345 9.971720e+00
101379 9.955232e+00
101465 9.949066e+00
101552 9.943295e+00
101619 9.940224e+00
101628 9.931581e+00
101640 9.912835e+00
101667 9.893552e+00
101814 9.885992e+00
101832 9.885770e+00
101902 9.884005e+00
101958 9.868913e+00
101983 9.867771e+00
102030 9.859174e+00
102033 9.845516e+00
102145 9.843835e+00
102186 9.834380e+00
102248 9.823369e+00
102350 9.819271e+00
102402 9.811825e+00
102438 9.809627e+00
102495 9.805475e+00
102529 9.796706e+00
102709 9.793631e+00
102759 9.793290e+00
102808 9.782826e+00
102907 9.780467e+00
102936 9.777005e+00
103026 9.774852e+00
103037 9.768783e+00
103079 9.768325e+00
103100 9.766816e+00
103136 9.764699e+00
103145 9.764612e+00
103220 9.760107e+00
103261 9.748420e+00
103409 9.747502e+00
103495 9.744636e+00
103601 9.744035e+00
103819 9.742808e+00
103926 9.740211e+00
103950 9.740180e+00
104001 9.737682e+00
104215 9.735366e+00
104288 9.734642e+00
104335 9.732616e+00
104370 9.731923e+00
104373 9.726724e+00
104705 9.726550e+00
104716 9.724928e+00
104767 9.724719e+00
104815 9.723012e+00
104848 9.719340e+00
104952 9.718914e+00
105028 9.717985e+00
105051 9.716424e+00
105159 9.716021e+00
105229 9.715591e+00
105267 9.714991e+00
105315 9.714111e+00
105332 9.713908e+00
105355 9.713756e+00
105392 9.710110e+00
105565 9.709684e+00
105633 9.708682e+00
105710 9.707114e+00
105831 9.706115e+00
105883 9.705899e+00
105950 9.705198e+00
106109 9.703712e+00
106247 9.703345e+00
106379 9.703224e+00
106431 9.703140e+00
106441 9.702747e+00
106442 9.702285e+00
106472 9.701832e+00
106534 9.701574e+00
106714 9.700679e+00
106870 9.700588e+00
106920 9.700062e+00
106924 9.700051e+00
107022 9.699135e+00
107354 9.698909e+00
107402 9.698801e+00
107441 9.698539e+00
107580 9.698400e+00
107621 9.698339e+00
107641 9.698314e+00
107645 9.697961e+00
107711 9.697923e+00
107773 9.697735e+00
107800 9.697594e+00
107884 9.697512e+00
108013 9.697294e+00
108054 9.697122e+00
108063 9.697060e+00
108087 9.696963e+00
108155 9.696901e+00
108186 9.696816e+00
108273 9.696813e+00
108293 9.696797e+00
108317 9.696387e+00
108742 9.696269e+00
108814 9.696151e+00
108820 9.695989e+00
108914 9.695929e+00
108951 9.695905e+00
109190 9.695895e+00
109210 9.695815e+00
109235 9.695676e+00
109254 9.695627e+00
109401 9.695617e+00
109470 9.695613e+00
109505 9.695525e+00
109519 9.695440e+00
109612 9.695437e+00
109663 9.695334e+00
109755 9.695317e+00
109805 9.695244e+00
109863 9.695231e+00
109915 9.695102e+00
109965 9.695093e+00
109969 9.695088e+00
109996 9.695067e+00
110073 9.695040e+00
110084 9.695012e+00
110093 9.694984e+00
110157 9.694964e+00
110216 9.694942e+00
110504 9.694920e+00
110508 9.694788e+00
110794 9.694762e+00
110969 9.694752e+00
110976 9.694738e+00
111008 9.694720e+00
111021 9.694715e+00
111093 9.694714e+00
111201 9.694695e+00
111218 9.694692e+00
111227 9.694688e+00
111250 9.694684e+00
111267 9.694680e+00
111356 9.694664e+00
111431 9.694663e+00
111438 9.694649e+00
111439 9.694624e+00
111482 9.694620e+00
111559 9.694606e+00
111604 9.694595e+00
111649 9.694584e+00
111679 9.694581e+00
111704 9.694579e+00
111728 9.694572e+00
111732 9.694571e+00
111735 9.694560e+00
111768 9.694539e+00
111797 9.694514e+00
112123 9.694485e+00
112128 9.694469e+00
112252 9.694466e+00
112329 9.694464e+00
112356 9.694452e+00
112364 9.694440e+00
112467 9.694439e+00
112514 9.694431e+00
112564 9.694418e+00
112759 9.694414e+00
112765 9.694413e+00
112807 9.694400e+00
112960 9.694400e+00
113020 9.694392e+00
113065 9.694372e+00
113197 9.694372e+00
113358 9.694370e+00
113368 9.694369e+00
113381 9.694350e+00
113498 9.694350e+00
113540 9.694345e+00
113588 9.694338e+00
113711 9.694329e+00
113783 9.694325e+00
113831 9.694323e+00
114098 9.694307e+00
114123 9.694304e+00
114415 9.694302e+00
114577 9.694302e+00
114627 9.694301e+00
114660 9.694293e+00
114737 9.694292e+00
114739 9.694292e+00
114751 9.694291e+00
114782 9.694288e+00
114860 9.694287e+00
114926 9.694287e+00
114978 9.694285e+00
114990 9.694282e+00
115035 9.694278e+00
115079 9.694276e+00
115187 9.694273e+00
115210 9.694272e+00
115230 9.694271e+00
115432 9.694270e+00
115482 9.694269e+00
115651 9.694266e+00
115824 9.694265e+00
115846 9.694263e+00
115891 9.694263e+00
115897 9.694263e+00
116067 9.694262e+00
116130 9.694262e+00
116134 9.694262e+00
116174 9.694261e+00
116212 9.694261e+00
116246 9.694261e+00
116283 9.694260e+00
116323 9.694260e+00
116360 9.694260e+00
116450 9.694260e+00
116615 9.694260e+00
116627 9.694260e+00
116648 9.694260e+00
116726 9.694260e+00
116738 9.694260e+00
116761 9.694259e+00
116805 9.694259e+00
116840 9.694259e+00
116864 9.694259e+00
116879 9.694259e+00
116884 9.694259e+00
116894 9.694259e+00
116958 9.694259e+00
116972 9.694259e+00
116975 9.694259e+00
116989 9.694259e+00
117045 9.694259e+00
117051 9.694259e+00
117107 9.694259e+00
117124 9.694259e+00
117162 9.694259e+00
117166 9.694259e+00
117203 9.694259e+00
117269 9.694259e+00
117277 9.694259e+00
117437 9.694259e+00
117534 9.694259e+00
117578 9.694259e+00
117595 9.694259e+00
117613 9.694259e+00
117632 9.694259e+00
117683 9.694259e+00
117705 9.694259e+00
117730 9.694259e+00
117790 9.694259e+00
117823 9.694259e+00
117907 9.694259e+00
117931 9.694259e+00
117942 9.694259e+00
118056 9.694259e+00
118089 9.694259e+00
118121 9.694259e+00
118134 9.694259e+00
118277 9.694259e+00
118409 9.694259e+00
118453 9.694259e+00
118471 9.694259e+00
118557 9.694259e+00
118562 9.694259e+00
118620 9.694259e+00
118667 9.694259e+00
118752 9.694259e+00
118904 9.694259e+00
118922 9.694259e+00
118929 9.694259e+00
118952 9.694259e+00
118953 9.694259e+00
119049 9.694259e+00
119162 9.694259e+00
119278 9.694259e+00
119306 9.694259e+00
119325 9.694259e+00
119338 9.694259e+00
119376 9.694259e+00
119410 9.694259e+00
119467 9.694259e+00
119491 9.694259e+00
119543 9.694259e+00
119578 9.694259e+00
119634 9.694259e+00
119656 9.694259e+00
119744 9.694259e+00
119753 9.694259e+00
119771 9.694259e+00
119809 9.694259e+00
119839 9.694259e+00
119905 9.694259e+00
119927 9.694259e+00
120131 9.694259e+00
120140 9.694259e+00
120166 9.694259e+00
120210 9.694259e+00
120306 9.694259e+00
120317 9.694259e+00
120352 9.694259e+00
120435 9.694259e+00
120518 9.694259e+00
120537 9.694259e+00
120664 9.694259e+00
120671 9.694259e+00
120672 9.694259e+00
120674 9.694259e+00
120729 9.694259e+00
120773 9.694259e+00
120796 9.694259e+00
120818 9.694259e+00
121081 9.694259e+00
121116 9.694259e+00
121190 9.694259e+00
121236 9.694259e+00
121241 9.694259e+00
121319 9.694259e+00
121552 9.694259e+00
121596 9.694259e+00
121607 9.694259e+00
121688 9.694259e+00
121729 9.694259e+00
121993 9.694259e+00
121994 9.694259e+00
122085 9.694259e+00
122105 9.694259e+00
122124 9.694259e+00
122185 9.694259e+00
122312 9.694259e+00
122344 9.694259e+00
122366 9.694259e+00
122408 9.694259e+00
122446 9.694259e+00
122454 9.694259e+00
122535 9.694259e+00
122555 9.694259e+00
122640 9.694259e+00
122801 9.694259e+00
122817 9.694259e+00
122844 9.694259e+00
122914 9.694259e+00
122915 9.694259e+00
122946 9.694259e+00
123000 9.694259e+00
123103 9.694259e+00
123148 9.694259e+00
123158 9.694259e+00
123206 9.694259e+00
123232 9.694259e+00
123237 9.694259e+00
123289 9.694259e+00
123343 9.694259e+00
123373 9.694259e+00
123411 9.694259e+00
123427 9.694259e+00
123557 9.694259e+00
123806 9.694259e+00
123808 9.694259e+00
123902 9.694259e+00
123923 9.694259e+00
123925 9.694259e+00
123994 9.694259e+00
124067 9.694259e+00
124113 9.694259e+00
124114 9.694259e+00
124116 9.694259e+00
124180 9.694259e+00
124280 9.694259e+00
124281 9.694259e+00
124310 9.694259e+00
124356 9.694259e+00
124501 9.694259e+00
124528 9.694259e+00
124531 9.694259e+00
124708 9.694259e+00
124777 9.694259e+00
124927 9.694259e+00
124938 9.694259e+00
124946 9.694259e+00
124961 9.694259e+00
124995 9.694259e+00
124997 9.694259e+00
125091 9.694259e+00
125159 9.694259e+00
125186 9.694259e+00
125362 9.694259e+00
125437 9.694259e+00
125468 9.694259e+00
125477 9.694259e+00
125533 9.694259e+00
125549 9.694259e+00
125578 9.694259e+00
125583 9.694259e+00
125641 9.694259e+00
125779 9.694259e+00
125827 9.694259e+00
125892 9.694259e+00
125894 9.694259e+00
125951 9.694259e+00
126024 9.694259e+00
126126 9.694259e+00
126203 9.694259e+00
126257 9.694259e+00
126383 9.694259e+00
126402 9.694259e+00
126489 9.694259e+00
126495 9.694259e+00
126522 9.694259e+00
126574 9.694259e+00
126666 9.694259e+00
126681 9.694259e+00
126747 9.694259e+00
126764 9.694259e+00
126794 9.694259e+00
126800 9.694259e+00
126856 9.694259e+00
126921 9.694259e+00
126955 9.694259e+00
126988 9.694259e+00
126996 9.694259e+00
127013 9.694259e+00
127047 9.694259e+00
127115 9.694259e+00
127167 9.694259e+00
127192 9.694259e+00
127223 9.694258e+00
127234 9.694258e+00
127263 9.694258e+00
127322 9.694258e+00
127325 9.694258e+00
127392 9.694258e+00
127408 9.694258e+00
127456 9.694258e+00
127551 9.694258e+00
127615 9.694258e+00
127618 9.694258e+00
127642 9.694258e+00
127665 9.694258e+00
127705 9.694258e+00
127773 9.694258e+00
127848 9.694258e+00
127874 9.694258e+00
127905 9.694258e+00
128013 9.694258e+00
128181 9.694258e+00
128241 9.694258e+00
128251 9.694258e+00
128253 9.694258e+00
128317 9.694258e+00
128426 9.694258e+00
128435 9.694258e+00
128525 9.694258e+00
128561 9.694257e+00
128603 9.694257e+00
128604 9.694257e+00
128606 9.694257e+00
128673 9.694257e+00
128704 9.694257e+00
128824 9.694257e+00
128855 9.694257e+00
128897 9.694257e+00
128924 9.694257e+00
128970 9.694257e+00
128975 9.694257e+00
129121 9.694257e+00
129315 9.694257e+00
129319 9.694257e+00
129446 9.694257e+00
129464 9.694257e+00
129466 9.694257e+00
129524 9.694257e+00
129533 9.694257e+00
129570 9.694257e+00
129574 9.694257e+00
129598 9.694257e+00
129640 9.694257e+00
129684 9.694257e+00
129687 9.694257e+00
129723 9.694257e+00
129778 9.694257e+00
129891 9.694257e+00
129981 9.694257e+00
130002 9.694257e+00
130037 9.694257e+00
130118 9.694257e+00
130162 9.694257e+00
130170 9.694257e+00
130179 9.694257e+00
130182 9.694257e+00
130201 9.694257e+00
130257 9.694257e+00
130397 9.694257e+00
130399 9.694257e+00
130435 9.694257e+00
130450 9.694257e+00
130471 9.694257e+00
130552 9.694257e+00
130594 9.694257e+00
130619 9.694257e+00
130647 9.694257e+00
130674 9.694257e+00
130731 9.694257e+00
130758 9.694257e+00
130767 9.694257e+00
130796 9.694257e+00
130867 9.694257e+00
130872 9.694257e+00
130905 9.694257e+00
130994 9.694257e+00
130998 9.694257e+00
131033 9.694257e+00
131069 9.694257e+00
131100 9.694257e+00
131186 9.694257e+00
131269 9.694257e+00
131287 9.694257e+00
131299 9.694257e+00
131304 9.694257e+00
131305 9.694257e+00
131378 9.694257e+00
131384 9.694257e+00
131389 9.694257e+00
131451 9.694257e+00
131463 9.694257e+00
131476 9.694257e+00
131510 9.694257e+00
131534 9.694257e+00
131656 9.694257e+00
131662 9.694257e+00
131690 9.694257e+00
131729 9.694257e+00
131774 9.694257e+00
131798 9.694257e+00
131834 9.694257e+00
131835 9.694257e+00
131838 9.694257e+00
131856 9.694257e+00
131869 9.694257e+00
131933 9.694257e+00
131972 9.694257e+00
131974 9.694257e+00
154346 9.677053e+00
154381 9.393459e+00
155126 9.391178e+00
155368 9.232032e+00
155404 9.116249e+00
155990 9.039308e+00
156666 8.882922e+00
156978 8.799171e+00
157102 8.751486e+00
157312 8.725400e+00
157669 8.636594e+00
157674 8.572629e+00
157878 8.542859e+00
157904 8.538605e+00
157910 8.330747e+00
158296 8.329279e+00
158336 8.293528e+00
158532 8.235441e+00
158971 8.167645e+00
159181 8.103825e+00
159608 8.081153e+00
160050 8.078931e+00
160081 8.051133e+00
160105 8.038258e+00
160192 8.020113e+00
160667 7.983795e+00
160891 7.976400e+00
161046 7.960357e+00
161284 7.937342e+00
161351 7.906479e+00
161411 7.894713e+00
161719 7.875133e+00
162153 7.861978e+00
162212 7.852864e+00
162427 7.824734e+00
162604 7.808290e+00
162667 7.798029e+00
163416 7.794770e+00
163456 7.768656e+00
163589 7.766202e+00
163767 7.746139e+00
164264 7.719209e+00
164357 7.702299e+00
165356 7.684876e+00
166157 7.661847e+00
166261 7.658743e+00
166709 7.654233e+00
166792 7.646142e+00
166955 7.606025e+00
167060 7.596602e+00
167107 7.581671e+00
167375 7.546736e+00
168294 7.540518e+00
168295 7.522357e+00
168820 7.519565e+00
169036 7.516248e+00
169116 7.510014e+00
169253 7.488422e+00
169255 7.477714e+00
169419 7.472569e+00
169421 7.445766e+00
170020 7.442133e+00
170393 7.427852e+00
171262 7.426245e+00
171335 7.417933e+00
171546 7.412816e+00
171611 7.388905e+00
172632 7.378806e+00
172823 7.376735e+00
173221 7.375688e+00
173257 7.367417e+00
173652 7.367166e+00
173710 7.361835e+00
173869 7.352153e+00
174039 7.337322e+00
174468 7.335991e+00
174612 7.335421e+00
174613 7.328498e+00
174744 7.321755e+00
174753 7.319357e+00
175442 7.314959e+00
175583 7.314436e+00
175593 7.311666e+00
175690 7.307480e+00
175846 7.306294e+00
176360 7.306152e+00
176375 7.305691e+00
176397 7.305031e+00
176424 7.304134e+00
176496 7.301980e+00
176730 7.300474e+00
176854 7.298927e+00
176938 7.297522e+00
176962 7.296592e+00
177171 7.295857e+00
177174 7.294302e+00
177199 7.293184e+00
177224 7.292728e+00
177344 7.289127e+00
177872 7.288312e+00
178007 7.286157e+00
178072 7.285478e+00
178078 7.284890e+00
178574 7.283581e+00
178657 7.281623e+00
178875 7.279565e+00
179073 7.279189e+00
179125 7.276217e+00
179365 7.274878e+00
179473 7.274485e+00
179623 7.273551e+00
179741 7.272437e+00
180163 7.272391e+00
180236 7.272347e+00
180370 7.271390e+00
180415 7.270105e+00
180978 7.269676e+00
181001 7.269182e+00
181067 7.268134e+00
181406 7.267774e+00
181447 7.266200e+00
181611 7.265941e+00
181669 7.265289e+00
181964 7.264997e+00
181978 7.263899e+00
182498 7.262613e+00
183283 7.261828e+00
183319 7.261476e+00
183956 7.261169e+00
183978 7.259696e+00
184163 7.259277e+00
184423 7.259257e+00
184450 7.257653e+00
185146 7.257557e+00
185256 7.256905e+00
185623 7.256135e+00
185835 7.256068e+00
185887 7.255416e+00
185990 7.255373e+00
186069 7.255149e+00
186246 7.254977e+00
186255 7.254877e+00
186452 7.254686e+00
186627 7.254681e+00
186685 7.254434e+00
186731 7.254226e+00
186820 7.253747e+00
186923 7.253701e+00
187257 7.253194e+00
188110 7.253152e+00
188182 7.252964e+00
188336 7.252486e+00
188652 7.252223e+00
188844 7.251872e+00
189498 7.251849e+00
189499 7.251694e+00
189845 7.251526e+00
190137 7.251522e+00
190168 7.251513e+00
190253 7.251053e+00
190662 7.250956e+00
191136 7.250696e+00
191300 7.250689e+00
191358 7.250517e+00
191607 7.250477e+00
191816 7.250377e+00
191922 7.250358e+00
191988 7.250274e+00
192379 7.250245e+00
192541 7.250218e+00
192589 7.250114e+00
192699 7.250107e+00
192708 7.250048e+00
192951 7.249959e+00
193094 7.249939e+00
193326 7.249872e+00
193403 7.249867e+00
193421 7.249837e+00
193436 7.249823e+00
193461 7.249771e+00
193649 7.249638e+00
193820 7.249635e+00
194070 7.249631e+00
194098 7.249615e+00
194131 7.249598e+00
194143 7.249578e+00
194189 7.249546e+00
194222 7.249532e+00
194444 7.249519e+00
194464 7.249495e+00
194539 7.249485e+00
194708 7.249478e+00
194812 7.249473e+00
194853 7.249462e+00
194903 7.249454e+00
194904 7.249446e+00
195017 7.249423e+00
195066 7.249383e+00
195150 7.249348e+00
195391 7.249343e+00
195414 7.249292e+00
195654 7.249195e+00
195714 7.249179e+00
196109 7.249129e+00
196303 7.249120e+00
196507 7.249106e+00
196530 7.249079e+00
196570 7.249067e+00
196907 7.249053e+00
197024 7.249050e+00
197032 7.249025e+00
197207 7.248995e+00
197819 7.248988e+00
197901 7.248987e+00
197968 7.248959e+00
198166 7.248926e+00
198426 7.248922e+00
198610 7.248909e+00
198711 7.248908e+00
198907 7.248881e+00
199405 7.248874e+00
199534 7.248870e+00
199590 7.248855e+00
199651 7.248854e+00
199665 7.248837e+00
199759 7.248829e+00
199792 7.248827e+00
199931 7.248814e+00
200357 7.248808e+00
200524 7.248803e+00
200655 7.248798e+00
200807 7.248796e+00
200840 7.248793e+00
200880 7.248790e+00
200966 7.248784e+00
200994 7.248779e+00
201195 7.248777e+00
201196 7.248774e+00
201421 7.248773e+00
201458 7.248760e+00
201511 7.248752e+00
201548 7.248741e+00
201949 7.248740e+00
201972 7.248739e+00
202202 7.248731e+00
202317 7.248731e+00
202447 7.248727e+00
202641 7.248724e+00
202741 7.248716e+00
203367 7.248713e+00
203473 7.248710e+00
203689 7.248706e+00
203794 7.248706e+00
203991 7.248704e+00
204117 7.248704e+00
204143 7.248698e+00
204300 7.248695e+00
204351 7.248691e+00
204623 7.248690e+00
204695 7.248689e+00
204753 7.248687e+00
204862 7.248686e+00
204921 7.248686e+00
204928 7.248683e+00
205239 7.248683e+00
205482 7.248683e+00
205588 7.248677e+00
205716 7.248674e+00
206153 7.248674e+00
206391 7.248673e+00
206603 7.248672e+00
206652 7.248670e+00
206810 7.248670e+00
206818 7.248670e+00
206854 7.248668e+00
206903 7.248668e+00
207043 7.248667e+00
207227 7.248667e+00
207570 7.248664e+00
207794 7.248664e+00
207812 7.248664e+00
207948 7.248664e+00
208023 7.248664e+00
208106 7.248663e+00
208121 7.248662e+00
208351 7.248662e+00
208402 7.248662e+00
208965 7.248662e+00
209025 7.248662e+00
209195 7.248662e+00
209232 7.248662e+00
209297 7.248662e+00
209352 7.248661e+00
209371 7.248661e+00
209383 7.248661e+00
209412 7.248661e+00
209663 7.248661e+00
209669 7.248661e+00
209729 7.248661e+00
209796 7.248661e+00
209895 7.248661e+00
209912 7.248661e+00
209918 7.248661e+00
210015 7.248661e+00
210096 7.248661e+00
210106 7.248661e+00
210297 7.248661e+00
210605 7.248661e+00
210749 7.248661e+00
210788 7.248661e+00
210897 7.248661e+00
211110 7.248661e+00
211407 7.248661e+00
211496 7.248661e+00
211522 7.248661e+00
211597 7.248661e+00
211598 7.248661e+00
211919 7.248661e+00
212034 7.248661e+00
212064 7.248661e+00
212065 7.248661e+00
212191 7.248661e+00
212248 7.248661e+00
212266 7.248661e+00
212299 7.248660e+00
212494 7.248660e+00
212910 7.248660e+00
213036 7.248660e+00
213116 7.248660e+00
213224 7.248660e+00
213582 7.248660e+00
213603 7.248660e+00
213608 7.248660e+00
213628 7.248660e+00
213823 7.248660e+00
213916 7.248660e+00
213943 7.248660e+00
214154 7.248660e+00
214179 7.248660e+00
214203 7.248660e+00
214205 7.248660e+00
214287 7.248660e+00
214312 7.248660e+00
214322 7.248660e+00
214393 7.248660e+00
214525 7.248660e+00
214564 7.248660e+00
214626 7.248660e+00
214643 7.248660e+00
214739 7.248660e+00
214796 7.248660e+00
214814 7.248660e+00
214874 7.248660e+00
214900 7.248660e+00
214985 7.248660e+00
215084 7.248660e+00
215105 7.248660e+00
215187 7.248660e+00
215536 7.248660e+00
215543 7.248660e+00
215671 7.248660e+00
215705 7.248660e+00
215713 7.248660e+00
215740 7.248660e+00
215789 7.248660e+00
215799 7.248660e+00
215857 7.248660e+00
215909 7.248660e+00
215927 7.248660e+00
216166 7.248660e+00
216204 7.248660e+00
216234 7.248660e+00
216297 7.248660e+00
216405 7.248660e+00
216476 7.248660e+00
216593 7.248660e+00
216946 7.248660e+00
217256 7.248660e+00
217639 7.248660e+00
266018 7.091119e+00
267277 7.086233e+00
267338 6.979541e+00
268676 6.965007e+00
268902 6.962530e+00
268992 6.875393e+00
269361 6.799885e+00
269693 6.799679e+00
270175 6.740310e+00
270892 6.679904e+00
270981 6.675608e+00
271594 6.671480e+00
271958 6.629594e+00
272189 6.607739e+00
272549 6.567063e+00
272695 6.540014e+00
273081 6.513596e+00
273926 6.501149e+00
274134 6.489960e+00
274187 6.475239e+00
274281 6.456170e+00
275080 6.447432e+00
275449 6.438072e+00
275605 6.370698e+00
276147 6.319818e+00
276776 6.306767e+00
277176 6.304451e+00
277189 6.250394e+00
278064 6.241843e+00
278523 6.188189e+00
279195 6.183870e+00
279374 6.137100e+00
280365 6.127802e+00
280385 6.111485e+00
280536 6.111438e+00
280875 6.103584e+00
280987 6.097882e+00
281073 6.095295e+00
281226 6.093829e+00
281251 6.067263e+00
281491 6.065179e+00
281763 6.063882e+00
281817 6.061080e+00
281834 6.054284e+00
282011 6.044925e+00
282021 6.029677e+00
282295 6.028352e+00
282579 6.020001e+00
283157 6.010354e+00
283213 6.002009e+00
284010 5.996483e+00
284151 5.983966e+00
284625 5.983559e+00
284957 5.976843e+00
285208 5.974659e+00
285333 5.970619e+00
285612 5.968666e+00
285647 5.968413e+00
285656 5.957945e+00
286213 5.947972e+00
286754 5.947274e+00
286790 5.941082e+00
287273 5.935318e+00
287363 5.934360e+00
287372 5.929730e+00
287671 5.926981e+00
287850 5.911528e+00
288172 5.910990e+00
288451 5.909247e+00
289021 5.903861e+00
289476 5.898415e+00
289621 5.896960e+00
289716 5.890406e+00
289976 5.885706e+00
290179 5.875840e+00
290296 5.874423e+00
290946 5.871716e+00
291441 5.868308e+00
291734 5.863351e+00
292398 5.861958e+00
292612 5.857785e+00
292923 5.856441e+00
293120 5.856195e+00
293295 5.852029e+00
293426 5.849971e+00
293748 5.846192e+00
294060 5.841037e+00
294920 5.840909e+00
295394 5.836676e+00
296330 5.834012e+00
296670 5.832574e+00
296735 5.831952e+00
296835 5.831501e+00
297168 5.830500e+00
297563 5.827569e+00
298537 5.827272e+00
298641 5.826872e+00
298749 5.824563e+00
299307 5.824498e+00
299353 5.820717e+00
