1 2.583873e+05
5 1.684994e+05
13 1.651307e+05
15 1.229420e+05
29 3.812678e+04
403 2.808182e+04
477 1.771923e+04
543 1.394831e+04
557 1.349338e+04
660 1.186398e+04
672 8.865340e+03
805 8.653666e+03
844 8.449926e+03
872 5.194050e+03
962 4.121219e+03
1000 3.684546e+03
1186 3.204279e+03
1324 2.986962e+03
1378 2.927796e+03
1431 2.516697e+03
1499 2.443075e+03
1533 2.046019e+03
1664 1.913609e+03
1716 1.812722e+03
1731 1.775063e+03
1800 1.690956e+03
1814 1.496452e+03
1827 1.461011e+03
1998 1.149177e+03
2227 1.148776e+03
2237 1.128939e+03
2288 1.094131e+03
2298 1.059344e+03
2304 1.032701e+03
2392 9.347843e+02
2449 9.033698e+02
2455 8.184102e+02
2578 6.908721e+02
2813 6.693669e+02
2854 6.352134e+02
2857 6.124836e+02
2956 5.617482e+02
2991 5.373467e+02
3058 4.957179e+02
3128 4.539720e+02
3151 4.131872e+02
3235 3.678320e+02
3274 3.631152e+02
3369 3.610101e+02
3438 3.496333e+02
3460 3.335138e+02
3496 3.228996e+02
3566 3.093631e+02
3580 2.748318e+02
3607 2.709044e+02
3699 2.558881e+02
3700 2.380896e+02
3706 2.028167e+02
3850 1.861513e+02
3908 1.856953e+02
3913 1.649091e+02
4091 1.596230e+02
4108 1.542574e+02
4235 1.507396e+02
4298 1.414042e+02
4334 1.409648e+02
4398 1.400503e+02
4427 1.367434e+02
4465 1.351542e+02
4496 1.347277e+02
4513 1.345790e+02
4536 1.332350e+02
4570 1.318291e+02
4635 1.285784e+02
4640 1.262835e+02
4748 1.252987e+02
4815 1.235233e+02
4847 1.207834e+02
4929 1.193887e+02
4967 1.185333e+02
4987 1.168011e+02
5007 1.149194e+02
5055 1.093261e+02
5075 1.039988e+02
5133 1.027916e+02
5152 1.027717e+02
5281 1.022625e+02
5324 9.843296e+01
5479 9.180588e+01
5528 9.040137e+01
5552 8.754382e+01
5595 8.159517e+01
5719 7.407706e+01
5809 7.305280e+01
5830 7.105647e+01
5872 7.047652e+01
5875 6.888287e+01
5910 6.463762e+01
5928 6.303730e+01
6059 6.111829e+01
6145 6.042793e+01
6160 5.318655e+01
6205 4.958901e+01
6230 4.623887e+01
6390 4.601799e+01
6441 4.471189e+01
6442 4.427707e+01
6477 4.195191e+01
6491 4.088755e+01
6523 4.053397e+01
6544 3.976153e+01
6567 3.930931e+01
6581 3.923184e+01
6595 3.863436e+01
6605 3.364438e+01
6631 3.109608e+01
6693 2.953136e+01
6783 2.377001e+01
6864 2.259948e+01
7000 1.911734e+01
7047 1.899249e+01
7080 1.843208e+01
7116 1.781760e+01
7238 1.674825e+01
7306 1.522063e+01
7359 1.517221e+01
7373 1.481998e+01
7472 1.434011e+01
7495 1.135202e+01
7567 1.107285e+01
7583 9.587985e+00
7649 8.207355e+00
7670 7.657566e+00
7830 7.306851e+00
7928 7.004798e+00
8066 6.684650e+00
8068 6.090339e+00
8111 5.466662e+00
8157 5.046386e+00
8206 4.719281e+00
8208 4.488241e+00
8254 4.329341e+00
8284 3.620288e+00
8293 3.169933e+00
8330 2.534977e+00
8461 2.505313e+00
8607 2.387463e+00
8629 2.092008e+00
8868 2.083367e+00
8881 1.777575e+00
8942 1.674666e+00
8966 1.574457e+00
9026 1.555080e+00
9036 1.192252e+00
9241 1.169711e+00
9299 9.986548e-01
9416 9.054527e-01
9419 9.048281e-01
9457 8.479108e-01
9572 8.058386e-01
9675 8.040164e-01
9682 7.938819e-01
9718 7.459306e-01
9727 7.379550e-01
9760 6.184542e-01
9767 5.659214e-01
9829 5.508157e-01
9858 4.398929e-01
9957 3.640556e-01
10128 3.196742e-01
10210 2.943937e-01
10347 2.793389e-01
10360 1.833097e-01
10810 1.754470e-01
10885 1.547788e-01
10990 1.329511e-01
11062 1.207468e-01
11174 1.151805e-01
11312 8.950948e-02
11596 8.694307e-02
11677 8.029865e-02
11989 7.863041e-02
12036 7.442283e-02
12050 6.226760e-02
12190 5.997955e-02
12267 5.781963e-02
12351 5.475015e-02
12517 4.443561e-02
12881 4.280934e-02
12929 4.082392e-02
13005 3.955332e-02
13011 3.907633e-02
13081 3.772716e-02
13258 3.510143e-02
13400 3.459164e-02
13510 3.301533e-02
13530 3.283892e-02
13564 3.230352e-02
13679 3.074514e-02
13692 3.071659e-02
13880 2.938464e-02
13886 2.891959e-02
14013 2.780812e-02
14184 2.699039e-02
14222 2.692046e-02
14278 2.580954e-02
14367 2.482665e-02
14414 2.401573e-02
14424 2.333291e-02
14425 2.253251e-02
14502 2.239142e-02
14718 2.211721e-02
14985 2.165364e-02
15000 1.922484e-02
15110 1.921079e-02
15482 1.827115e-02
15500 1.788852e-02
15615 1.734904e-02
15787 1.714231e-02
15789 1.664113e-02
15870 1.594434e-02
15981 1.586441e-02
15991 1.571920e-02
16029 1.537885e-02
16106 1.511680e-02
16226 1.489853e-02
16261 1.485795e-02
16271 1.440107e-02
16402 1.433187e-02
16490 1.395169e-02
16491 1.367375e-02
16512 1.282259e-02
16817 1.212776e-02
16901 1.156942e-02
17007 1.079305e-02
17231 1.056362e-02
17318 1.046952e-02
17353 1.031312e-02
17560 9.303301e-03
17983 9.258207e-03
18000 9.226992e-03
18078 8.857725e-03
18191 8.759029e-03
18222 8.751787e-03
18264 8.581946e-03
18325 8.516525e-03
18340 8.494618e-03
18346 8.416205e-03
18466 8.359119e-03
18490 8.278448e-03
18502 8.134076e-03
18603 8.037219e-03
18604 8.012120e-03
18640 7.847123e-03
18655 7.745187e-03
18746 7.414084e-03
18773 7.289417e-03
18946 6.989386e-03
18962 6.930076e-03
19226 6.924280e-03
19235 6.893689e-03
19247 6.865633e-03
19256 6.784586e-03
19317 6.690109e-03
19410 6.649256e-03
19413 6.337694e-03
19470 5.920906e-03
19590 5.782181e-03
19596 5.744713e-03
19751 5.494616e-03
19814 5.370755e-03
19874 5.325681e-03
19878 5.140279e-03
19959 5.130379e-03
19963 4.845072e-03
20011 4.837321e-03
20016 4.645231e-03
20208 4.565251e-03
20214 4.561869e-03
20230 4.411338e-03
20326 4.177382e-03
20350 4.152680e-03
20395 4.138303e-03
20443 4.071541e-03
20458 3.856654e-03
20671 3.757409e-03
20768 3.691754e-03
20811 3.520958e-03
20852 3.518062e-03
20933 3.483770e-03
21099 3.464893e-03
21135 3.391259e-03
21140 3.380892e-03
21176 3.102932e-03
21252 3.092242e-03
21284 2.991553e-03
21347 2.900964e-03
21532 2.808476e-03
21573 2.638291e-03
21729 2.587281e-03
21750 2.442011e-03
21956 2.421040e-03
22058 2.418092e-03
22100 2.378929e-03
22177 2.305238e-03
22317 2.276218e-03
22342 2.275118e-03
22379 2.245734e-03
22442 2.242259e-03
22463 2.219259e-03
22480 2.185157e-03
22537 2.169200e-03
22561 2.122961e-03
22708 2.116377e-03
22859 2.088368e-03
22923 2.079806e-03
22979 2.037630e-03
23121 2.032454e-03
23163 2.020675e-03
23184 2.005219e-03
23214 1.993195e-03
23273 1.992742e-03
23298 1.966865e-03
23327 1.921412e-03
23424 1.882793e-03
23504 1.859433e-03
23544 1.848882e-03
23622 1.822870e-03
23641 1.818062e-03
23645 1.799779e-03
23669 1.786432e-03
23865 1.745417e-03
24020 1.727715e-03
24093 1.612520e-03
24187 1.606326e-03
24268 1.587868e-03
24272 1.578011e-03
24274 1.576692e-03
24360 1.517120e-03
24429 1.513755e-03
24487 1.510070e-03
24496 1.484998e-03
24498 1.478157e-03
24522 1.398966e-03
24588 1.351863e-03
24622 1.347770e-03
24700 1.347097e-03
24791 1.275592e-03
24909 1.262799e-03
24988 1.238355e-03
25222 1.221239e-03
25338 1.183037e-03
25383 1.151056e-03
25441 1.137080e-03
25513 1.086285e-03
25632 1.080049e-03
25693 1.028705e-03
25795 1.025778e-03
25816 1.017115e-03
25828 9.526888e-04
26019 9.427859e-04
26191 9.292860e-04
26322 8.983837e-04
26338 8.415910e-04
26470 7.668529e-04
26889 7.639646e-04
27057 7.608839e-04
27071 7.525170e-04
27112 7.523745e-04
27117 7.326196e-04
27181 7.326052e-04
27182 7.290413e-04
27197 7.053806e-04
27254 6.906821e-04
27287 6.862545e-04
27324 6.790482e-04
27389 6.639021e-04
27462 6.616389e-04
27484 6.609812e-04
27575 6.287397e-04
27702 6.244732e-04
27832 6.230744e-04
27859 6.222396e-04
27865 6.206273e-04
27877 5.967962e-04
27993 5.691554e-04
28107 5.598021e-04
28193 5.553087e-04
28286 5.494726e-04
28353 5.415790e-04
28459 5.290274e-04
28464 5.140265e-04
28547 5.059506e-04
28577 5.052733e-04
28591 5.051698e-04
28599 5.007111e-04
28600 4.949685e-04
28617 4.850909e-04
28662 4.671925e-04
28717 4.617877e-04
28772 4.554526e-04
28797 4.540564e-04
28839 4.497207e-04
28883 4.411689e-04
28885 4.247384e-04
28940 4.191521e-04
28947 4.162798e-04
29110 4.040797e-04
29172 4.028122e-04
29339 3.763050e-04
29357 3.664135e-04
29466 3.440617e-04
29549 3.227550e-04
29747 3.147837e-04
29835 2.942959e-04
29987 2.936426e-04
30016 2.811079e-04
30033 2.587616e-04
30081 2.558440e-04
30110 2.514288e-04
30194 2.464547e-04
30204 2.315380e-04
30318 2.293581e-04
30354 2.097787e-04
30555 2.096214e-04
30610 2.073488e-04
30713 1.970554e-04
30854 1.956373e-04
30871 1.944027e-04
30908 1.928647e-04
30917 1.921677e-04
30985 1.835572e-04
30995 1.763928e-04
31257 1.751098e-04
31277 1.732072e-04
31284 1.701246e-04
31359 1.632248e-04
31363 1.585733e-04
31631 1.531573e-04
31718 1.528750e-04
31799 1.482597e-04
31916 1.480553e-04
32008 1.458478e-04
32117 1.430844e-04
32159 1.426196e-04
32201 1.415994e-04
32222 1.387149e-04
32262 1.385546e-04
32441 1.370528e-04
32446 1.327106e-04
32561 1.326292e-04
32566 1.325893e-04
32644 1.321743e-04
32674 1.318722e-04
32685 1.316835e-04
32724 1.316179e-04
32745 1.311803e-04
32762 1.281821e-04
32779 1.281676e-04
32797 1.274210e-04
32842 1.265424e-04
32915 1.264896e-04
32939 1.252301e-04
32994 1.248128e-04
33037 1.215252e-04
33061 1.213288e-04
33073 1.205577e-04
33113 1.199782e-04
33204 1.199438e-04
33231 1.177262e-04
33318 1.176252e-04
33461 1.173093e-04
33475 1.165465e-04
33490 1.149353e-04
33534 1.122923e-04
33553 1.114953e-04
33666 1.113033e-04
33704 1.112339e-04
33710 1.111077e-04
33726 1.073213e-04
33771 1.050736e-04
33783 1.021545e-04
33962 1.016751e-04
33972 9.945431e-05
34115 9.799900e-05
34246 9.751067e-05
34256 9.729271e-05
34308 9.658545e-05
34377 9.558791e-05
34412 9.510202e-05
34416 9.317648e-05
34494 9.308449e-05
34497 9.301638e-05
34520 8.932225e-05
34568 8.930455e-05
34602 8.830678e-05
34650 8.545664e-05
34746 8.443293e-05
34908 8.237103e-05
34999 8.165604e-05
35040 8.161497e-05
35083 8.076310e-05
35103 8.012342e-05
35108 7.882671e-05
35248 7.736864e-05
35384 7.448516e-05
35470 7.299386e-05
35640 7.120587e-05
35877 7.095658e-05
35904 6.959217e-05
35925 6.817328e-05
36083 6.749122e-05
36145 6.679166e-05
36201 6.625287e-05
36333 6.614320e-05
36395 6.424167e-05
36587 6.278083e-05
36805 6.256409e-05
36821 6.191513e-05
36874 6.174902e-05
37033 6.133079e-05
37069 6.115125e-05
37122 6.097080e-05
37131 6.004496e-05
37203 5.973518e-05
37232 5.948630e-05
37297 5.930605e-05
37373 5.896265e-05
37439 5.869317e-05
37483 5.838652e-05
37542 5.812999e-05
37662 5.758754e-05
37785 5.733271e-05
37965 5.669235e-05
38120 5.664837e-05
38140 5.664228e-05
38143 5.650375e-05
38163 5.646721e-05
38173 5.640371e-05
38192 5.594717e-05
38286 5.578053e-05
38288 5.527427e-05
38328 5.523512e-05
38332 5.510423e-05
38364 5.485175e-05
38510 5.467459e-05
38529 5.443934e-05
38558 5.423494e-05
38748 5.409274e-05
38759 5.330562e-05
38777 5.316330e-05
38948 5.310645e-05
38976 5.300016e-05
39061 5.170314e-05
39096 5.115350e-05
39221 5.084946e-05
39263 5.054201e-05
39342 5.035710e-05
39379 4.954428e-05
39461 4.734405e-05
39494 4.729193e-05
39928 4.607900e-05
40014 4.599925e-05
40037 4.377326e-05
40060 4.308821e-05
40134 4.197996e-05
40199 4.186584e-05
40254 3.975480e-05
40267 3.810610e-05
40533 3.805847e-05
40648 3.785456e-05
40657 3.465180e-05
40823 3.192008e-05
40978 2.874697e-05
41095 2.862736e-05
41270 2.810377e-05
41297 2.619541e-05
41399 2.564728e-05
41415 2.387623e-05
41722 2.333867e-05
41729 2.318254e-05
41731 2.252424e-05
41837 2.226377e-05
41971 2.208274e-05
41985 2.181586e-05
42142 2.126531e-05
42149 2.057492e-05
42168 2.025586e-05
42215 2.013044e-05
42226 1.917131e-05
42371 1.846009e-05
42422 1.797065e-05
42630 1.770481e-05
42668 1.758768e-05
42813 1.732457e-05
42814 1.721090e-05
42859 1.712771e-05
42897 1.628625e-05
43008 1.609162e-05
43142 1.590871e-05
43145 1.589612e-05
43187 1.587519e-05
43201 1.521861e-05
43372 1.515563e-05
43392 1.507804e-05
43560 1.504414e-05
43608 1.503170e-05
43632 1.474969e-05
43667 1.464341e-05
43769 1.456241e-05
43859 1.444672e-05
43953 1.418375e-05
44002 1.410330e-05
44221 1.406271e-05
44227 1.406158e-05
44228 1.403286e-05
44253 1.402599e-05
44255 1.401440e-05
44304 1.389178e-05
44356 1.382130e-05
44465 1.378555e-05
44469 1.366196e-05
44602 1.362844e-05
44616 1.361452e-05
44667 1.355129e-05
44684 1.352131e-05
44732 1.344329e-05
44740 1.328780e-05
44998 1.327233e-05
132899 1.316921e-05
132932 1.278842e-05
132956 1.250388e-05
133066 1.241661e-05
133074 1.205735e-05
133110 1.197649e-05
133140 1.195127e-05
133171 1.104234e-05
133247 1.102003e-05
133276 1.100205e-05
133320 1.090068e-05
133425 1.057278e-05
133463 1.047484e-05
133523 1.016028e-05
133578 1.015127e-05
133580 1.005646e-05
133618 8.781847e-06
133795 8.137892e-06
134326 8.123814e-06
134535 7.722007e-06
134573 7.647617e-06
134616 7.557505e-06
134618 7.296632e-06
134664 7.259991e-06
134718 7.219759e-06
134719 7.188350e-06
134775 6.976246e-06
134805 6.592983e-06
135054 6.402471e-06
135142 6.386248e-06
135191 6.299333e-06
135224 6.267235e-06
135245 6.113160e-06
135328 6.107474e-06
135456 5.942015e-06
135543 5.871464e-06
135544 5.862866e-06
135566 5.728738e-06
135718 5.608476e-06
135885 5.594608e-06
135886 5.544651e-06
135918 5.495907e-06
135920 5.490843e-06
135985 5.277563e-06
136036 5.233826e-06
136098 5.229038e-06
136163 5.225398e-06
136170 5.184820e-06
136311 5.175528e-06
136319 5.080387e-06
136437 5.041067e-06
136444 4.878864e-06
136550 4.736465e-06
136590 4.735965e-06
136713 4.563582e-06
136912 4.541838e-06
136933 4.513170e-06
136987 4.490723e-06
137001 4.456425e-06
137087 4.438965e-06
137103 4.378544e-06
137228 4.334082e-06
137237 4.295054e-06
137342 4.214265e-06
137458 4.190930e-06
137571 4.111093e-06
137624 4.024664e-06
137854 3.888876e-06
137970 3.784176e-06
138088 3.778603e-06
138230 3.727612e-06
138280 3.641743e-06
138292 3.623305e-06
138461 3.618398e-06
138495 3.600080e-06
138636 3.566526e-06
138652 3.546250e-06
138696 3.522540e-06
138712 3.502856e-06
138739 3.480647e-06
138815 3.429086e-06
138927 3.410805e-06
138934 3.356812e-06
138970 3.356369e-06
138977 3.189920e-06
139311 3.183028e-06
139373 3.011189e-06
139540 2.958279e-06
139575 2.910089e-06
139732 2.853523e-06
139839 2.756552e-06
139887 2.751216e-06
139919 2.719525e-06
139991 2.716637e-06
140027 2.716498e-06
140110 2.576763e-06
140134 2.441933e-06
140418 2.441322e-06
140506 2.411297e-06
140607 2.371220e-06
140655 2.299809e-06
140745 2.264391e-06
140916 2.229968e-06
141029 2.123242e-06
141267 2.123005e-06
141372 2.109730e-06
141571 2.058751e-06
141636 2.049108e-06
141706 2.005401e-06
141725 1.984672e-06
141812 1.981307e-06
141910 1.976828e-06
141955 1.964586e-06
142002 1.949770e-06
142094 1.944639e-06
142115 1.933289e-06
142138 1.895878e-06
142225 1.875209e-06
142280 1.857020e-06
142319 1.844190e-06
142338 1.839510e-06
142340 1.832309e-06
142416 1.825933e-06
142438 1.817828e-06
142523 1.772449e-06
142575 1.756359e-06
142611 1.740541e-06
142685 1.725866e-06
142778 1.681143e-06
143042 1.630154e-06
143107 1.561087e-06
143237 1.540077e-06
143265 1.519362e-06
143295 1.504342e-06
143324 1.467400e-06
143398 1.439295e-06
143441 1.415683e-06
143481 1.397648e-06
143556 1.373316e-06
143562 1.349832e-06
143613 1.291009e-06
143690 1.271905e-06
143736 1.269807e-06
143931 1.226866e-06
144022 1.187493e-06
144025 1.098630e-06
144279 1.058357e-06
144409 1.057240e-06
144445 1.014372e-06
144591 1.012226e-06
144630 9.807763e-07
144680 9.302875e-07
144735 9.300724e-07
144874 9.150133e-07
144895 9.110268e-07
144907 8.742973e-07
145109 8.652946e-07
145142 8.529797e-07
145231 8.389344e-07
145316 8.385247e-07
145338 8.293225e-07
145341 8.293090e-07
145400 7.934288e-07
145459 7.603929e-07
145776 7.577997e-07
145910 7.215722e-07
146081 7.206538e-07
146102 7.191217e-07
146114 7.140896e-07
146143 6.958956e-07
146170 6.948339e-07
146230 6.900166e-07
146239 6.831154e-07
146258 6.434547e-07
146335 6.421737e-07
146359 6.375968e-07
146368 6.280575e-07
146370 6.076653e-07
146385 6.017290e-07
146444 5.807342e-07
146450 5.763337e-07
146499 5.739291e-07
146569 5.548587e-07
146668 5.472241e-07
146743 5.271851e-07
146885 4.912220e-07
146957 4.911245e-07
147029 4.750771e-07
147070 4.667208e-07
147113 4.621206e-07
147192 4.572154e-07
147251 4.456997e-07
147273 4.158257e-07
147474 4.068273e-07
147629 4.020388e-07
147639 3.977607e-07
147682 3.884786e-07
147746 3.875052e-07
147752 3.867391e-07
147767 3.809440e-07
147770 3.806819e-07
147815 3.701250e-07
147828 3.583371e-07
147969 3.340265e-07
148107 3.189706e-07
148396 3.188659e-07
148442 3.090439e-07
148471 3.079332e-07
148484 3.074432e-07
148517 3.045466e-07
148570 3.021211e-07
148575 3.017895e-07
148595 2.949018e-07
148619 2.947589e-07
148663 2.890352e-07
148719 2.739084e-07
148762 2.691281e-07
148854 2.591770e-07
148979 2.546591e-07
149006 2.516492e-07
149013 2.405011e-07
149084 2.378626e-07
149222 2.296456e-07
149242 2.294656e-07
149304 2.288536e-07
149320 2.259404e-07
149371 2.198353e-07
149477 2.182010e-07
149490 2.156398e-07
149542 2.103295e-07
149591 2.075249e-07
149645 2.045851e-07
149716 2.040725e-07
149745 2.010092e-07
149755 1.952461e-07
149843 1.904466e-07
149951 1.817392e-07
150086 1.797098e-07
150099 1.744703e-07
150259 1.710905e-07
150371 1.664444e-07
150420 1.663634e-07
150453 1.647934e-07
150464 1.621685e-07
150565 1.557295e-07
150606 1.540457e-07
150644 1.440543e-07
150877 1.428552e-07
150891 1.428307e-07
150901 1.427965e-07
150912 1.402236e-07
150928 1.363604e-07
151048 1.344181e-07
151097 1.283101e-07
151152 1.267501e-07
151170 1.207411e-07
151347 1.197341e-07
151441 1.157006e-07
151729 1.134266e-07
151799 1.118792e-07
151940 1.064275e-07
152215 1.061197e-07
152248 1.055035e-07
152249 1.051770e-07
152296 1.048281e-07
152339 1.041274e-07
152594 1.040128e-07
152595 1.027523e-07
152615 1.020152e-07
152658 1.004797e-07
152684 1.003700e-07
152744 1.000364e-07
152827 9.972930e-08
152897 9.922865e-08
152945 9.891796e-08
153007 9.870524e-08
153090 9.805821e-08
153133 9.749882e-08
153199 9.719062e-08
153367 9.706231e-08
153370 9.669133e-08
153441 9.658837e-08
153560 9.646981e-08
153603 9.633342e-08
153726 9.600283e-08
153747 9.584724e-08
153755 9.571814e-08
153789 9.554360e-08
153790 9.535488e-08
153876 9.498401e-08
153921 9.487292e-08
153922 9.475985e-08
153957 9.441296e-08
153976 9.439843e-08
154037 9.439600e-08
154089 9.410307e-08
154100 9.300024e-08
154247 9.282777e-08
154314 9.180427e-08
154344 9.174055e-08
154345 9.103113e-08
154418 8.989417e-08
154786 8.955782e-08
154866 8.929304e-08
154902 8.892596e-08
154930 8.873530e-08
154935 8.835665e-08
154992 8.723520e-08
155180 8.720284e-08
155214 8.676127e-08
155237 8.563606e-08
155314 8.551096e-08
155350 8.534080e-08
155498 8.500057e-08
155545 8.488527e-08
155554 8.467398e-08
155593 8.406520e-08
155675 8.396501e-08
155682 8.370456e-08
155709 8.291258e-08
155738 8.259479e-08
155763 8.248036e-08
155795 8.235581e-08
155837 8.192265e-08
155911 8.190308e-08
155929 8.125636e-08
155987 8.103915e-08
155995 8.057357e-08
156010 8.054368e-08
156027 8.028580e-08
156069 7.986386e-08
156135 7.948763e-08
156143 7.918703e-08
156147 7.878202e-08
156193 7.869518e-08
156228 7.866942e-08
156252 7.837824e-08
156267 7.827486e-08
156280 7.756091e-08
156361 7.637242e-08
156446 7.608232e-08
156484 7.586706e-08
156542 7.528553e-08
156567 7.446338e-08
156690 7.367712e-08
156718 7.329209e-08
156776 7.282465e-08
156875 7.228692e-08
156884 7.051464e-08
156939 7.034633e-08
156997 7.014294e-08
157065 6.722110e-08
157118 6.705129e-08
157153 6.694422e-08
157227 6.627805e-08
157231 6.527555e-08
157312 6.436025e-08
157383 6.344200e-08
157408 6.235118e-08
157464 6.186496e-08
157492 6.166958e-08
157544 6.019236e-08
157582 5.959946e-08
157620 5.865672e-08
157627 5.836327e-08
157685 5.786546e-08
157694 5.538754e-08
157772 5.488755e-08
157910 5.316525e-08
157952 5.204952e-08
158029 5.063365e-08
158101 5.027510e-08
158116 5.012721e-08
158159 4.994398e-08
158174 4.964962e-08
158201 4.955971e-08
158227 4.710976e-08
158275 4.564079e-08
158368 4.534072e-08
158450 4.429896e-08
158505 4.387473e-08
158562 4.335496e-08
158586 4.313260e-08
158621 4.290129e-08
158638 4.114827e-08
158728 4.029442e-08
158849 3.981033e-08
158981 3.907200e-08
159066 3.819293e-08
159121 3.662758e-08
159151 3.643715e-08
159250 3.630558e-08
159319 3.606397e-08
159418 3.523743e-08
159419 3.477771e-08
159433 3.444669e-08
159555 3.422943e-08
159570 3.302804e-08
159597 3.276873e-08
159742 3.096185e-08
160034 3.089173e-08
160167 3.014698e-08
160256 2.936061e-08
160276 2.856377e-08
160339 2.845339e-08
160413 2.837745e-08
160431 2.823341e-08
160441 2.777920e-08
160513 2.716168e-08
160578 2.625795e-08
160653 2.603901e-08
160723 2.595791e-08
160799 2.550940e-08
160933 2.540610e-08
161127 2.506452e-08
161145 2.461169e-08
161232 2.422730e-08
161331 2.374932e-08
161383 2.360652e-08
161424 2.298068e-08
161613 2.274615e-08
161661 2.258895e-08
161669 2.246201e-08
161809 2.228629e-08
161828 2.206936e-08
161881 2.191847e-08
161904 2.178404e-08
161945 2.157374e-08
162021 2.142227e-08
162117 2.104026e-08
162123 2.099044e-08
162200 2.083576e-08
162220 2.068173e-08
162245 2.059754e-08
162303 2.045180e-08
162321 2.044846e-08
162369 2.036289e-08
162377 2.030345e-08
162438 1.998612e-08
162530 1.996724e-08
162607 1.994308e-08
162651 1.986593e-08
162720 1.982234e-08
162724 1.974242e-08
162746 1.972723e-08
162748 1.969972e-08
162786 1.968010e-08
162866 1.958562e-08
162926 1.928558e-08
163038 1.923061e-08
163239 1.918961e-08
163301 1.917310e-08
163328 1.913651e-08
163365 1.912362e-08
163376 1.900610e-08
163421 1.888833e-08
163465 1.879236e-08
163648 1.856405e-08
163785 1.846895e-08
163826 1.843591e-08
163881 1.838866e-08
163954 1.836463e-08
163994 1.826350e-08
164020 1.821626e-08
164089 1.814387e-08
164178 1.809463e-08
164239 1.800736e-08
164287 1.782631e-08
164324 1.759592e-08
164429 1.745778e-08
164552 1.713130e-08
164770 1.699233e-08
164777 1.696071e-08
164812 1.676903e-08
164903 1.663977e-08
164980 1.662868e-08
165037 1.658924e-08
165080 1.658050e-08
165088 1.655857e-08
165092 1.652665e-08
165122 1.649967e-08
165135 1.642705e-08
165187 1.639643e-08
165219 1.638851e-08
165253 1.622286e-08
165297 1.612445e-08
165424 1.607890e-08
165536 1.597243e-08
165554 1.594097e-08
165559 1.593542e-08
165572 1.592578e-08
165676 1.590951e-08
165681 1.583670e-08
165815 1.573321e-08
165843 1.569675e-08
165865 1.569344e-08
165871 1.563692e-08
165904 1.552558e-08
165931 1.542553e-08
166208 1.534518e-08
166268 1.533095e-08
166274 1.506463e-08
166451 1.502104e-08
166503 1.501415e-08
166521 1.468437e-08
166546 1.427081e-08
166652 1.417612e-08
166716 1.410660e-08
166769 1.406757e-08
166843 1.371110e-08
166857 1.364449e-08
166897 1.356278e-08
166898 1.349926e-08
166926 1.324471e-08
167024 1.316898e-08
167040 1.260333e-08
167365 1.228054e-08
167435 1.222477e-08
167471 1.210307e-08
167489 1.198080e-08
167516 1.171446e-08
167705 1.168896e-08
167758 1.165014e-08
167780 1.156147e-08
167782 1.150121e-08
167806 1.137468e-08
167819 1.120087e-08
167834 1.049689e-08
167882 1.027052e-08
168111 9.886477e-09
268495 9.701246e-09
