1 2.100088e+04
2 1.943017e+04
12 1.925872e+04
34 1.925242e+04
48 1.833961e+04
256 1.808531e+04
509 1.781227e+04
574 1.771221e+04
648 1.696932e+04
1086 1.672081e+04
1515 1.666440e+04
2942 1.642640e+04
3964 1.638882e+04
5266 1.596739e+04
6739 1.590031e+04
7091 1.589467e+04
7225 1.555282e+04
7306 1.493665e+04
8631 1.443637e+04
10168 1.417323e+04
10352 1.411092e+04
11757 1.398862e+04
11784 1.369395e+04
13209 1.368407e+04
13623 1.348493e+04
13696 1.286085e+04
14050 1.237849e+04
14212 1.201271e+04
14430 1.158800e+04
14511 1.043164e+04
15092 9.771076e+03
15178 9.646458e+03
15271 9.238266e+03
15406 8.568530e+03
15557 8.531664e+03
15590 8.154279e+03
15624 7.823830e+03
15918 7.750157e+03
16042 7.593950e+03
16086 7.078818e+03
16169 7.049231e+03
16262 6.930313e+03
16288 6.798773e+03
16300 6.647336e+03
16319 6.371739e+03
16408 6.276225e+03
16435 6.223746e+03
16440 5.918801e+03
16469 5.879230e+03
16478 5.791502e+03
16516 5.756928e+03
16532 5.639452e+03
16537 5.277621e+03
16580 5.204074e+03
16594 4.997037e+03
16670 4.941001e+03
16737 4.816341e+03
16743 4.815830e+03
16754 4.815651e+03
16758 4.783004e+03
16800 4.657762e+03
16959 4.538478e+03
17035 4.498124e+03
17037 4.385132e+03
17108 4.366872e+03
17141 4.341894e+03
17166 4.293309e+03
17298 4.185710e+03
17344 4.150518e+03
17431 4.073292e+03
17543 4.057986e+03
17569 4.021799e+03
17572 3.962049e+03
17608 3.955542e+03
17742 3.904222e+03
17751 3.899254e+03
17770 3.883602e+03
17813 3.862856e+03
17856 3.837191e+03
17917 3.826801e+03
17978 3.818533e+03
18019 3.809720e+03
18063 3.807379e+03
18101 3.791822e+03
18212 3.789796e+03
18232 3.783747e+03
18236 3.742151e+03
18343 3.732431e+03
18448 3.731970e+03
18463 3.727210e+03
18489 3.711120e+03
18508 3.708264e+03
18551 3.704980e+03
18629 3.698543e+03
18705 3.692629e+03
18764 3.684746e+03
18851 3.682188e+03
18878 3.681960e+03
18900 3.681465e+03
18901 3.679861e+03
18946 3.679755e+03
18971 3.678865e+03
18982 3.673669e+03
18989 3.671189e+03
18990 3.667247e+03
19035 3.666135e+03
19042 3.664700e+03
19043 3.664592e+03
19227 3.661290e+03
19284 3.660437e+03
19286 3.659678e+03
19336 3.657808e+03
19353 3.656669e+03
19419 3.655587e+03
19432 3.651852e+03
19494 3.649878e+03
19569 3.648759e+03
19635 3.648753e+03
19662 3.648668e+03
19663 3.644995e+03
19870 3.644541e+03
19910 3.644372e+03
19948 3.643911e+03
19953 3.643389e+03
20018 3.643203e+03
20118 3.641744e+03
20198 3.641214e+03
20225 3.640916e+03
20260 3.640912e+03
20270 3.640299e+03
20373 3.640167e+03
20409 3.639737e+03
20426 3.639708e+03
20445 3.639466e+03
20539 3.639381e+03
20562 3.638836e+03
20653 3.638538e+03
20817 3.638227e+03
20854 3.638226e+03
20882 3.638127e+03
20990 3.638072e+03
21020 3.637899e+03
21128 3.637806e+03
21247 3.637733e+03
21252 3.637652e+03
21259 3.637554e+03
21316 3.637487e+03
21332 3.637474e+03
21374 3.637418e+03
21395 3.637334e+03
21417 3.637294e+03
21484 3.637282e+03
21519 3.637212e+03
21545 3.637209e+03
21610 3.637132e+03
21849 3.637104e+03
21882 3.637096e+03
21895 3.637037e+03
21939 3.637001e+03
22046 3.636987e+03
22080 3.636986e+03
22087 3.636982e+03
22092 3.636963e+03
22119 3.636960e+03
22145 3.636959e+03
22163 3.636938e+03
22281 3.636934e+03
22370 3.636930e+03
22431 3.636919e+03
22512 3.636916e+03
22563 3.636908e+03
22588 3.636898e+03
22665 3.636896e+03
22683 3.636895e+03
22719 3.636891e+03
22776 3.636885e+03
22885 3.636882e+03
22886 3.636877e+03
22935 3.636874e+03
23074 3.636866e+03
23080 3.636866e+03
23246 3.636862e+03
23289 3.636861e+03
23314 3.636859e+03
23352 3.636855e+03
23409 3.636853e+03
23507 3.636852e+03
23527 3.636851e+03
23555 3.636850e+03
23561 3.636849e+03
23566 3.636845e+03
23686 3.636845e+03
23767 3.636843e+03
23826 3.636839e+03
24075 3.636838e+03
24082 3.636837e+03
24178 3.636837e+03
24232 3.636835e+03
24359 3.636835e+03
24371 3.636835e+03
24381 3.636834e+03
24386 3.636834e+03
24407 3.636834e+03
24454 3.636833e+03
24513 3.636833e+03
24639 3.636832e+03
24768 3.636832e+03
24769 3.636832e+03
24843 3.636832e+03
24849 3.636832e+03
24914 3.636831e+03
24957 3.636831e+03
25103 3.636831e+03
25144 3.636831e+03
25145 3.636831e+03
25183 3.636831e+03
25184 3.636831e+03
25271 3.636831e+03
25350 3.636831e+03
25351 3.636831e+03
25397 3.636831e+03
25415 3.636831e+03
25471 3.636831e+03
25474 3.636831e+03
25475 3.636831e+03
25495 3.636831e+03
25504 3.636831e+03
25509 3.636831e+03
25522 3.636831e+03
25545 3.636830e+03
25555 3.636830e+03
25603 3.636830e+03
25607 3.636830e+03
25640 3.636830e+03
26048 3.636830e+03
26055 3.636830e+03
26147 3.636830e+03
26203 3.636830e+03
26265 3.636830e+03
26360 3.636830e+03
26383 3.636830e+03
26522 3.636830e+03
26634 3.636830e+03
26641 3.636830e+03
26707 3.636830e+03
26912 3.636830e+03
26944 3.636830e+03
26958 3.636830e+03
26994 3.636830e+03
27021 3.636830e+03
27035 3.636830e+03
27082 3.636830e+03
27096 3.636830e+03
27137 3.636830e+03
27169 3.636830e+03
27190 3.636830e+03
27277 3.636830e+03
27346 3.636830e+03
27357 3.636830e+03
27366 3.636830e+03
27455 3.636830e+03
27588 3.636830e+03
27624 3.636830e+03
27688 3.636830e+03
27720 3.636830e+03
27798 3.636830e+03
27818 3.636830e+03
27837 3.636830e+03
27838 3.636830e+03
27855 3.636830e+03
27865 3.636830e+03
28102 3.636830e+03
28104 3.636830e+03
28159 3.636830e+03
28295 3.636830e+03
28325 3.636830e+03
28464 3.636830e+03
28469 3.636830e+03
28542 3.636830e+03
28595 3.636830e+03
28596 3.636830e+03
28644 3.636830e+03
28696 3.636830e+03
28714 3.636830e+03
28771 3.636830e+03
28819 3.636830e+03
28883 3.636830e+03
28937 3.636830e+03
28938 3.636830e+03
29001 3.636830e+03
29023 3.636830e+03
29057 3.636830e+03
29088 3.636830e+03
29125 3.636830e+03
29127 3.636830e+03
29198 3.636830e+03
29246 3.636830e+03
29258 3.636830e+03
29422 3.636830e+03
29432 3.636830e+03
29451 3.636830e+03
29500 3.636830e+03
29588 3.636830e+03
29598 3.636830e+03
29653 3.636830e+03
29690 3.636830e+03
29708 3.636830e+03
29717 3.636830e+03
29729 3.636830e+03
29740 3.636830e+03
29749 3.636830e+03
29785 3.636830e+03
29834 3.636830e+03
29911 3.636830e+03
30023 3.636830e+03
30031 3.636830e+03
30134 3.636830e+03
30166 3.636830e+03
30171 3.636830e+03
30275 3.636830e+03
30280 3.636830e+03
30361 3.636830e+03
30409 3.636830e+03
30509 3.636830e+03
30522 3.636830e+03
30588 3.636830e+03
30660 3.636830e+03
30910 3.636830e+03
30914 3.636830e+03
30971 3.636830e+03
30982 3.636830e+03
31000 3.636830e+03
31008 3.636830e+03
31035 3.636830e+03
31063 3.636830e+03
31151 3.636830e+03
31273 3.636830e+03
31298 3.636830e+03
31366 3.636830e+03
31523 3.636830e+03
31573 3.636830e+03
31590 3.636830e+03
31604 3.636830e+03
31645 3.636830e+03
31673 3.636830e+03
31689 3.636830e+03
31747 3.636830e+03
31791 3.636830e+03
31797 3.636830e+03
31830 3.636830e+03
31852 3.636830e+03
32012 3.636830e+03
32052 3.636830e+03
32087 3.636830e+03
32206 3.636830e+03
32214 3.636830e+03
32290 3.636830e+03
32294 3.636830e+03
32364 3.636830e+03
32379 3.636830e+03
32550 3.636830e+03
32615 3.636830e+03
32617 3.636830e+03
32644 3.636830e+03
32675 3.636830e+03
32706 3.636830e+03
32744 3.636830e+03
32774 3.636830e+03
32796 3.636830e+03
32855 3.636830e+03
32863 3.636830e+03
32977 3.636830e+03
33029 3.636830e+03
33043 3.636830e+03
33062 3.636830e+03
33080 3.636830e+03
33146 3.636830e+03
33181 3.636830e+03
33225 3.636830e+03
33230 3.636830e+03
33236 3.636830e+03
33344 3.636830e+03
33382 3.636830e+03
33449 3.636830e+03
33455 3.636830e+03
33521 3.636830e+03
33592 3.636830e+03
33610 3.636830e+03
33719 3.636830e+03
33738 3.636830e+03
33778 3.636830e+03
33898 3.636830e+03
33959 3.636830e+03
34019 3.636830e+03
34055 3.636830e+03
34081 3.636830e+03
34148 3.636830e+03
34170 3.636830e+03
34252 3.636830e+03
34259 3.636830e+03
34344 3.636830e+03
34429 3.636830e+03
34447 3.636830e+03
34459 3.636830e+03
34541 3.636830e+03
34619 3.636830e+03
34662 3.636830e+03
34711 3.636830e+03
34717 3.636830e+03
34739 3.636830e+03
34764 3.636830e+03
34809 3.636830e+03
34814 3.636830e+03
34900 3.636830e+03
35017 3.636830e+03
35066 3.636830e+03
35145 3.636830e+03
35160 3.636830e+03
35195 3.636830e+03
165266 3.632966e+03
165363 3.631948e+03
165407 3.627744e+03
165535 3.626116e+03
165669 3.625756e+03
165750 3.625498e+03
165796 3.623784e+03
165880 3.623741e+03
165893 3.622680e+03
165951 3.622014e+03
165978 3.621709e+03
166031 3.621425e+03
166046 3.620275e+03
166124 3.620267e+03
166143 3.620100e+03
166213 3.619301e+03
166241 3.619036e+03
166265 3.618752e+03
166269 3.617175e+03
166342 3.616214e+03
166487 3.615470e+03
166716 3.615427e+03
166750 3.615250e+03
166865 3.615139e+03
167025 3.614952e+03
167028 3.614818e+03
167029 3.614618e+03
167148 3.614460e+03
167184 3.614380e+03
167248 3.614315e+03
167255 3.614291e+03
167288 3.613915e+03
167513 3.613860e+03
167526 3.613797e+03
167611 3.613746e+03
167728 3.613743e+03
167768 3.613724e+03
167770 3.613540e+03
168073 3.613497e+03
168074 3.613429e+03
168116 3.613349e+03
168293 3.613292e+03
168331 3.613267e+03
168456 3.613236e+03
168511 3.613222e+03
168513 3.613204e+03
168532 3.613134e+03
168832 3.613123e+03
168932 3.613118e+03
168969 3.613097e+03
169020 3.613096e+03
169036 3.613090e+03
169119 3.613083e+03
169155 3.613079e+03
169178 3.613077e+03
169236 3.613074e+03
169283 3.613063e+03
169342 3.613061e+03
169500 3.613059e+03
169505 3.613054e+03
169526 3.613051e+03
169560 3.613048e+03
169583 3.613045e+03
169631 3.613042e+03
169687 3.613037e+03
169811 3.613037e+03
169820 3.613036e+03
169846 3.613033e+03
169899 3.613030e+03
169950 3.613029e+03
169981 3.613026e+03
170066 3.613026e+03
170108 3.613025e+03
170147 3.613025e+03
170159 3.613024e+03
170167 3.613021e+03
170301 3.613019e+03
170376 3.613017e+03
170542 3.613017e+03
170544 3.613017e+03
170648 3.613017e+03
170691 3.613017e+03
170723 3.613016e+03
170784 3.613015e+03
170860 3.613015e+03
170867 3.613015e+03
170872 3.613014e+03
170945 3.613014e+03
171033 3.613014e+03
171042 3.613013e+03
171192 3.613012e+03
171403 3.613012e+03
171419 3.613012e+03
171432 3.613011e+03
171668 3.613011e+03
171734 3.613011e+03
171845 3.613011e+03
171932 3.613011e+03
172022 3.613011e+03
172028 3.613010e+03
172037 3.613010e+03
172069 3.613010e+03
172078 3.613010e+03
172087 3.613010e+03
172135 3.613010e+03
172146 3.613010e+03
172201 3.613010e+03
172224 3.613010e+03
172497 3.613010e+03
172520 3.613010e+03
172610 3.613010e+03
172653 3.613010e+03
172734 3.613010e+03
172745 3.613010e+03
172836 3.613010e+03
172846 3.613010e+03
172868 3.613010e+03
172885 3.613010e+03
173025 3.613010e+03
173103 3.613010e+03
173170 3.613010e+03
173201 3.613010e+03
173213 3.613009e+03
173278 3.613009e+03
173306 3.613009e+03
173359 3.613009e+03
173396 3.613009e+03
173403 3.613009e+03
173430 3.613009e+03
173494 3.613009e+03
173516 3.613009e+03
173632 3.613009e+03
173717 3.613009e+03
173772 3.613009e+03
173942 3.613009e+03
173945 3.613009e+03
173985 3.613009e+03
174100 3.613009e+03
174159 3.613009e+03
174160 3.613009e+03
174163 3.613009e+03
174182 3.613009e+03
174357 3.613009e+03
174404 3.613009e+03
174456 3.613009e+03
174482 3.613009e+03
174543 3.613009e+03
174659 3.613009e+03
174670 3.613009e+03
174693 3.613009e+03
174925 3.613009e+03
174933 3.613009e+03
175009 3.613009e+03
175014 3.613009e+03
175160 3.613009e+03
175172 3.613009e+03
175179 3.613009e+03
175201 3.613009e+03
175217 3.613009e+03
175221 3.613009e+03
175278 3.613009e+03
175310 3.613009e+03
175319 3.613009e+03
175349 3.613009e+03
175396 3.613009e+03
175424 3.613009e+03
175427 3.613009e+03
175430 3.613009e+03
175464 3.613009e+03
175501 3.613009e+03
175521 3.613009e+03
175523 3.613009e+03
175566 3.613009e+03
175590 3.613009e+03
175717 3.613009e+03
175730 3.613009e+03
175761 3.613009e+03
175818 3.613009e+03
175941 3.613009e+03
175966 3.613009e+03
176050 3.613009e+03
176112 3.613009e+03
176150 3.613009e+03
176215 3.613009e+03
176337 3.613009e+03
176426 3.613009e+03
176469 3.613009e+03
176544 3.613009e+03
176670 3.613009e+03
176717 3.613009e+03
176782 3.613009e+03
176865 3.613009e+03
176866 3.613009e+03
176869 3.613009e+03
176876 3.613009e+03
176932 3.613009e+03
176963 3.613009e+03
176970 3.613009e+03
176971 3.613009e+03
177046 3.613009e+03
177140 3.613009e+03
177310 3.613009e+03
177353 3.613009e+03
177356 3.613009e+03
177492 3.613009e+03
177531 3.613009e+03
177545 3.613009e+03
177550 3.613009e+03
177621 3.613009e+03
177626 3.613009e+03
177638 3.613009e+03
177678 3.613009e+03
177724 3.613009e+03
177726 3.613009e+03
177772 3.613009e+03
177787 3.613009e+03
177788 3.613009e+03
177815 3.613009e+03
177865 3.613009e+03
178022 3.613009e+03
178028 3.613009e+03
178043 3.613009e+03
178091 3.613009e+03
178109 3.613009e+03
178168 3.613009e+03
178182 3.613009e+03
178198 3.613009e+03
178232 3.613009e+03
178259 3.613009e+03
178268 3.613009e+03
178275 3.613009e+03
178347 3.613009e+03
178507 3.613009e+03
178642 3.613009e+03
178689 3.613009e+03
178740 3.613009e+03
178788 3.613009e+03
178809 3.613009e+03
178831 3.613009e+03
178857 3.613009e+03
178864 3.613009e+03
178896 3.613009e+03
178938 3.613009e+03
178955 3.613009e+03
179007 3.613009e+03
179128 3.613009e+03
179153 3.613009e+03
179196 3.613009e+03
179247 3.613009e+03
179297 3.613009e+03
179306 3.613009e+03
179339 3.613009e+03
179364 3.613009e+03
179515 3.613009e+03
179538 3.613009e+03
179567 3.613009e+03
179603 3.613009e+03
179628 3.613009e+03
179679 3.613009e+03
179690 3.613009e+03
179721 3.613009e+03
179756 3.613009e+03
179768 3.613009e+03
179773 3.613009e+03
179800 3.613009e+03
179820 3.613009e+03
179858 3.613009e+03
179861 3.613009e+03
179982 3.613009e+03
179990 3.613009e+03
180063 3.613009e+03
180082 3.613009e+03
180132 3.613009e+03
180167 3.613009e+03
180191 3.613009e+03
180223 3.613009e+03
180303 3.613009e+03
180335 3.613009e+03
180338 3.613009e+03
180342 3.613009e+03
180366 3.613009e+03
180392 3.613009e+03
180398 3.613009e+03
180411 3.613009e+03
180472 3.613009e+03
180864 3.613009e+03
181088 3.613009e+03
181229 3.613009e+03
181234 3.613009e+03
181287 3.613009e+03
181363 3.613009e+03
181404 3.613009e+03
181409 3.613009e+03
181410 3.613009e+03
181423 3.613009e+03
181495 3.613009e+03
181546 3.613009e+03
181613 3.613009e+03
181623 3.613009e+03
181657 3.613009e+03
181660 3.613009e+03
181673 3.613009e+03
181741 3.613009e+03
181747 3.613009e+03
181846 3.613009e+03
224136 3.335253e+03
224183 2.827351e+03
224531 2.799290e+03
224598 2.626994e+03
224896 2.489572e+03
224938 2.361650e+03
225057 2.333549e+03
225158 2.166598e+03
225217 2.046592e+03
225621 1.987238e+03
226071 1.986813e+03
226160 1.701185e+03
226345 1.591985e+03
226452 1.579961e+03
226684 1.554023e+03
226815 1.487073e+03
226829 1.334108e+03
226953 1.317344e+03
226976 1.141335e+03
227045 1.026553e+03
227483 8.830288e+02
228284 8.775535e+02
228351 8.535688e+02
228624 8.488655e+02
228772 8.436645e+02
228793 7.843639e+02
228971 7.609308e+02
229075 7.393691e+02
229135 7.172887e+02
229203 7.153960e+02
229352 7.150043e+02
229363 6.941781e+02
229405 6.635569e+02
229774 6.619132e+02
230169 6.535728e+02
230191 6.343246e+02
230500 6.274675e+02
230543 6.256360e+02
230668 6.197719e+02
230708 6.140729e+02
230851 6.107911e+02
230970 6.070792e+02
231065 6.062277e+02
231141 6.046405e+02
231152 5.996450e+02
231456 5.935870e+02
231466 5.902952e+02
231592 5.879246e+02
231602 5.867368e+02
231605 5.855734e+02
231646 5.851888e+02
231828 5.843483e+02
232045 5.814405e+02
232126 5.783623e+02
232308 5.771774e+02
232326 5.694697e+02
232367 5.621485e+02
233213 5.620310e+02
233224 5.608588e+02
233240 5.606846e+02
233259 5.592242e+02
233276 5.578315e+02
233420 5.562904e+02
233457 5.551200e+02
234017 5.537752e+02
234022 5.526223e+02
234039 5.500240e+02
234330 5.474826e+02
234958 5.470943e+02
234980 5.469053e+02
235054 5.455141e+02
235202 5.447149e+02
235440 5.443359e+02
235852 5.442789e+02
235867 5.440940e+02
235998 5.436560e+02
236048 5.434845e+02
236121 5.434776e+02
236146 5.431677e+02
236229 5.431292e+02
236250 5.429320e+02
236347 5.423314e+02
236743 5.420177e+02
236826 5.417524e+02
236962 5.417410e+02
236989 5.416804e+02
237041 5.415494e+02
237343 5.415186e+02
237360 5.412408e+02
237763 5.412292e+02
237893 5.410342e+02
238247 5.408075e+02
238643 5.407727e+02
238645 5.406624e+02
238646 5.406438e+02
238822 5.405596e+02
238935 5.405286e+02
239175 5.405029e+02
239177 5.403778e+02
239209 5.403776e+02
239361 5.403542e+02
239425 5.403061e+02
239449 5.402710e+02
239453 5.402109e+02
239733 5.401587e+02
239760 5.400935e+02
240128 5.400326e+02
240480 5.400177e+02
240484 5.400173e+02
240519 5.400025e+02
240557 5.400015e+02
240706 5.399977e+02
240716 5.399951e+02
240767 5.399732e+02
240896 5.399489e+02
240943 5.399459e+02
241053 5.399433e+02
241168 5.399392e+02
241217 5.399241e+02
241305 5.399157e+02
241339 5.399091e+02
241522 5.398883e+02
241983 5.398874e+02
241991 5.398494e+02
242436 5.398446e+02
242463 5.398388e+02
242513 5.398239e+02
242642 5.398236e+02
242643 5.398194e+02
242681 5.398129e+02
242686 5.398112e+02
242747 5.398076e+02
242954 5.398074e+02
243046 5.397933e+02
243213 5.397932e+02
243411 5.397783e+02
243479 5.397767e+02
243840 5.397724e+02
243863 5.397708e+02
243986 5.397674e+02
244038 5.397663e+02
244065 5.397645e+02
244092 5.397614e+02
244181 5.397608e+02
244263 5.397594e+02
244420 5.397562e+02
244446 5.397532e+02
244623 5.397511e+02
244630 5.397499e+02
244773 5.397492e+02
244846 5.397488e+02
244895 5.397471e+02
245285 5.397470e+02
245292 5.397468e+02
245322 5.397467e+02
245325 5.397464e+02
245440 5.397463e+02
245496 5.397460e+02
245501 5.397460e+02
245581 5.397452e+02
245591 5.397448e+02
245609 5.397440e+02
245749 5.397434e+02
245780 5.397432e+02
245822 5.397429e+02
245901 5.397410e+02
246225 5.397410e+02
246251 5.397409e+02
246262 5.397408e+02
246293 5.397403e+02
246359 5.397399e+02
246513 5.397398e+02
246583 5.397397e+02
246594 5.397397e+02
246635 5.397394e+02
246731 5.397387e+02
246845 5.397386e+02
247049 5.397382e+02
247377 5.397380e+02
247615 5.397378e+02
247678 5.397377e+02
247875 5.397372e+02
247983 5.397371e+02
248092 5.397370e+02
248223 5.397370e+02
248251 5.397370e+02
248252 5.397369e+02
248272 5.397369e+02
248303 5.397369e+02
248327 5.397368e+02
248383 5.397368e+02
248444 5.397368e+02
248523 5.397367e+02
248685 5.397366e+02
248938 5.397366e+02
248972 5.397366e+02
249022 5.397365e+02
249107 5.397364e+02
249304 5.397364e+02
249379 5.397364e+02
249464 5.397364e+02
249475 5.397364e+02
249504 5.397364e+02
249567 5.397363e+02
250023 5.397363e+02
250092 5.397362e+02
250399 5.397362e+02
250400 5.397362e+02
250505 5.397362e+02
250739 5.397362e+02
251043 5.397362e+02
251051 5.397361e+02
251205 5.397361e+02
251228 5.397361e+02
251280 5.397361e+02
251293 5.397361e+02
251519 5.397361e+02
251698 5.397361e+02
251711 5.397361e+02
251928 5.397361e+02
252193 5.397361e+02
252287 5.397361e+02
252305 5.397361e+02
252643 5.397361e+02
252750 5.397361e+02
253020 5.397361e+02
253033 5.397361e+02
253165 5.397361e+02
253189 5.397361e+02
253281 5.397361e+02
253658 5.397361e+02
253713 5.397361e+02
254074 5.397361e+02
254080 5.397361e+02
254167 5.397361e+02
254200 5.397361e+02
254218 5.397361e+02
254340 5.397361e+02
254872 5.397361e+02
254946 5.397361e+02
255040 5.397361e+02
255171 5.397361e+02
255246 5.397361e+02
255313 5.397361e+02
255372 5.397361e+02
255549 5.397361e+02
255667 5.397361e+02
255787 5.397361e+02
255799 5.397361e+02
255824 5.397361e+02
255943 5.397361e+02
255950 5.397361e+02
255967 5.397361e+02
256352 5.397361e+02
256596 5.397361e+02
256601 5.397361e+02
256736 5.397361e+02
256750 5.397361e+02
256751 5.397361e+02
256756 5.397361e+02
256815 5.397361e+02
257147 5.397361e+02
257228 5.397361e+02
257747 5.397361e+02
257884 5.397361e+02
258073 5.397361e+02
258120 5.397361e+02
258326 5.397361e+02
258332 5.397361e+02
258357 5.397361e+02
258518 5.397361e+02
258609 5.397361e+02
258638 5.397361e+02
258694 5.397361e+02
258747 5.397361e+02
258930 5.397361e+02
258982 5.397361e+02
259271 5.397361e+02
259280 5.397361e+02
259407 5.397361e+02
259499 5.397361e+02
259555 5.397361e+02
259569 5.397361e+02
259687 5.397361e+02
259956 5.397361e+02
259988 5.397361e+02
260055 5.397361e+02
260067 5.397361e+02
260095 5.397361e+02
260106 5.397361e+02
260225 5.397361e+02
260290 5.397361e+02
260352 5.397361e+02
260356 5.397361e+02
260521 5.397361e+02
260591 5.397361e+02
260657 5.397361e+02
261011 5.397361e+02
261077 5.397361e+02
261146 5.397361e+02
261230 5.397361e+02
261416 5.397361e+02
261418 5.397361e+02
261433 5.397361e+02
261569 5.397361e+02
261873 5.397361e+02
262181 5.397361e+02
262251 5.397361e+02
262439 5.397361e+02
262449 5.397361e+02
262741 5.397361e+02
262860 5.397361e+02
262885 5.397361e+02
262889 5.397361e+02
262959 5.397361e+02
262984 5.397361e+02
263087 5.397361e+02
263153 5.397361e+02
263426 5.397361e+02
263482 5.397361e+02
263580 5.397361e+02
264057 5.397361e+02
264756 5.397361e+02
264854 5.397361e+02
264977 5.397361e+02
265257 5.397361e+02
265269 5.397361e+02
265348 5.397361e+02
265363 5.397361e+02
265424 5.397361e+02
265520 5.397361e+02
265563 5.397361e+02
265567 5.397361e+02
265575 5.397361e+02
265577 5.397361e+02
265646 5.397361e+02
266059 5.397361e+02
266064 5.397361e+02
266148 5.397361e+02
266237 5.397361e+02
266305 5.397361e+02
266319 5.397361e+02
266439 5.397361e+02
266507 5.397361e+02
266545 5.397361e+02
266572 5.397361e+02
266599 5.397361e+02
266731 5.397361e+02
266743 5.397361e+02
266848 5.397361e+02
266877 5.397361e+02
267041 5.397361e+02
267108 5.397361e+02
267123 5.397361e+02
267171 5.397361e+02
267372 5.397361e+02
267437 5.397361e+02
267577 5.397361e+02
340392 5.386286e+02
340525 5.234427e+02
340660 5.177909e+02
340898 5.116134e+02
341120 5.092704e+02
341431 5.046667e+02
342372 5.040620e+02
342476 5.009711e+02
342523 5.007832e+02
342545 4.938185e+02
342659 4.926398e+02
342769 4.878623e+02
343004 4.789409e+02
343544 4.776562e+02
343881 4.747297e+02
343980 4.740383e+02
344305 4.738312e+02
344471 4.724915e+02
344591 4.704286e+02
344991 4.684637e+02
345026 4.680753e+02
345187 4.680424e+02
345241 4.676305e+02
345523 4.660171e+02
345896 4.659159e+02
345929 4.659066e+02
346181 4.658039e+02
346191 4.640538e+02
346776 4.636214e+02
346809 4.632921e+02
347043 4.624716e+02
347415 4.622354e+02
347584 4.618304e+02
347732 4.618231e+02
348058 4.615364e+02
348521 4.614326e+02
348634 4.614203e+02
349144 4.613278e+02
349550 4.612997e+02
349601 4.611966e+02
349611 4.609948e+02
349663 4.609459e+02
349788 4.609414e+02
349822 4.608996e+02
349999 4.605639e+02
350242 4.605024e+02
350379 4.604819e+02
350458 4.604675e+02
350572 4.604382e+02
350617 4.602893e+02
350774 4.601788e+02
350941 4.597934e+02
351454 4.597184e+02
351628 4.596323e+02
351883 4.596189e+02
351890 4.594864e+02
352422 4.594052e+02
352624 4.593542e+02
353106 4.593359e+02
353127 4.592733e+02
353356 4.592460e+02
353610 4.592375e+02
353621 4.592373e+02
353630 4.592049e+02
353762 4.591534e+02
354488 4.591371e+02
354526 4.589882e+02
354994 4.589809e+02
355249 4.589736e+02
355358 4.589649e+02
355388 4.589519e+02
355596 4.588801e+02
356037 4.588642e+02
356519 4.588639e+02
356566 4.588636e+02
356596 4.588422e+02
356718 4.588345e+02
356733 4.588227e+02
357302 4.588225e+02
357410 4.588116e+02
357571 4.588055e+02
357603 4.587997e+02
357974 4.587987e+02
358199 4.587983e+02
358257 4.587954e+02
358428 4.587945e+02
358521 4.587921e+02
358573 4.587821e+02
358706 4.587774e+02
358817 4.587762e+02
358998 4.587750e+02
359045 4.587726e+02
359294 4.587698e+02
359394 4.587692e+02
359593 4.587684e+02
359678 4.587584e+02
360700 4.587575e+02
360992 4.587574e+02
361070 4.587548e+02
361184 4.587543e+02
361379 4.587531e+02
361396 4.587529e+02
361414 4.587520e+02
361463 4.587518e+02
361588 4.587496e+02
361696 4.587492e+02
361842 4.587482e+02
361890 4.587476e+02
361987 4.587475e+02
362114 4.587464e+02
362174 4.587462e+02
362237 4.587458e+02
362474 4.587454e+02
362529 4.587448e+02
362593 4.587448e+02
362732 4.587447e+02
362782 4.587446e+02
362795 4.587445e+02
362833 4.587443e+02
362843 4.587442e+02
362891 4.587442e+02
362979 4.587437e+02
363004 4.587433e+02
363163 4.587431e+02
363220 4.587427e+02
363466 4.587420e+02
363802 4.587420e+02
363970 4.587420e+02
364221 4.587419e+02
364231 4.587418e+02
364469 4.587418e+02
364495 4.587412e+02
364946 4.587410e+02
365057 4.587409e+02
365064 4.587409e+02
365382 4.587408e+02
365781 4.587406e+02
366108 4.587406e+02
366184 4.587406e+02
366446 4.587405e+02
366983 4.587405e+02
367168 4.587403e+02
367248 4.587403e+02
367404 4.587402e+02
367615 4.587402e+02
368220 4.587401e+02
368419 4.587401e+02
368604 4.587400e+02
368888 4.587400e+02
369116 4.587399e+02
369641 4.587399e+02
370483 4.587399e+02
370490 4.587399e+02
370686 4.587398e+02
370908 4.587398e+02
371079 4.587398e+02
371199 4.587398e+02
371455 4.587398e+02
371985 4.587398e+02
372114 4.587398e+02
372185 4.587398e+02
372209 4.587398e+02
372659 4.587398e+02
373175 4.587398e+02
373216 4.587397e+02
373381 4.587397e+02
373709 4.587397e+02
373798 4.587397e+02
374027 4.587397e+02
374151 4.587397e+02
374196 4.587397e+02
374317 4.587397e+02
374425 4.587397e+02
374444 4.587397e+02
374580 4.587397e+02
375112 4.587397e+02
375147 4.587397e+02
375168 4.587397e+02
375200 4.587397e+02
375263 4.587397e+02
375275 4.587397e+02
375372 4.587397e+02
375662 4.587397e+02
375966 4.587397e+02
376098 4.587397e+02
376937 4.587397e+02
376973 4.587397e+02
377383 4.587397e+02
377436 4.587397e+02
377490 4.587397e+02
377654 4.587397e+02
377801 4.587397e+02
377866 4.587397e+02
378042 4.587397e+02
378133 4.587397e+02
378168 4.587397e+02
378250 4.587397e+02
378326 4.587397e+02
378964 4.587397e+02
379047 4.587397e+02
379137 4.587397e+02
379247 4.587397e+02
379370 4.587397e+02
379622 4.587397e+02
379948 4.587397e+02
380448 4.587397e+02
380459 4.587397e+02
380509 4.587397e+02
380592 4.587397e+02
380753 4.587397e+02
380896 4.587397e+02
381153 4.587397e+02
381293 4.587397e+02
381456 4.587397e+02
381824 4.587397e+02
382019 4.587397e+02
382160 4.587397e+02
382173 4.587397e+02
382195 4.587397e+02
382362 4.587397e+02
382791 4.587397e+02
382835 4.587397e+02
382843 4.587397e+02
383220 4.587397e+02
383413 4.587397e+02
383499 4.587397e+02
383660 4.587397e+02
383712 4.587397e+02
383771 4.587397e+02
384001 4.587397e+02
384030 4.587397e+02
384054 4.587397e+02
384368 4.587397e+02
384445 4.587397e+02
384496 4.587397e+02
384830 4.587397e+02
384959 4.587397e+02
385090 4.587397e+02
385249 4.587397e+02
385636 4.587397e+02
385693 4.587397e+02
385790 4.587397e+02
385847 4.587397e+02
386049 4.587397e+02
386092 4.587397e+02
386166 4.587397e+02
386562 4.587397e+02
386824 4.587397e+02
386871 4.587397e+02
387053 4.587397e+02
387383 4.587397e+02
387610 4.587397e+02
387871 4.587397e+02
387923 4.587397e+02
387936 4.587397e+02
388024 4.587397e+02
388062 4.587397e+02
388177 4.587397e+02
388782 4.587397e+02
389006 4.587397e+02
389451 4.587397e+02
389463 4.587397e+02
389777 4.587397e+02
390456 4.587397e+02
390713 4.587397e+02
390792 4.587397e+02
390817 4.587397e+02
390991 4.587397e+02
391091 4.587397e+02
391171 4.587397e+02
391175 4.587397e+02
391206 4.587397e+02
391231 4.587397e+02
391755 4.587397e+02
391828 4.587397e+02
391844 4.587397e+02
392086 4.587397e+02
392376 4.587397e+02
392413 4.587397e+02
392485 4.587397e+02
392651 4.587397e+02
392811 4.587397e+02
392827 4.587397e+02
392960 4.587397e+02
393293 4.587397e+02
393405 4.587397e+02
393410 4.587397e+02
393464 4.587397e+02
393474 4.587397e+02
393486 4.587397e+02
393587 4.587397e+02
393604 4.587397e+02
393684 4.587397e+02
393790 4.587397e+02
393809 4.587397e+02
394277 4.587397e+02
394296 4.587397e+02
394308 4.587397e+02
394350 4.587397e+02
394376 4.587397e+02
394527 4.587397e+02
394882 4.587397e+02
395496 4.587397e+02
395502 4.587397e+02
395695 4.587397e+02
395732 4.587397e+02
395897 4.587397e+02
395945 4.587397e+02
396195 4.587397e+02
396287 4.587397e+02
396605 4.587397e+02
396618 4.587397e+02
397039 4.587397e+02
397042 4.587397e+02
397112 4.587397e+02
397135 4.587397e+02
397203 4.587397e+02
397255 4.587397e+02
397383 4.587397e+02
397480 4.587397e+02
397680 4.587397e+02
397903 4.587397e+02
397970 4.587397e+02
493195 4.568861e+02
493501 4.419464e+02
493805 4.400547e+02
494603 4.386998e+02
495030 4.383318e+02
495051 4.350987e+02
495254 4.345663e+02
495296 4.280871e+02
495488 4.246152e+02
496006 4.231569e+02
496172 4.227575e+02
496241 4.218433e+02
496418 4.192381e+02
496582 4.174122e+02
496974 4.174104e+02
496985 4.166446e+02
496992 4.144669e+02
497247 4.143452e+02
497412 4.135686e+02
497688 4.129921e+02
497815 4.128467e+02
497969 4.117794e+02
498205 4.107895e+02
498571 4.092265e+02
498967 4.087458e+02
498982 4.080097e+02
499021 4.076400e+02
499164 4.072160e+02
499405 4.070910e+02
499416 4.064821e+02
499736 4.062981e+02
499973 4.061118e+02
499992 4.061074e+02
499998 4.060983e+02
