1 1.899858e+04
7 1.880769e+04
9 1.793441e+04
465 1.785266e+04
728 1.782201e+04
831 1.756214e+04
961 1.754639e+04
1137 1.673767e+04
1784 1.657261e+04
1999 1.645616e+04
2164 1.528439e+04
2497 1.523269e+04
3020 1.487125e+04
3961 1.476426e+04
4485 1.454758e+04
4773 1.445161e+04
5896 1.349051e+04
5945 1.299495e+04
8091 1.294669e+04
8231 1.266752e+04
8378 1.243353e+04
8670 1.185901e+04
9097 1.183292e+04
9209 1.118772e+04
9727 1.118309e+04
9760 1.118211e+04
9766 1.112602e+04
9796 1.109061e+04
9809 1.095702e+04
9823 1.091114e+04
9847 1.089231e+04
9923 1.080880e+04
9929 1.023558e+04
9967 9.337061e+03
10171 8.709829e+03
10232 8.515429e+03
10297 8.474304e+03
10298 8.410163e+03
10316 8.296756e+03
10344 8.266257e+03
10362 7.996683e+03
10393 7.476904e+03
10527 6.687403e+03
10556 6.470252e+03
10649 6.415084e+03
10650 5.980688e+03
10716 5.725661e+03
10731 5.719286e+03
10805 5.306899e+03
10899 5.173961e+03
11022 5.159525e+03
11080 4.762621e+03
11213 4.758163e+03
11223 4.526050e+03
11253 4.429660e+03
11285 4.394500e+03
11346 4.329920e+03
11386 4.130367e+03
11479 4.123131e+03
11536 4.058743e+03
11566 4.030195e+03
11591 3.915522e+03
11617 3.833747e+03
11681 3.637743e+03
11834 3.610564e+03
11850 3.576116e+03
11954 3.557130e+03
11971 3.517593e+03
12004 3.505051e+03
12031 3.452146e+03
12165 3.375395e+03
12248 3.372417e+03
12283 3.323320e+03
12324 3.288350e+03
12446 3.247975e+03
12599 3.232861e+03
12659 3.221945e+03
12671 3.172346e+03
12796 3.150734e+03
12809 3.146547e+03
12906 3.137292e+03
12916 3.134223e+03
12922 3.131037e+03
12941 3.129919e+03
12999 3.117647e+03
13032 3.115668e+03
13046 3.111094e+03
13272 3.109685e+03
13285 3.103066e+03
13320 3.102790e+03
13344 3.102208e+03
13386 3.098826e+03
13402 3.092703e+03
13426 3.091846e+03
13462 3.091579e+03
13465 3.089919e+03
13494 3.089388e+03
13518 3.088030e+03
13524 3.086314e+03
13571 3.082206e+03
13585 3.079982e+03
13708 3.078810e+03
13766 3.077777e+03
13785 3.075086e+03
13790 3.074113e+03
13941 3.074089e+03
14005 3.073877e+03
14008 3.072626e+03
14017 3.070328e+03
14143 3.069803e+03
14192 3.068771e+03
14212 3.068618e+03
14403 3.066815e+03
14609 3.066709e+03
14627 3.065382e+03
14747 3.063761e+03
14842 3.063226e+03
15049 3.063221e+03
15089 3.062296e+03
15182 3.062157e+03
15273 3.062121e+03
15361 3.062018e+03
15405 3.061447e+03
15496 3.061300e+03
15504 3.061213e+03
15511 3.060943e+03
15540 3.060873e+03
15634 3.060676e+03
15738 3.060587e+03
15802 3.060526e+03
15828 3.060496e+03
15859 3.060047e+03
16154 3.059923e+03
16308 3.059879e+03
16336 3.059793e+03
16459 3.059689e+03
16496 3.059584e+03
16873 3.059505e+03
16914 3.059503e+03
16952 3.059501e+03
16971 3.059456e+03
17037 3.059440e+03
17138 3.059419e+03
17233 3.059409e+03
17339 3.059392e+03
17351 3.059370e+03
17406 3.059354e+03
17674 3.059349e+03
17741 3.059340e+03
17817 3.059313e+03
17827 3.059311e+03
17941 3.059299e+03
18059 3.059293e+03
18100 3.059287e+03
18339 3.059259e+03
18407 3.059233e+03
18654 3.059222e+03
18726 3.059220e+03
18860 3.059216e+03
19035 3.059205e+03
19109 3.059196e+03
19204 3.059191e+03
19241 3.059189e+03
19293 3.059180e+03
19362 3.059176e+03
19452 3.059174e+03
19621 3.059170e+03
19647 3.059168e+03
19879 3.059168e+03
19953 3.059165e+03
20113 3.059160e+03
20157 3.059159e+03
20253 3.059151e+03
20965 3.059150e+03
21062 3.059149e+03
21138 3.059145e+03
21767 3.059143e+03
21916 3.059143e+03
22061 3.059139e+03
22215 3.059138e+03
22592 3.059137e+03
22734 3.059135e+03
22951 3.059134e+03
23473 3.059133e+03
23832 3.059133e+03
23834 3.059133e+03
23941 3.059131e+03
23970 3.059131e+03
24040 3.059131e+03
24325 3.059130e+03
24504 3.059130e+03
25313 3.059130e+03
25393 3.059130e+03
25475 3.059130e+03
25500 3.059129e+03
25805 3.059129e+03
25828 3.059129e+03
25980 3.059129e+03
26021 3.059129e+03
26140 3.059128e+03
26211 3.059128e+03
26693 3.059128e+03
27335 3.059128e+03
27357 3.059128e+03
28116 3.059127e+03
28363 3.059127e+03
28458 3.059127e+03
28736 3.059127e+03
28764 3.059127e+03
28856 3.059127e+03
28894 3.059127e+03
28931 3.059127e+03
29021 3.059127e+03
29099 3.059127e+03
29683 3.059127e+03
29702 3.059127e+03
29940 3.059127e+03
30981 3.059127e+03
31455 3.059127e+03
31604 3.059127e+03
31630 3.059127e+03
31672 3.059127e+03
31941 3.059127e+03
32017 3.059127e+03
32292 3.059127e+03
32428 3.059127e+03
32564 3.059127e+03
33078 3.059127e+03
33137 3.059127e+03
33232 3.059127e+03
33319 3.059126e+03
33446 3.059126e+03
33523 3.059126e+03
33603 3.059126e+03
34231 3.059126e+03
34430 3.059126e+03
34494 3.059126e+03
34863 3.059126e+03
34900 3.059126e+03
34902 3.059126e+03
34981 3.059126e+03
35058 3.059126e+03
35128 3.059126e+03
35287 3.059126e+03
35448 3.059126e+03
35510 3.059126e+03
35841 3.059126e+03
35957 3.059126e+03
36012 3.059126e+03
36073 3.059126e+03
36115 3.059126e+03
36698 3.059126e+03
36859 3.059126e+03
36967 3.059126e+03
37150 3.059126e+03
37303 3.059126e+03
37829 3.059126e+03
38066 3.059126e+03
38072 3.059126e+03
38087 3.059126e+03
38159 3.059126e+03
38235 3.059126e+03
38321 3.059126e+03
38344 3.059126e+03
38558 3.059126e+03
38672 3.059126e+03
38889 3.059126e+03
40039 3.059126e+03
40040 3.059126e+03
40104 3.059126e+03
40535 3.059126e+03
40702 3.059126e+03
40816 3.059126e+03
41391 3.059126e+03
41455 3.059126e+03
41470 3.059126e+03
41598 3.059126e+03
41726 3.059126e+03
41942 3.059126e+03
42004 3.059126e+03
42211 3.059126e+03
42253 3.059126e+03
42540 3.059126e+03
42972 3.059126e+03
43070 3.059126e+03
43111 3.059126e+03
43180 3.059126e+03
43280 3.059126e+03
43559 3.059126e+03
43629 3.059126e+03
44143 3.059126e+03
44181 3.059126e+03
44343 3.059126e+03
44476 3.059126e+03
44558 3.059126e+03
44673 3.059126e+03
45114 3.059126e+03
45610 3.059126e+03
45693 3.059126e+03
45794 3.059126e+03
46337 3.059126e+03
46421 3.059126e+03
46919 3.059126e+03
47151 3.059126e+03
47502 3.059126e+03
47515 3.059126e+03
47702 3.059126e+03
48053 3.059126e+03
48077 3.059126e+03
48775 3.059126e+03
48927 3.059126e+03
49044 3.059126e+03
49048 3.059126e+03
49217 3.059126e+03
49610 3.059126e+03
49624 3.059126e+03
49632 3.059126e+03
49750 3.059126e+03
50108 3.059126e+03
50683 3.059126e+03
50955 3.059126e+03
50976 3.059126e+03
51018 3.059126e+03
51176 3.059126e+03
51774 3.059126e+03
52913 3.059126e+03
53021 3.059126e+03
53241 3.059126e+03
53278 3.059126e+03
53401 3.059126e+03
53549 3.059126e+03
53997 3.059126e+03
54287 3.059126e+03
54458 3.059126e+03
54663 3.059126e+03
54665 3.059126e+03
54744 3.059126e+03
55252 3.059126e+03
55674 3.059126e+03
55718 3.059126e+03
55752 3.059126e+03
56191 3.059126e+03
56745 3.059126e+03
56753 3.059126e+03
56783 3.059126e+03
56925 3.059126e+03
57020 3.059126e+03
57103 3.059126e+03
57286 3.059126e+03
57562 3.059126e+03
58694 3.059126e+03
58845 3.059126e+03
59318 3.059126e+03
59382 3.059126e+03
59557 3.059126e+03
60003 3.059126e+03
60171 3.059126e+03
61554 3.059126e+03
61668 3.059126e+03
61936 3.059126e+03
62136 3.059126e+03
62271 3.059126e+03
62277 3.059126e+03
62305 3.059126e+03
62393 3.059126e+03
62500 3.059126e+03
62699 3.059126e+03
62715 3.059126e+03
62925 3.059126e+03
63059 3.059126e+03
63500 3.059126e+03
63618 3.059126e+03
63806 3.059126e+03
64073 3.059126e+03
64232 3.059126e+03
64639 3.059126e+03
64684 3.059126e+03
65365 3.059126e+03
65401 3.059126e+03
65655 3.059126e+03
65712 3.059126e+03
65890 3.059126e+03
65906 3.059126e+03
65991 3.059126e+03
67071 3.059126e+03
67094 3.059126e+03
67171 3.059126e+03
67544 3.059126e+03
69136 3.059126e+03
69273 3.059126e+03
69382 3.059126e+03
69930 3.059126e+03
69970 3.059126e+03
70291 3.059126e+03
70666 3.059126e+03
71601 3.059126e+03
71654 3.059126e+03
71939 3.059126e+03
72696 3.059126e+03
73122 3.059126e+03
73143 3.059126e+03
73204 3.059126e+03
73549 3.059126e+03
73627 3.059126e+03
73681 3.059126e+03
73880 3.059126e+03
74995 3.059126e+03
222679 2.966889e+03
223094 2.884553e+03
223317 2.068386e+03
223496 2.065029e+03
223751 1.832884e+03
224564 1.745326e+03
224834 1.662394e+03
224894 1.565423e+03
224927 1.512894e+03
225103 1.504398e+03
225227 1.491134e+03
225393 1.300829e+03
225613 1.234086e+03
225757 1.211500e+03
225798 1.147017e+03
226063 1.129059e+03
226284 1.103975e+03
226449 1.090233e+03
226577 1.056572e+03
226631 1.032821e+03
226836 1.013807e+03
226859 9.824441e+02
226942 9.605338e+02
226958 9.294099e+02
227303 9.055851e+02
227345 8.825170e+02
227468 8.645519e+02
227519 8.465380e+02
227695 8.129350e+02
227982 8.039623e+02
228081 7.875600e+02
228419 7.807982e+02
228591 7.589161e+02
229288 7.546866e+02
229609 7.505165e+02
229747 7.489439e+02
229752 7.453508e+02
229845 7.440132e+02
229879 7.429612e+02
229903 7.420599e+02
229904 7.363737e+02
230025 7.343721e+02
230320 7.298358e+02
230522 7.294161e+02
230611 7.282858e+02
230763 7.271646e+02
230822 7.237051e+02
230824 7.212458e+02
230870 7.206987e+02
231008 7.179402e+02
231460 7.171947e+02
231516 7.161126e+02
231777 7.138971e+02
232320 7.104617e+02
232752 7.093440e+02
232807 7.085422e+02
232961 7.080897e+02
233126 7.078851e+02
233221 7.075866e+02
233223 7.069745e+02
233408 7.062539e+02
233436 7.055629e+02
233484 7.048797e+02
233791 7.046274e+02
234183 7.045859e+02
234325 7.039126e+02
234529 7.038349e+02
234582 7.035099e+02
234616 7.033288e+02
235139 7.032839e+02
235717 7.030123e+02
235854 7.029698e+02
235990 7.028012e+02
236054 7.025014e+02
236436 7.023118e+02
237172 7.022861e+02
237268 7.022114e+02
237441 7.022013e+02
237457 7.020907e+02
237807 7.020869e+02
237873 7.020670e+02
238001 7.020321e+02
238003 7.020069e+02
238034 7.019471e+02
238080 7.019061e+02
238125 7.019058e+02
238323 7.018879e+02
238341 7.018607e+02
238414 7.018346e+02
238528 7.018319e+02
238566 7.018223e+02
238593 7.017426e+02
238980 7.017133e+02
239046 7.017121e+02
239325 7.016868e+02
239456 7.016469e+02
239628 7.016426e+02
239640 7.016362e+02
239984 7.016258e+02
240236 7.016112e+02
240368 7.016092e+02
240371 7.016019e+02
240387 7.015938e+02
240468 7.015739e+02
240903 7.015715e+02
240951 7.015666e+02
241042 7.015664e+02
241169 7.015646e+02
241456 7.015633e+02
241496 7.015626e+02
241815 7.015556e+02
241933 7.015540e+02
241961 7.015492e+02
242202 7.015483e+02
242206 7.015481e+02
242245 7.015473e+02
242388 7.015464e+02
242514 7.015456e+02
242574 7.015453e+02
242671 7.015449e+02
242767 7.015417e+02
242776 7.015412e+02
243203 7.015409e+02
243314 7.015402e+02
243356 7.015393e+02
243360 7.015385e+02
243465 7.015382e+02
243583 7.015382e+02
243630 7.015374e+02
243699 7.015371e+02
243722 7.015366e+02
243815 7.015362e+02
243847 7.015356e+02
244106 7.015350e+02
244166 7.015349e+02
244172 7.015336e+02
244256 7.015330e+02
244907 7.015324e+02
245058 7.015320e+02
245188 7.015318e+02
245209 7.015318e+02
245399 7.015316e+02
245448 7.015316e+02
245530 7.015314e+02
245562 7.015312e+02
245755 7.015311e+02
245861 7.015311e+02
246183 7.015309e+02
246254 7.015307e+02
246453 7.015306e+02
246535 7.015304e+02
246721 7.015304e+02
246882 7.015304e+02
246900 7.015303e+02
246948 7.015302e+02
247077 7.015302e+02
247081 7.015302e+02
247131 7.015302e+02
247150 7.015302e+02
247263 7.015301e+02
247289 7.015300e+02
247513 7.015300e+02
247726 7.015300e+02
247761 7.015299e+02
247952 7.015299e+02
248051 7.015299e+02
248110 7.015299e+02
248226 7.015299e+02
248237 7.015298e+02
248262 7.015298e+02
248671 7.015298e+02
248758 7.015298e+02
248872 7.015298e+02
248883 7.015298e+02
248919 7.015298e+02
248979 7.015297e+02
249059 7.015297e+02
249190 7.015297e+02
249546 7.015297e+02
249762 7.015297e+02
249953 7.015297e+02
249974 7.015297e+02
250003 7.015297e+02
250104 7.015297e+02
250123 7.015297e+02
250160 7.015297e+02
250302 7.015297e+02
250584 7.015297e+02
250638 7.015297e+02
251015 7.015297e+02
251152 7.015297e+02
251552 7.015297e+02
251723 7.015297e+02
251758 7.015297e+02
251868 7.015297e+02
251943 7.015297e+02
251952 7.015297e+02
252187 7.015297e+02
252365 7.015297e+02
252372 7.015297e+02
252465 7.015297e+02
252522 7.015297e+02
252531 7.015297e+02
253188 7.015297e+02
253259 7.015297e+02
253538 7.015297e+02
253558 7.015297e+02
253647 7.015297e+02
253790 7.015297e+02
253827 7.015297e+02
253912 7.015297e+02
254200 7.015297e+02
254276 7.015297e+02
254483 7.015297e+02
254808 7.015297e+02
254833 7.015297e+02
254869 7.015297e+02
254876 7.015297e+02
255015 7.015297e+02
255122 7.015297e+02
255161 7.015297e+02
255281 7.015297e+02
255507 7.015297e+02
255537 7.015297e+02
255573 7.015297e+02
255648 7.015297e+02
255689 7.015297e+02
255698 7.015297e+02
255837 7.015297e+02
255876 7.015297e+02
256256 7.015297e+02
256305 7.015297e+02
256419 7.015297e+02
256603 7.015297e+02
256986 7.015297e+02
257122 7.015297e+02
257172 7.015297e+02
257221 7.015297e+02
257232 7.015297e+02
257247 7.015297e+02
257282 7.015297e+02
257656 7.015297e+02
257863 7.015297e+02
258412 7.015297e+02
258475 7.015297e+02
258558 7.015297e+02
258593 7.015297e+02
258665 7.015297e+02
259033 7.015297e+02
259051 7.015297e+02
259487 7.015297e+02
259489 7.015297e+02
259679 7.015297e+02
259715 7.015297e+02
260007 7.015297e+02
260166 7.015297e+02
260327 7.015297e+02
260461 7.015297e+02
260544 7.015297e+02
260593 7.015297e+02
260645 7.015297e+02
260731 7.015297e+02
260820 7.015297e+02
260830 7.015297e+02
260915 7.015297e+02
261050 7.015297e+02
261275 7.015297e+02
261401 7.015297e+02
261570 7.015297e+02
261661 7.015297e+02
261708 7.015297e+02
261791 7.015297e+02
261792 7.015297e+02
261944 7.015297e+02
261956 7.015297e+02
262155 7.015297e+02
262166 7.015297e+02
262344 7.015297e+02
262443 7.015297e+02
262458 7.015297e+02
262512 7.015297e+02
262632 7.015297e+02
262695 7.015297e+02
262754 7.015297e+02
262822 7.015297e+02
262880 7.015297e+02
262912 7.015297e+02
263155 7.015297e+02
263210 7.015297e+02
263507 7.015297e+02
263624 7.015297e+02
263779 7.015297e+02
263782 7.015297e+02
263791 7.015297e+02
263815 7.015297e+02
264128 7.015297e+02
264157 7.015297e+02
264178 7.015297e+02
264192 7.015297e+02
264250 7.015297e+02
264510 7.015297e+02
264558 7.015297e+02
264577 7.015297e+02
264627 7.015297e+02
264664 7.015297e+02
264681 7.015297e+02
264742 7.015297e+02
264763 7.015297e+02
264862 7.015297e+02
264879 7.015297e+02
264956 7.015297e+02
265382 7.015297e+02
265412 7.015297e+02
265502 7.015297e+02
265690 7.015297e+02
265981 7.015297e+02
266577 7.015297e+02
266634 7.015297e+02
266641 7.015297e+02
266660 7.015297e+02
266829 7.015297e+02
266853 7.015297e+02
266941 7.015297e+02
266957 7.015297e+02
266966 7.015297e+02
328781 6.901719e+02
329105 6.625236e+02
329500 6.281095e+02
329716 6.202878e+02
329769 5.876959e+02
329930 5.352835e+02
330061 4.989343e+02
330515 4.470370e+02
331775 4.417009e+02
331778 3.590058e+02
332585 3.551723e+02
332611 3.452758e+02
333220 3.376632e+02
333264 3.329774e+02
333369 3.176038e+02
333724 3.136978e+02
333820 3.046499e+02
334068 2.955249e+02
334567 2.884257e+02
334748 2.826912e+02
334806 2.785864e+02
334848 2.725133e+02
334980 2.719202e+02
335161 2.712171e+02
335183 2.641395e+02
335444 2.511689e+02
335917 2.508806e+02
336053 2.507103e+02
336074 2.490551e+02
336303 2.428870e+02
336539 2.390018e+02
336984 2.381690e+02
337185 2.366739e+02
337187 2.355551e+02
337270 2.323874e+02
337365 2.321193e+02
337449 2.317632e+02
337494 2.306827e+02
337720 2.298772e+02
337911 2.297105e+02
337967 2.262949e+02
338224 2.254974e+02
338271 2.251966e+02
338287 2.241173e+02
338473 2.225622e+02
338897 2.218236e+02
339056 2.211377e+02
339354 2.200520e+02
339389 2.194001e+02
339798 2.179913e+02
339978 2.176141e+02
339999 2.172326e+02
340035 2.169638e+02
340108 2.168691e+02
340304 2.147582e+02
340962 2.147390e+02
341030 2.146256e+02
341063 2.145019e+02
341206 2.139712e+02
341245 2.139179e+02
341429 2.138505e+02
341501 2.130939e+02
342103 2.126130e+02
342225 2.126104e+02
342354 2.125999e+02
342713 2.122177e+02
343143 2.120273e+02
343400 2.117143e+02
343800 2.115138e+02
344011 2.114303e+02
344140 2.114283e+02
344189 2.113467e+02
344201 2.112607e+02
344273 2.110648e+02
344803 2.109290e+02
345299 2.108934e+02
345570 2.108676e+02
345746 2.108347e+02
345795 2.107399e+02
345969 2.106213e+02
346176 2.105132e+02
346992 2.104780e+02
347055 2.103931e+02
347804 2.103654e+02
347805 2.103389e+02
347928 2.103359e+02
347992 2.103189e+02
348153 2.102846e+02
348265 2.102656e+02
348479 2.102599e+02
348521 2.102388e+02
348857 2.101817e+02
349228 2.101322e+02
350105 2.100994e+02
350269 2.100953e+02
350479 2.100654e+02
350914 2.100628e+02
350945 2.100234e+02
351193 2.100220e+02
351841 2.100217e+02
352144 2.100095e+02
352399 2.100074e+02
352441 2.100068e+02
352470 2.100024e+02
352479 2.100019e+02
352563 2.099949e+02
352578 2.099923e+02
352802 2.099920e+02
352871 2.099912e+02
352982 2.099840e+02
353192 2.099824e+02
353307 2.099794e+02
353312 2.099794e+02
353328 2.099787e+02
353365 2.099774e+02
353388 2.099705e+02
354000 2.099701e+02
354180 2.099689e+02
354294 2.099670e+02
354300 2.099651e+02
354302 2.099631e+02
354508 2.099623e+02
354547 2.099608e+02
354728 2.099583e+02
354973 2.099580e+02
355016 2.099579e+02
355045 2.099571e+02
355114 2.099569e+02
355338 2.099567e+02
355431 2.099536e+02
356065 2.099531e+02
356249 2.099529e+02
356253 2.099522e+02
356328 2.099493e+02
356905 2.099492e+02
356955 2.099482e+02
357624 2.099477e+02
357952 2.099476e+02
358302 2.099469e+02
358820 2.099466e+02
358845 2.099466e+02
358935 2.099462e+02
358937 2.099450e+02
359920 2.099448e+02
360023 2.099447e+02
360302 2.099446e+02
360312 2.099445e+02
360380 2.099443e+02
360709 2.099442e+02
360945 2.099440e+02
361125 2.099438e+02
361404 2.099438e+02
361407 2.099437e+02
361552 2.099436e+02
361742 2.099436e+02
361770 2.099435e+02
361807 2.099435e+02
362753 2.099434e+02
363106 2.099434e+02
363249 2.099433e+02
363250 2.099433e+02
363977 2.099433e+02
364394 2.099433e+02
364430 2.099433e+02
364613 2.099433e+02
364677 2.099432e+02
364766 2.099432e+02
365109 2.099432e+02
365144 2.099432e+02
365287 2.099432e+02
365327 2.099432e+02
365722 2.099432e+02
365820 2.099431e+02
366378 2.099431e+02
366440 2.099431e+02
366446 2.099431e+02
366457 2.099430e+02
367987 2.099430e+02
368274 2.099430e+02
368664 2.099430e+02
369736 2.099430e+02
369739 2.099430e+02
369843 2.099430e+02
370111 2.099430e+02
370262 2.099430e+02
370332 2.099430e+02
370379 2.099430e+02
370544 2.099430e+02
370551 2.099430e+02
370593 2.099430e+02
371225 2.099430e+02
371317 2.099430e+02
371485 2.099430e+02
371490 2.099429e+02
371628 2.099429e+02
371899 2.099429e+02
371908 2.099429e+02
372344 2.099429e+02
372985 2.099429e+02
373344 2.099429e+02
373356 2.099429e+02
373363 2.099429e+02
373535 2.099429e+02
373754 2.099429e+02
374102 2.099429e+02
374947 2.099429e+02
375197 2.099429e+02
375260 2.099429e+02
375273 2.099429e+02
375524 2.099429e+02
376062 2.099429e+02
376335 2.099429e+02
376499 2.099429e+02
376545 2.099429e+02
376698 2.099429e+02
376841 2.099429e+02
377190 2.099429e+02
378251 2.099429e+02
379752 2.099429e+02
380009 2.099429e+02
380330 2.099429e+02
380533 2.099429e+02
381119 2.099429e+02
382136 2.099429e+02
382869 2.099429e+02
383186 2.099429e+02
384182 2.099429e+02
384186 2.099429e+02
385585 2.099429e+02
385763 2.099429e+02
386082 2.099429e+02
387950 2.099429e+02
388220 2.099429e+02
389351 2.099429e+02
390263 2.099429e+02
392714 2.099429e+02
392792 2.099429e+02
392968 2.099429e+02
392994 2.099429e+02
393067 2.099429e+02
393074 2.099429e+02
393162 2.099429e+02
393591 2.099429e+02
393685 2.099429e+02
393727 2.099429e+02
394342 2.099429e+02
394424 2.099429e+02
394830 2.099429e+02
395805 2.099429e+02
396674 2.099429e+02
397298 2.099429e+02
397329 2.099429e+02
397357 2.099429e+02
397516 2.099429e+02
397562 2.099429e+02
398027 2.099429e+02
398220 2.099429e+02
398255 2.099429e+02
398527 2.099429e+02
399174 2.099429e+02
399278 2.099429e+02
399655 2.099429e+02
399896 2.099429e+02
401267 2.099429e+02
401879 2.099429e+02
402301 2.099429e+02
402368 2.099429e+02
403565 2.099429e+02
403632 2.099429e+02
403751 2.099429e+02
403945 2.099429e+02
404110 2.099429e+02
405894 2.099429e+02
405961 2.099429e+02
406223 2.099429e+02
406290 2.099429e+02
406359 2.099429e+02
407171 2.099429e+02
407400 2.099429e+02
408026 2.099429e+02
408361 2.099429e+02
408617 2.099429e+02
408960 2.099429e+02
409603 2.099429e+02
409712 2.099429e+02
409895 2.099429e+02
410406 2.099429e+02
414338 2.099429e+02
414631 2.099429e+02
414873 2.099429e+02
415175 2.099429e+02
416561 2.099429e+02
417271 2.099429e+02
419974 2.099429e+02
420604 2.099429e+02
422507 2.099429e+02
425480 2.099429e+02
425557 2.099429e+02
425687 2.099429e+02
426648 2.099429e+02
427531 2.099429e+02
428102 2.099429e+02
428539 2.099429e+02
428945 2.099429e+02
428949 2.099429e+02
429024 2.099429e+02
429133 2.099429e+02
429447 2.099429e+02
429525 2.099429e+02
429535 2.099429e+02
430272 2.099429e+02
430890 2.099429e+02
430943 2.099429e+02
432501 2.099429e+02
433207 2.099429e+02
433245 2.099429e+02
433338 2.099429e+02
433643 2.099429e+02
433874 2.099429e+02
434371 2.099429e+02
434610 2.099429e+02
434852 2.099429e+02
435361 2.099429e+02
436404 2.099429e+02
436691 2.099429e+02
436956 2.099429e+02
437220 2.099429e+02
438146 2.099429e+02
438319 2.099429e+02
439547 2.099429e+02
439753 2.099429e+02
440422 2.099429e+02
440717 2.099429e+02
441524 2.099429e+02
441616 2.099429e+02
442798 2.099429e+02
442852 2.099429e+02
443928 2.099429e+02
444128 2.099429e+02
444770 2.099429e+02
444985 2.099429e+02
445557 2.099429e+02
447110 2.099429e+02
447971 2.099429e+02
448728 2.099429e+02
450107 2.099429e+02
