1 7.126456e+02
18 6.720349e+02
57 6.562302e+02
93 6.312671e+02
191 5.905005e+02
380 5.808913e+02
479 5.625758e+02
492 5.530190e+02
599 5.501897e+02
647 5.443612e+02
689 5.392721e+02
696 5.255534e+02
763 5.165703e+02
1003 5.108341e+02
1020 4.986466e+02
1056 4.973634e+02
1088 4.913568e+02
1150 4.869665e+02
1165 4.679445e+02
1389 4.514932e+02
1768 4.438346e+02
1933 4.411352e+02
2018 4.301012e+02
2196 4.236852e+02
2248 4.135192e+02
2540 4.121220e+02
2603 4.117272e+02
2745 4.064483e+02
2836 4.033840e+02
2976 4.014901e+02
3079 3.983535e+02
3187 3.975243e+02
3245 3.944960e+02
3597 3.932635e+02
3620 3.897045e+02
3689 3.883374e+02
3747 3.824368e+02
3897 3.821214e+02
4048 3.803132e+02
4074 3.781684e+02
4157 3.778784e+02
4241 3.778006e+02
4248 3.748364e+02
4308 3.716036e+02
4311 3.711617e+02
4383 3.706621e+02
4523 3.685264e+02
4545 3.655661e+02
4627 3.652418e+02
4665 3.644353e+02
4674 3.624879e+02
4709 3.610759e+02
4763 3.576981e+02
4815 3.502073e+02
5199 3.492155e+02
5235 3.467101e+02
5339 3.447423e+02
5835 3.441482e+02
5841 3.437497e+02
5881 3.419208e+02
5897 3.417329e+02
5999 3.399523e+02
6008 3.399296e+02
6054 3.379374e+02
6186 3.374828e+02
6209 3.350882e+02
6219 3.346153e+02
6292 3.329139e+02
6453 3.294576e+02
6651 3.279063e+02
6736 3.274654e+02
6738 3.270268e+02
6784 3.252928e+02
6990 3.251576e+02
7006 3.246427e+02
7039 3.244634e+02
7107 3.232768e+02
7165 3.212935e+02
7362 3.212416e+02
7410 3.207671e+02
7598 3.199363e+02
7600 3.191460e+02
7790 3.189559e+02
7835 3.186563e+02
7852 3.165774e+02
7968 3.163224e+02
8033 3.161376e+02
8065 3.161191e+02
8133 3.157715e+02
8227 3.152510e+02
8253 3.152145e+02
8265 3.151477e+02
8319 3.149337e+02
8341 3.130690e+02
8504 3.127075e+02
8644 3.120699e+02
8665 3.119287e+02
8692 3.110641e+02
9051 3.109607e+02
9111 3.109235e+02
9229 3.089915e+02
9396 3.088983e+02
9589 3.088192e+02
9722 3.085464e+02
9769 3.082518e+02
9784 3.076360e+02
9956 3.075191e+02
9965 3.073625e+02
9979 3.070022e+02
10007 3.066067e+02
10093 3.064835e+02
10189 3.063887e+02
10220 3.063697e+02
10261 3.062885e+02
10277 3.062320e+02
10331 3.057302e+02
10432 3.055965e+02
10548 3.053574e+02
10600 3.053406e+02
10704 3.050836e+02
10760 3.049245e+02
10854 3.048203e+02
10960 3.047847e+02
11158 3.046127e+02
11219 3.045850e+02
11250 3.043816e+02
11299 3.042688e+02
11611 3.040610e+02
11662 3.039729e+02
11670 3.039434e+02
11698 3.039041e+02
11716 3.035779e+02
11734 3.033220e+02
11913 3.031488e+02
12092 3.030164e+02
12158 3.029647e+02
12249 3.029110e+02
12267 3.027231e+02
12320 3.026901e+02
12377 3.023339e+02
12471 3.020799e+02
12907 3.017057e+02
12996 3.015530e+02
13387 3.015467e+02
13431 3.014966e+02
13503 3.013976e+02
13678 3.012950e+02
13802 3.012597e+02
13943 3.011895e+02
14076 3.010323e+02
14113 3.010013e+02
14385 3.009905e+02
14405 3.009409e+02
14541 3.009231e+02
14570 3.007240e+02
14573 3.007172e+02
14732 3.007162e+02
14745 3.005434e+02
14783 3.004720e+02
15018 3.004069e+02
15222 3.003210e+02
15457 3.003166e+02
15674 3.002614e+02
15879 3.002597e+02
16003 3.002321e+02
16026 3.001819e+02
16102 3.000843e+02
16244 3.000555e+02
16276 3.000384e+02
16425 2.999838e+02
16589 2.999467e+02
16759 2.999441e+02
16770 2.999090e+02
16772 2.998865e+02
16799 2.998713e+02
16822 2.998016e+02
16833 2.997842e+02
16935 2.997137e+02
17170 2.997093e+02
17515 2.996715e+02
17569 2.995624e+02
17924 2.995396e+02
18143 2.994749e+02
18284 2.994218e+02
18328 2.993860e+02
18422 2.993658e+02
18483 2.993641e+02
18497 2.993039e+02
18649 2.992734e+02
18750 2.992610e+02
18798 2.992589e+02
18823 2.991971e+02
18833 2.991053e+02
19365 2.990891e+02
19554 2.990433e+02
19670 2.990392e+02
19773 2.990228e+02
19777 2.990206e+02
19865 2.990198e+02
19936 2.989935e+02
20014 2.989866e+02
20020 2.989686e+02
20079 2.989494e+02
20132 2.989452e+02
20159 2.989338e+02
20170 2.989260e+02
20221 2.989215e+02
20388 2.988885e+02
20532 2.988865e+02
20556 2.988708e+02
20649 2.988662e+02
20705 2.988542e+02
20845 2.988483e+02
20864 2.988442e+02
20987 2.988427e+02
20994 2.988240e+02
21098 2.988121e+02
21178 2.988112e+02
21233 2.988047e+02
21336 2.987995e+02
21377 2.987993e+02
21402 2.987991e+02
21431 2.987831e+02
21500 2.987760e+02
21627 2.987684e+02
21720 2.987571e+02
21760 2.987496e+02
21929 2.987441e+02
22133 2.987396e+02
22246 2.987300e+02
22380 2.987242e+02
22520 2.987163e+02
22528 2.987146e+02
22592 2.987120e+02
22637 2.987101e+02
22709 2.986998e+02
22795 2.986974e+02
22798 2.986964e+02
22799 2.986906e+02
23427 2.986890e+02
23472 2.986780e+02
23493 2.986776e+02
23502 2.986747e+02
23753 2.986695e+02
23907 2.986647e+02
23959 2.986625e+02
24126 2.986619e+02
24259 2.986619e+02
24304 2.986557e+02
24317 2.986517e+02
24535 2.986453e+02
24668 2.986411e+02
24829 2.986409e+02
24834 2.986406e+02
24875 2.986397e+02
24959 2.986367e+02
24961 2.986296e+02
25219 2.986288e+02
25608 2.986273e+02
25718 2.986263e+02
25726 2.986260e+02
25745 2.986249e+02
25793 2.986224e+02
26009 2.986212e+02
26074 2.986201e+02
26108 2.986171e+02
26232 2.986135e+02
26595 2.986134e+02
26650 2.986112e+02
26919 2.986088e+02
27013 2.986077e+02
27173 2.986064e+02
27350 2.986056e+02
27401 2.986039e+02
27667 2.986038e+02
27674 2.986038e+02
27712 2.986033e+02
27751 2.986014e+02
27895 2.986013e+02
27929 2.986007e+02
28069 2.986005e+02
28170 2.986003e+02
28211 2.985994e+02
28343 2.985990e+02
28459 2.985977e+02
28469 2.985969e+02
28778 2.985968e+02
28860 2.985962e+02
28913 2.985958e+02
29080 2.985957e+02
29128 2.985950e+02
29279 2.985950e+02
29396 2.985949e+02
29408 2.985948e+02
29418 2.985947e+02
29443 2.985947e+02
29497 2.985943e+02
29635 2.985939e+02
29704 2.985938e+02
29722 2.985932e+02
29810 2.985926e+02
30457 2.985924e+02
30610 2.985921e+02
30650 2.985921e+02
30651 2.985917e+02
30691 2.985913e+02
30820 2.985911e+02
31179 2.985911e+02
31283 2.985910e+02
31284 2.985907e+02
31338 2.985905e+02
31388 2.985903e+02
31615 2.985901e+02
31700 2.985900e+02
31837 2.985897e+02
31851 2.985896e+02
32082 2.985895e+02
32218 2.985895e+02
32279 2.985894e+02
32311 2.985891e+02
32501 2.985889e+02
32520 2.985889e+02
32550 2.985888e+02
32602 2.985888e+02
32624 2.985888e+02
32643 2.985886e+02
32758 2.985886e+02
32780 2.985885e+02
32862 2.985884e+02
32957 2.985884e+02
32978 2.985882e+02
33028 2.985881e+02
33158 2.985881e+02
33241 2.985880e+02
33344 2.985879e+02
33474 2.985878e+02
33614 2.985877e+02
33694 2.985877e+02
33720 2.985877e+02
33769 2.985877e+02
33794 2.985877e+02
33799 2.985876e+02
33867 2.985876e+02
33898 2.985876e+02
33928 2.985875e+02
34044 2.985874e+02
34085 2.985873e+02
34362 2.985873e+02
34378 2.985873e+02
34464 2.985872e+02
34525 2.985872e+02
34663 2.985872e+02
34766 2.985871e+02
34861 2.985871e+02
34946 2.985871e+02
35077 2.985870e+02
35106 2.985869e+02
35207 2.985868e+02
35430 2.985868e+02
35500 2.985868e+02
35521 2.985868e+02
35528 2.985868e+02
35573 2.985867e+02
35604 2.985867e+02
35634 2.985867e+02
35674 2.985865e+02
35931 2.985865e+02
36070 2.985865e+02
36118 2.985864e+02
36383 2.985864e+02
36475 2.985863e+02
36480 2.985863e+02
36545 2.985863e+02
36655 2.985863e+02
36698 2.985863e+02
36740 2.985863e+02
36814 2.985862e+02
37065 2.985862e+02
37169 2.985862e+02
37312 2.985862e+02
37400 2.985861e+02
37411 2.985861e+02
37574 2.985861e+02
37706 2.985861e+02
37859 2.985860e+02
37905 2.985860e+02
38271 2.985860e+02
38503 2.985860e+02
38535 2.985859e+02
38770 2.985859e+02
38846 2.985859e+02
38889 2.985859e+02
39009 2.985859e+02
39366 2.985859e+02
39454 2.985859e+02
39637 2.985859e+02
39675 2.985859e+02
39677 2.985859e+02
39723 2.985859e+02
39790 2.985859e+02
39797 2.985859e+02
39864 2.985859e+02
39874 2.985858e+02
39950 2.985858e+02
40264 2.985858e+02
40402 2.985858e+02
40579 2.985858e+02
40745 2.985858e+02
40747 2.985858e+02
40794 2.985858e+02
40801 2.985858e+02
40852 2.985858e+02
40897 2.985858e+02
41057 2.985858e+02
41114 2.985858e+02
41168 2.985858e+02
41183 2.985858e+02
41222 2.985858e+02
41228 2.985858e+02
41322 2.985858e+02
41385 2.985858e+02
41412 2.985858e+02
41521 2.985858e+02
41547 2.985858e+02
41682 2.985858e+02
41729 2.985858e+02
41819 2.985858e+02
41838 2.985858e+02
41884 2.985858e+02
41935 2.985858e+02
41984 2.985858e+02
41994 2.985858e+02
42026 2.985858e+02
42284 2.985857e+02
42358 2.985857e+02
42364 2.985857e+02
42384 2.985857e+02
42486 2.985857e+02
42495 2.985857e+02
42498 2.985857e+02
42575 2.985857e+02
42774 2.985857e+02
42824 2.985857e+02
42828 2.985857e+02
42971 2.985857e+02
43052 2.985857e+02
43072 2.985857e+02
43327 2.985857e+02
43336 2.985857e+02
43370 2.985857e+02
43389 2.985857e+02
43437 2.985857e+02
43493 2.985857e+02
43611 2.985857e+02
43823 2.985857e+02
43826 2.985857e+02
43865 2.985857e+02
43891 2.985857e+02
44095 2.985857e+02
44127 2.985857e+02
44159 2.985857e+02
44209 2.985857e+02
44226 2.985857e+02
44297 2.985857e+02
44340 2.985857e+02
44356 2.985857e+02
44435 2.985857e+02
44463 2.985857e+02
44498 2.985857e+02
44568 2.985857e+02
44645 2.985857e+02
44723 2.985857e+02
44763 2.985857e+02
44838 2.985857e+02
44876 2.985857e+02
44896 2.985857e+02
44909 2.985857e+02
44964 2.985857e+02
45086 2.985857e+02
45106 2.985857e+02
45108 2.985857e+02
45160 2.985857e+02
45179 2.985857e+02
45316 2.985857e+02
45481 2.985857e+02
45531 2.985857e+02
45535 2.985857e+02
45653 2.985857e+02
45752 2.985857e+02
45780 2.985857e+02
45958 2.985857e+02
46213 2.985857e+02
46227 2.985857e+02
46295 2.985857e+02
46418 2.985857e+02
46481 2.985857e+02
46492 2.985857e+02
46494 2.985857e+02
46506 2.985857e+02
46520 2.985857e+02
46590 2.985857e+02
46688 2.985857e+02
47101 2.985857e+02
47133 2.985857e+02
47195 2.985857e+02
47271 2.985857e+02
47328 2.985857e+02
47491 2.985857e+02
47537 2.985857e+02
47672 2.985857e+02
47741 2.985857e+02
47742 2.985857e+02
47779 2.985857e+02
47834 2.985857e+02
47847 2.985857e+02
47957 2.985857e+02
48048 2.985857e+02
48102 2.985857e+02
48233 2.985857e+02
48281 2.985857e+02
48311 2.985857e+02
48380 2.985857e+02
48383 2.985857e+02
48480 2.985857e+02
48781 2.985857e+02
48795 2.985857e+02
48851 2.985857e+02
48888 2.985857e+02
48909 2.985857e+02
48989 2.985857e+02
48994 2.985857e+02
49008 2.985857e+02
49047 2.985857e+02
49159 2.985857e+02
49303 2.985857e+02
49678 2.985857e+02
49758 2.985857e+02
49838 2.985857e+02
49924 2.985857e+02
50046 2.985857e+02
50108 2.985857e+02
50180 2.985857e+02
50469 2.985857e+02
50585 2.985857e+02
50635 2.985857e+02
50636 2.985857e+02
50689 2.985857e+02
50788 2.985857e+02
50868 2.985857e+02
50975 2.985857e+02
51044 2.985857e+02
51063 2.985857e+02
51076 2.985857e+02
51104 2.985857e+02
51177 2.985857e+02
51237 2.985857e+02
51272 2.985857e+02
51524 2.985857e+02
51562 2.985857e+02
51613 2.985857e+02
51709 2.985857e+02
51717 2.985857e+02
51758 2.985857e+02
51775 2.985857e+02
51836 2.985857e+02
51961 2.985857e+02
52011 2.985857e+02
52175 2.985857e+02
52200 2.985857e+02
52248 2.985857e+02
52454 2.985857e+02
52501 2.985857e+02
52544 2.985857e+02
52548 2.985857e+02
52581 2.985857e+02
52696 2.985857e+02
52777 2.985857e+02
52804 2.985857e+02
52819 2.985857e+02
52837 2.985857e+02
52921 2.985857e+02
53039 2.985857e+02
53074 2.985857e+02
53109 2.985857e+02
53233 2.985857e+02
53244 2.985857e+02
53283 2.985857e+02
53351 2.985857e+02
53367 2.985857e+02
53404 2.985857e+02
53613 2.985857e+02
53734 2.985857e+02
53802 2.985857e+02
53823 2.985857e+02
53942 2.985857e+02
54004 2.985857e+02
54027 2.985857e+02
54028 2.985857e+02
54052 2.985857e+02
54061 2.985857e+02
54173 2.985857e+02
54244 2.985857e+02
54261 2.985857e+02
54268 2.985857e+02
54301 2.985857e+02
54407 2.985857e+02
54458 2.985857e+02
54515 2.985857e+02
54537 2.985857e+02
54565 2.985857e+02
54613 2.985857e+02
54679 2.985857e+02
54709 2.985857e+02
54728 2.985857e+02
54743 2.985857e+02
54818 2.985857e+02
55059 2.985857e+02
55063 2.985857e+02
55118 2.985857e+02
55121 2.985857e+02
55129 2.985857e+02
55131 2.985857e+02
55142 2.985857e+02
55168 2.985857e+02
55287 2.985857e+02
55445 2.985857e+02
55472 2.985857e+02
55497 2.985857e+02
55929 2.985857e+02
55944 2.985857e+02
55963 2.985857e+02
55971 2.985857e+02
55992 2.985857e+02
56037 2.985857e+02
56155 2.985857e+02
56267 2.985857e+02
56361 2.985857e+02
56372 2.985857e+02
56515 2.985857e+02
56604 2.985857e+02
56670 2.985857e+02
56791 2.985857e+02
56851 2.985857e+02
56909 2.985857e+02
56966 2.985857e+02
57130 2.985857e+02
57236 2.985857e+02
57544 2.985857e+02
57621 2.985857e+02
57671 2.985857e+02
57782 2.985857e+02
57829 2.985857e+02
57881 2.985857e+02
57919 2.985857e+02
58044 2.985857e+02
58108 2.985857e+02
58239 2.985857e+02
58254 2.985857e+02
58256 2.985857e+02
58329 2.985857e+02
58389 2.985857e+02
58436 2.985857e+02
58535 2.985857e+02
58540 2.985857e+02
58603 2.985857e+02
58695 2.985857e+02
58716 2.985857e+02
59004 2.985857e+02
59329 2.985857e+02
59435 2.985857e+02
59455 2.985857e+02
59467 2.985857e+02
59521 2.985857e+02
59730 2.985857e+02
59858 2.985857e+02
59890 2.985857e+02
59893 2.985857e+02
59918 2.985857e+02
59948 2.985857e+02
59994 2.985857e+02
60047 2.985857e+02
60096 2.985857e+02
60132 2.985857e+02
60142 2.985857e+02
60204 2.985857e+02
60237 2.985857e+02
60244 2.985857e+02
60249 2.985857e+02
60325 2.985857e+02
60330 2.985857e+02
60368 2.985857e+02
60487 2.985857e+02
60489 2.985857e+02
60629 2.985857e+02
61145 2.985857e+02
61208 2.985857e+02
61299 2.985857e+02
61335 2.985857e+02
61373 2.985857e+02
61379 2.985857e+02
61388 2.985857e+02
61400 2.985857e+02
61431 2.985857e+02
61522 2.985857e+02
61600 2.985857e+02
61638 2.985857e+02
61657 2.985857e+02
61676 2.985857e+02
61681 2.985857e+02
61721 2.985857e+02
61724 2.985857e+02
61917 2.985857e+02
61948 2.985857e+02
62012 2.985857e+02
62126 2.985857e+02
62131 2.985857e+02
62149 2.985857e+02
62185 2.985857e+02
62259 2.985857e+02
62333 2.985857e+02
62541 2.985857e+02
62545 2.985857e+02
62553 2.985857e+02
62554 2.985857e+02
62577 2.985857e+02
62635 2.985857e+02
62658 2.985857e+02
62812 2.985857e+02
62824 2.985857e+02
62839 2.985857e+02
62873 2.985857e+02
62905 2.985857e+02
62953 2.985857e+02
63024 2.985857e+02
63101 2.985857e+02
63110 2.985857e+02
63152 2.985857e+02
63174 2.985857e+02
63230 2.985857e+02
63332 2.985857e+02
63379 2.985857e+02
63420 2.985857e+02
63477 2.985857e+02
63506 2.985857e+02
63540 2.985857e+02
63543 2.985857e+02
63613 2.985857e+02
63671 2.985857e+02
63714 2.985857e+02
63723 2.985857e+02
63810 2.985857e+02
63869 2.985857e+02
63898 2.985857e+02
64102 2.985857e+02
64104 2.985857e+02
64118 2.985857e+02
64471 2.985857e+02
64494 2.985857e+02
64622 2.985857e+02
64738 2.985857e+02
64819 2.985857e+02
64924 2.985857e+02
65016 2.985857e+02
65244 2.985857e+02
65289 2.985857e+02
65293 2.985857e+02
65329 2.985857e+02
65332 2.985857e+02
65378 2.985857e+02
65411 2.985857e+02
65416 2.985857e+02
65647 2.985857e+02
65779 2.985857e+02
65860 2.985857e+02
65909 2.985857e+02
66080 2.985857e+02
66104 2.985857e+02
66138 2.985857e+02
66210 2.985857e+02
66211 2.985857e+02
66254 2.985857e+02
66275 2.985857e+02
66620 2.985857e+02
66643 2.985857e+02
66656 2.985857e+02
66710 2.985857e+02
66778 2.985857e+02
66933 2.985857e+02
67269 2.985857e+02
67296 2.985857e+02
67315 2.985857e+02
67372 2.985857e+02
67392 2.985857e+02
67439 2.985857e+02
67462 2.985857e+02
67473 2.985857e+02
67496 2.985857e+02
67684 2.985857e+02
67735 2.985857e+02
67875 2.985857e+02
67950 2.985857e+02
67996 2.985857e+02
68107 2.985857e+02
68124 2.985857e+02
68173 2.985857e+02
68264 2.985857e+02
68348 2.985857e+02
68371 2.985857e+02
68489 2.985857e+02
68512 2.985857e+02
68528 2.985857e+02
68606 2.985857e+02
68644 2.985857e+02
68714 2.985857e+02
68804 2.985857e+02
68878 2.985857e+02
68995 2.985857e+02
69072 2.985857e+02
69080 2.985857e+02
69101 2.985857e+02
69178 2.985857e+02
69241 2.985857e+02
69242 2.985857e+02
69313 2.985857e+02
69386 2.985857e+02
69395 2.985857e+02
69468 2.985857e+02
69541 2.985857e+02
69595 2.985857e+02
69684 2.985857e+02
69691 2.985857e+02
69721 2.985857e+02
69757 2.985857e+02
69805 2.985857e+02
69846 2.985857e+02
69863 2.985857e+02
69875 2.985857e+02
69894 2.985857e+02
69915 2.985857e+02
69934 2.985857e+02
70069 2.985857e+02
70084 2.985857e+02
70088 2.985857e+02
70128 2.985857e+02
70186 2.985857e+02
70296 2.985857e+02
70348 2.985857e+02
70392 2.985857e+02
70418 2.985857e+02
70466 2.985857e+02
70491 2.985857e+02
70501 2.985857e+02
70534 2.985857e+02
70554 2.985857e+02
70559 2.985857e+02
70575 2.985857e+02
70579 2.985857e+02
70588 2.985857e+02
70634 2.985857e+02
70657 2.985857e+02
70695 2.985857e+02
70750 2.985857e+02
70764 2.985857e+02
70836 2.985857e+02
70868 2.985857e+02
70870 2.985857e+02
70902 2.985857e+02
70921 2.985857e+02
70952 2.985857e+02
71560 2.985857e+02
71595 2.985857e+02
71600 2.985857e+02
71624 2.985857e+02
71644 2.985857e+02
71648 2.985857e+02
71672 2.985857e+02
71916 2.985857e+02
71925 2.985857e+02
72132 2.985857e+02
72262 2.985857e+02
72307 2.985857e+02
72348 2.985857e+02
72391 2.985857e+02
72468 2.985857e+02
72488 2.985857e+02
72538 2.985857e+02
72585 2.985857e+02
72654 2.985857e+02
72854 2.985857e+02
73076 2.985857e+02
73097 2.985857e+02
73115 2.985857e+02
73132 2.985857e+02
73202 2.985857e+02
73208 2.985857e+02
73337 2.985857e+02
73341 2.985857e+02
73385 2.985857e+02
73520 2.985857e+02
73528 2.985857e+02
73566 2.985857e+02
73597 2.985857e+02
73620 2.985857e+02
73702 2.985857e+02
73751 2.985857e+02
73795 2.985857e+02
73826 2.985857e+02
73837 2.985857e+02
73897 2.985857e+02
73937 2.985857e+02
73979 2.985857e+02
74032 2.985857e+02
74091 2.985857e+02
74114 2.985857e+02
74152 2.985857e+02
74213 2.985857e+02
74227 2.985857e+02
74309 2.985857e+02
74316 2.985857e+02
74383 2.985857e+02
74406 2.985857e+02
74439 2.985857e+02
74472 2.985857e+02
74498 2.985857e+02
74534 2.985857e+02
74550 2.985857e+02
74713 2.985857e+02
74768 2.985857e+02
74773 2.985857e+02
74801 2.985857e+02
74807 2.985857e+02
74856 2.985857e+02
74866 2.985857e+02
74892 2.985857e+02
159419 2.983697e+02
159540 2.981273e+02
159708 2.980932e+02
159775 2.977063e+02
159910 2.976108e+02
159996 2.975071e+02
160119 2.970761e+02
160204 2.970576e+02
160211 2.969321e+02
160304 2.960995e+02
160469 2.960916e+02
160498 2.959991e+02
160511 2.958521e+02
160694 2.954915e+02
160980 2.952533e+02
161050 2.952501e+02
161165 2.951198e+02
161336 2.950801e+02
161524 2.950015e+02
161553 2.947307e+02
161693 2.945772e+02
161888 2.944903e+02
162093 2.942992e+02
162355 2.941056e+02
162518 2.940832e+02
162677 2.940467e+02
162723 2.939441e+02
162773 2.939055e+02
162988 2.938696e+02
163010 2.936826e+02
163133 2.936524e+02
163352 2.935182e+02
163370 2.934783e+02
163504 2.934724e+02
163515 2.934705e+02
163609 2.934529e+02
163639 2.934099e+02
163678 2.932845e+02
163824 2.931965e+02
163914 2.931869e+02
164040 2.931164e+02
164108 2.930782e+02
164259 2.930722e+02
164371 2.930215e+02
164438 2.930122e+02
164472 2.929578e+02
164556 2.929402e+02
164577 2.929371e+02
164642 2.927725e+02
164821 2.927423e+02
164978 2.926906e+02
165026 2.926873e+02
165045 2.926218e+02
165507 2.925703e+02
165637 2.925140e+02
165840 2.924990e+02
165926 2.924298e+02
166028 2.923794e+02
166183 2.923353e+02
166194 2.923219e+02
166204 2.922816e+02
166509 2.922699e+02
166618 2.921862e+02
166657 2.921594e+02
166966 2.921389e+02
167070 2.921349e+02
167127 2.921302e+02
167155 2.921218e+02
167162 2.921117e+02
167170 2.920885e+02
167239 2.920852e+02
167245 2.919820e+02
167823 2.919808e+02
167824 2.919548e+02
167863 2.919336e+02
167913 2.919044e+02
168143 2.919014e+02
168192 2.918909e+02
168247 2.918698e+02
168273 2.918679e+02
168299 2.918652e+02
168506 2.918620e+02
168587 2.918349e+02
168766 2.918112e+02
169049 2.917871e+02
169114 2.917445e+02
169316 2.917339e+02
169544 2.917314e+02
169644 2.917270e+02
169723 2.917137e+02
169746 2.917135e+02
169846 2.917042e+02
169859 2.916715e+02
170467 2.916658e+02
170573 2.916598e+02
170646 2.916560e+02
170651 2.916521e+02
170670 2.916516e+02
170754 2.916485e+02
170783 2.916411e+02
170802 2.916405e+02
170814 2.916353e+02
170825 2.916344e+02
170896 2.916317e+02
170906 2.916294e+02
170924 2.916275e+02
170995 2.916218e+02
171004 2.916148e+02
171071 2.916070e+02
171316 2.916025e+02
171327 2.915937e+02
171334 2.915881e+02
171567 2.915834e+02
171583 2.915824e+02
171615 2.915774e+02
171682 2.915763e+02
171996 2.915762e+02
171997 2.915759e+02
171998 2.915688e+02
172040 2.915674e+02
172083 2.915648e+02
172121 2.915613e+02
172240 2.915612e+02
172243 2.915590e+02
172269 2.915564e+02
172450 2.915558e+02
172498 2.915529e+02
172511 2.915484e+02
172730 2.915430e+02
172829 2.915383e+02
172925 2.915378e+02
173080 2.915338e+02
173200 2.915332e+02
173233 2.915328e+02
173239 2.915271e+02
173433 2.915232e+02
173641 2.915217e+02
173656 2.915203e+02
173734 2.915167e+02
173927 2.915153e+02
174134 2.915135e+02
174197 2.915119e+02
174316 2.915119e+02
174317 2.915118e+02
174322 2.915112e+02
174354 2.915093e+02
174526 2.915087e+02
174529 2.915079e+02
174542 2.915075e+02
174654 2.915061e+02
174779 2.915050e+02
174808 2.915031e+02
174991 2.915019e+02
175100 2.914989e+02
175176 2.914987e+02
175278 2.914982e+02
175360 2.914980e+02
175363 2.914949e+02
175634 2.914940e+02
175711 2.914928e+02
175770 2.914909e+02
175870 2.914887e+02
175999 2.914872e+02
176218 2.914869e+02
176269 2.914866e+02
176336 2.914862e+02
176365 2.914856e+02
176394 2.914850e+02
176436 2.914843e+02
176441 2.914821e+02
176693 2.914818e+02
176831 2.914814e+02
176872 2.914812e+02
176874 2.914805e+02
176965 2.914798e+02
176968 2.914798e+02
177006 2.914797e+02
177015 2.914791e+02
177159 2.914784e+02
177423 2.914769e+02
177527 2.914762e+02
177689 2.914760e+02
177756 2.914758e+02
177800 2.914753e+02
178075 2.914750e+02
178109 2.914748e+02
178172 2.914738e+02
178178 2.914737e+02
178267 2.914722e+02
178403 2.914720e+02
178443 2.914719e+02
178617 2.914718e+02
178674 2.914715e+02
178744 2.914705e+02
178835 2.914702e+02
179011 2.914699e+02
179035 2.914697e+02
179152 2.914696e+02
179247 2.914695e+02
179263 2.914694e+02
179281 2.914691e+02
179289 2.914688e+02
179544 2.914687e+02
179636 2.914686e+02
179710 2.914684e+02
179734 2.914681e+02
179771 2.914676e+02
179930 2.914670e+02
180482 2.914669e+02
180521 2.914666e+02
180706 2.914663e+02
180860 2.914662e+02
180966 2.914661e+02
181047 2.914652e+02
181248 2.914649e+02
181503 2.914649e+02
181560 2.914649e+02
181665 2.914648e+02
181741 2.914645e+02
181992 2.914641e+02
182128 2.914639e+02
182309 2.914639e+02
182310 2.914637e+02
182351 2.914636e+02
182382 2.914635e+02
182470 2.914634e+02
182495 2.914633e+02
182593 2.914633e+02
182602 2.914632e+02
182636 2.914632e+02
182667 2.914631e+02
182716 2.914631e+02
182817 2.914630e+02
182882 2.914629e+02
182958 2.914627e+02
183102 2.914626e+02
183357 2.914626e+02
183372 2.914625e+02
183397 2.914624e+02
183499 2.914623e+02
183503 2.914622e+02
183910 2.914621e+02
183986 2.914620e+02
184215 2.914620e+02
184268 2.914619e+02
184283 2.914618e+02
184458 2.914618e+02
184475 2.914618e+02
184508 2.914617e+02
184567 2.914616e+02
184671 2.914614e+02
184781 2.914614e+02
184982 2.914614e+02
185026 2.914613e+02
185107 2.914613e+02
185109 2.914612e+02
185120 2.914612e+02
185374 2.914611e+02
185429 2.914611e+02
185455 2.914611e+02
185467 2.914610e+02
185471 2.914610e+02
185523 2.914610e+02
185840 2.914609e+02
185919 2.914609e+02
185975 2.914609e+02
186020 2.914608e+02
186105 2.914608e+02
186184 2.914608e+02
186377 2.914608e+02
186379 2.914607e+02
186569 2.914607e+02
186699 2.914606e+02
186865 2.914606e+02
186890 2.914606e+02
186909 2.914606e+02
186992 2.914606e+02
187015 2.914605e+02
187027 2.914605e+02
187226 2.914604e+02
187329 2.914604e+02
187623 2.914604e+02
187842 2.914604e+02
187853 2.914604e+02
187859 2.914604e+02
187881 2.914604e+02
187892 2.914603e+02
188101 2.914603e+02
188221 2.914603e+02
188355 2.914603e+02
188386 2.914603e+02
188410 2.914603e+02
188433 2.914603e+02
188460 2.914603e+02
188529 2.914603e+02
188544 2.914603e+02
188730 2.914603e+02
188797 2.914602e+02
188894 2.914602e+02
188902 2.914602e+02
189102 2.914602e+02
189138 2.914602e+02
189171 2.914602e+02
189182 2.914602e+02
189254 2.914602e+02
189647 2.914602e+02
189707 2.914602e+02
189839 2.914602e+02
189933 2.914602e+02
189944 2.914602e+02
189948 2.914601e+02
190071 2.914601e+02
190285 2.914601e+02
190398 2.914601e+02
190528 2.914601e+02
190710 2.914601e+02
190751 2.914601e+02
190868 2.914601e+02
190896 2.914601e+02
191007 2.914601e+02
191235 2.914601e+02
191246 2.914601e+02
191331 2.914601e+02
191734 2.914601e+02
191756 2.914601e+02
191886 2.914601e+02
192031 2.914601e+02
192062 2.914601e+02
192114 2.914601e+02
192140 2.914601e+02
192170 2.914601e+02
192188 2.914601e+02
192234 2.914600e+02
192377 2.914600e+02
192430 2.914600e+02
192604 2.914600e+02
192661 2.914600e+02
192758 2.914600e+02
192778 2.914600e+02
192806 2.914600e+02
192824 2.914600e+02
192890 2.914600e+02
192898 2.914600e+02
192972 2.914600e+02
193022 2.914600e+02
193258 2.914600e+02
193425 2.914600e+02
193473 2.914600e+02
193616 2.914600e+02
193981 2.914600e+02
194038 2.914600e+02
194046 2.914600e+02
194077 2.914600e+02
194232 2.914600e+02
194396 2.914600e+02
194446 2.914600e+02
194491 2.914600e+02
194507 2.914600e+02
194582 2.914600e+02
194596 2.914600e+02
194631 2.914600e+02
194651 2.914600e+02
194765 2.914600e+02
194830 2.914600e+02
195016 2.914600e+02
195029 2.914600e+02
195058 2.914600e+02
195281 2.914600e+02
195367 2.914600e+02
195408 2.914600e+02
195538 2.914600e+02
195539 2.914600e+02
195757 2.914600e+02
195768 2.914600e+02
195818 2.914600e+02
195887 2.914600e+02
196092 2.914600e+02
196132 2.914600e+02
196205 2.914600e+02
196231 2.914600e+02
196237 2.914600e+02
196321 2.914600e+02
196416 2.914600e+02
196444 2.914600e+02
196450 2.914600e+02
196478 2.914600e+02
196540 2.914600e+02
196626 2.914600e+02
196866 2.914600e+02
196908 2.914600e+02
197007 2.914600e+02
197080 2.914600e+02
197083 2.914600e+02
197106 2.914600e+02
197194 2.914600e+02
197206 2.914600e+02
197317 2.914600e+02
197403 2.914600e+02
197488 2.914600e+02
197572 2.914600e+02
197638 2.914600e+02
197697 2.914600e+02
197701 2.914600e+02
197775 2.914600e+02
197797 2.914600e+02
197978 2.914600e+02
198014 2.914600e+02
198095 2.914600e+02
198105 2.914600e+02
198182 2.914600e+02
198184 2.914600e+02
198191 2.914600e+02
198196 2.914600e+02
198240 2.914600e+02
198333 2.914600e+02
198560 2.914600e+02
198663 2.914600e+02
198664 2.914600e+02
198698 2.914600e+02
198782 2.914600e+02
198796 2.914600e+02
198812 2.914600e+02
198857 2.914600e+02
198917 2.914600e+02
198960 2.914600e+02
198967 2.914600e+02
199084 2.914600e+02
199221 2.914600e+02
199371 2.914600e+02
199498 2.914600e+02
199539 2.914600e+02
199610 2.914600e+02
199652 2.914600e+02
199833 2.914600e+02
199849 2.914600e+02
199923 2.914600e+02
199951 2.914600e+02
199958 2.914600e+02
199961 2.914600e+02
199964 2.914600e+02
200011 2.914600e+02
200033 2.914600e+02
200122 2.914600e+02
200223 2.914600e+02
200352 2.914600e+02
200485 2.914600e+02
200559 2.914600e+02
200585 2.914600e+02
200610 2.914600e+02
200720 2.914600e+02
200758 2.914600e+02
200812 2.914600e+02
201078 2.914600e+02
201110 2.914600e+02
201132 2.914600e+02
201135 2.914600e+02
201187 2.914600e+02
201279 2.914600e+02
201306 2.914600e+02
201561 2.914600e+02
201590 2.914600e+02
201627 2.914600e+02
201656 2.914600e+02
201669 2.914600e+02
201708 2.914600e+02
201723 2.914600e+02
201776 2.914600e+02
201834 2.914600e+02
202088 2.914600e+02
202195 2.914600e+02
202316 2.914600e+02
202324 2.914600e+02
202451 2.914600e+02
202461 2.914600e+02
202543 2.914600e+02
202580 2.914600e+02
202695 2.914600e+02
202769 2.914600e+02
202787 2.914600e+02
202855 2.914600e+02
202938 2.914600e+02
203024 2.914600e+02
203100 2.914600e+02
203138 2.914600e+02
203139 2.914600e+02
203196 2.914600e+02
203236 2.914600e+02
203237 2.914600e+02
203267 2.914600e+02
203350 2.914600e+02
203502 2.914600e+02
203527 2.914600e+02
203563 2.914600e+02
203648 2.914600e+02
203853 2.914600e+02
203955 2.914600e+02
204028 2.914600e+02
204034 2.914600e+02
204068 2.914600e+02
204247 2.914600e+02
204258 2.914600e+02
204399 2.914600e+02
204412 2.914600e+02
204480 2.914600e+02
204498 2.914600e+02
204509 2.914600e+02
204522 2.914600e+02
204544 2.914600e+02
204548 2.914600e+02
204581 2.914600e+02
204628 2.914600e+02
204843 2.914600e+02
204860 2.914600e+02
205045 2.914600e+02
205088 2.914600e+02
205145 2.914600e+02
205155 2.914600e+02
205179 2.914600e+02
205189 2.914600e+02
205311 2.914600e+02
205323 2.914600e+02
205390 2.914600e+02
205417 2.914600e+02
205524 2.914600e+02
205527 2.914600e+02
205557 2.914600e+02
205560 2.914600e+02
205613 2.914600e+02
205625 2.914600e+02
205695 2.914600e+02
205697 2.914600e+02
205789 2.914600e+02
205846 2.914600e+02
205998 2.914600e+02
206027 2.914600e+02
206032 2.914600e+02
206093 2.914600e+02
206096 2.914600e+02
206132 2.914600e+02
206134 2.914600e+02
206174 2.914600e+02
206280 2.914600e+02
206339 2.914600e+02
206441 2.914600e+02
206554 2.914600e+02
206573 2.914600e+02
206634 2.914600e+02
206642 2.914600e+02
206749 2.914600e+02
206791 2.914600e+02
206801 2.914600e+02
206847 2.914600e+02
206856 2.914600e+02
206859 2.914600e+02
206861 2.914600e+02
206916 2.914600e+02
207008 2.914600e+02
207054 2.914600e+02
207095 2.914600e+02
207099 2.914600e+02
207200 2.914600e+02
207259 2.914600e+02
207279 2.914600e+02
207322 2.914600e+02
207325 2.914600e+02
207380 2.914600e+02
207626 2.914600e+02
207677 2.914600e+02
207679 2.914600e+02
207729 2.914600e+02
207744 2.914600e+02
207763 2.914600e+02
207783 2.914600e+02
207831 2.914600e+02
207877 2.914600e+02
208009 2.914600e+02
208194 2.914600e+02
208276 2.914600e+02
208389 2.914600e+02
208470 2.914600e+02
208474 2.914600e+02
208476 2.914600e+02
208563 2.914600e+02
208642 2.914600e+02
208725 2.914600e+02
208856 2.914600e+02
208963 2.914600e+02
209063 2.914600e+02
209092 2.914600e+02
209100 2.914600e+02
209219 2.914600e+02
209307 2.914600e+02
209321 2.914600e+02
209368 2.914600e+02
209461 2.914600e+02
209617 2.914600e+02
209666 2.914600e+02
209711 2.914600e+02
209769 2.914600e+02
209870 2.914600e+02
209911 2.914600e+02
209941 2.914600e+02
209973 2.914600e+02
209994 2.914600e+02
210014 2.914600e+02
210182 2.914600e+02
210272 2.914600e+02
210454 2.914600e+02
210682 2.914600e+02
210736 2.914600e+02
210742 2.914600e+02
210864 2.914600e+02
210923 2.914600e+02
210928 2.914600e+02
211009 2.914600e+02
211019 2.914600e+02
211047 2.914600e+02
211053 2.914600e+02
211115 2.914600e+02
211141 2.914600e+02
211381 2.914600e+02
211495 2.914600e+02
211519 2.914600e+02
211527 2.914600e+02
211535 2.914600e+02
211550 2.914600e+02
211586 2.914600e+02
211588 2.914600e+02
211719 2.914600e+02
211761 2.914600e+02
212035 2.914600e+02
212039 2.914600e+02
212064 2.914600e+02
212076 2.914600e+02
212090 2.914600e+02
212160 2.914600e+02
212202 2.914600e+02
212223 2.914600e+02
212261 2.914600e+02
212327 2.914600e+02
212396 2.914600e+02
212559 2.914600e+02
212608 2.914600e+02
212668 2.914600e+02
212792 2.914600e+02
212823 2.914600e+02
212893 2.914600e+02
212909 2.914600e+02
213072 2.914600e+02
213197 2.914600e+02
213337 2.914600e+02
213370 2.914600e+02
213456 2.914600e+02
213641 2.914600e+02
213694 2.914600e+02
213964 2.914600e+02
214017 2.914600e+02
214293 2.914600e+02
214307 2.914600e+02
214309 2.914600e+02
214331 2.914600e+02
214394 2.914600e+02
214421 2.914600e+02
214466 2.914600e+02
214547 2.914600e+02
214582 2.914600e+02
214740 2.914600e+02
214742 2.914600e+02
214745 2.914600e+02
214962 2.914600e+02
215017 2.914600e+02
215320 2.914600e+02
215379 2.914600e+02
215409 2.914600e+02
215418 2.914600e+02
215550 2.914600e+02
215597 2.914600e+02
215705 2.914600e+02
215707 2.914600e+02
215772 2.914600e+02
215990 2.914600e+02
216040 2.914600e+02
216088 2.914600e+02
216219 2.914600e+02
216226 2.914600e+02
216402 2.914600e+02
216497 2.914600e+02
216503 2.914600e+02
216508 2.914600e+02
216672 2.914600e+02
216728 2.914600e+02
216744 2.914600e+02
216809 2.914600e+02
216836 2.914600e+02
216883 2.914600e+02
216928 2.914600e+02
216995 2.914600e+02
217007 2.914600e+02
217079 2.914600e+02
217084 2.914600e+02
217261 2.914600e+02
217276 2.914600e+02
217334 2.914600e+02
217535 2.914600e+02
217593 2.914600e+02
217678 2.914600e+02
217744 2.914600e+02
217749 2.914600e+02
217771 2.914600e+02
217825 2.914600e+02
217872 2.914600e+02
217942 2.914600e+02
217976 2.914600e+02
218001 2.914600e+02
218057 2.914600e+02
218074 2.914600e+02
218096 2.914600e+02
218139 2.914600e+02
218142 2.914600e+02
218214 2.914600e+02
218242 2.914600e+02
218292 2.914600e+02
218364 2.914600e+02
218466 2.914600e+02
218475 2.914600e+02
218495 2.914600e+02
218520 2.914600e+02
218529 2.914600e+02
218688 2.914600e+02
218750 2.914600e+02
218809 2.914600e+02
218868 2.914600e+02
218873 2.914600e+02
218886 2.914600e+02
218994 2.914600e+02
219007 2.914600e+02
219112 2.914600e+02
219205 2.914600e+02
219219 2.914600e+02
219263 2.914600e+02
219322 2.914600e+02
219345 2.914600e+02
219498 2.914600e+02
219545 2.914600e+02
219652 2.914600e+02
219743 2.914600e+02
219791 2.914600e+02
219796 2.914600e+02
219807 2.914600e+02
219813 2.914600e+02
219814 2.914600e+02
219840 2.914600e+02
219844 2.914600e+02
219878 2.914600e+02
219970 2.914600e+02
220034 2.914600e+02
220119 2.914600e+02
220203 2.914600e+02
220284 2.914600e+02
220335 2.914600e+02
220369 2.914600e+02
220442 2.914600e+02
220457 2.914600e+02
220468 2.914600e+02
220482 2.914600e+02
220525 2.914600e+02
220527 2.914600e+02
220530 2.914600e+02
220569 2.914600e+02
220711 2.914600e+02
220766 2.914600e+02
220768 2.914600e+02
220793 2.914600e+02
220804 2.914600e+02
220825 2.914600e+02
220843 2.914600e+02
220873 2.914600e+02
252457 2.912734e+02
253172 2.912395e+02
253359 2.911952e+02
253400 2.910607e+02
253433 2.910147e+02
253486 2.909789e+02
253822 2.907483e+02
253912 2.905611e+02
254098 2.905176e+02
254203 2.896064e+02
254843 2.895885e+02
255990 2.888995e+02
256269 2.888647e+02
256616 2.887527e+02
256858 2.886999e+02
256970 2.882170e+02
257850 2.881772e+02
257882 2.876864e+02
257962 2.875915e+02
258009 2.873734e+02
258015 2.872093e+02
259323 2.871762e+02
259498 2.870919e+02
259557 2.869724e+02
259758 2.869063e+02
260058 2.869049e+02
260091 2.868614e+02
260108 2.866392e+02
260321 2.865071e+02
260394 2.863518e+02
260537 2.859931e+02
260840 2.858777e+02
261255 2.858167e+02
261641 2.852864e+02
261897 2.847722e+02
262774 2.846220e+02
263473 2.844683e+02
264363 2.844635e+02
264571 2.843405e+02
264596 2.841441e+02
265106 2.840713e+02
265525 2.839138e+02
265912 2.837781e+02
266364 2.837368e+02
266647 2.837245e+02
266810 2.837016e+02
266915 2.836464e+02
267148 2.836069e+02
267427 2.836031e+02
267481 2.834653e+02
267577 2.834078e+02
267871 2.833265e+02
267937 2.833213e+02
268226 2.832768e+02
268776 2.831052e+02
269337 2.830228e+02
269588 2.829863e+02
269842 2.829723e+02
270306 2.828932e+02
270610 2.828633e+02
270615 2.825858e+02
272508 2.825292e+02
272715 2.825123e+02
272746 2.824570e+02
273323 2.824258e+02
273536 2.824027e+02
273889 2.823890e+02
273914 2.823575e+02
274022 2.823286e+02
274492 2.822481e+02
274730 2.822164e+02
275131 2.821917e+02
276201 2.821842e+02
276324 2.821374e+02
276877 2.821158e+02
277073 2.820882e+02
277094 2.820789e+02
277524 2.820487e+02
277882 2.820339e+02
278127 2.820162e+02
278229 2.820131e+02
278384 2.820085e+02
278481 2.819856e+02
278569 2.819495e+02
279084 2.819157e+02
279911 2.819049e+02
279993 2.818941e+02
280111 2.818912e+02
280224 2.818850e+02
280258 2.818731e+02
280361 2.818234e+02
281113 2.818042e+02
281329 2.817751e+02
281469 2.817710e+02
281797 2.817671e+02
282113 2.817630e+02
282139 2.817472e+02
282425 2.817437e+02
282442 2.817423e+02
282476 2.817330e+02
282664 2.817291e+02
282692 2.817288e+02
282704 2.817284e+02
282784 2.817279e+02
282787 2.817190e+02
282941 2.817167e+02
282989 2.817094e+02
283096 2.816978e+02
283199 2.816644e+02
283498 2.816513e+02
284317 2.816462e+02
284536 2.816337e+02
284958 2.816292e+02
285331 2.816067e+02
285663 2.815973e+02
286112 2.815698e+02
287007 2.815672e+02
287046 2.815565e+02
287275 2.815542e+02
287467 2.815526e+02
287528 2.815438e+02
287699 2.815350e+02
287755 2.815232e+02
288425 2.815226e+02
288470 2.815211e+02
288619 2.815063e+02
289188 2.815003e+02
289356 2.814890e+02
289531 2.814878e+02
290734 2.814861e+02
290772 2.814829e+02
290924 2.814687e+02
290978 2.814666e+02
291225 2.814518e+02
291500 2.814497e+02
292186 2.814482e+02
292199 2.814480e+02
292292 2.814470e+02
292321 2.814432e+02
292383 2.814413e+02
292446 2.814407e+02
292765 2.814363e+02
292812 2.814319e+02
293102 2.814276e+02
293149 2.814223e+02
293265 2.814223e+02
293296 2.814208e+02
293425 2.814188e+02
293494 2.814180e+02
293648 2.814086e+02
294177 2.814073e+02
294624 2.814024e+02
294777 2.814018e+02
294890 2.814006e+02
294902 2.813961e+02
295398 2.813920e+02
295530 2.813855e+02
295772 2.813854e+02
296284 2.813853e+02
296471 2.813848e+02
296686 2.813839e+02
297047 2.813811e+02
297381 2.813803e+02
297442 2.813802e+02
297596 2.813797e+02
297625 2.813778e+02
297847 2.813778e+02
297888 2.813770e+02
297957 2.813759e+02
298308 2.813741e+02
298490 2.813731e+02
298542 2.813719e+02
299481 2.813710e+02
299600 2.813688e+02
299677 2.813682e+02
299812 2.813672e+02
299846 2.813651e+02
300137 2.813632e+02
300674 2.813625e+02
300728 2.813620e+02
301174 2.813611e+02
301554 2.813610e+02
301789 2.813600e+02
302047 2.813591e+02
302174 2.813575e+02
302287 2.813575e+02
302384 2.813568e+02
302443 2.813568e+02
302518 2.813557e+02
302799 2.813555e+02
302879 2.813554e+02
302903 2.813547e+02
303030 2.813543e+02
303084 2.813538e+02
303157 2.813518e+02
303655 2.813514e+02
303768 2.813496e+02
304564 2.813485e+02
305573 2.813482e+02
305615 2.813478e+02
305668 2.813472e+02
306131 2.813467e+02
306531 2.813466e+02
306652 2.813460e+02
306738 2.813458e+02
306905 2.813455e+02
307112 2.813447e+02
307168 2.813445e+02
307276 2.813429e+02
308616 2.813429e+02
308693 2.813425e+02
308713 2.813412e+02
308810 2.813411e+02
309032 2.813411e+02
309098 2.813409e+02
309249 2.813404e+02
309361 2.813404e+02
309427 2.813403e+02
309455 2.813402e+02
309491 2.813398e+02
309534 2.813396e+02
309611 2.813393e+02
309821 2.813391e+02
310013 2.813384e+02
310199 2.813379e+02
310433 2.813377e+02
311149 2.813372e+02
311973 2.813371e+02
312228 2.813368e+02
312484 2.813367e+02
312587 2.813362e+02
312790 2.813359e+02
312928 2.813356e+02
313167 2.813348e+02
313799 2.813341e+02
314441 2.813333e+02
314705 2.813333e+02
315307 2.813332e+02
315414 2.813330e+02
315461 2.813326e+02
315801 2.813325e+02
316161 2.813321e+02
316185 2.813321e+02
316386 2.813320e+02
316450 2.813320e+02
316521 2.813319e+02
316571 2.813318e+02
316674 2.813318e+02
316684 2.813318e+02
316764 2.813317e+02
316925 2.813316e+02
317018 2.813315e+02
317028 2.813313e+02
317085 2.813311e+02
317235 2.813307e+02
318187 2.813305e+02
318732 2.813305e+02
318989 2.813305e+02
319070 2.813302e+02
319407 2.813301e+02
319470 2.813301e+02
319519 2.813300e+02
319732 2.813300e+02
319798 2.813299e+02
319806 2.813297e+02
320748 2.813295e+02
321010 2.813295e+02
321365 2.813293e+02
321381 2.813292e+02
321450 2.813292e+02
321521 2.813292e+02
321574 2.813291e+02
321605 2.813290e+02
321687 2.813290e+02
321799 2.813290e+02
321882 2.813289e+02
321918 2.813289e+02
321928 2.813286e+02
322441 2.813285e+02
323185 2.813285e+02
323299 2.813284e+02
323300 2.813284e+02
323557 2.813284e+02
323760 2.813281e+02
324386 2.813281e+02
324555 2.813280e+02
324650 2.813280e+02
324659 2.813280e+02
324833 2.813279e+02
324929 2.813279e+02
325035 2.813278e+02
325112 2.813277e+02
325150 2.813277e+02
325322 2.813277e+02
325332 2.813277e+02
325716 2.813277e+02
325720 2.813277e+02
325746 2.813276e+02
326148 2.813275e+02
326410 2.813275e+02
326662 2.813275e+02
326691 2.813274e+02
326827 2.813274e+02
326944 2.813274e+02
327101 2.813272e+02
328520 2.813272e+02
328806 2.813271e+02
329314 2.813271e+02
329661 2.813271e+02
329830 2.813270e+02
330018 2.813270e+02
330286 2.813270e+02
330352 2.813270e+02
330426 2.813269e+02
331151 2.813269e+02
331178 2.813269e+02
331476 2.813269e+02
332108 2.813269e+02
332117 2.813268e+02
332119 2.813267e+02
332860 2.813267e+02
332977 2.813267e+02
333062 2.813267e+02
333262 2.813267e+02
333265 2.813267e+02
333526 2.813267e+02
333565 2.813267e+02
333812 2.813266e+02
333861 2.813266e+02
334411 2.813266e+02
334416 2.813266e+02
334553 2.813266e+02
334793 2.813266e+02
335177 2.813266e+02
335278 2.813265e+02
335737 2.813265e+02
336429 2.813264e+02
337351 2.813264e+02
337428 2.813264e+02
338036 2.813264e+02
338715 2.813264e+02
338905 2.813264e+02
338936 2.813263e+02
339029 2.813263e+02
339053 2.813263e+02
339280 2.813263e+02
339310 2.813263e+02
339477 2.813263e+02
339604 2.813263e+02
339865 2.813263e+02
340407 2.813263e+02
340643 2.813263e+02
340725 2.813263e+02
340743 2.813263e+02
341084 2.813263e+02
341384 2.813263e+02
341388 2.813262e+02
341437 2.813262e+02
341646 2.813262e+02
342194 2.813262e+02
342197 2.813262e+02
342313 2.813262e+02
342694 2.813262e+02
342732 2.813262e+02
342750 2.813262e+02
342821 2.813262e+02
344061 2.813262e+02
344148 2.813262e+02
344868 2.813262e+02
344981 2.813262e+02
345453 2.813262e+02
346477 2.813262e+02
346781 2.813262e+02
346843 2.813262e+02
347147 2.813262e+02
347225 2.813262e+02
347430 2.813262e+02
347464 2.813261e+02
347578 2.813261e+02
347694 2.813261e+02
347870 2.813261e+02
348016 2.813261e+02
348064 2.813261e+02
348182 2.813261e+02
348469 2.813261e+02
348876 2.813261e+02
349926 2.813261e+02
350207 2.813261e+02
350838 2.813261e+02
351144 2.813261e+02
351331 2.813261e+02
351409 2.813261e+02
351459 2.813261e+02
351748 2.813261e+02
351832 2.813261e+02
351855 2.813261e+02
352012 2.813261e+02
353016 2.813261e+02
353924 2.813261e+02
354070 2.813261e+02
354354 2.813261e+02
355121 2.813261e+02
355299 2.813261e+02
355713 2.813261e+02
355836 2.813261e+02
356054 2.813261e+02
356530 2.813261e+02
356804 2.813261e+02
356821 2.813261e+02
356893 2.813261e+02
356962 2.813261e+02
357105 2.813261e+02
357523 2.813261e+02
357647 2.813261e+02
358010 2.813261e+02
358263 2.813261e+02
358308 2.813261e+02
358831 2.813261e+02
358998 2.813261e+02
359037 2.813261e+02
359195 2.813261e+02
361370 2.813261e+02
361463 2.813261e+02
361666 2.813261e+02
362183 2.813261e+02
362378 2.813261e+02
362412 2.813261e+02
362517 2.813261e+02
362697 2.813261e+02
362805 2.813261e+02
362991 2.813261e+02
363477 2.813261e+02
363482 2.813261e+02
363508 2.813261e+02
363607 2.813261e+02
363706 2.813261e+02
363760 2.813261e+02
363896 2.813261e+02
364011 2.813261e+02
364249 2.813261e+02
364292 2.813261e+02
364386 2.813261e+02
364414 2.813261e+02
364508 2.813261e+02
364540 2.813261e+02
364667 2.813261e+02
364746 2.813261e+02
364803 2.813261e+02
364828 2.813261e+02
364940 2.813261e+02
364976 2.813261e+02
365143 2.813261e+02
365183 2.813261e+02
365362 2.813261e+02
365608 2.813261e+02
366187 2.813261e+02
366467 2.813261e+02
366482 2.813261e+02
366587 2.813261e+02
366599 2.813261e+02
366678 2.813261e+02
366775 2.813261e+02
366804 2.813261e+02
366989 2.813261e+02
366997 2.813261e+02
367137 2.813261e+02
367281 2.813261e+02
367294 2.813261e+02
367401 2.813261e+02
367704 2.813261e+02
367736 2.813261e+02
368319 2.813261e+02
368348 2.813261e+02
368394 2.813261e+02
368446 2.813261e+02
368487 2.813261e+02
368494 2.813261e+02
368525 2.813261e+02
368559 2.813261e+02
368676 2.813261e+02
368815 2.813261e+02
368846 2.813261e+02
369054 2.813261e+02
369110 2.813261e+02
369114 2.813261e+02
369340 2.813261e+02
369408 2.813261e+02
369622 2.813261e+02
369640 2.813261e+02
369767 2.813261e+02
369887 2.813261e+02
370158 2.813261e+02
370662 2.813261e+02
371485 2.813261e+02
371642 2.813261e+02
371719 2.813261e+02
371944 2.813261e+02
371983 2.813261e+02
371987 2.813261e+02
372120 2.813261e+02
372366 2.813261e+02
372435 2.813261e+02
372488 2.813261e+02
372594 2.813261e+02
372595 2.813261e+02
372716 2.813261e+02
372883 2.813261e+02
373041 2.813261e+02
373541 2.813261e+02
373682 2.813261e+02
373703 2.813261e+02
373812 2.813261e+02
373907 2.813261e+02
373963 2.813261e+02
374090 2.813261e+02
374437 2.813261e+02
375059 2.813261e+02
375062 2.813261e+02
375162 2.813261e+02
375406 2.813261e+02
377634 2.813261e+02
378591 2.813261e+02
378601 2.813261e+02
378781 2.813261e+02
379189 2.813261e+02
379325 2.813261e+02
379472 2.813261e+02
379709 2.813261e+02
379799 2.813261e+02
379800 2.813261e+02
379828 2.813261e+02
380120 2.813261e+02
380268 2.813261e+02
380642 2.813261e+02
380679 2.813261e+02
380775 2.813261e+02
381182 2.813261e+02
381244 2.813261e+02
381279 2.813261e+02
381334 2.813261e+02
381470 2.813261e+02
381615 2.813261e+02
381790 2.813261e+02
381850 2.813261e+02
381891 2.813261e+02
381931 2.813261e+02
382245 2.813261e+02
382374 2.813261e+02
382479 2.813261e+02
382498 2.813261e+02
382568 2.813261e+02
382576 2.813261e+02
382690 2.813261e+02
382788 2.813261e+02
382801 2.813261e+02
382865 2.813261e+02
383022 2.813261e+02
383164 2.813261e+02
383399 2.813261e+02
383433 2.813261e+02
383536 2.813261e+02
383723 2.813261e+02
383811 2.813261e+02
383937 2.813261e+02
384124 2.813261e+02
384151 2.813261e+02
384261 2.813261e+02
384316 2.813261e+02
384534 2.813261e+02
384559 2.813261e+02
384750 2.813261e+02
384774 2.813261e+02
385020 2.813261e+02
385038 2.813261e+02
385069 2.813261e+02
385221 2.813261e+02
385400 2.813261e+02
385447 2.813261e+02
385575 2.813261e+02
385581 2.813261e+02
385702 2.813261e+02
385799 2.813261e+02
385806 2.813261e+02
385980 2.813261e+02
386240 2.813261e+02
386256 2.813261e+02
386408 2.813261e+02
386490 2.813261e+02
386503 2.813261e+02
386561 2.813261e+02
476201 2.813213e+02
476283 2.813191e+02
476565 2.812999e+02
476567 2.812994e+02
476638 2.812453e+02
476823 2.812355e+02
477094 2.811439e+02
477837 2.811429e+02
478615 2.810515e+02
479853 2.810462e+02
480139 2.810445e+02
480160 2.810103e+02
480727 2.809957e+02
481251 2.809700e+02
481803 2.809432e+02
482206 2.809343e+02
482424 2.809310e+02
482665 2.809297e+02
482745 2.809227e+02
482987 2.809138e+02
483109 2.809024e+02
483403 2.808584e+02
483906 2.808464e+02
485029 2.808409e+02
485126 2.808382e+02
485201 2.808245e+02
485284 2.807752e+02
486073 2.807671e+02
486339 2.807658e+02
486729 2.807265e+02
487725 2.807117e+02
487817 2.807106e+02
488084 2.807087e+02
488164 2.807015e+02
488282 2.806732e+02
488395 2.806721e+02
488829 2.806698e+02
489094 2.806678e+02
489320 2.806651e+02
489436 2.806594e+02
490441 2.806539e+02
491468 2.806354e+02
491486 2.806301e+02
492565 2.806256e+02
493432 2.806051e+02
493739 2.805995e+02
494406 2.805882e+02
494872 2.805872e+02
495091 2.805689e+02
496026 2.805547e+02
496229 2.805519e+02
496550 2.805506e+02
496640 2.805482e+02
496650 2.805453e+02
496688 2.805426e+02
496705 2.805278e+02
497167 2.805227e+02
497566 2.805079e+02
498112 2.805067e+02
498152 2.804971e+02
498616 2.804911e+02
499616 2.804868e+02
