1 3.577627e+09
2 1.727837e+09
3 1.006787e+09
4 5.916920e+07
35 4.727398e+07
47 2.337483e+05
166 7.151635e+04
538 5.152055e+04
554 4.182387e+04
845 4.027914e+04
942 3.465641e+04
1055 2.993557e+04
1252 2.852672e+04
1533 2.806679e+04
1850 2.450654e+04
1893 2.329388e+04
1914 2.268230e+04
2163 2.258723e+04
2199 2.198414e+04
2223 2.089906e+04
2229 2.004520e+04
2290 1.928654e+04
2328 1.918432e+04
2366 1.828366e+04
2383 1.734036e+04
2401 1.725094e+04
2409 1.574277e+04
2418 1.125128e+04
2881 9.649728e+03
2889 8.795987e+03
2908 8.301964e+03
2962 7.291504e+03
2989 6.761633e+03
3071 6.551764e+03
3073 6.482099e+03
3112 5.394550e+03
3166 5.369375e+03
3193 3.997398e+03
3257 3.635833e+03
3265 3.452496e+03
3314 3.298812e+03
3377 2.952958e+03
3433 2.002265e+03
3514 1.390830e+03
3566 8.556786e+02
3630 7.463176e+02
3643 6.135528e+02
3736 5.328895e+02
3861 2.408882e+02
3954 1.379649e+02
3994 1.309014e+02
4044 9.862730e+01
4087 8.200076e+01
4106 7.875473e+01
4119 5.368184e+01
4133 2.707358e+01
4212 1.693161e+01
4285 1.073057e+01
4318 9.408782e+00
4325 9.174502e+00
4353 7.142358e+00
4377 2.299283e+00
4489 1.044857e+00
4523 4.369164e-01
4668 4.072493e-01
4678 3.455228e-01
4741 3.066739e-01
4752 2.695476e-01
4763 1.812481e-01
4797 1.513420e-01
4810 1.396098e-01
4826 6.961584e-02
4902 5.230711e-02
4914 5.002653e-02
4951 4.004679e-02
4955 3.482819e-02
4959 1.898645e-02
5053 1.019283e-02
5083 8.246924e-03
5156 7.192729e-03
5162 4.377057e-03
5232 3.770570e-03
5253 2.528553e-03
5285 1.620505e-03
5317 1.276807e-03
5330 1.253585e-03
5376 1.021007e-03
5418 9.664333e-04
5427 6.419226e-04
5470 3.318261e-04
5544 2.759240e-04
5556 2.096915e-04
5574 1.464409e-04
5578 6.887897e-05
5776 5.494732e-05
5780 5.134312e-05
5791 4.575935e-05
5828 3.032256e-05
5890 2.188353e-05
5933 1.291634e-05
6031 1.002131e-05
6046 7.994236e-06
6061 6.591383e-06
6070 3.279140e-06
6107 2.277910e-06
6150 2.061904e-06
6211 1.878121e-06
6246 1.594447e-06
6253 1.284277e-06
6315 1.234411e-06
6337 9.953606e-07
6342 8.236477e-07
6381 3.240116e-07
6522 1.619372e-07
6532 1.471511e-07
6592 1.237619e-07
6595 1.192917e-07
6614 9.443208e-08
6615 8.835198e-08
6616 8.199993e-08
6670 7.712687e-08
6674 7.295616e-08
6676 6.323900e-08
6697 5.930403e-08
6701 4.998402e-08
6717 3.625424e-08
6742 2.987986e-08
6747 2.030481e-08
6814 1.477960e-08
6841 9.443250e-09
37063 8.191327e-09
49327 4.260625e-09
