1 2.226338e+04
2 2.064067e+04
3 1.993072e+04
9 1.971314e+04
15 1.965348e+04
16 1.754968e+04
91 1.662880e+04
607 1.637483e+04
1068 1.621949e+04
1346 1.578211e+04
2836 1.445133e+04
6144 1.437292e+04
8336 1.426558e+04
8431 1.402179e+04
9357 1.328036e+04
12000 1.313241e+04
12998 1.291557e+04
13084 1.282925e+04
13695 1.244346e+04
13756 1.204371e+04
13933 1.196523e+04
14075 1.177431e+04
14808 1.036665e+04
15301 1.026953e+04
15337 9.735502e+03
15440 9.413185e+03
15444 9.267688e+03
15548 9.234122e+03
15563 8.897975e+03
15571 8.776995e+03
15641 8.017986e+03
15679 7.287672e+03
15841 7.202097e+03
15993 7.060792e+03
16007 6.496101e+03
16152 6.461179e+03
16217 6.105513e+03
16325 6.094225e+03
16377 5.545930e+03
16501 5.387590e+03
16522 5.258530e+03
16571 4.938810e+03
16755 4.685179e+03
16782 4.580418e+03
16873 4.481120e+03
16900 4.441545e+03
16956 4.379600e+03
16998 4.087470e+03
17175 4.086591e+03
17284 4.040345e+03
17320 4.038206e+03
17336 3.943034e+03
17376 3.897408e+03
17422 3.823960e+03
17442 3.744965e+03
17449 3.614683e+03
17642 3.586264e+03
17689 3.580338e+03
17695 3.545991e+03
17733 3.484063e+03
17739 3.431583e+03
17808 3.405589e+03
17837 3.392328e+03
17859 3.340552e+03
18089 3.317796e+03
18103 3.284096e+03
18227 3.245831e+03
18378 3.237505e+03
18409 3.228417e+03
18460 3.177958e+03
18612 3.160385e+03
18661 3.112604e+03
18677 3.109888e+03
18715 3.086121e+03
18743 3.044861e+03
18917 3.029858e+03
18931 3.017638e+03
18959 3.003480e+03
18983 2.978091e+03
18988 2.950723e+03
19138 2.908032e+03
19422 2.887533e+03
19680 2.870525e+03
19803 2.867729e+03
19853 2.862135e+03
19907 2.857938e+03
19942 2.852045e+03
20023 2.844948e+03
20085 2.833895e+03
20344 2.828295e+03
20403 2.816453e+03
20483 2.810487e+03
20777 2.809461e+03
20786 2.809252e+03
20815 2.805289e+03
21010 2.803589e+03
21053 2.801194e+03
21139 2.800711e+03
21183 2.797329e+03
21514 2.791500e+03
21677 2.791189e+03
21830 2.789494e+03
22014 2.788876e+03
22069 2.788764e+03
22101 2.788740e+03
22153 2.787082e+03
22317 2.786159e+03
22487 2.785537e+03
22686 2.783757e+03
22735 2.783565e+03
22749 2.783299e+03
22785 2.781827e+03
22989 2.781078e+03
23145 2.780947e+03
23247 2.780849e+03
23669 2.780077e+03
23836 2.778831e+03
24882 2.778539e+03
25015 2.777995e+03
25245 2.777804e+03
25326 2.777532e+03
25334 2.777469e+03
25411 2.776993e+03
25424 2.776981e+03
25426 2.776838e+03
25795 2.776432e+03
25899 2.776254e+03
26129 2.776229e+03
26166 2.775433e+03
26375 2.775425e+03
26692 2.774886e+03
26826 2.774823e+03
27033 2.774782e+03
27110 2.774677e+03
27203 2.774472e+03
27259 2.774214e+03
27863 2.774162e+03
27907 2.774123e+03
28296 2.774072e+03
28431 2.774045e+03
28864 2.773748e+03
29586 2.773724e+03
29705 2.773700e+03
29728 2.773699e+03
29729 2.773555e+03
29769 2.773540e+03
29996 2.773522e+03
30058 2.773469e+03
30173 2.773442e+03
30351 2.773416e+03
30437 2.773414e+03
30899 2.773406e+03
30958 2.773393e+03
30979 2.773326e+03
31090 2.773262e+03
31815 2.773219e+03
31906 2.773210e+03
32444 2.773109e+03
33634 2.773107e+03
33696 2.773101e+03
33750 2.773075e+03
33794 2.773066e+03
33993 2.773054e+03
34015 2.773043e+03
34202 2.773040e+03
34534 2.773023e+03
34536 2.773014e+03
34832 2.772976e+03
34947 2.772975e+03
35035 2.772970e+03
35162 2.772961e+03
35184 2.772959e+03
35282 2.772949e+03
35486 2.772943e+03
35526 2.772929e+03
36027 2.772906e+03
36565 2.772901e+03
37059 2.772900e+03
37386 2.772873e+03
37597 2.772852e+03
38637 2.772851e+03
39069 2.772850e+03
39096 2.772831e+03
39356 2.772828e+03
39470 2.772818e+03
39874 2.772803e+03
40147 2.772800e+03
40832 2.772798e+03
40865 2.772780e+03
41352 2.772779e+03
41511 2.772778e+03
41556 2.772757e+03
41712 2.772756e+03
43182 2.772746e+03
43697 2.772737e+03
43958 2.772724e+03
44117 2.772723e+03
44222 2.772721e+03
44279 2.772718e+03
44416 2.772712e+03
44507 2.772711e+03
44917 2.772703e+03
45019 2.772703e+03
45096 2.772701e+03
45357 2.772700e+03
45631 2.772696e+03
45667 2.772695e+03
45893 2.772684e+03
46084 2.772680e+03
46548 2.772680e+03
46573 2.772673e+03
47073 2.772670e+03
47716 2.772667e+03
47741 2.772664e+03
47847 2.772659e+03
48217 2.772658e+03
48251 2.772656e+03
49051 2.772653e+03
49347 2.772652e+03
50049 2.772651e+03
50073 2.772649e+03
50129 2.772647e+03
50348 2.772646e+03
50480 2.772646e+03
50533 2.772642e+03
50841 2.772641e+03
51101 2.772639e+03
51244 2.772639e+03
51290 2.772637e+03
51386 2.772636e+03
51466 2.772636e+03
51562 2.772635e+03
51779 2.772634e+03
52236 2.772634e+03
52472 2.772634e+03
52482 2.772633e+03
52610 2.772632e+03
52665 2.772632e+03
52783 2.772632e+03
52795 2.772632e+03
52864 2.772631e+03
52975 2.772630e+03
53191 2.772630e+03
53210 2.772629e+03
53238 2.772629e+03
53280 2.772629e+03
53291 2.772628e+03
53335 2.772628e+03
53341 2.772626e+03
53577 2.772626e+03
53640 2.772626e+03
53854 2.772624e+03
53970 2.772624e+03
54448 2.772623e+03
54954 2.772623e+03
54970 2.772622e+03
55196 2.772622e+03
55318 2.772622e+03
55536 2.772620e+03
55940 2.772620e+03
55994 2.772619e+03
57093 2.772617e+03
57466 2.772617e+03
58015 2.772617e+03
58130 2.772617e+03
58276 2.772617e+03
58346 2.772616e+03
58577 2.772616e+03
58592 2.772616e+03
58649 2.772616e+03
58684 2.772615e+03
58708 2.772615e+03
58732 2.772615e+03
58847 2.772615e+03
58962 2.772615e+03
59124 2.772615e+03
59177 2.772615e+03
59290 2.772615e+03
59328 2.772615e+03
59381 2.772615e+03
59387 2.772615e+03
59398 2.772614e+03
59582 2.772614e+03
59767 2.772614e+03
59871 2.772614e+03
60077 2.772613e+03
60265 2.772613e+03
60670 2.772613e+03
60941 2.772613e+03
61096 2.772613e+03
61147 2.772613e+03
61167 2.772613e+03
61240 2.772613e+03
61241 2.772612e+03
61497 2.772612e+03
61793 2.772612e+03
61975 2.772612e+03
62038 2.772612e+03
62081 2.772612e+03
62110 2.772612e+03
63130 2.772612e+03
63615 2.772612e+03
64100 2.772612e+03
64329 2.772612e+03
64462 2.772612e+03
64518 2.772611e+03
64599 2.772611e+03
65030 2.772611e+03
65293 2.772611e+03
65308 2.772611e+03
65411 2.772611e+03
65462 2.772611e+03
65570 2.772611e+03
65799 2.772611e+03
65903 2.772611e+03
66057 2.772610e+03
66076 2.772610e+03
66262 2.772610e+03
66854 2.772610e+03
66905 2.772610e+03
67057 2.772610e+03
67186 2.772610e+03
67248 2.772610e+03
67567 2.772610e+03
68013 2.772610e+03
68022 2.772610e+03
68321 2.772610e+03
68504 2.772610e+03
68519 2.772610e+03
68607 2.772610e+03
68725 2.772610e+03
68771 2.772610e+03
68833 2.772609e+03
69039 2.772609e+03
69063 2.772609e+03
69721 2.772609e+03
69834 2.772609e+03
69840 2.772609e+03
69858 2.772609e+03
70169 2.772609e+03
70211 2.772609e+03
70296 2.772609e+03
70331 2.772609e+03
70520 2.772609e+03
70988 2.772609e+03
71145 2.772609e+03
71150 2.772609e+03
71158 2.772609e+03
71211 2.772609e+03
71385 2.772609e+03
71613 2.772609e+03
71642 2.772609e+03
71952 2.772609e+03
72029 2.772609e+03
72164 2.772609e+03
72204 2.772609e+03
72393 2.772609e+03
72415 2.772609e+03
72558 2.772609e+03
73047 2.772609e+03
73206 2.772608e+03
73401 2.772608e+03
73407 2.772608e+03
73599 2.772608e+03
73602 2.772608e+03
73612 2.772608e+03
74059 2.772608e+03
74158 2.772608e+03
74221 2.772608e+03
74402 2.772608e+03
74415 2.772608e+03
74810 2.772608e+03
166178 2.771913e+03
166312 2.705921e+03
166591 2.673804e+03
166744 2.668395e+03
166797 2.665794e+03
166815 2.652853e+03
166820 2.647485e+03
166865 2.627465e+03
166947 2.625847e+03
167025 2.611776e+03
167032 2.596242e+03
167130 2.591545e+03
167140 2.587482e+03
167170 2.573264e+03
167242 2.571061e+03
167501 2.570252e+03
167516 2.569768e+03
167592 2.567117e+03
167639 2.564350e+03
167689 2.562940e+03
167707 2.560579e+03
167764 2.558343e+03
167778 2.557650e+03
167852 2.553875e+03
167877 2.552877e+03
167880 2.550162e+03
167979 2.549915e+03
167990 2.549459e+03
167992 2.549202e+03
168005 2.548486e+03
168017 2.548026e+03
168026 2.547441e+03
168029 2.547387e+03
168053 2.547080e+03
168055 2.544634e+03
168086 2.544323e+03
168131 2.543851e+03
168151 2.543715e+03
168219 2.542778e+03
168254 2.542046e+03
168272 2.541922e+03
168280 2.541203e+03
168321 2.540434e+03
168341 2.540348e+03
168342 2.540223e+03
168379 2.538224e+03
168403 2.538069e+03
168404 2.537453e+03
168419 2.536909e+03
168439 2.535996e+03
168538 2.534634e+03
168542 2.534402e+03
168563 2.533756e+03
168605 2.533277e+03
168611 2.533056e+03
168680 2.532737e+03
168700 2.532620e+03
168706 2.531904e+03
168714 2.530819e+03
168839 2.530683e+03
168871 2.530594e+03
168912 2.530435e+03
168987 2.529901e+03
169087 2.529418e+03
169206 2.529177e+03
169252 2.528777e+03
169331 2.528395e+03
169394 2.528153e+03
169403 2.527420e+03
169654 2.527411e+03
169704 2.527204e+03
169802 2.527118e+03
169899 2.527103e+03
169916 2.527062e+03
169965 2.527028e+03
170000 2.526985e+03
170018 2.526977e+03
170035 2.526942e+03
170097 2.526908e+03
170106 2.526610e+03
170214 2.526601e+03
170238 2.526562e+03
170257 2.526555e+03
170272 2.526496e+03
170290 2.526490e+03
170299 2.526438e+03
170347 2.526416e+03
170365 2.526326e+03
170583 2.526314e+03
170589 2.526292e+03
170603 2.526192e+03
170882 2.526191e+03
170888 2.526135e+03
170960 2.526106e+03
170969 2.526101e+03
170972 2.526094e+03
171004 2.526089e+03
171032 2.526077e+03
171139 2.526053e+03
171250 2.526026e+03
171416 2.526025e+03
171425 2.526011e+03
171627 2.526010e+03
171734 2.526005e+03
171756 2.526003e+03
171780 2.526002e+03
171802 2.525998e+03
171830 2.525995e+03
171861 2.525993e+03
171866 2.525990e+03
171939 2.525989e+03
171952 2.525988e+03
171983 2.525987e+03
172119 2.525987e+03
172122 2.525984e+03
172128 2.525984e+03
172157 2.525984e+03
172191 2.525983e+03
172196 2.525983e+03
172232 2.525979e+03
172285 2.525978e+03
172370 2.525978e+03
172382 2.525977e+03
172393 2.525977e+03
172404 2.525977e+03
172421 2.525977e+03
172429 2.525975e+03
172434 2.525974e+03
172522 2.525974e+03
172561 2.525973e+03
172575 2.525973e+03
172600 2.525972e+03
172640 2.525972e+03
172762 2.525972e+03
172812 2.525972e+03
172883 2.525971e+03
172902 2.525971e+03
172908 2.525971e+03
172967 2.525970e+03
173029 2.525969e+03
173040 2.525969e+03
173054 2.525969e+03
173260 2.525969e+03
173263 2.525969e+03
173290 2.525969e+03
173335 2.525969e+03
173346 2.525968e+03
173505 2.525968e+03
173554 2.525968e+03
173681 2.525968e+03
173865 2.525968e+03
173885 2.525968e+03
173930 2.525968e+03
173931 2.525968e+03
174028 2.525967e+03
174064 2.525967e+03
174066 2.525967e+03
174071 2.525967e+03
174078 2.525967e+03
174086 2.525967e+03
174089 2.525967e+03
174175 2.525967e+03
174257 2.525967e+03
174315 2.525967e+03
174355 2.525967e+03
174399 2.525967e+03
174400 2.525967e+03
174423 2.525967e+03
174555 2.525967e+03
174562 2.525967e+03
174570 2.525967e+03
174676 2.525967e+03
174710 2.525967e+03
174801 2.525967e+03
174831 2.525967e+03
174833 2.525967e+03
174907 2.525967e+03
174965 2.525967e+03
175001 2.525967e+03
175045 2.525967e+03
175069 2.525967e+03
175092 2.525967e+03
175138 2.525967e+03
175141 2.525967e+03
175199 2.525967e+03
175223 2.525967e+03
175236 2.525967e+03
175355 2.525967e+03
175357 2.525967e+03
175361 2.525967e+03
175395 2.525967e+03
175398 2.525967e+03
175400 2.525967e+03
175525 2.525967e+03
175599 2.525967e+03
175609 2.525967e+03
175730 2.525967e+03
175898 2.525967e+03
175937 2.525967e+03
175941 2.525967e+03
176225 2.525967e+03
176244 2.525967e+03
176346 2.525967e+03
176379 2.525967e+03
176555 2.525967e+03
176596 2.525967e+03
176618 2.525967e+03
176630 2.525967e+03
176635 2.525967e+03
176665 2.525967e+03
176681 2.525967e+03
176696 2.525967e+03
176737 2.525967e+03
176848 2.525967e+03
176891 2.525967e+03
176929 2.525967e+03
176947 2.525967e+03
177065 2.525967e+03
177084 2.525967e+03
177085 2.525967e+03
177234 2.525967e+03
177368 2.525967e+03
177374 2.525967e+03
177496 2.525967e+03
177558 2.525967e+03
177681 2.525967e+03
177795 2.525967e+03
177850 2.525967e+03
177913 2.525967e+03
177928 2.525967e+03
178205 2.525967e+03
178215 2.525967e+03
178254 2.525967e+03
178302 2.525967e+03
178309 2.525967e+03
178343 2.525967e+03
178361 2.525967e+03
178395 2.525967e+03
178457 2.525967e+03
178460 2.525967e+03
178476 2.525967e+03
178477 2.525967e+03
178479 2.525967e+03
178597 2.525967e+03
178638 2.525967e+03
178658 2.525967e+03
178661 2.525967e+03
178666 2.525967e+03
178684 2.525967e+03
178822 2.525967e+03
178832 2.525967e+03
178953 2.525967e+03
179014 2.525967e+03
179171 2.525967e+03
179190 2.525967e+03
179191 2.525967e+03
179201 2.525967e+03
179206 2.525967e+03
179209 2.525967e+03
179211 2.525967e+03
179214 2.525967e+03
179256 2.525967e+03
179276 2.525967e+03
179304 2.525967e+03
179326 2.525967e+03
179358 2.525967e+03
179375 2.525967e+03
179406 2.525967e+03
179578 2.525967e+03
179600 2.525967e+03
179694 2.525967e+03
179697 2.525967e+03
179880 2.525967e+03
179881 2.525967e+03
179919 2.525967e+03
179922 2.525967e+03
179953 2.525967e+03
179956 2.525967e+03
179986 2.525967e+03
179988 2.525967e+03
180029 2.525967e+03
180148 2.525967e+03
180182 2.525967e+03
180355 2.525967e+03
180359 2.525967e+03
180392 2.525967e+03
180418 2.525967e+03
180440 2.525967e+03
180485 2.525967e+03
180530 2.525967e+03
180539 2.525967e+03
180590 2.525967e+03
180743 2.525967e+03
180877 2.525967e+03
180880 2.525967e+03
180920 2.525967e+03
180922 2.525967e+03
180964 2.525967e+03
180996 2.525967e+03
181001 2.525967e+03
181068 2.525967e+03
181141 2.525967e+03
181147 2.525967e+03
181163 2.525967e+03
181197 2.525967e+03
181212 2.525967e+03
181231 2.525967e+03
181320 2.525967e+03
181326 2.525967e+03
181334 2.525967e+03
181397 2.525967e+03
181416 2.525967e+03
181423 2.525967e+03
181466 2.525967e+03
181473 2.525967e+03
181490 2.525967e+03
181508 2.525967e+03
181593 2.525967e+03
181643 2.525967e+03
181695 2.525967e+03
181749 2.525967e+03
181803 2.525967e+03
181833 2.525967e+03
181876 2.525967e+03
182109 2.525967e+03
182161 2.525967e+03
182204 2.525967e+03
182235 2.525967e+03
182371 2.525967e+03
182393 2.525967e+03
182404 2.525967e+03
182439 2.525967e+03
182628 2.525967e+03
182648 2.525967e+03
182719 2.525967e+03
182744 2.525967e+03
182749 2.525967e+03
182775 2.525967e+03
182793 2.525967e+03
182795 2.525967e+03
182828 2.525967e+03
182846 2.525967e+03
182884 2.525967e+03
182886 2.525967e+03
182924 2.525967e+03
183019 2.525967e+03
183039 2.525967e+03
183048 2.525967e+03
183066 2.525967e+03
183103 2.525967e+03
183239 2.525967e+03
183287 2.525967e+03
183352 2.525967e+03
183358 2.525967e+03
183419 2.525967e+03
183469 2.525967e+03
183555 2.525967e+03
183576 2.525967e+03
183611 2.525967e+03
230015 2.515553e+03
230314 2.446871e+03
230621 2.423952e+03
230672 2.372476e+03
231104 2.347117e+03
231372 2.313643e+03
231511 2.254653e+03
231605 2.245621e+03
231793 2.236818e+03
231806 2.160561e+03
231981 2.120815e+03
232600 2.051385e+03
232847 2.026347e+03
233083 2.001197e+03
233552 1.991962e+03
233677 1.977346e+03
233805 1.967769e+03
234088 1.966417e+03
234171 1.924519e+03
234652 1.919205e+03
234673 1.912559e+03
234897 1.911852e+03
235183 1.894599e+03
235817 1.888477e+03
236271 1.888031e+03
236582 1.876655e+03
236770 1.875694e+03
237082 1.872854e+03
237141 1.868301e+03
237429 1.867925e+03
237473 1.864431e+03
237500 1.862336e+03
237750 1.855214e+03
238680 1.853451e+03
239157 1.851530e+03
239478 1.849280e+03
239499 1.848678e+03
240160 1.846377e+03
240868 1.845717e+03
240985 1.845195e+03
241421 1.844995e+03
241493 1.843802e+03
241523 1.842106e+03
241914 1.841108e+03
242655 1.840669e+03
242690 1.839840e+03
242734 1.839827e+03
243020 1.839404e+03
243062 1.839312e+03
243532 1.839182e+03
243744 1.837942e+03
243783 1.837864e+03
244944 1.837670e+03
245009 1.837577e+03
245797 1.837573e+03
245919 1.837501e+03
246050 1.837252e+03
246060 1.836608e+03
246158 1.836511e+03
247015 1.836440e+03
247260 1.836211e+03
247520 1.836099e+03
247942 1.835799e+03
248700 1.835280e+03
250118 1.835060e+03
250257 1.835037e+03
250345 1.834886e+03
250811 1.834834e+03
251054 1.834669e+03
251212 1.834654e+03
251365 1.834576e+03
251450 1.834541e+03
251464 1.834468e+03
251696 1.834379e+03
252099 1.834356e+03
252145 1.834336e+03
252338 1.834216e+03
252567 1.834187e+03
253024 1.834181e+03
253201 1.834019e+03
254624 1.833987e+03
254685 1.833951e+03
254902 1.833890e+03
255462 1.833875e+03
255598 1.833859e+03
255673 1.833816e+03
256541 1.833809e+03
257367 1.833804e+03
257557 1.833753e+03
258419 1.833749e+03
258431 1.833721e+03
258638 1.833708e+03
258674 1.833703e+03
258963 1.833700e+03
259129 1.833672e+03
260166 1.833672e+03
260299 1.833665e+03
260830 1.833658e+03
261326 1.833650e+03
261599 1.833649e+03
261612 1.833646e+03
261651 1.833634e+03
261881 1.833630e+03
263003 1.833626e+03
263536 1.833622e+03
264089 1.833612e+03
264739 1.833607e+03
265405 1.833599e+03
266631 1.833592e+03
266982 1.833592e+03
267161 1.833591e+03
267198 1.833587e+03
267343 1.833579e+03
267402 1.833572e+03
268653 1.833568e+03
269208 1.833567e+03
269544 1.833567e+03
270224 1.833564e+03
270382 1.833558e+03
271951 1.833556e+03
272085 1.833555e+03
272153 1.833555e+03
272241 1.833553e+03
272656 1.833552e+03
272972 1.833552e+03
273062 1.833551e+03
273427 1.833550e+03
273442 1.833546e+03
274556 1.833543e+03
276404 1.833542e+03
276666 1.833542e+03
276806 1.833540e+03
276835 1.833540e+03
277169 1.833540e+03
277224 1.833538e+03
278273 1.833538e+03
278340 1.833537e+03
279048 1.833536e+03
279892 1.833536e+03
280069 1.833536e+03
280387 1.833535e+03
280451 1.833535e+03
280536 1.833534e+03
280701 1.833534e+03
282362 1.833534e+03
283747 1.833533e+03
284049 1.833533e+03
284395 1.833533e+03
285286 1.833533e+03
286429 1.833533e+03
286654 1.833533e+03
286786 1.833533e+03
287003 1.833533e+03
287162 1.833533e+03
287310 1.833533e+03
287460 1.833533e+03
287660 1.833532e+03
288099 1.833532e+03
288587 1.833532e+03
290267 1.833532e+03
291044 1.833532e+03
291540 1.833532e+03
291736 1.833532e+03
291884 1.833532e+03
292121 1.833532e+03
292650 1.833532e+03
292880 1.833532e+03
293137 1.833532e+03
294738 1.833532e+03
296428 1.833532e+03
296499 1.833532e+03
296634 1.833531e+03
297288 1.833531e+03
297678 1.833531e+03
299553 1.833531e+03
299749 1.833531e+03
299866 1.833531e+03
300070 1.833531e+03
300168 1.833531e+03
300855 1.833531e+03
300943 1.833531e+03
301167 1.833531e+03
301227 1.833531e+03
301259 1.833531e+03
301324 1.833531e+03
301368 1.833531e+03
302185 1.833531e+03
304609 1.833531e+03
304729 1.833531e+03
305452 1.833531e+03
305928 1.833531e+03
306203 1.833531e+03
306622 1.833531e+03
308204 1.833531e+03
309764 1.833531e+03
309881 1.833531e+03
309903 1.833531e+03
309989 1.833531e+03
310808 1.833531e+03
311069 1.833531e+03
311658 1.833531e+03
313338 1.833531e+03
313694 1.833531e+03
314104 1.833531e+03
314401 1.833531e+03
314418 1.833531e+03
315222 1.833531e+03
315762 1.833531e+03
315863 1.833531e+03
315883 1.833531e+03
315921 1.833531e+03
316035 1.833531e+03
316103 1.833531e+03
316141 1.833531e+03
316169 1.833531e+03
316411 1.833531e+03
316799 1.833531e+03
317781 1.833531e+03
317902 1.833531e+03
318289 1.833531e+03
318610 1.833531e+03
319226 1.833531e+03
319512 1.833531e+03
319797 1.833531e+03
320102 1.833531e+03
321085 1.833531e+03
321087 1.833531e+03
321356 1.833531e+03
321577 1.833531e+03
321838 1.833531e+03
321933 1.833531e+03
322107 1.833531e+03
322235 1.833531e+03
323123 1.833531e+03
323540 1.833531e+03
326054 1.833531e+03
326272 1.833531e+03
326614 1.833531e+03
326878 1.833531e+03
326952 1.833531e+03
327096 1.833531e+03
327350 1.833531e+03
327796 1.833531e+03
328397 1.833531e+03
328893 1.833531e+03
329813 1.833531e+03
330727 1.833531e+03
330750 1.833531e+03
330799 1.833531e+03
330861 1.833531e+03
330915 1.833531e+03
331038 1.833531e+03
332207 1.833531e+03
332699 1.833531e+03
332881 1.833531e+03
332897 1.833531e+03
333475 1.833531e+03
333994 1.833531e+03
334442 1.833531e+03
336210 1.833531e+03
336345 1.833531e+03
337281 1.833531e+03
338482 1.833531e+03
338602 1.833531e+03
338632 1.833531e+03
338903 1.833531e+03
339274 1.833531e+03
339305 1.833531e+03
339633 1.833531e+03
340165 1.833531e+03
341028 1.833531e+03
341685 1.833531e+03
342242 1.833531e+03
342826 1.833531e+03
343282 1.833531e+03
343306 1.833531e+03
343338 1.833531e+03
343350 1.833531e+03
343435 1.833531e+03
343751 1.833531e+03
343765 1.833531e+03
343878 1.833531e+03
343978 1.833531e+03
344184 1.833531e+03
344455 1.833531e+03
350010 1.833531e+03
350101 1.833531e+03
351101 1.833531e+03
351209 1.833531e+03
351384 1.833531e+03
351453 1.833531e+03
351836 1.833531e+03
352070 1.833531e+03
352917 1.833531e+03
353102 1.833531e+03
353281 1.833531e+03
354117 1.833531e+03
354426 1.833531e+03
354835 1.833531e+03
355685 1.833531e+03
355691 1.833531e+03
355861 1.833531e+03
356045 1.833531e+03
356217 1.833531e+03
356400 1.833531e+03
356409 1.833531e+03
356759 1.833531e+03
357214 1.833531e+03
357472 1.833531e+03
357517 1.833531e+03
357602 1.833531e+03
357656 1.833531e+03
357880 1.833531e+03
358007 1.833531e+03
358120 1.833531e+03
358268 1.833531e+03
358601 1.833531e+03
358957 1.833531e+03
359214 1.833531e+03
359241 1.833531e+03
360050 1.833531e+03
360220 1.833531e+03
362065 1.833531e+03
363593 1.833531e+03
363736 1.833531e+03
364849 1.833531e+03
365105 1.833531e+03
365122 1.833531e+03
365201 1.833531e+03
366430 1.833531e+03
366881 1.833531e+03
367646 1.833531e+03
367819 1.833531e+03
368126 1.833531e+03
368638 1.833531e+03
368698 1.833531e+03
368737 1.833531e+03
368988 1.833531e+03
369708 1.833531e+03
370309 1.833531e+03
370352 1.833531e+03
370390 1.833531e+03
370793 1.833531e+03
370979 1.833531e+03
371326 1.833531e+03
371946 1.833531e+03
373004 1.833531e+03
373342 1.833531e+03
373603 1.833531e+03
374408 1.833531e+03
374601 1.833531e+03
375182 1.833531e+03
375458 1.833531e+03
375714 1.833531e+03
376003 1.833531e+03
376284 1.833531e+03
376458 1.833531e+03
376628 1.833531e+03
376979 1.833531e+03
377066 1.833531e+03
377143 1.833531e+03
377830 1.833531e+03
378063 1.833531e+03
379260 1.833531e+03
379793 1.833531e+03
379962 1.833531e+03
380587 1.833531e+03
381183 1.833531e+03
381239 1.833531e+03
381838 1.833531e+03
381878 1.833531e+03
382046 1.833531e+03
382294 1.833531e+03
383275 1.833531e+03
383321 1.833531e+03
465648 1.720715e+03
466055 1.649865e+03
466173 1.471216e+03
466311 1.322208e+03
466558 1.272773e+03
466609 1.260934e+03
466897 1.038654e+03
467931 9.452425e+02
468008 9.074387e+02
468272 8.634688e+02
469218 8.494693e+02
469240 7.599567e+02
469405 7.445267e+02
469418 7.371182e+02
469439 7.066402e+02
469747 6.883488e+02
469793 6.842692e+02
469966 6.015847e+02
470132 6.006678e+02
470305 5.903598e+02
470813 5.848876e+02
471000 5.846301e+02
471169 5.713931e+02
471321 5.577938e+02
471452 5.421016e+02
471948 5.144144e+02
472163 5.080061e+02
472352 5.019362e+02
472719 4.911614e+02
472771 4.824656e+02
472810 4.749618e+02
472969 4.712957e+02
473093 4.678221e+02
473133 4.588325e+02
473158 4.541882e+02
473196 4.522747e+02
473383 4.505975e+02
473584 4.451848e+02
473897 4.370595e+02
473939 4.255547e+02
474407 4.152947e+02
474864 4.152910e+02
474938 4.132179e+02
475000 4.101706e+02
475244 4.097323e+02
475626 4.067796e+02
475677 4.055458e+02
475881 3.974040e+02
476358 3.946550e+02
477469 3.924504e+02
477730 3.912396e+02
477934 3.886630e+02
478254 3.880413e+02
478386 3.871101e+02
478988 3.870790e+02
479170 3.866160e+02
479258 3.865872e+02
479263 3.864529e+02
479408 3.858337e+02
479545 3.844344e+02
479639 3.841694e+02
479777 3.841098e+02
479859 3.834402e+02
480004 3.832828e+02
480310 3.831834e+02
480447 3.820816e+02
481212 3.818883e+02
481319 3.815686e+02
481361 3.814411e+02
481539 3.808409e+02
481922 3.805795e+02
481938 3.803968e+02
482198 3.802225e+02
482473 3.798453e+02
482612 3.797425e+02
482725 3.794144e+02
483163 3.793049e+02
483332 3.792266e+02
483383 3.791525e+02
483595 3.790909e+02
483940 3.790674e+02
483989 3.789915e+02
484044 3.788343e+02
484179 3.788054e+02
484252 3.787877e+02
484429 3.787647e+02
484555 3.786705e+02
484557 3.786454e+02
484601 3.785536e+02
485039 3.785357e+02
485306 3.783142e+02
485580 3.782611e+02
486136 3.782465e+02
486286 3.781400e+02
486856 3.781365e+02
486986 3.781105e+02
487141 3.780868e+02
487330 3.780048e+02
487673 3.779980e+02
488162 3.779975e+02
488572 3.779836e+02
488680 3.779594e+02
488763 3.779556e+02
489006 3.779392e+02
489329 3.779354e+02
489589 3.779331e+02
489654 3.779261e+02
489811 3.779230e+02
490072 3.779229e+02
490085 3.779039e+02
490635 3.779017e+02
490736 3.778912e+02
490753 3.778883e+02
490901 3.778844e+02
490912 3.778822e+02
491323 3.778802e+02
491353 3.778757e+02
491523 3.778725e+02
491524 3.778721e+02
491611 3.778630e+02
491755 3.778591e+02
492213 3.778588e+02
492276 3.778587e+02
492389 3.778586e+02
492470 3.778559e+02
492685 3.778554e+02
492710 3.778530e+02
492833 3.778522e+02
492857 3.778503e+02
493111 3.778502e+02
493181 3.778486e+02
493510 3.778479e+02
493515 3.778476e+02
493660 3.778455e+02
493918 3.778448e+02
493923 3.778447e+02
494102 3.778431e+02
494232 3.778429e+02
494344 3.778427e+02
494386 3.778409e+02
494755 3.778393e+02
495247 3.778385e+02
495385 3.778375e+02
495919 3.778373e+02
495950 3.778368e+02
496079 3.778368e+02
496323 3.778368e+02
496561 3.778368e+02
496587 3.778367e+02
496598 3.778365e+02
496649 3.778365e+02
496695 3.778361e+02
496943 3.778352e+02
498159 3.778351e+02
498364 3.778347e+02
498703 3.778345e+02
499020 3.778344e+02
499539 3.778344e+02
499900 3.778343e+02
499922 3.778343e+02
499935 3.778343e+02
