1 4.539549e+03
2 3.883549e+03
4 3.147124e+03
16 3.052735e+03
62 2.469941e+03
168 2.098898e+03
385 2.082337e+03
421 1.870299e+03
464 1.717000e+03
524 1.670646e+03
550 1.524785e+03
569 1.280856e+03
687 1.228661e+03
800 1.126859e+03
843 1.123247e+03
846 1.030472e+03
850 9.997988e+02
884 9.234148e+02
1054 8.663294e+02
1066 8.340250e+02
1204 8.108065e+02
1229 7.918608e+02
1256 7.073133e+02
1293 6.380694e+02
1585 6.333737e+02
1634 6.263341e+02
1636 6.023693e+02
1657 5.596265e+02
1833 5.247860e+02
1973 5.087377e+02
2131 4.805151e+02
2300 4.778150e+02
2439 4.721203e+02
2460 4.668261e+02
2673 4.560829e+02
2964 4.550007e+02
2981 4.374133e+02
3037 4.359384e+02
3679 4.259183e+02
4248 4.018985e+02
6311 3.721225e+02
7346 3.445431e+02
7860 3.243145e+02
7937 3.233066e+02
7946 3.186842e+02
8037 2.889493e+02
8277 2.705689e+02
8291 2.676008e+02
8294 2.011764e+02
8547 1.951196e+02
8580 1.860192e+02
8641 1.827055e+02
8704 1.807573e+02
8723 1.761385e+02
8758 1.662868e+02
8766 1.512883e+02
8808 1.509870e+02
8883 1.501762e+02
8901 1.361140e+02
8912 1.317528e+02
8994 1.312239e+02
9006 1.287923e+02
9051 1.268234e+02
9076 1.256232e+02
9114 1.255010e+02
9118 1.231272e+02
9141 1.107840e+02
9229 9.618610e+01
9301 9.380462e+01
9361 9.363738e+01
9397 9.323376e+01
9414 9.068974e+01
9424 8.849983e+01
9572 8.491092e+01
9630 8.488463e+01
9642 8.264084e+01
9670 7.836602e+01
9723 7.625031e+01
9776 7.331917e+01
9812 7.201821e+01
9880 7.031100e+01
9981 6.830883e+01
10018 6.818133e+01
10124 6.694585e+01
10146 6.619190e+01
10154 6.230693e+01
10478 6.147735e+01
10552 6.065459e+01
10634 6.053575e+01
10685 5.952912e+01
10776 5.921931e+01
10852 5.914131e+01
10857 5.888619e+01
10872 5.883135e+01
10880 5.847713e+01
10899 5.842740e+01
10960 5.800668e+01
10991 5.758462e+01
11036 5.756778e+01
11083 5.716350e+01
11248 5.713724e+01
11278 5.710861e+01
11411 5.698400e+01
11412 5.698215e+01
11418 5.696368e+01
11507 5.667493e+01
11588 5.660732e+01
11623 5.644908e+01
11648 5.642696e+01
11662 5.634128e+01
11707 5.629752e+01
11784 5.622723e+01
11787 5.617133e+01
11832 5.613516e+01
11880 5.612664e+01
11921 5.611999e+01
11923 5.611422e+01
11939 5.610013e+01
11949 5.601419e+01
12058 5.597453e+01
12124 5.595649e+01
12157 5.593225e+01
12218 5.592374e+01
12239 5.589115e+01
12295 5.585126e+01
12375 5.584793e+01
12556 5.584760e+01
12566 5.583742e+01
12570 5.582848e+01
12581 5.581188e+01
12650 5.579561e+01
12811 5.578611e+01
12819 5.578185e+01
12823 5.578099e+01
12874 5.577801e+01
12875 5.576697e+01
12952 5.576649e+01
13050 5.576639e+01
13051 5.575598e+01
13080 5.575579e+01
13133 5.575281e+01
13157 5.574878e+01
13227 5.574562e+01
13323 5.574561e+01
13431 5.574541e+01
13451 5.574070e+01
13570 5.573921e+01
13676 5.573379e+01
13796 5.572972e+01
13870 5.572855e+01
13958 5.572795e+01
14107 5.572778e+01
14116 5.572646e+01
14165 5.572517e+01
14227 5.572443e+01
14287 5.572411e+01
14306 5.572342e+01
14334 5.572300e+01
14368 5.572231e+01
14391 5.572198e+01
14425 5.572145e+01
14651 5.572061e+01
14826 5.572024e+01
14875 5.572001e+01
14883 5.571964e+01
15047 5.571957e+01
15069 5.571911e+01
15233 5.571900e+01
15313 5.571893e+01
15413 5.571885e+01
15474 5.571875e+01
15496 5.571856e+01
15594 5.571837e+01
15779 5.571825e+01
15838 5.571822e+01
15887 5.571821e+01
15925 5.571813e+01
15956 5.571812e+01
15971 5.571801e+01
16003 5.571797e+01
16320 5.571794e+01
16389 5.571788e+01
16412 5.571788e+01
16581 5.571788e+01
16623 5.571779e+01
16851 5.571777e+01
16852 5.571777e+01
16897 5.571776e+01
16951 5.571776e+01
17022 5.571775e+01
17028 5.571775e+01
17079 5.571773e+01
17136 5.571773e+01
17169 5.571773e+01
17190 5.571772e+01
17201 5.571772e+01
17238 5.571772e+01
17291 5.571771e+01
17386 5.571771e+01
17405 5.571771e+01
17414 5.571770e+01
17474 5.571770e+01
17485 5.571770e+01
17525 5.571770e+01
17580 5.571770e+01
17589 5.571770e+01
17630 5.571770e+01
17636 5.571770e+01
17700 5.571770e+01
17705 5.571769e+01
17709 5.571769e+01
17714 5.571769e+01
17765 5.571769e+01
17787 5.571769e+01
17795 5.571769e+01
17969 5.571769e+01
17976 5.571769e+01
18011 5.571769e+01
18016 5.571768e+01
18076 5.571768e+01
18090 5.571768e+01
18139 5.571768e+01
18174 5.571768e+01
18177 5.571768e+01
18194 5.571768e+01
18213 5.571768e+01
18313 5.571768e+01
18358 5.571768e+01
18434 5.571768e+01
18483 5.571768e+01
18602 5.571768e+01
18612 5.571768e+01
18614 5.571768e+01
18732 5.571767e+01
18760 5.571767e+01
18769 5.571767e+01
18872 5.571767e+01
18996 5.571767e+01
19169 5.571767e+01
19299 5.571767e+01
19418 5.571767e+01
19467 5.571767e+01
19523 5.571767e+01
19651 5.571767e+01
19705 5.571767e+01
19783 5.571767e+01
19881 5.571767e+01
19917 5.571767e+01
19923 5.571767e+01
19925 5.571767e+01
19997 5.571767e+01
20043 5.571767e+01
20072 5.571767e+01
20204 5.571767e+01
20377 5.571767e+01
20526 5.571767e+01
20588 5.571767e+01
20599 5.571767e+01
20669 5.571767e+01
20671 5.571767e+01
20693 5.571767e+01
20718 5.571767e+01
20751 5.571767e+01
20756 5.571767e+01
20788 5.571767e+01
20789 5.571767e+01
20847 5.571767e+01
20857 5.571767e+01
20929 5.571767e+01
20957 5.571767e+01
20962 5.571767e+01
21183 5.571767e+01
21212 5.571767e+01
21291 5.571767e+01
21333 5.571767e+01
21514 5.571767e+01
21549 5.571767e+01
21575 5.571767e+01
21587 5.571767e+01
21588 5.571767e+01
21597 5.571767e+01
21747 5.571767e+01
21802 5.571767e+01
21825 5.571767e+01
21874 5.571767e+01
21911 5.571767e+01
21986 5.571767e+01
22080 5.571767e+01
22153 5.571767e+01
22301 5.571767e+01
22319 5.571767e+01
22340 5.571767e+01
22404 5.571767e+01
22501 5.571767e+01
22529 5.571767e+01
22538 5.571767e+01
22572 5.571767e+01
22710 5.571767e+01
22713 5.571767e+01
22727 5.571767e+01
22729 5.571767e+01
22775 5.571767e+01
23060 5.571767e+01
23099 5.571767e+01
23142 5.571767e+01
23161 5.571767e+01
23171 5.571767e+01
23185 5.571767e+01
23289 5.571767e+01
23342 5.571767e+01
23400 5.571767e+01
23440 5.571767e+01
23468 5.571767e+01
23505 5.571767e+01
23518 5.571767e+01
23557 5.571767e+01
23562 5.571767e+01
23753 5.571767e+01
23788 5.571767e+01
23884 5.571767e+01
23958 5.571767e+01
23966 5.571767e+01
24042 5.571767e+01
24071 5.571767e+01
24083 5.571767e+01
24165 5.571767e+01
24273 5.571767e+01
24276 5.571767e+01
24340 5.571767e+01
24374 5.571767e+01
24459 5.571767e+01
24463 5.571767e+01
24486 5.571767e+01
24561 5.571767e+01
24651 5.571767e+01
24679 5.571767e+01
24738 5.571767e+01
24742 5.571767e+01
24750 5.571767e+01
24836 5.571767e+01
24916 5.571767e+01
24948 5.571767e+01
25032 5.571767e+01
25075 5.571767e+01
25106 5.571767e+01
25159 5.571767e+01
25170 5.571767e+01
61693 5.391428e+01
61739 5.346468e+01
61808 4.666330e+01
62153 4.660270e+01
62162 4.416594e+01
62255 4.109732e+01
62429 3.958505e+01
62432 3.734871e+01
62434 3.579523e+01
62464 3.459698e+01
62618 3.134657e+01
62787 3.004784e+01
62850 2.978096e+01
62984 2.812150e+01
63071 2.718617e+01
63121 2.654078e+01
63124 2.295534e+01
63395 2.153568e+01
63476 2.074487e+01
63645 2.025171e+01
63767 1.902488e+01
63777 1.894849e+01
63778 1.869441e+01
63790 1.684589e+01
63925 1.523062e+01
64258 1.518120e+01
64297 1.449003e+01
64353 1.424001e+01
64412 1.401052e+01
64565 1.370884e+01
64566 1.320399e+01
64728 1.297060e+01
64855 1.278938e+01
64906 1.231696e+01
65040 1.168708e+01
65383 1.165824e+01
65499 1.165460e+01
65640 1.163958e+01
65806 1.138444e+01
65837 1.133550e+01
66124 1.109775e+01
66213 1.099122e+01
66285 1.098503e+01
66315 1.081707e+01
66412 1.078187e+01
66585 1.074390e+01
66739 1.069872e+01
66925 1.061189e+01
67105 1.044087e+01
67444 1.042509e+01
67481 1.042152e+01
67497 1.033287e+01
67620 1.025217e+01
67865 1.025019e+01
67890 1.023070e+01
68093 1.015965e+01
68218 1.013495e+01
68412 1.011077e+01
68686 1.009100e+01
68813 1.007941e+01
69087 1.005539e+01
69174 1.004501e+01
69419 1.001581e+01
69724 9.998617e+00
70012 9.998347e+00
70043 9.994037e+00
70289 9.985482e+00
70769 9.984989e+00
70810 9.983013e+00
70822 9.973204e+00
70945 9.969733e+00
70950 9.969231e+00
71060 9.968702e+00
71103 9.967177e+00
71242 9.966611e+00
71349 9.966535e+00
71487 9.966257e+00
71630 9.963615e+00
71693 9.963478e+00
71728 9.962784e+00
71762 9.961218e+00
71828 9.959785e+00
72072 9.958904e+00
72210 9.958507e+00
72237 9.958331e+00
72464 9.956651e+00
72554 9.955323e+00
72586 9.954856e+00
73212 9.954841e+00
73262 9.954791e+00
73280 9.954119e+00
73355 9.954037e+00
73505 9.953588e+00
73605 9.953052e+00
73873 9.952816e+00
73874 9.952414e+00
73955 9.952403e+00
74004 9.952369e+00
74013 9.951642e+00
74283 9.951408e+00
74355 9.951348e+00
74721 9.951261e+00
74751 9.950964e+00
74821 9.950942e+00
74855 9.950763e+00
299408 9.938642e+00
299461 9.900474e+00
299675 9.900146e+00
299835 9.859857e+00
299850 9.809548e+00
300001 9.713975e+00
300221 9.551650e+00
301123 9.473167e+00
301196 9.451862e+00
301214 9.416899e+00
301364 9.369784e+00
301435 9.348082e+00
301445 9.335913e+00
301835 9.326332e+00
301896 9.326029e+00
301999 9.210405e+00
302662 9.198279e+00
302686 9.175590e+00
302964 9.169558e+00
303005 9.133074e+00
303376 9.125450e+00
303397 9.122495e+00
303479 9.094650e+00
303692 9.091466e+00
303819 9.088872e+00
303874 9.081115e+00
304080 9.056722e+00
304630 9.051825e+00
304667 9.023800e+00
305048 9.023660e+00
305663 9.022389e+00
305801 9.014956e+00
305967 9.013024e+00
306001 9.006860e+00
306015 9.003911e+00
306388 9.002659e+00
306458 8.996035e+00
306483 8.989288e+00
306561 8.987067e+00
307189 8.986099e+00
307206 8.985330e+00
307212 8.984935e+00
307373 8.983957e+00
307411 8.982748e+00
307433 8.979612e+00
307479 8.979008e+00
307651 8.970727e+00
308647 8.969891e+00
308674 8.968696e+00
308786 8.964968e+00
309031 8.964901e+00
309070 8.964669e+00
309191 8.964533e+00
309244 8.962337e+00
309448 8.961144e+00
310178 8.960999e+00
310389 8.960683e+00
310417 8.960610e+00
310517 8.960241e+00
310521 8.959681e+00
310662 8.959665e+00
311030 8.959012e+00
311209 8.958668e+00
311435 8.958399e+00
311591 8.958120e+00
311646 8.958005e+00
311753 8.957845e+00
311817 8.957839e+00
311837 8.957427e+00
312108 8.957292e+00
312248 8.957123e+00
312275 8.956949e+00
312293 8.956816e+00
312415 8.956726e+00
312658 8.956665e+00
312662 8.956419e+00
312868 8.956245e+00
312949 8.956181e+00
313023 8.955926e+00
313355 8.955896e+00
313457 8.955839e+00
313499 8.955721e+00
313553 8.955678e+00
313748 8.955599e+00
313937 8.955580e+00
314028 8.955568e+00
314124 8.955466e+00
314190 8.955442e+00
314403 8.955404e+00
314591 8.955285e+00
314592 8.955282e+00
314660 8.955239e+00
315098 8.955216e+00
315154 8.955171e+00
315230 8.955168e+00
315252 8.955137e+00
315259 8.955129e+00
315395 8.955109e+00
315491 8.955073e+00
315594 8.955036e+00
315626 8.955019e+00
315830 8.955017e+00
315930 8.954983e+00
316110 8.954968e+00
316191 8.954948e+00
316246 8.954936e+00
316368 8.954929e+00
316372 8.954884e+00
316602 8.954877e+00
316708 8.954863e+00
316786 8.954834e+00
316809 8.954826e+00
317177 8.954819e+00
317355 8.954815e+00
317378 8.954812e+00
317403 8.954806e+00
317406 8.954803e+00
317416 8.954795e+00
317455 8.954795e+00
317468 8.954769e+00
317590 8.954753e+00
317732 8.954750e+00
317800 8.954748e+00
318115 8.954743e+00
318340 8.954729e+00
318430 8.954723e+00
318987 8.954717e+00
319015 8.954712e+00
319057 8.954703e+00
319197 8.954684e+00
319999 8.954684e+00
320187 8.954683e+00
320191 8.954682e+00
320192 8.954680e+00
320218 8.954677e+00
320272 8.954671e+00
320323 8.954666e+00
320578 8.954666e+00
320645 8.954663e+00
320757 8.954663e+00
320821 8.954658e+00
321048 8.954656e+00
321228 8.954655e+00
321364 8.954653e+00
321504 8.954649e+00
322213 8.954648e+00
322288 8.954646e+00
322504 8.954645e+00
322779 8.954643e+00
323002 8.954643e+00
323045 8.954641e+00
323108 8.954641e+00
323282 8.954641e+00
323418 8.954641e+00
323724 8.954640e+00
323797 8.954638e+00
324027 8.954636e+00
324460 8.954636e+00
324652 8.954635e+00
324896 8.954635e+00
324908 8.954635e+00
325096 8.954635e+00
325393 8.954635e+00
325473 8.954634e+00
325630 8.954634e+00
325736 8.954633e+00
325829 8.954633e+00
326005 8.954633e+00
326194 8.954633e+00
326298 8.954633e+00
326345 8.954633e+00
326388 8.954633e+00
326491 8.954633e+00
326993 8.954633e+00
327090 8.954633e+00
327211 8.954633e+00
327215 8.954632e+00
327412 8.954632e+00
327836 8.954632e+00
328305 8.954632e+00
328683 8.954632e+00
329019 8.954632e+00
329294 8.954632e+00
329564 8.954632e+00
329586 8.954632e+00
329590 8.954632e+00
329626 8.954632e+00
329675 8.954632e+00
330018 8.954632e+00
330198 8.954632e+00
330334 8.954632e+00
330921 8.954632e+00
331023 8.954632e+00
331258 8.954632e+00
331293 8.954632e+00
331423 8.954632e+00
331825 8.954632e+00
332049 8.954632e+00
332195 8.954632e+00
333085 8.954632e+00
333179 8.954632e+00
333344 8.954632e+00
333485 8.954632e+00
333640 8.954632e+00
333805 8.954632e+00
334656 8.954632e+00
334907 8.954632e+00
335059 8.954632e+00
335073 8.954632e+00
335270 8.954632e+00
335523 8.954632e+00
335590 8.954632e+00
335726 8.954632e+00
335846 8.954632e+00
336051 8.954632e+00
336206 8.954632e+00
336394 8.954632e+00
336396 8.954632e+00
336585 8.954632e+00
336795 8.954632e+00
336797 8.954632e+00
336941 8.954632e+00
337120 8.954632e+00
337371 8.954632e+00
337603 8.954632e+00
337706 8.954632e+00
337809 8.954632e+00
337951 8.954632e+00
338073 8.954632e+00
338218 8.954632e+00
338230 8.954632e+00
338263 8.954632e+00
338415 8.954632e+00
338593 8.954632e+00
338594 8.954632e+00
338617 8.954632e+00
338627 8.954632e+00
338839 8.954632e+00
338939 8.954632e+00
339193 8.954632e+00
339368 8.954632e+00
339718 8.954632e+00
339795 8.954632e+00
339901 8.954632e+00
340042 8.954632e+00
340185 8.954632e+00
340545 8.954632e+00
340571 8.954632e+00
340589 8.954632e+00
340851 8.954632e+00
341020 8.954632e+00
341028 8.954632e+00
341474 8.954632e+00
341701 8.954632e+00
341942 8.954632e+00
341969 8.954632e+00
342228 8.954632e+00
342423 8.954632e+00
342666 8.954632e+00
342674 8.954632e+00
342742 8.954632e+00
342874 8.954632e+00
343350 8.954632e+00
343587 8.954632e+00
343588 8.954632e+00
343595 8.954632e+00
343888 8.954632e+00
344109 8.954632e+00
344134 8.954632e+00
344435 8.954632e+00
344475 8.954632e+00
345024 8.954632e+00
345067 8.954632e+00
405093 8.641473e+00
405418 8.543538e+00
405523 8.436440e+00
405550 8.013768e+00
405703 7.862094e+00
406086 7.834632e+00
406128 7.635385e+00
406402 7.315875e+00
407574 7.244857e+00
407636 7.139850e+00
407693 7.131718e+00
408195 7.066972e+00
408264 7.017600e+00
408399 6.756466e+00
408997 6.561352e+00
409354 6.557514e+00
409656 6.534623e+00
409800 6.504195e+00
409869 6.441194e+00
410059 6.435104e+00
410203 6.423947e+00
410296 6.401438e+00
410306 6.381389e+00
410476 6.309725e+00
410487 6.308002e+00
410588 6.266306e+00
410798 6.239981e+00
410806 6.239531e+00
410908 6.226009e+00
411198 6.179736e+00
411280 6.166480e+00
411863 6.156283e+00
412022 6.091683e+00
412961 6.081777e+00
413311 6.064369e+00
413464 6.062163e+00
413602 6.050543e+00
413768 6.039221e+00
413802 6.032198e+00
413976 6.031383e+00
414284 6.030915e+00
414706 6.030436e+00
414841 6.028969e+00
414852 6.021110e+00
414893 6.016880e+00
415024 6.014258e+00
415291 6.012552e+00
415351 6.010360e+00
415427 6.010047e+00
415452 5.995946e+00
416397 5.995439e+00
416435 5.994498e+00
416475 5.990814e+00
416587 5.985003e+00
417049 5.984640e+00
417239 5.984406e+00
417249 5.981365e+00
417631 5.981308e+00
417713 5.980372e+00
417827 5.980343e+00
417861 5.979948e+00
417871 5.979800e+00
418046 5.979655e+00
418094 5.979269e+00
418182 5.979010e+00
418190 5.978203e+00
418218 5.977774e+00
418322 5.975695e+00
418463 5.975131e+00
418659 5.974786e+00
418825 5.974691e+00
418831 5.974673e+00
419010 5.974463e+00
419234 5.974147e+00
419239 5.974039e+00
419251 5.973863e+00
419447 5.973490e+00
419909 5.973391e+00
420040 5.973170e+00
420072 5.973126e+00
420094 5.972729e+00
420100 5.972535e+00
420137 5.972279e+00
420211 5.972221e+00
420446 5.972134e+00
420669 5.972133e+00
420673 5.972072e+00
420676 5.971906e+00
420762 5.971600e+00
420824 5.971475e+00
420830 5.971455e+00
421011 5.971363e+00
421014 5.971333e+00
421271 5.971297e+00
421341 5.971281e+00
421381 5.971249e+00
421429 5.971020e+00
421549 5.970994e+00
421679 5.970960e+00
421688 5.970894e+00
421799 5.970868e+00
421925 5.970863e+00
421953 5.970740e+00
421989 5.970687e+00
422214 5.970686e+00
422215 5.970672e+00
422244 5.970661e+00
422269 5.970586e+00
422461 5.970471e+00
422668 5.970457e+00
422957 5.970397e+00
423016 5.970338e+00
423292 5.970220e+00
423697 5.970211e+00
423731 5.970205e+00
423734 5.970143e+00
423854 5.970087e+00
424173 5.970066e+00
424274 5.970027e+00
424587 5.969982e+00
424600 5.969973e+00
425073 5.969963e+00
425269 5.969948e+00
425389 5.969946e+00
425391 5.969925e+00
425533 5.969919e+00
425644 5.969918e+00
425647 5.969894e+00
425653 5.969891e+00
425875 5.969889e+00
425916 5.969876e+00
426231 5.969867e+00
426503 5.969864e+00
426663 5.969859e+00
426788 5.969851e+00
426816 5.969845e+00
426998 5.969827e+00
427399 5.969826e+00
427437 5.969813e+00
427986 5.969803e+00
428073 5.969797e+00
428446 5.969797e+00
428476 5.969796e+00
428481 5.969792e+00
428653 5.969792e+00
428815 5.969790e+00
428849 5.969790e+00
429028 5.969789e+00
429029 5.969784e+00
429165 5.969784e+00
429274 5.969780e+00
429399 5.969776e+00
429675 5.969775e+00
429796 5.969774e+00
429871 5.969774e+00
430007 5.969773e+00
430027 5.969771e+00
430192 5.969769e+00
430409 5.969768e+00
430580 5.969767e+00
430803 5.969766e+00
430875 5.969765e+00
431004 5.969765e+00
431029 5.969764e+00
431237 5.969763e+00
431243 5.969763e+00
431407 5.969762e+00
431598 5.969761e+00
431639 5.969760e+00
431657 5.969760e+00
431828 5.969759e+00
432261 5.969759e+00
432278 5.969758e+00
432453 5.969758e+00
432513 5.969758e+00
432557 5.969758e+00
432656 5.969758e+00
432832 5.969757e+00
433108 5.969757e+00
433274 5.969756e+00
433422 5.969756e+00
433537 5.969756e+00
434292 5.969756e+00
434387 5.969756e+00
434824 5.969756e+00
434844 5.969756e+00
434858 5.969755e+00
434891 5.969755e+00
435099 5.969755e+00
436187 5.969755e+00
436589 5.969755e+00
436820 5.969755e+00
436974 5.969755e+00
437095 5.969755e+00
437099 5.969755e+00
437427 5.969755e+00
437655 5.969755e+00
437797 5.969755e+00
438003 5.969755e+00
438108 5.969755e+00
438135 5.969755e+00
438439 5.969755e+00
438820 5.969755e+00
438824 5.969755e+00
439094 5.969755e+00
439506 5.969755e+00
439611 5.969755e+00
439626 5.969755e+00
439764 5.969754e+00
439850 5.969754e+00
440231 5.969754e+00
440414 5.969754e+00
440456 5.969754e+00
440986 5.969754e+00
441036 5.969754e+00
441041 5.969754e+00
441145 5.969754e+00
441253 5.969754e+00
441441 5.969754e+00
441643 5.969754e+00
442536 5.969754e+00
442643 5.969754e+00
442708 5.969754e+00
442817 5.969754e+00
442874 5.969754e+00
443071 5.969754e+00
443304 5.969754e+00
443436 5.969754e+00
443547 5.969754e+00
443647 5.969754e+00
443711 5.969754e+00
444007 5.969754e+00
444195 5.969754e+00
444312 5.969754e+00
444459 5.969754e+00
444568 5.969754e+00
444598 5.969754e+00
444657 5.969754e+00
444742 5.969754e+00
444790 5.969754e+00
444921 5.969754e+00
444999 5.969754e+00
445172 5.969754e+00
445231 5.969754e+00
445249 5.969754e+00
445271 5.969754e+00
445610 5.969754e+00
445752 5.969754e+00
445825 5.969754e+00
446066 5.969754e+00
446250 5.969754e+00
446581 5.969754e+00
446613 5.969754e+00
446764 5.969754e+00
446782 5.969754e+00
446802 5.969754e+00
446870 5.969754e+00
447012 5.969754e+00
447169 5.969754e+00
447374 5.969754e+00
447505 5.969754e+00
447519 5.969754e+00
447646 5.969754e+00
447680 5.969754e+00
447702 5.969754e+00
447992 5.969754e+00
448123 5.969754e+00
448346 5.969754e+00
448372 5.969754e+00
448390 5.969754e+00
448821 5.969754e+00
448829 5.969754e+00
449187 5.969754e+00
449275 5.969754e+00
449615 5.969754e+00
449695 5.969754e+00
449743 5.969754e+00
449770 5.969754e+00
450029 5.969754e+00
450307 5.969754e+00
450467 5.969754e+00
450500 5.969754e+00
450606 5.969754e+00
450675 5.969754e+00
450676 5.969754e+00
451151 5.969754e+00
451283 5.969754e+00
451396 5.969754e+00
451922 5.969754e+00
451935 5.969754e+00
451986 5.969754e+00
452212 5.969754e+00
452236 5.969754e+00
452276 5.969754e+00
