1 4.134052e+03
2 4.071936e+03
7 3.305148e+03
46 3.263797e+03
54 3.043720e+03
66 2.656663e+03
177 2.573352e+03
190 2.449355e+03
193 2.341884e+03
342 2.307953e+03
383 2.243876e+03
450 2.099172e+03
475 1.921867e+03
525 1.551733e+03
602 1.542661e+03
613 1.447210e+03
679 1.361684e+03
709 1.267979e+03
739 1.099222e+03
915 9.747285e+02
972 8.838746e+02
1102 8.262194e+02
1223 7.760528e+02
1338 7.534109e+02
1422 7.249579e+02
1446 6.507294e+02
1640 6.183581e+02
1806 6.151549e+02
1817 5.654954e+02
1853 5.311851e+02
1992 5.283322e+02
2137 4.737593e+02
2364 4.705120e+02
2992 4.401270e+02
3523 4.244544e+02
4076 4.196088e+02
4620 3.922656e+02
5118 3.858304e+02
5292 3.851811e+02
6233 3.756490e+02
6691 3.738726e+02
8071 3.657086e+02
8158 3.556828e+02
8423 3.510063e+02
8517 3.424867e+02
8731 3.225497e+02
8793 3.146678e+02
8891 2.932743e+02
8976 2.803280e+02
9033 2.779229e+02
9036 2.735283e+02
9054 2.512443e+02
9114 2.288525e+02
9212 2.269370e+02
9227 2.220943e+02
9302 2.039210e+02
9330 1.807029e+02
9456 1.642012e+02
9511 1.576263e+02
9587 1.424673e+02
9663 1.264908e+02
9715 1.216014e+02
9770 1.205096e+02
9810 1.168098e+02
9818 9.985424e+01
10060 9.305320e+01
10143 8.958349e+01
10179 8.691194e+01
10184 8.450569e+01
10241 8.355402e+01
10247 8.151650e+01
10263 8.136798e+01
10278 8.087502e+01
10297 7.406447e+01
10348 6.687494e+01
10447 5.862887e+01
10480 5.827872e+01
10562 5.654436e+01
10645 5.270252e+01
10767 5.229525e+01
10775 4.770671e+01
10910 4.765973e+01
10993 4.673770e+01
11025 4.615368e+01
11052 4.487690e+01
11193 4.436249e+01
11230 4.331389e+01
11281 4.237411e+01
11327 4.219261e+01
11431 4.149937e+01
11454 4.149140e+01
11499 4.140419e+01
11510 4.129873e+01
11550 4.009511e+01
11573 3.963514e+01
11588 3.907087e+01
11703 3.866566e+01
11725 3.806521e+01
11744 3.794788e+01
11746 3.792989e+01
11831 3.777825e+01
11832 3.741405e+01
11953 3.732026e+01
11955 3.700262e+01
11990 3.698056e+01
12054 3.649258e+01
12157 3.648963e+01
12166 3.646238e+01
12176 3.646220e+01
12193 3.616327e+01
12244 3.581907e+01
12328 3.574409e+01
12376 3.556200e+01
12499 3.547216e+01
12597 3.545282e+01
12664 3.541342e+01
12668 3.535910e+01
12724 3.528561e+01
12888 3.525506e+01
12907 3.521294e+01
12967 3.514563e+01
12984 3.512791e+01
13005 3.509392e+01
13063 3.505860e+01
13281 3.504510e+01
13362 3.503039e+01
13412 3.501592e+01
13428 3.500025e+01
13476 3.498375e+01
13482 3.497702e+01
13511 3.496641e+01
13523 3.495542e+01
13566 3.494575e+01
13625 3.493323e+01
13633 3.492454e+01
13683 3.492121e+01
13713 3.491998e+01
13728 3.491933e+01
13786 3.490954e+01
13789 3.489183e+01
13838 3.487992e+01
13981 3.487969e+01
13999 3.487750e+01
14088 3.487673e+01
14144 3.487567e+01
14207 3.486880e+01
14257 3.486129e+01
14299 3.485706e+01
14406 3.485636e+01
14438 3.485173e+01
14542 3.485145e+01
14543 3.485059e+01
14569 3.484821e+01
14581 3.484699e+01
14611 3.484333e+01
14665 3.484278e+01
14772 3.484271e+01
14773 3.484227e+01
14816 3.484221e+01
14825 3.483981e+01
14838 3.483860e+01
14889 3.483799e+01
14937 3.483710e+01
14991 3.483435e+01
15101 3.483380e+01
15154 3.483232e+01
15173 3.483165e+01
15217 3.483007e+01
15337 3.482863e+01
15411 3.482827e+01
15428 3.482824e+01
15430 3.482811e+01
15509 3.482809e+01
15517 3.482782e+01
15560 3.482747e+01
15561 3.482704e+01
15612 3.482688e+01
15671 3.482621e+01
15708 3.482615e+01
15726 3.482565e+01
15816 3.482556e+01
15843 3.482540e+01
15940 3.482528e+01
15958 3.482527e+01
15963 3.482513e+01
15965 3.482511e+01
16024 3.482484e+01
16112 3.482476e+01
16131 3.482464e+01
16159 3.482464e+01
16218 3.482455e+01
16263 3.482438e+01
16311 3.482423e+01
16458 3.482419e+01
16506 3.482419e+01
16515 3.482417e+01
16561 3.482411e+01
16571 3.482408e+01
16600 3.482402e+01
16670 3.482401e+01
16705 3.482401e+01
16723 3.482400e+01
16728 3.482397e+01
16827 3.482395e+01
16831 3.482393e+01
16885 3.482391e+01
16933 3.482389e+01
16948 3.482385e+01
17072 3.482382e+01
17093 3.482381e+01
17102 3.482381e+01
17143 3.482378e+01
17274 3.482377e+01
17284 3.482376e+01
17319 3.482373e+01
17355 3.482371e+01
17371 3.482369e+01
17417 3.482369e+01
17456 3.482368e+01
17494 3.482367e+01
17559 3.482366e+01
17648 3.482365e+01
17650 3.482365e+01
17700 3.482364e+01
17704 3.482364e+01
17710 3.482362e+01
17762 3.482362e+01
17903 3.482361e+01
17906 3.482360e+01
17928 3.482359e+01
18014 3.482359e+01
18018 3.482359e+01
18100 3.482359e+01
18129 3.482359e+01
18145 3.482358e+01
18166 3.482358e+01
18342 3.482358e+01
18350 3.482357e+01
18385 3.482357e+01
18420 3.482357e+01
18515 3.482357e+01
18585 3.482356e+01
18626 3.482356e+01
18792 3.482356e+01
18820 3.482356e+01
18855 3.482356e+01
18962 3.482356e+01
19030 3.482356e+01
19052 3.482356e+01
19109 3.482356e+01
19113 3.482356e+01
19118 3.482356e+01
19199 3.482356e+01
19245 3.482356e+01
19348 3.482355e+01
19569 3.482355e+01
19582 3.482355e+01
19611 3.482355e+01
19638 3.482355e+01
19685 3.482355e+01
19737 3.482355e+01
19758 3.482355e+01
19774 3.482355e+01
19797 3.482355e+01
19814 3.482355e+01
19897 3.482355e+01
19912 3.482355e+01
19968 3.482355e+01
19971 3.482355e+01
20090 3.482355e+01
20186 3.482355e+01
20230 3.482355e+01
20284 3.482355e+01
20306 3.482355e+01
20349 3.482355e+01
20393 3.482355e+01
20442 3.482355e+01
20487 3.482355e+01
20494 3.482355e+01
20609 3.482355e+01
20620 3.482355e+01
20646 3.482355e+01
20659 3.482355e+01
20760 3.482355e+01
20805 3.482355e+01
20884 3.482355e+01
20923 3.482355e+01
20960 3.482355e+01
20994 3.482355e+01
21075 3.482355e+01
21100 3.482355e+01
21188 3.482355e+01
21226 3.482355e+01
21410 3.482355e+01
21468 3.482355e+01
21587 3.482355e+01
21639 3.482355e+01
21671 3.482355e+01
21680 3.482355e+01
21744 3.482355e+01
21773 3.482355e+01
21790 3.482355e+01
21829 3.482355e+01
21918 3.482355e+01
21952 3.482355e+01
22031 3.482355e+01
22033 3.482355e+01
22154 3.482355e+01
22155 3.482355e+01
22197 3.482355e+01
22205 3.482355e+01
22322 3.482355e+01
22368 3.482355e+01
22380 3.482355e+01
22440 3.482355e+01
22535 3.482355e+01
22550 3.482355e+01
22642 3.482355e+01
22669 3.482355e+01
22687 3.482355e+01
22750 3.482355e+01
22810 3.482355e+01
22832 3.482355e+01
22861 3.482355e+01
22938 3.482355e+01
22960 3.482355e+01
22986 3.482355e+01
22991 3.482355e+01
23017 3.482355e+01
23055 3.482355e+01
23060 3.482355e+01
23076 3.482355e+01
23152 3.482355e+01
23155 3.482355e+01
23179 3.482355e+01
23383 3.482355e+01
23463 3.482355e+01
23466 3.482355e+01
23504 3.482355e+01
23536 3.482355e+01
23566 3.482355e+01
23585 3.482355e+01
23656 3.482355e+01
23673 3.482355e+01
23759 3.482355e+01
23912 3.482355e+01
23924 3.482355e+01
23938 3.482355e+01
23939 3.482355e+01
23955 3.482355e+01
23986 3.482355e+01
23990 3.482355e+01
24007 3.482355e+01
24098 3.482355e+01
24099 3.482355e+01
24203 3.482355e+01
24240 3.482355e+01
24289 3.482355e+01
24348 3.482355e+01
24414 3.482355e+01
24451 3.482355e+01
24478 3.482355e+01
24481 3.482355e+01
24547 3.482355e+01
24608 3.482355e+01
24619 3.482355e+01
24648 3.482355e+01
24652 3.482355e+01
24674 3.482355e+01
24706 3.482355e+01
24713 3.482355e+01
24741 3.482355e+01
24757 3.482355e+01
24758 3.482355e+01
24789 3.482355e+01
24823 3.482355e+01
24857 3.482355e+01
24890 3.482355e+01
24916 3.482355e+01
24931 3.482355e+01
24936 3.482355e+01
24944 3.482355e+01
24961 3.482355e+01
24996 3.482355e+01
25014 3.482355e+01
25027 3.482355e+01
25112 3.482355e+01
25142 3.482355e+01
25162 3.482355e+01
25199 3.482355e+01
25270 3.482355e+01
25288 3.482355e+01
25319 3.482355e+01
25335 3.482355e+01
25438 3.482355e+01
25571 3.482355e+01
25678 3.482355e+01
25682 3.482355e+01
54361 3.467123e+01
54541 3.303342e+01
54637 3.250862e+01
54798 3.127028e+01
54813 3.009411e+01
54846 2.769311e+01
54931 2.683179e+01
54979 2.611784e+01
55040 2.522550e+01
55096 2.436197e+01
55286 2.352278e+01
55454 2.281588e+01
55560 2.101621e+01
55933 2.063530e+01
55952 2.029454e+01
55960 1.916009e+01
56203 1.823921e+01
56513 1.760150e+01
56775 1.735774e+01
56791 1.705552e+01
56851 1.673794e+01
57368 1.672688e+01
57435 1.660659e+01
57583 1.659582e+01
57630 1.658645e+01
57674 1.626588e+01
57705 1.597691e+01
58031 1.597449e+01
58201 1.569834e+01
58385 1.568105e+01
58600 1.565287e+01
58655 1.558533e+01
58659 1.555295e+01
58775 1.540779e+01
58926 1.531241e+01
59392 1.521869e+01
59675 1.517214e+01
59743 1.517152e+01
59766 1.514308e+01
59880 1.513169e+01
59881 1.513143e+01
59915 1.511974e+01
59949 1.511207e+01
59964 1.505422e+01
60300 1.505279e+01
60617 1.504922e+01
60819 1.503822e+01
60877 1.502658e+01
60983 1.502299e+01
61414 1.501747e+01
61564 1.498040e+01
62641 1.496469e+01
62759 1.496314e+01
62802 1.496272e+01
63006 1.496109e+01
63015 1.495845e+01
63065 1.494593e+01
63977 1.494338e+01
64208 1.494225e+01
64260 1.494118e+01
64364 1.494010e+01
64419 1.493986e+01
64617 1.493762e+01
64762 1.493599e+01
64798 1.493567e+01
64878 1.493498e+01
64923 1.493381e+01
65129 1.493345e+01
65165 1.493278e+01
65186 1.493028e+01
65527 1.492904e+01
65978 1.492838e+01
66092 1.492813e+01
66313 1.492787e+01
66353 1.492718e+01
66802 1.492711e+01
66808 1.492678e+01
67292 1.492661e+01
67351 1.492643e+01
67411 1.492636e+01
67473 1.492630e+01
67522 1.492609e+01
67663 1.492607e+01
67677 1.492594e+01
67682 1.492592e+01
67741 1.492545e+01
68098 1.492542e+01
68107 1.492527e+01
68223 1.492522e+01
68311 1.492520e+01
68319 1.492518e+01
68425 1.492498e+01
68517 1.492498e+01
68868 1.492486e+01
69133 1.492483e+01
69206 1.492479e+01
69279 1.492479e+01
69382 1.492476e+01
69418 1.492473e+01
69529 1.492472e+01
69572 1.492469e+01
69659 1.492464e+01
69753 1.492464e+01
69845 1.492464e+01
69935 1.492464e+01
69942 1.492463e+01
69943 1.492461e+01
69976 1.492460e+01
70099 1.492458e+01
70197 1.492455e+01
70240 1.492454e+01
70264 1.492453e+01
70453 1.492450e+01
70764 1.492449e+01
70865 1.492449e+01
71030 1.492449e+01
71154 1.492448e+01
71281 1.492448e+01
71289 1.492448e+01
71312 1.492446e+01
71379 1.492446e+01
71543 1.492445e+01
71745 1.492445e+01
71848 1.492444e+01
71855 1.492444e+01
71919 1.492444e+01
72074 1.492444e+01
72084 1.492444e+01
72181 1.492444e+01
72194 1.492442e+01
72325 1.492442e+01
72579 1.492442e+01
72692 1.492442e+01
72739 1.492441e+01
72786 1.492441e+01
72817 1.492441e+01
72859 1.492441e+01
73029 1.492441e+01
73109 1.492441e+01
73173 1.492441e+01
73246 1.492441e+01
73274 1.492440e+01
73582 1.492440e+01
73883 1.492440e+01
73926 1.492440e+01
74312 1.492439e+01
74350 1.492439e+01
74778 1.492439e+01
74838 1.492439e+01
74891 1.492439e+01
74970 1.492439e+01
227549 1.492439e+01
227613 1.492439e+01
227957 1.492439e+01
228078 1.492439e+01
228303 1.492439e+01
228340 1.492439e+01
228347 1.492439e+01
228438 1.492439e+01
228552 1.492439e+01
228568 1.492439e+01
228609 1.492439e+01
228675 1.492439e+01
228711 1.492439e+01
229051 1.492439e+01
229184 1.492439e+01
229227 1.492439e+01
229228 1.492439e+01
229364 1.492439e+01
229478 1.492439e+01
229500 1.492439e+01
229540 1.492439e+01
229546 1.492439e+01
229633 1.492439e+01
229666 1.492439e+01
230016 1.492439e+01
230164 1.492439e+01
230279 1.492439e+01
230471 1.492439e+01
230513 1.492439e+01
230822 1.492439e+01
230945 1.492439e+01
231211 1.492439e+01
231392 1.492439e+01
231474 1.492439e+01
231503 1.492439e+01
231573 1.492439e+01
231618 1.492439e+01
231897 1.492439e+01
232445 1.492439e+01
232501 1.492439e+01
232554 1.492439e+01
232607 1.492439e+01
232638 1.492439e+01
233023 1.492439e+01
233226 1.492439e+01
233230 1.492439e+01
233360 1.492439e+01
233364 1.492439e+01
233459 1.492439e+01
233518 1.492439e+01
233601 1.492439e+01
233710 1.492439e+01
233778 1.492439e+01
233785 1.492439e+01
233811 1.492439e+01
233820 1.492439e+01
233887 1.492439e+01
234281 1.492439e+01
234467 1.492439e+01
234600 1.492439e+01
234746 1.492439e+01
234851 1.492439e+01
235118 1.492439e+01
235148 1.492439e+01
235189 1.492439e+01
235481 1.492439e+01
235506 1.492439e+01
235603 1.492439e+01
235834 1.492439e+01
235835 1.492439e+01
235883 1.492439e+01
236081 1.492439e+01
236318 1.492439e+01
236573 1.492439e+01
236926 1.492439e+01
237007 1.492439e+01
237072 1.492439e+01
237151 1.492439e+01
237324 1.492439e+01
237366 1.492439e+01
237403 1.492439e+01
237476 1.492439e+01
237488 1.492439e+01
237497 1.492439e+01
237611 1.492439e+01
237613 1.492439e+01
237687 1.492439e+01
237751 1.492439e+01
237966 1.492439e+01
238134 1.492439e+01
238404 1.492439e+01
238524 1.492439e+01
238669 1.492439e+01
238749 1.492439e+01
238766 1.492439e+01
238869 1.492439e+01
238901 1.492439e+01
238951 1.492439e+01
239088 1.492439e+01
239129 1.492439e+01
239457 1.492439e+01
239496 1.492439e+01
239586 1.492439e+01
239657 1.492439e+01
239762 1.492439e+01
239806 1.492439e+01
239854 1.492439e+01
239865 1.492439e+01
239958 1.492439e+01
239963 1.492439e+01
240374 1.492439e+01
240503 1.492439e+01
240627 1.492439e+01
241066 1.492439e+01
241187 1.492439e+01
241215 1.492439e+01
241443 1.492439e+01
241494 1.492439e+01
241713 1.492439e+01
241881 1.492439e+01
291260 1.442316e+01
291538 1.204990e+01
292429 1.162129e+01
292608 1.082182e+01
292615 1.072270e+01
292963 1.047349e+01
292972 1.004149e+01
292992 9.524570e+00
293601 9.374348e+00
293664 8.709261e+00
294399 8.520993e+00
294454 8.482503e+00
294488 8.398445e+00
294542 7.610432e+00
295264 7.528232e+00
295346 7.250248e+00
295553 7.236265e+00
295780 7.183739e+00
295847 7.106638e+00
295989 6.978131e+00
296349 6.856252e+00
296447 6.731097e+00
296541 6.716187e+00
296635 6.548852e+00
296983 6.514913e+00
297505 6.493377e+00
297711 6.425178e+00
297796 6.413683e+00
297966 6.403197e+00
298036 6.365204e+00
298207 6.302094e+00
298650 6.261792e+00
298655 6.224327e+00
298988 6.216640e+00
299060 6.184552e+00
299093 6.182225e+00
299203 6.163220e+00
299443 6.155878e+00
299658 6.150148e+00
299816 6.143928e+00
299827 6.126048e+00
299835 6.113296e+00
300016 6.095403e+00
300638 6.062455e+00
301045 6.053502e+00
301196 6.046893e+00
301285 6.046385e+00
301297 6.037717e+00
301645 6.035393e+00
301928 6.032737e+00
301989 6.025966e+00
301997 6.025004e+00
302034 6.022653e+00
302065 6.011260e+00
303036 6.010877e+00
303075 6.009035e+00
303111 6.005112e+00
303177 6.003056e+00
303183 6.002652e+00
303212 6.000775e+00
303238 5.996363e+00
303247 5.995574e+00
303416 5.994643e+00
303443 5.992429e+00
303648 5.989778e+00
303889 5.988790e+00
303894 5.988267e+00
304162 5.988238e+00
304173 5.987085e+00
304591 5.986424e+00
304616 5.981878e+00
305261 5.979889e+00
305708 5.978814e+00
306000 5.976699e+00
306301 5.975890e+00
306434 5.975133e+00
306949 5.975105e+00
307263 5.974929e+00
307393 5.973999e+00
307406 5.973968e+00
307561 5.973458e+00
307831 5.973270e+00
307883 5.972654e+00
308193 5.972600e+00
308556 5.971435e+00
309390 5.971193e+00
309930 5.970917e+00
310614 5.970591e+00
311415 5.970578e+00
311487 5.970537e+00
311671 5.970526e+00
311690 5.970452e+00
311799 5.970425e+00
311846 5.970358e+00
311866 5.970234e+00
312434 5.970233e+00
312482 5.970202e+00
312636 5.970191e+00
312686 5.970179e+00
312805 5.970149e+00
312832 5.970148e+00
312869 5.970094e+00
313111 5.970081e+00
313493 5.970073e+00
313565 5.970041e+00
313748 5.970039e+00
313784 5.970013e+00
314036 5.969966e+00
314110 5.969941e+00
314442 5.969938e+00
314646 5.969937e+00
314651 5.969910e+00
314668 5.969908e+00
315198 5.969895e+00
315599 5.969876e+00
315617 5.969871e+00
315655 5.969868e+00
315871 5.969858e+00
315874 5.969856e+00
316012 5.969854e+00
316156 5.969850e+00
316221 5.969845e+00
316336 5.969838e+00
316340 5.969825e+00
317111 5.969820e+00
317188 5.969814e+00
317222 5.969807e+00
317558 5.969799e+00
318162 5.969798e+00
318244 5.969792e+00
318452 5.969792e+00
318461 5.969789e+00
318462 5.969789e+00
318551 5.969787e+00
318553 5.969783e+00
318667 5.969783e+00
318691 5.969783e+00
318694 5.969779e+00
319501 5.969778e+00
319575 5.969777e+00
319602 5.969777e+00
319606 5.969772e+00
319676 5.969770e+00
319807 5.969768e+00
320055 5.969768e+00
320084 5.969767e+00
320309 5.969766e+00
320651 5.969766e+00
320807 5.969765e+00
320886 5.969765e+00
320927 5.969765e+00
321018 5.969764e+00
321050 5.969764e+00
321108 5.969764e+00
321119 5.969763e+00
321186 5.969761e+00
321234 5.969761e+00
321322 5.969761e+00
321454 5.969761e+00
321620 5.969761e+00
321798 5.969759e+00
322408 5.969759e+00
322430 5.969759e+00
322559 5.969759e+00
322578 5.969758e+00
322841 5.969758e+00
322843 5.969758e+00
322928 5.969757e+00
322971 5.969757e+00
322997 5.969757e+00
323587 5.969756e+00
323604 5.969756e+00
323624 5.969756e+00
323717 5.969756e+00
323722 5.969756e+00
324145 5.969756e+00
324212 5.969756e+00
324596 5.969756e+00
324616 5.969755e+00
325338 5.969755e+00
325753 5.969755e+00
325984 5.969755e+00
326476 5.969755e+00
326497 5.969755e+00
326636 5.969755e+00
326685 5.969755e+00
326749 5.969755e+00
326919 5.969755e+00
326925 5.969755e+00
327015 5.969755e+00
327426 5.969755e+00
327640 5.969755e+00
327651 5.969755e+00
327719 5.969755e+00
327759 5.969755e+00
327784 5.969755e+00
327785 5.969755e+00
327908 5.969755e+00
327999 5.969755e+00
328394 5.969755e+00
328441 5.969754e+00
328533 5.969754e+00
328558 5.969754e+00
328631 5.969754e+00
329221 5.969754e+00
329370 5.969754e+00
329413 5.969754e+00
329652 5.969754e+00
329679 5.969754e+00
330017 5.969754e+00
330227 5.969754e+00
330278 5.969754e+00
330565 5.969754e+00
330583 5.969754e+00
330589 5.969754e+00
330623 5.969754e+00
330832 5.969754e+00
330917 5.969754e+00
330939 5.969754e+00
330958 5.969754e+00
330991 5.969754e+00
331033 5.969754e+00
331393 5.969754e+00
331519 5.969754e+00
332194 5.969754e+00
332253 5.969754e+00
332942 5.969754e+00
332964 5.969754e+00
333230 5.969754e+00
333494 5.969754e+00
333505 5.969754e+00
333509 5.969754e+00
333524 5.969754e+00
334448 5.969754e+00
334569 5.969754e+00
334693 5.969754e+00
334877 5.969754e+00
334978 5.969754e+00
335125 5.969754e+00
335407 5.969754e+00
335453 5.969754e+00
335471 5.969754e+00
335712 5.969754e+00
335852 5.969754e+00
335998 5.969754e+00
336038 5.969754e+00
336208 5.969754e+00
336229 5.969754e+00
336244 5.969754e+00
336322 5.969754e+00
336436 5.969754e+00
336695 5.969754e+00
337064 5.969754e+00
337192 5.969754e+00
337201 5.969754e+00
337266 5.969754e+00
337403 5.969754e+00
338122 5.969754e+00
338149 5.969754e+00
338613 5.969754e+00
338615 5.969754e+00
338751 5.969754e+00
338811 5.969754e+00
338852 5.969754e+00
338914 5.969754e+00
339134 5.969754e+00
340056 5.969754e+00
340209 5.969754e+00
340277 5.969754e+00
340399 5.969754e+00
340506 5.969754e+00
340600 5.969754e+00
340765 5.969754e+00
341135 5.969754e+00
341212 5.969754e+00
341227 5.969754e+00
341413 5.969754e+00
341473 5.969754e+00
341583 5.969754e+00
341980 5.969754e+00
342039 5.969754e+00
342358 5.969754e+00
342410 5.969754e+00
342461 5.969754e+00
342482 5.969754e+00
342514 5.969754e+00
342553 5.969754e+00
342648 5.969754e+00
342691 5.969754e+00
342787 5.969754e+00
