1 5.795831e+03
2 5.273533e+03
4 4.831263e+03
5 4.266090e+03
11 4.102043e+03
14 3.266865e+03
38 2.533846e+03
152 2.442961e+03
283 2.204975e+03
496 1.609941e+03
583 1.440305e+03
626 1.401813e+03
725 1.375886e+03
729 1.336480e+03
734 1.302737e+03
747 1.274510e+03
752 1.260234e+03
755 1.250974e+03
756 1.169082e+03
804 1.054548e+03
886 9.278227e+02
923 9.142878e+02
1046 9.094878e+02
1056 8.886471e+02
1072 8.643182e+02
1160 8.557312e+02
1207 8.421984e+02
1212 7.927376e+02
1231 7.712894e+02
1233 7.305974e+02
1269 7.216062e+02
1344 7.165805e+02
1351 6.929735e+02
1392 6.714276e+02
1446 6.647546e+02
1455 6.623262e+02
1460 6.582535e+02
1490 6.427990e+02
1506 5.443662e+02
1747 5.121525e+02
1893 4.678737e+02
2341 4.678446e+02
2697 4.501179e+02
2838 4.493250e+02
2975 4.344626e+02
2977 4.235740e+02
3633 3.804041e+02
4649 3.713364e+02
4658 3.597052e+02
5392 3.523620e+02
5491 3.463550e+02
5582 3.323426e+02
5801 2.917565e+02
6143 2.852972e+02
6214 2.813766e+02
6315 2.807555e+02
6349 2.602815e+02
6364 2.529748e+02
6365 2.469523e+02
6368 2.434784e+02
6402 2.410420e+02
6410 2.369317e+02
6480 2.329858e+02
6502 2.316085e+02
6507 2.169373e+02
6547 2.095809e+02
6655 2.052246e+02
6660 1.884253e+02
6673 1.588046e+02
6729 1.460001e+02
6858 1.168433e+02
6948 1.111183e+02
7032 9.431177e+01
7164 9.068653e+01
7247 8.473301e+01
7361 8.199565e+01
7396 7.819389e+01
7496 7.444517e+01
7543 6.926630e+01
7550 6.876964e+01
7719 6.761197e+01
7733 6.709436e+01
7764 6.361849e+01
7834 6.348014e+01
7850 6.256764e+01
7874 6.205463e+01
7889 6.129216e+01
7915 5.972413e+01
8074 5.919540e+01
8117 5.765608e+01
8165 5.663861e+01
8195 5.489049e+01
8214 5.377465e+01
8252 5.347223e+01
8321 5.234221e+01
8360 5.190549e+01
8488 5.143973e+01
8530 5.122060e+01
8622 5.118877e+01
8623 5.112740e+01
8629 5.042294e+01
8688 4.993503e+01
8708 4.970467e+01
8750 4.961760e+01
8752 4.942818e+01
8769 4.880832e+01
8892 4.834736e+01
8895 4.831531e+01
8943 4.815129e+01
9025 4.801778e+01
9043 4.768325e+01
9111 4.766047e+01
9114 4.752863e+01
9118 4.751396e+01
9153 4.744263e+01
9154 4.743196e+01
9161 4.716394e+01
9227 4.713117e+01
9283 4.701480e+01
9331 4.700196e+01
9382 4.699201e+01
9428 4.692780e+01
9444 4.691540e+01
9452 4.686638e+01
9470 4.683075e+01
9496 4.678609e+01
9519 4.666534e+01
9535 4.666078e+01
9621 4.661789e+01
9673 4.660472e+01
9678 4.641841e+01
9786 4.641492e+01
9816 4.624877e+01
9935 4.622931e+01
9992 4.611417e+01
10128 4.609958e+01
10147 4.607444e+01
10200 4.604120e+01
10305 4.603607e+01
10323 4.599121e+01
10383 4.598188e+01
10430 4.594403e+01
10438 4.594153e+01
10537 4.593333e+01
10544 4.591959e+01
10607 4.591020e+01
10651 4.590295e+01
10671 4.589955e+01
10680 4.588219e+01
10722 4.588006e+01
10730 4.587934e+01
10760 4.585176e+01
10799 4.584981e+01
10908 4.583313e+01
11081 4.582426e+01
11090 4.582239e+01
11132 4.581082e+01
11293 4.580586e+01
11413 4.580453e+01
11445 4.580231e+01
11454 4.580037e+01
11468 4.580018e+01
11489 4.579947e+01
11490 4.579452e+01
11545 4.579144e+01
11611 4.579059e+01
11618 4.578674e+01
11722 4.578621e+01
11726 4.578242e+01
11806 4.578204e+01
11824 4.578081e+01
11832 4.578038e+01
11860 4.577806e+01
11989 4.577804e+01
12025 4.577781e+01
12034 4.577704e+01
12103 4.577647e+01
12217 4.577621e+01
12303 4.577607e+01
12315 4.577536e+01
12346 4.577453e+01
12389 4.577354e+01
12499 4.577335e+01
12529 4.577259e+01
12568 4.577216e+01
12584 4.577213e+01
12592 4.577176e+01
12599 4.577169e+01
12604 4.577120e+01
12658 4.577106e+01
12672 4.577071e+01
12746 4.577064e+01
12786 4.577049e+01
12805 4.577022e+01
13016 4.576980e+01
13091 4.576967e+01
13181 4.576959e+01
13231 4.576924e+01
13275 4.576924e+01
13437 4.576920e+01
13457 4.576919e+01
13489 4.576916e+01
13494 4.576913e+01
13510 4.576893e+01
13542 4.576878e+01
13638 4.576875e+01
13695 4.576875e+01
13756 4.576867e+01
13764 4.576866e+01
13820 4.576856e+01
13921 4.576846e+01
13956 4.576842e+01
14114 4.576839e+01
14153 4.576839e+01
14156 4.576839e+01
14204 4.576838e+01
14330 4.576836e+01
14355 4.576833e+01
14357 4.576832e+01
14379 4.576828e+01
14434 4.576828e+01
14472 4.576827e+01
14486 4.576827e+01
14490 4.576826e+01
14497 4.576826e+01
14503 4.576826e+01
14528 4.576825e+01
14530 4.576822e+01
14546 4.576822e+01
14683 4.576820e+01
14821 4.576817e+01
15056 4.576817e+01
15092 4.576816e+01
15116 4.576816e+01
15122 4.576816e+01
15131 4.576816e+01
15143 4.576816e+01
15168 4.576816e+01
15197 4.576815e+01
15198 4.576814e+01
15261 4.576814e+01
15265 4.576814e+01
15304 4.576813e+01
15355 4.576812e+01
15521 4.576812e+01
15652 4.576812e+01
15799 4.576812e+01
15835 4.576811e+01
15857 4.576811e+01
15965 4.576811e+01
15992 4.576811e+01
16001 4.576811e+01
16019 4.576811e+01
16073 4.576811e+01
16096 4.576810e+01
16239 4.576810e+01
16242 4.576810e+01
16267 4.576810e+01
16277 4.576810e+01
16352 4.576810e+01
16542 4.576810e+01
16560 4.576810e+01
16576 4.576810e+01
16595 4.576810e+01
16611 4.576810e+01
16615 4.576810e+01
16639 4.576810e+01
16661 4.576810e+01
16747 4.576809e+01
16803 4.576809e+01
16918 4.576809e+01
16957 4.576809e+01
16972 4.576809e+01
17040 4.576809e+01
17091 4.576809e+01
17123 4.576809e+01
17153 4.576809e+01
17263 4.576809e+01
17282 4.576809e+01
17314 4.576809e+01
17347 4.576809e+01
17357 4.576809e+01
17420 4.576809e+01
17487 4.576809e+01
17533 4.576809e+01
17538 4.576809e+01
17632 4.576809e+01
17705 4.576809e+01
17754 4.576809e+01
17770 4.576809e+01
17820 4.576809e+01
17882 4.576809e+01
17887 4.576809e+01
17888 4.576809e+01
17895 4.576809e+01
17962 4.576809e+01
18004 4.576809e+01
18018 4.576809e+01
18041 4.576809e+01
18055 4.576809e+01
18058 4.576809e+01
18059 4.576809e+01
18084 4.576809e+01
18119 4.576809e+01
18146 4.576809e+01
18207 4.576809e+01
18237 4.576809e+01
18296 4.576809e+01
18334 4.576809e+01
18394 4.576809e+01
18524 4.576809e+01
18756 4.576809e+01
18795 4.576809e+01
18875 4.576809e+01
18893 4.576809e+01
18915 4.576809e+01
18935 4.576809e+01
18946 4.576809e+01
19000 4.576809e+01
19024 4.576809e+01
19045 4.576809e+01
19079 4.576809e+01
19100 4.576809e+01
19166 4.576809e+01
19184 4.576809e+01
19200 4.576809e+01
19245 4.576809e+01
19257 4.576809e+01
19330 4.576809e+01
19399 4.576809e+01
19405 4.576809e+01
19500 4.576809e+01
19526 4.576809e+01
19528 4.576809e+01
19611 4.576809e+01
19627 4.576809e+01
19632 4.576809e+01
19657 4.576809e+01
19695 4.576809e+01
19706 4.576809e+01
19746 4.576809e+01
19771 4.576809e+01
20003 4.576809e+01
20076 4.576809e+01
20124 4.576809e+01
20278 4.576809e+01
20388 4.576809e+01
20530 4.576809e+01
20606 4.576809e+01
20657 4.576809e+01
20813 4.576809e+01
20823 4.576809e+01
20838 4.576809e+01
20839 4.576809e+01
20851 4.576809e+01
20874 4.576809e+01
20918 4.576809e+01
20921 4.576809e+01
20936 4.576809e+01
20976 4.576809e+01
21051 4.576809e+01
21062 4.576809e+01
21182 4.576809e+01
21199 4.576809e+01
21212 4.576809e+01
21213 4.576809e+01
21291 4.576809e+01
21300 4.576809e+01
21342 4.576809e+01
21471 4.576809e+01
21502 4.576809e+01
21538 4.576809e+01
21630 4.576809e+01
21752 4.576809e+01
21783 4.576809e+01
21880 4.576809e+01
21895 4.576809e+01
21914 4.576809e+01
21925 4.576809e+01
21946 4.576809e+01
22040 4.576809e+01
22067 4.576809e+01
22090 4.576809e+01
22205 4.576809e+01
22309 4.576809e+01
22396 4.576809e+01
22397 4.576809e+01
22401 4.576809e+01
22415 4.576809e+01
22423 4.576809e+01
22443 4.576809e+01
22562 4.576809e+01
22588 4.576809e+01
22614 4.576809e+01
22652 4.576809e+01
22659 4.576809e+01
56925 4.559684e+01
57048 4.285918e+01
57054 4.157531e+01
57256 4.069014e+01
57277 3.730423e+01
57515 3.699576e+01
57543 3.298613e+01
57805 3.094837e+01
58198 3.039162e+01
58245 3.004008e+01
58329 2.924683e+01
58347 2.840869e+01
58356 2.830101e+01
58357 2.510062e+01
58470 2.492866e+01
58480 2.462424e+01
58522 2.382436e+01
58621 2.347933e+01
58630 2.177672e+01
58773 2.128374e+01
58776 2.099597e+01
58808 2.051578e+01
58898 2.047947e+01
59097 1.996738e+01
59134 1.891413e+01
59412 1.881558e+01
59432 1.851584e+01
59457 1.787037e+01
59853 1.779641e+01
60079 1.776833e+01
60153 1.773790e+01
60236 1.757882e+01
60338 1.756685e+01
60342 1.754335e+01
60350 1.702640e+01
60380 1.701398e+01
60470 1.640073e+01
60909 1.630499e+01
61012 1.626992e+01
61084 1.605070e+01
61099 1.591724e+01
61285 1.563256e+01
61539 1.535631e+01
61660 1.521050e+01
61795 1.505039e+01
61802 1.498548e+01
61827 1.496895e+01
61925 1.486423e+01
62025 1.479304e+01
62061 1.474929e+01
62101 1.466584e+01
62319 1.456573e+01
62346 1.455994e+01
62535 1.455337e+01
62997 1.446851e+01
63053 1.444302e+01
63295 1.434600e+01
63363 1.434408e+01
63411 1.429950e+01
63517 1.425304e+01
63859 1.424918e+01
63945 1.424048e+01
63971 1.423175e+01
64008 1.422140e+01
64101 1.421273e+01
64212 1.414519e+01
64848 1.411534e+01
65044 1.411313e+01
65129 1.410933e+01
65190 1.409725e+01
65257 1.406392e+01
65311 1.405398e+01
65472 1.404308e+01
65653 1.403601e+01
65678 1.401974e+01
66056 1.401909e+01
66117 1.401244e+01
66257 1.400554e+01
66399 1.400043e+01
66430 1.399921e+01
66444 1.399728e+01
66554 1.398353e+01
66627 1.398112e+01
66710 1.397810e+01
66762 1.397777e+01
66844 1.396917e+01
66890 1.396606e+01
66891 1.396500e+01
67184 1.396375e+01
67246 1.395976e+01
67332 1.395449e+01
67405 1.395241e+01
67561 1.395227e+01
67726 1.395214e+01
67871 1.395005e+01
67910 1.394869e+01
67941 1.394761e+01
68122 1.394439e+01
68389 1.394252e+01
68527 1.394108e+01
68647 1.394043e+01
68669 1.393979e+01
68720 1.393954e+01
68795 1.393873e+01
68854 1.393785e+01
68927 1.393770e+01
69103 1.393705e+01
69206 1.393654e+01
69274 1.393612e+01
69369 1.393551e+01
69737 1.393496e+01
69790 1.393433e+01
69877 1.393383e+01
70192 1.393380e+01
70224 1.393368e+01
70277 1.393343e+01
70337 1.393285e+01
70371 1.393284e+01
70576 1.393277e+01
70589 1.393272e+01
70717 1.393254e+01
70746 1.393234e+01
70771 1.393143e+01
71206 1.393068e+01
71636 1.393049e+01
71907 1.393030e+01
72168 1.393017e+01
72334 1.393017e+01
72567 1.393011e+01
72653 1.393009e+01
72674 1.393006e+01
72688 1.393003e+01
72897 1.392999e+01
73017 1.392996e+01
73078 1.392989e+01
73097 1.392983e+01
73254 1.392983e+01
73455 1.392980e+01
73576 1.392979e+01
73682 1.392975e+01
73719 1.392974e+01
73779 1.392970e+01
73903 1.392968e+01
73992 1.392968e+01
74055 1.392967e+01
74206 1.392965e+01
74334 1.392963e+01
74454 1.392963e+01
74466 1.392963e+01
74561 1.392961e+01
74567 1.392960e+01
74716 1.392960e+01
74720 1.392956e+01
74976 1.392954e+01
207282 1.372615e+01
207445 1.346416e+01
207462 1.314272e+01
208088 1.283739e+01
208414 1.274893e+01
208439 1.267431e+01
208616 1.257343e+01
208632 1.248935e+01
209142 1.246802e+01
209168 1.239399e+01
209225 1.238129e+01
209291 1.234219e+01
209554 1.231253e+01
209601 1.229607e+01
209671 1.223347e+01
209945 1.220469e+01
210002 1.218259e+01
210079 1.218070e+01
210200 1.214681e+01
210464 1.210396e+01
210800 1.210135e+01
210880 1.209337e+01
210917 1.208310e+01
211016 1.207090e+01
211077 1.204758e+01
211161 1.204058e+01
211281 1.202932e+01
211533 1.202645e+01
211681 1.202265e+01
211712 1.202220e+01
211713 1.202126e+01
211838 1.201097e+01
211868 1.200832e+01
211945 1.200608e+01
211946 1.198967e+01
212199 1.198832e+01
212336 1.198828e+01
212350 1.198711e+01
212388 1.198011e+01
212466 1.197466e+01
212471 1.197067e+01
212636 1.196855e+01
212811 1.196443e+01
212842 1.196342e+01
212887 1.196289e+01
213067 1.195843e+01
213296 1.195703e+01
213299 1.195530e+01
213569 1.195358e+01
213671 1.195137e+01
213803 1.195080e+01
213864 1.194807e+01
214174 1.194700e+01
214397 1.194690e+01
214438 1.194685e+01
214460 1.194634e+01
214636 1.194580e+01
214654 1.194566e+01
214751 1.194454e+01
214782 1.194436e+01
214983 1.194415e+01
215023 1.194383e+01
215038 1.194339e+01
215297 1.194325e+01
215318 1.194306e+01
215681 1.194264e+01
215777 1.194263e+01
215940 1.194251e+01
216006 1.194227e+01
216068 1.194124e+01
216928 1.194088e+01
217121 1.194085e+01
217188 1.194078e+01
217255 1.194060e+01
217365 1.194053e+01
217388 1.194050e+01
217572 1.194049e+01
217701 1.194043e+01
217827 1.194041e+01
217960 1.194038e+01
217991 1.194035e+01
217995 1.194026e+01
218143 1.194020e+01
218216 1.194012e+01
218324 1.194011e+01
218372 1.194007e+01
218507 1.194006e+01
218541 1.193997e+01
218933 1.193987e+01
219124 1.193986e+01
219338 1.193974e+01
219838 1.193972e+01
219954 1.193971e+01
219965 1.193966e+01
220475 1.193965e+01
220548 1.193964e+01
220664 1.193963e+01
220673 1.193962e+01
220787 1.193962e+01
220801 1.193960e+01
221108 1.193960e+01
221182 1.193958e+01
221548 1.193958e+01
221573 1.193957e+01
221689 1.193957e+01
221926 1.193957e+01
221981 1.193957e+01
222017 1.193955e+01
222041 1.193955e+01
222313 1.193954e+01
222447 1.193954e+01
222473 1.193953e+01
222648 1.193953e+01
222718 1.193953e+01
222976 1.193953e+01
222979 1.193953e+01
222982 1.193953e+01
223053 1.193953e+01
223145 1.193953e+01
223233 1.193952e+01
223240 1.193952e+01
223344 1.193952e+01
223355 1.193952e+01
223392 1.193952e+01
223464 1.193952e+01
223485 1.193952e+01
223546 1.193952e+01
223589 1.193952e+01
223708 1.193952e+01
223889 1.193952e+01
223908 1.193952e+01
223958 1.193952e+01
224012 1.193952e+01
224124 1.193951e+01
224528 1.193951e+01
224530 1.193951e+01
224701 1.193951e+01
224732 1.193951e+01
224750 1.193951e+01
224867 1.193951e+01
224987 1.193951e+01
225017 1.193951e+01
225178 1.193951e+01
225192 1.193951e+01
225370 1.193951e+01
225372 1.193951e+01
225396 1.193951e+01
225787 1.193951e+01
225848 1.193951e+01
225928 1.193951e+01
226090 1.193951e+01
226286 1.193951e+01
226296 1.193951e+01
226368 1.193951e+01
226438 1.193951e+01
226473 1.193951e+01
226563 1.193951e+01
226568 1.193951e+01
226688 1.193951e+01
227149 1.193951e+01
227334 1.193951e+01
227636 1.193951e+01
227691 1.193951e+01
227698 1.193951e+01
227761 1.193951e+01
227901 1.193951e+01
227953 1.193951e+01
228017 1.193951e+01
228032 1.193951e+01
228057 1.193951e+01
228321 1.193951e+01
228397 1.193951e+01
228544 1.193951e+01
228577 1.193951e+01
228592 1.193951e+01
228610 1.193951e+01
228620 1.193951e+01
228622 1.193951e+01
228633 1.193951e+01
228676 1.193951e+01
228890 1.193951e+01
228979 1.193951e+01
228999 1.193951e+01
229139 1.193951e+01
229155 1.193951e+01
229209 1.193951e+01
229249 1.193951e+01
229376 1.193951e+01
229393 1.193951e+01
229471 1.193951e+01
229825 1.193951e+01
230370 1.193951e+01
230556 1.193951e+01
230557 1.193951e+01
230630 1.193951e+01
230728 1.193951e+01
231139 1.193951e+01
231218 1.193951e+01
231372 1.193951e+01
231441 1.193951e+01
231497 1.193951e+01
231784 1.193951e+01
231904 1.193951e+01
232004 1.193951e+01
232043 1.193951e+01
232286 1.193951e+01
232442 1.193951e+01
232459 1.193951e+01
232551 1.193951e+01
232552 1.193951e+01
232592 1.193951e+01
232702 1.193951e+01
232742 1.193951e+01
232792 1.193951e+01
232976 1.193951e+01
232993 1.193951e+01
233060 1.193951e+01
233104 1.193951e+01
233400 1.193951e+01
233411 1.193951e+01
233459 1.193951e+01
233484 1.193951e+01
234092 1.193951e+01
234292 1.193951e+01
234371 1.193951e+01
234410 1.193951e+01
234473 1.193951e+01
234486 1.193951e+01
234577 1.193951e+01
234721 1.193951e+01
235066 1.193951e+01
235288 1.193951e+01
235354 1.193951e+01
235360 1.193951e+01
235437 1.193951e+01
235439 1.193951e+01
235445 1.193951e+01
235632 1.193951e+01
235669 1.193951e+01
235695 1.193951e+01
235792 1.193951e+01
235913 1.193951e+01
236012 1.193951e+01
236020 1.193951e+01
236046 1.193951e+01
236400 1.193951e+01
236446 1.193951e+01
236736 1.193951e+01
236823 1.193951e+01
236953 1.193951e+01
237086 1.193951e+01
237117 1.193951e+01
237196 1.193951e+01
237478 1.193951e+01
237498 1.193951e+01
237625 1.193951e+01
237694 1.193951e+01
284338 1.125347e+01
284662 1.115783e+01
284730 9.805590e+00
285174 9.593144e+00
285555 8.348174e+00
285946 8.252992e+00
285955 7.643434e+00
286613 7.633088e+00
286820 7.466588e+00
286846 7.050606e+00
287375 7.045229e+00
287717 6.619857e+00
288281 6.404165e+00
288385 6.094145e+00
288929 6.007476e+00
289217 5.841728e+00
289551 5.698444e+00
290243 5.567395e+00
290834 5.561880e+00
290846 5.448767e+00
291022 5.420977e+00
291320 5.382263e+00
291476 5.330116e+00
291707 5.215156e+00
292430 5.190538e+00
292542 5.162572e+00
292618 5.153817e+00
292917 5.133109e+00
292919 5.131145e+00
293068 5.124995e+00
293250 5.096537e+00
293712 5.090641e+00
293910 5.083866e+00
293935 5.071759e+00
294062 5.064512e+00
294078 5.064364e+00
294198 5.062654e+00
294478 5.058387e+00
294479 5.035443e+00
295101 5.029651e+00
295163 5.029551e+00
295225 5.028575e+00
295277 5.026351e+00
295374 5.025679e+00
295436 5.024906e+00
295501 5.020345e+00
295591 5.012618e+00
295870 5.011188e+00
295871 5.007273e+00
296157 5.005717e+00
296416 5.003320e+00
296475 5.003234e+00
296489 4.997989e+00
296658 4.995777e+00
297165 4.994136e+00
297261 4.988840e+00
297477 4.988641e+00
297784 4.987904e+00
297832 4.987546e+00
297857 4.987439e+00
298015 4.985692e+00
298465 4.985112e+00
298604 4.984349e+00
298935 4.983678e+00
299094 4.982920e+00
299318 4.981659e+00
299439 4.980493e+00
300286 4.979956e+00
300371 4.979642e+00
300688 4.979567e+00
300819 4.979452e+00
300937 4.979307e+00
300987 4.979063e+00
301027 4.978981e+00
301109 4.978345e+00
301196 4.977782e+00
301453 4.977674e+00
301708 4.977381e+00
301877 4.977371e+00
302067 4.977045e+00
302238 4.976869e+00
302277 4.976869e+00
302369 4.976853e+00
302386 4.976735e+00
302481 4.976637e+00
302569 4.976583e+00
302645 4.976458e+00
302659 4.976429e+00
303090 4.975951e+00
303382 4.975729e+00
303599 4.975693e+00
304122 4.975689e+00
304256 4.975604e+00
304310 4.975602e+00
304384 4.975509e+00
304439 4.975484e+00
304472 4.975445e+00
304682 4.975401e+00
304729 4.975380e+00
304735 4.975318e+00
304827 4.975264e+00
304894 4.975176e+00
305422 4.975174e+00
305669 4.975169e+00
305811 4.975148e+00
305844 4.975133e+00
305869 4.975106e+00
306106 4.975086e+00
306118 4.975050e+00
306271 4.975032e+00
306333 4.975028e+00
306400 4.975020e+00
306470 4.975020e+00
306510 4.974991e+00
306546 4.974989e+00
306564 4.974986e+00
307018 4.974980e+00
307076 4.974979e+00
307122 4.974961e+00
307128 4.974947e+00
307523 4.974947e+00
307527 4.974943e+00
307577 4.974935e+00
307592 4.974927e+00
307757 4.974919e+00
307801 4.974917e+00
308125 4.974895e+00
308419 4.974893e+00
308655 4.974891e+00
308708 4.974885e+00
308732 4.974878e+00
308883 4.974874e+00
308922 4.974871e+00
308929 4.974865e+00
309001 4.974862e+00
309179 4.974860e+00
309355 4.974847e+00
309516 4.974844e+00
309717 4.974842e+00
309809 4.974842e+00
310119 4.974837e+00
310195 4.974833e+00
310320 4.974823e+00
311338 4.974818e+00
311761 4.974813e+00
312173 4.974812e+00
312207 4.974811e+00
312331 4.974810e+00
312515 4.974809e+00
312617 4.974807e+00
313073 4.974805e+00
313285 4.974804e+00
313339 4.974803e+00
313575 4.974803e+00
313695 4.974801e+00
314085 4.974801e+00
314325 4.974801e+00
314419 4.974800e+00
314653 4.974800e+00
314982 4.974800e+00
315071 4.974800e+00
315099 4.974799e+00
315139 4.974798e+00
315537 4.974798e+00
315854 4.974798e+00
316016 4.974797e+00
316157 4.974797e+00
316749 4.974797e+00
316903 4.974797e+00
316973 4.974797e+00
317115 4.974796e+00
317367 4.974796e+00
317739 4.974796e+00
318130 4.974796e+00
318347 4.974796e+00
318406 4.974796e+00
318749 4.974796e+00
318892 4.974796e+00
319509 4.974796e+00
319671 4.974796e+00
319700 4.974796e+00
319755 4.974796e+00
319834 4.974796e+00
320469 4.974796e+00
320934 4.974796e+00
320942 4.974796e+00
320946 4.974796e+00
321111 4.974796e+00
321148 4.974795e+00
321711 4.974795e+00
321815 4.974795e+00
321993 4.974795e+00
322076 4.974795e+00
322171 4.974795e+00
322280 4.974795e+00
323079 4.974795e+00
323081 4.974795e+00
323101 4.974795e+00
323102 4.974795e+00
323672 4.974795e+00
323703 4.974795e+00
323879 4.974795e+00
323914 4.974795e+00
324294 4.974795e+00
324526 4.974795e+00
324745 4.974795e+00
324895 4.974795e+00
325270 4.974795e+00
325311 4.974795e+00
325509 4.974795e+00
326310 4.974795e+00
326360 4.974795e+00
326507 4.974795e+00
326896 4.974795e+00
327036 4.974795e+00
327121 4.974795e+00
327899 4.974795e+00
327948 4.974795e+00
328250 4.974795e+00
328796 4.974795e+00
329032 4.974795e+00
329255 4.974795e+00
329342 4.974795e+00
329428 4.974795e+00
329696 4.974795e+00
329768 4.974795e+00
329866 4.974795e+00
329920 4.974795e+00
330123 4.974795e+00
330145 4.974795e+00
330576 4.974795e+00
330997 4.974795e+00
331494 4.974795e+00
331813 4.974795e+00
331833 4.974795e+00
331981 4.974795e+00
332225 4.974795e+00
332258 4.974795e+00
332513 4.974795e+00
333109 4.974795e+00
333230 4.974795e+00
333404 4.974795e+00
333934 4.974795e+00
334496 4.974795e+00
334510 4.974795e+00
334697 4.974795e+00
334763 4.974795e+00
334769 4.974795e+00
334913 4.974795e+00
335039 4.974795e+00
335118 4.974795e+00
335257 4.974795e+00
335297 4.974795e+00
335459 4.974795e+00
335504 4.974795e+00
335752 4.974795e+00
335869 4.974795e+00
336086 4.974795e+00
336778 4.974795e+00
336856 4.974795e+00
336953 4.974795e+00
337083 4.974795e+00
337195 4.974795e+00
337285 4.974795e+00
337296 4.974795e+00
