1 3.044979e+05
2 2.571370e+05
3 2.302258e+05
4 1.018875e+05
5 1.879060e+04
20 1.736062e+04
108 1.644693e+04
238 1.540657e+04
305 1.517996e+04
369 1.503233e+04
396 1.456579e+04
424 1.291200e+04
457 1.177028e+04
575 1.162136e+04
588 1.161687e+04
591 1.138990e+04
617 9.902399e+03
643 9.552697e+03
646 8.515995e+03
676 8.425413e+03
708 7.306351e+03
777 7.016092e+03
907 6.830151e+03
972 6.701656e+03
1014 6.230478e+03
1047 6.209254e+03
1071 5.830861e+03
1089 5.447620e+03
1122 5.240447e+03
1178 4.485203e+03
1199 4.431447e+03
1333 3.918163e+03
1350 3.435083e+03
1380 3.334794e+03
1571 3.146395e+03
1595 2.709609e+03
1677 2.603215e+03
1711 2.412811e+03
1733 2.346801e+03
1811 2.166721e+03
1873 2.048760e+03
1906 2.038833e+03
1910 1.974718e+03
1920 1.697229e+03
2000 1.594304e+03
2141 1.452351e+03
2269 1.354828e+03
2334 1.330911e+03
2356 1.293476e+03
2387 1.232456e+03
2460 1.160207e+03
2500 1.103710e+03
2514 9.567893e+02
2562 9.526238e+02
2623 9.100322e+02
2679 8.976007e+02
2719 7.950081e+02
2820 7.803794e+02
2842 7.658523e+02
2922 7.490899e+02
2937 6.752249e+02
3176 6.534683e+02
3192 6.502594e+02
3244 6.334402e+02
3280 6.122165e+02
3387 6.005896e+02
3420 5.942986e+02
3435 5.898840e+02
3464 5.862730e+02
3468 5.741149e+02
3497 5.718507e+02
3541 5.698331e+02
3550 5.471734e+02
3602 5.316284e+02
3660 5.288120e+02
3714 5.200802e+02
3748 5.183235e+02
3776 5.149927e+02
3792 5.128655e+02
3887 5.013227e+02
3948 4.943802e+02
3983 4.888037e+02
4031 4.845959e+02
4085 4.820387e+02
4098 4.775698e+02
4175 4.753356e+02
4227 4.740092e+02
4249 4.709295e+02
4277 4.645592e+02
4412 4.617626e+02
4417 4.597111e+02
4436 4.566018e+02
4476 4.562110e+02
4480 4.540377e+02
4548 4.540377e+02
4571 4.498774e+02
4583 4.446613e+02
4694 4.445798e+02
4715 4.423046e+02
4816 4.402445e+02
4840 4.402331e+02
4841 4.378447e+02
4853 4.371621e+02
4919 4.371073e+02
4922 4.340401e+02
4956 4.324700e+02
4978 4.299803e+02
5043 4.274813e+02
5114 4.267885e+02
5167 4.260239e+02
5218 4.252267e+02
5221 4.250563e+02
5253 4.231308e+02
5260 4.204739e+02
5306 4.203917e+02
5337 4.202645e+02
5390 4.188685e+02
5580 4.180492e+02
5610 4.179724e+02
5702 4.165799e+02
5719 4.160750e+02
5752 4.155705e+02
5757 4.154643e+02
5784 4.149946e+02
5791 4.129775e+02
5868 4.126373e+02
5909 4.119044e+02
5935 4.112499e+02
6110 4.110136e+02
6145 4.104280e+02
6177 4.089625e+02
6303 4.089035e+02
6327 4.078483e+02
6435 4.076926e+02
6491 4.076215e+02
6493 4.074405e+02
6541 4.071375e+02
6548 4.065480e+02
6585 4.063604e+02
6607 4.057995e+02
6689 4.057063e+02
6775 4.053412e+02
6869 4.049538e+02
6904 4.048172e+02
6924 4.046663e+02
6948 4.046070e+02
6962 4.044924e+02
6972 4.041114e+02
6989 4.040148e+02
7092 4.039249e+02
7102 4.035103e+02
7189 4.031582e+02
7236 4.027877e+02
7359 4.023873e+02
7503 4.023591e+02
7514 4.021139e+02
7558 4.021081e+02
7582 4.020861e+02
7652 4.018930e+02
7719 4.016854e+02
7818 4.016723e+02
7865 4.016603e+02
7888 4.016331e+02
7892 4.015701e+02
7897 4.015566e+02
7911 4.014338e+02
7943 4.014204e+02
7991 4.013851e+02
8002 4.013253e+02
8012 4.010514e+02
8234 4.010226e+02
8275 4.009836e+02
8278 4.009472e+02
8300 4.009338e+02
8417 4.008485e+02
8452 4.007904e+02
8507 4.007878e+02
8540 4.007861e+02
8559 4.007684e+02
8582 4.007268e+02
8631 4.007061e+02
8638 4.007006e+02
8677 4.006700e+02
8698 4.006408e+02
8728 4.006390e+02
8733 4.005942e+02
8765 4.005433e+02
8823 4.005356e+02
8911 4.005035e+02
8953 4.004713e+02
9032 4.004666e+02
9050 4.004563e+02
9054 4.004259e+02
9078 4.004160e+02
9155 4.004098e+02
9181 4.003795e+02
9328 4.003674e+02
9351 4.003489e+02
9366 4.003155e+02
9413 4.003012e+02
9496 4.002814e+02
9580 4.002763e+02
9587 4.002532e+02
9655 4.002476e+02
9676 4.002130e+02
9800 4.002089e+02
9829 4.001943e+02
9896 4.001910e+02
9923 4.001716e+02
10039 4.001698e+02
10075 4.001697e+02
10078 4.001681e+02
10100 4.001613e+02
10112 4.001580e+02
10131 4.001564e+02
10148 4.001489e+02
10152 4.001472e+02
10178 4.001416e+02
10197 4.001399e+02
10199 4.001279e+02
10237 4.001272e+02
10243 4.001181e+02
10314 4.001039e+02
10429 4.001034e+02
10474 4.000984e+02
10520 4.000949e+02
10569 4.000934e+02
10589 4.000872e+02
10637 4.000863e+02
10647 4.000823e+02
10666 4.000805e+02
10671 4.000773e+02
10686 4.000718e+02
10725 4.000662e+02
10754 4.000647e+02
10758 4.000624e+02
10825 4.000620e+02
10852 4.000619e+02
10868 4.000596e+02
10908 4.000571e+02
10912 4.000552e+02
10965 4.000542e+02
11053 4.000528e+02
11062 4.000510e+02
11097 4.000509e+02
11100 4.000454e+02
11212 4.000417e+02
11289 4.000408e+02
11377 4.000404e+02
11402 4.000395e+02
11407 4.000369e+02
11451 4.000333e+02
11595 4.000328e+02
11608 4.000324e+02
11635 4.000314e+02
11655 4.000310e+02
11679 4.000301e+02
11727 4.000299e+02
11765 4.000298e+02
11775 4.000289e+02
11791 4.000273e+02
11821 4.000268e+02
11829 4.000255e+02
11868 4.000246e+02
11927 4.000238e+02
11944 4.000234e+02
11948 4.000231e+02
11985 4.000227e+02
12064 4.000208e+02
12155 4.000194e+02
12207 4.000189e+02
12257 4.000185e+02
12265 4.000175e+02
12304 4.000162e+02
12357 4.000158e+02
12400 4.000135e+02
12568 4.000132e+02
12573 4.000128e+02
12634 4.000121e+02
12647 4.000110e+02
12688 4.000108e+02
12739 4.000101e+02
12784 4.000096e+02
12875 4.000093e+02
12877 4.000085e+02
12937 4.000085e+02
12974 4.000085e+02
12976 4.000084e+02
12989 4.000081e+02
13008 4.000070e+02
13096 4.000068e+02
13122 4.000067e+02
13131 4.000052e+02
13327 4.000051e+02
13331 4.000049e+02
13408 4.000044e+02
13504 4.000041e+02
13617 4.000040e+02
13624 4.000036e+02
13711 4.000033e+02
13736 4.000033e+02
13753 4.000030e+02
13761 4.000028e+02
13773 4.000028e+02
13870 4.000025e+02
14065 4.000024e+02
14142 4.000024e+02
14149 4.000023e+02
14150 4.000023e+02
14201 4.000022e+02
14206 4.000021e+02
14293 4.000019e+02
14333 4.000018e+02
14483 4.000017e+02
14496 4.000017e+02
14522 4.000017e+02
14532 4.000016e+02
14543 4.000015e+02
14555 4.000015e+02
14598 4.000014e+02
14630 4.000014e+02
14668 4.000012e+02
14745 4.000011e+02
14828 4.000011e+02
14858 4.000010e+02
14864 4.000010e+02
14970 4.000009e+02
14994 4.000009e+02
15043 4.000009e+02
15045 4.000008e+02
15067 4.000008e+02
15135 4.000008e+02
15181 4.000007e+02
15214 4.000007e+02
15250 4.000007e+02
15260 4.000007e+02
15276 4.000007e+02
15306 4.000006e+02
15421 4.000006e+02
15432 4.000006e+02
15444 4.000006e+02
15461 4.000005e+02
15573 4.000005e+02
15612 4.000005e+02
15613 4.000004e+02
15671 4.000004e+02
15684 4.000003e+02
15968 4.000003e+02
15994 4.000003e+02
16004 4.000003e+02
16056 4.000003e+02
16109 4.000003e+02
16247 4.000002e+02
16257 4.000002e+02
16322 4.000002e+02
16333 4.000002e+02
16432 4.000002e+02
16443 4.000002e+02
16503 4.000002e+02
16522 4.000002e+02
16535 4.000002e+02
16618 4.000001e+02
16663 4.000001e+02
16689 4.000001e+02
16699 4.000001e+02
16701 4.000001e+02
16748 4.000001e+02
16767 4.000001e+02
16780 4.000001e+02
17001 4.000001e+02
17038 4.000001e+02
17051 4.000001e+02
17110 4.000001e+02
17132 4.000001e+02
17284 4.000001e+02
17340 4.000001e+02
17355 4.000001e+02
17389 4.000001e+02
17426 4.000001e+02
17484 4.000001e+02
17516 4.000001e+02
17552 4.000001e+02
17589 4.000001e+02
17674 4.000001e+02
17759 4.000001e+02
17765 4.000000e+02
17846 4.000000e+02
17853 4.000000e+02
17896 4.000000e+02
17916 4.000000e+02
17926 4.000000e+02
17935 4.000000e+02
17938 4.000000e+02
17969 4.000000e+02
17983 4.000000e+02
17990 4.000000e+02
18054 4.000000e+02
18106 4.000000e+02
18133 4.000000e+02
18142 4.000000e+02
18238 4.000000e+02
18347 4.000000e+02
18590 4.000000e+02
18597 4.000000e+02
18612 4.000000e+02
18642 4.000000e+02
18774 4.000000e+02
18834 4.000000e+02
18871 4.000000e+02
18893 4.000000e+02
18937 4.000000e+02
18982 4.000000e+02
19090 4.000000e+02
19122 4.000000e+02
19139 4.000000e+02
19147 4.000000e+02
19168 4.000000e+02
19206 4.000000e+02
19226 4.000000e+02
19263 4.000000e+02
19290 4.000000e+02
19379 4.000000e+02
19411 4.000000e+02
19455 4.000000e+02
19457 4.000000e+02
19491 4.000000e+02
19503 4.000000e+02
19539 4.000000e+02
19564 4.000000e+02
19676 4.000000e+02
19703 4.000000e+02
19704 4.000000e+02
19735 4.000000e+02
19776 4.000000e+02
19864 4.000000e+02
19870 4.000000e+02
19936 4.000000e+02
19989 4.000000e+02
20026 4.000000e+02
20045 4.000000e+02
20061 4.000000e+02
20104 4.000000e+02
20112 4.000000e+02
20113 4.000000e+02
20154 4.000000e+02
20160 4.000000e+02
20184 4.000000e+02
20366 4.000000e+02
20376 4.000000e+02
20478 4.000000e+02
20565 4.000000e+02
20602 4.000000e+02
20634 4.000000e+02
20646 4.000000e+02
20681 4.000000e+02
20691 4.000000e+02
20711 4.000000e+02
20717 4.000000e+02
20752 4.000000e+02
20755 4.000000e+02
20844 4.000000e+02
20897 4.000000e+02
21028 4.000000e+02
21100 4.000000e+02
21184 4.000000e+02
21266 4.000000e+02
21273 4.000000e+02
21283 4.000000e+02
21291 4.000000e+02
21308 4.000000e+02
21352 4.000000e+02
21353 4.000000e+02
21426 4.000000e+02
21461 4.000000e+02
21466 4.000000e+02
21469 4.000000e+02
21514 4.000000e+02
21518 4.000000e+02
21555 4.000000e+02
21592 4.000000e+02
21710 4.000000e+02
21746 4.000000e+02
21783 4.000000e+02
21824 4.000000e+02
21830 4.000000e+02
21833 4.000000e+02
21868 4.000000e+02
21884 4.000000e+02
21907 4.000000e+02
21919 4.000000e+02
21957 4.000000e+02
21978 4.000000e+02
21992 4.000000e+02
22059 4.000000e+02
22072 4.000000e+02
22116 4.000000e+02
22179 4.000000e+02
22224 4.000000e+02
22237 4.000000e+02
22254 4.000000e+02
22267 4.000000e+02
22269 4.000000e+02
22280 4.000000e+02
22295 4.000000e+02
22346 4.000000e+02
22380 4.000000e+02
22450 4.000000e+02
22451 4.000000e+02
22462 4.000000e+02
22493 4.000000e+02
22558 4.000000e+02
22598 4.000000e+02
22603 4.000000e+02
22655 4.000000e+02
22685 4.000000e+02
22746 4.000000e+02
22770 4.000000e+02
22815 4.000000e+02
22836 4.000000e+02
22893 4.000000e+02
22991 4.000000e+02
23032 4.000000e+02
23102 4.000000e+02
23152 4.000000e+02
23169 4.000000e+02
23179 4.000000e+02
23273 4.000000e+02
23274 4.000000e+02
23316 4.000000e+02
23347 4.000000e+02
23357 4.000000e+02
23368 4.000000e+02
23375 4.000000e+02
23386 4.000000e+02
23398 4.000000e+02
23409 4.000000e+02
23467 4.000000e+02
23483 4.000000e+02
23516 4.000000e+02
23565 4.000000e+02
23570 4.000000e+02
23575 4.000000e+02
23594 4.000000e+02
23598 4.000000e+02
23638 4.000000e+02
23647 4.000000e+02
23819 4.000000e+02
23833 4.000000e+02
23922 4.000000e+02
23980 4.000000e+02
23981 4.000000e+02
24015 4.000000e+02
24043 4.000000e+02
24082 4.000000e+02
24083 4.000000e+02
24085 4.000000e+02
24087 4.000000e+02
24097 4.000000e+02
24178 4.000000e+02
24475 4.000000e+02
24483 4.000000e+02
24502 4.000000e+02
24516 4.000000e+02
24530 4.000000e+02
24684 4.000000e+02
24713 4.000000e+02
24959 4.000000e+02
25004 4.000000e+02
25110 4.000000e+02
25199 4.000000e+02
25243 4.000000e+02
25256 4.000000e+02
25275 4.000000e+02
25310 4.000000e+02
25322 4.000000e+02
25405 4.000000e+02
25472 4.000000e+02
25517 4.000000e+02
25523 4.000000e+02
25566 4.000000e+02
25617 4.000000e+02
25659 4.000000e+02
25681 4.000000e+02
25760 4.000000e+02
25764 4.000000e+02
25797 4.000000e+02
25815 4.000000e+02
25818 4.000000e+02
25834 4.000000e+02
25878 4.000000e+02
25881 4.000000e+02
25974 4.000000e+02
26005 4.000000e+02
26024 4.000000e+02
26057 4.000000e+02
26077 4.000000e+02
26138 4.000000e+02
26182 4.000000e+02
26457 4.000000e+02
26497 4.000000e+02
26558 4.000000e+02
26595 4.000000e+02
26627 4.000000e+02
26764 4.000000e+02
26851 4.000000e+02
26864 4.000000e+02
26911 4.000000e+02
26936 4.000000e+02
26955 4.000000e+02
26957 4.000000e+02
26977 4.000000e+02
26995 4.000000e+02
27000 4.000000e+02
27003 4.000000e+02
27154 4.000000e+02
27203 4.000000e+02
27205 4.000000e+02
27395 4.000000e+02
27449 4.000000e+02
27495 4.000000e+02
27522 4.000000e+02
27548 4.000000e+02
27608 4.000000e+02
27647 4.000000e+02
27697 4.000000e+02
27732 4.000000e+02
27736 4.000000e+02
27802 4.000000e+02
27836 4.000000e+02
27851 4.000000e+02
27858 4.000000e+02
28041 4.000000e+02
28047 4.000000e+02
28074 4.000000e+02
28086 4.000000e+02
28184 4.000000e+02
28190 4.000000e+02
28219 4.000000e+02
28250 4.000000e+02
28344 4.000000e+02
28385 4.000000e+02
28524 4.000000e+02
28547 4.000000e+02
28552 4.000000e+02
28602 4.000000e+02
28663 4.000000e+02
28666 4.000000e+02
28718 4.000000e+02
28807 4.000000e+02
28850 4.000000e+02
28904 4.000000e+02
28917 4.000000e+02
28926 4.000000e+02
28997 4.000000e+02
29081 4.000000e+02
29107 4.000000e+02
29135 4.000000e+02
29140 4.000000e+02
29181 4.000000e+02
29245 4.000000e+02
29270 4.000000e+02
29517 4.000000e+02
29533 4.000000e+02
29599 4.000000e+02
29699 4.000000e+02
29702 4.000000e+02
29711 4.000000e+02
29738 4.000000e+02
29750 4.000000e+02
29778 4.000000e+02
29825 4.000000e+02
29871 4.000000e+02
29876 4.000000e+02
29879 4.000000e+02
29902 4.000000e+02
29982 4.000000e+02
179041 4.000000e+02
179057 4.000000e+02
179131 4.000000e+02
179195 4.000000e+02
179220 4.000000e+02
179320 4.000000e+02
179323 4.000000e+02
179353 4.000000e+02
