1 3.420359e+05
15 2.417856e+05
17 1.911402e+05
30 6.065675e+04
88 4.071623e+04
113 3.958128e+04
156 2.465954e+04
422 2.054359e+04
433 1.538720e+04
509 9.829762e+03
752 7.856025e+03
770 7.786204e+03
795 6.162486e+03
876 5.940874e+03
922 5.248948e+03
956 3.523558e+03
1126 3.344155e+03
1135 3.227169e+03
1195 2.913110e+03
1226 2.750867e+03
1290 2.338751e+03
1292 2.076303e+03
1411 1.704504e+03
1702 1.587863e+03
1771 1.401588e+03
1845 1.363218e+03
1984 1.316862e+03
1997 1.057257e+03
2137 1.043585e+03
2237 1.043101e+03
2274 1.000689e+03
2277 8.680544e+02
2352 7.619035e+02
2477 7.265800e+02
2533 7.086114e+02
2612 5.915486e+02
2819 5.847726e+02
2848 4.999496e+02
2917 4.163152e+02
3065 4.102667e+02
3116 3.986086e+02
3194 3.818416e+02
3219 3.750249e+02
3272 2.669176e+02
3349 2.149416e+02
3639 2.112691e+02
3655 2.038096e+02
3743 1.861017e+02
3774 1.737665e+02
3877 1.565462e+02
3952 1.451389e+02
3973 1.373242e+02
4006 1.340880e+02
4013 1.258344e+02
4047 1.172772e+02
4078 1.170875e+02
4113 1.132068e+02
4139 1.096508e+02
4181 1.083613e+02
4271 1.067452e+02
4314 1.066840e+02
4380 1.031736e+02
4422 1.025915e+02
4520 9.870447e+01
4607 9.651199e+01
4657 9.572826e+01
4665 9.533233e+01
4718 9.473471e+01
4737 9.221963e+01
4751 9.044294e+01
4829 8.996837e+01
4831 8.759294e+01
4865 8.754815e+01
4890 8.751676e+01
4892 8.424317e+01
4929 8.421160e+01
4949 8.275602e+01
4996 8.189258e+01
5020 8.070064e+01
5061 7.903218e+01
5077 7.810057e+01
5104 7.736668e+01
5130 7.244205e+01
5406 7.118112e+01
5425 7.108367e+01
5430 7.078445e+01
5442 6.836793e+01
5472 6.591585e+01
5473 6.515356e+01
5500 6.390866e+01
5506 6.357606e+01
5542 5.978979e+01
5652 5.827303e+01
5654 5.404694e+01
5704 5.251508e+01
5794 5.051859e+01
5796 4.813256e+01
5959 4.690337e+01
5990 4.317354e+01
6025 3.782520e+01
6199 3.309004e+01
6289 2.982253e+01
6384 2.857330e+01
6414 2.690257e+01
6447 2.315006e+01
6648 2.281425e+01
6667 2.236520e+01
6713 2.122854e+01
6791 2.066601e+01
6813 1.908085e+01
6882 1.852474e+01
6917 1.716832e+01
6944 1.658527e+01
6947 1.567815e+01
7004 1.511748e+01
7070 1.426407e+01
7170 1.304097e+01
7262 1.264298e+01
7277 9.482652e+00
7472 9.334547e+00
7510 9.104454e+00
7566 7.788833e+00
7571 7.464419e+00
7638 7.416343e+00
7714 6.567577e+00
7810 6.449696e+00
7814 6.205829e+00
7856 4.724303e+00
7972 4.633187e+00
7976 3.837395e+00
7995 3.717626e+00
8028 3.464839e+00
8167 3.166418e+00
8226 3.048507e+00
8248 2.936309e+00
8256 2.916831e+00
8260 2.709527e+00
8294 2.209026e+00
8384 1.740427e+00
8528 1.709825e+00
8545 1.411522e+00
8601 1.334046e+00
8669 1.291644e+00
8750 9.866290e-01
8866 8.214747e-01
8872 8.199159e-01
8904 7.491416e-01
8946 5.884606e-01
9157 5.553407e-01
9358 3.647856e-01
9508 3.637557e-01
9589 3.626515e-01
9615 3.346775e-01
9650 2.853805e-01
9674 2.704697e-01
9818 2.681243e-01
9852 2.295641e-01
9967 2.175984e-01
9969 2.046452e-01
9981 2.000448e-01
10155 1.824783e-01
10314 1.330249e-01
10511 1.253436e-01
10528 1.193272e-01
10543 1.168360e-01
10547 1.019288e-01
10753 9.964413e-02
10809 9.723977e-02
10821 8.970220e-02
10851 6.917052e-02
10995 6.612002e-02
11103 6.549594e-02
11134 6.338293e-02
11224 6.309227e-02
11264 5.305314e-02
11503 4.859435e-02
11520 4.446829e-02
11692 4.176039e-02
11720 3.389558e-02
12007 3.109807e-02
12092 2.936575e-02
12172 2.823215e-02
12356 2.613384e-02
12588 2.523041e-02
12629 2.314503e-02
12690 2.232060e-02
12693 2.109201e-02
12863 2.025138e-02
12999 2.007450e-02
13019 1.919617e-02
13042 1.871383e-02
13058 1.665317e-02
13297 1.423073e-02
13982 1.413793e-02
14030 1.405723e-02
14068 1.389076e-02
14077 1.346088e-02
14112 1.331548e-02
14116 1.267685e-02
14388 1.248992e-02
14464 1.245655e-02
14508 1.152712e-02
14916 1.037933e-02
15122 1.037139e-02
15244 1.020082e-02
15307 9.023792e-03
15455 8.890879e-03
15787 8.522397e-03
15973 8.441524e-03
15999 8.417510e-03
16094 8.289082e-03
16153 7.803634e-03
16341 7.723010e-03
16365 7.507661e-03
16459 7.253858e-03
16546 7.163867e-03
16564 7.132076e-03
16675 7.128717e-03
16677 7.049765e-03
16694 6.991916e-03
16704 6.938968e-03
16724 6.650672e-03
16850 6.629591e-03
17251 6.434870e-03
17277 6.410566e-03
17307 6.225631e-03
17322 6.061163e-03
17380 5.747480e-03
17470 5.343848e-03
17704 5.332606e-03
17795 5.205121e-03
17812 5.015526e-03
18060 4.653670e-03
18218 4.487057e-03
18328 4.475163e-03
18336 4.415137e-03
18405 4.366185e-03
18488 4.352791e-03
18533 4.241246e-03
18622 4.217349e-03
18657 3.931502e-03
18790 3.834478e-03
18943 3.811142e-03
18974 3.794184e-03
18978 3.546519e-03
19078 3.462253e-03
19164 3.424730e-03
19178 3.301520e-03
19237 3.189885e-03
19296 3.185288e-03
19404 3.178815e-03
19432 3.150807e-03
19449 3.137643e-03
19485 3.107129e-03
19486 3.070878e-03
19491 3.045708e-03
19512 3.042618e-03
19534 3.008786e-03
19643 2.962393e-03
19644 2.960815e-03
19667 2.900295e-03
19680 2.899291e-03
19697 2.894468e-03
19703 2.854648e-03
19788 2.773930e-03
19920 2.743600e-03
19946 2.713573e-03
20054 2.621706e-03
20111 2.529274e-03
20278 2.519789e-03
20302 2.458203e-03
20397 2.436472e-03
20475 2.395566e-03
20501 2.346824e-03
20581 2.315348e-03
20604 2.305164e-03
20628 2.290487e-03
20664 2.273796e-03
20708 2.272942e-03
20826 2.268437e-03
20859 2.258229e-03
20866 2.246187e-03
20870 2.237256e-03
20893 2.196190e-03
20914 2.117246e-03
20949 2.100106e-03
20973 2.036123e-03
21012 2.025972e-03
21132 1.984658e-03
21288 1.858218e-03
21312 1.812383e-03
21316 1.789806e-03
21500 1.674506e-03
21604 1.639349e-03
21762 1.521874e-03
22148 1.414665e-03
22447 1.269861e-03
22471 1.203041e-03
22757 1.137626e-03
22823 1.109190e-03
22927 1.102666e-03
22935 1.013868e-03
22990 9.517414e-04
23458 9.257782e-04
23468 9.009634e-04
23477 9.004775e-04
23519 8.912509e-04
23617 8.716743e-04
23619 8.579675e-04
23645 8.350343e-04
23776 8.270549e-04
23777 7.944967e-04
23893 7.335413e-04
24309 6.473029e-04
24549 6.383263e-04
24722 6.337327e-04
24729 6.218754e-04
24778 5.895030e-04
24785 5.806198e-04
24845 5.724818e-04
24876 5.606311e-04
24998 5.414391e-04
25058 4.998621e-04
25356 4.885635e-04
25372 4.807716e-04
25383 4.719075e-04
25468 4.705493e-04
25527 4.536028e-04
25653 4.533611e-04
25724 4.460698e-04
25819 4.318343e-04
25853 4.285106e-04
25857 4.283187e-04
25994 4.177492e-04
26032 4.172937e-04
26111 3.820409e-04
26272 3.795538e-04
26407 3.704595e-04
26472 3.669776e-04
26534 3.604522e-04
26585 3.454341e-04
26711 3.246685e-04
26748 3.238879e-04
26861 3.232947e-04
26872 3.181733e-04
26931 3.122938e-04
26966 3.049496e-04
26983 3.002609e-04
27123 2.974246e-04
27160 2.960640e-04
27192 2.892715e-04
27232 2.775697e-04
27300 2.775196e-04
27485 2.552110e-04
27873 2.419334e-04
27982 2.320201e-04
28178 2.302161e-04
28262 2.201231e-04
28389 2.179362e-04
28496 1.985246e-04
28753 1.980579e-04
28906 1.928638e-04
29010 1.916679e-04
29023 1.886315e-04
29032 1.882729e-04
29109 1.808517e-04
29219 1.773902e-04
29445 1.743201e-04
29477 1.732688e-04
29637 1.656293e-04
29773 1.651274e-04
29914 1.632902e-04
29931 1.631326e-04
29987 1.614334e-04
29989 1.593622e-04
30026 1.585712e-04
30045 1.550456e-04
30049 1.530162e-04
30167 1.495951e-04
30231 1.490568e-04
30279 1.488854e-04
30281 1.485365e-04
30283 1.471179e-04
30305 1.448690e-04
30407 1.416627e-04
30628 1.400842e-04
30837 1.366695e-04
31000 1.346324e-04
31031 1.340148e-04
31108 1.324754e-04
31165 1.323096e-04
31206 1.322751e-04
31338 1.305664e-04
31366 1.303130e-04
31375 1.292388e-04
31388 1.269945e-04
31493 1.256798e-04
31512 1.251956e-04
31623 1.224913e-04
31658 1.206870e-04
31798 1.206091e-04
31846 1.176867e-04
31966 1.174740e-04
32005 1.168129e-04
32064 1.132196e-04
32097 1.118849e-04
32156 1.087347e-04
32462 1.081317e-04
32476 1.054812e-04
32494 1.042045e-04
32511 1.038768e-04
32717 1.034808e-04
32727 1.031309e-04
32774 9.725719e-05
32815 9.713737e-05
32864 9.666767e-05
32936 9.332933e-05
33070 9.311005e-05
33149 9.231604e-05
33199 8.832375e-05
33312 8.803758e-05
33350 8.721362e-05
33425 8.462136e-05
33671 8.459772e-05
33701 8.375742e-05
33747 8.282969e-05
33861 8.273202e-05
33899 8.142320e-05
33929 8.099325e-05
33992 7.934245e-05
34025 7.707217e-05
34069 7.686070e-05
34266 7.537455e-05
34291 7.515746e-05
34323 7.445828e-05
34330 7.369566e-05
34360 7.319548e-05
34389 7.259754e-05
34469 6.838326e-05
34622 6.798596e-05
34855 6.643842e-05
35036 6.367289e-05
35178 5.931641e-05
35362 5.831399e-05
35483 5.724647e-05
35581 5.615162e-05
35602 5.569402e-05
35655 5.429620e-05
35707 5.407864e-05
35779 5.393042e-05
35795 5.286200e-05
35799 5.189338e-05
35833 5.015966e-05
35905 4.920612e-05
35973 4.904135e-05
36069 4.811961e-05
36170 4.795671e-05
36191 4.593618e-05
36401 4.530521e-05
36423 4.321798e-05
36446 4.195202e-05
36635 4.187992e-05
36716 4.085253e-05
36804 3.972809e-05
36902 3.579394e-05
37120 3.497153e-05
37245 3.418130e-05
37279 3.296391e-05
37379 3.265531e-05
37452 3.264998e-05
37455 3.225766e-05
37490 3.159122e-05
37523 3.131460e-05
37530 3.123590e-05
37546 2.980938e-05
37662 2.955489e-05
37726 2.908381e-05
37752 2.868537e-05
37897 2.859335e-05
37902 2.811775e-05
37907 2.787136e-05
37987 2.715891e-05
38017 2.685687e-05
38024 2.648820e-05
38041 2.601209e-05
38274 2.555827e-05
38412 2.476116e-05
38413 2.392931e-05
38484 2.353305e-05
38503 2.275974e-05
38693 2.274363e-05
38740 2.268922e-05
38755 2.251031e-05
38766 2.223255e-05
38802 2.223090e-05
38843 2.218121e-05
38885 2.202289e-05
38914 2.173122e-05
38942 2.138811e-05
38966 2.083494e-05
39054 2.049785e-05
39068 2.013313e-05
39070 1.883872e-05
39244 1.870137e-05
39295 1.840718e-05
39315 1.789494e-05
39394 1.760047e-05
39469 1.689519e-05
39470 1.634098e-05
39649 1.597951e-05
39828 1.564606e-05
40024 1.523745e-05
40155 1.495194e-05
40223 1.469828e-05
40230 1.458527e-05
40371 1.431032e-05
40483 1.407112e-05
40538 1.360851e-05
40594 1.314258e-05
40777 1.292578e-05
40917 1.285785e-05
40939 1.277509e-05
40967 1.270301e-05
40996 1.246032e-05
41089 1.242948e-05
41117 1.236913e-05
41133 1.213596e-05
41297 1.184207e-05
41421 1.174676e-05
41468 1.162927e-05
41550 1.137434e-05
41671 1.133485e-05
41695 1.122015e-05
41736 1.100833e-05
41792 1.089410e-05
41838 1.083991e-05
41934 1.080989e-05
41936 1.062699e-05
42002 1.050799e-05
42085 1.012049e-05
42309 1.007453e-05
42313 9.921656e-06
42359 9.554907e-06
42430 9.196306e-06
42460 9.192120e-06
42512 9.008267e-06
42583 8.671213e-06
42647 8.669590e-06
42680 8.529859e-06
42713 8.390077e-06
42745 8.139669e-06
42812 8.088280e-06
42900 8.021390e-06
43005 7.856414e-06
43165 7.677986e-06
43266 7.656438e-06
43268 7.651325e-06
43271 7.489779e-06
43317 7.446863e-06
43355 7.350207e-06
43426 7.115521e-06
43631 7.087598e-06
43668 7.061338e-06
43814 7.008048e-06
43892 6.921391e-06
43935 6.842844e-06
44152 6.811403e-06
44217 6.780958e-06
44268 6.657313e-06
44347 6.614579e-06
44460 6.579387e-06
44497 6.526669e-06
44669 6.521430e-06
44753 6.477634e-06
44779 6.429408e-06
44805 6.398189e-06
44816 6.397038e-06
44830 6.388501e-06
44849 6.383123e-06
44867 6.370136e-06
44875 6.358842e-06
44913 6.330826e-06
44934 6.299860e-06
44997 6.259535e-06
132080 6.162011e-06
132141 6.123293e-06
132207 5.955715e-06
132329 5.848272e-06
132411 5.799427e-06
132424 5.706025e-06
132475 5.485283e-06
132535 5.404238e-06
132697 5.312443e-06
132870 5.273858e-06
132889 5.175049e-06
132942 5.111862e-06
132954 4.972799e-06
133052 4.897631e-06
133066 4.865273e-06
133098 4.745576e-06
133227 4.631244e-06
133238 4.577785e-06
133261 4.561012e-06
133335 4.529867e-06
133360 4.465675e-06
133476 4.382336e-06
133496 4.349071e-06
133574 4.319463e-06
133594 4.298819e-06
133615 4.187669e-06
133629 4.158509e-06
133638 4.021942e-06
133796 3.931320e-06
133895 3.811450e-06
134180 3.738103e-06
134187 3.659718e-06
134199 3.621682e-06
134218 3.492485e-06
134317 3.492299e-06
134464 3.298573e-06
134620 3.272962e-06
134749 3.107861e-06
134908 3.085172e-06
134911 2.972879e-06
134950 2.959887e-06
135005 2.920767e-06
135102 2.888553e-06
135115 2.858437e-06
135141 2.820443e-06
135290 2.727481e-06
135427 2.710701e-06
135472 2.704697e-06
135477 2.670260e-06
135577 2.626833e-06
135640 2.624161e-06
135647 2.560603e-06
135658 2.558694e-06
135689 2.556460e-06
135924 2.541389e-06
135949 2.502907e-06
136157 2.494446e-06
136238 2.487113e-06
136240 2.445287e-06
136287 2.411302e-06
136310 2.398330e-06
136387 2.379218e-06
136509 2.364406e-06
136520 2.357446e-06
136571 2.345245e-06
136712 2.328058e-06
136783 2.282074e-06
136863 2.278224e-06
136982 2.236571e-06
137010 2.228721e-06
137070 2.188945e-06
137173 2.145497e-06
137391 2.140513e-06
137406 2.131699e-06
137445 2.090086e-06
137579 2.078745e-06
137614 2.066589e-06
137617 2.015467e-06
137660 1.996840e-06
137887 1.968990e-06
137891 1.963456e-06
137898 1.920461e-06
137934 1.913965e-06
137951 1.842606e-06
138079 1.834880e-06
138202 1.802196e-06
138229 1.776017e-06
138338 1.686787e-06
138436 1.665821e-06
138499 1.620527e-06
138532 1.564582e-06
138533 1.500565e-06
138540 1.450739e-06
138683 1.420882e-06
138903 1.353492e-06
138917 1.340577e-06
138920 1.330414e-06
138958 1.306196e-06
139091 1.266395e-06
139271 1.190296e-06
139615 1.173065e-06
139653 1.168195e-06
139685 1.165489e-06
139721 1.162698e-06
139725 1.114036e-06
140179 1.100118e-06
140369 1.090938e-06
140472 1.087261e-06
140479 1.084139e-06
140482 1.074801e-06
140637 1.065118e-06
140718 1.064413e-06
140744 1.051280e-06
140895 1.045055e-06
141074 1.040346e-06
141141 1.035483e-06
141195 1.031621e-06
141290 1.023628e-06
141309 1.018210e-06
141314 1.007230e-06
141436 1.007075e-06
141528 9.961710e-07
141569 9.812879e-07
141835 9.700074e-07
141887 9.648441e-07
141903 9.645188e-07
141928 9.629940e-07
141959 9.574644e-07
141972 9.401067e-07
142073 9.380030e-07
142079 9.169574e-07
142161 9.067838e-07
142354 8.931023e-07
142516 8.822157e-07
142517 8.807180e-07
142537 8.771201e-07
142607 8.649324e-07
142675 8.614281e-07
142705 8.450163e-07
142711 8.403025e-07
142713 8.259752e-07
142780 8.250541e-07
142815 8.155969e-07
142880 8.071688e-07
142904 8.063157e-07
142921 7.879043e-07
142922 7.863067e-07
142966 7.666376e-07
143025 7.645937e-07
143055 7.603855e-07
143122 7.497864e-07
143156 7.138917e-07
143230 7.116564e-07
143443 6.930263e-07
143557 6.911993e-07
143581 6.850120e-07
143618 6.782385e-07
143631 6.429387e-07
143753 6.390918e-07
143755 6.362751e-07
143759 6.267952e-07
143836 6.247045e-07
143961 6.072561e-07
144004 5.987495e-07
144099 5.794685e-07
144147 5.700405e-07
144224 5.523049e-07
144354 5.522838e-07
144399 5.515920e-07
144403 5.485946e-07
144450 5.394565e-07
144468 5.310153e-07
144524 5.218439e-07
144564 5.217749e-07
144670 5.181152e-07
144690 5.133752e-07
144806 5.087730e-07
144878 5.017046e-07
144885 5.004031e-07
144889 4.937388e-07
144996 4.832374e-07
145087 4.821123e-07
145112 4.660057e-07
145164 4.641581e-07
145280 4.590689e-07
145300 4.509227e-07
145306 4.399621e-07
145405 4.380343e-07
145497 4.274746e-07
145524 4.243616e-07
145692 4.059314e-07
145703 3.918973e-07
146039 3.828188e-07
146047 3.743839e-07
146061 3.726934e-07
146174 3.651614e-07
146220 3.604209e-07
146225 3.581524e-07
146306 3.428382e-07
146414 3.415186e-07
146476 3.387967e-07
146479 3.370132e-07
146490 3.246145e-07
146556 3.209379e-07
146628 3.041302e-07
146883 2.908911e-07
146935 2.845610e-07
146966 2.833286e-07
146988 2.784727e-07
147071 2.777103e-07
147141 2.711351e-07
147150 2.673408e-07
147225 2.508638e-07
147612 2.484862e-07
147681 2.446598e-07
147689 2.404600e-07
147705 2.380967e-07
147716 2.296596e-07
147794 2.171905e-07
147900 2.133373e-07
147990 2.108653e-07
148058 2.090323e-07
148234 2.073268e-07
148252 2.039390e-07
148256 1.975210e-07
148312 1.953641e-07
148406 1.872988e-07
148434 1.863824e-07
148447 1.698321e-07
148730 1.677709e-07
148786 1.623640e-07
148888 1.576849e-07
148942 1.542735e-07
149010 1.510182e-07
149089 1.457886e-07
149117 1.389968e-07
149177 1.342539e-07
149293 1.339706e-07
149459 1.321758e-07
149493 1.261194e-07
149694 1.253497e-07
149737 1.222416e-07
149753 1.220820e-07
149754 1.212158e-07
149785 1.202693e-07
149851 1.173282e-07
149857 1.148410e-07
149891 1.138534e-07
149930 1.128009e-07
149982 1.121232e-07
149993 1.118482e-07
150002 1.084117e-07
150008 1.076910e-07
150011 1.060138e-07
150101 1.044094e-07
150256 9.739545e-08
150402 9.155752e-08
150498 9.115576e-08
150632 9.030922e-08
150720 8.880778e-08
150743 8.585158e-08
150845 8.294261e-08
150894 8.120736e-08
150950 7.996393e-08
151003 7.974802e-08
151032 7.671835e-08
151074 7.167015e-08
151164 7.152476e-08
151295 7.097457e-08
151346 7.086604e-08
151367 7.057381e-08
151406 6.577494e-08
151412 6.438154e-08
151424 6.347918e-08
151600 6.219624e-08
151672 5.712745e-08
151837 5.527421e-08
151867 5.458252e-08
151932 5.360235e-08
151986 5.155019e-08
152048 5.095824e-08
152256 4.959262e-08
152298 4.917993e-08
152308 4.781035e-08
152422 4.695428e-08
152431 4.622884e-08
152474 4.451984e-08
152641 4.415884e-08
152656 4.308184e-08
152745 4.184674e-08
152843 4.156237e-08
152901 4.131600e-08
152904 4.118956e-08
152932 4.073371e-08
152981 4.001025e-08
152995 3.921096e-08
153023 3.845658e-08
153251 3.814004e-08
153541 3.796941e-08
153551 3.755812e-08
153557 3.495641e-08
153625 3.474124e-08
153664 3.316511e-08
153777 3.290605e-08
153830 3.255222e-08
153843 3.220800e-08
153921 3.207233e-08
153977 3.183859e-08
153988 3.143127e-08
154057 3.134637e-08
154102 3.114155e-08
154126 3.108413e-08
154152 3.103514e-08
154186 3.087736e-08
154203 3.052846e-08
154204 3.038464e-08
154260 3.016225e-08
154511 3.006917e-08
154553 3.003259e-08
154655 2.971502e-08
154659 2.962788e-08
154778 2.947279e-08
154806 2.926366e-08
154857 2.914253e-08
154967 2.911768e-08
155083 2.896200e-08
155279 2.893958e-08
155291 2.876314e-08
155374 2.843164e-08
155546 2.838549e-08
155577 2.830232e-08
155647 2.829233e-08
155667 2.811222e-08
155684 2.799108e-08
155823 2.758947e-08
155960 2.754966e-08
156016 2.725154e-08
156155 2.704068e-08
156336 2.699114e-08
156357 2.692300e-08
156372 2.663796e-08
156443 2.663787e-08
156531 2.662430e-08
156549 2.661159e-08
156566 2.659248e-08
156583 2.650783e-08
156634 2.640909e-08
156793 2.623321e-08
156899 2.600651e-08
156922 2.583510e-08
157019 2.573219e-08
157074 2.571083e-08
157082 2.556025e-08
157126 2.548495e-08
157154 2.544294e-08
157196 2.539617e-08
157241 2.531126e-08
157293 2.527861e-08
157310 2.511236e-08
157329 2.505334e-08
157417 2.497209e-08
157422 2.477361e-08
157500 2.475120e-08
157680 2.471243e-08
157683 2.452560e-08
157720 2.432524e-08
157723 2.432006e-08
157767 2.422912e-08
157801 2.417261e-08
157847 2.408978e-08
157858 2.399859e-08
157892 2.388260e-08
157919 2.383501e-08
158074 2.337077e-08
158255 2.330179e-08
158258 2.308607e-08
158301 2.302379e-08
158338 2.293874e-08
158382 2.286573e-08
158411 2.282746e-08
158472 2.272555e-08
158486 2.242727e-08
158589 2.238009e-08
158626 2.217640e-08
158691 2.209014e-08
158708 2.190658e-08
158832 2.126941e-08
159090 2.111633e-08
159161 2.103757e-08
159177 2.082954e-08
159243 2.072690e-08
159293 2.064820e-08
159336 2.054254e-08
159444 2.054081e-08
159490 2.036578e-08
159540 2.029456e-08
159562 2.011422e-08
159664 1.990112e-08
159701 1.979892e-08
159732 1.971704e-08
159736 1.968413e-08
159746 1.956617e-08
159777 1.915832e-08
160225 1.915300e-08
160238 1.908021e-08
160275 1.886089e-08
160350 1.872962e-08
160492 1.859371e-08
160518 1.856892e-08
160567 1.849386e-08
160655 1.838280e-08
160708 1.836871e-08
160716 1.825684e-08
160768 1.822325e-08
160872 1.819656e-08
160888 1.819554e-08
160891 1.811456e-08
160892 1.808019e-08
160921 1.805668e-08
161005 1.799014e-08
161053 1.797295e-08
161100 1.790233e-08
161111 1.787500e-08
161221 1.781843e-08
161231 1.779221e-08
161265 1.777542e-08
161322 1.766759e-08
161429 1.764466e-08
161452 1.754517e-08
161543 1.752350e-08
161611 1.749630e-08
161753 1.749381e-08
161775 1.742125e-08
161826 1.732793e-08
161837 1.731452e-08
161931 1.726261e-08
161961 1.713432e-08
162056 1.708637e-08
162057 1.706467e-08
162144 1.672106e-08
162364 1.671428e-08
162382 1.670413e-08
162417 1.669847e-08
162421 1.659666e-08
162472 1.653346e-08
162553 1.650886e-08
162564 1.617589e-08
162770 1.613101e-08
162795 1.600644e-08
162869 1.595300e-08
162907 1.578856e-08
162910 1.578068e-08
163127 1.557426e-08
163167 1.545173e-08
163190 1.529187e-08
163293 1.500775e-08
163349 1.485303e-08
163419 1.480610e-08
163532 1.476165e-08
163550 1.468088e-08
163551 1.417570e-08
163689 1.393727e-08
163839 1.387725e-08
163841 1.387302e-08
163938 1.321620e-08
164025 1.306988e-08
164044 1.302037e-08
164153 1.284761e-08
164307 1.263983e-08
164350 1.237137e-08
164709 1.213378e-08
164731 1.181708e-08
164785 1.079841e-08
164979 1.053066e-08
165056 9.922914e-09
265832 9.300268e-09
