1 3.738604e+05
3 2.870067e+05
7 1.443816e+05
17 1.113954e+05
22 6.062160e+04
119 5.378183e+04
213 5.263877e+04
335 2.178358e+04
507 1.819983e+04
531 1.651539e+04
591 1.194208e+04
714 1.164742e+04
764 9.145522e+03
784 9.061748e+03
829 8.289532e+03
838 5.898776e+03
867 5.620217e+03
984 4.605113e+03
1033 3.559810e+03
1117 3.278431e+03
1164 3.177507e+03
1226 2.884839e+03
1232 2.878959e+03
1296 1.901636e+03
1381 1.838419e+03
1431 1.614271e+03
1616 1.553507e+03
1858 1.537437e+03
1868 9.769527e+02
2302 9.653646e+02
2336 9.089556e+02
2362 8.481045e+02
2440 8.212224e+02
2448 7.336633e+02
2475 6.996699e+02
2561 6.943375e+02
2567 6.833540e+02
2588 6.724424e+02
2605 6.691542e+02
2671 6.379209e+02
2700 5.051907e+02
2946 4.996675e+02
3059 4.697484e+02
3193 4.314817e+02
3209 3.905504e+02
3250 3.888715e+02
3284 3.879691e+02
3312 3.762195e+02
3325 3.693146e+02
3329 3.492036e+02
3394 3.258103e+02
3426 2.667055e+02
3534 2.407268e+02
3684 2.349271e+02
3689 2.101843e+02
3785 2.026495e+02
3803 1.911506e+02
3916 1.811533e+02
4040 1.799289e+02
4075 1.694380e+02
4147 1.617470e+02
4150 1.555420e+02
4206 1.540746e+02
4266 1.459302e+02
4381 1.449758e+02
4531 1.426819e+02
4603 1.326333e+02
4679 1.298537e+02
4721 1.295353e+02
4860 1.253373e+02
4889 1.232987e+02
4895 1.219640e+02
4902 1.193771e+02
4996 1.167208e+02
5044 1.087997e+02
5174 1.043747e+02
5223 1.027786e+02
5254 1.010976e+02
5314 9.594981e+01
5524 9.008785e+01
5581 8.793335e+01
5594 8.509029e+01
5600 8.094549e+01
5691 8.035610e+01
5728 7.931549e+01
5751 7.912901e+01
5761 7.756535e+01
5763 7.589512e+01
5803 6.755225e+01
5887 6.603350e+01
5892 6.220129e+01
6044 5.994631e+01
6128 5.908018e+01
6151 5.581445e+01
6270 4.936445e+01
6349 4.741856e+01
6391 4.484282e+01
6460 4.162635e+01
6471 4.072510e+01
6647 3.973440e+01
6708 3.707417e+01
6806 3.270315e+01
6908 3.183993e+01
6945 2.956553e+01
6974 2.715726e+01
6989 2.697049e+01
7101 2.467973e+01
7170 2.331656e+01
7204 2.302510e+01
7216 2.077592e+01
7330 2.006601e+01
7370 1.850200e+01
7545 1.774652e+01
7592 1.695149e+01
7607 1.671747e+01
7725 1.538908e+01
7739 1.357786e+01
7754 1.310254e+01
7914 1.189641e+01
7964 9.382133e+00
7993 9.178916e+00
8103 8.883169e+00
8168 8.826843e+00
8179 8.778585e+00
8182 8.691161e+00
8218 8.285434e+00
8233 8.269478e+00
8244 7.684813e+00
8258 6.926338e+00
8413 6.618731e+00
8417 6.298950e+00
8436 5.761403e+00
8470 5.611471e+00
8492 3.210298e+00
8691 3.141652e+00
8700 2.592845e+00
8907 1.964139e+00
9001 1.947233e+00
9053 1.648560e+00
9206 1.588414e+00
9280 1.538773e+00
9299 1.517784e+00
9334 1.515344e+00
9367 1.351058e+00
9403 1.198199e+00
9460 1.052267e+00
9623 9.505064e-01
9674 9.218255e-01
9719 7.342246e-01
9837 7.031900e-01
9911 5.821321e-01
9948 5.172856e-01
10163 4.565659e-01
10196 4.293767e-01
10199 4.280989e-01
10276 3.898181e-01
10298 3.163543e-01
10474 3.115755e-01
10543 2.638305e-01
10699 2.607972e-01
10700 2.603458e-01
10732 2.413856e-01
10790 2.399827e-01
10821 2.201705e-01
10871 2.118912e-01
10905 1.948187e-01
11196 1.940933e-01
11207 1.617760e-01
11251 1.580179e-01
11293 1.510905e-01
11352 1.223882e-01
11475 1.112450e-01
11861 1.085752e-01
11867 1.052185e-01
11879 1.029400e-01
11999 8.923288e-02
12070 8.695595e-02
12266 8.691530e-02
12339 8.349051e-02
12434 7.812589e-02
12451 7.394970e-02
12488 7.173115e-02
12561 7.092605e-02
12585 7.090251e-02
12601 6.072304e-02
12705 5.248726e-02
12902 5.116766e-02
13068 4.959383e-02
13260 4.683983e-02
13262 4.443379e-02
13378 4.325009e-02
13381 4.305592e-02
13410 4.071609e-02
13480 3.857301e-02
13535 3.769888e-02
13713 3.754818e-02
13731 3.254282e-02
13785 3.021208e-02
13980 2.894667e-02
14159 2.741518e-02
14203 2.636771e-02
14408 2.610553e-02
14472 2.508096e-02
14542 2.489682e-02
14545 2.299099e-02
14571 2.161805e-02
14836 2.050827e-02
14864 2.048775e-02
14936 2.047919e-02
14963 2.047116e-02
14965 2.022628e-02
14974 1.949158e-02
15031 1.881264e-02
15154 1.821302e-02
15191 1.752930e-02
15297 1.725480e-02
15387 1.648609e-02
15479 1.602439e-02
15481 1.587791e-02
15505 1.541716e-02
15705 1.522407e-02
15736 1.517782e-02
15761 1.487188e-02
15895 1.464857e-02
15924 1.453444e-02
15953 1.414424e-02
15984 1.377600e-02
15994 1.323589e-02
16064 1.296341e-02
16220 1.294910e-02
16224 1.292109e-02
16232 1.289592e-02
16238 1.271032e-02
16303 1.205380e-02
16386 1.187925e-02
16444 1.154238e-02
16450 1.137703e-02
16457 1.127594e-02
16475 1.098471e-02
16687 1.098139e-02
16691 1.086373e-02
16704 1.009263e-02
16837 9.521208e-03
16902 9.501217e-03
16960 9.243976e-03
17462 9.038070e-03
17615 8.484961e-03
17624 8.427825e-03
17639 7.928010e-03
17675 7.922613e-03
17759 7.727145e-03
17808 7.421682e-03
17834 6.757125e-03
18145 6.612675e-03
18227 6.318665e-03
18344 6.289834e-03
18369 6.104919e-03
18602 5.950090e-03
18945 5.783051e-03
18973 5.660269e-03
19190 5.634049e-03
19222 5.292317e-03
19257 5.192649e-03
19499 5.113842e-03
19508 5.100568e-03
19582 5.097165e-03
19643 4.973086e-03
19670 4.911759e-03
19709 4.895919e-03
19722 4.735333e-03
19778 4.730809e-03
19779 4.613399e-03
19798 4.586515e-03
19952 4.510350e-03
19991 4.500963e-03
20011 4.399975e-03
20089 4.393698e-03
20102 4.277699e-03
20255 4.207793e-03
20322 4.165006e-03
20440 3.945203e-03
20727 3.903930e-03
20754 3.803648e-03
20910 3.797078e-03
20918 3.740816e-03
20952 3.687539e-03
21017 3.675459e-03
21058 3.527143e-03
21179 3.516889e-03
21208 3.505283e-03
21317 3.464706e-03
21383 3.451110e-03
21437 3.407984e-03
21492 3.400063e-03
21504 3.281469e-03
21528 3.057952e-03
21760 3.051072e-03
21779 3.050524e-03
21847 3.010164e-03
21900 3.004327e-03
21930 2.962157e-03
21994 2.930540e-03
22068 2.850208e-03
22163 2.841310e-03
22194 2.801679e-03
22229 2.714119e-03
22361 2.706837e-03
22379 2.666213e-03
22463 2.661362e-03
22505 2.600491e-03
22610 2.590712e-03
22675 2.569593e-03
22777 2.542051e-03
22788 2.513530e-03
22852 2.512061e-03
22987 2.490649e-03
23138 2.458977e-03
23155 2.423579e-03
23183 2.366561e-03
23595 2.348336e-03
23649 2.230886e-03
23668 2.229690e-03
23731 2.209232e-03
23947 2.100261e-03
24077 2.083122e-03
24125 2.072719e-03
24376 1.994793e-03
24478 1.930036e-03
24486 1.914184e-03
24560 1.913344e-03
24647 1.893791e-03
24669 1.824287e-03
24704 1.714032e-03
24885 1.643371e-03
25062 1.595720e-03
25148 1.568784e-03
25213 1.550465e-03
25325 1.524473e-03
25344 1.498702e-03
25388 1.489397e-03
25422 1.486550e-03
25494 1.468150e-03
25513 1.459152e-03
25583 1.458928e-03
25600 1.410527e-03
25659 1.396390e-03
25693 1.378045e-03
25712 1.356128e-03
25771 1.339982e-03
25908 1.318659e-03
25910 1.316268e-03
25924 1.295137e-03
25965 1.268810e-03
26032 1.241167e-03
26129 1.240457e-03
26148 1.206715e-03
26175 1.188465e-03
26324 1.160397e-03
26502 1.146484e-03
26540 1.145011e-03
26543 1.139906e-03
26564 1.120688e-03
26598 1.118480e-03
26686 1.092228e-03
26712 1.079098e-03
26835 1.074253e-03
26836 1.051186e-03
27016 1.019937e-03
27092 9.648637e-04
27249 9.576922e-04
27258 9.564741e-04
27265 9.248692e-04
27458 9.154888e-04
27528 9.055426e-04
27538 9.002327e-04
27569 8.840578e-04
27597 8.241799e-04
27660 8.236664e-04
27694 7.916066e-04
27722 7.335443e-04
27780 7.196430e-04
27906 7.114625e-04
28019 6.941072e-04
28154 6.825646e-04
28155 6.703885e-04
28180 6.338234e-04
28218 6.250934e-04
28231 6.200869e-04
28368 5.851345e-04
28383 5.545203e-04
28481 5.423351e-04
28526 5.356258e-04
28547 5.194151e-04
28627 4.518004e-04
28755 4.418917e-04
28862 4.372351e-04
28928 4.097692e-04
29122 3.786621e-04
29251 3.572623e-04
29464 3.487289e-04
29577 3.412954e-04
29638 3.274684e-04
29676 3.144154e-04
29812 3.141077e-04
29828 2.968075e-04
29993 2.837983e-04
30183 2.788762e-04
30272 2.707294e-04
30276 2.688718e-04
30331 2.671476e-04
30351 2.637427e-04
30352 2.505998e-04
30419 2.502726e-04
30432 2.475926e-04
30524 2.304011e-04
30565 2.300472e-04
30576 2.288771e-04
30704 2.254171e-04
30714 2.200772e-04
30754 2.157621e-04
30757 2.088765e-04
30798 2.068242e-04
30952 2.034831e-04
31068 1.981899e-04
31070 1.953373e-04
31143 1.906313e-04
31168 1.886265e-04
31200 1.856608e-04
31219 1.808774e-04
31316 1.786779e-04
31318 1.764050e-04
31403 1.718311e-04
31420 1.644997e-04
31712 1.567937e-04
32168 1.553361e-04
32245 1.541545e-04
32281 1.518075e-04
32387 1.513601e-04
32549 1.497789e-04
32670 1.486668e-04
32713 1.468995e-04
32795 1.467116e-04
32815 1.463234e-04
32876 1.454393e-04
32921 1.449237e-04
32952 1.445814e-04
33019 1.422329e-04
33050 1.419422e-04
33085 1.408493e-04
33183 1.392625e-04
33199 1.389975e-04
33277 1.369612e-04
33343 1.353953e-04
33448 1.349254e-04
33461 1.309880e-04
33626 1.294640e-04
33635 1.283437e-04
33771 1.267968e-04
33827 1.252309e-04
33874 1.237905e-04
33905 1.230745e-04
33919 1.227940e-04
33936 1.207067e-04
33996 1.183502e-04
34010 1.178307e-04
34102 1.169829e-04
34131 1.123430e-04
34200 1.109600e-04
34309 1.089050e-04
34314 1.069615e-04
34368 1.021077e-04
34478 9.779920e-05
34481 9.777749e-05
34507 9.750787e-05
34660 9.606939e-05
34665 9.482391e-05
34674 9.347658e-05
34822 8.953665e-05
34901 8.936352e-05
34986 8.546809e-05
35040 8.119724e-05
35069 8.053007e-05
35169 7.646281e-05
35265 7.473579e-05
35270 7.404180e-05
35347 6.784633e-05
35411 6.568127e-05
35670 6.415942e-05
35776 6.353397e-05
35866 6.335259e-05
35891 6.326177e-05
35911 6.246794e-05
35928 6.239547e-05
35930 6.106413e-05
35981 6.037343e-05
36076 5.956590e-05
36165 5.948429e-05
36166 5.928174e-05
36179 5.735922e-05
36183 5.669284e-05
36201 5.562108e-05
36313 5.349430e-05
36334 5.296014e-05
36419 5.229773e-05
36469 5.199149e-05
36523 5.070962e-05
36542 4.885991e-05
36582 4.878692e-05
36677 4.810621e-05
36764 4.790103e-05
36766 4.753478e-05
36789 4.731158e-05
36828 4.675622e-05
36878 4.501077e-05
36915 4.386715e-05
37116 4.386478e-05
37169 4.333245e-05
37192 4.242506e-05
37309 4.152553e-05
37526 4.127382e-05
37636 4.124116e-05
37654 4.113495e-05
37662 4.041646e-05
37731 3.916819e-05
37804 3.826722e-05
38085 3.818966e-05
38126 3.756115e-05
38172 3.688998e-05
38212 3.651302e-05
38306 3.621728e-05
38356 3.583109e-05
38484 3.482600e-05
38558 3.454813e-05
38639 3.362759e-05
38782 3.338652e-05
38900 3.304964e-05
38946 3.278010e-05
38978 3.262177e-05
38993 3.215423e-05
39043 3.188543e-05
39116 3.148227e-05
39157 3.129249e-05
39210 3.125272e-05
39246 3.103161e-05
39325 3.080035e-05
39337 3.047384e-05
39435 3.037674e-05
39543 3.036622e-05
39558 3.016642e-05
39569 2.970978e-05
39594 2.950671e-05
39833 2.864640e-05
39916 2.846137e-05
39967 2.844955e-05
40003 2.833449e-05
40010 2.828356e-05
40066 2.811144e-05
40289 2.790119e-05
40324 2.723772e-05
40405 2.713156e-05
40409 2.707670e-05
40443 2.701191e-05
40476 2.692170e-05
40487 2.679054e-05
40501 2.667601e-05
40503 2.656374e-05
40550 2.620931e-05
40668 2.618226e-05
40792 2.572491e-05
40910 2.548302e-05
40937 2.540793e-05
40984 2.538792e-05
40994 2.507320e-05
41014 2.500611e-05
41032 2.499122e-05
41107 2.489601e-05
41130 2.489129e-05
41249 2.478432e-05
41286 2.438698e-05
41375 2.417481e-05
41478 2.390655e-05
41633 2.377537e-05
41648 2.317548e-05
41716 2.309825e-05
41758 2.302353e-05
41780 2.299205e-05
41806 2.264280e-05
41812 2.241657e-05
41821 2.213064e-05
41939 2.171137e-05
42113 2.134430e-05
42204 2.107401e-05
42234 2.063610e-05
42384 1.967941e-05
42446 1.965049e-05
42610 1.951758e-05
42620 1.928486e-05
42694 1.875307e-05
42894 1.790746e-05
43255 1.744690e-05
43455 1.739888e-05
43479 1.690089e-05
43636 1.609496e-05
43670 1.591263e-05
43761 1.585466e-05
43800 1.562757e-05
43955 1.493324e-05
44068 1.492360e-05
44128 1.471105e-05
44182 1.468937e-05
44250 1.453615e-05
44299 1.430597e-05
44393 1.423012e-05
44430 1.385484e-05
44598 1.347241e-05
44808 1.324864e-05
44838 1.308156e-05
44864 1.293235e-05
44965 1.242288e-05
134876 1.240977e-05
135041 1.227891e-05
135048 1.210033e-05
135065 1.207382e-05
135135 1.199155e-05
135155 1.190664e-05
135172 1.178310e-05
135210 1.167156e-05
135319 1.161917e-05
135335 1.154704e-05
135358 1.131719e-05
135434 1.114884e-05
135561 1.096571e-05
135643 1.093041e-05
135660 1.089145e-05
135689 1.080657e-05
135700 1.056538e-05
135718 1.054128e-05
135726 1.028042e-05
135842 1.015883e-05
135938 9.679338e-06
136102 9.508669e-06
136170 9.482736e-06
136199 9.387623e-06
136201 9.186009e-06
136240 8.727249e-06
136273 8.569672e-06
136496 8.517526e-06
136507 8.224390e-06
136566 7.908872e-06
136671 7.884096e-06
136871 7.163030e-06
136955 6.862839e-06
137113 6.829365e-06
137164 6.368876e-06
137348 6.314801e-06
137359 6.265108e-06
137413 6.199059e-06
137527 6.193333e-06
137612 6.138020e-06
137619 6.106314e-06
137625 5.911929e-06
137684 5.880515e-06
137694 5.778085e-06
137806 5.687809e-06
137926 5.659753e-06
138086 5.639303e-06
138095 5.614129e-06
138097 5.611275e-06
138104 5.454637e-06
138130 5.437393e-06
138135 5.402477e-06
138142 5.383194e-06
138202 5.288636e-06
138295 5.279369e-06
138297 5.179997e-06
138322 4.916940e-06
138434 4.905560e-06
138591 4.870569e-06
138609 4.668645e-06
138746 4.555534e-06
138876 4.518541e-06
138887 4.491449e-06
139022 4.423214e-06
139076 4.366048e-06
139108 4.321526e-06
139151 3.994417e-06
139267 3.990652e-06
139341 3.843702e-06
139429 3.709447e-06
139634 3.598050e-06
139768 3.592655e-06
139796 3.559511e-06
139844 3.498264e-06
139886 3.405557e-06
139944 3.315707e-06
140100 3.260295e-06
140336 3.204541e-06
140375 3.191349e-06
140424 3.117426e-06
140521 3.113922e-06
140564 3.110133e-06
140575 3.102758e-06
140590 3.079047e-06
140607 3.051483e-06
140781 2.962970e-06
140804 2.946529e-06
140836 2.918680e-06
140888 2.867698e-06
140982 2.857403e-06
140991 2.852990e-06
141004 2.842555e-06
141012 2.834273e-06
141045 2.819964e-06
141066 2.819806e-06
141070 2.749323e-06
141147 2.726441e-06
141183 2.722591e-06
141255 2.669152e-06
141349 2.662339e-06
141353 2.617946e-06
141363 2.570916e-06
141514 2.512804e-06
141563 2.512201e-06
141620 2.464217e-06
141749 2.459128e-06
141811 2.411854e-06
141882 2.399293e-06
141958 2.361282e-06
141964 2.349453e-06
141983 2.318621e-06
142058 2.303648e-06
142186 2.280973e-06
142264 2.238147e-06
142294 2.201551e-06
142519 2.172822e-06
142596 2.137746e-06
142717 2.104614e-06
142725 2.099351e-06
142798 2.084135e-06
142849 2.038612e-06
142917 2.035554e-06
142966 2.001309e-06
143032 1.998996e-06
143109 1.952420e-06
143241 1.949183e-06
143292 1.937167e-06
143437 1.925981e-06
143592 1.916043e-06
143658 1.910876e-06
143669 1.900794e-06
143722 1.895850e-06
143730 1.874341e-06
143732 1.858408e-06
143860 1.844022e-06
143943 1.842945e-06
143968 1.838008e-06
143995 1.837580e-06
143997 1.823919e-06
144044 1.811403e-06
144302 1.805111e-06
144305 1.803193e-06
144343 1.793512e-06
144369 1.782368e-06
144489 1.780912e-06
144508 1.749523e-06
144715 1.742550e-06
144732 1.733416e-06
144837 1.731115e-06
144858 1.717780e-06
144898 1.708867e-06
145006 1.706824e-06
145007 1.705892e-06
145077 1.699003e-06
145142 1.679214e-06
145229 1.662621e-06
145230 1.661105e-06
145273 1.652656e-06
145341 1.651795e-06
145342 1.647667e-06
145372 1.641318e-06
145386 1.636551e-06
145394 1.629511e-06
145494 1.624469e-06
145495 1.613797e-06
145578 1.611814e-06
145731 1.595050e-06
145781 1.581442e-06
145851 1.575428e-06
146032 1.574157e-06
146041 1.565418e-06
146053 1.560791e-06
146071 1.532027e-06
146142 1.526830e-06
146190 1.508462e-06
146208 1.500382e-06
146255 1.487953e-06
146342 1.474941e-06
146364 1.460015e-06
146540 1.408289e-06
146702 1.403360e-06
146731 1.358711e-06
146756 1.356841e-06
146816 1.340627e-06
146860 1.320854e-06
146909 1.316969e-06
146910 1.300898e-06
146998 1.289361e-06
147009 1.272101e-06
147110 1.245212e-06
147284 1.226791e-06
147314 1.204153e-06
147365 1.195131e-06
147375 1.177917e-06
147442 1.165680e-06
147562 1.157590e-06
147651 1.153188e-06
147655 1.144418e-06
147723 1.135552e-06
147747 1.127607e-06
147818 1.118370e-06
147867 1.117143e-06
147907 1.113872e-06
147938 1.109753e-06
147939 1.104642e-06
148020 1.100110e-06
148052 1.086720e-06
148133 1.086622e-06
148145 1.080778e-06
148155 1.068749e-06
148177 1.055548e-06
148318 1.047445e-06
148330 1.046240e-06
148381 1.045607e-06
148384 1.039100e-06
148394 1.034736e-06
148395 1.033820e-06
148490 1.027907e-06
148668 1.016056e-06
148692 1.011847e-06
148729 1.011522e-06
148742 1.004653e-06
148770 1.000360e-06
148836 9.888388e-07
148942 9.759667e-07
149061 9.652827e-07
149114 9.518913e-07
149251 9.507754e-07
149288 9.302225e-07
149321 9.255615e-07
149524 9.151243e-07
149634 9.065263e-07
149909 8.980425e-07
150000 8.950776e-07
150005 8.914636e-07
150076 8.821301e-07
150143 8.722427e-07
150182 8.612159e-07
150305 8.592932e-07
150357 8.587146e-07
150398 8.549840e-07
150436 8.485031e-07
150437 8.410159e-07
150490 8.336874e-07
150562 8.270614e-07
150797 8.251433e-07
150811 8.163124e-07
150834 8.140261e-07
150870 8.132803e-07
150880 8.105691e-07
150927 7.981543e-07
151001 7.967679e-07
151086 7.959569e-07
151100 7.931338e-07
151117 7.842714e-07
151251 7.794849e-07
151283 7.710904e-07
151420 7.704342e-07
151474 7.502497e-07
151535 7.500022e-07
151772 7.479992e-07
151779 7.452557e-07
151816 7.282249e-07
151907 7.234055e-07
151962 7.219061e-07
152023 7.153173e-07
152161 7.149541e-07
152183 7.079161e-07
152192 7.048667e-07
152219 6.990136e-07
152239 6.959963e-07
152247 6.940896e-07
152260 6.924798e-07
152290 6.747890e-07
152588 6.708935e-07
152671 6.634604e-07
152707 6.585935e-07
152798 6.578712e-07
152969 6.558991e-07
153012 6.555447e-07
153056 6.497336e-07
153085 6.415248e-07
153148 6.354799e-07
153232 6.348632e-07
153239 6.329130e-07
153257 6.260143e-07
153263 6.259449e-07
153345 6.237133e-07
153390 6.200459e-07
153465 6.196316e-07
153497 6.184813e-07
153539 6.102805e-07
153813 6.100965e-07
153843 6.084731e-07
153870 6.062795e-07
153933 6.018252e-07
153940 6.000322e-07
154084 5.933604e-07
154278 5.917746e-07
154309 5.886084e-07
154354 5.880068e-07
154429 5.878243e-07
154463 5.821774e-07
154502 5.805478e-07
154556 5.804600e-07
154583 5.787632e-07
154624 5.754357e-07
154667 5.744234e-07
154698 5.691945e-07
154704 5.654972e-07
154945 5.637166e-07
155043 5.617760e-07
155143 5.601789e-07
155174 5.568678e-07
155204 5.526759e-07
155277 5.426740e-07
155404 5.387981e-07
155423 5.319943e-07
155598 5.315938e-07
155607 5.204814e-07
155678 4.971344e-07
155799 4.954616e-07
155968 4.954261e-07
156069 4.833318e-07
156107 4.820762e-07
156227 4.783755e-07
156308 4.735015e-07
156352 4.724222e-07
156355 4.607658e-07
156455 4.372531e-07
156536 4.280671e-07
156612 4.105336e-07
156747 4.046922e-07
156756 3.903821e-07
156772 3.900640e-07
156914 3.810104e-07
156991 3.785788e-07
157035 3.722115e-07
157053 3.694670e-07
157055 3.589356e-07
157104 3.547726e-07
157107 3.458159e-07
157176 3.269108e-07
157341 3.021992e-07
157471 2.818258e-07
157626 2.808174e-07
157678 2.736511e-07
157708 2.732809e-07
157723 2.689313e-07
157732 2.607275e-07
157746 2.594602e-07
157762 2.589761e-07
157835 2.575358e-07
157859 2.574425e-07
158012 2.514699e-07
158015 2.447355e-07
158070 2.419051e-07
158087 2.380216e-07
158114 2.237328e-07
158211 2.191004e-07
158233 2.109043e-07
158244 2.035818e-07
158276 2.013615e-07
158339 1.990320e-07
158355 1.857642e-07
158466 1.836661e-07
158576 1.759523e-07
158664 1.666001e-07
158734 1.664504e-07
158823 1.625742e-07
158860 1.604349e-07
158862 1.604222e-07
158876 1.513714e-07
158926 1.505071e-07
158968 1.467658e-07
159032 1.424196e-07
159096 1.410665e-07
159137 1.401742e-07
159160 1.388997e-07
159178 1.363965e-07
159201 1.328336e-07
159291 1.319124e-07
159352 1.243869e-07
159384 1.205961e-07
159446 1.190761e-07
159648 1.124459e-07
160012 1.081521e-07
160067 1.050686e-07
160275 9.432283e-08
160289 8.572801e-08
160451 8.443117e-08
160526 8.054280e-08
160570 7.465831e-08
160697 7.374824e-08
160833 7.253414e-08
160848 6.658336e-08
160872 6.078772e-08
161120 5.758393e-08
161123 5.410139e-08
161251 5.397388e-08
161269 5.197520e-08
161286 5.068182e-08
161356 4.821896e-08
161361 4.794697e-08
161369 4.730391e-08
161418 4.718589e-08
161473 4.674779e-08
161515 4.659684e-08
161524 4.654651e-08
161625 4.589028e-08
161626 4.548166e-08
161664 4.435480e-08
161687 4.136427e-08
161923 4.044596e-08
161977 4.000659e-08
162108 3.901786e-08
162219 3.873893e-08
162233 3.857280e-08
162274 3.838340e-08
162301 3.801090e-08
162415 3.783423e-08
162438 3.737440e-08
162498 3.720310e-08
162506 3.634585e-08
162529 3.630002e-08
162621 3.626599e-08
162648 3.575818e-08
162787 3.570511e-08
162788 3.536191e-08
162801 3.532519e-08
163049 3.472981e-08
163190 3.427320e-08
163491 3.426477e-08
163494 3.371120e-08
163600 3.359775e-08
163611 3.354438e-08
163678 3.321626e-08
163731 3.320052e-08
163827 3.319272e-08
163848 3.319111e-08
163891 3.318040e-08
163894 3.306407e-08
163928 3.295712e-08
163963 3.281559e-08
163980 3.270022e-08
164064 3.266507e-08
164186 3.243239e-08
164400 3.238449e-08
164409 3.227143e-08
164452 3.225872e-08
164461 3.214507e-08
164497 3.212873e-08
164595 3.209019e-08
164606 3.199582e-08
164674 3.199030e-08
164702 3.195104e-08
164732 3.195048e-08
164785 3.193169e-08
164791 3.186773e-08
164900 3.183468e-08
164977 3.181954e-08
164996 3.179692e-08
165003 3.179211e-08
165006 3.171685e-08
165012 3.169911e-08
165045 3.168021e-08
165063 3.163480e-08
165131 3.162011e-08
165132 3.155936e-08
165165 3.150493e-08
165198 3.146391e-08
165229 3.141575e-08
165486 3.121186e-08
165512 3.119592e-08
165598 3.113065e-08
165610 3.099376e-08
165791 3.091423e-08
165852 3.089623e-08
165864 3.081363e-08
165929 3.064331e-08
165935 3.061220e-08
165982 3.054527e-08
166054 3.040863e-08
166116 3.037727e-08
166129 3.036963e-08
166140 3.031804e-08
166143 3.011661e-08
166144 3.011188e-08
166236 2.993377e-08
166289 2.976769e-08
166329 2.945985e-08
166484 2.945217e-08
166523 2.942902e-08
166547 2.928971e-08
166556 2.924765e-08
166660 2.910815e-08
166689 2.908059e-08
166737 2.902658e-08
166755 2.897599e-08
166759 2.896147e-08
166829 2.893224e-08
166856 2.889457e-08
166936 2.851631e-08
166997 2.830645e-08
167063 2.828770e-08
167112 2.772584e-08
167289 2.754545e-08
167317 2.747838e-08
167341 2.738199e-08
167378 2.675736e-08
167556 2.642611e-08
167598 2.628939e-08
167622 2.619450e-08
167766 2.576013e-08
167986 2.571611e-08
168001 2.492792e-08
168012 2.385294e-08
168195 2.363335e-08
168241 2.346240e-08
168281 2.200938e-08
168461 2.192348e-08
168512 2.149312e-08
168533 2.096843e-08
168701 2.077530e-08
168733 2.067644e-08
168739 2.045811e-08
168764 2.043206e-08
168781 1.984232e-08
168853 1.974608e-08
168861 1.942655e-08
168903 1.894350e-08
169013 1.829313e-08
169106 1.828309e-08
169109 1.825993e-08
169131 1.735647e-08
169336 1.683773e-08
169409 1.677492e-08
169416 1.613407e-08
169464 1.594864e-08
169569 1.523750e-08
169689 1.516968e-08
169749 1.454121e-08
169779 1.383126e-08
169913 1.375661e-08
169980 1.355440e-08
170004 1.322561e-08
170039 1.285411e-08
170074 1.269207e-08
170075 1.206812e-08
170119 1.172539e-08
170211 1.109745e-08
170316 1.050554e-08
170328 1.044690e-08
170346 1.038499e-08
170482 9.835327e-09
268315 9.126170e-09
