1 5.635414e+05
2 1.496290e+05
4 1.279324e+05
17 5.777629e+04
140 3.958143e+04
194 3.773487e+04
254 3.470121e+04
330 2.558431e+04
568 2.064567e+04
612 1.631248e+04
707 1.037967e+04
880 7.949119e+03
930 6.792049e+03
1040 5.526416e+03
1089 5.301306e+03
1223 4.818927e+03
1240 4.225234e+03
1300 3.359804e+03
1442 2.825796e+03
1473 2.815253e+03
1478 2.777749e+03
1630 2.639372e+03
1631 2.457570e+03
1633 2.159600e+03
1667 2.079135e+03
1707 1.908482e+03
1739 1.838137e+03
1770 1.565017e+03
1820 1.478050e+03
1860 1.434076e+03
1878 1.429204e+03
2012 1.300751e+03
2061 1.199227e+03
2174 1.174183e+03
2211 1.161057e+03
2241 1.156126e+03
2260 1.114116e+03
2279 1.035666e+03
2314 1.001922e+03
2320 9.583782e+02
2323 8.435285e+02
2357 8.036563e+02
2417 7.987639e+02
2418 7.541694e+02
2441 7.515175e+02
2467 7.317661e+02
2471 7.090087e+02
2549 5.686518e+02
2590 5.663082e+02
2863 5.097378e+02
2906 4.844359e+02
2974 4.227732e+02
3072 4.008936e+02
3082 3.747952e+02
3155 3.480401e+02
3243 3.465190e+02
3304 3.393047e+02
3331 3.349321e+02
3332 3.193149e+02
3397 2.890141e+02
3404 2.751534e+02
3500 2.580365e+02
3550 2.429864e+02
3632 2.043346e+02
3694 1.882219e+02
3800 1.880756e+02
3839 1.822940e+02
3852 1.778822e+02
3854 1.636016e+02
4114 1.605590e+02
4123 1.581754e+02
4157 1.560734e+02
4244 1.549005e+02
4259 1.538884e+02
4267 1.523581e+02
4281 1.500278e+02
4291 1.491606e+02
4316 1.472994e+02
4318 1.429678e+02
4354 1.390215e+02
4447 1.351099e+02
4469 1.345182e+02
4497 1.332493e+02
4532 1.327341e+02
4538 1.297245e+02
4581 1.268788e+02
4765 1.260664e+02
4787 1.204960e+02
4801 1.201033e+02
4975 1.081584e+02
5136 1.061249e+02
5191 9.756471e+01
5352 9.673335e+01
5451 9.502367e+01
5493 9.406335e+01
5504 7.629725e+01
5712 7.616893e+01
5719 7.061685e+01
5799 6.510077e+01
5981 6.145764e+01
6008 6.014384e+01
6070 5.569211e+01
6183 5.312514e+01
6189 5.145408e+01
6313 5.136033e+01
6327 4.551515e+01
6414 4.386768e+01
6423 4.225401e+01
6487 4.175377e+01
6517 4.079016e+01
6550 3.931044e+01
6561 3.460171e+01
6582 3.437750e+01
6594 3.176888e+01
6669 3.112511e+01
6720 2.803790e+01
6811 2.630071e+01
6866 2.624043e+01
6934 2.371469e+01
7018 2.330369e+01
7068 2.178975e+01
7092 1.885180e+01
7233 1.573872e+01
7368 1.539992e+01
7382 1.422881e+01
7399 1.317437e+01
7423 1.268376e+01
7461 1.232786e+01
7469 1.220779e+01
7535 1.066355e+01
7573 1.051156e+01
7582 9.963535e+00
7687 9.314823e+00
7703 8.851803e+00
7704 8.771663e+00
7720 8.459765e+00
7825 7.195448e+00
7917 6.096608e+00
8020 5.609469e+00
8120 4.851132e+00
8207 3.710722e+00
8392 3.366494e+00
8427 2.908412e+00
8541 2.609154e+00
8631 2.181464e+00
8651 2.145287e+00
8685 2.135091e+00
8698 2.096185e+00
8726 2.092443e+00
8755 1.751433e+00
8770 1.659798e+00
8790 1.330955e+00
8904 9.513756e-01
9108 9.148834e-01
9128 8.913751e-01
9251 8.667850e-01
9290 7.641446e-01
9298 5.992000e-01
9528 5.696721e-01
9614 4.544132e-01
9642 4.186424e-01
9863 3.716827e-01
9958 3.545455e-01
10091 3.199728e-01
10156 3.105452e-01
10253 3.056798e-01
10258 2.753949e-01
10262 2.676202e-01
10263 2.478132e-01
10379 2.247932e-01
10828 1.957586e-01
10834 1.924596e-01
10847 1.260456e-01
11147 1.249560e-01
11151 1.084316e-01
11231 8.084172e-02
11704 7.904728e-02
11776 7.076105e-02
11835 6.595246e-02
11886 6.573256e-02
11955 6.393863e-02
12008 5.714300e-02
12107 5.586690e-02
12241 5.432573e-02
12302 5.190139e-02
12361 4.940287e-02
12379 4.873671e-02
12407 4.283014e-02
12497 4.190621e-02
12606 3.981141e-02
13012 3.544239e-02
13340 3.392717e-02
13378 3.309163e-02
13505 3.125362e-02
13589 3.109914e-02
13672 3.030125e-02
13772 3.017763e-02
13792 2.962962e-02
13830 2.791178e-02
14007 2.787237e-02
14118 2.733672e-02
14120 2.567893e-02
14173 2.520592e-02
14226 2.414227e-02
14282 2.357686e-02
14452 2.121672e-02
14623 2.072647e-02
14653 2.034206e-02
14667 2.000515e-02
15011 1.855054e-02
15048 1.811790e-02
15067 1.789684e-02
15095 1.703899e-02
15185 1.689541e-02
15318 1.435131e-02
15497 1.406949e-02
15509 1.265891e-02
15762 1.221178e-02
15895 1.085590e-02
16116 1.044107e-02
16401 1.002896e-02
16436 9.588385e-03
16469 9.423447e-03
16601 8.590227e-03
16674 8.342009e-03
16712 8.107076e-03
16801 7.811984e-03
16861 7.577352e-03
16934 7.214815e-03
17151 7.031239e-03
17200 6.938680e-03
17299 6.722232e-03
17315 6.659031e-03
17376 6.646896e-03
17408 6.306645e-03
17410 6.306478e-03
17496 6.206608e-03
17557 6.125060e-03
17647 5.768919e-03
17756 5.642963e-03
17882 5.522617e-03
17993 5.442484e-03
18108 5.309326e-03
18152 4.974596e-03
18173 4.946759e-03
18248 4.765893e-03
18433 4.687820e-03
18475 4.499078e-03
18580 4.103437e-03
18728 3.875266e-03
18891 3.807596e-03
18981 3.710870e-03
19044 3.566123e-03
19131 3.541649e-03
19161 3.372957e-03
19211 3.148246e-03
19294 3.092637e-03
19418 3.003404e-03
19442 2.965196e-03
19617 2.896740e-03
19841 2.879708e-03
19874 2.799343e-03
19966 2.678143e-03
20003 2.617239e-03
20177 2.607177e-03
20180 2.519562e-03
20201 2.515838e-03
20253 2.447860e-03
20296 2.415717e-03
20375 2.399174e-03
20385 2.330489e-03
20470 2.325774e-03
20474 2.303921e-03
20506 2.239320e-03
20514 2.204859e-03
20622 2.198988e-03
20699 2.000822e-03
20804 1.995850e-03
21207 1.892784e-03
21243 1.861551e-03
21295 1.774181e-03
21367 1.755814e-03
21406 1.752535e-03
21412 1.738343e-03
21444 1.732117e-03
21491 1.716583e-03
21521 1.574086e-03
21604 1.534425e-03
21649 1.512488e-03
21754 1.464742e-03
21865 1.449537e-03
21882 1.438564e-03
21903 1.428486e-03
21906 1.410200e-03
21914 1.367865e-03
21971 1.363774e-03
21988 1.331731e-03
22045 1.331422e-03
22050 1.318894e-03
22087 1.292418e-03
22128 1.213771e-03
22152 1.205849e-03
22319 1.160918e-03
22410 1.072046e-03
22526 1.053877e-03
22645 9.159307e-04
22726 9.114117e-04
23017 9.045796e-04
23041 8.757862e-04
23094 8.570122e-04
23164 8.174605e-04
23216 7.599375e-04
23557 7.491570e-04
23592 7.294212e-04
23634 7.055203e-04
23646 6.769053e-04
23900 6.427527e-04
24055 6.192918e-04
24075 6.183853e-04
24082 6.088876e-04
24107 6.067192e-04
24118 5.883840e-04
24162 5.743393e-04
24273 5.679379e-04
24369 5.152286e-04
24711 5.009178e-04
24845 4.928886e-04
24868 4.824184e-04
25015 4.801532e-04
25021 4.689196e-04
25072 4.673537e-04
25096 4.531398e-04
25115 4.463957e-04
25173 4.438392e-04
25228 4.233350e-04
25279 4.189620e-04
25304 4.129500e-04
25448 4.120472e-04
25464 4.027010e-04
25520 3.983391e-04
25578 3.894841e-04
25699 3.855618e-04
25740 3.788043e-04
25801 3.783942e-04
25827 3.764141e-04
25846 3.675774e-04
25859 3.588752e-04
26055 3.524922e-04
26113 3.523102e-04
26215 3.405670e-04
26496 3.315317e-04
26567 3.312484e-04
26635 3.222690e-04
26758 3.187764e-04
26760 3.123056e-04
26887 3.115012e-04
27038 3.066339e-04
27175 3.032692e-04
27253 3.012246e-04
27286 2.965301e-04
27292 2.916067e-04
27361 2.909816e-04
27414 2.883205e-04
27458 2.880352e-04
27522 2.848002e-04
27537 2.815222e-04
27656 2.805159e-04
27719 2.764222e-04
27759 2.763984e-04
27763 2.731353e-04
27872 2.717911e-04
27985 2.683452e-04
28049 2.676270e-04
28200 2.641617e-04
28256 2.629129e-04
28297 2.559933e-04
28500 2.535454e-04
28509 2.497676e-04
28648 2.477864e-04
28723 2.472632e-04
28744 2.458616e-04
28763 2.424110e-04
28880 2.382742e-04
28958 2.349949e-04
29029 2.319694e-04
29126 2.310458e-04
29159 2.247871e-04
29216 2.198602e-04
29397 2.188718e-04
29545 2.159108e-04
29585 2.139986e-04
29586 2.132637e-04
29612 2.111731e-04
29674 2.098455e-04
29699 2.097148e-04
29746 2.088251e-04
29806 2.075504e-04
29816 2.028349e-04
29831 2.012522e-04
29911 1.991291e-04
29954 1.961580e-04
30065 1.934113e-04
30141 1.888229e-04
30280 1.847185e-04
30502 1.786957e-04
30510 1.779579e-04
30633 1.727503e-04
30760 1.724413e-04
30768 1.689954e-04
30846 1.648366e-04
30886 1.633898e-04
30928 1.583045e-04
31125 1.581116e-04
31129 1.568250e-04
31138 1.565702e-04
31210 1.539919e-04
31225 1.531938e-04
31292 1.520093e-04
31345 1.509753e-04
31369 1.505774e-04
31401 1.433742e-04
31457 1.433334e-04
31605 1.338660e-04
31661 1.313106e-04
31792 1.295029e-04
31802 1.272557e-04
31859 1.221819e-04
32014 1.173427e-04
32158 1.171848e-04
32212 1.121056e-04
32273 1.113805e-04
32354 1.083461e-04
32469 1.065904e-04
32473 1.039165e-04
32507 1.029597e-04
32622 1.025928e-04
32624 1.019382e-04
32643 1.008381e-04
32688 9.991952e-05
32695 9.873607e-05
32771 9.800082e-05
32829 9.777140e-05
32841 9.729468e-05
32879 9.605994e-05
32900 9.513333e-05
32924 9.366344e-05
32960 9.329049e-05
33043 9.290687e-05
33044 9.052894e-05
33100 8.956796e-05
33292 8.824379e-05
33337 8.802330e-05
33441 8.799589e-05
33452 8.751107e-05
33453 8.343865e-05
33705 8.294885e-05
33715 8.278882e-05
33721 8.246383e-05
33731 8.096952e-05
33832 7.859381e-05
33872 7.776543e-05
33919 7.435725e-05
34051 7.374662e-05
34086 7.212512e-05
34284 7.179430e-05
34305 7.005322e-05
34395 6.664470e-05
34677 6.428544e-05
34786 6.161886e-05
34959 6.151556e-05
34968 6.006901e-05
35033 5.886496e-05
35066 5.883474e-05
35171 5.875731e-05
35219 5.822563e-05
35301 5.818983e-05
35310 5.798553e-05
35313 5.672567e-05
35350 5.652956e-05
35383 5.447717e-05
35441 5.289861e-05
35557 5.160528e-05
35679 5.130140e-05
35693 4.936550e-05
35982 4.935047e-05
36032 4.801606e-05
36051 4.671914e-05
36311 4.529709e-05
36632 4.424355e-05
36739 4.372823e-05
36865 4.369481e-05
36895 4.343666e-05
36946 4.304295e-05
36965 4.287753e-05
37024 4.286437e-05
37048 4.228580e-05
37196 4.186150e-05
37208 4.154140e-05
37292 4.023348e-05
37447 4.009081e-05
37676 3.995453e-05
37718 3.966174e-05
37770 3.893817e-05
37779 3.855797e-05
37894 3.826763e-05
37913 3.792405e-05
37950 3.778972e-05
37980 3.743506e-05
38096 3.737565e-05
38161 3.613473e-05
38454 3.579747e-05
38457 3.418592e-05
38508 3.407471e-05
38584 3.385957e-05
38724 3.384019e-05
38725 3.377960e-05
38770 3.274214e-05
38855 3.264654e-05
38902 3.123782e-05
38961 3.100025e-05
38985 3.078444e-05
39067 3.078237e-05
39109 3.059447e-05
39264 2.982448e-05
39321 2.942489e-05
39411 2.909376e-05
39565 2.747274e-05
39789 2.745668e-05
39916 2.711759e-05
39959 2.678041e-05
40042 2.673418e-05
40081 2.668970e-05
40104 2.664237e-05
40112 2.647431e-05
40185 2.589462e-05
40207 2.579713e-05
40262 2.572159e-05
40312 2.566846e-05
40317 2.564389e-05
40322 2.534423e-05
40418 2.507008e-05
40511 2.501545e-05
40513 2.494854e-05
40515 2.441773e-05
40681 2.368578e-05
40836 2.345873e-05
40858 2.332858e-05
40966 2.277478e-05
41019 2.268415e-05
41108 2.211963e-05
41148 2.186939e-05
41315 2.170938e-05
41360 2.168226e-05
41386 2.113981e-05
41458 2.101520e-05
41482 2.081023e-05
41490 2.075861e-05
41527 1.971325e-05
41594 1.953389e-05
41700 1.931260e-05
41701 1.927377e-05
41735 1.904073e-05
41777 1.897481e-05
41813 1.852625e-05
41820 1.821815e-05
41883 1.771117e-05
42154 1.740151e-05
42207 1.704707e-05
42313 1.645761e-05
42343 1.573060e-05
42507 1.546326e-05
42541 1.538602e-05
42561 1.526602e-05
42565 1.488378e-05
42804 1.475549e-05
42859 1.444586e-05
42863 1.424923e-05
42939 1.365568e-05
43028 1.342306e-05
43117 1.338417e-05
43208 1.293003e-05
43246 1.289626e-05
43255 1.244464e-05
43277 1.206106e-05
43588 1.189393e-05
43636 1.187575e-05
43640 1.186883e-05
43649 1.181975e-05
43659 1.177631e-05
43673 1.161518e-05
43690 1.152686e-05
43706 1.112416e-05
43893 1.102044e-05
43922 1.097394e-05
43953 1.090854e-05
44016 1.085641e-05
44049 1.066205e-05
44136 1.051885e-05
44204 9.975548e-06
44247 9.942801e-06
44312 9.928452e-06
44415 9.599178e-06
44508 9.304620e-06
44605 9.304036e-06
44649 9.300820e-06
44667 8.853007e-06
44779 8.613817e-06
44816 8.606337e-06
44959 8.513019e-06
130828 8.366100e-06
130945 8.259028e-06
131033 8.123623e-06
131055 8.056857e-06
131078 7.920275e-06
131143 7.915286e-06
131168 7.780413e-06
131238 7.738993e-06
131273 7.710321e-06
131285 7.676874e-06
131336 7.544645e-06
131348 7.498333e-06
131382 7.417516e-06
131415 7.323207e-06
131447 7.303551e-06
131495 7.109719e-06
131667 7.107269e-06
131697 6.924008e-06
131853 6.650923e-06
132414 6.594901e-06
132456 6.550857e-06
132477 6.518464e-06
132537 6.399972e-06
132596 6.351503e-06
132598 6.307698e-06
132757 6.203680e-06
132774 6.190201e-06
132841 6.071033e-06
132877 6.065609e-06
132889 6.063495e-06
132896 5.971308e-06
132944 5.923304e-06
133089 5.797973e-06
133176 5.756623e-06
133178 5.692065e-06
133247 5.684462e-06
133313 5.349332e-06
133432 5.277960e-06
133525 5.208531e-06
133537 5.198697e-06
133729 4.927598e-06
133770 4.855084e-06
133902 4.827125e-06
133960 4.804888e-06
133967 4.755967e-06
133990 4.755525e-06
134003 4.693595e-06
134143 4.550834e-06
134174 4.373095e-06
134193 4.341357e-06
134317 4.276220e-06
134343 4.087120e-06
134400 4.075737e-06
134478 4.054406e-06
134529 3.944843e-06
134637 3.884341e-06
134660 3.508107e-06
135133 3.460719e-06
135173 3.226435e-06
135234 3.174590e-06
135270 3.153662e-06
135292 3.061899e-06
135388 2.941070e-06
135455 2.929163e-06
135473 2.911640e-06
135531 2.879176e-06
135638 2.786483e-06
135662 2.779791e-06
135671 2.746039e-06
135720 2.741194e-06
135740 2.628619e-06
135752 2.616593e-06
135770 2.529310e-06
135848 2.492752e-06
135956 2.395120e-06
136275 2.286140e-06
136452 2.266623e-06
136480 2.244202e-06
136510 2.241340e-06
136514 2.189402e-06
136616 2.180426e-06
136717 2.122493e-06
136882 2.120389e-06
136894 2.079629e-06
137069 1.945659e-06
137300 1.940451e-06
137336 1.909718e-06
137455 1.886552e-06
137456 1.878265e-06
137464 1.876386e-06
137575 1.867968e-06
137619 1.857635e-06
137646 1.845370e-06
137673 1.835174e-06
137689 1.806009e-06
137746 1.803243e-06
137763 1.784009e-06
137776 1.754404e-06
137868 1.744384e-06
137982 1.716346e-06
138088 1.699145e-06
138338 1.695126e-06
138356 1.671628e-06
138448 1.656218e-06
138768 1.636491e-06
138813 1.622685e-06
138874 1.610710e-06
138946 1.610616e-06
139003 1.592252e-06
139048 1.574730e-06
139099 1.554902e-06
139217 1.552562e-06
139283 1.545580e-06
139353 1.542938e-06
139417 1.534323e-06
139449 1.530522e-06
139453 1.510400e-06
139560 1.498120e-06
139795 1.497258e-06
139879 1.490598e-06
139888 1.487690e-06
139892 1.486743e-06
139950 1.485603e-06
139972 1.475682e-06
140020 1.471431e-06
140045 1.467823e-06
140117 1.451604e-06
140189 1.440117e-06
140337 1.430214e-06
140515 1.427744e-06
140577 1.422077e-06
140582 1.418683e-06
140631 1.410948e-06
140633 1.408632e-06
140687 1.405716e-06
140701 1.398646e-06
140772 1.393681e-06
140786 1.389558e-06
140940 1.388612e-06
140947 1.379754e-06
140986 1.371133e-06
140993 1.367979e-06
141032 1.364803e-06
141043 1.352009e-06
141091 1.340624e-06
141382 1.339109e-06
141392 1.331098e-06
141524 1.329721e-06
141551 1.325613e-06
141590 1.284025e-06
141593 1.281996e-06
141640 1.281963e-06
141790 1.272542e-06
141805 1.265766e-06
141819 1.261503e-06
141834 1.257520e-06
141935 1.254684e-06
141937 1.250091e-06
142073 1.247810e-06
142088 1.233358e-06
142143 1.214820e-06
142180 1.207556e-06
142372 1.182647e-06
142418 1.150215e-06
142654 1.106087e-06
142834 1.092951e-06
142844 1.079837e-06
142868 1.065348e-06
142979 1.064930e-06
142995 1.050793e-06
143027 1.040111e-06
143031 1.022757e-06
143060 1.005793e-06
143111 9.949956e-07
143183 9.938749e-07
143287 9.653308e-07
143575 9.558535e-07
143618 9.253955e-07
143687 9.200929e-07
143833 9.118375e-07
143897 9.100058e-07
143911 8.858845e-07
144098 8.828765e-07
144117 8.816534e-07
144150 8.811762e-07
144182 8.634415e-07
144217 8.467025e-07
144407 8.361170e-07
144417 8.200925e-07
144533 8.058499e-07
144656 7.836182e-07
144703 7.822223e-07
144788 7.674213e-07
144837 7.644709e-07
144939 7.628267e-07
145097 7.583106e-07
145119 7.547299e-07
145193 7.450288e-07
145216 7.335179e-07
145238 7.210831e-07
145275 6.797533e-07
145519 6.546325e-07
145659 6.509085e-07
145731 6.281684e-07
145831 6.246150e-07
145901 6.154158e-07
145937 6.120176e-07
145948 6.000131e-07
146083 5.979611e-07
146129 5.766406e-07
146269 5.743655e-07
146272 5.734288e-07
146293 5.512063e-07
146427 5.500754e-07
146512 5.239401e-07
146719 5.119069e-07
146801 5.004880e-07
146811 4.979352e-07
146887 4.956429e-07
146979 4.911609e-07
147035 4.906007e-07
147136 4.472789e-07
147320 4.344150e-07
147436 4.135797e-07
147479 4.004890e-07
147598 3.947976e-07
147657 3.833063e-07
147674 3.816771e-07
147730 3.427913e-07
148022 3.420465e-07
148062 3.319285e-07
148125 3.119522e-07
148210 3.069682e-07
148224 3.031399e-07
148258 2.984876e-07
148306 2.966548e-07
148309 2.960235e-07
148341 2.959153e-07
148362 2.905380e-07
148370 2.616462e-07
148595 2.567512e-07
148602 2.452112e-07
148703 2.444561e-07
148720 2.421300e-07
148785 2.303719e-07
148858 2.081620e-07
148881 2.048180e-07
149097 1.938365e-07
149257 1.935621e-07
149382 1.868672e-07
149417 1.688873e-07
149595 1.679669e-07
149624 1.647867e-07
149731 1.587225e-07
149770 1.575860e-07
149815 1.531492e-07
149844 1.512053e-07
149891 1.500967e-07
150053 1.498258e-07
150076 1.441347e-07
150190 1.396717e-07
150387 1.386125e-07
150475 1.357527e-07
150572 1.321316e-07
150661 1.304728e-07
150811 1.248192e-07
151085 1.241407e-07
151131 1.227006e-07
151267 1.224882e-07
151284 1.224853e-07
151327 1.220480e-07
151419 1.218474e-07
151425 1.205223e-07
151549 1.201304e-07
151565 1.186291e-07
151761 1.178882e-07
151841 1.178870e-07
151869 1.175718e-07
151888 1.173365e-07
151937 1.162427e-07
152061 1.160348e-07
152127 1.156491e-07
152195 1.155788e-07
152263 1.145117e-07
152391 1.136828e-07
152457 1.128086e-07
152542 1.109630e-07
152771 1.091450e-07
152932 1.087389e-07
152944 1.074074e-07
153039 1.068812e-07
153061 1.067113e-07
153091 1.059463e-07
153190 1.050598e-07
153262 1.043155e-07
153316 1.019563e-07
153402 1.008216e-07
153452 9.927013e-08
153686 9.684821e-08
153740 9.671887e-08
153796 9.606183e-08
153906 9.215309e-08
153912 8.974337e-08
153962 8.869447e-08
153990 8.765000e-08
154154 8.622391e-08
154325 8.594626e-08
154339 8.575631e-08
154517 8.274625e-08
154626 8.048736e-08
154776 7.938020e-08
154846 7.918030e-08
154990 7.597198e-08
155070 7.388265e-08
155101 7.367032e-08
155122 7.124636e-08
155283 7.098995e-08
155284 6.989334e-08
155371 6.927586e-08
155378 6.892827e-08
155413 6.797991e-08
155456 6.783038e-08
155484 6.701793e-08
155489 6.602190e-08
155507 6.521907e-08
155523 6.487621e-08
155532 6.421710e-08
155563 6.380268e-08
155570 6.377658e-08
155582 6.247097e-08
155685 5.979720e-08
155690 5.735809e-08
155706 5.640387e-08
155739 5.598659e-08
155896 5.549203e-08
155979 5.477311e-08
156042 5.086132e-08
156081 5.063352e-08
156096 5.051034e-08
156099 4.719016e-08
156188 4.212426e-08
156473 4.000275e-08
156485 3.830846e-08
156616 3.769411e-08
156652 3.605353e-08
156768 3.512984e-08
156773 3.215476e-08
157081 3.150919e-08
157158 3.082763e-08
157189 2.925307e-08
157215 2.675835e-08
157330 2.574006e-08
157513 2.568120e-08
157555 2.480828e-08
157604 2.296951e-08
157620 2.151119e-08
157900 2.124877e-08
157986 2.106426e-08
157999 2.048041e-08
158015 1.991138e-08
158052 1.985717e-08
158065 1.966316e-08
158138 1.965438e-08
158167 1.930588e-08
158219 1.819792e-08
158232 1.815961e-08
158269 1.803203e-08
158347 1.630216e-08
158668 1.628359e-08
158707 1.615541e-08
158770 1.571643e-08
158850 1.549743e-08
158919 1.537696e-08
158942 1.503600e-08
159004 1.502460e-08
159037 1.493016e-08
159101 1.464348e-08
159161 1.463161e-08
159211 1.459067e-08
159314 1.421825e-08
159386 1.417340e-08
159511 1.402946e-08
159573 1.395606e-08
159604 1.387658e-08
159807 1.387236e-08
159811 1.363484e-08
159979 1.361850e-08
159997 1.358347e-08
160013 1.350995e-08
160064 1.350853e-08
160072 1.327262e-08
160143 1.308217e-08
160318 1.306108e-08
160361 1.299834e-08
160373 1.293909e-08
160501 1.286617e-08
160527 1.276049e-08
160646 1.250509e-08
160767 1.250003e-08
160845 1.244338e-08
160960 1.229201e-08
160995 1.217859e-08
161005 1.212992e-08
161107 1.212946e-08
161126 1.210520e-08
161161 1.204651e-08
161185 1.195944e-08
161188 1.195782e-08
161223 1.181412e-08
161422 1.172768e-08
161458 1.164830e-08
161563 1.157903e-08
161576 1.155826e-08
161742 1.128207e-08
161754 1.126303e-08
161889 1.118645e-08
162033 1.102303e-08
162191 1.100068e-08
162227 1.095377e-08
162232 1.088760e-08
162249 1.074271e-08
162416 1.047437e-08
162494 1.041788e-08
162651 1.033784e-08
162701 1.026240e-08
162736 1.020477e-08
162854 1.018257e-08
162891 9.905206e-09
260661 9.641994e-09
