1 3.668515e+03
7 2.962342e+03
136 2.821681e+03
209 2.589284e+03
450 2.440831e+03
488 2.264259e+03
544 2.134184e+03
830 2.013577e+03
1579 1.344078e+03
3827 1.315892e+03
3914 1.312367e+03
3926 1.179717e+03
3939 1.164315e+03
3943 7.211327e+02
3967 5.914179e+02
4310 5.823990e+02
4330 5.494595e+02
4340 5.235746e+02
4352 4.937481e+02
4378 4.899264e+02
4388 4.094964e+02
4468 4.068428e+02
4554 4.037075e+02
4624 3.678086e+02
4671 3.505196e+02
4730 3.379544e+02
4767 3.321031e+02
4823 3.245221e+02
4871 3.170172e+02
5000 3.056664e+02
5058 3.045168e+02
5107 2.998895e+02
5113 2.962092e+02
5186 2.952837e+02
5301 2.946989e+02
5316 2.912553e+02
5326 2.911610e+02
5331 2.911173e+02
5334 2.909573e+02
5343 2.908095e+02
5348 2.897652e+02
5379 2.891665e+02
5482 2.884728e+02
5489 2.883019e+02
5498 2.880254e+02
5534 2.873106e+02
5655 2.869874e+02
5701 2.867351e+02
5731 2.866883e+02
5762 2.866469e+02
5765 2.866208e+02
5784 2.865319e+02
5811 2.865268e+02
5831 2.865171e+02
5842 2.864382e+02
5899 2.863680e+02
5917 2.863439e+02
6009 2.863382e+02
6016 2.863324e+02
6043 2.863233e+02
6133 2.863209e+02
6148 2.863105e+02
6331 2.863092e+02
6360 2.863085e+02
6403 2.863080e+02
6417 2.863078e+02
6420 2.863073e+02
6438 2.863065e+02
6536 2.863065e+02
6586 2.863064e+02
6593 2.863064e+02
6616 2.863064e+02
6621 2.863063e+02
6628 2.863062e+02
6637 2.863062e+02
6643 2.863062e+02
6655 2.863061e+02
6727 2.863061e+02
6804 2.863060e+02
6839 2.863060e+02
6903 2.863060e+02
7001 2.863060e+02
7013 2.863060e+02
7137 2.863060e+02
7145 2.863060e+02
7154 2.863060e+02
7187 2.863060e+02
7190 2.863060e+02
7310 2.863060e+02
7334 2.863060e+02
7365 2.863060e+02
7396 2.863060e+02
7437 2.863060e+02
7464 2.863060e+02
7465 2.863060e+02
7480 2.863060e+02
7492 2.863060e+02
7503 2.863060e+02
7507 2.863060e+02
7509 2.863060e+02
7511 2.863060e+02
7539 2.863060e+02
7541 2.863060e+02
7604 2.863060e+02
7641 2.863060e+02
7670 2.863060e+02
7710 2.863060e+02
7721 2.863060e+02
7759 2.863060e+02
7769 2.863060e+02
7815 2.863060e+02
7818 2.863060e+02
7820 2.863060e+02
7842 2.863060e+02
7873 2.863060e+02
7904 2.863060e+02
7915 2.863060e+02
7938 2.863060e+02
7972 2.863060e+02
7992 2.863060e+02
8006 2.863060e+02
8025 2.863060e+02
8046 2.863060e+02
8163 2.863060e+02
8169 2.863060e+02
8233 2.863060e+02
8277 2.863060e+02
8305 2.863060e+02
8307 2.863060e+02
8311 2.863060e+02
8314 2.863060e+02
8335 2.863060e+02
8351 2.863060e+02
8426 2.863060e+02
8458 2.863060e+02
8474 2.863060e+02
44605 2.715673e+02
44782 2.588756e+02
44844 2.102110e+02
44913 1.434996e+02
44953 1.411744e+02
45172 1.311783e+02
45361 1.303617e+02
45450 1.204356e+02
45507 1.163027e+02
45531 1.133540e+02
45540 1.131053e+02
45595 1.113692e+02
45599 1.093405e+02
45641 1.072325e+02
45659 1.012257e+02
45785 1.004546e+02
45891 9.597071e+01
46030 9.591265e+01
46080 9.562092e+01
46114 9.484232e+01
46124 9.397559e+01
46131 9.349270e+01
46198 9.348930e+01
46204 9.333667e+01
46255 9.272788e+01
46266 9.220857e+01
46336 9.213268e+01
46402 9.175873e+01
46540 9.144180e+01
46626 9.113848e+01
46700 9.111712e+01
46749 9.077415e+01
46922 9.071283e+01
46975 9.069291e+01
47012 9.053684e+01
47220 9.049307e+01
47410 9.048966e+01
47412 9.046870e+01
47472 9.046046e+01
47481 9.044869e+01
47482 9.043126e+01
47761 9.042213e+01
47809 9.041704e+01
47922 9.041451e+01
47954 9.041324e+01
48081 9.041132e+01
48137 9.041094e+01
48227 9.040987e+01
48238 9.040769e+01
48253 9.040731e+01
48342 9.040680e+01
48373 9.040652e+01
48385 9.040628e+01
48464 9.040604e+01
48503 9.040531e+01
48598 9.040506e+01
48639 9.040460e+01
48774 9.040452e+01
48797 9.040451e+01
48929 9.040426e+01
48950 9.040423e+01
49008 9.040421e+01
49097 9.040406e+01
49136 9.040405e+01
49392 9.040400e+01
49495 9.040395e+01
49849 9.040395e+01
49895 9.040394e+01
50074 9.040394e+01
50100 9.040394e+01
50149 9.040393e+01
50251 9.040393e+01
50364 9.040393e+01
50650 9.040393e+01
50660 9.040393e+01
50821 9.040393e+01
50827 9.040393e+01
50829 9.040393e+01
50832 9.040393e+01
50916 9.040393e+01
50926 9.040393e+01
50934 9.040393e+01
50966 9.040393e+01
51012 9.040393e+01
51167 9.040393e+01
51244 9.040393e+01
51299 9.040393e+01
51529 9.040393e+01
51563 9.040393e+01
51576 9.040393e+01
51754 9.040393e+01
51800 9.040393e+01
51882 9.040393e+01
51930 9.040393e+01
52116 9.040393e+01
52143 9.040393e+01
52147 9.040393e+01
52204 9.040393e+01
52301 9.040393e+01
52420 9.040393e+01
52431 9.040393e+01
52501 9.040393e+01
52516 9.040393e+01
52698 9.040393e+01
52756 9.040393e+01
52806 9.040393e+01
52964 9.040393e+01
53195 9.040393e+01
53200 9.040393e+01
53211 9.040393e+01
53245 9.040393e+01
53452 9.040393e+01
53571 9.040393e+01
53620 9.040393e+01
53798 9.040393e+01
53965 9.040393e+01
74443 8.990528e+01
74921 8.364337e+01
76311 8.239896e+01
76845 7.653321e+01
