1 4.756543e+03
2 4.027292e+03
7 3.589270e+03
37 2.809613e+03
248 2.479768e+03
635 2.469264e+03
690 2.168228e+03
1049 2.048016e+03
1074 1.980408e+03
1223 1.923648e+03
2266 1.724201e+03
2371 1.623414e+03
2449 1.546688e+03
2485 1.538241e+03
2645 1.257524e+03
2728 1.139415e+03
2875 1.036140e+03
2979 7.157876e+02
3035 6.795058e+02
3102 6.429128e+02
3126 5.526705e+02
3196 5.010657e+02
3413 4.263571e+02
3463 4.231419e+02
3547 4.202398e+02
3548 4.125102e+02
3595 4.072654e+02
3609 4.011320e+02
3627 3.962106e+02
3679 3.945206e+02
3695 3.895622e+02
3709 3.862425e+02
3771 3.859355e+02
3782 3.843121e+02
3787 3.816183e+02
3804 3.804131e+02
3826 3.789046e+02
3859 3.779755e+02
3861 3.741055e+02
3918 3.735854e+02
4078 3.726178e+02
4108 3.725088e+02
4128 3.724993e+02
4160 3.717891e+02
4175 3.711956e+02
4211 3.703384e+02
4286 3.692322e+02
4368 3.692308e+02
4387 3.691492e+02
4463 3.691024e+02
4475 3.691007e+02
4485 3.690745e+02
4510 3.690543e+02
4518 3.690376e+02
4540 3.690067e+02
4566 3.689975e+02
4579 3.689868e+02
4605 3.689736e+02
4658 3.689638e+02
4661 3.689630e+02
4687 3.689362e+02
4696 3.689333e+02
4743 3.689184e+02
4785 3.689144e+02
4797 3.689127e+02
4799 3.689071e+02
4825 3.688970e+02
4915 3.688939e+02
5081 3.688915e+02
5109 3.688915e+02
5123 3.688911e+02
5163 3.688911e+02
5212 3.688911e+02
5216 3.688905e+02
5254 3.688905e+02
5267 3.688905e+02
5299 3.688902e+02
5353 3.688902e+02
5372 3.688901e+02
5407 3.688901e+02
5435 3.688901e+02
5440 3.688901e+02
5561 3.688900e+02
5615 3.688900e+02
5631 3.688900e+02
5682 3.688900e+02
5758 3.688900e+02
5761 3.688900e+02
5805 3.688900e+02
5828 3.688900e+02
5844 3.688900e+02
5868 3.688900e+02
5910 3.688900e+02
5955 3.688900e+02
5981 3.688900e+02
6021 3.688900e+02
6102 3.688900e+02
6180 3.688900e+02
6216 3.688900e+02
6233 3.688900e+02
6236 3.688900e+02
6311 3.688900e+02
6330 3.688900e+02
6371 3.688900e+02
6384 3.688900e+02
6472 3.688900e+02
6536 3.688900e+02
6589 3.688900e+02
6599 3.688900e+02
6705 3.688900e+02
6723 3.688900e+02
6760 3.688900e+02
6824 3.688900e+02
6865 3.688900e+02
6932 3.688900e+02
6946 3.688900e+02
6971 3.688900e+02
7038 3.688900e+02
7078 3.688900e+02
7080 3.688900e+02
7138 3.688900e+02
7139 3.688900e+02
7152 3.688900e+02
7155 3.688900e+02
7157 3.688900e+02
7172 3.688900e+02
7220 3.688900e+02
7346 3.688900e+02
7354 3.688900e+02
7358 3.688900e+02
7381 3.688900e+02
7395 3.688900e+02
14206 2.217458e+02
14605 2.069196e+02
70684 2.025734e+02
70897 1.792880e+02
71199 1.651902e+02
71406 1.151485e+02
71999 9.140780e+01
72283 6.883280e+01
72285 5.239160e+01
72340 3.279273e+01
73011 2.461396e+01
73928 2.288371e+01
74001 1.785706e+01
74007 1.653746e+01
74045 1.590304e+01
74413 1.522499e+01
74582 1.397890e+01
74616 1.242050e+01
74804 1.125934e+01
74995 1.119161e+01
75180 1.053927e+01
75383 1.031897e+01
75477 1.025793e+01
75507 1.012896e+01
75667 9.808739e+00
75802 9.758666e+00
75817 9.722146e+00
76127 9.706137e+00
76250 9.620147e+00
76395 9.584818e+00
76417 9.550835e+00
76735 9.533141e+00
76790 9.530216e+00
76802 9.523382e+00
76889 9.508579e+00
76927 9.478641e+00
77200 9.471201e+00
77384 9.469516e+00
77417 9.468421e+00
77582 9.466205e+00
77595 9.466076e+00
77619 9.465756e+00
77940 9.463318e+00
77957 9.462556e+00
77958 9.460794e+00
78030 9.458855e+00
78209 9.456139e+00
78318 9.455799e+00
78450 9.455722e+00
78583 9.455674e+00
78609 9.455297e+00
78611 9.454355e+00
78869 9.454119e+00
78996 9.453428e+00
79218 9.453366e+00
79420 9.453313e+00
79804 9.453309e+00
79900 9.453278e+00
80009 9.453274e+00
80010 9.453267e+00
80025 9.453242e+00
80105 9.453237e+00
80222 9.453235e+00
80254 9.453222e+00
80308 9.453212e+00
80421 9.453207e+00
80431 9.453194e+00
80597 9.453191e+00
80637 9.453175e+00
81241 9.453173e+00
81460 9.453173e+00
81553 9.453172e+00
81593 9.453172e+00
81632 9.453169e+00
82073 9.453169e+00
82175 9.453168e+00
82195 9.453168e+00
82267 9.453168e+00
82619 9.453168e+00
82788 9.453168e+00
82848 9.453168e+00
83079 9.453168e+00
83395 9.453168e+00
83428 9.453168e+00
83640 9.453168e+00
83699 9.453168e+00
83704 9.453168e+00
83760 9.453168e+00
83796 9.453168e+00
83970 9.453168e+00
84122 9.453167e+00
84214 9.453167e+00
84552 9.453167e+00
84710 9.453167e+00
84841 9.453167e+00
84913 9.453167e+00
85084 9.453167e+00
85257 9.453167e+00
85439 9.453167e+00
85937 9.453167e+00
85977 9.453167e+00
85990 9.453167e+00
86106 9.453167e+00
86132 9.453167e+00
86326 9.453167e+00
86386 9.453167e+00
86401 9.453167e+00
86593 9.453167e+00
86600 9.453167e+00
87021 9.453167e+00
87094 9.453167e+00
87181 9.453167e+00
87186 9.453167e+00
87193 9.453167e+00
87226 9.453167e+00
87252 9.453167e+00
87589 9.453167e+00
87617 9.453167e+00
87733 9.453167e+00
87797 9.453167e+00
88020 9.453167e+00
88030 9.453167e+00
