1 7.649091e+02
10 7.410907e+02
16 6.836911e+02
52 6.435133e+02
53 5.538812e+02
54 5.337015e+02
136 5.316874e+02
150 5.201844e+02
289 4.912363e+02
312 4.851025e+02
827 4.673790e+02
1309 4.654591e+02
1329 4.630923e+02
1380 4.467654e+02
1666 4.308660e+02
2135 4.201498e+02
2357 4.150341e+02
2429 4.120051e+02
2490 4.075415e+02
2578 4.074076e+02
2594 4.060425e+02
2611 4.060148e+02
2787 3.953474e+02
2925 3.946293e+02
3026 3.935667e+02
3075 3.932194e+02
3122 3.910104e+02
3157 3.856787e+02
3252 3.806646e+02
3346 3.806499e+02
3425 3.759364e+02
3745 3.688175e+02
4164 3.669917e+02
4175 3.657488e+02
4371 3.655578e+02
4436 3.625599e+02
4516 3.590927e+02
4530 3.584899e+02
4532 3.577427e+02
4608 3.572378e+02
4712 3.572139e+02
4799 3.563061e+02
4951 3.557605e+02
4971 3.539740e+02
5218 3.488237e+02
5611 3.471948e+02
5696 3.466194e+02
5819 3.456344e+02
5842 3.452234e+02
5957 3.436121e+02
5988 3.419016e+02
6019 3.415830e+02
6081 3.408823e+02
6124 3.387518e+02
6241 3.349566e+02
6393 3.346053e+02
6470 3.335145e+02
6471 3.327838e+02
6510 3.303580e+02
6818 3.297544e+02
7028 3.267931e+02
7198 3.260005e+02
7258 3.251770e+02
7271 3.236157e+02
7581 3.223866e+02
7695 3.199762e+02
7980 3.192612e+02
8014 3.191903e+02
8034 3.185685e+02
8063 3.185484e+02
8186 3.177547e+02
8252 3.171834e+02
8309 3.170385e+02
8375 3.169278e+02
8377 3.168667e+02
8390 3.168533e+02
8468 3.157409e+02
8500 3.150266e+02
8770 3.143720e+02
8818 3.143299e+02
8860 3.132382e+02
9018 3.130268e+02
9129 3.127158e+02
9289 3.126300e+02
9343 3.119829e+02
9507 3.114194e+02
9671 3.104826e+02
9705 3.101724e+02
9969 3.101032e+02
10014 3.094770e+02
10082 3.089230e+02
10470 3.088388e+02
10486 3.084558e+02
10608 3.084153e+02
10820 3.079054e+02
10862 3.073699e+02
10982 3.072195e+02
11093 3.071751e+02
11172 3.070748e+02
11182 3.058654e+02
11769 3.054670e+02
11798 3.053657e+02
11885 3.053289e+02
11974 3.051189e+02
11980 3.049921e+02
11992 3.048597e+02
12015 3.047963e+02
12084 3.046198e+02
12114 3.043520e+02
12180 3.043026e+02
12268 3.041046e+02
12305 3.039345e+02
12359 3.034558e+02
12799 3.032169e+02
13177 3.030339e+02
13339 3.028817e+02
13397 3.027759e+02
13409 3.027166e+02
13431 3.027046e+02
13544 3.026492e+02
13547 3.022403e+02
13717 3.018148e+02
13782 3.016527e+02
14094 3.015914e+02
14268 3.014417e+02
14350 3.013785e+02
14393 3.013575e+02
14493 3.012210e+02
14608 3.009303e+02
14705 3.004077e+02
14968 3.003741e+02
14995 3.001847e+02
15029 3.001588e+02
15133 3.000712e+02
15210 3.000014e+02
15300 2.998909e+02
15308 2.997997e+02
15335 2.997642e+02
15422 2.997490e+02
15478 2.996583e+02
15494 2.996365e+02
15521 2.995079e+02
15675 2.994608e+02
15768 2.991871e+02
15987 2.989803e+02
16538 2.989700e+02
16549 2.989347e+02
16569 2.989114e+02
16590 2.989081e+02
16698 2.989044e+02
16843 2.987868e+02
16889 2.987682e+02
16997 2.987629e+02
17029 2.987470e+02
17092 2.985817e+02
17308 2.985753e+02
17361 2.985227e+02
17520 2.984241e+02
17550 2.983454e+02
17747 2.983247e+02
17796 2.982192e+02
17826 2.981863e+02
17914 2.980704e+02
17993 2.980297e+02
18094 2.980096e+02
18223 2.979552e+02
18275 2.978905e+02
18321 2.978610e+02
18343 2.978283e+02
18365 2.977973e+02
18544 2.977535e+02
18554 2.977504e+02
18664 2.976325e+02
18982 2.975840e+02
19123 2.975639e+02
19141 2.975396e+02
19190 2.975336e+02
19196 2.975184e+02
19204 2.974445e+02
19660 2.974441e+02
19758 2.974261e+02
19769 2.973975e+02
19868 2.973893e+02
19892 2.973467e+02
19976 2.973461e+02
20143 2.973342e+02
20163 2.972972e+02
20309 2.972888e+02
20412 2.972531e+02
20496 2.972528e+02
20498 2.972188e+02
20542 2.972169e+02
20567 2.972065e+02
20580 2.971824e+02
20711 2.971794e+02
20902 2.971463e+02
20933 2.971386e+02
21027 2.971299e+02
21031 2.971174e+02
21078 2.971077e+02
21092 2.970963e+02
21164 2.970813e+02
21351 2.970352e+02
21867 2.970306e+02
21934 2.970269e+02
21937 2.969808e+02
21981 2.969757e+02
22029 2.969728e+02
22149 2.969711e+02
22227 2.969701e+02
22243 2.969681e+02
22269 2.969565e+02
22440 2.969373e+02
22852 2.969368e+02
22932 2.969190e+02
23000 2.969163e+02
23083 2.969019e+02
23189 2.968764e+02
23641 2.968695e+02
23693 2.968629e+02
23814 2.968395e+02
24009 2.968393e+02
24084 2.968279e+02
24087 2.968225e+02
24128 2.968176e+02
24265 2.968127e+02
24392 2.968102e+02
24395 2.968094e+02
24470 2.968019e+02
24507 2.967955e+02
24553 2.967882e+02
24642 2.967860e+02
24709 2.967792e+02
25033 2.967779e+02
25090 2.967754e+02
25106 2.967752e+02
25154 2.967726e+02
25199 2.967719e+02
25267 2.967684e+02
25296 2.967673e+02
25302 2.967661e+02
25313 2.967647e+02
25372 2.967640e+02
25453 2.967629e+02
25517 2.967530e+02
25575 2.967522e+02
25853 2.967511e+02
25876 2.967498e+02
26037 2.967450e+02
26060 2.967374e+02
26328 2.967342e+02
26361 2.967331e+02
26428 2.967283e+02
26535 2.967265e+02
26708 2.967241e+02
26789 2.967226e+02
26920 2.967213e+02
26942 2.967187e+02
26972 2.967183e+02
26992 2.967170e+02
27166 2.967168e+02
27168 2.967148e+02
27182 2.967124e+02
27291 2.967101e+02
27355 2.967058e+02
27431 2.967055e+02
27669 2.967031e+02
27800 2.967026e+02
28041 2.967023e+02
28104 2.967006e+02
28164 2.966988e+02
28194 2.966954e+02
28226 2.966912e+02
28669 2.966901e+02
28744 2.966887e+02
28786 2.966871e+02
28970 2.966856e+02
29002 2.966844e+02
29225 2.966816e+02
29310 2.966801e+02
29423 2.966788e+02
29587 2.966777e+02
29602 2.966752e+02
29787 2.966732e+02
29888 2.966731e+02
29935 2.966725e+02
30079 2.966710e+02
30229 2.966699e+02
30360 2.966694e+02
30393 2.966681e+02
30738 2.966669e+02
30812 2.966657e+02
31029 2.966656e+02
31104 2.966652e+02
31115 2.966645e+02
31251 2.966645e+02
31280 2.966639e+02
31331 2.966636e+02
31341 2.966628e+02
31363 2.966627e+02
31449 2.966626e+02
31716 2.966621e+02
31723 2.966621e+02
31748 2.966619e+02
31762 2.966618e+02
31783 2.966617e+02
31984 2.966609e+02
32078 2.966609e+02
32085 2.966606e+02
32156 2.966605e+02
32193 2.966603e+02
32195 2.966593e+02
32456 2.966588e+02
32679 2.966585e+02
32772 2.966584e+02
32785 2.966584e+02
32838 2.966583e+02
32888 2.966580e+02
33063 2.966577e+02
33150 2.966577e+02
33212 2.966574e+02
33228 2.966570e+02
33233 2.966569e+02
33365 2.966569e+02
33446 2.966565e+02
33611 2.966562e+02
33681 2.966560e+02
33938 2.966560e+02
34011 2.966559e+02
34016 2.966557e+02
34081 2.966556e+02
34099 2.966555e+02
34102 2.966554e+02
34186 2.966553e+02
34216 2.966552e+02
34236 2.966551e+02
34252 2.966548e+02
34285 2.966548e+02
34421 2.966546e+02
34571 2.966545e+02
34573 2.966544e+02
34618 2.966536e+02
34698 2.966533e+02
35007 2.966532e+02
35011 2.966531e+02
35031 2.966529e+02
35173 2.966526e+02
35277 2.966526e+02
35390 2.966524e+02
35563 2.966521e+02
35889 2.966520e+02
35950 2.966518e+02
35951 2.966517e+02
35996 2.966517e+02
36137 2.966517e+02
36150 2.966516e+02
36215 2.966516e+02
36217 2.966515e+02
36223 2.966515e+02
36255 2.966514e+02
36259 2.966513e+02
36281 2.966512e+02
36343 2.966512e+02
36480 2.966510e+02
36613 2.966509e+02
36649 2.966508e+02
36680 2.966507e+02
36781 2.966506e+02
36794 2.966505e+02
36884 2.966505e+02
37008 2.966505e+02
37071 2.966504e+02
37102 2.966504e+02
37134 2.966503e+02
37171 2.966503e+02
37203 2.966502e+02
37268 2.966501e+02
37440 2.966501e+02
37594 2.966501e+02
37596 2.966500e+02
37653 2.966499e+02
37694 2.966499e+02
37812 2.966498e+02
37830 2.966498e+02
37940 2.966498e+02
38023 2.966497e+02
38057 2.966497e+02
38093 2.966496e+02
38172 2.966496e+02
38220 2.966495e+02
38729 2.966493e+02
39023 2.966493e+02
39061 2.966492e+02
39126 2.966492e+02
39218 2.966492e+02
39309 2.966491e+02
39438 2.966491e+02
39445 2.966491e+02
39479 2.966491e+02
39522 2.966490e+02
39525 2.966490e+02
39647 2.966489e+02
39871 2.966489e+02
39957 2.966489e+02
40034 2.966489e+02
40038 2.966489e+02
40040 2.966488e+02
40085 2.966488e+02
40164 2.966488e+02
40303 2.966488e+02
40338 2.966487e+02
40368 2.966487e+02
40755 2.966487e+02
40811 2.966486e+02
40823 2.966486e+02
40945 2.966486e+02
41164 2.966486e+02
41169 2.966486e+02
41176 2.966485e+02
41264 2.966485e+02
41306 2.966485e+02
41307 2.966485e+02
41438 2.966485e+02
41456 2.966485e+02
41505 2.966485e+02
41522 2.966485e+02
41751 2.966484e+02
41774 2.966484e+02
41868 2.966484e+02
41899 2.966484e+02
41975 2.966484e+02
42130 2.966484e+02
42157 2.966484e+02
42220 2.966484e+02
42279 2.966484e+02
42329 2.966484e+02
42334 2.966483e+02
42410 2.966483e+02
42428 2.966483e+02
42577 2.966483e+02
42657 2.966483e+02
42763 2.966483e+02
42808 2.966482e+02
42919 2.966482e+02
43000 2.966482e+02
43021 2.966482e+02
43044 2.966482e+02
43061 2.966482e+02
43065 2.966482e+02
43399 2.966482e+02
43507 2.966481e+02
44177 2.966481e+02
44184 2.966481e+02
44200 2.966481e+02
44236 2.966481e+02
44408 2.966481e+02
44505 2.966481e+02
44760 2.966481e+02
44795 2.966481e+02
44827 2.966481e+02
44852 2.966481e+02
44860 2.966481e+02
44958 2.966481e+02
44964 2.966481e+02
44976 2.966481e+02
45025 2.966480e+02
45049 2.966480e+02
45064 2.966480e+02
45160 2.966480e+02
45205 2.966480e+02
45241 2.966480e+02
45286 2.966480e+02
45342 2.966480e+02
45400 2.966480e+02
45592 2.966480e+02
45650 2.966480e+02
45651 2.966480e+02
45714 2.966480e+02
45726 2.966480e+02
45777 2.966480e+02
45803 2.966480e+02
45892 2.966480e+02
45984 2.966480e+02
46012 2.966480e+02
46054 2.966480e+02
46099 2.966480e+02
46132 2.966480e+02
46252 2.966480e+02
46324 2.966480e+02
46505 2.966480e+02
46587 2.966480e+02
46628 2.966480e+02
46686 2.966480e+02
46723 2.966480e+02
46744 2.966480e+02
46814 2.966480e+02
46845 2.966480e+02
46861 2.966480e+02
46883 2.966480e+02
46916 2.966480e+02
46970 2.966480e+02
47011 2.966480e+02
47043 2.966480e+02
47181 2.966480e+02
47213 2.966480e+02
47217 2.966480e+02
47259 2.966480e+02
47431 2.966480e+02
47456 2.966480e+02
47457 2.966480e+02
47498 2.966480e+02
47505 2.966480e+02
47518 2.966480e+02
47532 2.966480e+02
47549 2.966480e+02
47605 2.966480e+02
47629 2.966480e+02
47710 2.966480e+02
47776 2.966480e+02
47788 2.966480e+02
47904 2.966480e+02
47911 2.966480e+02
48016 2.966480e+02
48253 2.966480e+02
48281 2.966480e+02
48369 2.966480e+02
48433 2.966480e+02
48438 2.966480e+02
48497 2.966480e+02
48601 2.966480e+02
48615 2.966480e+02
48645 2.966480e+02
48688 2.966480e+02
48725 2.966480e+02
48737 2.966480e+02
48847 2.966480e+02
48896 2.966480e+02
48913 2.966480e+02
48942 2.966480e+02
48998 2.966480e+02
49023 2.966480e+02
49191 2.966480e+02
49222 2.966480e+02
49364 2.966480e+02
49639 2.966480e+02
49696 2.966480e+02
49704 2.966480e+02
49724 2.966480e+02
49780 2.966480e+02
49816 2.966480e+02
49823 2.966480e+02
49900 2.966480e+02
49967 2.966480e+02
50058 2.966480e+02
50343 2.966480e+02
50515 2.966480e+02
50561 2.966480e+02
50580 2.966480e+02
50620 2.966480e+02
50689 2.966480e+02
50703 2.966480e+02
50782 2.966480e+02
50953 2.966480e+02
50964 2.966480e+02
50977 2.966480e+02
50987 2.966480e+02
50995 2.966480e+02
51022 2.966480e+02
51027 2.966480e+02
51079 2.966480e+02
51137 2.966480e+02
51141 2.966480e+02
51181 2.966480e+02
51604 2.966480e+02
51607 2.966480e+02
51655 2.966480e+02
51725 2.966480e+02
51761 2.966480e+02
51805 2.966480e+02
51856 2.966480e+02
51876 2.966480e+02
51881 2.966480e+02
51966 2.966480e+02
52063 2.966480e+02
52135 2.966480e+02
52296 2.966480e+02
52340 2.966480e+02
52518 2.966480e+02
52532 2.966480e+02
52533 2.966480e+02
52629 2.966480e+02
52635 2.966480e+02
52673 2.966480e+02
52710 2.966480e+02
52754 2.966480e+02
52801 2.966480e+02
52935 2.966480e+02
52938 2.966480e+02
53067 2.966480e+02
53298 2.966480e+02
53302 2.966480e+02
53356 2.966480e+02
53458 2.966480e+02
53491 2.966480e+02
53528 2.966480e+02
53561 2.966480e+02
53670 2.966480e+02
53697 2.966480e+02
53773 2.966480e+02
53877 2.966480e+02
53978 2.966480e+02
54053 2.966480e+02
54109 2.966480e+02
54284 2.966480e+02
54329 2.966480e+02
54552 2.966480e+02
54584 2.966480e+02
54797 2.966480e+02
54833 2.966480e+02
54869 2.966480e+02
54992 2.966480e+02
55034 2.966480e+02
55078 2.966480e+02
55106 2.966480e+02
55160 2.966480e+02
55240 2.966480e+02
55250 2.966480e+02
55335 2.966480e+02
55374 2.966480e+02
55381 2.966480e+02
55402 2.966480e+02
55427 2.966480e+02
55448 2.966480e+02
55449 2.966480e+02
55487 2.966480e+02
55503 2.966480e+02
55526 2.966480e+02
55543 2.966480e+02
55570 2.966480e+02
55575 2.966480e+02
55612 2.966480e+02
55666 2.966480e+02
56205 2.966480e+02
56315 2.966480e+02
56405 2.966480e+02
56410 2.966480e+02
56433 2.966480e+02
56554 2.966480e+02
56671 2.966480e+02
56680 2.966480e+02
56813 2.966480e+02
56977 2.966480e+02
57012 2.966480e+02
57017 2.966480e+02
57025 2.966480e+02
57039 2.966480e+02
57050 2.966480e+02
57231 2.966480e+02
57345 2.966480e+02
57535 2.966480e+02
57541 2.966480e+02
57569 2.966480e+02
57593 2.966480e+02
57604 2.966480e+02
57842 2.966480e+02
57894 2.966480e+02
57953 2.966480e+02
58033 2.966480e+02
58043 2.966480e+02
58054 2.966480e+02
58082 2.966480e+02
58135 2.966480e+02
58144 2.966480e+02
58158 2.966480e+02
58268 2.966480e+02
58363 2.966480e+02
58419 2.966480e+02
58452 2.966480e+02
58556 2.966480e+02
58575 2.966480e+02
58650 2.966480e+02
58722 2.966480e+02
58747 2.966480e+02
58839 2.966480e+02
58882 2.966480e+02
58892 2.966480e+02
59015 2.966480e+02
59105 2.966480e+02
59162 2.966480e+02
59178 2.966480e+02
59185 2.966480e+02
59222 2.966480e+02
59269 2.966480e+02
59299 2.966480e+02
59474 2.966480e+02
59489 2.966480e+02
59608 2.966480e+02
59821 2.966480e+02
59845 2.966480e+02
59849 2.966480e+02
59963 2.966480e+02
59973 2.966480e+02
60026 2.966480e+02
60074 2.966480e+02
60093 2.966480e+02
60130 2.966480e+02
60179 2.966480e+02
60289 2.966480e+02
60343 2.966480e+02
60364 2.966480e+02
60419 2.966480e+02
60643 2.966480e+02
60651 2.966480e+02
60656 2.966480e+02
60667 2.966480e+02
60784 2.966480e+02
60849 2.966480e+02
60909 2.966480e+02
61195 2.966480e+02
61295 2.966480e+02
61302 2.966480e+02
61345 2.966480e+02
61360 2.966480e+02
61397 2.966480e+02
61405 2.966480e+02
61449 2.966480e+02
61463 2.966480e+02
61466 2.966480e+02
61529 2.966480e+02
61620 2.966480e+02
61638 2.966480e+02
61688 2.966480e+02
61837 2.966480e+02
61993 2.966480e+02
62074 2.966480e+02
62179 2.966480e+02
62276 2.966480e+02
62285 2.966480e+02
62400 2.966480e+02
62458 2.966480e+02
62509 2.966480e+02
62567 2.966480e+02
62615 2.966480e+02
62741 2.966480e+02
62937 2.966480e+02
62967 2.966480e+02
63021 2.966480e+02
63029 2.966480e+02
63065 2.966480e+02
63075 2.966480e+02
63102 2.966480e+02
63112 2.966480e+02
63120 2.966480e+02
63163 2.966480e+02
63201 2.966480e+02
63215 2.966480e+02
63283 2.966480e+02
63393 2.966480e+02
63446 2.966480e+02
63554 2.966480e+02
63633 2.966480e+02
63647 2.966480e+02
63668 2.966480e+02
64066 2.966480e+02
64206 2.966480e+02
64300 2.966480e+02
64342 2.966480e+02
64355 2.966480e+02
64358 2.966480e+02
64513 2.966480e+02
64526 2.966480e+02
64670 2.966480e+02
64691 2.966480e+02
64711 2.966480e+02
64731 2.966480e+02
64783 2.966480e+02
64847 2.966480e+02
64940 2.966480e+02
64960 2.966480e+02
65043 2.966480e+02
65064 2.966480e+02
65090 2.966480e+02
65249 2.966480e+02
65409 2.966480e+02
65449 2.966480e+02
65492 2.966480e+02
65547 2.966480e+02
65576 2.966480e+02
65697 2.966480e+02
65712 2.966480e+02
65753 2.966480e+02
65817 2.966480e+02
65906 2.966480e+02
65934 2.966480e+02
65947 2.966480e+02
65962 2.966480e+02
66013 2.966480e+02
66110 2.966480e+02
66246 2.966480e+02
66318 2.966480e+02
66333 2.966480e+02
66402 2.966480e+02
66426 2.966480e+02
66620 2.966480e+02
66713 2.966480e+02
66920 2.966480e+02
67056 2.966480e+02
67095 2.966480e+02
67106 2.966480e+02
67179 2.966480e+02
67187 2.966480e+02
67242 2.966480e+02
67315 2.966480e+02
67355 2.966480e+02
67372 2.966480e+02
67384 2.966480e+02
67427 2.966480e+02
67552 2.966480e+02
67667 2.966480e+02
67681 2.966480e+02
67707 2.966480e+02
67778 2.966480e+02
67968 2.966480e+02
68059 2.966480e+02
68080 2.966480e+02
68145 2.966480e+02
68155 2.966480e+02
68173 2.966480e+02
68187 2.966480e+02
68193 2.966480e+02
68210 2.966480e+02
68274 2.966480e+02
68318 2.966480e+02
68400 2.966480e+02
68452 2.966480e+02
68465 2.966480e+02
68484 2.966480e+02
68574 2.966480e+02
414979 2.964672e+02
415420 2.960966e+02
416246 2.960138e+02
416515 2.946939e+02
417840 2.944508e+02
417869 2.943638e+02
418557 2.941171e+02
418972 2.940057e+02
419249 2.939164e+02
419268 2.938895e+02
419553 2.936292e+02
419842 2.936092e+02
419861 2.930633e+02
420091 2.925726e+02
420906 2.922484e+02
422051 2.920144e+02
422500 2.918814e+02
422699 2.918292e+02
423162 2.912553e+02
423174 2.910852e+02
425915 2.910263e+02
426483 2.907208e+02
426624 2.906855e+02
427164 2.904913e+02
427853 2.901345e+02
428922 2.900372e+02
428949 2.899485e+02
429271 2.896600e+02
429820 2.894191e+02
430557 2.894056e+02
431045 2.893380e+02
431067 2.891496e+02
431578 2.890501e+02
432454 2.889726e+02
432793 2.889526e+02
432845 2.889463e+02
432900 2.888498e+02
432955 2.887888e+02
433289 2.887751e+02
433420 2.885846e+02
433514 2.885736e+02
433553 2.884305e+02
433726 2.883072e+02
434107 2.882581e+02
434624 2.881664e+02
434977 2.881649e+02
435129 2.881419e+02
435150 2.880625e+02
435170 2.880510e+02
435311 2.879528e+02
435473 2.878518e+02
435870 2.878072e+02
436295 2.878053e+02
436507 2.877579e+02
436590 2.877416e+02
436883 2.876987e+02
437313 2.876700e+02
437505 2.874291e+02
438037 2.873954e+02
438637 2.873726e+02
439071 2.873579e+02
439134 2.873109e+02
439137 2.872118e+02
439682 2.871796e+02
440063 2.871606e+02
440533 2.870798e+02
441407 2.870025e+02
441916 2.869382e+02
442145 2.869165e+02
442708 2.868897e+02
443232 2.868624e+02
443527 2.868500e+02
443660 2.868403e+02
444049 2.867608e+02
444708 2.867147e+02
446598 2.866767e+02
447542 2.866553e+02
447624 2.866403e+02
448433 2.866286e+02
448790 2.865863e+02
450135 2.865788e+02
450457 2.865708e+02
450683 2.865249e+02
451797 2.865042e+02
451910 2.864946e+02
452019 2.864824e+02
452094 2.864220e+02
452919 2.864109e+02
453528 2.863951e+02
454762 2.863767e+02
454935 2.863761e+02
454967 2.863637e+02
455478 2.863574e+02
455526 2.863538e+02
455611 2.863384e+02
456175 2.863354e+02
456628 2.863341e+02
456653 2.863210e+02
456684 2.862456e+02
457929 2.861725e+02
459854 2.861679e+02
460011 2.861614e+02
460253 2.861313e+02
460787 2.861250e+02
460847 2.861088e+02
460949 2.860865e+02
462178 2.860806e+02
464342 2.860644e+02
465544 2.860572e+02
465732 2.860459e+02
466805 2.860435e+02
467019 2.860412e+02
467082 2.860331e+02
467414 2.860298e+02
467485 2.860117e+02
467657 2.859999e+02
467660 2.859634e+02
468804 2.859502e+02
469257 2.859455e+02
469920 2.859365e+02
469962 2.859338e+02
470000 2.859277e+02
470058 2.859270e+02
470937 2.859205e+02
471013 2.859135e+02
471133 2.859068e+02
471457 2.859004e+02
471803 2.859003e+02
471827 2.858720e+02
473376 2.858633e+02
473511 2.858628e+02
473607 2.858542e+02
473747 2.858523e+02
473760 2.858480e+02
473945 2.858380e+02
474141 2.858343e+02
474692 2.858246e+02
475098 2.858240e+02
475125 2.857995e+02
476283 2.857841e+02
477916 2.857836e+02
478270 2.857835e+02
478410 2.857795e+02
478952 2.857663e+02
479938 2.857650e+02
480067 2.857571e+02
480091 2.857535e+02
480282 2.857500e+02
480372 2.857499e+02
480563 2.857487e+02
480594 2.857409e+02
482049 2.857347e+02
482127 2.857301e+02
483172 2.857301e+02
483591 2.857286e+02
483650 2.857249e+02
483696 2.857239e+02
483777 2.857054e+02
485489 2.857020e+02
485641 2.857002e+02
485790 2.856995e+02
485818 2.856961e+02
486134 2.856944e+02
486648 2.856942e+02
486931 2.856933e+02
487049 2.856913e+02
487297 2.856900e+02
487326 2.856855e+02
487351 2.856853e+02
487792 2.856836e+02
488117 2.856831e+02
488249 2.856825e+02
488323 2.856791e+02
488747 2.856777e+02
488760 2.856746e+02
489246 2.856725e+02
489265 2.856721e+02
489345 2.856716e+02
489684 2.856696e+02
489948 2.856678e+02
489977 2.856677e+02
490040 2.856675e+02
490101 2.856634e+02
490175 2.856634e+02
490549 2.856622e+02
490716 2.856606e+02
490941 2.856605e+02
491056 2.856590e+02
491928 2.856574e+02
492289 2.856573e+02
492657 2.856570e+02
492699 2.856562e+02
492754 2.856540e+02
493130 2.856531e+02
493601 2.856507e+02
494026 2.856506e+02
494068 2.856496e+02
494169 2.856494e+02
494607 2.856484e+02
494780 2.856476e+02
495433 2.856467e+02
495882 2.856463e+02
496141 2.856461e+02
496324 2.856457e+02
496919 2.856449e+02
497299 2.856440e+02
497510 2.856436e+02
497585 2.856434e+02
497843 2.856430e+02
497927 2.856416e+02
498392 2.856395e+02
