1 1.262547e+03
2 8.395703e+02
6 7.491772e+02
52 6.688618e+02
54 6.485003e+02
56 6.369731e+02
60 5.597723e+02
127 5.225967e+02
160 5.209666e+02
209 5.048440e+02
221 5.017460e+02
426 4.844068e+02
715 4.778854e+02
735 4.693470e+02
911 4.629279e+02
1021 4.586602e+02
1271 4.376172e+02
1743 4.260908e+02
2006 4.253958e+02
2031 4.252063e+02
2038 4.215427e+02
2184 4.201011e+02
2195 4.180333e+02
2250 4.169550e+02
2266 4.119326e+02
2368 4.111243e+02
2408 4.107313e+02
2476 4.089349e+02
2552 4.016321e+02
2693 3.966923e+02
2885 3.948616e+02
2906 3.887035e+02
2920 3.806562e+02
2991 3.748543e+02
3454 3.743165e+02
3460 3.643325e+02
3513 3.597994e+02
3796 3.597043e+02
3890 3.549126e+02
4338 3.498389e+02
4518 3.478789e+02
4671 3.462682e+02
4767 3.427315e+02
4789 3.410624e+02
4911 3.389468e+02
5087 3.377370e+02
5120 3.360254e+02
5223 3.342327e+02
5224 3.291010e+02
5698 3.270636e+02
5913 3.260145e+02
5920 3.253191e+02
5944 3.238260e+02
5969 3.220241e+02
6092 3.187259e+02
6209 3.184260e+02
6284 3.183579e+02
6306 3.181328e+02
6364 3.150023e+02
6426 3.111214e+02
6520 3.110127e+02
6617 3.082060e+02
7032 3.081807e+02
7039 3.070205e+02
7069 3.054429e+02
7165 3.046256e+02
7233 3.020818e+02
7356 3.019423e+02
7433 3.012927e+02
7473 3.003536e+02
7498 2.997770e+02
7603 2.990330e+02
7776 2.985376e+02
7782 2.981969e+02
7807 2.968697e+02
7832 2.956417e+02
7946 2.938871e+02
8018 2.935685e+02
8084 2.921949e+02
8110 2.921190e+02
8538 2.919229e+02
8614 2.915223e+02
8651 2.910399e+02
8705 2.904412e+02
8833 2.896268e+02
8862 2.895300e+02
8937 2.889827e+02
9033 2.887715e+02
9034 2.886990e+02
9089 2.880583e+02
9281 2.871906e+02
9370 2.864914e+02
9664 2.854757e+02
9805 2.846052e+02
9953 2.845611e+02
10028 2.844058e+02
10033 2.839912e+02
10051 2.839002e+02
10108 2.830231e+02
10190 2.829946e+02
10397 2.824862e+02
10421 2.820863e+02
10527 2.818470e+02
10555 2.816810e+02
10712 2.815916e+02
10745 2.810859e+02
11027 2.808322e+02
11046 2.806798e+02
11182 2.802658e+02
11334 2.801762e+02
11373 2.801738e+02
11437 2.800259e+02
11441 2.799714e+02
11451 2.799008e+02
11488 2.794846e+02
11564 2.794843e+02
11816 2.786225e+02
12069 2.782888e+02
12185 2.778690e+02
12424 2.777956e+02
12463 2.776201e+02
12519 2.775361e+02
12525 2.773979e+02
12662 2.773276e+02
12682 2.771684e+02
12739 2.767991e+02
12980 2.766840e+02
13100 2.764797e+02
13270 2.762089e+02
13572 2.760049e+02
13705 2.759970e+02
13712 2.759421e+02
13748 2.759032e+02
13751 2.758791e+02
13755 2.758362e+02
13797 2.757112e+02
13817 2.756057e+02
13818 2.756018e+02
13848 2.755191e+02
13881 2.753899e+02
14069 2.753849e+02
14118 2.753183e+02
14209 2.753122e+02
14323 2.751033e+02
14379 2.751022e+02
14394 2.750111e+02
14449 2.749092e+02
14895 2.748686e+02
14909 2.747398e+02
15067 2.747047e+02
15086 2.747028e+02
15154 2.745947e+02
15184 2.744598e+02
15320 2.744241e+02
15473 2.743390e+02
15933 2.742863e+02
15994 2.742585e+02
16065 2.742110e+02
16094 2.741737e+02
16179 2.741579e+02
16222 2.740410e+02
16296 2.740367e+02
16394 2.740052e+02
16486 2.739835e+02
16527 2.739759e+02
16551 2.739419e+02
16599 2.738937e+02
16878 2.738850e+02
16889 2.738200e+02
16919 2.737695e+02
17097 2.737675e+02
17113 2.737125e+02
17124 2.737049e+02
17227 2.736874e+02
17236 2.736854e+02
17266 2.736649e+02
17329 2.736570e+02
17397 2.736378e+02
17424 2.735475e+02
17545 2.735302e+02
17727 2.735183e+02
17742 2.734567e+02
17872 2.734110e+02
17875 2.733888e+02
18080 2.733353e+02
18225 2.733333e+02
18237 2.733246e+02
18247 2.733114e+02
18352 2.733048e+02
18368 2.732951e+02
18381 2.732761e+02
18422 2.732751e+02
18487 2.732315e+02
18575 2.732158e+02
18702 2.731947e+02
18809 2.731907e+02
18974 2.731638e+02
18985 2.731633e+02
19003 2.731328e+02
19159 2.731315e+02
19247 2.731271e+02
19256 2.731249e+02
19258 2.731140e+02
19266 2.730906e+02
19413 2.730855e+02
19536 2.730187e+02
20197 2.730099e+02
20323 2.729952e+02
20398 2.729872e+02
20410 2.729819e+02
20482 2.729686e+02
20557 2.729173e+02
20933 2.729091e+02
21017 2.728979e+02
21080 2.728848e+02
21306 2.728787e+02
21451 2.728744e+02
21453 2.728573e+02
21582 2.728571e+02
21607 2.728486e+02
21778 2.728378e+02
21851 2.728302e+02
21891 2.728255e+02
22006 2.728192e+02
22018 2.728090e+02
22046 2.728059e+02
22542 2.728011e+02
22615 2.727974e+02
22787 2.727946e+02
22803 2.727874e+02
22858 2.727870e+02
22879 2.727843e+02
22949 2.727772e+02
23117 2.727764e+02
23174 2.727736e+02
23225 2.727730e+02
23234 2.727666e+02
23287 2.727648e+02
23322 2.727618e+02
23461 2.727507e+02
23611 2.727500e+02
23688 2.727484e+02
23691 2.727465e+02
23974 2.727422e+02
24119 2.727399e+02
24246 2.727339e+02
24318 2.727296e+02
24407 2.727262e+02
24621 2.727251e+02
24689 2.727220e+02
24719 2.727192e+02
24804 2.727191e+02
24875 2.727157e+02
25096 2.727119e+02
25428 2.727118e+02
25450 2.727109e+02
25519 2.727084e+02
25725 2.727073e+02
25915 2.727065e+02
25932 2.727052e+02
26183 2.727043e+02
26204 2.727022e+02
26311 2.727020e+02
26521 2.726994e+02
26538 2.726990e+02
26766 2.726990e+02
26810 2.726985e+02
26812 2.726981e+02
26819 2.726978e+02
26884 2.726973e+02
26896 2.726961e+02
26937 2.726960e+02
26971 2.726960e+02
26994 2.726950e+02
27041 2.726948e+02
27071 2.726938e+02
27098 2.726931e+02
27109 2.726929e+02
27136 2.726922e+02
27244 2.726921e+02
27277 2.726919e+02
27295 2.726918e+02
27377 2.726915e+02
27379 2.726911e+02
27433 2.726905e+02
27598 2.726904e+02
27701 2.726900e+02
27702 2.726892e+02
27778 2.726888e+02
27858 2.726874e+02
27883 2.726863e+02
28205 2.726839e+02
28445 2.726832e+02
28596 2.726831e+02
28616 2.726829e+02
28642 2.726817e+02
28714 2.726811e+02
28881 2.726797e+02
29107 2.726793e+02
29259 2.726791e+02
29313 2.726790e+02
29412 2.726787e+02
29458 2.726785e+02
29478 2.726784e+02
29488 2.726783e+02
29490 2.726776e+02
29678 2.726776e+02
29783 2.726774e+02
29813 2.726767e+02
29927 2.726764e+02
29996 2.726761e+02
30045 2.726759e+02
30059 2.726757e+02
30075 2.726753e+02
30415 2.726751e+02
30466 2.726750e+02
30577 2.726744e+02
30657 2.726743e+02
30737 2.726742e+02
30978 2.726738e+02
31029 2.726736e+02
31075 2.726730e+02
31246 2.726730e+02
31386 2.726721e+02
31617 2.726720e+02
31643 2.726717e+02
31833 2.726714e+02
31869 2.726711e+02
32127 2.726710e+02
32131 2.726705e+02
32185 2.726704e+02
32406 2.726701e+02
32528 2.726700e+02
32606 2.726698e+02
32796 2.726697e+02
32860 2.726697e+02
32894 2.726696e+02
32991 2.726692e+02
33307 2.726689e+02
33356 2.726688e+02
33545 2.726686e+02
33802 2.726685e+02
33835 2.726685e+02
33935 2.726685e+02
33991 2.726684e+02
34006 2.726682e+02
34149 2.726681e+02
34286 2.726681e+02
34336 2.726681e+02
34381 2.726680e+02
34572 2.726678e+02
34760 2.726678e+02
35074 2.726677e+02
35104 2.726676e+02
35150 2.726675e+02
35415 2.726673e+02
36048 2.726672e+02
36132 2.726672e+02
36144 2.726672e+02
36270 2.726671e+02
36469 2.726670e+02
36505 2.726669e+02
36627 2.726669e+02
36716 2.726669e+02
36814 2.726669e+02
36944 2.726668e+02
36948 2.726668e+02
37097 2.726667e+02
37243 2.726667e+02
37456 2.726667e+02
37463 2.726666e+02
37744 2.726666e+02
37770 2.726666e+02
37779 2.726666e+02
37798 2.726666e+02
37900 2.726666e+02
37964 2.726665e+02
38016 2.726665e+02
38033 2.726665e+02
38060 2.726665e+02
38152 2.726665e+02
38244 2.726665e+02
38272 2.726665e+02
38357 2.726664e+02
38443 2.726664e+02
38513 2.726664e+02
38544 2.726664e+02
38593 2.726664e+02
38619 2.726664e+02
38820 2.726664e+02
38834 2.726664e+02
38846 2.726664e+02
38857 2.726663e+02
38895 2.726663e+02
38930 2.726663e+02
39037 2.726663e+02
39326 2.726663e+02
39474 2.726663e+02
39495 2.726663e+02
39794 2.726662e+02
39842 2.726662e+02
39913 2.726662e+02
39951 2.726662e+02
39994 2.726662e+02
40168 2.726662e+02
40413 2.726662e+02
40473 2.726662e+02
40535 2.726661e+02
40804 2.726661e+02
40852 2.726661e+02
40963 2.726661e+02
41066 2.726661e+02
41087 2.726661e+02
41095 2.726661e+02
41096 2.726661e+02
41175 2.726661e+02
41327 2.726661e+02
41370 2.726661e+02
41653 2.726661e+02
41675 2.726661e+02
41691 2.726661e+02
41811 2.726661e+02
41820 2.726660e+02
41840 2.726660e+02
41883 2.726660e+02
41901 2.726660e+02
42205 2.726660e+02
42251 2.726660e+02
42264 2.726660e+02
42306 2.726660e+02
42392 2.726660e+02
42414 2.726660e+02
42458 2.726660e+02
42502 2.726660e+02
42556 2.726660e+02
42572 2.726660e+02
42652 2.726660e+02
42729 2.726660e+02
42743 2.726660e+02
42754 2.726660e+02
42856 2.726660e+02
42921 2.726660e+02
42990 2.726660e+02
42993 2.726660e+02
43144 2.726660e+02
43223 2.726660e+02
43308 2.726660e+02
43359 2.726660e+02
43460 2.726660e+02
43603 2.726660e+02
43697 2.726660e+02
43745 2.726660e+02
43749 2.726660e+02
43779 2.726660e+02
43839 2.726660e+02
43851 2.726660e+02
43898 2.726660e+02
43951 2.726660e+02
44124 2.726660e+02
44164 2.726660e+02
44168 2.726660e+02
44291 2.726660e+02
44303 2.726660e+02
44418 2.726660e+02
44488 2.726660e+02
44586 2.726660e+02
44688 2.726659e+02
44712 2.726659e+02
44793 2.726659e+02
44853 2.726659e+02
44860 2.726659e+02
44909 2.726659e+02
45005 2.726659e+02
45051 2.726659e+02
45077 2.726659e+02
45079 2.726659e+02
45105 2.726659e+02
45118 2.726659e+02
45130 2.726659e+02
45365 2.726659e+02
45442 2.726659e+02
45446 2.726659e+02
45492 2.726659e+02
45494 2.726659e+02
45567 2.726659e+02
45574 2.726659e+02
45601 2.726659e+02
45694 2.726659e+02
45698 2.726659e+02
45995 2.726659e+02
46091 2.726659e+02
46210 2.726659e+02
46221 2.726659e+02
46228 2.726659e+02
46392 2.726659e+02
46428 2.726659e+02
46518 2.726659e+02
46682 2.726659e+02
46754 2.726659e+02
46945 2.726659e+02
47111 2.726659e+02
47155 2.726659e+02
47342 2.726659e+02
47556 2.726659e+02
47664 2.726659e+02
47820 2.726659e+02
47909 2.726659e+02
47996 2.726659e+02
48025 2.726659e+02
48136 2.726659e+02
48317 2.726659e+02
48318 2.726659e+02
48328 2.726659e+02
48401 2.726659e+02
48532 2.726659e+02
48559 2.726659e+02
48613 2.726659e+02
48730 2.726659e+02
48772 2.726659e+02
49156 2.726659e+02
49189 2.726659e+02
49217 2.726659e+02
49296 2.726659e+02
49366 2.726659e+02
49392 2.726659e+02
49548 2.726659e+02
49614 2.726659e+02
49668 2.726659e+02
49670 2.726659e+02
49733 2.726659e+02
49757 2.726659e+02
49816 2.726659e+02
49844 2.726659e+02
49911 2.726659e+02
50130 2.726659e+02
50139 2.726659e+02
50157 2.726659e+02
50216 2.726659e+02
50245 2.726659e+02
50269 2.726659e+02
50348 2.726659e+02
50483 2.726659e+02
50626 2.726659e+02
50701 2.726659e+02
50747 2.726659e+02
50809 2.726659e+02
50855 2.726659e+02
50882 2.726659e+02
50910 2.726659e+02
50940 2.726659e+02
51034 2.726659e+02
51105 2.726659e+02
51143 2.726659e+02
51156 2.726659e+02
51210 2.726659e+02
51240 2.726659e+02
51338 2.726659e+02
51767 2.726659e+02
51784 2.726659e+02
51804 2.726659e+02
51828 2.726659e+02
51860 2.726659e+02
51948 2.726659e+02
51966 2.726659e+02
51976 2.726659e+02
52022 2.726659e+02
52047 2.726659e+02
52132 2.726659e+02
52206 2.726659e+02
52496 2.726659e+02
52514 2.726659e+02
52539 2.726659e+02
52588 2.726659e+02
52784 2.726659e+02
52836 2.726659e+02
52870 2.726659e+02
52888 2.726659e+02
52950 2.726659e+02
52959 2.726659e+02
52966 2.726659e+02
52999 2.726659e+02
53015 2.726659e+02
53043 2.726659e+02
53148 2.726659e+02
53182 2.726659e+02
53229 2.726659e+02
53250 2.726659e+02
53295 2.726659e+02
53302 2.726659e+02
53344 2.726659e+02
53376 2.726659e+02
53401 2.726659e+02
53448 2.726659e+02
53479 2.726659e+02
53505 2.726659e+02
53511 2.726659e+02
53522 2.726659e+02
53583 2.726659e+02
53598 2.726659e+02
53628 2.726659e+02
53653 2.726659e+02
53694 2.726659e+02
53698 2.726659e+02
53728 2.726659e+02
53732 2.726659e+02
53772 2.726659e+02
53876 2.726659e+02
54318 2.726659e+02
54357 2.726659e+02
54419 2.726659e+02
54469 2.726659e+02
54488 2.726659e+02
54493 2.726659e+02
54646 2.726659e+02
54677 2.726659e+02
54715 2.726659e+02
54748 2.726659e+02
54749 2.726659e+02
54975 2.726659e+02
55044 2.726659e+02
55053 2.726659e+02
55075 2.726659e+02
55104 2.726659e+02
55385 2.726659e+02
55530 2.726659e+02
55546 2.726659e+02
55581 2.726659e+02
55786 2.726659e+02
55798 2.726659e+02
55803 2.726659e+02
55835 2.726659e+02
55866 2.726659e+02
55878 2.726659e+02
55978 2.726659e+02
55989 2.726659e+02
56009 2.726659e+02
56051 2.726659e+02
56067 2.726659e+02
56083 2.726659e+02
56134 2.726659e+02
56138 2.726659e+02
56166 2.726659e+02
56286 2.726659e+02
56354 2.726659e+02
56406 2.726659e+02
56443 2.726659e+02
56445 2.726659e+02
56477 2.726659e+02
56489 2.726659e+02
56524 2.726659e+02
56549 2.726659e+02
56718 2.726659e+02
57005 2.726659e+02
57125 2.726659e+02
57173 2.726659e+02
57206 2.726659e+02
57230 2.726659e+02
57234 2.726659e+02
57263 2.726659e+02
57293 2.726659e+02
57460 2.726659e+02
57485 2.726659e+02
57700 2.726659e+02
57706 2.726659e+02
57716 2.726659e+02
57760 2.726659e+02
57811 2.726659e+02
57816 2.726659e+02
57823 2.726659e+02
57986 2.726659e+02
58000 2.726659e+02
58103 2.726659e+02
58190 2.726659e+02
58224 2.726659e+02
58243 2.726659e+02
58245 2.726659e+02
58280 2.726659e+02
58343 2.726659e+02
58347 2.726659e+02
58380 2.726659e+02
58409 2.726659e+02
58454 2.726659e+02
58488 2.726659e+02
58518 2.726659e+02
58563 2.726659e+02
58649 2.726659e+02
58677 2.726659e+02
58725 2.726659e+02
58855 2.726659e+02
59051 2.726659e+02
59113 2.726659e+02
59256 2.726659e+02
59292 2.726659e+02
59394 2.726659e+02
59413 2.726659e+02
59488 2.726659e+02
59490 2.726659e+02
59524 2.726659e+02
59667 2.726659e+02
59733 2.726659e+02
59747 2.726659e+02
59876 2.726659e+02
59903 2.726659e+02
59962 2.726659e+02
60043 2.726659e+02
60107 2.726659e+02
60117 2.726659e+02
60150 2.726659e+02
60238 2.726659e+02
60286 2.726659e+02
60337 2.726659e+02
60409 2.726659e+02
60419 2.726659e+02
60462 2.726659e+02
60513 2.726659e+02
60650 2.726659e+02
60737 2.726659e+02
60787 2.726659e+02
60811 2.726659e+02
61081 2.726659e+02
61138 2.726659e+02
61146 2.726659e+02
283251 2.726503e+02
284044 2.726451e+02
284057 2.725820e+02
284189 2.725701e+02
285086 2.725651e+02
285297 2.725467e+02
285380 2.725282e+02
285570 2.725260e+02
285949 2.725050e+02
286430 2.724949e+02
286653 2.724735e+02
286873 2.724708e+02
286965 2.724696e+02
287095 2.724657e+02
287181 2.724570e+02
287266 2.724558e+02
287334 2.724419e+02
288499 2.724402e+02
288559 2.724342e+02
288585 2.724281e+02
288738 2.724242e+02
288965 2.724216e+02
289001 2.724182e+02
289063 2.724121e+02
289119 2.724119e+02
289152 2.724102e+02
289227 2.724044e+02
289294 2.724030e+02
289362 2.723936e+02
289648 2.723934e+02
289758 2.723875e+02
289872 2.723867e+02
289882 2.723693e+02
289925 2.723680e+02
290853 2.723665e+02
290886 2.723564e+02
291311 2.723555e+02
291512 2.723553e+02
291563 2.723545e+02
291622 2.723539e+02
291990 2.723470e+02
292271 2.723417e+02
292291 2.723323e+02
292543 2.723321e+02
292610 2.723139e+02
293265 2.723136e+02
293678 2.723090e+02
293705 2.723047e+02
294091 2.723009e+02
294401 2.722997e+02
294551 2.722994e+02
294752 2.722993e+02
294782 2.722980e+02
294921 2.722854e+02
295187 2.722847e+02
295328 2.722773e+02
295401 2.722749e+02
295866 2.722737e+02
296079 2.722672e+02
297015 2.722669e+02
297224 2.722617e+02
297464 2.722598e+02
297595 2.722578e+02
297842 2.722571e+02
298173 2.722547e+02
298215 2.722543e+02
298356 2.722540e+02
298551 2.722512e+02
298559 2.722434e+02
299136 2.722431e+02
299346 2.722363e+02
299360 2.722356e+02
299884 2.722330e+02
300381 2.722311e+02
300508 2.722306e+02
300789 2.722292e+02
300839 2.722259e+02
301203 2.722252e+02
301521 2.722245e+02
301604 2.722238e+02
301738 2.722235e+02
301918 2.722168e+02
302656 2.722160e+02
302968 2.722149e+02
303180 2.722142e+02
303234 2.722127e+02
303641 2.722124e+02
303773 2.722107e+02
303837 2.722098e+02
304070 2.722095e+02
304557 2.722084e+02
305019 2.722078e+02
305314 2.722076e+02
305354 2.722076e+02
305402 2.722071e+02
305600 2.722060e+02
305789 2.722056e+02
305856 2.722050e+02
306086 2.722044e+02
306119 2.722043e+02
306427 2.722031e+02
306962 2.722027e+02
307561 2.722027e+02
307618 2.722020e+02
308044 2.722016e+02
308229 2.722013e+02
308407 2.722007e+02
308573 2.721998e+02
308652 2.721996e+02
309686 2.721996e+02
309880 2.721987e+02
310107 2.721982e+02
310479 2.721976e+02
310846 2.721973e+02
310899 2.721957e+02
311322 2.721955e+02
311563 2.721952e+02
311821 2.721942e+02
311865 2.721936e+02
313848 2.721923e+02
314593 2.721920e+02
315006 2.721912e+02
315522 2.721907e+02
315676 2.721906e+02
315833 2.721905e+02
315863 2.721905e+02
316044 2.721903e+02
316077 2.721902e+02
316335 2.721898e+02
316707 2.721894e+02
316965 2.721887e+02
317642 2.721879e+02
318955 2.721877e+02
319051 2.721873e+02
319116 2.721869e+02
319444 2.721866e+02
320612 2.721865e+02
320632 2.721865e+02
320877 2.721863e+02
320991 2.721862e+02
321118 2.721861e+02
321128 2.721859e+02
321322 2.721856e+02
321439 2.721855e+02
321489 2.721853e+02
321844 2.721853e+02
321862 2.721850e+02
321902 2.721850e+02
322206 2.721849e+02
322226 2.721849e+02
322459 2.721848e+02
322639 2.721845e+02
323242 2.721844e+02
323331 2.721844e+02
323337 2.721841e+02
323666 2.721840e+02
323926 2.721840e+02
323982 2.721838e+02
324109 2.721838e+02
324385 2.721837e+02
324462 2.721835e+02
324909 2.721833e+02
324923 2.721833e+02
324954 2.721832e+02
325110 2.721831e+02
325545 2.721831e+02
325703 2.721830e+02
325884 2.721829e+02
326186 2.721829e+02
326189 2.721827e+02
326491 2.721827e+02
326596 2.721827e+02
326705 2.721824e+02
326999 2.721823e+02
327463 2.721822e+02
327973 2.721822e+02
328478 2.721821e+02
328621 2.721821e+02
328634 2.721821e+02
328796 2.721821e+02
328863 2.721821e+02
328954 2.721821e+02
328993 2.721820e+02
329055 2.721820e+02
329082 2.721820e+02
329428 2.721820e+02
329433 2.721819e+02
329589 2.721819e+02
329692 2.721819e+02
329821 2.721817e+02
330102 2.721817e+02
330578 2.721817e+02
330698 2.721817e+02
330721 2.721816e+02
330723 2.721816e+02
330783 2.721816e+02
331004 2.721815e+02
331035 2.721815e+02
331190 2.721815e+02
331416 2.721814e+02
331642 2.721814e+02
331805 2.721814e+02
331971 2.721814e+02
332088 2.721813e+02
332739 2.721813e+02
332790 2.721813e+02
332866 2.721812e+02
333112 2.721812e+02
333156 2.721812e+02
333614 2.721811e+02
333646 2.721811e+02
333668 2.721811e+02
333692 2.721811e+02
334206 2.721810e+02
334665 2.721810e+02
334853 2.721810e+02
334854 2.721810e+02
334973 2.721809e+02
335033 2.721808e+02
335533 2.721808e+02
335676 2.721808e+02
335733 2.721808e+02
335921 2.721808e+02
336257 2.721807e+02
336360 2.721807e+02
336466 2.721807e+02
336467 2.721807e+02
336685 2.721807e+02
336777 2.721807e+02
336965 2.721807e+02
337215 2.721806e+02
337710 2.721806e+02
337757 2.721806e+02
338500 2.721806e+02
338593 2.721806e+02
338651 2.721805e+02
338863 2.721805e+02
338951 2.721805e+02
338972 2.721805e+02
338974 2.721805e+02
339349 2.721805e+02
339809 2.721804e+02
341486 2.721804e+02
342029 2.721804e+02
342048 2.721804e+02
342097 2.721804e+02
342690 2.721804e+02
342877 2.721804e+02
342978 2.721804e+02
343073 2.721804e+02
343797 2.721804e+02
344343 2.721804e+02
344506 2.721804e+02
344518 2.721804e+02
344554 2.721804e+02
344668 2.721804e+02
344843 2.721803e+02
345036 2.721803e+02
345102 2.721803e+02
345167 2.721803e+02
345211 2.721803e+02
345289 2.721803e+02
345394 2.721803e+02
345425 2.721803e+02
345445 2.721803e+02
345467 2.721803e+02
345626 2.721803e+02
345716 2.721803e+02
345747 2.721803e+02
345788 2.721803e+02
345978 2.721803e+02
346649 2.721803e+02
346946 2.721803e+02
347267 2.721803e+02
347573 2.721803e+02
347633 2.721803e+02
347734 2.721803e+02
347735 2.721803e+02
347877 2.721803e+02
347940 2.721803e+02
348154 2.721803e+02
348435 2.721803e+02
348445 2.721802e+02
348524 2.721802e+02
348896 2.721802e+02
348963 2.721802e+02
348992 2.721802e+02
349190 2.721802e+02
349199 2.721802e+02
349255 2.721802e+02
349436 2.721802e+02
349464 2.721802e+02
349508 2.721802e+02
349510 2.721802e+02
349623 2.721802e+02
349776 2.721802e+02
350080 2.721802e+02
350215 2.721802e+02
350297 2.721802e+02
350565 2.721802e+02
350960 2.721802e+02
351054 2.721802e+02
351137 2.721802e+02
351195 2.721802e+02
351208 2.721802e+02
351590 2.721802e+02
351637 2.721802e+02
351700 2.721802e+02
351740 2.721802e+02
351822 2.721802e+02
352185 2.721802e+02
352397 2.721802e+02
352441 2.721802e+02
352480 2.721802e+02
352696 2.721802e+02
353193 2.721802e+02
353254 2.721802e+02
353619 2.721802e+02
353851 2.721802e+02
353994 2.721802e+02
354430 2.721802e+02
354520 2.721802e+02
354633 2.721802e+02
354722 2.721802e+02
354735 2.721802e+02
354936 2.721802e+02
355107 2.721802e+02
355210 2.721802e+02
355258 2.721802e+02
355295 2.721802e+02
355704 2.721802e+02
355722 2.721802e+02
355756 2.721802e+02
355962 2.721802e+02
355997 2.721802e+02
356016 2.721802e+02
356127 2.721802e+02
356373 2.721802e+02
356568 2.721802e+02
356667 2.721802e+02
356670 2.721802e+02
356768 2.721802e+02
356920 2.721802e+02
357076 2.721802e+02
357165 2.721802e+02
357246 2.721802e+02
357322 2.721802e+02
357451 2.721802e+02
357555 2.721802e+02
357643 2.721802e+02
357661 2.721802e+02
358576 2.721802e+02
358629 2.721802e+02
358772 2.721802e+02
358776 2.721802e+02
359270 2.721802e+02
359349 2.721802e+02
359473 2.721802e+02
359715 2.721802e+02
359791 2.721802e+02
360518 2.721802e+02
360521 2.721802e+02
360957 2.721802e+02
361125 2.721802e+02
361155 2.721802e+02
361175 2.721802e+02
361187 2.721802e+02
361244 2.721802e+02
361293 2.721802e+02
361427 2.721802e+02
361456 2.721802e+02
361748 2.721802e+02
361818 2.721802e+02
361872 2.721802e+02
362141 2.721802e+02
362362 2.721802e+02
362567 2.721802e+02
362634 2.721802e+02
362643 2.721802e+02
362963 2.721802e+02
363184 2.721802e+02
363199 2.721802e+02
363428 2.721802e+02
363657 2.721802e+02
364150 2.721802e+02
364154 2.721802e+02
364180 2.721802e+02
364253 2.721802e+02
364688 2.721802e+02
364977 2.721802e+02
365551 2.721802e+02
365644 2.721802e+02
365702 2.721802e+02
366108 2.721802e+02
366382 2.721802e+02
366833 2.721802e+02
367278 2.721802e+02
367459 2.721802e+02
367554 2.721802e+02
368218 2.721802e+02
369588 2.721802e+02
369782 2.721802e+02
371927 2.721802e+02
371940 2.721802e+02
372119 2.721802e+02
373525 2.721802e+02
375042 2.721802e+02
376801 2.721802e+02
377212 2.721802e+02
377792 2.721802e+02
377859 2.721802e+02
377921 2.721802e+02
379133 2.721802e+02
379156 2.721802e+02
379452 2.721802e+02
379463 2.721802e+02
379704 2.721802e+02
379801 2.721802e+02
379803 2.721802e+02
379809 2.721802e+02
379819 2.721802e+02
379950 2.721802e+02
380041 2.721802e+02
380272 2.721802e+02
380380 2.721802e+02
380503 2.721802e+02
380583 2.721802e+02
380813 2.721802e+02
380814 2.721802e+02
380941 2.721802e+02
381299 2.721802e+02
381343 2.721802e+02
381421 2.721802e+02
381432 2.721802e+02
381647 2.721802e+02
381794 2.721802e+02
381805 2.721802e+02
382077 2.721802e+02
382318 2.721802e+02
382449 2.721802e+02
382471 2.721802e+02
382507 2.721802e+02
382551 2.721802e+02
382713 2.721802e+02
383021 2.721802e+02
383173 2.721802e+02
383374 2.721802e+02
383389 2.721802e+02
383503 2.721802e+02
383505 2.721802e+02
383679 2.721802e+02
383776 2.721802e+02
384014 2.721802e+02
384164 2.721802e+02
384219 2.721802e+02
384290 2.721802e+02
384731 2.721802e+02
384940 2.721802e+02
385377 2.721802e+02
385400 2.721802e+02
385426 2.721802e+02
385550 2.721802e+02
385639 2.721802e+02
385655 2.721802e+02
385768 2.721802e+02
385904 2.721802e+02
385987 2.721802e+02
385995 2.721802e+02
386105 2.721802e+02
386119 2.721802e+02
386122 2.721802e+02
386142 2.721802e+02
386299 2.721802e+02
386351 2.721802e+02
386437 2.721802e+02
386686 2.721802e+02
387075 2.721802e+02
387130 2.721802e+02
387132 2.721802e+02
387486 2.721802e+02
387698 2.721802e+02
387710 2.721802e+02
387744 2.721802e+02
387749 2.721802e+02
387872 2.721802e+02
388379 2.721802e+02
388397 2.721802e+02
388483 2.721802e+02
388525 2.721802e+02
388571 2.721802e+02
388648 2.721802e+02
388788 2.721802e+02
388848 2.721802e+02
388903 2.721802e+02
389014 2.721802e+02
389035 2.721802e+02
389232 2.721802e+02
389308 2.721802e+02
389587 2.721802e+02
389640 2.721802e+02
389679 2.721802e+02
389682 2.721802e+02
389830 2.721802e+02
389850 2.721802e+02
389987 2.721802e+02
390059 2.721802e+02
390254 2.721802e+02
390313 2.721802e+02
390432 2.721802e+02
390466 2.721802e+02
390525 2.721802e+02
390557 2.721802e+02
390652 2.721802e+02
390665 2.721802e+02
390768 2.721802e+02
390817 2.721802e+02
390842 2.721802e+02
390858 2.721802e+02
390965 2.721802e+02
391010 2.721802e+02
391278 2.721802e+02
391381 2.721802e+02
391766 2.721802e+02
391823 2.721802e+02
392031 2.721802e+02
392441 2.721802e+02
392527 2.721802e+02
392678 2.721802e+02
392843 2.721802e+02
392864 2.721802e+02
392897 2.721802e+02
392962 2.721802e+02
393076 2.721802e+02
393121 2.721802e+02
393229 2.721802e+02
393354 2.721802e+02
393372 2.721802e+02
393460 2.721802e+02
393478 2.721802e+02
393516 2.721802e+02
393600 2.721802e+02
393751 2.721802e+02
394035 2.721802e+02
394420 2.721802e+02
394554 2.721802e+02
394572 2.721802e+02
394717 2.721802e+02
394824 2.721802e+02
395070 2.721802e+02
395133 2.721802e+02
395233 2.721802e+02
395587 2.721802e+02
