1 4.241273e+03
2 2.710778e+03
7 2.046482e+03
28 1.693624e+03
36 1.660682e+03
153 1.410934e+03
283 1.265631e+03
284 1.161474e+03
323 1.006472e+03
386 9.649710e+02
398 7.147558e+02
479 7.047744e+02
572 6.263369e+02
622 5.583871e+02
682 5.310923e+02
716 5.137591e+02
760 4.564754e+02
827 4.074150e+02
1004 4.071133e+02
1071 3.806001e+02
1074 2.996279e+02
1295 2.967591e+02
1336 2.934305e+02
1351 2.924774e+02
1617 2.777384e+02
1656 2.725795e+02
1773 2.679761e+02
1811 2.563238e+02
1945 1.997935e+02
3697 1.923139e+02
3966 1.703402e+02
4803 1.611769e+02
4870 1.602307e+02
4893 1.440682e+02
4930 1.326614e+02
4941 1.298548e+02
4957 1.230268e+02
4979 1.052233e+02
5231 8.990775e+01
5259 8.608873e+01
5313 8.505222e+01
5342 7.975981e+01
5351 7.754485e+01
5389 7.017197e+01
5414 6.553699e+01
5416 5.891561e+01
5437 5.849997e+01
5491 5.816305e+01
5506 5.480239e+01
5512 5.288251e+01
5534 5.108020e+01
5547 5.037469e+01
5551 4.870242e+01
5591 4.435441e+01
5627 4.084980e+01
5672 4.002280e+01
5714 3.933456e+01
5720 3.451544e+01
5800 3.381568e+01
5828 3.204843e+01
5847 2.995197e+01
5994 2.697593e+01
6120 2.546008e+01
6151 2.513489e+01
6190 2.422610e+01
6194 2.403543e+01
6237 2.361541e+01
6367 2.319421e+01
6371 2.265267e+01
6391 2.252071e+01
6469 2.243089e+01
6476 2.170451e+01
6558 2.147822e+01
6670 2.137926e+01
6724 2.135606e+01
6751 2.122194e+01
6800 2.072796e+01
6911 2.072492e+01
6960 2.047746e+01
6984 2.037239e+01
7247 2.023642e+01
7378 2.021861e+01
7391 2.018269e+01
7414 2.015356e+01
7441 2.013081e+01
7446 2.009021e+01
7479 2.008612e+01
7529 2.007727e+01
7598 2.005173e+01
7608 2.004286e+01
7638 2.002153e+01
7781 2.000522e+01
7838 1.998386e+01
7858 1.997373e+01
7883 1.995432e+01
8013 1.994905e+01
8042 1.994514e+01
8058 1.993983e+01
8265 1.993107e+01
8285 1.992314e+01
8364 1.992242e+01
8399 1.992115e+01
8425 1.991787e+01
8437 1.991687e+01
8530 1.991397e+01
8571 1.990963e+01
8644 1.990945e+01
8657 1.990945e+01
8667 1.990719e+01
8731 1.990705e+01
8758 1.990635e+01
8785 1.990631e+01
8834 1.990560e+01
8891 1.990458e+01
8896 1.990438e+01
8951 1.990378e+01
8981 1.990353e+01
8996 1.990345e+01
8998 1.990292e+01
9024 1.990156e+01
9181 1.990116e+01
9208 1.990114e+01
9217 1.990111e+01
9234 1.990084e+01
9313 1.990082e+01
9315 1.990045e+01
9324 1.990045e+01
9373 1.990032e+01
9384 1.990019e+01
9460 1.990010e+01
9547 1.989999e+01
9574 1.989997e+01
9609 1.989988e+01
9625 1.989987e+01
9651 1.989972e+01
9680 1.989966e+01
9691 1.989965e+01
9701 1.989963e+01
9756 1.989958e+01
9792 1.989957e+01
9815 1.989945e+01
9901 1.989944e+01
9914 1.989933e+01
10032 1.989933e+01
10059 1.989930e+01
10200 1.989928e+01
10275 1.989927e+01
10284 1.989925e+01
10325 1.989925e+01
10367 1.989922e+01
10577 1.989921e+01
10648 1.989921e+01
10663 1.989920e+01
10726 1.989920e+01
10747 1.989920e+01
10793 1.989919e+01
10798 1.989919e+01
10808 1.989919e+01
11012 1.989918e+01
11036 1.989918e+01
11056 1.989918e+01
11063 1.989918e+01
11085 1.989918e+01
11110 1.989918e+01
11155 1.989918e+01
11173 1.989918e+01
11185 1.989918e+01
11197 1.989918e+01
11255 1.989918e+01
11272 1.989918e+01
11314 1.989918e+01
11320 1.989918e+01
11327 1.989918e+01
11337 1.989917e+01
11362 1.989917e+01
11382 1.989917e+01
11429 1.989917e+01
11486 1.989917e+01
11576 1.989917e+01
11584 1.989917e+01
11631 1.989917e+01
11643 1.989917e+01
11702 1.989917e+01
11725 1.989917e+01
11763 1.989917e+01
11776 1.989917e+01
11807 1.989917e+01
11832 1.989917e+01
11850 1.989917e+01
11876 1.989917e+01
11888 1.989917e+01
12060 1.989917e+01
12064 1.989917e+01
12070 1.989917e+01
12103 1.989917e+01
12135 1.989917e+01
12169 1.989917e+01
12205 1.989917e+01
12212 1.989917e+01
12233 1.989917e+01
12240 1.989917e+01
12284 1.989917e+01
12349 1.989917e+01
12425 1.989917e+01
12496 1.989917e+01
12550 1.989917e+01
12570 1.989917e+01
12587 1.989917e+01
12596 1.989917e+01
12656 1.989917e+01
12791 1.989917e+01
12848 1.989917e+01
12889 1.989917e+01
12901 1.989917e+01
12922 1.989917e+01
12990 1.989917e+01
13131 1.989917e+01
13177 1.989917e+01
13218 1.989917e+01
13232 1.989917e+01
13249 1.989917e+01
13251 1.989917e+01
13274 1.989917e+01
13286 1.989917e+01
13287 1.989917e+01
13352 1.989917e+01
13366 1.989917e+01
13382 1.989917e+01
13441 1.989917e+01
13508 1.989917e+01
13538 1.989917e+01
13572 1.989917e+01
13593 1.989917e+01
13606 1.989917e+01
13746 1.989917e+01
13747 1.989917e+01
13799 1.989917e+01
13826 1.989917e+01
13890 1.989917e+01
13971 1.989917e+01
13990 1.989917e+01
14006 1.989917e+01
14220 1.989917e+01
14256 1.989917e+01
14280 1.989917e+01
14328 1.989917e+01
14382 1.989917e+01
14404 1.989917e+01
14435 1.989917e+01
14457 1.989917e+01
14482 1.989917e+01
14527 1.989917e+01
14579 1.989917e+01
14590 1.989917e+01
14633 1.989917e+01
14678 1.989917e+01
14687 1.989917e+01
14714 1.989917e+01
14779 1.989917e+01
14785 1.989917e+01
14812 1.989917e+01
14847 1.989917e+01
14874 1.989917e+01
14889 1.989917e+01
14890 1.989917e+01
14944 1.989917e+01
14956 1.989917e+01
14971 1.989917e+01
15118 1.989917e+01
15121 1.989917e+01
15140 1.989917e+01
15170 1.989917e+01
15228 1.989917e+01
15302 1.989917e+01
15431 1.989917e+01
15448 1.989917e+01
15488 1.989917e+01
15507 1.989917e+01
15517 1.989917e+01
15524 1.989917e+01
15525 1.989917e+01
34391 1.926911e+01
34427 1.742438e+01
34789 1.697599e+01
34841 1.591168e+01
34960 1.584635e+01
34972 1.548922e+01
34998 1.453814e+01
35031 1.329823e+01
35094 1.251854e+01
35153 1.212539e+01
35509 1.147692e+01
35626 1.052959e+01
35876 1.038892e+01
35889 1.000770e+01
35918 9.852775e+00
36027 9.805883e+00
36031 9.693864e+00
36079 9.583224e+00
36163 9.243323e+00
36228 9.125012e+00
36300 9.034232e+00
36569 9.008654e+00
36713 8.844441e+00
36980 8.714450e+00
37047 8.676238e+00
37102 8.614845e+00
37217 8.606864e+00
37228 8.591506e+00
37273 8.540116e+00
37321 8.454983e+00
37412 8.443005e+00
37426 8.267344e+00
37658 8.238843e+00
37988 8.194042e+00
38023 8.181371e+00
38034 8.108662e+00
38219 8.098897e+00
38264 8.057654e+00
38608 8.054765e+00
38609 8.049363e+00
38679 8.046263e+00
38820 8.045809e+00
38831 8.035040e+00
38913 8.034629e+00
38916 8.032938e+00
38927 8.021912e+00
39019 8.010744e+00
39081 8.005314e+00
39143 8.003680e+00
39156 8.002188e+00
39425 7.997324e+00
39437 7.992752e+00
39477 7.991713e+00
39564 7.990694e+00
39619 7.989024e+00
39684 7.985372e+00
39764 7.982232e+00
40092 7.979446e+00
40246 7.978625e+00
40347 7.978229e+00
40365 7.977928e+00
40384 7.976340e+00
40444 7.975122e+00
40497 7.971859e+00
40551 7.969987e+00
40653 7.969686e+00
40761 7.967739e+00
40866 7.967481e+00
40922 7.966263e+00
40982 7.965133e+00
41051 7.964769e+00
41174 7.964357e+00
41246 7.964212e+00
41257 7.963856e+00
41328 7.963815e+00
41360 7.963750e+00
41388 7.962091e+00
41801 7.962016e+00
41876 7.962004e+00
41920 7.961864e+00
41935 7.961789e+00
41944 7.961367e+00
41988 7.961120e+00
42083 7.961112e+00
42343 7.960978e+00
42360 7.960934e+00
42394 7.960849e+00
42456 7.960469e+00
42614 7.960406e+00
42667 7.960355e+00
42742 7.960288e+00
42763 7.960264e+00
42806 7.960210e+00
42965 7.960179e+00
43003 7.960014e+00
43272 7.960002e+00
43344 7.959917e+00
43661 7.959911e+00
43670 7.959906e+00
43688 7.959845e+00
43985 7.959832e+00
44082 7.959806e+00
44135 7.959800e+00
44343 7.959778e+00
44349 7.959775e+00
44495 7.959755e+00
44646 7.959754e+00
44803 7.959750e+00
44835 7.959743e+00
44886 7.959741e+00
44932 7.959726e+00
196008 7.924786e+00
196145 7.902143e+00
196329 7.664941e+00
196453 7.367388e+00
196966 7.243866e+00
197581 7.151832e+00
197595 7.148219e+00
197762 7.120236e+00
197775 6.925905e+00
197799 6.816758e+00
198173 6.796207e+00
198274 6.757077e+00
198314 6.752791e+00
198348 6.706564e+00
198540 6.635279e+00
198546 6.592425e+00
198578 6.590681e+00
198607 6.574151e+00
198698 6.483274e+00
198927 6.428096e+00
198937 6.359224e+00
199487 6.353916e+00
199670 6.343341e+00
199942 6.210962e+00
200801 6.149405e+00
200953 6.101422e+00
201347 6.083392e+00
201419 6.078828e+00
201555 6.063634e+00
202277 6.062804e+00
202323 6.062702e+00
202370 6.027708e+00
203193 6.025303e+00
203269 6.023158e+00
203366 6.014116e+00
203448 6.011871e+00
203518 6.011405e+00
203529 6.009942e+00
204026 6.009846e+00
204054 6.005459e+00
204134 6.003266e+00
204168 5.994287e+00
204285 5.990241e+00
204613 5.989168e+00
204734 5.987948e+00
205174 5.986955e+00
205200 5.986024e+00
205339 5.984914e+00
205343 5.984905e+00
205362 5.981374e+00
205639 5.981193e+00
205825 5.981176e+00
205957 5.980924e+00
205966 5.979881e+00
205975 5.979659e+00
206151 5.978639e+00
206220 5.977477e+00
206264 5.976582e+00
206421 5.975659e+00
206821 5.975574e+00
206823 5.974657e+00
207020 5.974264e+00
207151 5.974123e+00
207323 5.973745e+00
207344 5.973409e+00
207639 5.972819e+00
208105 5.972742e+00
208146 5.972530e+00
208214 5.972017e+00
208375 5.971526e+00
208397 5.971307e+00
208737 5.971088e+00
209220 5.970980e+00
209255 5.970753e+00
209476 5.970727e+00
209581 5.970675e+00
209587 5.970470e+00
209775 5.970250e+00
210583 5.970208e+00
210605 5.970197e+00
210659 5.970079e+00
211005 5.970047e+00
211157 5.970007e+00
211477 5.969939e+00
212064 5.969907e+00
212686 5.969902e+00
212791 5.969888e+00
212962 5.969858e+00
213300 5.969850e+00
213754 5.969846e+00
213855 5.969843e+00
213950 5.969839e+00
213963 5.969836e+00
214065 5.969829e+00
214129 5.969821e+00
214144 5.969817e+00
214192 5.969817e+00
214325 5.969813e+00
214750 5.969800e+00
215010 5.969798e+00
215117 5.969795e+00
215248 5.969783e+00
215684 5.969779e+00
215746 5.969779e+00
216093 5.969776e+00
216150 5.969772e+00
216474 5.969767e+00
216698 5.969766e+00
216872 5.969766e+00
216886 5.969764e+00
217063 5.969761e+00
217444 5.969761e+00
217516 5.969761e+00
217593 5.969760e+00
217689 5.969760e+00
217740 5.969759e+00
217772 5.969758e+00
217809 5.969758e+00
217842 5.969757e+00
217969 5.969757e+00
217985 5.969757e+00
218116 5.969754e+00
218976 5.969753e+00
219026 5.969753e+00
219178 5.969752e+00
219216 5.969752e+00
219767 5.969751e+00
219955 5.969751e+00
220247 5.969751e+00
220553 5.969751e+00
220559 5.969750e+00
221213 5.969750e+00
221333 5.969750e+00
221869 5.969750e+00
222012 5.969750e+00
222151 5.969750e+00
222570 5.969750e+00
222874 5.969750e+00
222939 5.969750e+00
223922 5.969750e+00
223997 5.969749e+00
224161 5.969749e+00
224341 5.969749e+00
224373 5.969749e+00
224415 5.969749e+00
224711 5.969749e+00
224996 5.969749e+00
225077 5.969749e+00
225117 5.969749e+00
225212 5.969749e+00
225344 5.969749e+00
225398 5.969749e+00
225499 5.969749e+00
225598 5.969749e+00
225948 5.969749e+00
226016 5.969749e+00
226560 5.969749e+00
226671 5.969749e+00
226754 5.969749e+00
227032 5.969749e+00
227435 5.969749e+00
227672 5.969749e+00
227750 5.969749e+00
227884 5.969749e+00
227939 5.969749e+00
228125 5.969749e+00
228442 5.969749e+00
228693 5.969749e+00
228797 5.969749e+00
228798 5.969749e+00
229404 5.969749e+00
229465 5.969749e+00
229768 5.969749e+00
229867 5.969749e+00
230107 5.969749e+00
230111 5.969749e+00
230240 5.969749e+00
230343 5.969749e+00
230369 5.969749e+00
230437 5.969749e+00
231692 5.969749e+00
231950 5.969749e+00
232023 5.969749e+00
232239 5.969749e+00
232253 5.969749e+00
232262 5.969749e+00
232971 5.969749e+00
233371 5.969749e+00
233592 5.969749e+00
233764 5.969749e+00
233772 5.969749e+00
233864 5.969749e+00
233940 5.969749e+00
233967 5.969749e+00
234024 5.969749e+00
234041 5.969749e+00
234288 5.969749e+00
234599 5.969749e+00
234603 5.969749e+00
234636 5.969749e+00
234847 5.969749e+00
235163 5.969749e+00
235702 5.969749e+00
281991 5.568171e+00
282554 4.908608e+00
282656 4.465763e+00
282833 4.075572e+00
282863 3.857627e+00
282939 3.571839e+00
283305 3.528700e+00
283560 3.326905e+00
283968 3.232698e+00
283981 2.957944e+00
284122 2.824747e+00
284379 2.725973e+00
284812 2.610092e+00
284871 2.600603e+00
284891 2.566746e+00
285183 2.438717e+00
285450 2.428550e+00
285471 2.346052e+00
285627 2.316133e+00
285943 2.309989e+00
285962 2.300699e+00
286130 2.271990e+00
286262 2.174327e+00
286771 2.139423e+00
286856 2.136119e+00
287609 2.119155e+00
287944 2.088107e+00
287946 2.070531e+00
288054 2.063096e+00
288484 2.059795e+00
288513 2.058472e+00
288636 2.058221e+00
288699 2.051730e+00
288767 2.046115e+00
288912 2.045471e+00
289090 2.044078e+00
289146 2.041939e+00
289204 2.037154e+00
289382 2.037149e+00
289464 2.031208e+00
289563 2.029188e+00
289576 2.028868e+00
289600 2.021816e+00
290075 2.020376e+00
290145 2.019300e+00
290347 2.019275e+00
290379 2.018447e+00
290389 2.015917e+00
290580 2.013144e+00
290738 2.011535e+00
290949 2.010435e+00
291008 2.009282e+00
291064 2.008309e+00
291331 2.005594e+00
291655 2.004137e+00
291723 2.004087e+00
291743 2.002862e+00
292182 2.002574e+00
292186 1.998620e+00
292602 1.996435e+00
292754 1.995952e+00
293084 1.995829e+00
293148 1.994632e+00
293199 1.994435e+00
293973 1.994250e+00
294017 1.994097e+00
294078 1.993948e+00
294147 1.993695e+00
294171 1.992690e+00
294653 1.992536e+00
294775 1.992256e+00
294994 1.992239e+00
295249 1.992065e+00
295319 1.991969e+00
295323 1.991934e+00
295575 1.991862e+00
295677 1.991860e+00
295708 1.991792e+00
295742 1.991682e+00
295803 1.991416e+00
295855 1.991363e+00
295924 1.991199e+00
295969 1.991030e+00
295982 1.990917e+00
296086 1.990643e+00
297144 1.990438e+00
297163 1.990422e+00
297440 1.990391e+00
297846 1.990310e+00
297952 1.990302e+00
298168 1.990279e+00
298213 1.990267e+00
298224 1.990259e+00
298342 1.990205e+00
298410 1.990183e+00
298568 1.990129e+00
298821 1.990117e+00
299124 1.990095e+00
299145 1.990059e+00
299440 1.990049e+00
299906 1.990047e+00
299947 1.990037e+00
