1 1.007655e+06
2 7.584841e+05
3 2.880850e+05
8 1.977713e+05
9 6.216345e+04
139 5.093554e+04
499 4.346609e+04
522 3.362509e+04
754 2.442999e+04
939 1.762263e+04
1276 1.461767e+04
1315 1.408391e+04
1409 1.221344e+04
1485 1.086186e+04
1531 1.083952e+04
1599 7.962980e+03
1862 7.698474e+03
1947 7.013963e+03
2054 6.763814e+03
2064 6.710304e+03
2070 5.582484e+03
2146 4.436571e+03
2432 4.051201e+03
2471 3.986627e+03
2624 3.759413e+03
2642 3.392203e+03
2772 3.243814e+03
2805 3.239956e+03
2822 2.467550e+03
2942 2.450854e+03
3003 2.200153e+03
3012 2.025025e+03
3065 1.991546e+03
3203 1.968160e+03
3293 1.846120e+03
3294 1.792919e+03
3361 1.746274e+03
3477 1.722526e+03
3496 1.711076e+03
3509 1.587826e+03
3554 1.494313e+03
3634 1.478842e+03
3794 1.344979e+03
3871 1.228202e+03
4175 1.132776e+03
4269 1.033501e+03
4582 9.799576e+02
4614 9.236347e+02
4708 8.849406e+02
4753 8.123862e+02
4869 7.899407e+02
4947 7.845507e+02
5011 7.643499e+02
5019 7.603284e+02
5022 7.468128e+02
5045 7.187025e+02
5056 7.160283e+02
5058 6.954106e+02
5077 6.877157e+02
5132 6.837151e+02
5205 6.480189e+02
5418 6.466282e+02
5471 6.332178e+02
5506 6.224842e+02
5556 5.965561e+02
5608 5.672107e+02
5678 5.662116e+02
5691 5.623599e+02
5701 5.243677e+02
5849 4.799021e+02
5924 4.636373e+02
5940 4.625927e+02
6083 4.403384e+02
6181 4.235683e+02
6265 4.045774e+02
6344 3.987938e+02
6762 3.935088e+02
6789 3.742091e+02
6867 3.735275e+02
6878 3.658670e+02
6908 3.499493e+02
7115 3.410996e+02
7154 3.365754e+02
7188 3.342127e+02
7248 3.305486e+02
7284 3.246160e+02
7332 3.213978e+02
7400 3.122169e+02
7481 3.083271e+02
7509 3.076800e+02
7521 3.068324e+02
7530 3.025500e+02
7558 2.977291e+02
7563 2.970581e+02
7753 2.949225e+02
7819 2.941841e+02
7824 2.926976e+02
7860 2.830076e+02
8008 2.824667e+02
8013 2.781857e+02
8090 2.740316e+02
8220 2.733250e+02
8233 2.694430e+02
8308 2.687934e+02
8328 2.654485e+02
8333 2.624299e+02
8355 2.618421e+02
8412 2.584446e+02
8426 2.578533e+02
8560 2.549096e+02
8617 2.539478e+02
8619 2.537489e+02
8629 2.534648e+02
8649 2.523089e+02
8724 2.489954e+02
8736 2.485973e+02
8764 2.480464e+02
8788 2.387767e+02
9015 2.362812e+02
9136 2.308029e+02
9155 2.297350e+02
9209 2.251836e+02
9322 2.238020e+02
9385 2.202337e+02
9400 2.138922e+02
9476 2.087089e+02
9568 2.020197e+02
9583 2.019107e+02
9711 1.980514e+02
9891 1.975233e+02
9929 1.967586e+02
9943 1.946957e+02
9948 1.871745e+02
10008 1.852268e+02
10069 1.847965e+02
10139 1.845295e+02
10145 1.792623e+02
10269 1.754516e+02
10395 1.732097e+02
10475 1.725362e+02
10501 1.620208e+02
10656 1.619445e+02
10694 1.614210e+02
10700 1.555568e+02
10749 1.498814e+02
10765 1.426956e+02
10808 1.340383e+02
10936 1.326979e+02
10978 1.321651e+02
11005 1.137384e+02
11232 1.082871e+02
11264 1.062554e+02
11275 1.062133e+02
11383 1.031354e+02
11434 1.017293e+02
11593 9.049325e+01
11954 8.838533e+01
11985 8.745552e+01
11989 8.286678e+01
12093 7.924507e+01
12232 7.780501e+01
12267 6.823069e+01
12385 6.722324e+01
12561 6.718748e+01
12614 6.359124e+01
12616 6.282943e+01
12652 6.156928e+01
12683 5.811725e+01
12811 5.806483e+01
12876 5.608173e+01
12926 5.399455e+01
13010 5.291486e+01
13017 5.032665e+01
13028 5.031000e+01
13082 4.718997e+01
13102 4.678454e+01
13156 4.292068e+01
13395 4.259760e+01
13414 4.105382e+01
13469 4.041470e+01
13527 3.867789e+01
13530 3.759213e+01
13573 3.585660e+01
13632 3.565141e+01
13684 3.389257e+01
13870 3.387720e+01
13874 3.380439e+01
13890 3.264908e+01
13927 3.226042e+01
13982 3.092621e+01
14013 2.767817e+01
14199 2.710038e+01
14244 2.687698e+01
14307 2.135219e+01
14469 2.031524e+01
14500 1.955937e+01
14534 1.909407e+01
14616 1.816648e+01
14709 1.737073e+01
14749 1.505310e+01
14877 1.452514e+01
14934 1.300761e+01
15263 1.253091e+01
15272 1.145996e+01
15339 1.136159e+01
15368 1.101928e+01
15383 1.051941e+01
15390 9.682781e+00
15507 7.930025e+00
15636 7.078021e+00
15732 6.833461e+00
15765 6.451013e+00
15782 5.735800e+00
15890 5.491267e+00
15928 5.463613e+00
15946 4.827229e+00
15984 4.741911e+00
16101 4.271260e+00
16172 4.009628e+00
16224 3.383057e+00
16318 3.335121e+00
16377 2.948142e+00
16431 2.874003e+00
16444 2.739588e+00
16469 2.688203e+00
16476 2.617015e+00
16540 2.363310e+00
16576 2.293428e+00
16696 2.150373e+00
16740 1.714647e+00
16972 1.667986e+00
17004 1.635880e+00
17074 1.362037e+00
17267 1.265643e+00
17354 1.062415e+00
17503 1.014127e+00
17546 9.968264e-01
17547 9.635275e-01
17641 8.285063e-01
17768 7.956087e-01
17908 7.836013e-01
17950 6.958556e-01
18016 6.404059e-01
18198 5.910811e-01
18300 5.788764e-01
18328 5.405657e-01
18332 5.251089e-01
18501 4.992954e-01
18538 4.845389e-01
18617 4.819465e-01
18619 3.692870e-01
18718 3.659714e-01
18760 3.371290e-01
18764 3.171902e-01
19135 3.091022e-01
19257 2.833025e-01
19411 2.707649e-01
19420 2.684072e-01
19521 2.679932e-01
19549 2.435895e-01
19732 1.813710e-01
20248 1.780148e-01
20296 1.750953e-01
20333 1.742576e-01
20335 1.701797e-01
20368 1.645912e-01
20515 1.511745e-01
20713 1.438804e-01
20725 1.423489e-01
20792 1.385419e-01
20822 1.305879e-01
20903 1.298992e-01
20912 1.264572e-01
20975 1.151905e-01
21277 1.143680e-01
21377 1.100517e-01
21798 1.095729e-01
21851 1.036428e-01
21962 9.997803e-02
21988 9.506214e-02
22043 8.501457e-02
22234 8.487800e-02
22480 8.331067e-02
22545 8.130406e-02
22752 7.816221e-02
22856 7.348367e-02
22973 7.175194e-02
23035 7.105138e-02
23175 6.654671e-02
23352 6.483841e-02
23619 6.466115e-02
23685 6.263339e-02
23747 5.896943e-02
24004 5.816311e-02
24015 5.734050e-02
24028 5.662518e-02
24123 5.494284e-02
24174 5.465652e-02
24551 5.141360e-02
24743 4.921676e-02
24971 4.896255e-02
25049 4.795546e-02
25136 4.707947e-02
25168 4.612995e-02
25196 4.304625e-02
25271 4.228295e-02
25474 4.157342e-02
25577 3.996953e-02
25757 3.988645e-02
25884 3.934190e-02
25898 3.865605e-02
25926 3.810678e-02
25982 3.784993e-02
26049 3.762548e-02
26076 3.739113e-02
26079 3.687541e-02
26210 3.678177e-02
26231 3.671187e-02
26235 3.654380e-02
26244 3.576851e-02
26251 3.555897e-02
26344 3.549135e-02
26393 3.528401e-02
26495 3.510221e-02
26538 3.482206e-02
26551 3.455945e-02
26588 3.429406e-02
26593 3.416287e-02
26656 3.389153e-02
26674 3.294962e-02
26776 3.277913e-02
26797 3.220405e-02
26804 3.212908e-02
27142 3.113594e-02
27644 2.987460e-02
27687 2.925295e-02
28048 2.922867e-02
28089 2.920235e-02
28091 2.918927e-02
28093 2.909827e-02
28113 2.841737e-02
28148 2.715208e-02
28209 2.677138e-02
28365 2.662689e-02
28369 2.636490e-02
28506 2.613022e-02
28534 2.609244e-02
28563 2.531776e-02
28583 2.497074e-02
28678 2.439238e-02
28880 2.431087e-02
28926 2.360622e-02
29079 2.305724e-02
29133 2.295590e-02
29251 2.271370e-02
29282 2.253125e-02
29308 2.240513e-02
29347 2.195803e-02
29367 2.189383e-02
29528 2.156033e-02
29557 2.091639e-02
29696 2.089581e-02
29759 2.082273e-02
29763 2.078373e-02
29826 2.011455e-02
29917 1.984736e-02
29936 1.953464e-02
30218 1.934899e-02
30248 1.848847e-02
30506 1.832901e-02
30652 1.801737e-02
30722 1.767181e-02
30835 1.765762e-02
30860 1.688084e-02
30972 1.639866e-02
31245 1.632228e-02
31365 1.618442e-02
31385 1.613846e-02
31513 1.604898e-02
31539 1.582034e-02
31558 1.571676e-02
31599 1.571642e-02
31624 1.500276e-02
31680 1.463639e-02
31801 1.457763e-02
31836 1.457435e-02
31851 1.425663e-02
32145 1.400886e-02
32255 1.361678e-02
32285 1.349325e-02
32323 1.344091e-02
32389 1.291829e-02
32599 1.282684e-02
32647 1.264122e-02
32686 1.261654e-02
32692 1.261652e-02
32702 1.177947e-02
33179 1.116951e-02
33392 1.096335e-02
33411 1.088301e-02
33532 1.021899e-02
33773 9.937017e-03
34079 9.833659e-03
34189 9.303688e-03
34508 9.195771e-03
34712 9.180905e-03
34757 9.171362e-03
34783 9.169826e-03
34805 9.095259e-03
34845 8.872603e-03
34908 8.731843e-03
35260 8.638162e-03
35303 8.578010e-03
35518 8.319971e-03
35653 8.267429e-03
35658 7.901864e-03
35822 7.810883e-03
35966 7.680778e-03
36142 7.364062e-03
36439 7.191662e-03
36476 7.143053e-03
36575 7.105778e-03
37001 6.887876e-03
37078 6.792711e-03
37142 6.740925e-03
37334 6.560012e-03
37435 6.349967e-03
37575 6.295639e-03
37619 6.171905e-03
37819 6.141172e-03
37944 6.112591e-03
38081 6.085513e-03
38127 5.999810e-03
38209 5.974586e-03
38242 5.846081e-03
38412 5.703591e-03
38462 5.635319e-03
38463 5.583284e-03
38653 5.567054e-03
38718 5.473155e-03
38755 5.424927e-03
38794 5.415380e-03
38980 5.395370e-03
39058 5.268769e-03
39214 5.175251e-03
39353 5.124507e-03
39414 5.116314e-03
39605 5.030453e-03
39669 5.005076e-03
39697 4.880624e-03
39863 4.876251e-03
39871 4.799940e-03
39977 4.788479e-03
40087 4.761758e-03
40227 4.734406e-03
40232 4.680368e-03
40293 4.636355e-03
40316 4.532334e-03
40318 4.498220e-03
40404 4.435889e-03
40581 4.426049e-03
40646 4.348484e-03
40835 4.295572e-03
40986 4.287547e-03
41043 4.285354e-03
41053 4.245917e-03
41082 4.151328e-03
41112 4.124336e-03
41378 3.950220e-03
41550 3.860778e-03
41797 3.854309e-03
41919 3.838107e-03
41985 3.831622e-03
42004 3.726297e-03
42069 3.716816e-03
42166 3.700683e-03
42177 3.624178e-03
42255 3.579118e-03
42405 3.572425e-03
42582 3.537895e-03
42802 3.518034e-03
42895 3.514038e-03
42904 3.482129e-03
42922 3.430944e-03
42987 3.358497e-03
43444 3.324218e-03
43642 3.237235e-03
43767 3.181114e-03
43846 3.161315e-03
43904 3.156786e-03
43945 3.138120e-03
43947 3.129439e-03
43989 3.122544e-03
43992 3.118823e-03
44065 3.058442e-03
44179 3.027339e-03
44209 3.025181e-03
44240 3.020228e-03
44272 2.995184e-03
44470 2.990651e-03
44505 2.986966e-03
44543 2.976401e-03
44619 2.935016e-03
44694 2.927671e-03
44823 2.872078e-03
44846 2.857726e-03
44896 2.853395e-03
44947 2.843519e-03
44962 2.830620e-03
44973 2.810535e-03
45044 2.756085e-03
45216 2.727418e-03
45285 2.698685e-03
45308 2.683817e-03
45375 2.657758e-03
45572 2.621538e-03
45665 2.609669e-03
45704 2.604013e-03
45714 2.596945e-03
45734 2.582934e-03
45770 2.571984e-03
45801 2.563433e-03
45861 2.555355e-03
45879 2.542640e-03
45931 2.520335e-03
45994 2.508292e-03
46042 2.484382e-03
46093 2.442156e-03
46184 2.434246e-03
46234 2.407116e-03
46310 2.404006e-03
46316 2.367838e-03
46392 2.340290e-03
46495 2.307662e-03
46547 2.295763e-03
46712 2.272355e-03
46762 2.260580e-03
46818 2.189598e-03
46893 2.183238e-03
47026 2.129542e-03
47308 2.092389e-03
47393 2.078427e-03
47611 2.010533e-03
47860 2.003378e-03
47936 1.948934e-03
47975 1.844993e-03
48020 1.831669e-03
48505 1.819194e-03
48556 1.778121e-03
48568 1.763662e-03
48697 1.732134e-03
48709 1.706204e-03
48819 1.667501e-03
48954 1.647584e-03
49083 1.617383e-03
49096 1.599422e-03
49108 1.594633e-03
49383 1.503737e-03
49660 1.456619e-03
49680 1.417469e-03
49878 1.405631e-03
50784 1.289347e-03
51373 1.278420e-03
51410 1.273968e-03
51414 1.258650e-03
51697 1.230045e-03
51869 1.200838e-03
52207 1.198520e-03
52210 1.196612e-03
52281 1.181642e-03
52305 1.177748e-03
52393 1.167234e-03
52436 1.167022e-03
52448 1.147563e-03
52465 1.126673e-03
52829 1.124134e-03
52861 1.123766e-03
52933 1.116578e-03
52958 1.114742e-03
52963 1.113541e-03
53016 1.113262e-03
53071 1.104749e-03
53139 1.097731e-03
53213 1.094262e-03
53332 1.089337e-03
53353 1.066202e-03
53443 1.057046e-03
53576 1.046451e-03
53703 1.002870e-03
54192 9.923945e-04
54214 9.832594e-04
54382 9.806699e-04
54421 9.714110e-04
54471 9.580132e-04
54492 9.553883e-04
54517 9.414621e-04
54796 9.325109e-04
54864 8.938377e-04
55140 8.934906e-04
55260 8.876861e-04
55315 8.868052e-04
55324 8.758208e-04
55396 8.511324e-04
55771 8.352360e-04
55871 8.323059e-04
55880 8.261185e-04
55885 8.111876e-04
55896 8.046661e-04
55949 7.958080e-04
56045 7.725227e-04
56456 7.535761e-04
56499 7.491745e-04
56725 7.487853e-04
56785 7.438533e-04
56837 7.398242e-04
56875 7.386469e-04
56933 7.346409e-04
56947 7.285975e-04
56958 7.143752e-04
57119 7.142889e-04
57190 7.051759e-04
57238 7.008746e-04
57263 6.984611e-04
57289 6.834578e-04
57466 6.826869e-04
57505 6.796531e-04
57605 6.738727e-04
57653 6.695196e-04
57662 6.619147e-04
57670 6.609488e-04
57828 6.539438e-04
57956 6.483600e-04
58206 6.321973e-04
58227 6.145069e-04
58750 6.120263e-04
58781 5.998531e-04
58952 5.959806e-04
59057 5.915336e-04
59180 5.891911e-04
59283 5.832329e-04
59387 5.812077e-04
59414 5.799401e-04
59470 5.654102e-04
59658 5.567709e-04
59726 5.564631e-04
59734 5.502251e-04
59749 5.432581e-04
59891 5.390857e-04
60008 5.324631e-04
60078 5.295999e-04
60276 5.262481e-04
60329 5.214015e-04
60335 5.186371e-04
60359 5.167563e-04
60360 5.142557e-04
60442 5.014452e-04
60609 4.921653e-04
60657 4.897148e-04
60879 4.861894e-04
60951 4.826672e-04
60963 4.792749e-04
61024 4.733891e-04
61113 4.727536e-04
61441 4.725015e-04
61510 4.671764e-04
61567 4.580282e-04
61708 4.516933e-04
61775 4.483120e-04
61955 4.386848e-04
62263 4.332889e-04
62345 4.296589e-04
62461 4.277718e-04
62490 4.276581e-04
62620 4.267548e-04
62657 4.265087e-04
62661 4.217077e-04
62707 4.211369e-04
62805 4.203598e-04
62821 4.201877e-04
62845 4.179631e-04
62866 4.179130e-04
62998 4.163148e-04
63148 4.156413e-04
63157 4.135309e-04
63163 4.134697e-04
63231 4.123757e-04
63254 4.101067e-04
63301 4.092408e-04
63372 4.074369e-04
63461 4.064771e-04
63479 4.063241e-04
63482 4.055895e-04
63483 4.037536e-04
63521 3.958414e-04
63660 3.942276e-04
63789 3.921971e-04
63938 3.911188e-04
63981 3.883236e-04
64087 3.878245e-04
64230 3.847055e-04
64293 3.812742e-04
64399 3.799136e-04
64501 3.796425e-04
64507 3.772673e-04
64536 3.756096e-04
64620 3.732871e-04
64717 3.683817e-04
64731 3.652348e-04
65003 3.633134e-04
65036 3.568198e-04
65087 3.556997e-04
65455 3.556780e-04
65535 3.518409e-04
65661 3.512493e-04
65736 3.485804e-04
65741 3.475802e-04
65813 3.457992e-04
65822 3.456188e-04
66025 3.420548e-04
66071 3.415971e-04
66187 3.414854e-04
66188 3.386498e-04
66281 3.386094e-04
66309 3.372633e-04
66381 3.355797e-04
66437 3.353722e-04
66468 3.351397e-04
66488 3.325045e-04
66542 3.312843e-04
66597 3.302320e-04
66613 3.301758e-04
66647 3.233451e-04
67041 3.225827e-04
67092 3.217460e-04
67110 3.189248e-04
67171 3.172467e-04
67265 3.119023e-04
67269 3.116644e-04
67339 3.113454e-04
67445 3.111365e-04
67462 3.094821e-04
67563 3.094583e-04
67579 3.013747e-04
67793 3.011196e-04
67901 3.006796e-04
67933 2.997836e-04
68013 2.891439e-04
68224 2.858964e-04
68357 2.836434e-04
68586 2.805606e-04
68733 2.735445e-04
68931 2.702815e-04
69140 2.692872e-04
69224 2.655051e-04
69228 2.611956e-04
69346 2.549255e-04
69391 2.501872e-04
69496 2.497021e-04
69744 2.464197e-04
69799 2.394219e-04
69935 2.354714e-04
69986 2.312632e-04
70389 2.309225e-04
70420 2.278611e-04
70532 2.209452e-04
70700 2.208909e-04
70753 2.130360e-04
71097 2.031564e-04
71439 2.020359e-04
71515 1.930565e-04
71845 1.919091e-04
72051 1.913643e-04
72137 1.902933e-04
72151 1.854187e-04
72454 1.839442e-04
72476 1.819373e-04
72635 1.794774e-04
72640 1.765084e-04
72794 1.725380e-04
72974 1.710607e-04
73158 1.701664e-04
73210 1.696614e-04
73256 1.677100e-04
73353 1.632902e-04
73838 1.631090e-04
73855 1.630613e-04
73872 1.628752e-04
73873 1.623339e-04
73881 1.593968e-04
74034 1.592853e-04
74041 1.583617e-04
74130 1.577026e-04
74190 1.571717e-04
74225 1.564766e-04
74321 1.561122e-04
74389 1.555200e-04
74414 1.548284e-04
74494 1.536507e-04
74684 1.529201e-04
74747 1.516710e-04
74927 1.511853e-04
219782 1.494257e-04
219873 1.485236e-04
220052 1.472842e-04
220067 1.471891e-04
220090 1.470816e-04
220118 1.450034e-04
220125 1.447518e-04
220219 1.443356e-04
220339 1.438145e-04
220371 1.414268e-04
220445 1.411131e-04
220595 1.399796e-04
220691 1.387557e-04
220739 1.355481e-04
221313 1.344113e-04
221376 1.340459e-04
221433 1.338100e-04
221465 1.325583e-04
221524 1.296001e-04
221686 1.286044e-04
221783 1.260596e-04
222001 1.248329e-04
222101 1.211221e-04
222269 1.209333e-04
222426 1.183773e-04
222503 1.161115e-04
222590 1.145707e-04
222744 1.143375e-04
222761 1.126203e-04
222924 1.117954e-04
223090 1.112572e-04
223094 1.091049e-04
223108 1.090294e-04
223204 1.080382e-04
223303 1.079823e-04
223306 1.022729e-04
223788 9.965435e-05
223943 9.774777e-05
223984 9.451277e-05
224175 9.448531e-05
224324 9.447564e-05
224339 9.444700e-05
224373 9.428986e-05
224418 9.353017e-05
224443 9.238584e-05
224483 9.174092e-05
224539 9.040392e-05
224673 9.026692e-05
224713 8.866966e-05
224845 8.814659e-05
224885 8.760434e-05
224886 8.596488e-05
225059 8.555807e-05
225133 8.524208e-05
225167 8.510334e-05
225231 8.488585e-05
225247 8.465326e-05
225425 8.452718e-05
225444 8.420922e-05
225524 8.379320e-05
225585 8.347876e-05
225679 8.295702e-05
225763 8.226514e-05
225768 8.202564e-05
225826 8.161065e-05
225875 8.068387e-05
226010 8.066451e-05
226088 8.053669e-05
226186 7.962425e-05
226322 7.923208e-05
226426 7.896583e-05
226444 7.888020e-05
226534 7.791415e-05
226559 7.696697e-05
226794 7.597438e-05
226946 7.535765e-05
227140 7.518331e-05
227150 7.501988e-05
227171 7.490453e-05
227270 7.472033e-05
227286 7.453417e-05
227334 7.427081e-05
227426 7.372251e-05
227453 7.356282e-05
227475 7.319032e-05
227563 7.269017e-05
227644 7.226015e-05
227765 7.145247e-05
227872 6.949013e-05
228271 6.910880e-05
228433 6.901876e-05
228450 6.821841e-05
228489 6.729922e-05
228564 6.718032e-05
228652 6.673314e-05
228742 6.616534e-05
228959 6.616085e-05
229019 6.560310e-05
229069 6.543921e-05
229222 6.543885e-05
229268 6.497358e-05
229377 6.427518e-05
229378 6.340486e-05
229544 6.284520e-05
229779 6.260782e-05
229860 6.195599e-05
229982 6.176668e-05
230032 6.110290e-05
230041 6.081200e-05
230131 6.073630e-05
230152 6.046480e-05
230236 6.015789e-05
230244 6.014268e-05
230294 6.012572e-05
230313 5.950897e-05
230424 5.918224e-05
230491 5.848395e-05
230547 5.800530e-05
230624 5.751776e-05
231006 5.728023e-05
231051 5.723620e-05
231144 5.707945e-05
231159 5.693092e-05
231183 5.667353e-05
231210 5.562539e-05
231250 5.531039e-05
231432 5.440972e-05
231756 5.357959e-05
231997 5.279583e-05
232163 5.273993e-05
232186 5.247899e-05
232272 5.228945e-05
232292 5.222195e-05
232311 5.200894e-05
232331 5.163182e-05
232364 5.124531e-05
232524 5.107840e-05
232546 5.097708e-05
232648 5.092656e-05
232658 5.004748e-05
232673 5.000118e-05
232746 4.977692e-05
232820 4.937847e-05
232949 4.818618e-05
233367 4.709327e-05
233489 4.633023e-05
233584 4.565883e-05
233765 4.429118e-05
234176 4.403698e-05
234291 4.253003e-05
234529 4.188404e-05
234581 4.075007e-05
234780 4.069544e-05
235004 4.055288e-05
235012 3.829286e-05
235371 3.822742e-05
235375 3.773062e-05
235516 3.641720e-05
235687 3.621807e-05
235753 3.621211e-05
235788 3.606831e-05
235870 3.577676e-05
235880 3.575710e-05
235924 3.391787e-05
236123 3.380776e-05
236151 3.289455e-05
236549 3.191080e-05
236748 3.184054e-05
236771 3.181077e-05
236937 3.130309e-05
237144 3.118396e-05
237189 3.093154e-05
237222 3.078668e-05
237263 3.052412e-05
237273 3.027941e-05
237287 2.941992e-05
237574 2.863577e-05
237728 2.849825e-05
237747 2.821737e-05
237874 2.729231e-05
237970 2.685461e-05
238164 2.668850e-05
238196 2.660959e-05
238221 2.647257e-05
238606 2.568517e-05
239032 2.489696e-05
239110 2.487803e-05
239241 2.428710e-05
239508 2.417028e-05
239566 2.401334e-05
239577 2.399860e-05
239600 2.381160e-05
239686 2.355234e-05
239796 2.279417e-05
239972 2.275705e-05
240017 2.266402e-05
240019 2.257828e-05
240027 2.241951e-05
240093 2.239783e-05
240115 2.214019e-05
240249 2.187288e-05
240261 2.177568e-05
240312 2.176513e-05
240347 2.170224e-05
240378 2.168379e-05
240382 2.166122e-05
240412 2.161430e-05
240417 2.148330e-05
240421 2.136326e-05
240473 2.115517e-05
240667 2.113688e-05
240671 2.112999e-05
240714 2.072386e-05
240875 2.043130e-05
241133 1.973087e-05
241502 1.970311e-05
241697 1.962851e-05
241851 1.961763e-05
241853 1.959991e-05
241861 1.952772e-05
241922 1.939702e-05
241997 1.893656e-05
242251 1.890846e-05
242321 1.882912e-05
242380 1.846016e-05
242503 1.841643e-05
242596 1.835050e-05
242625 1.833875e-05
242658 1.833107e-05
242674 1.832683e-05
242692 1.831322e-05
242730 1.817808e-05
242781 1.801851e-05
242798 1.793246e-05
242836 1.788337e-05
242922 1.759484e-05
243048 1.753411e-05
243154 1.730734e-05
243296 1.727890e-05
243344 1.715939e-05
243414 1.714779e-05
243429 1.711176e-05
243500 1.678543e-05
243682 1.674870e-05
243724 1.674838e-05
243740 1.661962e-05
243876 1.650903e-05
244134 1.647235e-05
244185 1.646217e-05
244190 1.639543e-05
244246 1.634370e-05
244361 1.620772e-05
244448 1.608094e-05
244573 1.599320e-05
244682 1.593833e-05
244773 1.592449e-05
244783 1.586908e-05
244820 1.586036e-05
244860 1.585687e-05
244884 1.577021e-05
244889 1.572295e-05
244899 1.569729e-05
244981 1.547543e-05
245078 1.539278e-05
245089 1.528691e-05
245525 1.524220e-05
245543 1.517075e-05
245829 1.503431e-05
245919 1.489141e-05
246086 1.485709e-05
246178 1.476949e-05
246193 1.468789e-05
246243 1.453601e-05
246248 1.442851e-05
246370 1.442842e-05
246407 1.439771e-05
246486 1.434420e-05
246629 1.431234e-05
246850 1.405853e-05
246976 1.404789e-05
247040 1.401522e-05
247068 1.397818e-05
247169 1.392590e-05
247200 1.390954e-05
247320 1.384292e-05
247343 1.376481e-05
247510 1.374370e-05
247535 1.364271e-05
247588 1.354122e-05
247671 1.352266e-05
247688 1.351065e-05
247736 1.344342e-05
247808 1.342707e-05
247869 1.337496e-05
247916 1.335912e-05
247931 1.332668e-05
247935 1.331263e-05
247965 1.328957e-05
248062 1.324888e-05
248144 1.315801e-05
248190 1.305741e-05
248226 1.305179e-05
248375 1.305141e-05
248411 1.301915e-05
248479 1.289249e-05
248540 1.283514e-05
248591 1.282102e-05
248687 1.279836e-05
248713 1.271229e-05
248895 1.263818e-05
248957 1.255586e-05
249098 1.255584e-05
249163 1.242108e-05
249177 1.241573e-05
249211 1.240834e-05
249244 1.235355e-05
249358 1.196397e-05
249558 1.184981e-05
249618 1.178503e-05
249736 1.163280e-05
250070 1.162036e-05
250165 1.161834e-05
250218 1.161269e-05
250219 1.145490e-05
250243 1.126738e-05
250537 1.123509e-05
250644 1.105682e-05
250854 1.099206e-05
250888 1.095530e-05
250938 1.091673e-05
250969 1.076079e-05
250986 1.068681e-05
251037 1.061171e-05
251204 1.057881e-05
251591 1.054242e-05
251700 1.049127e-05
251730 1.044237e-05
251752 1.039795e-05
251933 1.039550e-05
252040 1.028861e-05
252071 1.023541e-05
252097 1.014589e-05
252171 1.012523e-05
252287 1.008384e-05
252327 1.005811e-05
252346 1.000042e-05
252550 9.880214e-06
252845 9.790934e-06
253193 9.769327e-06
253224 9.755927e-06
253267 9.691121e-06
253380 9.509353e-06
253537 9.502529e-06
253711 9.493445e-06
253738 9.410123e-06
253864 9.369662e-06
253941 9.344819e-06
253947 9.340488e-06
253966 9.333365e-06
253975 9.310182e-06
254016 9.281543e-06
254068 9.266790e-06
254254 9.152719e-06
254256 9.107961e-06
254480 9.107697e-06
254651 9.099084e-06
254689 8.983931e-06
254906 8.943379e-06
255029 8.922861e-06
255082 8.886169e-06
255118 8.828768e-06
255340 8.821842e-06
255348 8.800976e-06
255370 8.582099e-06
255696 8.401972e-06
255920 8.394633e-06
256031 8.341369e-06
256126 8.269150e-06
256136 8.242679e-06
256145 8.115082e-06
256433 8.088454e-06
256442 8.049554e-06
256566 8.025260e-06
256585 7.989289e-06
256600 7.923334e-06
256660 7.906348e-06
256673 7.900948e-06
256685 7.871571e-06
256996 7.864496e-06
257015 7.797028e-06
257034 7.667677e-06
257175 7.628858e-06
257383 7.431358e-06
257480 7.345480e-06
257781 7.307582e-06
257796 7.277007e-06
257940 7.241556e-06
258021 7.182569e-06
258200 7.177647e-06
258218 7.140997e-06
258223 7.072421e-06
258349 6.922379e-06
258565 6.900930e-06
258587 6.851168e-06
258664 6.826624e-06
258762 6.759321e-06
258872 6.744930e-06
258946 6.719036e-06
258953 6.705496e-06
259035 6.674507e-06
259064 6.666782e-06
259072 6.649022e-06
259185 6.641738e-06
259188 6.638304e-06
259200 6.631240e-06
259204 6.585026e-06
259305 6.531515e-06
259327 6.495518e-06
259433 6.469470e-06
259489 6.421165e-06
259782 6.354290e-06
259828 6.346842e-06
259846 6.211983e-06
260037 6.172880e-06
260058 6.152126e-06
260227 6.064647e-06
260272 6.044886e-06
260298 6.021268e-06
260316 6.008255e-06
260337 5.994401e-06
260383 5.991274e-06
260413 5.951138e-06
260503 5.921765e-06
260530 5.819373e-06
260605 5.791111e-06
260913 5.641044e-06
261174 5.637683e-06
261264 5.594115e-06
261339 5.539375e-06
261425 5.494925e-06
261468 5.439895e-06
261470 5.416663e-06
261664 5.344160e-06
261977 5.270547e-06
262173 5.238304e-06
262268 5.201578e-06
262308 5.165743e-06
262581 5.129779e-06
262938 5.089073e-06
262975 5.078314e-06
263007 5.074566e-06
263075 5.060803e-06
263083 5.004769e-06
263469 4.993968e-06
263625 4.959377e-06
263903 4.954466e-06
263906 4.927398e-06
264079 4.919583e-06
264137 4.906252e-06
264174 4.903850e-06
264198 4.897763e-06
264222 4.890218e-06
264267 4.879963e-06
264288 4.876618e-06
264344 4.854975e-06
264470 4.849409e-06
264580 4.834791e-06
264742 4.832729e-06
264754 4.827186e-06
264767 4.812895e-06
264817 4.804383e-06
264858 4.787384e-06
264920 4.784304e-06
264960 4.772655e-06
264984 4.756727e-06
265111 4.754105e-06
265125 4.743016e-06
265134 4.741967e-06
265164 4.734269e-06
265196 4.726637e-06
265259 4.707386e-06
265402 4.684152e-06
265453 4.682049e-06
265572 4.649416e-06
265645 4.621017e-06
265898 4.619783e-06
265907 4.589794e-06
265930 4.586860e-06
266046 4.585158e-06
266107 4.554504e-06
266285 4.551929e-06
266400 4.545764e-06
266409 4.541105e-06
266425 4.517818e-06
266462 4.511831e-06
266578 4.461691e-06
266693 4.426548e-06
266819 4.416616e-06
266908 4.346240e-06
267015 4.328091e-06
267222 4.321963e-06
267259 4.320389e-06
267303 4.315422e-06
267318 4.300669e-06
267353 4.278515e-06
267380 4.243289e-06
267496 4.122844e-06
267897 4.086801e-06
267918 4.064472e-06
267927 4.059217e-06
268005 4.052731e-06
268210 3.909642e-06
268575 3.898657e-06
268700 3.838378e-06
268799 3.835535e-06
268867 3.708450e-06
269231 3.623965e-06
269441 3.582030e-06
269456 3.560192e-06
269489 3.518548e-06
269535 3.507998e-06
269566 3.475270e-06
269614 3.464399e-06
269635 3.412840e-06
269870 3.392181e-06
269908 3.377540e-06
269982 3.350013e-06
270116 3.333898e-06
270188 3.297442e-06
270235 3.278184e-06
270356 3.261510e-06
270358 3.242503e-06
270432 3.231661e-06
270505 3.198315e-06
270710 3.182514e-06
270728 3.177195e-06
270791 3.159854e-06
270794 3.138578e-06
271247 3.138006e-06
271294 3.099608e-06
271319 3.098565e-06
271488 3.094925e-06
271541 3.062995e-06
271601 3.062775e-06
271750 3.057540e-06
271752 3.052671e-06
271777 3.031633e-06
271922 3.013350e-06
271952 3.009567e-06
272062 3.009432e-06
272065 2.979537e-06
272211 2.975227e-06
272230 2.971210e-06
272276 2.963224e-06
272338 2.959793e-06
272381 2.951174e-06
272518 2.944066e-06
272533 2.936926e-06
272569 2.928711e-06
272687 2.927708e-06
272742 2.920532e-06
272798 2.895142e-06
272856 2.888981e-06
272894 2.880714e-06
272895 2.878692e-06
273001 2.851677e-06
273126 2.851424e-06
273156 2.847239e-06
273228 2.833011e-06
273303 2.810703e-06
273336 2.809014e-06
273451 2.795514e-06
273562 2.793184e-06
273571 2.763058e-06
273665 2.753180e-06
273710 2.745494e-06
273761 2.741583e-06
273839 2.721864e-06
273887 2.695740e-06
273964 2.681446e-06
274027 2.673932e-06
274065 2.626957e-06
274108 2.620541e-06
274351 2.530033e-06
274585 2.499436e-06
274588 2.471511e-06
274805 2.421010e-06
275055 2.398887e-06
275099 2.396578e-06
275263 2.378358e-06
275268 2.377603e-06
275280 2.352671e-06
275382 2.348438e-06
275383 2.338173e-06
275433 2.228975e-06
275584 2.228264e-06
275640 2.226487e-06
275654 2.186864e-06
275779 2.168921e-06
275808 2.155045e-06
275839 2.147150e-06
275840 2.097006e-06
275903 2.082394e-06
275983 2.015501e-06
276060 2.013330e-06
276348 1.992205e-06
276404 1.976736e-06
276522 1.841110e-06
276731 1.813215e-06
277144 1.793307e-06
277165 1.785853e-06
277283 1.759517e-06
277304 1.722033e-06
277357 1.685948e-06
277495 1.669879e-06
277508 1.667747e-06
277592 1.652181e-06
277646 1.647525e-06
277673 1.644817e-06
277720 1.636542e-06
277768 1.623638e-06
277793 1.616217e-06
277825 1.588049e-06
277842 1.586739e-06
277901 1.559188e-06
278219 1.542579e-06
278251 1.537580e-06
278319 1.529867e-06
278330 1.522278e-06
278381 1.502322e-06
278484 1.500154e-06
278507 1.490621e-06
278511 1.488147e-06
278578 1.473989e-06
278634 1.459664e-06
278773 1.453980e-06
278817 1.448647e-06
278854 1.441637e-06
278885 1.432560e-06
279049 1.421782e-06
279061 1.420144e-06
279141 1.391884e-06
279315 1.386658e-06
279337 1.384119e-06
279352 1.371835e-06
279607 1.350544e-06
279735 1.337205e-06
279815 1.323845e-06
279947 1.322400e-06
279979 1.317142e-06
280011 1.314473e-06
280165 1.313581e-06
280185 1.292541e-06
280518 1.279618e-06
280711 1.273424e-06
280766 1.273367e-06
280838 1.270716e-06
280839 1.257937e-06
281019 1.254928e-06
281037 1.236420e-06
281212 1.236298e-06
281243 1.233223e-06
281333 1.229504e-06
281430 1.223773e-06
281463 1.222591e-06
281531 1.209956e-06
281725 1.197755e-06
281822 1.186710e-06
281866 1.177863e-06
282010 1.168828e-06
282150 1.167575e-06
282377 1.155298e-06
282397 1.154384e-06
282452 1.147202e-06
282527 1.141238e-06
282656 1.127607e-06
282838 1.122689e-06
283022 1.117378e-06
283075 1.114797e-06
283098 1.114220e-06
283159 1.113916e-06
283166 1.111409e-06
283263 1.107896e-06
283300 1.100779e-06
283301 1.093020e-06
283302 1.089528e-06
283377 1.084185e-06
283473 1.081437e-06
283486 1.068377e-06
283749 1.065652e-06
283923 1.065564e-06
283962 1.062835e-06
284027 1.060576e-06
284112 1.057571e-06
284179 1.055671e-06
284187 1.042247e-06
284332 1.041724e-06
284345 1.034543e-06
284458 1.033609e-06
284525 1.025680e-06
284587 1.014859e-06
284890 1.007427e-06
284978 9.992195e-07
285137 9.970403e-07
285156 9.956471e-07
285179 9.917819e-07
285204 9.903834e-07
285233 9.790207e-07
285483 9.778546e-07
285512 9.723404e-07
285691 9.648513e-07
285711 9.547310e-07
285834 9.509980e-07
285876 9.493930e-07
285941 9.417949e-07
286031 9.332607e-07
286327 9.319797e-07
286410 9.316851e-07
286448 9.208299e-07
286485 9.165436e-07
286666 9.089331e-07
286828 9.002130e-07
286847 8.986823e-07
286887 8.814301e-07
286925 8.801476e-07
286998 8.789818e-07
287024 8.721386e-07
287043 8.686592e-07
287076 8.609106e-07
287214 8.542961e-07
287266 8.520017e-07
287316 8.459416e-07
287345 8.368182e-07
287431 8.252491e-07
287526 8.233341e-07
287555 8.128896e-07
287662 8.089335e-07
287745 8.019988e-07
287817 7.945295e-07
287848 7.882958e-07
287890 7.881556e-07
287923 7.816714e-07
288011 7.799962e-07
288017 7.746190e-07
288030 7.687306e-07
288056 7.674591e-07
288148 7.570004e-07
288179 7.452905e-07
288267 7.429971e-07
288367 7.361502e-07
288389 7.355430e-07
288416 7.337113e-07
288441 7.161659e-07
288674 7.088995e-07
288797 6.961773e-07
288864 6.928759e-07
288957 6.894258e-07
289006 6.861641e-07
289037 6.850936e-07
289061 6.806254e-07
289075 6.804644e-07
289227 6.515868e-07
289340 6.455565e-07
289541 6.441287e-07
289701 6.434084e-07
289767 6.410120e-07
289819 6.201109e-07
289871 6.102935e-07
290013 6.086083e-07
290029 6.038144e-07
290051 6.018542e-07
290126 5.969308e-07
290144 5.892248e-07
290226 5.744747e-07
290427 5.739350e-07
290466 5.719981e-07
290540 5.661278e-07
290571 5.456040e-07
290658 5.414195e-07
290724 5.367845e-07
290767 5.338605e-07
290880 5.205746e-07
290981 5.144429e-07
290997 5.064830e-07
291015 5.013554e-07
291244 4.951239e-07
291274 4.939179e-07
291303 4.930851e-07
291387 4.888126e-07
291430 4.809210e-07
291592 4.790211e-07
291597 4.777331e-07
291636 4.767793e-07
291677 4.766130e-07
291732 4.726432e-07
291753 4.688285e-07
291779 4.670263e-07
292003 4.660369e-07
292038 4.627068e-07
292073 4.538665e-07
292295 4.520337e-07
292296 4.498847e-07
292466 4.434133e-07
292700 4.424727e-07
292873 4.399773e-07
292930 4.349532e-07
292943 4.301977e-07
293198 4.265931e-07
293239 4.221201e-07
293650 4.055718e-07
293948 4.006318e-07
294266 4.004506e-07
294271 3.955339e-07
294376 3.944107e-07
294533 3.921261e-07
294561 3.909320e-07
294599 3.886118e-07
294690 3.883226e-07
294723 3.828446e-07
294837 3.784506e-07
294883 3.700415e-07
295060 3.689186e-07
295267 3.667824e-07
295331 3.630547e-07
295360 3.626933e-07
295361 3.610934e-07
295396 3.593716e-07
295443 3.591777e-07
295483 3.562719e-07
295546 3.508689e-07
295627 3.505235e-07
295703 3.424332e-07
295785 3.406606e-07
296012 3.404366e-07
296051 3.401082e-07
296060 3.398448e-07
296143 3.358972e-07
296172 3.309833e-07
296237 3.291654e-07
296307 3.280572e-07
296422 3.272146e-07
296428 3.261493e-07
296438 3.231097e-07
296474 3.218597e-07
296558 3.167294e-07
296637 3.068922e-07
296706 3.032714e-07
296799 3.025903e-07
297053 2.997817e-07
297058 2.957983e-07
297133 2.945762e-07
297269 2.930269e-07
297320 2.915313e-07
297382 2.876006e-07
297553 2.871811e-07
297575 2.751490e-07
297734 2.746681e-07
297914 2.729210e-07
297986 2.701438e-07
298026 2.627819e-07
298149 2.615992e-07
298200 2.604557e-07
298225 2.570893e-07
298426 2.538392e-07
298520 2.468196e-07
298676 2.467932e-07
298778 2.464722e-07
298810 2.439868e-07
298887 2.226109e-07
299478 2.224878e-07
299591 2.192313e-07
299802 2.165494e-07
299809 2.164055e-07
299827 2.154231e-07
299942 2.075451e-07
300015 2.051078e-07
300052 2.038183e-07
300153 2.004538e-07
300254 1.982988e-07
300261 1.981233e-07
300322 1.980327e-07
300676 1.952523e-07
300710 1.895399e-07
300729 1.895285e-07
300867 1.872133e-07
301179 1.869173e-07
301268 1.860215e-07
301303 1.848468e-07
301369 1.840511e-07
301407 1.825091e-07
301458 1.818455e-07
301500 1.816323e-07
301593 1.788441e-07
301676 1.777690e-07
301703 1.775624e-07
301725 1.773146e-07
301800 1.764278e-07
301811 1.750691e-07
301915 1.710988e-07
302191 1.708563e-07
302468 1.696402e-07
302499 1.693212e-07
302525 1.683411e-07
302527 1.681153e-07
302543 1.661420e-07
302578 1.654236e-07
302786 1.642803e-07
302905 1.638922e-07
302981 1.626122e-07
303102 1.619563e-07
303128 1.613021e-07
303162 1.603366e-07
303295 1.597288e-07
303344 1.594457e-07
303351 1.593540e-07
303453 1.580137e-07
303493 1.579676e-07
303603 1.561295e-07
303886 1.559252e-07
304006 1.556014e-07
304022 1.551402e-07
304104 1.547998e-07
304128 1.543979e-07
304163 1.543515e-07
304251 1.539785e-07
304289 1.536601e-07
304304 1.533198e-07
304341 1.527062e-07
304396 1.517439e-07
304430 1.512870e-07
304443 1.504113e-07
304575 1.495366e-07
304679 1.483276e-07
304868 1.482526e-07
304883 1.482320e-07
304888 1.481669e-07
304901 1.480593e-07
304929 1.475945e-07
304971 1.475095e-07
305011 1.455868e-07
305039 1.455430e-07
305149 1.436547e-07
305613 1.435013e-07
305649 1.433836e-07
305694 1.430803e-07
305798 1.422336e-07
305892 1.422130e-07
305961 1.422012e-07
305972 1.419458e-07
305987 1.409158e-07
306032 1.401739e-07
306143 1.397276e-07
306175 1.396464e-07
306219 1.388836e-07
306298 1.385509e-07
306324 1.381382e-07
306376 1.380362e-07
306471 1.377761e-07
306519 1.373569e-07
306531 1.367411e-07
306650 1.366093e-07
306665 1.364979e-07
306694 1.364051e-07
306766 1.363628e-07
306806 1.363555e-07
306908 1.361238e-07
307091 1.360500e-07
307134 1.356747e-07
307255 1.355590e-07
307268 1.352715e-07
307330 1.351811e-07
307435 1.349981e-07
307452 1.345242e-07
307580 1.343205e-07
307599 1.342554e-07
307626 1.337388e-07
307655 1.336390e-07
307697 1.335933e-07
307784 1.331119e-07
308067 1.326687e-07
308303 1.317481e-07
308460 1.316960e-07
308520 1.313074e-07
308594 1.310646e-07
308602 1.308759e-07
308655 1.308426e-07
308787 1.302710e-07
308853 1.300332e-07
308922 1.297032e-07
309038 1.292644e-07
309143 1.290855e-07
309232 1.283942e-07
309235 1.273398e-07
309434 1.270200e-07
309672 1.266632e-07
309805 1.255881e-07
309894 1.253630e-07
309911 1.253107e-07
309988 1.249333e-07
310032 1.248953e-07
310072 1.246695e-07
310102 1.237062e-07
310280 1.234828e-07
310283 1.231936e-07
310330 1.231792e-07
310369 1.223287e-07
310461 1.218852e-07
310512 1.218688e-07
310663 1.214197e-07
310709 1.205506e-07
310932 1.202659e-07
310934 1.201717e-07
310959 1.191828e-07
310999 1.176290e-07
311281 1.168641e-07
311611 1.166327e-07
311668 1.161633e-07
311669 1.158938e-07
311739 1.147383e-07
311742 1.147183e-07
311750 1.145754e-07
311784 1.142657e-07
311826 1.141133e-07
311893 1.120387e-07
311935 1.113389e-07
312108 1.099551e-07
312188 1.099449e-07
312200 1.091082e-07
312420 1.074772e-07
312523 1.072549e-07
312593 1.070053e-07
312630 1.064100e-07
312745 1.062333e-07
312763 1.058336e-07
312773 1.033750e-07
313072 1.022818e-07
313151 1.014805e-07
313343 9.996899e-08
313422 9.947222e-08
313444 9.842209e-08
313488 9.782066e-08
313523 9.745221e-08
313617 9.626405e-08
313671 9.593657e-08
313704 9.513925e-08
313838 9.486117e-08
313844 9.462048e-08
313892 9.420244e-08
313948 9.297308e-08
313952 9.238110e-08
314024 9.235206e-08
314097 8.998821e-08
314271 8.980254e-08
314292 8.889518e-08
314449 8.852843e-08
314532 8.611726e-08
314696 8.340161e-08
315046 8.293044e-08
315072 8.281197e-08
315122 8.271415e-08
315150 8.126423e-08
315189 8.050986e-08
315192 8.040274e-08
315248 7.920564e-08
315296 7.891564e-08
315362 7.833523e-08
315484 7.813278e-08
315502 7.805829e-08
315524 7.713701e-08
315562 7.709332e-08
315576 7.547972e-08
315687 7.541632e-08
315734 7.539683e-08
315744 7.404213e-08
315758 7.364824e-08
315773 7.303521e-08
315863 7.280095e-08
315954 7.238791e-08
316022 7.154146e-08
316058 7.147573e-08
316096 7.030853e-08
316269 6.993146e-08
316312 6.871532e-08
316415 6.823237e-08
316444 6.750088e-08
316451 6.713552e-08
316452 6.709211e-08
316696 6.666514e-08
316786 6.654890e-08
316808 6.634165e-08
316824 6.549193e-08
316834 6.383729e-08
316887 6.358005e-08
316964 6.279604e-08
317164 6.236547e-08
317179 6.111949e-08
317282 6.030197e-08
317300 5.980700e-08
317369 5.944905e-08
317405 5.845984e-08
317668 5.675844e-08
317682 5.644417e-08
317883 5.562820e-08
318019 5.516632e-08
318105 5.444948e-08
318221 5.309236e-08
318386 5.271781e-08
318560 5.263260e-08
318613 5.226912e-08
318623 5.081586e-08
318760 5.060195e-08
318796 5.026852e-08
318800 5.025613e-08
318819 4.972987e-08
318957 4.965701e-08
318961 4.920872e-08
318966 4.907766e-08
319000 4.862065e-08
319211 4.828748e-08
319272 4.674735e-08
319360 4.656624e-08
319468 4.625667e-08
319507 4.616848e-08
319620 4.580372e-08
319676 4.475591e-08
319952 4.396372e-08
320013 4.350966e-08
320282 4.276166e-08
320353 4.200151e-08
320566 4.191967e-08
320690 4.157581e-08
320798 4.141268e-08
320875 4.112167e-08
320878 4.086344e-08
320981 4.055694e-08
321030 4.038313e-08
321097 4.011880e-08
321201 3.970415e-08
321282 3.952369e-08
321283 3.944293e-08
321318 3.939755e-08
321369 3.920353e-08
321381 3.919901e-08
321394 3.909719e-08
321434 3.907909e-08
321621 3.885588e-08
321649 3.868400e-08
321797 3.833738e-08
321827 3.795943e-08
321905 3.794756e-08
321959 3.794337e-08
322005 3.772866e-08
322007 3.722539e-08
322052 3.655033e-08
322301 3.612418e-08
322340 3.596378e-08
322505 3.592527e-08
322523 3.567518e-08
322545 3.560602e-08
322643 3.459169e-08
322764 3.441749e-08
322963 3.420933e-08
323054 3.402573e-08
323153 3.371270e-08
323272 3.369328e-08
323349 3.352948e-08
323380 3.344322e-08
323434 3.321727e-08
323467 3.315729e-08
323507 3.299747e-08
323513 3.299725e-08
323522 3.272342e-08
323608 3.244076e-08
323734 3.203888e-08
323975 3.194210e-08
323983 3.185229e-08
324008 3.169915e-08
324078 3.126194e-08
324207 3.096084e-08
324234 3.059210e-08
324330 3.037183e-08
324355 3.007298e-08
324572 2.972308e-08
324595 2.950570e-08
324726 2.944137e-08
324762 2.940298e-08
324850 2.938510e-08
324923 2.937256e-08
324995 2.891080e-08
325129 2.842568e-08
325258 2.821231e-08
325291 2.770869e-08
325364 2.753119e-08
325494 2.750084e-08
325501 2.721945e-08
325562 2.700622e-08
325717 2.688080e-08
325765 2.645226e-08
325799 2.628515e-08
325959 2.613015e-08
326010 2.612895e-08
326256 2.552182e-08
326685 2.520295e-08
326733 2.413068e-08
326904 2.374450e-08
326947 2.371087e-08
326966 2.370220e-08
327000 2.358110e-08
327121 2.342993e-08
327130 2.314318e-08
327236 2.302875e-08
327359 2.281633e-08
327464 2.262047e-08
327469 2.261895e-08
327472 2.242371e-08
327544 2.229216e-08
327583 2.204398e-08
327735 2.170066e-08
327806 2.127282e-08
328033 2.119833e-08
328104 2.100701e-08
328181 2.025282e-08
328311 1.976371e-08
328519 1.973706e-08
328614 1.917721e-08
328828 1.913962e-08
328894 1.913818e-08
328966 1.864704e-08
329089 1.813710e-08
329347 1.791977e-08
329579 1.780615e-08
329664 1.778771e-08
329748 1.761125e-08
329781 1.744573e-08
329945 1.740099e-08
329980 1.737931e-08
330085 1.714385e-08
330192 1.711940e-08
330362 1.708563e-08
330394 1.706268e-08
330407 1.675161e-08
330692 1.674521e-08
330732 1.655253e-08
330961 1.653024e-08
330979 1.638275e-08
331012 1.638241e-08
331333 1.637568e-08
331354 1.634754e-08
331374 1.634645e-08
331387 1.633559e-08
331411 1.630900e-08
331420 1.622908e-08
331431 1.621320e-08
331462 1.614364e-08
331506 1.611331e-08
331627 1.608643e-08
331661 1.596026e-08
331830 1.595898e-08
331850 1.592051e-08
331881 1.591760e-08
331901 1.584939e-08
332206 1.577552e-08
332240 1.572352e-08
332505 1.559598e-08
332671 1.552667e-08
332910 1.547750e-08
332994 1.538428e-08
333078 1.534282e-08
