1 4.193552e+05
2 1.715264e+05
39 1.136512e+05
88 1.127795e+05
133 4.418376e+04
595 3.105314e+04
755 2.022026e+04
892 1.983154e+04
923 1.770130e+04
1000 1.611613e+04
1088 1.225396e+04
1226 1.208796e+04
1241 8.644690e+03
1394 7.515653e+03
1511 7.143013e+03
1629 6.881244e+03
1686 6.237988e+03
1738 5.106264e+03
1878 5.103477e+03
1892 4.059116e+03
2023 3.188910e+03
2115 2.829568e+03
2805 2.726114e+03
2825 2.718303e+03
2848 2.549119e+03
2913 2.363428e+03
2988 2.342973e+03
3008 2.244368e+03
3082 2.234882e+03
3135 2.034012e+03
3428 1.986810e+03
3502 1.986490e+03
3505 1.715995e+03
3633 1.710342e+03
3668 1.683288e+03
3680 1.675755e+03
3728 1.642889e+03
3825 1.611992e+03
3827 1.591038e+03
3884 1.440620e+03
4030 1.430643e+03
4079 1.367032e+03
4132 1.342392e+03
4157 1.228600e+03
4181 1.189154e+03
4243 1.161844e+03
4380 1.134229e+03
4430 1.127842e+03
4448 1.122485e+03
4453 1.040029e+03
4489 9.371834e+02
4585 9.242858e+02
4668 8.602569e+02
4685 8.076115e+02
4991 7.481189e+02
5022 6.428305e+02
5216 5.575065e+02
5441 5.290489e+02
5524 4.973618e+02
5678 4.079158e+02
5908 4.002925e+02
5943 3.598671e+02
6089 3.294679e+02
6202 3.213640e+02
6269 3.079008e+02
6279 2.963200e+02
6371 2.893373e+02
6442 2.825511e+02
6493 2.770810e+02
6568 2.740144e+02
6608 2.547817e+02
6842 2.477491e+02
6847 2.378647e+02
6926 2.365166e+02
6996 2.350616e+02
7033 2.343526e+02
7061 2.269261e+02
7130 2.255306e+02
7146 2.196468e+02
7162 2.096553e+02
7274 2.068266e+02
7365 2.033738e+02
7402 2.029640e+02
7430 2.016104e+02
7453 2.013901e+02
7513 1.991006e+02
7587 1.964087e+02
7611 1.961424e+02
7644 1.926880e+02
7701 1.914889e+02
7775 1.899802e+02
7902 1.860240e+02
7954 1.859930e+02
7988 1.826717e+02
8073 1.824909e+02
8075 1.817239e+02
8123 1.787318e+02
8264 1.784580e+02
8268 1.782391e+02
8314 1.775898e+02
8323 1.756438e+02
8379 1.679006e+02
8434 1.651003e+02
8486 1.614305e+02
8872 1.562553e+02
8959 1.534577e+02
8985 1.530687e+02
8993 1.491226e+02
9197 1.462283e+02
9249 1.437301e+02
9303 1.432494e+02
9324 1.411866e+02
9343 1.379450e+02
9414 1.348350e+02
9492 1.344938e+02
9502 1.258988e+02
9741 1.253301e+02
9780 1.252401e+02
9851 1.222001e+02
9919 1.208114e+02
9936 1.205854e+02
10026 1.205200e+02
10044 1.144653e+02
10118 1.111820e+02
10168 1.095956e+02
10205 1.069112e+02
10298 1.063065e+02
10326 1.039816e+02
10364 1.025901e+02
10435 9.637755e+01
10477 9.621233e+01
10533 9.406866e+01
10541 9.303158e+01
10709 9.268883e+01
10927 8.809634e+01
11016 8.322878e+01
11023 8.184875e+01
11054 7.985099e+01
11097 7.777342e+01
11147 7.536065e+01
11218 7.067967e+01
11312 7.011152e+01
11356 6.904095e+01
11375 6.724685e+01
11388 6.591786e+01
11452 6.360394e+01
11523 6.219567e+01
11539 6.044749e+01
11547 5.878033e+01
11559 5.810747e+01
11738 5.747640e+01
11784 5.736560e+01
11797 5.678962e+01
11871 5.645508e+01
11875 5.564880e+01
11885 5.466597e+01
11918 5.456463e+01
11928 5.366068e+01
11943 5.233892e+01
11995 4.981524e+01
12101 4.931575e+01
12106 4.876660e+01
12108 4.815465e+01
12143 4.528187e+01
12163 4.440274e+01
12221 4.374217e+01
12323 4.262821e+01
12534 4.111161e+01
12595 4.064819e+01
12604 3.826369e+01
12687 3.765985e+01
12707 3.426518e+01
12869 3.205233e+01
12879 3.152583e+01
12950 3.040296e+01
13017 2.785957e+01
13208 2.739424e+01
13253 2.594077e+01
13294 2.562148e+01
13312 2.415543e+01
13377 2.329284e+01
13384 2.301940e+01
13488 2.245439e+01
13497 2.231089e+01
13563 2.086003e+01
13613 2.078766e+01
13643 2.007522e+01
13664 1.803595e+01
13749 1.677549e+01
13843 1.582573e+01
13928 1.528441e+01
13955 1.496258e+01
14010 1.373227e+01
14101 1.343056e+01
14171 1.281599e+01
14231 1.267689e+01
14341 1.254597e+01
14361 1.103345e+01
14385 1.060031e+01
14433 1.042226e+01
14459 1.026200e+01
14545 9.076065e+00
14717 8.415759e+00
14741 7.970762e+00
14826 7.426987e+00
14872 7.236665e+00
14895 6.469150e+00
14898 5.974874e+00
14938 5.730458e+00
14958 5.480481e+00
15021 5.280873e+00
15124 4.818889e+00
15238 4.356649e+00
15321 4.000728e+00
15347 3.977934e+00
15360 3.673329e+00
15471 3.340810e+00
15525 3.309420e+00
15539 3.222873e+00
15545 3.158355e+00
15556 2.984587e+00
15608 2.351355e+00
15758 2.300995e+00
15777 2.234324e+00
15979 1.714384e+00
16203 1.558621e+00
16307 1.420959e+00
16405 1.379836e+00
16502 1.359239e+00
16530 1.110686e+00
16841 1.038540e+00
16850 1.029077e+00
16865 1.011831e+00
16890 9.502428e-01
16930 9.054571e-01
16937 8.558610e-01
17066 7.887214e-01
17079 7.845869e-01
17108 7.822729e-01
17178 7.283332e-01
17219 6.801630e-01
17246 6.791545e-01
17311 6.120121e-01
17397 5.616068e-01
17431 4.767376e-01
17559 4.646422e-01
17592 4.032851e-01
17698 3.892504e-01
17834 3.838216e-01
17856 3.733075e-01
17936 3.530774e-01
17942 3.293101e-01
18039 3.272944e-01
18055 2.990702e-01
18136 2.962120e-01
18138 2.661971e-01
18373 2.566736e-01
18412 2.561964e-01
18424 2.342129e-01
18618 2.158468e-01
18680 1.953885e-01
18971 1.769176e-01
19091 1.657108e-01
19228 1.461284e-01
19354 1.460583e-01
19440 1.277769e-01
19494 1.239679e-01
19517 1.028205e-01
20178 9.550402e-02
20255 9.389742e-02
20361 9.306184e-02
20366 9.234571e-02
20411 9.187399e-02
20420 9.020147e-02
20447 8.499641e-02
20648 7.696278e-02
20715 7.487576e-02
20800 7.208013e-02
20906 7.164795e-02
21034 6.629295e-02
21086 6.484043e-02
21238 6.453757e-02
21397 6.403445e-02
21434 6.117090e-02
21742 5.972117e-02
21814 5.697624e-02
21822 5.600140e-02
21828 5.591283e-02
21907 5.277337e-02
22098 5.051901e-02
22374 5.044528e-02
22489 4.886801e-02
22509 4.643696e-02
22810 4.640556e-02
22891 4.549420e-02
22941 4.330093e-02
22960 4.285244e-02
23100 4.245280e-02
23112 4.130327e-02
23211 4.092279e-02
23213 4.021988e-02
23449 3.869253e-02
23503 3.825243e-02
23608 3.798227e-02
23619 3.671374e-02
23727 3.557789e-02
23855 3.546940e-02
23969 3.447153e-02
24094 3.433167e-02
24146 3.238438e-02
24358 3.220771e-02
24433 3.110286e-02
24475 3.065391e-02
24498 3.054282e-02
24574 2.932539e-02
25034 2.772955e-02
25230 2.762975e-02
25331 2.720463e-02
25395 2.700407e-02
25502 2.500557e-02
25792 2.373887e-02
25825 2.359738e-02
25843 2.310487e-02
25985 2.277947e-02
26079 2.273964e-02
26089 2.263648e-02
26144 2.245394e-02
26157 2.206524e-02
26180 2.186977e-02
26201 2.136266e-02
26245 2.008546e-02
26455 1.977984e-02
26628 1.946638e-02
26692 1.934993e-02
26856 1.891436e-02
26918 1.846652e-02
26969 1.720134e-02
27393 1.546174e-02
28105 1.538963e-02
28118 1.428042e-02
28489 1.414742e-02
28521 1.367679e-02
28525 1.239636e-02
28617 1.236089e-02
29342 1.232053e-02
29503 1.133120e-02
29573 1.123482e-02
29655 1.095410e-02
29675 1.059322e-02
29753 9.882642e-03
30089 9.709819e-03
30116 9.631265e-03
30143 9.621197e-03
30160 8.989498e-03
30243 8.946784e-03
30256 8.352971e-03
30329 8.278610e-03
30562 7.998200e-03
30642 7.707592e-03
30698 7.522245e-03
31122 7.425232e-03
31127 7.228630e-03
31177 7.206931e-03
31274 7.115810e-03
31281 7.052998e-03
31390 6.936738e-03
31483 6.934951e-03
31497 6.632704e-03
31830 6.579639e-03
31869 6.447166e-03
32028 6.410112e-03
32137 6.261431e-03
32285 6.170552e-03
32448 6.143078e-03
32681 5.859078e-03
32881 5.707913e-03
33204 5.570143e-03
33306 5.313838e-03
33496 5.297964e-03
33560 5.046262e-03
33679 4.989129e-03
34020 4.804510e-03
34087 4.785562e-03
34220 4.502251e-03
34635 4.366271e-03
34826 4.095105e-03
35137 4.053155e-03
35202 4.010531e-03
35236 3.968603e-03
35252 3.924641e-03
35306 3.879379e-03
35346 3.765119e-03
35475 3.728497e-03
35503 3.708881e-03
35523 3.699643e-03
35537 3.660573e-03
35564 3.601295e-03
35636 3.595447e-03
35692 3.540297e-03
35722 3.453817e-03
35754 3.340485e-03
36099 3.277012e-03
36184 3.258523e-03
36459 3.174240e-03
36506 3.161495e-03
36657 3.150768e-03
36842 3.038893e-03
36913 2.982277e-03
37037 2.952075e-03
37039 2.952026e-03
37123 2.878848e-03
37437 2.864598e-03
37494 2.771652e-03
37749 2.598710e-03
38018 2.580757e-03
38153 2.534662e-03
38156 2.394154e-03
38339 2.371907e-03
38368 2.281519e-03
38449 2.279522e-03
38640 2.260532e-03
38650 2.214923e-03
38709 2.193429e-03
38903 2.147550e-03
38923 2.108041e-03
39000 2.098915e-03
39092 2.084694e-03
39337 2.048357e-03
39394 2.043136e-03
39440 2.034026e-03
39667 2.022357e-03
39784 1.915697e-03
39969 1.902900e-03
40403 1.873393e-03
40638 1.872448e-03
40697 1.826837e-03
40849 1.817986e-03
40900 1.726588e-03
41504 1.691292e-03
41565 1.645886e-03
41712 1.592747e-03
41822 1.557476e-03
42173 1.520699e-03
42206 1.510946e-03
42457 1.496174e-03
42542 1.481491e-03
42724 1.472541e-03
42785 1.419105e-03
43186 1.409901e-03
43422 1.396163e-03
43430 1.376353e-03
43474 1.358252e-03
43658 1.351958e-03
43797 1.346713e-03
43848 1.338889e-03
43909 1.295361e-03
43969 1.276321e-03
44419 1.263942e-03
44442 1.262887e-03
44455 1.242738e-03
44591 1.242023e-03
44596 1.225449e-03
44770 1.213243e-03
44788 1.191907e-03
44915 1.189966e-03
44947 1.186134e-03
44949 1.184046e-03
44971 1.170479e-03
45061 1.167910e-03
45156 1.131392e-03
45409 1.122371e-03
45438 1.114936e-03
45460 1.087780e-03
45656 1.084177e-03
45703 1.066744e-03
45722 1.059416e-03
45882 1.029046e-03
45960 1.026664e-03
46064 1.017204e-03
46241 1.010406e-03
46246 1.001501e-03
46302 9.985978e-04
46335 9.883026e-04
46452 9.757772e-04
46495 9.739351e-04
46545 9.730838e-04
46661 9.469532e-04
46711 9.116784e-04
46758 9.085532e-04
46862 9.043890e-04
46867 8.896468e-04
46920 8.883266e-04
47194 8.792454e-04
47377 8.261520e-04
47415 8.078078e-04
47571 7.933410e-04
47724 7.859693e-04
47967 7.848499e-04
47992 7.758142e-04
48010 7.743173e-04
48109 7.489132e-04
48158 7.470109e-04
48271 7.458080e-04
48532 7.342040e-04
48637 7.337510e-04
48652 7.216047e-04
48717 6.992141e-04
48836 6.968202e-04
48942 6.738281e-04
48988 6.608937e-04
49201 6.536435e-04
49280 6.367803e-04
49344 6.278978e-04
49476 6.268314e-04
49528 6.169841e-04
49610 6.169556e-04
49615 6.151423e-04
49674 6.114101e-04
49713 6.063447e-04
49737 6.003146e-04
49865 5.961970e-04
49971 5.880761e-04
50130 5.831257e-04
50156 5.792478e-04
50231 5.768122e-04
50290 5.745463e-04
50414 5.695638e-04
50433 5.659651e-04
50436 5.639003e-04
50538 5.556865e-04
50630 5.424231e-04
50764 5.368460e-04
50814 5.275681e-04
51191 5.207768e-04
51250 5.193808e-04
51388 5.169301e-04
51403 5.126311e-04
51429 5.039491e-04
51460 4.995808e-04
51523 4.837078e-04
52054 4.756593e-04
52063 4.749834e-04
52250 4.694184e-04
52341 4.525723e-04
52609 4.508750e-04
52723 4.481147e-04
52772 4.429975e-04
52802 4.343428e-04
53105 4.253547e-04
53151 4.067815e-04
53325 4.022337e-04
53432 3.902655e-04
53577 3.829203e-04
53614 3.816047e-04
53677 3.815371e-04
53761 3.799112e-04
53770 3.779861e-04
53829 3.738106e-04
53872 3.699293e-04
53927 3.665930e-04
54099 3.645158e-04
54160 3.505247e-04
54599 3.501175e-04
54619 3.457089e-04
54672 3.420355e-04
54900 3.400835e-04
55007 3.316048e-04
55229 3.279531e-04
55269 3.224712e-04
55340 3.217596e-04
55356 3.205701e-04
55382 3.178314e-04
55485 3.174475e-04
55662 3.163373e-04
55692 3.123986e-04
55737 3.067618e-04
55837 3.064396e-04
56212 3.035512e-04
56254 3.024057e-04
56302 2.946892e-04
56352 2.920813e-04
56536 2.810058e-04
56844 2.800099e-04
56928 2.772787e-04
56979 2.768616e-04
57042 2.743508e-04
57141 2.682015e-04
57315 2.675996e-04
57319 2.668172e-04
57349 2.653352e-04
57410 2.624597e-04
57552 2.621791e-04
57619 2.618976e-04
57687 2.600293e-04
57788 2.593924e-04
57831 2.560399e-04
57888 2.542047e-04
57944 2.525434e-04
57956 2.517893e-04
57976 2.501545e-04
58018 2.472610e-04
58082 2.470548e-04
58085 2.429868e-04
58162 2.404818e-04
58336 2.399846e-04
58434 2.388104e-04
58560 2.386195e-04
58611 2.379168e-04
58680 2.346876e-04
58684 2.343680e-04
58731 2.339749e-04
58747 2.339174e-04
58752 2.327599e-04
58755 2.315567e-04
58840 2.296343e-04
58928 2.247000e-04
59025 2.238901e-04
59137 2.233688e-04
59175 2.223467e-04
59429 2.155658e-04
59876 2.066126e-04
60001 2.059797e-04
60145 2.043297e-04
60178 2.033534e-04
60183 2.025525e-04
60271 1.999975e-04
60533 1.996015e-04
60572 1.995451e-04
60600 1.975705e-04
60728 1.965457e-04
60773 1.954836e-04
60820 1.953439e-04
60872 1.942929e-04
60882 1.915782e-04
61009 1.892789e-04
61036 1.868114e-04
61358 1.863500e-04
61424 1.860624e-04
61463 1.828800e-04
61595 1.789769e-04
61800 1.773473e-04
62038 1.768625e-04
62162 1.727303e-04
62449 1.708061e-04
62538 1.674217e-04
62844 1.670084e-04
62880 1.663334e-04
62945 1.659505e-04
62992 1.649360e-04
63034 1.636307e-04
63100 1.622752e-04
63332 1.614454e-04
63518 1.599106e-04
63666 1.577727e-04
63733 1.559199e-04
64059 1.554754e-04
64077 1.545525e-04
64105 1.530344e-04
64148 1.516407e-04
64154 1.496888e-04
64848 1.488294e-04
64882 1.482359e-04
64894 1.460924e-04
65047 1.445631e-04
65278 1.439936e-04
65303 1.436711e-04
65348 1.418821e-04
65472 1.398009e-04
65829 1.367486e-04
65891 1.365711e-04
66081 1.361484e-04
66123 1.361052e-04
66217 1.350256e-04
66361 1.341315e-04
66553 1.323406e-04
66734 1.315126e-04
66873 1.315116e-04
66938 1.301235e-04
66963 1.298213e-04
66969 1.289467e-04
67015 1.284066e-04
67300 1.238729e-04
67583 1.235891e-04
67896 1.229550e-04
67924 1.214860e-04
68065 1.213085e-04
68105 1.185462e-04
68249 1.175067e-04
68302 1.174335e-04
68567 1.173515e-04
68734 1.158349e-04
68780 1.157081e-04
68829 1.154311e-04
68966 1.141769e-04
69117 1.129084e-04
69527 1.121911e-04
69538 1.121487e-04
69559 1.108608e-04
69854 1.102137e-04
69889 1.094398e-04
70108 1.094014e-04
70178 1.093379e-04
70198 1.089765e-04
70508 1.089712e-04
70523 1.089631e-04
70537 1.084308e-04
70546 1.082607e-04
70651 1.080810e-04
70681 1.072908e-04
70868 1.072003e-04
70907 1.071965e-04
70961 1.069687e-04
70971 1.067588e-04
70981 1.066959e-04
71008 1.055425e-04
71199 1.053775e-04
71352 1.051911e-04
71377 1.050696e-04
71386 1.049997e-04
71421 1.041811e-04
71451 1.040539e-04
71524 1.035277e-04
71728 1.029256e-04
71850 1.026708e-04
71957 1.024333e-04
72004 1.017823e-04
72177 1.014809e-04
72182 1.013734e-04
72288 1.013242e-04
72347 1.007272e-04
72704 9.974632e-05
72713 9.956609e-05
72718 9.948505e-05
72892 9.934677e-05
72900 9.891538e-05
72931 9.815793e-05
72993 9.806466e-05
73083 9.794014e-05
73187 9.786582e-05
73199 9.784998e-05
73271 9.669655e-05
73429 9.604779e-05
73456 9.598931e-05
73553 9.551859e-05
73626 9.458430e-05
73780 9.457838e-05
73854 9.446394e-05
73855 9.332123e-05
73993 9.231580e-05
74356 9.202199e-05
74402 9.081717e-05
74635 9.044536e-05
74729 9.033854e-05
74732 9.025280e-05
74737 9.009821e-05
74761 8.988873e-05
74790 8.952746e-05
74796 8.935167e-05
74869 8.885686e-05
74959 8.819339e-05
74968 8.813290e-05
74985 8.793408e-05
224925 8.773974e-05
225043 8.752074e-05
225086 8.727475e-05
225149 8.698242e-05
225156 8.600591e-05
225222 8.548222e-05
225405 8.531394e-05
225543 8.507138e-05
225552 8.382350e-05
225791 8.238051e-05
226055 8.236381e-05
226059 8.016716e-05
226520 7.993486e-05
226535 7.934343e-05
226711 7.851673e-05
226778 7.778322e-05
226780 7.719311e-05
226860 7.607929e-05
227054 7.545645e-05
227225 7.360993e-05
227356 7.359041e-05
227520 7.283564e-05
227527 7.275895e-05
227572 7.046636e-05
227826 7.016736e-05
227853 6.993700e-05
227862 6.865917e-05
227931 6.844275e-05
228073 6.815399e-05
228125 6.770369e-05
228154 6.747071e-05
228286 6.610367e-05
228451 6.597002e-05
228732 6.561758e-05
228794 6.443546e-05
228859 6.343521e-05
228961 6.191691e-05
229335 6.091351e-05
229422 6.032478e-05
229881 5.962179e-05
229946 5.946072e-05
230036 5.908801e-05
230038 5.864618e-05
230062 5.672564e-05
230251 5.670920e-05
230446 5.666690e-05
230473 5.655281e-05
230500 5.577970e-05
230553 5.544718e-05
230835 5.527349e-05
230862 5.514291e-05
230897 5.474110e-05
231073 5.420145e-05
231278 5.340221e-05
231478 5.314087e-05
231641 5.292682e-05
231794 5.276127e-05
231809 5.248667e-05
231833 5.227335e-05
231975 5.216467e-05
232058 5.212900e-05
232067 5.176207e-05
232192 5.162363e-05
232321 5.159537e-05
232446 5.141710e-05
232546 5.105445e-05
232633 5.087523e-05
232669 5.085434e-05
232735 5.068220e-05
232775 5.062817e-05
232958 5.046174e-05
232976 5.005054e-05
233064 4.975853e-05
233086 4.956522e-05
233089 4.945127e-05
233212 4.917851e-05
233456 4.910341e-05
233640 4.906282e-05
233644 4.885431e-05
233768 4.879973e-05
233769 4.865728e-05
233811 4.845312e-05
233851 4.831422e-05
233982 4.828874e-05
234068 4.812151e-05
234134 4.788067e-05
234152 4.761335e-05
234268 4.689209e-05
234561 4.658289e-05
234567 4.655039e-05
234643 4.650261e-05
234721 4.649473e-05
234759 4.648082e-05
234766 4.636121e-05
234868 4.607858e-05
234872 4.558933e-05
235120 4.531483e-05
235154 4.525056e-05
235241 4.469872e-05
235567 4.465632e-05
235577 4.460312e-05
235596 4.452978e-05
235598 4.367654e-05
235859 4.320523e-05
235958 4.282155e-05
235966 4.272999e-05
235994 4.271868e-05
236003 4.254605e-05
236061 4.249318e-05
236232 4.235624e-05
236250 4.230429e-05
236265 4.229557e-05
236308 4.185075e-05
236370 4.146635e-05
236415 4.136543e-05
236635 4.039056e-05
236685 4.035932e-05
236722 4.004739e-05
236736 3.999608e-05
236769 3.968998e-05
236971 3.968393e-05
237022 3.864840e-05
237090 3.860697e-05
237212 3.846441e-05
237343 3.836432e-05
237457 3.792833e-05
237612 3.780091e-05
237636 3.691666e-05
237926 3.661418e-05
238076 3.653332e-05
238286 3.639022e-05
238335 3.630701e-05
238340 3.616898e-05
238380 3.613854e-05
238397 3.609329e-05
238404 3.549191e-05
238704 3.545561e-05
238726 3.525800e-05
238913 3.501916e-05
238976 3.499720e-05
239020 3.497494e-05
239178 3.468742e-05
239260 3.432994e-05
239861 3.403735e-05
240197 3.397118e-05
240215 3.393169e-05
240221 3.388424e-05
240255 3.384450e-05
240271 3.366766e-05
240293 3.332243e-05
240541 3.317764e-05
240852 3.304700e-05
240901 3.291205e-05
241029 3.266915e-05
241114 3.261922e-05
241249 3.250171e-05
241369 3.241923e-05
241486 3.239569e-05
241534 3.221380e-05
241637 3.219983e-05
241740 3.214368e-05
241797 3.207912e-05
241800 3.195281e-05
241901 3.154011e-05
242048 3.115702e-05
242268 3.095476e-05
242331 3.082420e-05
242410 3.082219e-05
242526 3.075134e-05
242577 3.073362e-05
242689 3.069104e-05
242693 3.062067e-05
242718 3.061622e-05
242721 3.057723e-05
242734 3.047839e-05
242765 3.043579e-05
242769 3.040152e-05
242811 3.008547e-05
243166 2.988424e-05
243402 2.984774e-05
243417 2.960975e-05
243476 2.959141e-05
243479 2.946830e-05
243520 2.944878e-05
243561 2.927762e-05
243603 2.871255e-05
243792 2.846433e-05
244009 2.819187e-05
244138 2.798190e-05
244142 2.797310e-05
244202 2.794879e-05
244222 2.786695e-05
244230 2.770795e-05
244302 2.761044e-05
244337 2.739915e-05
244350 2.707236e-05
244417 2.698240e-05
244614 2.666011e-05
244899 2.665547e-05
244942 2.647768e-05
244988 2.629876e-05
244991 2.625704e-05
245208 2.610436e-05
245296 2.576131e-05
245529 2.574974e-05
245548 2.571763e-05
245627 2.561181e-05
245634 2.533518e-05
245736 2.525172e-05
245750 2.497617e-05
246080 2.493313e-05
246134 2.464389e-05
246262 2.456405e-05
246303 2.431215e-05
246483 2.421352e-05
246533 2.401743e-05
246677 2.401042e-05
246683 2.394960e-05
246729 2.390649e-05
246733 2.388803e-05
246850 2.370750e-05
246857 2.363312e-05
246977 2.360809e-05
247019 2.351082e-05
247053 2.347898e-05
247186 2.334911e-05
247190 2.331160e-05
247191 2.326822e-05
247333 2.326692e-05
247359 2.302532e-05
247368 2.302036e-05
247440 2.296823e-05
247515 2.292405e-05
247535 2.280710e-05
247562 2.267018e-05
247698 2.234796e-05
248071 2.224467e-05
248130 2.215872e-05
248206 2.213415e-05
248227 2.211460e-05
248280 2.208215e-05
248304 2.205385e-05
248309 2.202998e-05
248322 2.202258e-05
248352 2.179423e-05
248428 2.173185e-05
248430 2.161852e-05
248558 2.147830e-05
248730 2.138208e-05
248826 2.129052e-05
248959 2.111133e-05
249138 2.110098e-05
249153 2.099721e-05
249254 2.085570e-05
249278 2.081616e-05
249305 2.058015e-05
249487 2.052354e-05
249601 2.048374e-05
249620 2.044919e-05
249785 2.033992e-05
249811 2.022040e-05
249856 2.022027e-05
249911 2.015789e-05
249963 2.013769e-05
249981 2.002672e-05
250019 1.988868e-05
250057 1.987428e-05
250230 1.981457e-05
250390 1.966240e-05
250459 1.964975e-05
250550 1.945276e-05
250823 1.927518e-05
250856 1.927341e-05
251149 1.925772e-05
251333 1.915864e-05
251343 1.903062e-05
251418 1.902234e-05
251453 1.879226e-05
251698 1.873165e-05
251736 1.867954e-05
251740 1.853382e-05
251756 1.849959e-05
251940 1.838444e-05
252094 1.829834e-05
252236 1.827256e-05
252267 1.823248e-05
252335 1.822649e-05
252360 1.810849e-05
252540 1.789094e-05
252585 1.785423e-05
252621 1.783871e-05
252700 1.770102e-05
252736 1.741179e-05
252755 1.713562e-05
253100 1.701886e-05
253262 1.700689e-05
253274 1.698823e-05
253321 1.662708e-05
253497 1.642180e-05
253519 1.624896e-05
253721 1.617432e-05
253737 1.600168e-05
253918 1.595171e-05
254090 1.585688e-05
254093 1.527059e-05
254337 1.521539e-05
254637 1.496210e-05
254746 1.469576e-05
254885 1.460898e-05
254965 1.452369e-05
255041 1.395431e-05
255363 1.388929e-05
255466 1.376636e-05
255481 1.326566e-05
255700 1.299492e-05
255956 1.278876e-05
256236 1.263434e-05
256270 1.254548e-05
256278 1.239163e-05
256323 1.231342e-05
256427 1.199462e-05
256572 1.187727e-05
256588 1.165508e-05
256951 1.165346e-05
257109 1.159992e-05
257116 1.159550e-05
257153 1.148992e-05
257172 1.144090e-05
257211 1.140085e-05
257310 1.123728e-05
257423 1.095470e-05
257742 1.093194e-05
257762 1.090715e-05
257827 1.068985e-05
257911 1.053207e-05
258046 1.038564e-05
258177 1.033677e-05
258271 1.028745e-05
258300 1.019536e-05
258506 1.019110e-05
258539 1.016629e-05
258540 1.014208e-05
258642 1.008117e-05
258699 9.981890e-06
258846 9.954724e-06
258952 9.876991e-06
259030 9.836918e-06
259096 9.804101e-06
259420 9.750936e-06
259445 9.678915e-06
259508 9.645034e-06
259731 9.635988e-06
259740 9.635926e-06
259776 9.622294e-06
259823 9.610002e-06
259842 9.593631e-06
259850 9.570729e-06
259955 9.519640e-06
259978 9.512584e-06
259979 9.488158e-06
259994 9.474340e-06
260025 9.411976e-06
260112 9.403393e-06
260200 9.388396e-06
260226 9.369818e-06
260265 9.352635e-06
260323 9.322633e-06
260345 9.287688e-06
260401 9.266354e-06
260726 9.256550e-06
260738 9.211888e-06
260857 9.178964e-06
260909 9.159106e-06
261041 9.145574e-06
261097 9.115129e-06
261168 9.057418e-06
261305 9.004122e-06
261527 8.976878e-06
261567 8.966370e-06
261605 8.951840e-06
261666 8.911293e-06
261796 8.895350e-06
261887 8.848769e-06
261923 8.848013e-06
261988 8.837279e-06
262014 8.816864e-06
262021 8.812483e-06
262045 8.808889e-06
262101 8.750164e-06
262141 8.747713e-06
262253 8.667192e-06
262305 8.644851e-06
262310 8.541892e-06
262629 8.517663e-06
262822 8.515919e-06
262868 8.478750e-06
262943 8.467891e-06
263121 8.355940e-06
263162 8.312949e-06
263220 8.294257e-06
263234 8.172160e-06
263385 8.151722e-06
263521 8.151407e-06
263610 8.099406e-06
263701 8.069346e-06
263833 8.052237e-06
263863 8.015030e-06
263889 7.953745e-06
263969 7.953451e-06
264030 7.909393e-06
264080 7.879730e-06
264103 7.868922e-06
264112 7.784538e-06
264233 7.782867e-06
264234 7.750733e-06
264265 7.685868e-06
264307 7.635577e-06
264475 7.624418e-06
264483 7.578751e-06
264516 7.534878e-06
264614 7.503734e-06
264656 7.478638e-06
264783 7.475068e-06
264785 7.429319e-06
264789 7.389842e-06
264995 7.297604e-06
265033 7.193344e-06
265171 7.119779e-06
265574 7.064818e-06
265596 7.007940e-06
265793 6.991698e-06
265852 6.965991e-06
265867 6.950390e-06
265869 6.935989e-06
265877 6.913100e-06
265928 6.895630e-06
265946 6.861422e-06
265972 6.854100e-06
266018 6.843792e-06
266087 6.778243e-06
266130 6.766429e-06
266213 6.721091e-06
266241 6.707655e-06
266258 6.703131e-06
266292 6.619474e-06
266339 6.547830e-06
266540 6.534654e-06
266591 6.495473e-06
266655 6.487414e-06
266676 6.455314e-06
266702 6.451863e-06
266734 6.441119e-06
266752 6.383473e-06
267026 6.382536e-06
267105 6.379204e-06
267166 6.362000e-06
267193 6.346468e-06
267207 6.332021e-06
267208 6.328382e-06
267247 6.322398e-06
267269 6.315017e-06
267278 6.280532e-06
267295 6.276118e-06
267331 6.255260e-06
267475 6.250173e-06
267530 6.190304e-06
267636 6.150978e-06
267825 6.132202e-06
268163 6.124138e-06
268169 6.105123e-06
268206 6.091607e-06
268459 6.036694e-06
268552 6.020866e-06
268623 5.992379e-06
268663 5.949807e-06
268785 5.946136e-06
268793 5.909870e-06
268901 5.876733e-06
268968 5.862753e-06
268972 5.769627e-06
269262 5.743144e-06
269311 5.730142e-06
269333 5.664504e-06
269473 5.615228e-06
269559 5.565777e-06
269685 5.549753e-06
269834 5.538780e-06
269868 5.493136e-06
269921 5.487281e-06
269933 5.475233e-06
269938 5.442595e-06
269955 5.400613e-06
269956 5.338893e-06
270240 5.336915e-06
270282 5.280338e-06
270298 5.273492e-06
270323 5.181190e-06
270443 5.158751e-06
270743 5.156478e-06
270751 5.121038e-06
270755 5.005309e-06
270830 4.994544e-06
270835 4.975164e-06
270952 4.885477e-06
271016 4.856920e-06
271031 4.750877e-06
271079 4.730129e-06
271118 4.676627e-06
271309 4.663555e-06
271375 4.605441e-06
271457 4.589615e-06
271514 4.535878e-06
271530 4.525002e-06
271562 4.415883e-06
271664 4.296535e-06
271745 4.274327e-06
271819 4.151715e-06
271970 4.117059e-06
272009 4.009467e-06
272092 3.977500e-06
272271 3.964639e-06
272319 3.949031e-06
272366 3.907555e-06
272383 3.892859e-06
272384 3.827117e-06
272498 3.783219e-06
272650 3.696399e-06
272856 3.694108e-06
272890 3.653329e-06
272929 3.596925e-06
272934 3.572365e-06
273014 3.487482e-06
273068 3.471864e-06
273187 3.350240e-06
273329 3.327760e-06
273366 3.325932e-06
273492 3.298175e-06
273497 3.257302e-06
273622 3.214085e-06
273632 3.129628e-06
273647 3.102073e-06
273744 3.086393e-06
273829 3.044719e-06
273915 3.032054e-06
273917 3.022054e-06
274030 2.993614e-06
274269 2.906900e-06
274445 2.896924e-06
274456 2.877321e-06
274510 2.823569e-06
274851 2.785419e-06
274895 2.781989e-06
274983 2.772425e-06
275030 2.764268e-06
275056 2.748271e-06
275062 2.727595e-06
275095 2.726543e-06
275113 2.723222e-06
275240 2.665888e-06
275343 2.623803e-06
275399 2.571240e-06
275932 2.568303e-06
276068 2.556848e-06
276078 2.516178e-06
276425 2.497965e-06
276526 2.492794e-06
276602 2.488620e-06
276630 2.487559e-06
276724 2.484856e-06
276769 2.480449e-06
276825 2.448136e-06
276924 2.446942e-06
277170 2.443639e-06
277172 2.443351e-06
277259 2.439266e-06
277338 2.436350e-06
277447 2.429003e-06
277510 2.428655e-06
277520 2.420469e-06
277558 2.419638e-06
277808 2.417146e-06
277827 2.397849e-06
278288 2.391493e-06
278305 2.381289e-06
278352 2.375474e-06
278416 2.374123e-06
278519 2.365191e-06
278530 2.359746e-06
278687 2.356141e-06
278770 2.348183e-06
278834 2.341624e-06
278884 2.341439e-06
278911 2.337668e-06
278921 2.334846e-06
278990 2.329977e-06
279008 2.306637e-06
279380 2.306002e-06
279402 2.303774e-06
279482 2.300966e-06
279546 2.292858e-06
279653 2.258887e-06
279908 2.257896e-06
279949 2.245104e-06
280105 2.244381e-06
280184 2.228276e-06
280350 2.227289e-06
280452 2.225359e-06
280461 2.209984e-06
280557 2.196085e-06
280686 2.195308e-06
280701 2.180671e-06
280724 2.165994e-06
280809 2.133141e-06
280850 2.117302e-06
281248 2.093076e-06
281270 2.061273e-06
281339 2.060564e-06
281385 2.035464e-06
281469 2.000272e-06
281609 1.990879e-06
281837 1.975444e-06
281956 1.939744e-06
282000 1.876758e-06
282137 1.875547e-06
282311 1.853387e-06
282314 1.823335e-06
282533 1.803544e-06
282534 1.776875e-06
282628 1.776487e-06
282635 1.747049e-06
282736 1.710324e-06
282844 1.700308e-06
283081 1.698792e-06
283138 1.695576e-06
283213 1.694892e-06
283214 1.694867e-06
283234 1.623050e-06
283534 1.612764e-06
283746 1.605859e-06
283878 1.556236e-06
283982 1.464459e-06
284316 1.451921e-06
284534 1.451080e-06
284601 1.442057e-06
284662 1.433693e-06
284707 1.417805e-06
284737 1.416508e-06
284761 1.387257e-06
285007 1.349622e-06
285281 1.347725e-06
285284 1.344911e-06
285295 1.317971e-06
285460 1.305447e-06
285574 1.304981e-06
285590 1.300014e-06
285770 1.294205e-06
285772 1.278688e-06
285850 1.271887e-06
286011 1.268154e-06
286164 1.245058e-06
286368 1.231396e-06
286589 1.227233e-06
286665 1.222080e-06
286880 1.214693e-06
286991 1.214516e-06
286998 1.211974e-06
287087 1.194670e-06
287138 1.193113e-06
287193 1.188506e-06
287250 1.181451e-06
287272 1.174419e-06
287408 1.173599e-06
287467 1.173114e-06
287468 1.170569e-06
287488 1.169832e-06
287514 1.161602e-06
287579 1.146455e-06
287754 1.144196e-06
287835 1.139795e-06
287903 1.124538e-06
287912 1.122320e-06
288041 1.115860e-06
288205 1.102471e-06
288374 1.100410e-06
288382 1.099975e-06
288425 1.094383e-06
288430 1.086539e-06
288452 1.077334e-06
288505 1.064647e-06
288757 1.054970e-06
288774 1.050617e-06
288859 1.049387e-06
288864 1.041623e-06
288866 1.033909e-06
288901 1.033552e-06
289006 1.026973e-06
289035 1.021216e-06
289115 1.016079e-06
289183 9.901588e-07
289650 9.782275e-07
289671 9.595427e-07
289676 9.575358e-07
289704 9.527544e-07
289829 9.456046e-07
290209 9.061253e-07
290597 8.959088e-07
290616 8.902688e-07
290634 8.895768e-07
290729 8.683867e-07
291072 8.670675e-07
291166 8.649890e-07
291193 8.503531e-07
291206 8.477321e-07
291233 8.428074e-07
291314 8.350612e-07
291361 8.302946e-07
291541 8.268485e-07
291648 8.193346e-07
291693 8.015962e-07
292416 7.966237e-07
292453 7.901180e-07
292571 7.882248e-07
292579 7.773042e-07
292677 7.771939e-07
292692 7.724300e-07
292695 7.624892e-07
292792 7.548500e-07
292804 7.453549e-07
292806 7.422454e-07
292876 7.339721e-07
293324 7.241921e-07
293507 7.220874e-07
293576 7.220481e-07
293613 7.145554e-07
293661 7.112337e-07
293769 7.062327e-07
293958 7.042521e-07
293963 6.965687e-07
294082 6.958583e-07
294203 6.941326e-07
294291 6.934129e-07
294358 6.914074e-07
294387 6.911594e-07
294434 6.884877e-07
294499 6.879033e-07
294630 6.829313e-07
294866 6.792618e-07
294943 6.738662e-07
295082 6.672635e-07
295680 6.597766e-07
295698 6.563312e-07
296067 6.529896e-07
296201 6.517747e-07
296223 6.495111e-07
296249 6.437305e-07
296539 6.422908e-07
296551 6.407874e-07
296635 6.407194e-07
296827 6.403318e-07
296915 6.391806e-07
296919 6.386839e-07
296996 6.367698e-07
297066 6.323196e-07
297113 6.320227e-07
297168 6.294455e-07
297234 6.283173e-07
297407 6.266588e-07
297604 6.254722e-07
297643 6.231612e-07
297685 6.228047e-07
297708 6.221589e-07
297735 6.214085e-07
297862 6.212000e-07
297983 6.210022e-07
298013 6.186201e-07
298048 6.178415e-07
298057 6.146687e-07
298133 6.091301e-07
298305 6.074568e-07
298332 6.048990e-07
298585 6.018143e-07
298663 5.982189e-07
298706 5.969185e-07
298714 5.968431e-07
298803 5.966110e-07
298854 5.964521e-07
298885 5.951719e-07
298912 5.949832e-07
298970 5.934313e-07
299057 5.905920e-07
299151 5.867831e-07
299231 5.773684e-07
299509 5.726624e-07
299688 5.698207e-07
299693 5.687723e-07
299772 5.684461e-07
299803 5.681404e-07
299808 5.650608e-07
299825 5.603719e-07
299950 5.602882e-07
299970 5.590955e-07
299977 5.579313e-07
300068 5.569163e-07
300146 5.563042e-07
300166 5.559078e-07
300247 5.530874e-07
300248 5.394582e-07
300420 5.340622e-07
300655 5.311277e-07
300879 5.242052e-07
300919 5.206847e-07
300934 5.160203e-07
300980 5.006420e-07
301051 4.958444e-07
301140 4.904523e-07
301228 4.871218e-07
301275 4.866863e-07
301286 4.863977e-07
301327 4.779745e-07
301405 4.745189e-07
301416 4.674375e-07
301455 4.664490e-07
301560 4.628853e-07
301593 4.623922e-07
301621 4.571136e-07
301783 4.392623e-07
302199 4.361697e-07
302318 4.334999e-07
302469 4.323944e-07
302485 4.303094e-07
302527 4.250072e-07
302541 4.222756e-07
302588 4.129799e-07
302787 4.101783e-07
302837 4.036922e-07
302897 4.015066e-07
303154 3.985759e-07
303178 3.969836e-07
303193 3.968838e-07
303194 3.963178e-07
303308 3.936353e-07
303326 3.779295e-07
303852 3.772095e-07
303857 3.754551e-07
303927 3.700012e-07
304003 3.695400e-07
304035 3.693795e-07
304199 3.663349e-07
304322 3.650316e-07
304470 3.648872e-07
304525 3.643183e-07
304582 3.642438e-07
304631 3.610734e-07
304748 3.607384e-07
304817 3.605313e-07
304879 3.604117e-07
304898 3.571219e-07
305011 3.562067e-07
305153 3.559824e-07
305183 3.552679e-07
305200 3.531373e-07
305518 3.528912e-07
305624 3.528705e-07
305637 3.519716e-07
305664 3.514862e-07
305737 3.514729e-07
305764 3.507679e-07
305797 3.500586e-07
305810 3.499403e-07
305855 3.494948e-07
305878 3.493860e-07
305912 3.485581e-07
305963 3.484130e-07
306025 3.478633e-07
306122 3.471666e-07
306181 3.464195e-07
306370 3.452316e-07
306467 3.436102e-07
306686 3.426728e-07
306780 3.424426e-07
306821 3.413710e-07
306993 3.409065e-07
307011 3.393537e-07
307050 3.390167e-07
307155 3.377056e-07
307228 3.372210e-07
307329 3.371792e-07
307364 3.367778e-07
307387 3.367370e-07
307411 3.353729e-07
307430 3.347518e-07
307545 3.344335e-07
307618 3.343913e-07
307640 3.330649e-07
307845 3.322955e-07
308031 3.316875e-07
308068 3.301407e-07
308409 3.297113e-07
308426 3.295045e-07
308470 3.292028e-07
308519 3.285421e-07
308543 3.283864e-07
308551 3.283266e-07
308555 3.281792e-07
308563 3.277532e-07
308594 3.272297e-07
308607 3.251525e-07
308956 3.241073e-07
308960 3.234856e-07
308966 3.233823e-07
308999 3.229626e-07
309068 3.226448e-07
309133 3.223332e-07
309153 3.222981e-07
309179 3.220823e-07
309213 3.219990e-07
309227 3.215964e-07
309231 3.214561e-07
309250 3.195882e-07
309392 3.191339e-07
309486 3.186634e-07
309540 3.181073e-07
309612 3.180661e-07
309639 3.171493e-07
309663 3.167338e-07
309684 3.148522e-07
309909 3.132168e-07
309955 3.124543e-07
309996 3.108790e-07
310008 3.098757e-07
310198 3.085052e-07
310274 3.084046e-07
310321 3.070381e-07
310406 3.064294e-07
310481 3.063874e-07
310506 3.049973e-07
310547 3.045592e-07
310576 3.042785e-07
310631 3.034488e-07
310651 3.031441e-07
310675 3.019431e-07
310696 3.010078e-07
310733 3.002278e-07
310804 2.998139e-07
310817 2.994698e-07
310869 2.989122e-07
310884 2.964878e-07
311015 2.935855e-07
311217 2.916546e-07
311353 2.883890e-07
311494 2.870348e-07
311508 2.866455e-07
311549 2.836933e-07
311770 2.823945e-07
311783 2.807610e-07
311903 2.782913e-07
312038 2.781732e-07
312062 2.766796e-07
312085 2.750703e-07
312124 2.747242e-07
312154 2.734534e-07
312223 2.730474e-07
312242 2.716071e-07
312244 2.713899e-07
312258 2.700642e-07
312307 2.694789e-07
312323 2.685857e-07
312373 2.659756e-07
312418 2.654359e-07
312471 2.653380e-07
312485 2.645728e-07
312562 2.605980e-07
312581 2.605263e-07
312584 2.603167e-07
312856 2.590342e-07
312914 2.589220e-07
312937 2.586167e-07
312955 2.517225e-07
313165 2.509400e-07
313225 2.443626e-07
313329 2.422282e-07
313410 2.405285e-07
313502 2.402003e-07
313507 2.362741e-07
313639 2.339043e-07
313682 2.325010e-07
313764 2.304090e-07
313806 2.302029e-07
313921 2.276999e-07
313936 2.274617e-07
313988 2.272759e-07
314039 2.269252e-07
314042 2.245364e-07
314139 2.224523e-07
314188 2.220707e-07
314262 2.205333e-07
314412 2.204184e-07
314475 2.191876e-07
314591 2.177268e-07
314653 2.144756e-07
314953 2.139634e-07
315152 2.129859e-07
315177 2.129568e-07
315323 2.124702e-07
315324 2.115452e-07
315342 2.111189e-07
315401 2.105649e-07
315487 2.104321e-07
315517 2.092613e-07
315623 2.090429e-07
315667 2.087146e-07
315709 2.072905e-07
315992 2.059359e-07
316169 2.044824e-07
316293 2.041559e-07
316583 2.000714e-07
316836 1.995993e-07
316949 1.992854e-07
317037 1.964059e-07
317123 1.956068e-07
317309 1.945691e-07
317334 1.930293e-07
317440 1.929532e-07
317551 1.927719e-07
317568 1.914179e-07
317711 1.914090e-07
317771 1.910431e-07
317806 1.910058e-07
317882 1.906267e-07
317911 1.883810e-07
318050 1.883195e-07
318085 1.882869e-07
318119 1.877461e-07
318132 1.876997e-07
318135 1.865693e-07
318249 1.855808e-07
318371 1.844557e-07
318545 1.835912e-07
318546 1.810380e-07
318826 1.796095e-07
318865 1.785649e-07
318969 1.775424e-07
318974 1.734422e-07
319453 1.723798e-07
319523 1.711339e-07
319633 1.708372e-07
319683 1.682067e-07
319758 1.663459e-07
319834 1.655831e-07
319935 1.651568e-07
319952 1.643666e-07
319998 1.622330e-07
320054 1.615067e-07
320160 1.604390e-07
320199 1.572865e-07
320323 1.560042e-07
320508 1.552494e-07
320519 1.537640e-07
320531 1.531165e-07
320552 1.531163e-07
320632 1.524893e-07
320644 1.523366e-07
320646 1.510375e-07
320734 1.500346e-07
320770 1.484629e-07
320986 1.475782e-07
320993 1.460918e-07
321098 1.458416e-07
321106 1.440182e-07
321176 1.437550e-07
321187 1.433550e-07
321263 1.428322e-07
321290 1.420258e-07
321304 1.418988e-07
321447 1.413837e-07
321517 1.399758e-07
321582 1.396251e-07
321668 1.386571e-07
321726 1.384047e-07
321820 1.381416e-07
321858 1.378236e-07
321929 1.375563e-07
321966 1.348963e-07
321974 1.343731e-07
322047 1.332387e-07
322233 1.328652e-07
322279 1.327466e-07
322296 1.297802e-07
322395 1.279091e-07
322456 1.262359e-07
322838 1.254982e-07
322945 1.253044e-07
322979 1.219423e-07
323284 1.208012e-07
323408 1.202612e-07
323439 1.198778e-07
323485 1.186495e-07
323519 1.181042e-07
323598 1.175207e-07
323605 1.173812e-07
323611 1.170383e-07
323624 1.170232e-07
323668 1.149918e-07
323795 1.143546e-07
323888 1.140400e-07
323926 1.130116e-07
323994 1.127269e-07
324063 1.114359e-07
324229 1.107911e-07
324398 1.104959e-07
324516 1.102099e-07
324546 1.100933e-07
324672 1.074293e-07
324907 1.073288e-07
324947 1.070856e-07
324971 1.067869e-07
324974 1.065620e-07
325016 1.063360e-07
325033 1.061500e-07
325047 1.049893e-07
325238 1.049038e-07
325244 1.043932e-07
325322 1.034786e-07
325327 1.032617e-07
325359 1.020076e-07
325452 1.018875e-07
325463 1.018790e-07
325512 1.011266e-07
325567 1.003836e-07
325670 1.002651e-07
325704 9.975683e-08
325752 9.961608e-08
325781 9.797665e-08
325994 9.748344e-08
326062 9.744548e-08
326067 9.716386e-08
326106 9.708283e-08
326138 9.696067e-08
326145 9.682023e-08
326200 9.664341e-08
326206 9.645378e-08
326250 9.635242e-08
326328 9.568386e-08
326474 9.525215e-08
326557 9.458126e-08
326682 9.456499e-08
326703 9.431339e-08
326774 9.384065e-08
326779 9.383808e-08
326808 9.307143e-08
326855 9.297522e-08
326878 9.216901e-08
327345 9.143580e-08
327437 9.017918e-08
327702 8.887363e-08
327886 8.831999e-08
327975 8.791940e-08
328215 8.774085e-08
328231 8.734935e-08
328339 8.687726e-08
328403 8.647425e-08
328404 8.577988e-08
328457 8.574613e-08
328458 8.549462e-08
328460 8.517882e-08
328472 8.500712e-08
328478 8.458628e-08
328546 8.456717e-08
328630 8.428251e-08
328880 8.385145e-08
328893 8.372060e-08
328908 8.339275e-08
328922 8.275045e-08
329104 8.132971e-08
329455 8.103429e-08
329501 7.969347e-08
329706 7.875974e-08
329772 7.825906e-08
330107 7.803698e-08
330140 7.756345e-08
330233 7.697909e-08
330386 7.696795e-08
330424 7.683868e-08
330434 7.677017e-08
330461 7.659599e-08
330492 7.618630e-08
330536 7.605863e-08
330591 7.549438e-08
330657 7.542186e-08
330871 7.498501e-08
330941 7.463757e-08
331031 7.437064e-08
331119 7.424703e-08
331148 7.406613e-08
331202 7.405580e-08
331203 7.372480e-08
331278 7.365302e-08
331404 7.319718e-08
331627 7.316494e-08
331631 7.272245e-08
331869 7.235078e-08
332161 7.219336e-08
332318 7.199748e-08
332342 7.155529e-08
332389 7.155306e-08
332390 7.076041e-08
332691 7.056464e-08
332747 7.031156e-08
332850 6.990674e-08
332905 6.898086e-08
333133 6.895137e-08
333229 6.879389e-08
333243 6.874155e-08
333263 6.852558e-08
333265 6.844561e-08
333302 6.841641e-08
333389 6.836455e-08
333458 6.830424e-08
333485 6.793422e-08
333611 6.781017e-08
333686 6.766600e-08
333893 6.763251e-08
333909 6.734138e-08
333923 6.718113e-08
333933 6.700094e-08
334027 6.697029e-08
334047 6.629834e-08
334200 6.599781e-08
334248 6.562459e-08
334380 6.558590e-08
334565 6.514094e-08
334668 6.500287e-08
334717 6.461097e-08
334807 6.449222e-08
334849 6.447404e-08
334859 6.386823e-08
334958 6.341387e-08
335134 6.292634e-08
335395 6.290423e-08
335588 6.269487e-08
335689 6.227275e-08
335816 6.167574e-08
335934 6.163324e-08
335938 6.124678e-08
336092 6.085308e-08
336221 6.079054e-08
336263 6.078635e-08
336270 6.053946e-08
336311 6.044707e-08
336432 6.037621e-08
336470 6.029299e-08
336503 6.007227e-08
336525 5.995945e-08
336601 5.989926e-08
336632 5.947444e-08
336639 5.944774e-08
336640 5.936989e-08
336736 5.932150e-08
336746 5.915525e-08
336847 5.913704e-08
336858 5.900380e-08
336891 5.899522e-08
336942 5.889540e-08
336947 5.887966e-08
337029 5.867736e-08
337031 5.867494e-08
337061 5.827531e-08
337109 5.801080e-08
337126 5.795836e-08
337132 5.788599e-08
337338 5.785614e-08
337351 5.747579e-08
337362 5.733904e-08
337480 5.709786e-08
337597 5.702036e-08
337635 5.694005e-08
337714 5.683854e-08
337757 5.663480e-08
337865 5.650842e-08
337941 5.618402e-08
337960 5.616636e-08
338010 5.616049e-08
338065 5.606530e-08
338214 5.595802e-08
338278 5.561386e-08
338342 5.543818e-08
338372 5.493112e-08
338411 5.476758e-08
338501 5.456861e-08
338563 5.419506e-08
338765 5.407702e-08
338774 5.360138e-08
338952 5.332139e-08
338982 5.296800e-08
339124 5.285416e-08
339155 5.272418e-08
339157 5.268059e-08
339196 5.258505e-08
339237 5.256526e-08
339264 5.253122e-08
339293 5.207818e-08
339425 5.201765e-08
339439 5.179537e-08
339560 5.110062e-08
339867 5.086071e-08
339877 5.070097e-08
339988 5.018277e-08
340105 4.978034e-08
340228 4.911858e-08
340518 4.893718e-08
340688 4.866089e-08
340704 4.856519e-08
340711 4.847482e-08
340784 4.782394e-08
340912 4.778529e-08
340951 4.738335e-08
341189 4.702072e-08
341516 4.698953e-08
341518 4.648302e-08
341532 4.636034e-08
341701 4.619622e-08
341811 4.616531e-08
341814 4.609503e-08
341870 4.583768e-08
341956 4.582636e-08
341994 4.577266e-08
342112 4.574575e-08
342130 4.566572e-08
342142 4.565622e-08
342161 4.533058e-08
342292 4.532038e-08
342342 4.520638e-08
342372 4.501074e-08
342591 4.496699e-08
342704 4.487136e-08
342913 4.477395e-08
342951 4.476616e-08
342955 4.472384e-08
343014 4.464635e-08
343120 4.459852e-08
343131 4.456286e-08
343206 4.448410e-08
343278 4.444008e-08
343499 4.427922e-08
343759 4.426872e-08
343784 4.424213e-08
343856 4.415697e-08
343885 4.415342e-08
343886 4.409820e-08
343898 4.407785e-08
343963 4.398365e-08
344075 4.392036e-08
344101 4.391214e-08
344171 4.385584e-08
344254 4.384934e-08
344301 4.379397e-08
344372 4.379052e-08
344388 4.346314e-08
344624 4.342031e-08
344787 4.311450e-08
345181 4.309264e-08
345298 4.308571e-08
345328 4.306683e-08
345362 4.294653e-08
345378 4.273944e-08
345421 4.243378e-08
345506 4.242245e-08
345557 4.240801e-08
345671 4.230259e-08
345681 4.220291e-08
345708 4.189863e-08
345761 4.179636e-08
345913 4.175012e-08
345915 4.148120e-08
345991 4.140271e-08
346172 4.136078e-08
346234 4.119861e-08
346336 4.076406e-08
346527 4.064148e-08
346610 4.039002e-08
346645 4.016263e-08
346703 4.013094e-08
346762 4.003962e-08
346767 3.996013e-08
346852 3.966484e-08
346889 3.962350e-08
346991 3.953787e-08
347027 3.930301e-08
347096 3.790173e-08
347477 3.687028e-08
347567 3.668456e-08
347770 3.631979e-08
347776 3.621674e-08
347844 3.527040e-08
347957 3.444888e-08
348027 3.381779e-08
348159 3.327911e-08
348293 3.205043e-08
348409 3.186870e-08
348477 3.169225e-08
348574 3.147437e-08
348626 3.127142e-08
348669 3.111399e-08
348737 3.044601e-08
348782 3.029497e-08
348818 3.005515e-08
348851 2.992757e-08
348889 2.963171e-08
348934 2.943686e-08
348959 2.772067e-08
349608 2.671531e-08
349689 2.493917e-08
349771 2.436287e-08
349796 2.434844e-08
350166 2.320562e-08
350216 2.313802e-08
350244 2.302935e-08
350325 2.231547e-08
350429 2.221032e-08
350469 2.187929e-08
350512 2.180467e-08
350535 2.177587e-08
350569 2.077615e-08
350676 2.066116e-08
350689 2.039845e-08
350774 2.027899e-08
350791 2.020250e-08
350850 2.003686e-08
350863 1.932550e-08
350979 1.908544e-08
351020 1.877976e-08
351107 1.838675e-08
351164 1.836393e-08
351281 1.796789e-08
351456 1.796102e-08
351497 1.787959e-08
351528 1.749988e-08
351553 1.727201e-08
351757 1.718862e-08
351847 1.668243e-08
351916 1.658030e-08
351988 1.638631e-08
352184 1.614899e-08
352244 1.614396e-08
352332 1.613310e-08
352485 1.590240e-08
352568 1.588584e-08
352590 1.580229e-08
352604 1.578589e-08
352652 1.565365e-08
352736 1.562072e-08
352790 1.532320e-08
352808 1.531549e-08
352879 1.515503e-08
352880 1.513639e-08
352921 1.511665e-08
352951 1.510160e-08
352957 1.508095e-08
352964 1.494663e-08
352968 1.475063e-08
353083 1.464722e-08
353257 1.461246e-08
353267 1.457324e-08
353382 1.456142e-08
353411 1.414875e-08
353538 1.412403e-08
353653 1.404363e-08
353671 1.395147e-08
353752 1.393988e-08
353761 1.380420e-08
353800 1.339760e-08
354004 1.328686e-08
354158 1.321064e-08
354165 1.320917e-08
354171 1.320042e-08
354195 1.312751e-08
354201 1.310315e-08
354203 1.310044e-08
354205 1.304497e-08
354229 1.296492e-08
354350 1.294129e-08
354405 1.290059e-08
354430 1.278968e-08
354483 1.275563e-08
354521 1.269378e-08
354604 1.267375e-08
354632 1.264174e-08
354659 1.260916e-08
354702 1.250220e-08
354835 1.246274e-08
354947 1.239231e-08
354950 1.234499e-08
354965 1.226119e-08
355181 1.218796e-08
355199 1.198190e-08
355446 1.193171e-08
355508 1.190943e-08
355513 1.181361e-08
355518 1.180196e-08
355575 1.169648e-08
355697 1.159430e-08
355806 1.157746e-08
356103 1.155478e-08
356163 1.155058e-08
356180 1.143303e-08
356197 1.137343e-08
356316 1.128374e-08
356444 1.127595e-08
356519 1.124991e-08
356521 1.124667e-08
356524 1.124155e-08
356642 1.117845e-08
356687 1.113226e-08
356756 1.112906e-08
356814 1.105550e-08
357082 1.099674e-08
357204 1.096520e-08
357269 1.095605e-08
357330 1.095462e-08
357404 1.094526e-08
