1 1.058973e+07
4 1.729197e+06
13 9.172837e+05
31 7.470038e+03
275 5.953741e+03
285 3.920617e+03
287 7.121905e+02
300 6.642902e+02
395 2.406126e+02
415 1.118193e+02
428 6.823867e+01
462 3.856674e+01
467 2.757995e+01
492 8.806226e+00
626 8.175412e+00
680 7.964503e+00
740 6.747490e+00
775 5.919389e+00
779 5.032972e+00
1327 4.263387e+00
2127 3.291647e+00
2520 2.819446e+00
2802 2.798954e+00
2838 2.772862e+00
2868 2.709410e+00
2965 2.700717e+00
3084 2.699082e+00
3125 2.690569e+00
3242 2.682269e+00
3243 2.673349e+00
3276 2.668992e+00
3371 2.653485e+00
3540 2.650489e+00
3712 2.641676e+00
3748 2.637497e+00
3877 2.636431e+00
3925 2.634051e+00
4027 2.633738e+00
4065 2.633115e+00
4102 2.633109e+00
4115 2.632704e+00
4167 2.632325e+00
4207 2.632109e+00
4210 2.632101e+00
4265 2.631711e+00
4313 2.631613e+00
4317 2.631485e+00
4382 2.631388e+00
4404 2.631298e+00
4408 2.631206e+00
4428 2.631097e+00
4466 2.631051e+00
4512 2.630959e+00
4520 2.630866e+00
4661 2.630858e+00
4668 2.630845e+00
4683 2.630794e+00
4705 2.630784e+00
4727 2.630774e+00
4796 2.630769e+00
4799 2.630760e+00
4801 2.630725e+00
4926 2.630725e+00
4930 2.630725e+00
4948 2.630723e+00
4954 2.630720e+00
4971 2.630715e+00
5057 2.630713e+00
5110 2.630713e+00
5124 2.630712e+00
5143 2.630712e+00
5188 2.630712e+00
5197 2.630712e+00
5200 2.630712e+00
5207 2.630711e+00
5214 2.630711e+00
5248 2.630709e+00
5318 2.630709e+00
5372 2.630709e+00
5375 2.630709e+00
5377 2.630709e+00
5418 2.630709e+00
5426 2.630709e+00
5472 2.630709e+00
5504 2.630709e+00
5552 2.630709e+00
5603 2.630709e+00
5665 2.630709e+00
5688 2.630709e+00
5700 2.630709e+00
5702 2.630709e+00
5737 2.630709e+00
5740 2.630709e+00
5746 2.630709e+00
5840 2.630709e+00
5862 2.630709e+00
5873 2.630709e+00
5914 2.630709e+00
5943 2.630709e+00
5990 2.630709e+00
6045 2.630709e+00
6062 2.630709e+00
6128 2.630709e+00
6141 2.630709e+00
6164 2.630709e+00
6172 2.630709e+00
6175 2.630709e+00
6214 2.630709e+00
6234 2.630709e+00
6260 2.630709e+00
6277 2.630709e+00
6278 2.630709e+00
6297 2.630709e+00
6314 2.630709e+00
6379 2.630709e+00
6409 2.630709e+00
6473 2.630709e+00
6516 2.630709e+00
6552 2.630709e+00
6557 2.630709e+00
6613 2.630709e+00
6616 2.630709e+00
6625 2.630709e+00
6635 2.630709e+00
6639 2.630709e+00
6661 2.630709e+00
6672 2.630709e+00
11290 2.474481e+00
13427 2.209773e+00
13919 1.854032e+00
14311 1.452786e+00
14335 1.216615e+00
14837 1.065067e+00
33082 1.059125e+00
33110 1.010946e+00
33120 9.732666e-01
33300 9.645519e-01
33308 8.480242e-01
33448 7.661268e-01
33464 7.592286e-01
33647 7.383456e-01
33724 7.374835e-01
33860 7.278539e-01
33864 7.257513e-01
33868 7.246143e-01
33878 7.239805e-01
33881 7.190307e-01
33906 7.190240e-01
33923 7.025579e-01
34084 7.009753e-01
34151 6.993612e-01
34164 6.986045e-01
34168 6.972725e-01
34180 6.967581e-01
34197 6.956174e-01
34205 6.931882e-01
34294 6.909477e-01
34303 6.908152e-01
34307 6.907554e-01
34325 6.875383e-01
34390 6.874992e-01
34394 6.868921e-01
34397 6.858858e-01
34426 6.827033e-01
34464 6.794529e-01
34510 6.793088e-01
34551 6.790174e-01
34560 6.780856e-01
34563 6.765931e-01
34587 6.763211e-01
34609 6.733472e-01
34717 6.726656e-01
34739 6.723821e-01
34751 6.718917e-01
34765 6.696478e-01
34927 6.695833e-01
34931 6.694560e-01
34944 6.688916e-01
35006 6.688015e-01
35042 6.687721e-01
35160 6.687464e-01
35176 6.687292e-01
35207 6.686302e-01
35238 6.686291e-01
35266 6.685787e-01
35365 6.685781e-01
35367 6.685726e-01
35368 6.685584e-01
35416 6.685267e-01
35524 6.685245e-01
35531 6.685183e-01
35568 6.685158e-01
35593 6.685143e-01
35644 6.684661e-01
35748 6.684638e-01
35763 6.684623e-01
35765 6.684598e-01
35833 6.684554e-01
35841 6.684524e-01
35904 6.684413e-01
35978 6.684407e-01
36009 6.684406e-01
36022 6.684406e-01
36061 6.684404e-01
36084 6.684379e-01
36087 6.684353e-01
36148 6.684347e-01
36154 6.684326e-01
36182 6.684321e-01
36222 6.684315e-01
36224 6.684315e-01
36255 6.684308e-01
36262 6.684308e-01
36287 6.684306e-01
36318 6.684306e-01
36414 6.684300e-01
36424 6.684300e-01
36452 6.684297e-01
36506 6.684295e-01
36518 6.684293e-01
36651 6.684290e-01
36797 6.684290e-01
36852 6.684290e-01
36897 6.684290e-01
36908 6.684290e-01
36927 6.684290e-01
36976 6.684290e-01
36997 6.684290e-01
37045 6.684290e-01
37168 6.684290e-01
37179 6.684290e-01
37190 6.684290e-01
37247 6.684290e-01
37325 6.684290e-01
37348 6.684290e-01
37354 6.684290e-01
37423 6.684290e-01
37424 6.684290e-01
37464 6.684290e-01
37512 6.684290e-01
37516 6.684290e-01
37630 6.684290e-01
37692 6.684290e-01
37806 6.684290e-01
37821 6.684290e-01
