1 6.668493e+07
2 1.021068e+07
6 3.430955e+06
8 1.724054e+06
51 7.317265e+05
71 5.166628e+05
102 1.009967e+05
178 7.935838e+04
209 2.221811e+04
230 1.662808e+04
263 3.206121e+02
363 1.430984e+02
402 1.226898e+02
405 9.910266e+01
444 6.345945e+01
473 1.470918e+01
564 1.080007e+01
599 1.017914e+01
638 9.585005e+00
740 9.236398e+00
743 9.073109e+00
807 7.537369e+00
808 7.485442e+00
850 6.124222e+00
861 5.771047e+00
958 5.465641e+00
1166 4.687629e+00
1765 4.187050e+00
1908 4.098599e+00
1971 3.407151e+00
2986 3.108702e+00
3278 2.332955e+00
3606 2.089585e+00
3653 1.709386e+00
3752 1.677318e+00
3819 1.564699e+00
3825 1.368686e+00
4025 1.229136e+00
4125 1.144779e+00
4197 1.139083e+00
4302 1.126576e+00
4357 1.070178e+00
4413 1.050936e+00
4422 1.050637e+00
4492 1.035402e+00
4497 1.024368e+00
4527 1.006271e+00
4550 9.965122e-01
4565 9.818013e-01
4632 9.808310e-01
4640 9.698401e-01
4708 9.683605e-01
4734 9.541787e-01
4843 9.515119e-01
4928 9.498304e-01
4967 9.467968e-01
5012 9.464569e-01
5031 9.422457e-01
5035 9.420477e-01
5059 9.370270e-01
5240 9.355823e-01
5273 9.353274e-01
5292 9.352062e-01
5321 9.351045e-01
5350 9.346371e-01
5417 9.344981e-01
5418 9.344247e-01
5420 9.342407e-01
5426 9.342345e-01
5448 9.340921e-01
5466 9.339996e-01
5467 9.338463e-01
5484 9.337595e-01
5598 9.336744e-01
5647 9.336613e-01
5673 9.336370e-01
5676 9.335707e-01
5717 9.335597e-01
5725 9.335338e-01
5748 9.335219e-01
5752 9.333993e-01
5843 9.333776e-01
5861 9.333538e-01
6061 9.333529e-01
6100 9.333000e-01
6199 9.332992e-01
6205 9.332971e-01
6253 9.332877e-01
6257 9.332847e-01
6262 9.332708e-01
6278 9.332708e-01
6305 9.332668e-01
6441 9.332651e-01
6458 9.332647e-01
6465 9.332611e-01
6536 9.332604e-01
6584 9.332581e-01
6621 9.332575e-01
6654 9.332571e-01
6670 9.332569e-01
6771 9.332568e-01
6779 9.332568e-01
6783 9.332566e-01
6796 9.332565e-01
6799 9.332564e-01
6823 9.332563e-01
6824 9.332562e-01
6832 9.332561e-01
6861 9.332561e-01
6877 9.332561e-01
6880 9.332558e-01
6969 9.332558e-01
6981 9.332558e-01
7066 9.332558e-01
7072 9.332558e-01
7110 9.332558e-01
7113 9.332557e-01
7142 9.332557e-01
7165 9.332557e-01
7167 9.332557e-01
7219 9.332557e-01
7263 9.332557e-01
7317 9.332557e-01
7349 9.332557e-01
7372 9.332557e-01
7394 9.332557e-01
7431 9.332557e-01
7451 9.332557e-01
7478 9.332557e-01
7534 9.332557e-01
7535 9.332557e-01
7632 9.332557e-01
7633 9.332557e-01
7644 9.332557e-01
7673 9.332557e-01
7700 9.332557e-01
7708 9.332557e-01
7762 9.332557e-01
7780 9.332557e-01
7830 9.332557e-01
7889 9.332557e-01
7913 9.332557e-01
7954 9.332557e-01
8000 9.332557e-01
8019 9.332557e-01
8032 9.332557e-01
33681 9.226675e-01
33733 8.857028e-01
33749 8.500289e-01
33998 8.386515e-01
34076 8.173026e-01
34186 8.157366e-01
34244 7.869424e-01
34347 7.841601e-01
34446 7.724888e-01
34501 7.701086e-01
34587 7.680360e-01
34606 7.652937e-01
34615 7.628689e-01
34641 7.582019e-01
34736 7.563015e-01
34749 7.562701e-01
34859 7.490604e-01
34988 7.481988e-01
35031 7.446679e-01
35032 7.424863e-01
35045 7.411011e-01
35178 7.398802e-01
35230 7.365278e-01
35237 7.331287e-01
35286 7.316711e-01
35340 7.289570e-01
35404 7.271576e-01
35410 7.270887e-01
35438 7.256322e-01
35493 7.244249e-01
35516 7.225702e-01
35641 7.224322e-01
35674 7.192412e-01
35748 7.190823e-01
35776 7.184752e-01
35803 7.178790e-01
35877 7.177369e-01
35899 7.175514e-01
35903 7.174894e-01
35982 7.167770e-01
35999 7.163520e-01
36016 7.162697e-01
36051 7.162252e-01
36067 7.159223e-01
36078 7.158425e-01
36087 7.155545e-01
36099 7.152326e-01
36118 7.151111e-01
36193 7.150818e-01
36284 7.149571e-01
36316 7.147393e-01
36322 7.145882e-01
36363 7.145514e-01
36380 7.145165e-01
36413 7.145034e-01
36419 7.143899e-01
36424 7.143828e-01
36435 7.143781e-01
36450 7.143721e-01
36455 7.143453e-01
36460 7.143097e-01
36519 7.142285e-01
36612 7.142153e-01
36644 7.142073e-01
36731 7.142025e-01
36761 7.141977e-01
36786 7.141941e-01
36795 7.141920e-01
36808 7.141902e-01
36821 7.141861e-01
36867 7.141844e-01
37046 7.141841e-01
37050 7.141830e-01
37084 7.141824e-01
37103 7.141819e-01
37154 7.141817e-01
37155 7.141817e-01
37208 7.141817e-01
37209 7.141814e-01
37307 7.141813e-01
37316 7.141813e-01
37322 7.141813e-01
37350 7.141813e-01
37362 7.141812e-01
37363 7.141812e-01
37364 7.141812e-01
37421 7.141812e-01
37441 7.141811e-01
37468 7.141811e-01
37517 7.141811e-01
37531 7.141811e-01
37552 7.141811e-01
37571 7.141811e-01
37572 7.141811e-01
37615 7.141811e-01
37622 7.141811e-01
37638 7.141811e-01
37690 7.141811e-01
37702 7.141811e-01
37722 7.141811e-01
37772 7.141811e-01
37847 7.141811e-01
37852 7.141811e-01
37862 7.141811e-01
37879 7.141811e-01
37944 7.141811e-01
37969 7.141811e-01
38006 7.141811e-01
38016 7.141811e-01
38048 7.141811e-01
38082 7.141811e-01
38092 7.141811e-01
38116 7.141811e-01
38167 7.141811e-01
38244 7.141811e-01
38326 7.141811e-01
38336 7.141811e-01
38353 7.141811e-01
38367 7.141811e-01
38379 7.141811e-01
38457 7.141811e-01
38477 7.141811e-01
