1 1.368229e+03
2 6.422038e+02
3 6.103854e+02
4 3.385128e+02
9 3.312457e+02
12 2.358297e+02
650 2.329012e+02
835 2.322048e+02
878 2.321154e+02
907 2.320882e+02
958 2.301104e+02
960 2.293126e+02
985 2.265899e+02
1007 2.264728e+02
1036 2.245118e+02
1050 2.243137e+02
1059 2.241459e+02
1276 2.200958e+02
1374 2.182148e+02
1398 2.166531e+02
1470 2.152120e+02
1483 2.150559e+02
1507 2.140832e+02
1545 2.138178e+02
1616 2.132934e+02
1654 2.113282e+02
1674 2.105616e+02
1746 2.087554e+02
1760 2.080819e+02
1913 2.078880e+02
1917 2.073258e+02
1957 2.058802e+02
2065 2.052567e+02
2097 2.052212e+02
2154 2.045969e+02
2191 2.037476e+02
2262 2.030801e+02
2370 2.026234e+02
2415 2.025691e+02
2466 2.024486e+02
2478 2.023469e+02
2502 2.022900e+02
2509 2.022891e+02
2562 2.018336e+02
2619 2.017050e+02
2671 2.016710e+02
2725 2.016667e+02
2757 2.016646e+02
2820 2.015749e+02
2827 2.014546e+02
2886 2.012612e+02
2912 2.011699e+02
2979 2.011504e+02
3011 2.011411e+02
3031 2.010449e+02
3092 2.008478e+02
3156 2.008107e+02
3176 2.007456e+02
3236 2.007118e+02
3256 2.006987e+02
3274 2.004342e+02
3396 2.003047e+02
3576 2.002954e+02
3600 2.002905e+02
3606 2.002892e+02
3632 2.002765e+02
3639 2.002160e+02
3693 2.001997e+02
3733 2.001938e+02
3734 2.001701e+02
3757 2.001646e+02
3777 2.001588e+02
3886 2.001479e+02
3935 2.001349e+02
3985 2.001290e+02
4023 2.001189e+02
4041 2.001099e+02
4070 2.001083e+02
4289 2.000983e+02
4325 2.000843e+02
4384 2.000832e+02
4390 2.000824e+02
4420 2.000563e+02
4602 2.000526e+02
4665 2.000451e+02
4713 2.000395e+02
4966 2.000390e+02
4982 2.000388e+02
4990 2.000372e+02
5012 2.000343e+02
5015 2.000337e+02
5093 2.000329e+02
5100 2.000268e+02
5160 2.000259e+02
5172 2.000236e+02
5187 2.000219e+02
5238 2.000216e+02
5280 2.000209e+02
5308 2.000191e+02
5351 2.000185e+02
5385 2.000174e+02
5398 2.000170e+02
5434 2.000154e+02
5449 2.000115e+02
5515 2.000102e+02
5635 2.000090e+02
5742 2.000089e+02
5761 2.000079e+02
5842 2.000075e+02
5848 2.000065e+02
5898 2.000059e+02
5916 2.000057e+02
5952 2.000055e+02
5979 2.000051e+02
6094 2.000048e+02
6120 2.000040e+02
6144 2.000038e+02
6308 2.000033e+02
6384 2.000030e+02
6540 2.000021e+02
6688 2.000021e+02
6704 2.000020e+02
6782 2.000020e+02
6791 2.000019e+02
6794 2.000018e+02
6831 2.000016e+02
6860 2.000016e+02
6878 2.000015e+02
6881 2.000015e+02
6896 2.000014e+02
6945 2.000010e+02
7100 2.000010e+02
7136 2.000009e+02
7143 2.000008e+02
7158 2.000008e+02
7205 2.000008e+02
7269 2.000008e+02
7294 2.000006e+02
7377 2.000006e+02
7396 2.000006e+02
7423 2.000005e+02
7453 2.000005e+02
7495 2.000004e+02
7520 2.000004e+02
7529 2.000004e+02
7575 2.000003e+02
7702 2.000003e+02
7716 2.000003e+02
7737 2.000003e+02
7753 2.000003e+02
7775 2.000002e+02
7828 2.000002e+02
7844 2.000002e+02
7847 2.000002e+02
7952 2.000001e+02
8078 2.000001e+02
8110 2.000001e+02
8203 2.000001e+02
8206 2.000001e+02
8241 2.000001e+02
8330 2.000001e+02
8356 2.000001e+02
8361 2.000000e+02
8463 2.000000e+02
8505 2.000000e+02
8723 2.000000e+02
8749 2.000000e+02
8778 2.000000e+02
8882 2.000000e+02
8891 2.000000e+02
8992 2.000000e+02
9017 2.000000e+02
9025 2.000000e+02
9171 2.000000e+02
9255 2.000000e+02
9344 2.000000e+02
9384 2.000000e+02
9445 2.000000e+02
9494 2.000000e+02
9555 2.000000e+02
9648 2.000000e+02
9678 2.000000e+02
9722 2.000000e+02
9727 2.000000e+02
9766 2.000000e+02
9846 2.000000e+02
9880 2.000000e+02
10103 2.000000e+02
10227 2.000000e+02
10236 2.000000e+02
10295 2.000000e+02
10296 2.000000e+02
10391 2.000000e+02
10464 2.000000e+02
10478 2.000000e+02
10493 2.000000e+02
10563 2.000000e+02
10568 2.000000e+02
10580 2.000000e+02
10662 2.000000e+02
10688 2.000000e+02
10698 2.000000e+02
10753 2.000000e+02
10785 2.000000e+02
10790 2.000000e+02
10819 2.000000e+02
10833 2.000000e+02
10882 2.000000e+02
11010 2.000000e+02
11015 2.000000e+02
11038 2.000000e+02
11139 2.000000e+02
11161 2.000000e+02
11219 2.000000e+02
11297 2.000000e+02
11299 2.000000e+02
11304 2.000000e+02
11326 2.000000e+02
11332 2.000000e+02
11342 2.000000e+02
16572 1.824654e+02
16668 1.767304e+02
16669 1.767304e+02
16672 1.767304e+02
16675 1.767304e+02
16678 1.767304e+02
16681 1.767304e+02
16684 1.767304e+02
16687 1.767304e+02
16690 1.767304e+02
16693 1.767304e+02
16695 1.738990e+02
16696 1.738990e+02
16699 1.738990e+02
16702 1.738990e+02
16705 1.738990e+02
16708 1.738990e+02
16711 1.738990e+02
16714 1.738990e+02
16715 1.701460e+02
16716 1.701460e+02
16718 1.658174e+02
16719 1.658174e+02
16722 1.658174e+02
16725 1.658174e+02
16728 1.658174e+02
16731 1.658174e+02
16734 1.658174e+02
16737 1.658174e+02
16740 1.658174e+02
16743 1.658174e+02
16746 1.658174e+02
16749 1.658174e+02
16752 1.658174e+02
16755 1.658174e+02
16758 1.658174e+02
16761 1.658174e+02
16764 1.658174e+02
16767 1.658174e+02
16770 1.658174e+02
16773 1.658174e+02
16776 1.658174e+02
16779 1.658174e+02
16782 1.658174e+02
16785 1.658174e+02
16788 1.658174e+02
16791 1.658174e+02
16794 1.658174e+02
16797 1.658174e+02
16800 1.658174e+02
16803 1.658174e+02
16806 1.658174e+02
16809 1.658174e+02
16812 1.658174e+02
16815 1.658174e+02
16818 1.658174e+02
16892 1.652680e+02
16913 1.610951e+02
16945 1.601847e+02
16948 1.597355e+02
16954 1.574367e+02
16956 1.532443e+02
16958 1.446455e+02
16960 1.418331e+02
16969 1.413778e+02
16970 1.413778e+02
16973 1.413778e+02
16976 1.413778e+02
16979 1.413778e+02
16982 1.413778e+02
16985 1.413778e+02
16988 1.413778e+02
16991 1.413778e+02
16994 1.413778e+02
16997 1.413778e+02
17000 1.413778e+02
17002 1.413520e+02
17014 1.409574e+02
17020 1.404775e+02
17021 1.404775e+02
17023 1.393667e+02
17024 1.393667e+02
17027 1.393667e+02
17030 1.393667e+02
17033 1.393667e+02
17036 1.393667e+02
17037 1.387949e+02
17038 1.387949e+02
17040 1.386432e+02
17052 1.380977e+02
17065 1.380977e+02
17080 1.380977e+02
17083 1.380977e+02
17086 1.380977e+02
17089 1.380977e+02
17092 1.380977e+02
17095 1.380977e+02
17098 1.380977e+02
17101 1.380977e+02
17104 1.380977e+02
17107 1.380977e+02
17110 1.380977e+02
17113 1.380977e+02
17116 1.380977e+02
17119 1.380977e+02
17122 1.380977e+02
17125 1.380977e+02
17128 1.380977e+02
17131 1.380977e+02
17134 1.380977e+02
17137 1.380977e+02
17140 1.380977e+02
17143 1.380977e+02
17146 1.380977e+02
17149 1.380977e+02
17152 1.380977e+02
17155 1.380977e+02
17158 1.380977e+02
17161 1.380977e+02
17164 1.380977e+02
17167 1.380977e+02
17170 1.380977e+02
17173 1.380977e+02
17176 1.380977e+02
17179 1.380977e+02
17182 1.380977e+02
17185 1.380977e+02
17188 1.380977e+02
17191 1.380977e+02
17194 1.380977e+02
17197 1.380977e+02
17200 1.380977e+02
17203 1.380977e+02
17206 1.380977e+02
17209 1.380977e+02
17212 1.380977e+02
17215 1.380977e+02
17218 1.380977e+02
17221 1.380977e+02
17224 1.380977e+02
17227 1.380977e+02
17230 1.380977e+02
17233 1.380977e+02
17236 1.380977e+02
17239 1.380977e+02
17242 1.380977e+02
17245 1.380977e+02
17248 1.380977e+02
17251 1.380977e+02
17254 1.380977e+02
17257 1.380977e+02
17260 1.380977e+02
17263 1.380977e+02
17266 1.380977e+02
17269 1.380977e+02
17272 1.380977e+02
17275 1.380977e+02
17278 1.380977e+02
17281 1.380977e+02
17284 1.380977e+02
17287 1.380977e+02
17289 1.379414e+02
17290 1.379414e+02
17293 1.379414e+02
17296 1.379414e+02
17299 1.379414e+02
17302 1.379414e+02
17305 1.379414e+02
17308 1.379414e+02
17311 1.379414e+02
17314 1.379414e+02
17317 1.379414e+02
17320 1.379414e+02
17323 1.379414e+02
17326 1.379414e+02
17329 1.379414e+02
17332 1.379414e+02
17333 1.378269e+02
17334 1.378269e+02
17337 1.378269e+02
17338 1.377824e+02
17369 1.377824e+02
17372 1.377824e+02
17608 1.376861e+02
17609 1.376861e+02
17612 1.376861e+02
17615 1.376861e+02
17618 1.376861e+02
17621 1.376861e+02
17624 1.376861e+02
17627 1.376861e+02
17630 1.376861e+02
17632 1.376427e+02
17672 1.376427e+02
17675 1.376427e+02
17678 1.376427e+02
17681 1.376427e+02
17684 1.376427e+02
17687 1.376427e+02
17690 1.376427e+02
17693 1.376427e+02
17696 1.376427e+02
17699 1.376427e+02
17702 1.376427e+02
17705 1.376427e+02
17708 1.376427e+02
17711 1.376427e+02
17714 1.376427e+02
17717 1.376427e+02
17720 1.376427e+02
17723 1.376427e+02
17726 1.376427e+02
17729 1.376427e+02
17732 1.376427e+02
17735 1.376427e+02
17738 1.376427e+02
17741 1.376427e+02
17744 1.376427e+02
17747 1.376427e+02
17750 1.376427e+02
17753 1.376427e+02
17756 1.376427e+02
17759 1.376427e+02
17940 1.376242e+02
17941 1.376242e+02
17944 1.376242e+02
17945 1.375951e+02
17954 1.375915e+02
18209 1.375824e+02
18529 1.375618e+02
18530 1.375618e+02
18533 1.375618e+02
18536 1.375618e+02
18537 1.375439e+02
18543 1.375317e+02
18544 1.375317e+02
18545 1.375290e+02
18546 1.375290e+02
18547 1.374806e+02
18549 1.374668e+02
18550 1.374668e+02
18553 1.374668e+02
18556 1.374668e+02
18559 1.374668e+02
19125 1.374618e+02
19126 1.374618e+02
19129 1.374618e+02
19130 1.374516e+02
19136 1.374408e+02
28248 1.351743e+02
28249 1.351743e+02
28252 1.351743e+02
28255 1.351743e+02
28258 1.351743e+02
28261 1.351743e+02
28264 1.351743e+02
28267 1.351743e+02
28270 1.351743e+02
28273 1.351743e+02
28276 1.351743e+02
28279 1.351743e+02
28282 1.351743e+02
28285 1.351743e+02
28288 1.351743e+02
28291 1.351743e+02
28294 1.351743e+02
28297 1.351743e+02
28300 1.351743e+02
28303 1.351743e+02
28306 1.351743e+02
28309 1.351743e+02
28312 1.351743e+02
28315 1.351743e+02
28318 1.351743e+02
28321 1.351743e+02
28324 1.351743e+02
28327 1.351743e+02
28330 1.351743e+02
28333 1.351743e+02
28336 1.351743e+02
28339 1.351743e+02
28342 1.351743e+02
28345 1.351743e+02
28348 1.351743e+02
28351 1.351743e+02
28354 1.351743e+02
28357 1.351743e+02
28360 1.351743e+02
28369 1.351743e+02
28372 1.351743e+02
28464 1.318003e+02
28465 1.318003e+02
28468 1.318003e+02
28471 1.318003e+02
28474 1.318003e+02
28477 1.318003e+02
28480 1.318003e+02
28483 1.318003e+02
28486 1.318003e+02
28489 1.318003e+02
28492 1.318003e+02
28495 1.318003e+02
28498 1.318003e+02
28501 1.318003e+02
28504 1.318003e+02
28507 1.318003e+02
28508 1.312558e+02
28509 1.312558e+02
28512 1.312558e+02
28515 1.312558e+02
28518 1.312558e+02
28521 1.312558e+02
28524 1.312558e+02
28525 1.220584e+02
28526 1.220584e+02
28529 1.220584e+02
28532 1.220584e+02
28535 1.220584e+02
28537 1.202587e+02
28549 1.200623e+02
28550 1.200623e+02
28553 1.200623e+02
28556 1.200623e+02
28559 1.200623e+02
28562 1.200623e+02
28565 1.200623e+02
28568 1.200623e+02
28571 1.200623e+02
28574 1.200623e+02
28577 1.200623e+02
28580 1.200623e+02
28583 1.200623e+02
28586 1.200623e+02
28589 1.200623e+02
28592 1.200623e+02
28595 1.200623e+02
28598 1.200623e+02
28601 1.200623e+02
28604 1.200623e+02
28606 1.199187e+02
28607 1.199187e+02
28610 1.199187e+02
28611 1.182109e+02
28612 1.182109e+02
28615 1.182109e+02
28618 1.182109e+02
28621 1.182109e+02
28624 1.182109e+02
28627 1.182109e+02
28630 1.182109e+02
28633 1.182109e+02
28639 1.182109e+02
28642 1.182109e+02
28847 1.176491e+02
28848 1.176491e+02
28851 1.176491e+02
28854 1.176491e+02
28857 1.176491e+02
28860 1.176491e+02
28863 1.176491e+02
28866 1.176491e+02
28869 1.176491e+02
28872 1.176491e+02
28875 1.176491e+02
28877 1.174381e+02
29140 1.173773e+02
29149 1.173686e+02
29150 1.173686e+02
29153 1.173686e+02
29156 1.173686e+02
29159 1.173686e+02
29162 1.173686e+02
29165 1.173686e+02
29168 1.173686e+02
29170 1.173072e+02
29188 1.172827e+02
29249 1.172827e+02
29252 1.172827e+02
29255 1.172827e+02
29258 1.172827e+02
29261 1.172827e+02
29264 1.172827e+02
29267 1.172827e+02
29270 1.172827e+02
29273 1.172827e+02
29276 1.172827e+02
29279 1.172827e+02
29282 1.172827e+02
29285 1.172827e+02
29288 1.172827e+02
29291 1.172827e+02
29294 1.172827e+02
29297 1.172827e+02
29300 1.172827e+02
29303 1.172827e+02
29306 1.172827e+02
29309 1.172827e+02
29312 1.172827e+02
29315 1.172827e+02
29318 1.172827e+02
29321 1.172827e+02
29324 1.172827e+02
29327 1.172827e+02
29330 1.172827e+02
29333 1.172827e+02
29336 1.172827e+02
29339 1.172827e+02
29342 1.172827e+02
29345 1.172827e+02
29348 1.172827e+02
29351 1.172827e+02
29354 1.172827e+02
29357 1.172827e+02
29360 1.172827e+02
29363 1.172827e+02
29366 1.172827e+02
29369 1.172827e+02
29372 1.172827e+02
29375 1.172827e+02
29378 1.172827e+02
29381 1.172827e+02
29384 1.172827e+02
29387 1.172827e+02
29390 1.172827e+02
29393 1.172827e+02
29396 1.172827e+02
29399 1.172827e+02
29402 1.172827e+02
29405 1.172827e+02
29408 1.172827e+02
29411 1.172827e+02
29414 1.172827e+02
29417 1.172827e+02
29420 1.172827e+02
29423 1.172827e+02
29426 1.172827e+02
29429 1.172827e+02
29432 1.172827e+02
29435 1.172827e+02
29438 1.172827e+02
29441 1.172827e+02
29444 1.172827e+02
29447 1.172827e+02
29450 1.172827e+02
29453 1.172827e+02
29456 1.172827e+02
29459 1.172827e+02
29462 1.172827e+02
29465 1.172827e+02
29466 1.171140e+02
29474 1.171035e+02
29476 1.170303e+02
29506 1.170185e+02
29511 1.168968e+02
29512 1.168968e+02
29513 1.165533e+02
29515 1.165166e+02
29615 1.165166e+02
29766 1.164160e+02
29772 1.163648e+02
29773 1.163648e+02
29776 1.163648e+02
29779 1.163648e+02
29782 1.163648e+02
29785 1.163648e+02
29788 1.163648e+02
29791 1.163648e+02
29793 1.163562e+02
29794 1.163562e+02
29797 1.163562e+02
29800 1.163562e+02
29803 1.163562e+02
29806 1.163562e+02
29809 1.163562e+02
29812 1.163562e+02
29815 1.163562e+02
29818 1.163562e+02
29821 1.163562e+02
29827 1.163562e+02
29830 1.163562e+02
29833 1.163562e+02
29836 1.163562e+02
29839 1.163562e+02
29842 1.163562e+02
29845 1.163562e+02
29848 1.163562e+02
29851 1.163562e+02
29854 1.163562e+02
29857 1.163562e+02
29860 1.163562e+02
29863 1.163562e+02
29866 1.163562e+02
29869 1.163562e+02
29872 1.163562e+02
29875 1.163562e+02
29878 1.163562e+02
29881 1.163562e+02
29884 1.163562e+02
30002 1.163562e+02
30005 1.163562e+02
30008 1.163562e+02
30011 1.163562e+02
30014 1.163562e+02
30017 1.163562e+02
30020 1.163562e+02
30023 1.163562e+02
30026 1.163562e+02
30029 1.163562e+02
30032 1.163562e+02
30035 1.163562e+02
30038 1.163562e+02
30041 1.163562e+02
30273 1.163498e+02
30278 1.163307e+02
30279 1.163307e+02
30281 1.163134e+02
30286 1.162699e+02
30287 1.162699e+02
30288 1.162480e+02
30289 1.162480e+02
30290 1.161340e+02
30291 1.161340e+02
30292 1.160103e+02
30305 1.160103e+02
30308 1.160103e+02
30311 1.160103e+02
30314 1.160103e+02
30317 1.160103e+02
30320 1.160103e+02
30323 1.160103e+02
30326 1.160103e+02
30329 1.160103e+02
30332 1.160103e+02
30335 1.160103e+02
30338 1.160103e+02
30341 1.160103e+02
30344 1.160103e+02
30347 1.160103e+02
30350 1.160103e+02
30353 1.160103e+02
30356 1.160103e+02
30359 1.160103e+02
30362 1.160103e+02
30365 1.160103e+02
30368 1.160103e+02
30371 1.160103e+02
30374 1.160103e+02
30377 1.160103e+02
30380 1.160103e+02
30383 1.160103e+02
30386 1.160103e+02
30389 1.160103e+02
30392 1.160103e+02
30395 1.160103e+02
30398 1.160103e+02
30401 1.160103e+02
30404 1.160103e+02
30407 1.160103e+02
30410 1.160103e+02
30413 1.160103e+02
30416 1.160103e+02
30419 1.160103e+02
30422 1.160103e+02
30425 1.160103e+02
30428 1.160103e+02
30431 1.160103e+02
30434 1.160103e+02
30437 1.160103e+02
30440 1.160103e+02
30443 1.160103e+02
30446 1.160103e+02
30449 1.160103e+02
30452 1.160103e+02
30455 1.160103e+02
30458 1.160103e+02
30461 1.160103e+02
30464 1.160103e+02
30467 1.160103e+02
30470 1.160103e+02
30473 1.160103e+02
30476 1.160103e+02
30479 1.160103e+02
30482 1.160103e+02
30485 1.160103e+02
30488 1.160103e+02
30491 1.160103e+02
30494 1.160103e+02
30497 1.160103e+02
30500 1.160103e+02
30503 1.160103e+02
30506 1.160103e+02
30509 1.160103e+02
30512 1.160103e+02
30515 1.160103e+02
30518 1.160103e+02
30521 1.160103e+02
30524 1.160103e+02
30527 1.160103e+02
30530 1.160103e+02
30533 1.160103e+02
30536 1.160103e+02
30539 1.160103e+02
30542 1.160103e+02
30545 1.160103e+02
30548 1.160103e+02
30551 1.160103e+02
30554 1.160103e+02
30557 1.160103e+02
30560 1.160103e+02
30563 1.160103e+02
30566 1.160103e+02
30569 1.160103e+02
30572 1.160103e+02
30574 1.160031e+02
30575 1.160031e+02
30578 1.160031e+02
30581 1.160031e+02
30584 1.160031e+02
30587 1.160031e+02
30590 1.160031e+02
30593 1.160031e+02
30596 1.160031e+02
30599 1.160031e+02
30602 1.160031e+02
30605 1.160031e+02
