1 1.670593e+08
2 3.230263e+07
7 2.836122e+07
23 1.792700e+05
627 1.580829e+05
743 1.307660e+05
2571 1.231025e+05
5077 1.221154e+05
5131 1.180969e+05
5356 1.169233e+05
5417 1.140510e+05
5461 1.099681e+05
5474 1.075823e+05
5543 1.065618e+05
5975 1.063330e+05
6375 1.051785e+05
6426 1.004812e+05
6842 9.983808e+04
7194 9.942571e+04
7582 9.804550e+04
7750 9.729196e+04
8108 9.686051e+04
8368 9.514797e+04
8616 9.366593e+04
9039 9.359983e+04
9253 9.354316e+04
9326 9.274733e+04
9405 9.177916e+04
9505 9.148721e+04
9670 9.027255e+04
9760 8.982023e+04
9905 8.876185e+04
9933 8.673803e+04
10122 8.662758e+04
10504 8.547515e+04
10611 8.389209e+04
10638 8.329126e+04
10717 8.173354e+04
10747 8.106183e+04
10765 8.098327e+04
10799 7.979309e+04
10971 7.742794e+04
11187 7.668332e+04
11212 7.485520e+04
11311 7.334236e+04
11363 7.228183e+04
11381 7.119009e+04
11393 7.108301e+04
11414 6.862928e+04
11437 6.700732e+04
11553 6.665183e+04
11583 6.399818e+04
11660 6.281061e+04
11727 6.145146e+04
11763 6.119111e+04
11784 5.925096e+04
11999 5.746916e+04
12075 5.371229e+04
12425 5.325739e+04
12714 5.059902e+04
12774 5.003010e+04
12808 4.993961e+04
12825 4.948406e+04
12843 4.708507e+04
12884 4.398496e+04
13082 4.347602e+04
13113 4.300787e+04
13125 4.236122e+04
13171 4.129460e+04
13197 4.120991e+04
13251 4.040524e+04
13380 4.036792e+04
13473 4.010683e+04
13489 3.910650e+04
13523 3.831167e+04
13527 3.548419e+04
13555 3.063366e+04
13622 3.059662e+04
13648 2.833589e+04
13847 2.716113e+04
13922 2.394259e+04
14011 2.146899e+04
14113 1.814915e+04
14483 1.796699e+04
14663 1.761276e+04
14673 1.253524e+04
15054 1.232287e+04
15140 1.220420e+04
15296 9.389116e+03
15668 9.297092e+03
15702 8.198907e+03
15796 8.133974e+03
15842 7.627456e+03
15888 7.321848e+03
15940 6.942924e+03
15982 5.923526e+03
16040 5.434971e+03
16330 5.042519e+03
16554 5.007465e+03
16566 4.724447e+03
16592 4.646032e+03
16710 4.325799e+03
16722 4.018809e+03
16782 3.978547e+03
16819 3.751240e+03
16822 3.422229e+03
16836 3.404123e+03
16852 3.075195e+03
16897 2.476641e+03
17138 2.384071e+03
17216 2.235679e+03
17282 1.723273e+03
17404 1.709063e+03
17417 1.582154e+03
17425 9.403192e+02
17992 9.337190e+02
18132 8.510498e+02
18150 6.261969e+02
18256 3.609841e+02
18740 3.346331e+02
18774 2.818087e+02
18815 2.289491e+02
18850 2.254877e+02
19104 2.177479e+02
19136 1.942282e+02
19282 1.658424e+02
19307 1.457634e+02
19419 1.385014e+02
19441 1.254046e+02
19489 1.232172e+02
19505 1.199437e+02
19533 1.011973e+02
19549 9.346398e+01
19594 8.145794e+01
19677 7.136764e+01
19779 5.799781e+01
19828 5.358434e+01
20004 4.825819e+01
20212 4.709744e+01
20235 4.419963e+01
20249 3.539538e+01
20278 3.335111e+01
20327 3.059683e+01
20385 3.032432e+01
20410 2.357513e+01
20509 1.894256e+01
20663 1.702675e+01
20665 1.370898e+01
20863 1.349943e+01
20959 1.345109e+01
20961 1.228345e+01
20990 1.220023e+01
21040 1.218404e+01
21047 9.135727e+00
21100 8.400637e+00
21137 8.364773e+00
21171 7.003727e+00
21200 6.859513e+00
21250 6.836940e+00
21275 5.050008e+00
21361 4.484309e+00
21512 4.370610e+00
21521 3.771569e+00
21530 3.195610e+00
21753 3.123640e+00
21821 2.891862e+00
21838 2.705116e+00
21865 2.675629e+00
21867 2.657290e+00
21889 2.558474e+00
21927 1.899443e+00
21979 1.756971e+00
22020 1.657108e+00
22033 1.485084e+00
22166 1.271162e+00
22247 1.180106e+00
22369 1.146440e+00
22399 9.123381e-01
22537 8.598196e-01
22605 6.760356e-01
22678 6.068015e-01
22763 5.620347e-01
22765 5.070287e-01
22776 4.851412e-01
22815 4.849093e-01
22866 4.085614e-01
22898 3.443265e-01
23089 2.865202e-01
23183 2.482845e-01
23235 2.296341e-01
23268 2.120379e-01
23310 2.037854e-01
23324 1.895449e-01
23344 1.841040e-01
23424 1.678941e-01
23472 1.641735e-01
23487 1.497985e-01
23537 1.497548e-01
23548 1.377377e-01
23576 1.159085e-01
23577 9.522082e-02
23723 9.002733e-02
23724 8.328167e-02
23732 7.325673e-02
23763 6.433616e-02
23801 4.545777e-02
23874 4.290106e-02
23926 3.958834e-02
24012 3.604633e-02
24061 3.214476e-02
24103 3.158438e-02
24153 2.737228e-02
24188 2.340509e-02
24260 1.662284e-02
24350 1.650531e-02
24351 1.416168e-02
24443 1.360032e-02
24463 1.217882e-02
24473 1.131274e-02
24508 1.009853e-02
24530 9.397956e-03
24616 7.521680e-03
24639 5.567591e-03
24845 4.962481e-03
24866 4.399558e-03
24876 3.823028e-03
24895 3.677565e-03
24997 3.643293e-03
25004 3.101342e-03
25052 2.253620e-03
25119 1.891046e-03
25259 1.833584e-03
25297 1.813715e-03
25320 1.191462e-03
25459 1.126015e-03
25461 1.123360e-03
25462 8.602619e-04
25496 8.430795e-04
25557 7.391161e-04
25558 6.996817e-04
25628 6.871693e-04
25642 6.282700e-04
25703 6.111247e-04
25705 5.158126e-04
25707 4.739994e-04
25721 4.657342e-04
25739 4.378412e-04
25745 4.072227e-04
25746 4.013099e-04
25772 3.808879e-04
25791 2.708213e-04
25840 2.175733e-04
26085 1.953507e-04
26143 1.896339e-04
26298 1.639990e-04
26318 1.193174e-04
26396 1.119350e-04
26398 1.115574e-04
26440 9.253761e-05
26532 8.883222e-05
26535 6.906903e-05
26641 5.832928e-05
26673 5.576252e-05
26718 4.971308e-05
26724 4.940186e-05
26766 4.605788e-05
26803 3.523164e-05
26827 2.861170e-05
26901 2.422717e-05
26925 1.874750e-05
26974 1.491925e-05
27214 1.353327e-05
27269 1.285611e-05
27276 1.234614e-05
27391 1.211972e-05
27397 8.222857e-06
27403 7.851709e-06
27464 7.441869e-06
27500 7.137238e-06
27509 6.852377e-06
27517 6.380496e-06
27528 5.744865e-06
27592 5.582258e-06
27605 4.936529e-06
27674 4.108044e-06
27727 3.931453e-06
27735 2.444737e-06
27918 1.769344e-06
27946 1.656145e-06
27992 1.495570e-06
28052 1.348627e-06
28053 1.346954e-06
28083 1.175607e-06
28162 9.052123e-07
28260 7.890168e-07
28312 7.673351e-07
28384 6.322339e-07
28427 5.614314e-07
28465 5.035912e-07
28495 4.888870e-07
28546 3.641772e-07
28570 3.234281e-07
28578 2.587637e-07
28698 2.509723e-07
28711 1.655803e-07
28904 1.345938e-07
28975 1.214055e-07
29017 1.114336e-07
29021 1.015145e-07
29058 9.246196e-08
29059 7.217386e-08
29089 5.254023e-08
29214 4.737606e-08
29266 4.392172e-08
29348 3.976568e-08
29356 3.668934e-08
29389 3.578438e-08
29434 3.211930e-08
29549 2.548196e-08
29631 2.202901e-08
29687 2.003019e-08
29696 1.475240e-08
29745 1.406592e-08
29833 1.216694e-08
29848 1.136562e-08
29909 1.090903e-08
29962 8.181581e-09
29981 6.847692e-09
