1 1.336019e+03
20 1.237598e+03
54 1.168303e+03
75 9.419450e+02
103 9.332754e+02
166 8.972132e+02
216 7.241405e+02
323 7.010037e+02
343 6.801943e+02
424 6.708702e+02
480 6.683270e+02
492 6.613891e+02
523 6.469239e+02
542 6.227917e+02
559 6.053283e+02
614 5.549925e+02
646 5.165404e+02
734 5.157985e+02
781 5.047173e+02
789 4.812679e+02
861 4.609983e+02
881 4.601832e+02
902 4.396847e+02
914 4.207725e+02
949 4.066178e+02
1003 4.014935e+02
1074 3.764129e+02
1167 3.687659e+02
1170 3.651193e+02
1178 3.604121e+02
1207 3.537026e+02
1319 3.517921e+02
1403 3.476850e+02
1512 3.442732e+02
1575 3.395118e+02
1653 3.387253e+02
1705 3.383626e+02
1734 3.360584e+02
1812 3.301384e+02
1826 3.279370e+02
1848 3.254991e+02
1926 3.221578e+02
1933 3.197785e+02
1980 3.195104e+02
1988 3.158180e+02
1991 3.154717e+02
2037 3.129608e+02
2200 3.121700e+02
2330 3.117866e+02
2331 3.115268e+02
2349 3.113644e+02
2371 3.110485e+02
2410 3.099124e+02
2414 3.082010e+02
2575 3.075641e+02
2646 3.069305e+02
2682 3.061916e+02
2690 3.050947e+02
2744 3.050028e+02
2845 3.044877e+02
2850 3.042630e+02
2875 3.036175e+02
3012 3.031990e+02
3013 3.028250e+02
3053 3.026548e+02
3070 3.025006e+02
3114 3.023611e+02
3140 3.023287e+02
3148 3.022873e+02
3153 3.022324e+02
3214 3.017459e+02
3288 3.017169e+02
3336 3.016645e+02
3339 3.015799e+02
3340 3.013582e+02
3372 3.011703e+02
3508 3.011145e+02
3536 3.010778e+02
3622 3.010617e+02
3630 3.010322e+02
3683 3.007187e+02
3831 3.006098e+02
3927 3.006013e+02
3941 3.004805e+02
4052 3.004405e+02
4065 3.004324e+02
4093 3.003484e+02
4112 3.003441e+02
4202 3.003107e+02
4228 3.003013e+02
4263 3.002661e+02
4356 3.002475e+02
4384 3.002424e+02
4478 3.001921e+02
4512 3.001324e+02
4717 3.001184e+02
4719 3.001006e+02
4852 3.001005e+02
4856 3.000880e+02
4941 3.000809e+02
4974 3.000783e+02
4976 3.000703e+02
4996 3.000686e+02
5063 3.000616e+02
5191 3.000588e+02
5223 3.000544e+02
5236 3.000543e+02
5240 3.000539e+02
5263 3.000484e+02
5320 3.000483e+02
5321 3.000455e+02
5430 3.000415e+02
5450 3.000381e+02
5482 3.000365e+02
5507 3.000362e+02
5576 3.000346e+02
5604 3.000320e+02
5698 3.000254e+02
5782 3.000239e+02
5822 3.000212e+02
5845 3.000211e+02
5933 3.000192e+02
5950 3.000182e+02
6060 3.000129e+02
6263 3.000127e+02
6269 3.000119e+02
6280 3.000113e+02
6365 3.000067e+02
6629 3.000066e+02
6706 3.000062e+02
6731 3.000061e+02
6750 3.000057e+02
6788 3.000054e+02
6818 3.000053e+02
6858 3.000051e+02
6883 3.000050e+02
6924 3.000043e+02
6938 3.000041e+02
6992 3.000034e+02
7067 3.000026e+02
7087 3.000026e+02
7200 3.000025e+02
7252 3.000024e+02
7291 3.000020e+02
7421 3.000017e+02
7436 3.000014e+02
7516 3.000013e+02
7588 3.000013e+02
7598 3.000012e+02
7656 3.000008e+02
7795 3.000007e+02
7917 3.000006e+02
8039 3.000004e+02
8142 3.000004e+02
8161 3.000003e+02
8174 3.000003e+02
8254 3.000003e+02
8263 3.000002e+02
8325 3.000002e+02
8348 3.000002e+02
8371 3.000001e+02
8391 3.000001e+02
8465 3.000001e+02
8467 3.000001e+02
8489 3.000001e+02
8506 3.000000e+02
8567 3.000000e+02
8730 3.000000e+02
8921 3.000000e+02
9088 3.000000e+02
9163 3.000000e+02
9164 3.000000e+02
9203 3.000000e+02
9317 3.000000e+02
9342 3.000000e+02
9429 3.000000e+02
9497 3.000000e+02
9499 3.000000e+02
9508 3.000000e+02
9562 3.000000e+02
9575 3.000000e+02
9672 3.000000e+02
9677 3.000000e+02
9682 3.000000e+02
9685 3.000000e+02
9744 3.000000e+02
9815 3.000000e+02
9846 3.000000e+02
9888 3.000000e+02
9895 3.000000e+02
9899 3.000000e+02
9949 3.000000e+02
10022 3.000000e+02
10078 3.000000e+02
10130 3.000000e+02
10172 3.000000e+02
10254 3.000000e+02
10302 3.000000e+02
10364 3.000000e+02
10377 3.000000e+02
10382 3.000000e+02
10391 3.000000e+02
10392 3.000000e+02
10419 3.000000e+02
10449 3.000000e+02
10532 3.000000e+02
10620 3.000000e+02
10648 3.000000e+02
10701 3.000000e+02
10768 3.000000e+02
10776 3.000000e+02
10805 3.000000e+02
