1 5.472563e+03
2 2.794424e+03
3 2.726903e+03
4 1.845625e+03
7 1.372861e+03
39 1.064574e+03
117 1.024125e+03
154 8.994084e+02
207 8.264958e+02
302 7.861348e+02
338 7.222033e+02
426 7.122009e+02
441 7.026317e+02
474 6.585536e+02
537 6.181375e+02
578 6.066449e+02
614 5.861571e+02
626 5.459793e+02
644 5.239611e+02
684 4.751991e+02
769 4.395839e+02
812 4.384231e+02
819 4.281040e+02
844 4.155872e+02
975 4.151469e+02
987 3.844712e+02
1009 3.689845e+02
1064 3.611978e+02
1126 3.532524e+02
1240 3.488054e+02
1341 3.482089e+02
1348 3.358728e+02
1410 3.332602e+02
1520 3.309992e+02
1578 3.284629e+02
1691 3.277791e+02
1708 3.213166e+02
1779 3.206153e+02
1810 3.197568e+02
1832 3.145503e+02
1959 3.125883e+02
2038 3.125572e+02
2060 3.114593e+02
2170 3.109198e+02
2187 3.090477e+02
2320 3.070417e+02
2440 3.067189e+02
2477 3.052135e+02
2665 3.051788e+02
2668 3.049486e+02
2679 3.045225e+02
2729 3.045006e+02
2775 3.041606e+02
2782 3.034397e+02
2809 3.025698e+02
2926 3.024432e+02
3028 3.024141e+02
3053 3.021499e+02
3103 3.018324e+02
3130 3.016219e+02
3248 3.015350e+02
3292 3.013666e+02
3354 3.013231e+02
3385 3.011807e+02
3410 3.010613e+02
3472 3.010322e+02
3522 3.007557e+02
3717 3.005936e+02
3962 3.005500e+02
4042 3.005254e+02
4096 3.004736e+02
4137 3.004441e+02
4171 3.004290e+02
4223 3.003926e+02
4234 3.003904e+02
4237 3.002696e+02
4390 3.002583e+02
4521 3.002558e+02
4534 3.002405e+02
4551 3.002143e+02
4628 3.001943e+02
4671 3.001793e+02
4802 3.001594e+02
4881 3.001267e+02
4959 3.001005e+02
5117 3.000959e+02
5143 3.000877e+02
5149 3.000805e+02
5166 3.000786e+02
5247 3.000772e+02
5273 3.000768e+02
5288 3.000697e+02
5298 3.000652e+02
5317 3.000561e+02
5330 3.000545e+02
5456 3.000445e+02
5484 3.000408e+02
5517 3.000402e+02
5605 3.000399e+02
5614 3.000344e+02
5767 3.000330e+02
5777 3.000255e+02
5832 3.000251e+02
5845 3.000237e+02
5903 3.000203e+02
5924 3.000186e+02
5956 3.000177e+02
5993 3.000158e+02
6096 3.000152e+02
6173 3.000151e+02
6183 3.000151e+02
6184 3.000129e+02
6189 3.000106e+02
6276 3.000103e+02
6288 3.000097e+02
6370 3.000092e+02
6386 3.000079e+02
6405 3.000058e+02
6600 3.000057e+02
6642 3.000056e+02
6673 3.000053e+02
6674 3.000047e+02
6703 3.000046e+02
6719 3.000035e+02
6921 3.000033e+02
6986 3.000032e+02
7044 3.000030e+02
7270 3.000029e+02
7272 3.000025e+02
7291 3.000022e+02
7319 3.000019e+02
7423 3.000018e+02
7424 3.000014e+02
7475 3.000012e+02
7688 3.000011e+02
7702 3.000007e+02
7893 3.000005e+02
7920 3.000005e+02
8080 3.000005e+02
8084 3.000003e+02
8132 3.000003e+02
8148 3.000003e+02
8234 3.000002e+02
8265 3.000002e+02
8281 3.000002e+02
8311 3.000001e+02
8364 3.000001e+02
8366 3.000001e+02
8431 3.000001e+02
8519 3.000001e+02
8576 3.000000e+02
8865 3.000000e+02
8902 3.000000e+02
9050 3.000000e+02
9164 3.000000e+02
9222 3.000000e+02
9229 3.000000e+02
9276 3.000000e+02
9373 3.000000e+02
9400 3.000000e+02
9402 3.000000e+02
9494 3.000000e+02
9534 3.000000e+02
9551 3.000000e+02
9570 3.000000e+02
9571 3.000000e+02
9585 3.000000e+02
9710 3.000000e+02
9718 3.000000e+02
9751 3.000000e+02
9779 3.000000e+02
9897 3.000000e+02
9923 3.000000e+02
9929 3.000000e+02
9968 3.000000e+02
9987 3.000000e+02
10038 3.000000e+02
10082 3.000000e+02
10088 3.000000e+02
10095 3.000000e+02
10114 3.000000e+02
10138 3.000000e+02
10149 3.000000e+02
10155 3.000000e+02
10205 3.000000e+02
10213 3.000000e+02
10233 3.000000e+02
10303 3.000000e+02
10308 3.000000e+02
10316 3.000000e+02
10333 3.000000e+02
10369 3.000000e+02
10386 3.000000e+02
10402 3.000000e+02
10450 3.000000e+02
10621 3.000000e+02
10649 3.000000e+02
10704 3.000000e+02
10725 3.000000e+02
10753 3.000000e+02
10778 3.000000e+02
10853 3.000000e+02
10875 3.000000e+02
10880 3.000000e+02
10886 3.000000e+02
10933 3.000000e+02
40554 3.000000e+02
65763 3.000000e+02
