1 1.479082e+04
2 1.290995e+04
3 1.213364e+04
7 1.205433e+04
8 1.183502e+04
9 1.176714e+04
11 1.124134e+04
15 1.090259e+04
18 9.768692e+03
262 9.717998e+03
350 9.479450e+03
379 8.924782e+03
774 8.531978e+03
1901 8.318780e+03
2658 7.899987e+03
3041 7.851640e+03
3641 7.146646e+03
4031 7.051140e+03
5461 6.795900e+03
5940 6.765651e+03
6500 6.729004e+03
6613 6.298941e+03
6858 6.090354e+03
7220 5.763564e+03
7330 5.628372e+03
7424 5.581677e+03
7538 5.390190e+03
7675 4.919066e+03
7909 4.885356e+03
7918 3.499493e+03
8306 3.416236e+03
8502 3.096417e+03
8528 3.004046e+03
8603 2.923800e+03
8613 2.880816e+03
8623 2.704923e+03
8656 2.639735e+03
8710 2.309793e+03
8740 2.237661e+03
8850 2.142469e+03
8871 2.118585e+03
8893 2.060902e+03
8917 2.039783e+03
8955 1.992260e+03
8959 1.832841e+03
8974 1.799543e+03
9116 1.757548e+03
9151 1.573314e+03
9320 1.503174e+03
9438 1.466228e+03
9468 1.464423e+03
9524 1.456806e+03
9546 1.427379e+03
9590 1.426164e+03
9643 1.418183e+03
9671 1.412600e+03
9686 1.352766e+03
9792 1.333065e+03
9863 1.324621e+03
9913 1.318282e+03
9945 1.307593e+03
9976 1.305106e+03
10059 1.295369e+03
10088 1.289794e+03
10110 1.281014e+03
10115 1.275571e+03
10227 1.270971e+03
10281 1.265186e+03
10314 1.264020e+03
10337 1.263077e+03
10352 1.256578e+03
10387 1.252649e+03
10402 1.250425e+03
10483 1.245993e+03
10589 1.244691e+03
10619 1.244375e+03
10650 1.244099e+03
10662 1.243339e+03
10688 1.242739e+03
10691 1.242365e+03
10711 1.242321e+03
10760 1.241875e+03
10794 1.240657e+03
10836 1.240031e+03
11060 1.239990e+03
11092 1.239561e+03
11106 1.238341e+03
11197 1.238203e+03
11229 1.237724e+03
11266 1.237266e+03
11301 1.237231e+03
11388 1.236725e+03
11555 1.236637e+03
11713 1.236634e+03
11737 1.236591e+03
11781 1.236473e+03
11790 1.236193e+03
11926 1.236085e+03
12057 1.236044e+03
12136 1.236033e+03
12269 1.236032e+03
12278 1.236022e+03
12289 1.235942e+03
12345 1.235916e+03
12403 1.235908e+03
12416 1.235857e+03
12474 1.235829e+03
12510 1.235816e+03
12616 1.235796e+03
12623 1.235795e+03
12672 1.235783e+03
12711 1.235764e+03
12734 1.235752e+03
12772 1.235751e+03
12816 1.235745e+03
12828 1.235739e+03
12832 1.235728e+03
12879 1.235721e+03
12888 1.235709e+03
12965 1.235705e+03
13085 1.235705e+03
13159 1.235700e+03
13183 1.235699e+03
13214 1.235697e+03
13217 1.235694e+03
13244 1.235688e+03
13295 1.235687e+03
13428 1.235684e+03
13469 1.235683e+03
13537 1.235683e+03
13553 1.235683e+03
13582 1.235683e+03
13594 1.235682e+03
13606 1.235681e+03
13624 1.235681e+03
13632 1.235681e+03
13651 1.235680e+03
13705 1.235680e+03
13844 1.235679e+03
13910 1.235679e+03
13930 1.235678e+03
13997 1.235678e+03
14003 1.235678e+03
14041 1.235678e+03
14068 1.235678e+03
14131 1.235678e+03
14132 1.235678e+03
14149 1.235677e+03
14155 1.235677e+03
14185 1.235677e+03
14242 1.235677e+03
14283 1.235677e+03
14302 1.235676e+03
14338 1.235676e+03
14360 1.235676e+03
14436 1.235676e+03
14579 1.235676e+03
14657 1.235676e+03
14676 1.235676e+03
14768 1.235676e+03
14800 1.235676e+03
14843 1.235676e+03
14939 1.235676e+03
14955 1.235676e+03
14969 1.235676e+03
15050 1.235676e+03
15074 1.235676e+03
15100 1.235676e+03
15202 1.235676e+03
15245 1.235675e+03
15257 1.235675e+03
15260 1.235675e+03
15334 1.235675e+03
15350 1.235675e+03
15353 1.235675e+03
15363 1.235675e+03
15383 1.235675e+03
15479 1.235675e+03
15517 1.235675e+03
15523 1.235675e+03
15539 1.235675e+03
15555 1.235675e+03
15626 1.235675e+03
15855 1.235675e+03
15884 1.235675e+03
15955 1.235675e+03
15965 1.235675e+03
15983 1.235675e+03
16125 1.235675e+03
16134 1.235675e+03
16160 1.235675e+03
16182 1.235675e+03
16212 1.235675e+03
16252 1.235675e+03
16273 1.235675e+03
16320 1.235675e+03
16362 1.235675e+03
16365 1.235675e+03
16492 1.235675e+03
16527 1.235675e+03
16562 1.235675e+03
16668 1.235675e+03
16730 1.235675e+03
16831 1.235675e+03
16846 1.235675e+03
16911 1.235675e+03
16963 1.235675e+03
17027 1.235675e+03
17064 1.235675e+03
17087 1.235675e+03
17139 1.235675e+03
17171 1.235675e+03
17215 1.235675e+03
17234 1.235675e+03
17269 1.235675e+03
17457 1.235675e+03
17498 1.235675e+03
17562 1.235675e+03
17572 1.235675e+03
17610 1.235675e+03
17620 1.235675e+03
17643 1.235675e+03
17691 1.235675e+03
17730 1.235675e+03
17766 1.235675e+03
17783 1.235675e+03
17816 1.235675e+03
17847 1.235675e+03
17863 1.235675e+03
17881 1.235675e+03
17882 1.235675e+03
17934 1.235675e+03
17982 1.235675e+03
17991 1.235675e+03
17997 1.235675e+03
18021 1.235675e+03
18043 1.235675e+03
18097 1.235675e+03
18151 1.235675e+03
18213 1.235675e+03
18249 1.235675e+03
18260 1.235675e+03
18298 1.235675e+03
18311 1.235675e+03
18448 1.235675e+03
18525 1.235675e+03
18557 1.235675e+03
18566 1.235675e+03
18611 1.235675e+03
18612 1.235675e+03
18615 1.235675e+03
18619 1.235675e+03
18644 1.235675e+03
18661 1.235675e+03
18690 1.235675e+03
18728 1.235675e+03
18788 1.235675e+03
18794 1.235675e+03
18901 1.235675e+03
18969 1.235675e+03
19015 1.235675e+03
19020 1.235675e+03
19051 1.235675e+03
19143 1.235675e+03
19235 1.235675e+03
19238 1.235675e+03
19254 1.235675e+03
19369 1.235675e+03
19406 1.235675e+03
19410 1.235675e+03
19425 1.235675e+03
19449 1.235675e+03
19451 1.235675e+03
19455 1.235675e+03
19481 1.235675e+03
19490 1.235675e+03
19508 1.235675e+03
19519 1.235675e+03
19523 1.235675e+03
19570 1.235675e+03
19618 1.235675e+03
19620 1.235675e+03
19688 1.235675e+03
19695 1.235675e+03
19704 1.235675e+03
19710 1.235675e+03
19722 1.235675e+03
19838 1.235675e+03
19841 1.235675e+03
19851 1.235675e+03
19885 1.235675e+03
19889 1.235675e+03
19930 1.235675e+03
19958 1.235675e+03
19989 1.235675e+03
20128 1.235675e+03
20146 1.235675e+03
20217 1.235675e+03
20229 1.235675e+03
20234 1.235675e+03
20246 1.235675e+03
20253 1.235675e+03
20271 1.235675e+03
140009 1.136944e+03
140443 1.056695e+03
140721 1.047132e+03
141049 1.030975e+03
141095 9.447803e+02
141293 9.220759e+02
141606 9.168725e+02
141801 8.745475e+02
142250 8.669217e+02
142383 8.604974e+02
142420 8.345757e+02
142490 8.169217e+02
142829 8.100568e+02
142861 8.092359e+02
143142 8.065326e+02
143231 8.041626e+02
143293 7.988807e+02
143313 7.985699e+02
143386 7.963512e+02
143504 7.896877e+02
143622 7.861048e+02
143697 7.858451e+02
143844 7.738425e+02
144104 7.734366e+02
144252 7.722897e+02
144840 7.683198e+02
144960 7.677803e+02
145056 7.670996e+02
145175 7.669961e+02
145196 7.663237e+02
145364 7.660428e+02
145424 7.637170e+02
145575 7.630715e+02
145595 7.626601e+02
145646 7.621559e+02
145786 7.617263e+02
145862 7.617094e+02
145880 7.615425e+02
146099 7.611774e+02
146220 7.604889e+02
146348 7.602571e+02
146505 7.601821e+02
146568 7.600906e+02
146698 7.599082e+02
146896 7.596983e+02
146922 7.595705e+02
147012 7.595528e+02
147044 7.595062e+02
147072 7.594823e+02
147107 7.593747e+02
147139 7.593652e+02
147142 7.592727e+02
147203 7.591088e+02
147362 7.590462e+02
147507 7.590069e+02
147686 7.588862e+02
147960 7.588814e+02
148006 7.588776e+02
148018 7.588456e+02
148112 7.588134e+02
148331 7.588016e+02
148398 7.587966e+02
148434 7.587746e+02
148679 7.587386e+02
148688 7.587200e+02
148903 7.587200e+02
149028 7.586960e+02
149047 7.586920e+02
149082 7.586885e+02
149091 7.586710e+02
149257 7.586709e+02
149498 7.586627e+02
149579 7.586506e+02
149753 7.586505e+02
149801 7.586294e+02
149807 7.586191e+02
149951 7.586095e+02
150266 7.586056e+02
150290 7.586027e+02
150381 7.586016e+02
150457 7.586014e+02
150531 7.585993e+02
150900 7.585977e+02
150956 7.585961e+02
151110 7.585958e+02
151158 7.585958e+02
151165 7.585950e+02
151187 7.585949e+02
151221 7.585947e+02
151242 7.585935e+02
151256 7.585933e+02
151325 7.585921e+02
151424 7.585921e+02
151430 7.585916e+02
151453 7.585901e+02
151545 7.585898e+02
151655 7.585891e+02
151781 7.585887e+02
151854 7.585885e+02
152004 7.585883e+02
152017 7.585880e+02
152020 7.585875e+02
152233 7.585870e+02
152259 7.585867e+02
152260 7.585860e+02
152468 7.585858e+02
152506 7.585857e+02
152589 7.585854e+02
152823 7.585851e+02
152995 7.585851e+02
153089 7.585850e+02
153254 7.585848e+02
153292 7.585846e+02
153297 7.585846e+02
153319 7.585846e+02
153433 7.585846e+02
153447 7.585846e+02
153494 7.585845e+02
153589 7.585845e+02
153619 7.585845e+02
153675 7.585844e+02
153790 7.585844e+02
153807 7.585843e+02
153814 7.585842e+02
153834 7.585842e+02
153891 7.585840e+02
154074 7.585840e+02
154100 7.585840e+02
154104 7.585839e+02
154441 7.585839e+02
154445 7.585839e+02
154447 7.585838e+02
154497 7.585838e+02
154531 7.585838e+02
154633 7.585838e+02
154646 7.585837e+02
154802 7.585837e+02
154806 7.585837e+02
155213 7.585836e+02
155275 7.585836e+02
155311 7.585836e+02
155324 7.585836e+02
155523 7.585836e+02
155543 7.585836e+02
155840 7.585835e+02
155843 7.585835e+02
156010 7.585835e+02
156038 7.585835e+02
156110 7.585835e+02
156211 7.585835e+02
156293 7.585835e+02
156325 7.585835e+02
156328 7.585835e+02
156435 7.585835e+02
156526 7.585835e+02
156559 7.585835e+02
156602 7.585835e+02
156701 7.585835e+02
156815 7.585835e+02
156867 7.585835e+02
156886 7.585835e+02
156990 7.585835e+02
157130 7.585835e+02
157324 7.585835e+02
157354 7.585835e+02
157379 7.585835e+02
157627 7.585835e+02
157659 7.585835e+02
157816 7.585835e+02
157915 7.585835e+02
157917 7.585835e+02
157956 7.585835e+02
158056 7.585835e+02
158147 7.585835e+02
158169 7.585835e+02
158641 7.585835e+02
158906 7.585835e+02
158980 7.585835e+02
159138 7.585835e+02
159434 7.585835e+02
159462 7.585835e+02
159557 7.585835e+02
159700 7.585835e+02
160016 7.585835e+02
160234 7.585835e+02
160248 7.585835e+02
160267 7.585835e+02
160360 7.585835e+02
160595 7.585835e+02
160609 7.585835e+02
160665 7.585835e+02
160690 7.585835e+02
160751 7.585835e+02
160753 7.585835e+02
160867 7.585835e+02
161038 7.585835e+02
161081 7.585835e+02
161157 7.585835e+02
161239 7.585835e+02
161452 7.585835e+02
161511 7.585835e+02
161514 7.585835e+02
161546 7.585835e+02
161581 7.585835e+02
161638 7.585835e+02
161743 7.585835e+02
161764 7.585835e+02
161885 7.585835e+02
161893 7.585835e+02
161895 7.585835e+02
161913 7.585835e+02
161981 7.585835e+02
162381 7.585835e+02
162435 7.585835e+02
162492 7.585835e+02
162550 7.585835e+02
162615 7.585835e+02
162656 7.585835e+02
162679 7.585835e+02
162789 7.585835e+02
162906 7.585835e+02
162992 7.585835e+02
163003 7.585835e+02
163126 7.585835e+02
163133 7.585835e+02
163286 7.585835e+02
163367 7.585835e+02
163531 7.585835e+02
163658 7.585835e+02
163758 7.585835e+02
163976 7.585835e+02
164045 7.585835e+02
164075 7.585835e+02
164105 7.585835e+02
164202 7.585835e+02
164249 7.585835e+02
164256 7.585835e+02
164314 7.585835e+02
164382 7.585835e+02
164451 7.585835e+02
164480 7.585835e+02
164695 7.585835e+02
164767 7.585835e+02
164814 7.585835e+02
164881 7.585835e+02
164974 7.585835e+02
165042 7.585835e+02
165242 7.585835e+02
165250 7.585835e+02
165344 7.585835e+02
165639 7.585835e+02
165655 7.585835e+02
165720 7.585835e+02
165785 7.585835e+02
165805 7.585835e+02
165924 7.585835e+02
166014 7.585835e+02
166276 7.585835e+02
166288 7.585835e+02
166619 7.585835e+02
166749 7.585835e+02
166881 7.585835e+02
166912 7.585835e+02
167058 7.585835e+02
167083 7.585835e+02
167097 7.585835e+02
229779 7.106172e+02
229912 6.163327e+02
230201 5.849280e+02
230573 5.791705e+02
230589 5.349322e+02
230807 5.148172e+02
230835 4.928610e+02
231145 4.497712e+02
231455 4.162256e+02
232066 4.037930e+02
232149 3.959956e+02
232742 3.882459e+02
232851 3.862973e+02
233130 3.828847e+02
233216 3.763008e+02
233287 3.644007e+02
233338 3.641157e+02
233549 3.604902e+02
233676 3.551608e+02
233851 3.349020e+02
234471 3.324029e+02
235116 3.309177e+02
235427 3.305853e+02
235746 3.278138e+02
235803 3.227813e+02
235872 3.227052e+02
236249 3.223269e+02
236342 3.211698e+02
236383 3.181217e+02
236605 3.172509e+02
236840 3.171254e+02
236898 3.164648e+02
237412 3.154365e+02
237539 3.136252e+02
238527 3.121367e+02
238945 3.114925e+02
239239 3.114641e+02
239667 3.112906e+02
239735 3.111430e+02
239750 3.094284e+02
240764 3.093594e+02
240808 3.093192e+02
240921 3.090927e+02
240972 3.089760e+02
241118 3.087341e+02
241543 3.085052e+02
241828 3.082336e+02
242276 3.082081e+02
242289 3.082056e+02
242323 3.081420e+02
242379 3.081360e+02
242493 3.081089e+02
242506 3.080164e+02
243085 3.079992e+02
243454 3.078097e+02
243944 3.077417e+02
244143 3.077272e+02
244569 3.077247e+02
244581 3.076803e+02
244708 3.076680e+02
244960 3.076226e+02
245255 3.076207e+02
245256 3.076059e+02
245534 3.076048e+02
245558 3.076041e+02
245603 3.075996e+02
245924 3.075935e+02
245930 3.075716e+02
245949 3.075648e+02
246149 3.075439e+02
246179 3.075294e+02
246463 3.075288e+02
246922 3.075097e+02
247164 3.075014e+02
247295 3.075006e+02
247333 3.074934e+02
247521 3.074830e+02
248400 3.074817e+02
248566 3.074766e+02
248649 3.074738e+02
248888 3.074728e+02
249176 3.074707e+02
249233 3.074698e+02
249334 3.074693e+02
249530 3.074619e+02
249832 3.074615e+02
249922 3.074611e+02
250226 3.074610e+02
250374 3.074606e+02
250719 3.074584e+02
251037 3.074579e+02
251065 3.074575e+02
251513 3.074570e+02
251619 3.074570e+02
251660 3.074565e+02
251925 3.074561e+02
251953 3.074558e+02
252124 3.074552e+02
252587 3.074552e+02
252692 3.074552e+02
252764 3.074550e+02
252775 3.074549e+02
252829 3.074546e+02
252879 3.074544e+02
252932 3.074542e+02
253135 3.074542e+02
253382 3.074541e+02
253527 3.074535e+02
254105 3.074535e+02
254113 3.074534e+02
254202 3.074532e+02
254534 3.074530e+02
254717 3.074529e+02
254935 3.074526e+02
255267 3.074526e+02
255553 3.074525e+02
255844 3.074525e+02
255919 3.074524e+02
256178 3.074523e+02
256315 3.074523e+02
256400 3.074523e+02
256419 3.074523e+02
256467 3.074523e+02
256470 3.074523e+02
256787 3.074523e+02
257206 3.074523e+02
257269 3.074522e+02
257352 3.074522e+02
257568 3.074521e+02
258084 3.074521e+02
258424 3.074521e+02
258470 3.074521e+02
258739 3.074520e+02
259058 3.074520e+02
259133 3.074520e+02
259370 3.074520e+02
259533 3.074520e+02
259751 3.074520e+02
259937 3.074520e+02
260120 3.074520e+02
260121 3.074520e+02
260369 3.074520e+02
260541 3.074520e+02
260776 3.074520e+02
260803 3.074520e+02
260807 3.074520e+02
260955 3.074520e+02
261333 3.074520e+02
261378 3.074520e+02
261571 3.074520e+02
261916 3.074520e+02
262023 3.074520e+02
262056 3.074520e+02
262174 3.074520e+02
262179 3.074520e+02
262375 3.074520e+02
262963 3.074520e+02
263206 3.074520e+02
263678 3.074520e+02
263772 3.074520e+02
263886 3.074520e+02
264008 3.074520e+02
264393 3.074520e+02
264725 3.074520e+02
264934 3.074520e+02
265395 3.074520e+02
265473 3.074520e+02
265752 3.074520e+02
265836 3.074520e+02
265922 3.074520e+02
266021 3.074520e+02
266453 3.074520e+02
266748 3.074520e+02
267085 3.074520e+02
267173 3.074519e+02
267387 3.074519e+02
268151 3.074519e+02
268371 3.074519e+02
269116 3.074519e+02
269182 3.074519e+02
269318 3.074519e+02
269508 3.074519e+02
269509 3.074519e+02
269684 3.074519e+02
269733 3.074519e+02
269956 3.074519e+02
270146 3.074519e+02
271165 3.074519e+02
271261 3.074519e+02
271360 3.074519e+02
271481 3.074519e+02
271524 3.074519e+02
271762 3.074519e+02
271789 3.074519e+02
272162 3.074519e+02
272711 3.074519e+02
272754 3.074519e+02
272825 3.074519e+02
272919 3.074519e+02
273017 3.074519e+02
273129 3.074519e+02
273335 3.074519e+02
273450 3.074519e+02
274084 3.074519e+02
274105 3.074519e+02
274149 3.074519e+02
274271 3.074519e+02
274398 3.074519e+02
274539 3.074519e+02
274607 3.074519e+02
275143 3.074519e+02
275168 3.074519e+02
275211 3.074519e+02
275536 3.074519e+02
275609 3.074519e+02
275698 3.074519e+02
275981 3.074519e+02
276208 3.074519e+02
276427 3.074519e+02
276680 3.074519e+02
276743 3.074519e+02
276945 3.074519e+02
277062 3.074519e+02
277289 3.074519e+02
277365 3.074519e+02
277500 3.074519e+02
277912 3.074519e+02
278028 3.074519e+02
278335 3.074519e+02
278439 3.074519e+02
278797 3.074519e+02
278900 3.074519e+02
278981 3.074519e+02
278996 3.074519e+02
279091 3.074519e+02
279475 3.074519e+02
279593 3.074519e+02
279678 3.074519e+02
279729 3.074519e+02
279983 3.074519e+02
280139 3.074519e+02
280323 3.074519e+02
280347 3.074519e+02
280556 3.074519e+02
281163 3.074519e+02
281309 3.074519e+02
281463 3.074519e+02
281577 3.074519e+02
281649 3.074519e+02
