1 1.169055e+04
7 1.142989e+04
11 1.063790e+04
14 1.061142e+04
63 1.018891e+04
133 9.832414e+03
228 9.770263e+03
369 9.672085e+03
570 9.645826e+03
678 9.227579e+03
1227 8.962184e+03
1314 8.631324e+03
1926 8.583312e+03
2285 8.176843e+03
3349 7.971329e+03
3627 7.829223e+03
4099 7.743564e+03
4562 7.690960e+03
4627 7.628085e+03
5071 7.069687e+03
5101 6.893452e+03
5175 6.555207e+03
5644 6.544593e+03
5783 6.445983e+03
5812 5.860586e+03
5906 5.628571e+03
5955 5.376427e+03
6190 5.209999e+03
6191 5.149627e+03
6333 4.632092e+03
6392 4.529610e+03
6513 4.164163e+03
6612 4.061706e+03
6763 3.591870e+03
6773 3.303084e+03
6844 3.270349e+03
6848 3.234915e+03
6923 2.936496e+03
6962 2.902662e+03
6999 2.647223e+03
7002 2.373191e+03
7092 2.372227e+03
7134 2.280067e+03
7142 2.208743e+03
7170 2.160837e+03
7181 1.873418e+03
7260 1.821771e+03
7354 1.804680e+03
7359 1.709510e+03
7460 1.693326e+03
7548 1.647822e+03
7596 1.622728e+03
7692 1.565699e+03
7734 1.555573e+03
7797 1.517901e+03
7828 1.495666e+03
7868 1.492050e+03
7902 1.473665e+03
7972 1.456783e+03
7999 1.427763e+03
8065 1.425489e+03
8113 1.415698e+03
8214 1.406376e+03
8272 1.403990e+03
8277 1.401039e+03
8293 1.394483e+03
8364 1.389189e+03
8367 1.386810e+03
8444 1.384178e+03
8453 1.381045e+03
8533 1.380705e+03
8536 1.370557e+03
8630 1.369604e+03
8641 1.368155e+03
8671 1.362778e+03
8718 1.362224e+03
8749 1.356957e+03
8916 1.356731e+03
8925 1.355865e+03
8969 1.354202e+03
8981 1.352903e+03
9041 1.351589e+03
9097 1.351518e+03
9103 1.351095e+03
9110 1.349519e+03
9232 1.348858e+03
9402 1.348059e+03
9504 1.347785e+03
9514 1.347600e+03
9602 1.347580e+03
9690 1.347527e+03
9730 1.347248e+03
9756 1.347078e+03
9774 1.347047e+03
9788 1.346887e+03
9790 1.346739e+03
10009 1.346535e+03
10068 1.346517e+03
10090 1.346287e+03
10180 1.346253e+03
10193 1.346248e+03
10200 1.346233e+03
10220 1.346186e+03
10221 1.346174e+03
10274 1.346128e+03
10350 1.346105e+03
10407 1.346026e+03
10582 1.346012e+03
10589 1.345945e+03
10688 1.345942e+03
10738 1.345890e+03
10804 1.345885e+03
10834 1.345866e+03
10948 1.345857e+03
11125 1.345828e+03
11248 1.345821e+03
11264 1.345817e+03
11353 1.345805e+03
11430 1.345796e+03
11516 1.345795e+03
11565 1.345795e+03
11568 1.345795e+03
11571 1.345791e+03
11646 1.345790e+03
11688 1.345789e+03
11730 1.345788e+03
11788 1.345787e+03
11815 1.345786e+03
11894 1.345785e+03
11911 1.345785e+03
11913 1.345785e+03
11950 1.345785e+03
11969 1.345785e+03
11970 1.345784e+03
11990 1.345783e+03
11993 1.345783e+03
12027 1.345783e+03
12130 1.345782e+03
12148 1.345782e+03
12241 1.345782e+03
12348 1.345782e+03
12363 1.345781e+03
12365 1.345781e+03
12398 1.345781e+03
12421 1.345781e+03
12423 1.345781e+03
12505 1.345781e+03
12632 1.345781e+03
12661 1.345781e+03
12682 1.345781e+03
12715 1.345781e+03
12745 1.345781e+03
12806 1.345781e+03
12817 1.345781e+03
12913 1.345781e+03
12921 1.345781e+03
13010 1.345781e+03
13041 1.345781e+03
13078 1.345781e+03
13111 1.345781e+03
13136 1.345781e+03
13157 1.345781e+03
13247 1.345781e+03
13265 1.345781e+03
13283 1.345781e+03
13333 1.345781e+03
13336 1.345781e+03
13361 1.345781e+03
13452 1.345781e+03
13498 1.345781e+03
13531 1.345781e+03
13585 1.345781e+03
13601 1.345781e+03
13640 1.345781e+03
13651 1.345781e+03
13675 1.345781e+03
13711 1.345781e+03
13879 1.345781e+03
13945 1.345781e+03
13963 1.345781e+03
13989 1.345781e+03
14052 1.345781e+03
14226 1.345781e+03
14397 1.345781e+03
14574 1.345781e+03
14592 1.345781e+03
14617 1.345781e+03
14620 1.345781e+03
14638 1.345781e+03
14760 1.345781e+03
14763 1.345781e+03
14833 1.345781e+03
14856 1.345781e+03
14868 1.345781e+03
14918 1.345781e+03
14928 1.345781e+03
14937 1.345781e+03
14941 1.345781e+03
15029 1.345781e+03
15051 1.345781e+03
15077 1.345781e+03
15082 1.345781e+03
15120 1.345781e+03
15207 1.345781e+03
15590 1.345781e+03
15593 1.345781e+03
15633 1.345781e+03
15641 1.345781e+03
15687 1.345781e+03
15703 1.345781e+03
15766 1.345781e+03
15802 1.345781e+03
15806 1.345781e+03
15844 1.345781e+03
15889 1.345781e+03
15905 1.345781e+03
16163 1.345781e+03
16239 1.345781e+03
16258 1.345781e+03
16304 1.345781e+03
16319 1.345781e+03
16380 1.345781e+03
16398 1.345781e+03
16468 1.345781e+03
16472 1.345781e+03
16515 1.345781e+03
16542 1.345781e+03
16549 1.345781e+03
16579 1.345781e+03
16604 1.345781e+03
16605 1.345781e+03
16609 1.345781e+03
16611 1.345781e+03
16739 1.345781e+03
16748 1.345781e+03
16772 1.345781e+03
16806 1.345781e+03
16816 1.345781e+03
16819 1.345781e+03
16867 1.345781e+03
16893 1.345781e+03
16898 1.345781e+03
16944 1.345781e+03
17050 1.345781e+03
17064 1.345781e+03
17085 1.345781e+03
17102 1.345781e+03
17320 1.345781e+03
17321 1.345781e+03
17451 1.345781e+03
17473 1.345781e+03
17494 1.345781e+03
17555 1.345781e+03
17600 1.345781e+03
17642 1.345781e+03
17719 1.345781e+03
17799 1.345781e+03
17806 1.345781e+03
17827 1.345781e+03
17840 1.345781e+03
17926 1.345781e+03
17938 1.345781e+03
17975 1.345781e+03
18016 1.345781e+03
18062 1.345781e+03
18089 1.345781e+03
18090 1.345781e+03
18093 1.345781e+03
18110 1.345781e+03
18128 1.345781e+03
18146 1.345781e+03
18149 1.345781e+03
18180 1.345781e+03
18211 1.345781e+03
18224 1.345781e+03
18298 1.345781e+03
18350 1.345781e+03
18425 1.345781e+03
18438 1.345781e+03
18478 1.345781e+03
18490 1.345781e+03
18509 1.345781e+03
138231 1.050615e+03
139079 9.233563e+02
139219 8.827389e+02
139605 7.923094e+02
139641 7.857305e+02
139828 7.837349e+02
139905 6.531523e+02
140312 5.974644e+02
140486 5.814898e+02
140694 5.461094e+02
140927 5.409437e+02
141103 4.866219e+02
141460 4.851182e+02
141586 4.782084e+02
141606 4.711503e+02
141801 4.692433e+02
141838 4.619715e+02
142030 4.530357e+02
142101 4.471406e+02
142274 4.444302e+02
142307 4.364982e+02
142441 4.327065e+02
142446 4.318553e+02
142488 4.272179e+02
142530 4.230398e+02
142629 4.180561e+02
143044 4.177582e+02
143422 4.171965e+02
143502 4.169776e+02
143554 4.167859e+02
143635 4.132852e+02
143733 4.129299e+02
143791 4.058498e+02
144286 4.028222e+02
144772 4.027816e+02
144900 4.026452e+02
144921 4.017364e+02
145009 4.010861e+02
145254 3.996602e+02
145263 3.988492e+02
145390 3.980601e+02
145487 3.980575e+02
145580 3.979682e+02
145582 3.974303e+02
145614 3.970959e+02
145873 3.969061e+02
146041 3.968714e+02
146109 3.963973e+02
146272 3.955182e+02
146553 3.951581e+02
146708 3.949225e+02
146902 3.948010e+02
147039 3.947660e+02
147238 3.947396e+02
147331 3.946383e+02
147366 3.943685e+02
147641 3.943364e+02
147689 3.942968e+02
147700 3.941023e+02
148005 3.940959e+02
148070 3.939195e+02
148252 3.939085e+02
148498 3.938585e+02
148549 3.938023e+02
148656 3.936031e+02
148668 3.935448e+02
148764 3.935434e+02
148793 3.934971e+02
148898 3.934939e+02
148985 3.934852e+02
149138 3.934441e+02
149169 3.934435e+02
149204 3.934433e+02
149232 3.934358e+02
149248 3.934164e+02
149295 3.933658e+02
149343 3.933584e+02
149346 3.933400e+02
149351 3.932855e+02
149484 3.932819e+02
149641 3.932774e+02
149771 3.932576e+02
149824 3.932264e+02
149914 3.932081e+02
150150 3.931999e+02
150295 3.931928e+02
150304 3.931891e+02
150734 3.931694e+02
150776 3.931628e+02
150812 3.931598e+02
151022 3.931586e+02
151076 3.931564e+02
151081 3.931542e+02
151102 3.931496e+02
151457 3.931470e+02
151580 3.931427e+02
151652 3.931421e+02
151801 3.931421e+02
151841 3.931418e+02
151892 3.931401e+02
151965 3.931370e+02
152202 3.931363e+02
152237 3.931361e+02
152269 3.931354e+02
152391 3.931330e+02
152520 3.931323e+02
152526 3.931313e+02
152726 3.931301e+02
152755 3.931291e+02
152831 3.931285e+02
152887 3.931283e+02
152912 3.931276e+02
153102 3.931267e+02
153287 3.931263e+02
153534 3.931255e+02
153551 3.931254e+02
153672 3.931247e+02
153759 3.931242e+02
154414 3.931239e+02
154495 3.931238e+02
154585 3.931237e+02
154744 3.931237e+02
154765 3.931237e+02
154915 3.931236e+02
154935 3.931235e+02
155080 3.931235e+02
155128 3.931233e+02
155310 3.931232e+02
155470 3.931232e+02
155560 3.931231e+02
155626 3.931231e+02
155684 3.931231e+02
155822 3.931230e+02
155867 3.931230e+02
155977 3.931230e+02
156071 3.931229e+02
156161 3.931229e+02
156414 3.931229e+02
156483 3.931229e+02
156641 3.931228e+02
156679 3.931228e+02
156728 3.931228e+02
156930 3.931228e+02
157016 3.931228e+02
157112 3.931228e+02
157124 3.931228e+02
157203 3.931227e+02
157489 3.931227e+02
157505 3.931227e+02
157595 3.931227e+02
157887 3.931227e+02
158117 3.931227e+02
158219 3.931227e+02
158449 3.931226e+02
158633 3.931226e+02
158798 3.931226e+02
158814 3.931226e+02
158887 3.931226e+02
159075 3.931226e+02
159099 3.931226e+02
159191 3.931226e+02
159203 3.931226e+02
159257 3.931226e+02
159320 3.931226e+02
159432 3.931226e+02
159438 3.931226e+02
159448 3.931226e+02
159779 3.931226e+02
159981 3.931226e+02
160233 3.931226e+02
160280 3.931226e+02
160318 3.931226e+02
160333 3.931226e+02
160520 3.931226e+02
160599 3.931226e+02
160624 3.931226e+02
160703 3.931226e+02
160717 3.931226e+02
160748 3.931226e+02
160992 3.931226e+02
161030 3.931226e+02
161260 3.931226e+02
161305 3.931226e+02
161348 3.931226e+02
161391 3.931226e+02
161605 3.931226e+02
161629 3.931226e+02
161662 3.931226e+02
161700 3.931226e+02
161707 3.931226e+02
161769 3.931226e+02
161823 3.931226e+02
161837 3.931226e+02
162012 3.931226e+02
162021 3.931226e+02
162027 3.931226e+02
162568 3.931226e+02
162707 3.931226e+02
162798 3.931226e+02
162828 3.931226e+02
162906 3.931226e+02
162929 3.931226e+02
163035 3.931226e+02
163047 3.931226e+02
163344 3.931226e+02
163348 3.931226e+02
163429 3.931226e+02
163498 3.931226e+02
163546 3.931226e+02
163679 3.931226e+02
163742 3.931226e+02
164006 3.931226e+02
164108 3.931226e+02
164306 3.931226e+02
164332 3.931226e+02
164552 3.931226e+02
164577 3.931226e+02
164578 3.931226e+02
164595 3.931226e+02
164795 3.931226e+02
164813 3.931226e+02
164878 3.931226e+02
164980 3.931226e+02
165115 3.931226e+02
165176 3.931226e+02
165239 3.931226e+02
165260 3.931226e+02
165416 3.931226e+02
165706 3.931226e+02
165720 3.931226e+02
165840 3.931226e+02
165862 3.931226e+02
165903 3.931226e+02
165941 3.931226e+02
166020 3.931226e+02
166031 3.931226e+02
166151 3.931226e+02
166276 3.931226e+02
166362 3.931226e+02
166404 3.931226e+02
166482 3.931226e+02
166504 3.931226e+02
166509 3.931226e+02
166546 3.931226e+02
166547 3.931226e+02
166597 3.931226e+02
166635 3.931226e+02
166657 3.931226e+02
166788 3.931226e+02
166815 3.931226e+02
166846 3.931226e+02
166940 3.931226e+02
167087 3.931226e+02
167165 3.931226e+02
167362 3.931226e+02
167447 3.931226e+02
167561 3.931226e+02
167650 3.931226e+02
167670 3.931226e+02
167785 3.931226e+02
167796 3.931226e+02
168123 3.931226e+02
168432 3.931226e+02
229695 3.924190e+02
229956 3.886239e+02
229988 3.818150e+02
230347 3.816883e+02
230473 3.808617e+02
230523 3.801540e+02
230558 3.699746e+02
230884 3.697581e+02
231402 3.674207e+02
231622 3.669280e+02
231627 3.641068e+02
231761 3.634472e+02
231813 3.611161e+02
231912 3.603148e+02
231926 3.591420e+02
232301 3.583527e+02
232654 3.573121e+02
232692 3.571655e+02
232889 3.559727e+02
232904 3.558408e+02
232937 3.551092e+02
233018 3.549232e+02
233166 3.539486e+02
233497 3.535479e+02
233517 3.532471e+02
233637 3.528358e+02
233819 3.525074e+02
233894 3.523726e+02
234102 3.515056e+02
234341 3.514005e+02
234642 3.512718e+02
235088 3.512335e+02
235094 3.511637e+02
235110 3.511268e+02
235256 3.510098e+02
235324 3.509188e+02
235543 3.505930e+02
235734 3.505533e+02
235748 3.505090e+02
235838 3.505087e+02
235877 3.505011e+02
236072 3.505003e+02
236076 3.504679e+02
236099 3.503403e+02
236200 3.502778e+02
236315 3.499567e+02
236996 3.499552e+02
237077 3.499398e+02
237211 3.498857e+02
237383 3.498260e+02
237718 3.498172e+02
237815 3.497952e+02
238088 3.497649e+02
238223 3.497644e+02
238461 3.497568e+02
238475 3.497165e+02
238909 3.497150e+02
238966 3.497124e+02
238968 3.497075e+02
239089 3.497063e+02
239108 3.497010e+02
239140 3.496910e+02
239212 3.496613e+02
239273 3.496590e+02
239577 3.496495e+02
239947 3.496339e+02
240280 3.496275e+02
240297 3.496212e+02
240332 3.496174e+02
240567 3.496163e+02
240727 3.496077e+02
240950 3.495984e+02
241110 3.495978e+02
241135 3.495972e+02
241167 3.495913e+02
241451 3.495894e+02
241478 3.495856e+02
241675 3.495799e+02
241931 3.495789e+02
242289 3.495700e+02
242825 3.495697e+02
242899 3.495695e+02
243032 3.495693e+02
243092 3.495659e+02
243417 3.495646e+02
243496 3.495634e+02
243709 3.495631e+02
243756 3.495623e+02
243892 3.495597e+02
244241 3.495595e+02
244494 3.495588e+02
244680 3.495582e+02
245160 3.495581e+02
245281 3.495578e+02
245349 3.495572e+02
245945 3.495570e+02
245981 3.495570e+02
246291 3.495569e+02
246332 3.495567e+02
246721 3.495562e+02
246946 3.495558e+02
247724 3.495558e+02
248243 3.495556e+02
248566 3.495556e+02
248683 3.495556e+02
248794 3.495555e+02
249118 3.495555e+02
249302 3.495555e+02
249838 3.495555e+02
249875 3.495554e+02
250106 3.495554e+02
250479 3.495554e+02
250553 3.495554e+02
250686 3.495554e+02
250812 3.495554e+02
250878 3.495554e+02
251005 3.495554e+02
251024 3.495554e+02
251038 3.495554e+02
251116 3.495553e+02
251138 3.495553e+02
251139 3.495553e+02
251200 3.495553e+02
251272 3.495553e+02
251283 3.495553e+02
251418 3.495553e+02
251711 3.495553e+02
252144 3.495553e+02
252218 3.495553e+02
252430 3.495553e+02
252600 3.495553e+02
252684 3.495553e+02
252741 3.495553e+02
252849 3.495553e+02
252895 3.495553e+02
253076 3.495553e+02
253137 3.495553e+02
253158 3.495553e+02
253194 3.495553e+02
253268 3.495553e+02
253374 3.495553e+02
253694 3.495553e+02
253768 3.495553e+02
253912 3.495553e+02
254035 3.495553e+02
254338 3.495553e+02
254685 3.495553e+02
254786 3.495553e+02
254800 3.495553e+02
255024 3.495553e+02
255074 3.495553e+02
255109 3.495553e+02
255115 3.495553e+02
255241 3.495553e+02
255543 3.495553e+02
255817 3.495553e+02
255896 3.495553e+02
255942 3.495553e+02
255958 3.495553e+02
256273 3.495553e+02
256326 3.495553e+02
256335 3.495553e+02
256465 3.495553e+02
256682 3.495553e+02
257329 3.495553e+02
257492 3.495553e+02
257912 3.495553e+02
258169 3.495553e+02
258188 3.495553e+02
258533 3.495553e+02
258865 3.495553e+02
259008 3.495553e+02
259075 3.495553e+02
259229 3.495553e+02
259322 3.495553e+02
259957 3.495553e+02
260118 3.495553e+02
260545 3.495553e+02
260600 3.495553e+02
260941 3.495553e+02
261194 3.495553e+02
261220 3.495553e+02
261374 3.495553e+02
261500 3.495553e+02
261555 3.495553e+02
261709 3.495553e+02
261819 3.495553e+02
262472 3.495553e+02
262561 3.495553e+02
262712 3.495553e+02
262881 3.495553e+02
263065 3.495553e+02
263082 3.495553e+02
263383 3.495553e+02
263511 3.495553e+02
263513 3.495553e+02
263769 3.495553e+02
263780 3.495553e+02
264006 3.495553e+02
264224 3.495553e+02
264650 3.495553e+02
264686 3.495553e+02
264692 3.495553e+02
264892 3.495553e+02
264926 3.495553e+02
265346 3.495553e+02
265390 3.495553e+02
265399 3.495553e+02
265427 3.495553e+02
265687 3.495553e+02
266401 3.495553e+02
266487 3.495553e+02
266832 3.495553e+02
266874 3.495553e+02
266971 3.495553e+02
267138 3.495553e+02
267159 3.495553e+02
267553 3.495553e+02
267691 3.495553e+02
268141 3.495553e+02
268168 3.495553e+02
268177 3.495553e+02
268289 3.495553e+02
268359 3.495553e+02
268540 3.495553e+02
268605 3.495553e+02
268668 3.495553e+02
268698 3.495553e+02
268956 3.495553e+02
269098 3.495553e+02
269157 3.495553e+02
269171 3.495553e+02
269206 3.495553e+02
269366 3.495553e+02
269491 3.495553e+02
269558 3.495553e+02
269729 3.495553e+02
269914 3.495553e+02
270075 3.495553e+02
270112 3.495553e+02
270116 3.495553e+02
270141 3.495553e+02
270413 3.495553e+02
270929 3.495553e+02
271314 3.495553e+02
271437 3.495553e+02
271486 3.495553e+02
271855 3.495553e+02
272102 3.495553e+02
272242 3.495553e+02
