1 5.683967e+02
6 5.502966e+02
7 5.275226e+02
32 4.334208e+02
33 4.232449e+02
48 4.217761e+02
50 4.081257e+02
62 3.925724e+02
93 3.924713e+02
98 3.872380e+02
107 3.800217e+02
114 3.704919e+02
183 3.660963e+02
196 3.650920e+02
240 3.612567e+02
272 3.530216e+02
321 3.476996e+02
645 3.469402e+02
678 3.407018e+02
840 3.375748e+02
1104 3.242209e+02
1309 3.218230e+02
1419 3.215262e+02
1499 3.062922e+02
1765 3.029654e+02
1890 2.982983e+02
1916 2.914085e+02
2008 2.860736e+02
2033 2.843538e+02
2447 2.839286e+02
2547 2.831384e+02
2594 2.769387e+02
2740 2.758224e+02
2981 2.754935e+02
3092 2.750539e+02
3157 2.744110e+02
3178 2.743396e+02
3376 2.741788e+02
3398 2.731074e+02
3455 2.729251e+02
3495 2.727425e+02
3514 2.713391e+02
3541 2.704092e+02
3565 2.670238e+02
3924 2.669519e+02
4001 2.668337e+02
4097 2.628353e+02
4137 2.626838e+02
4150 2.613668e+02
4472 2.612433e+02
4538 2.609507e+02
4600 2.599134e+02
4642 2.587027e+02
4759 2.585952e+02
4808 2.581087e+02
4931 2.574554e+02
5067 2.570483e+02
5233 2.566113e+02
5304 2.565112e+02
5305 2.562903e+02
5313 2.554642e+02
5520 2.554322e+02
5666 2.550803e+02
5697 2.548018e+02
5725 2.543271e+02
5744 2.539794e+02
5859 2.538050e+02
6007 2.534021e+02
6013 2.527317e+02
6118 2.524871e+02
6290 2.524261e+02
6304 2.523227e+02
6402 2.510161e+02
6666 2.510019e+02
6708 2.509784e+02
6803 2.508544e+02
6810 2.505830e+02
6889 2.504988e+02
6982 2.496944e+02
7111 2.491623e+02
7634 2.489268e+02
7751 2.488743e+02
7840 2.480001e+02
8427 2.479995e+02
8523 2.479864e+02
8572 2.479524e+02
8751 2.478862e+02
8758 2.478818e+02
8800 2.478037e+02
8804 2.476580e+02
8889 2.475967e+02
8915 2.475251e+02
8989 2.475085e+02
9009 2.473485e+02
9047 2.473230e+02
9072 2.471210e+02
9192 2.469501e+02
9340 2.468920e+02
9389 2.468225e+02
9415 2.466906e+02
9590 2.466707e+02
9611 2.466251e+02
9663 2.464220e+02
9696 2.463583e+02
9880 2.463481e+02
9978 2.463237e+02
10068 2.462744e+02
10189 2.462105e+02
10239 2.461436e+02
10269 2.461334e+02
10424 2.461118e+02
10489 2.460810e+02
10619 2.460195e+02
10664 2.459395e+02
10732 2.459327e+02
10876 2.458862e+02
10946 2.458538e+02
11021 2.457829e+02
11192 2.457743e+02
11246 2.457580e+02
11280 2.457247e+02
11379 2.456917e+02
11554 2.456877e+02
11574 2.456331e+02
11590 2.455844e+02
11707 2.455776e+02
11875 2.455362e+02
11964 2.455232e+02
11993 2.454733e+02
12233 2.454713e+02
12236 2.454710e+02
12280 2.454560e+02
12318 2.454435e+02
12319 2.454385e+02
12321 2.454307e+02
12395 2.454251e+02
12425 2.454109e+02
12444 2.454100e+02
12469 2.453917e+02
12480 2.453789e+02
12531 2.453657e+02
12535 2.452971e+02
12583 2.452931e+02
12830 2.452593e+02
13095 2.452543e+02
13104 2.452500e+02
13185 2.452480e+02
13265 2.452420e+02
13346 2.452341e+02
13361 2.452309e+02
13379 2.452266e+02
13425 2.451716e+02
13535 2.451711e+02
13678 2.451637e+02
13795 2.451497e+02
13905 2.451318e+02
13964 2.451207e+02
14047 2.451024e+02
14233 2.450885e+02
14382 2.450844e+02
14410 2.450788e+02
14435 2.450726e+02
14527 2.450673e+02
14613 2.450668e+02
14663 2.450631e+02
14695 2.450585e+02
14771 2.450561e+02
14822 2.450491e+02
14824 2.450423e+02
15029 2.450245e+02
15445 2.450110e+02
15599 2.450107e+02
15606 2.450092e+02
15697 2.450007e+02
15850 2.449999e+02
15861 2.449996e+02
15909 2.449996e+02
15917 2.449956e+02
16034 2.449952e+02
16039 2.449926e+02
16201 2.449902e+02
16294 2.449862e+02
16379 2.449857e+02
16428 2.449857e+02
16491 2.449853e+02
16515 2.449837e+02
16569 2.449835e+02
16586 2.449835e+02
16593 2.449828e+02
16619 2.449819e+02
16627 2.449795e+02
16643 2.449768e+02
16721 2.449766e+02
16846 2.449754e+02
16917 2.449713e+02
17046 2.449701e+02
17174 2.449700e+02
17201 2.449694e+02
17212 2.449660e+02
17332 2.449648e+02
17410 2.449631e+02
17722 2.449620e+02
17793 2.449605e+02
17863 2.449605e+02
17943 2.449601e+02
17988 2.449593e+02
18023 2.449584e+02
18153 2.449572e+02
18215 2.449566e+02
18224 2.449546e+02
18500 2.449544e+02
18517 2.449540e+02
18546 2.449540e+02
18585 2.449533e+02
18643 2.449531e+02
18646 2.449531e+02
18680 2.449527e+02
18733 2.449523e+02
18811 2.449517e+02
18926 2.449509e+02
19093 2.449501e+02
19126 2.449500e+02
19175 2.449496e+02
19194 2.449488e+02
19287 2.449485e+02
19444 2.449480e+02
19663 2.449479e+02
19702 2.449479e+02
19724 2.449472e+02
19817 2.449467e+02
19844 2.449467e+02
19988 2.449466e+02
20037 2.449465e+02
20049 2.449463e+02
20059 2.449461e+02
20101 2.449461e+02
20131 2.449456e+02
20265 2.449455e+02
20285 2.449451e+02
20325 2.449450e+02
20451 2.449449e+02
20485 2.449449e+02
20495 2.449448e+02
20505 2.449448e+02
20532 2.449445e+02
20544 2.449443e+02
20665 2.449442e+02
20822 2.449440e+02
20954 2.449438e+02
20956 2.449437e+02
21109 2.449435e+02
21137 2.449435e+02
21234 2.449433e+02
21370 2.449432e+02
21431 2.449432e+02
21463 2.449431e+02
21505 2.449430e+02
21529 2.449430e+02
21602 2.449430e+02
21666 2.449429e+02
21736 2.449428e+02
21774 2.449427e+02
21939 2.449426e+02
22057 2.449426e+02
22175 2.449426e+02
22176 2.449425e+02
22225 2.449425e+02
22268 2.449424e+02
22338 2.449423e+02
22367 2.449423e+02
22406 2.449423e+02
22418 2.449422e+02
22436 2.449422e+02
22442 2.449422e+02
22503 2.449421e+02
22668 2.449421e+02
22682 2.449420e+02
22720 2.449420e+02
22788 2.449419e+02
22854 2.449419e+02
22864 2.449418e+02
23095 2.449418e+02
23177 2.449417e+02
23434 2.449417e+02
23437 2.449416e+02
23467 2.449416e+02
23502 2.449415e+02
23797 2.449414e+02
23869 2.449414e+02
23961 2.449414e+02
23980 2.449414e+02
24013 2.449414e+02
24024 2.449414e+02
24052 2.449414e+02
24089 2.449414e+02
24093 2.449414e+02
24102 2.449413e+02
24154 2.449412e+02
24700 2.449412e+02
24773 2.449412e+02
24815 2.449412e+02
24830 2.449412e+02
24918 2.449412e+02
24970 2.449412e+02
25026 2.449412e+02
25096 2.449412e+02
25103 2.449411e+02
25132 2.449411e+02
25135 2.449411e+02
25173 2.449411e+02
25189 2.449411e+02
25223 2.449411e+02
25247 2.449411e+02
25519 2.449411e+02
25536 2.449410e+02
25719 2.449410e+02
25722 2.449410e+02
25750 2.449410e+02
25761 2.449410e+02
25842 2.449410e+02
25854 2.449410e+02
25991 2.449410e+02
26077 2.449410e+02
26206 2.449410e+02
26246 2.449409e+02
26346 2.449409e+02
26376 2.449409e+02
26591 2.449409e+02
26622 2.449409e+02
26795 2.449409e+02
26802 2.449409e+02
26817 2.449409e+02
26836 2.449409e+02
26972 2.449409e+02
26982 2.449409e+02
27233 2.449409e+02
27412 2.449409e+02
27556 2.449409e+02
27572 2.449409e+02
27610 2.449409e+02
27615 2.449409e+02
27630 2.449409e+02
27678 2.449409e+02
27682 2.449409e+02
27724 2.449409e+02
27805 2.449409e+02
27919 2.449409e+02
27928 2.449409e+02
28045 2.449409e+02
28186 2.449409e+02
28385 2.449409e+02
28502 2.449409e+02
28541 2.449409e+02
28581 2.449409e+02
28658 2.449409e+02
28723 2.449409e+02
28837 2.449409e+02
28887 2.449409e+02
28888 2.449409e+02
28910 2.449409e+02
28968 2.449409e+02
28993 2.449409e+02
29001 2.449409e+02
29076 2.449409e+02
29113 2.449409e+02
29168 2.449409e+02
29170 2.449409e+02
29214 2.449409e+02
29312 2.449409e+02
29343 2.449409e+02
29409 2.449409e+02
29427 2.449409e+02
29430 2.449409e+02
29435 2.449409e+02
29503 2.449409e+02
29504 2.449409e+02
29507 2.449409e+02
29676 2.449409e+02
29732 2.449409e+02
29739 2.449409e+02
29773 2.449409e+02
29789 2.449409e+02
29808 2.449409e+02
29865 2.449409e+02
30086 2.449409e+02
30200 2.449409e+02
30201 2.449409e+02
30211 2.449409e+02
30248 2.449409e+02
30304 2.449409e+02
30385 2.449409e+02
30436 2.449409e+02
30489 2.449409e+02
30506 2.449409e+02
30525 2.449409e+02
30533 2.449409e+02
30550 2.449409e+02
30786 2.449409e+02
30866 2.449409e+02
30989 2.449409e+02
31024 2.449409e+02
31028 2.449409e+02
31040 2.449409e+02
31106 2.449409e+02
31165 2.449409e+02
31176 2.449409e+02
31234 2.449409e+02
31248 2.449409e+02
31294 2.449409e+02
31320 2.449409e+02
31350 2.449409e+02
31502 2.449409e+02
31572 2.449409e+02
31652 2.449409e+02
31676 2.449409e+02
31726 2.449409e+02
31923 2.449409e+02
31931 2.449409e+02
31938 2.449409e+02
31947 2.449409e+02
31948 2.449409e+02
32005 2.449409e+02
32034 2.449409e+02
32085 2.449409e+02
32278 2.449409e+02
32478 2.449409e+02
32485 2.449409e+02
32504 2.449409e+02
32508 2.449409e+02
32563 2.449409e+02
32620 2.449409e+02
32622 2.449409e+02
32788 2.449409e+02
32810 2.449409e+02
32841 2.449409e+02
32880 2.449409e+02
33091 2.449409e+02
33165 2.449409e+02
33180 2.449409e+02
33192 2.449409e+02
33216 2.449409e+02
33298 2.449409e+02
33300 2.449409e+02
33320 2.449409e+02
33339 2.449409e+02
33434 2.449409e+02
33471 2.449409e+02
33490 2.449409e+02
33662 2.449409e+02
33690 2.449409e+02
33700 2.449409e+02
33743 2.449409e+02
33802 2.449409e+02
33834 2.449409e+02
34090 2.449409e+02
34145 2.449409e+02
34154 2.449409e+02
34214 2.449409e+02
34240 2.449409e+02
34275 2.449409e+02
34314 2.449409e+02
34330 2.449409e+02
34431 2.449409e+02
34447 2.449409e+02
34492 2.449409e+02
34604 2.449409e+02
34666 2.449409e+02
34682 2.449409e+02
34736 2.449409e+02
34753 2.449409e+02
34895 2.449409e+02
34917 2.449409e+02
34925 2.449409e+02
34981 2.449409e+02
35009 2.449409e+02
35153 2.449409e+02
35170 2.449409e+02
35250 2.449409e+02
35318 2.449409e+02
35340 2.449409e+02
35399 2.449409e+02
35482 2.449409e+02
35541 2.449409e+02
35651 2.449409e+02
35689 2.449409e+02
35704 2.449409e+02
35725 2.449409e+02
35773 2.449409e+02
35784 2.449409e+02
35804 2.449409e+02
35840 2.449409e+02
35882 2.449409e+02
35893 2.449409e+02
35982 2.449409e+02
36000 2.449409e+02
36027 2.449409e+02
36037 2.449409e+02
36054 2.449409e+02
36061 2.449409e+02
36081 2.449409e+02
36082 2.449409e+02
36087 2.449409e+02
36152 2.449409e+02
36155 2.449409e+02
36173 2.449409e+02
36174 2.449409e+02
36376 2.449409e+02
36458 2.449409e+02
36501 2.449409e+02
36524 2.449409e+02
36542 2.449409e+02
36551 2.449409e+02
36555 2.449409e+02
36572 2.449409e+02
36644 2.449409e+02
36723 2.449409e+02
36782 2.449409e+02
36788 2.449409e+02
36860 2.449409e+02
36877 2.449409e+02
36893 2.449409e+02
36914 2.449409e+02
36995 2.449409e+02
