1 5.652473e+01
9 4.743099e+01
421 4.558417e+01
504 4.300338e+01
1451 4.276226e+01
1510 4.243543e+01
1611 4.181445e+01
1714 4.139478e+01
1802 3.885876e+01
1984 3.729244e+01
2228 3.563834e+01
2278 3.471778e+01
2483 3.240865e+01
2856 3.100259e+01
3128 3.038574e+01
3175 3.031701e+01
3225 2.860817e+01
3725 2.843937e+01
3732 2.574924e+01
3926 2.404007e+01
4132 2.271012e+01
4579 2.212295e+01
4692 2.194498e+01
4742 2.094461e+01
4934 2.058329e+01
4961 2.025726e+01
4972 2.007173e+01
5049 1.944313e+01
5162 1.917404e+01
5316 1.906232e+01
5364 1.842826e+01
5386 1.807467e+01
5401 1.769891e+01
5513 1.762659e+01
5609 1.733888e+01
5743 1.720089e+01
5791 1.704535e+01
5813 1.595997e+01
6024 1.561806e+01
6081 1.555266e+01
6082 1.524217e+01
6229 1.522794e+01
6379 1.517351e+01
6447 1.510530e+01
6586 1.509356e+01
6593 1.476631e+01
6740 1.449778e+01
6803 1.435349e+01
6911 1.427233e+01
6943 1.383604e+01
6972 1.344450e+01
7210 1.343279e+01
7255 1.342662e+01
7285 1.337844e+01
7353 1.335394e+01
7408 1.286830e+01
7460 1.277608e+01
7545 1.275676e+01
7659 1.273510e+01
7736 1.272151e+01
7776 1.270019e+01
7802 1.210823e+01
8031 1.187822e+01
8413 1.180471e+01
8460 1.174865e+01
8490 1.173937e+01
8568 1.172683e+01
8572 1.170202e+01
8586 1.161625e+01
8600 1.146513e+01
8669 1.140301e+01
8730 1.127119e+01
8762 1.126092e+01
8823 1.120035e+01
8839 1.105803e+01
8888 1.100967e+01
8896 1.090558e+01
8929 1.089501e+01
9012 1.086323e+01
9106 1.074788e+01
9218 1.073457e+01
9417 1.065818e+01
9458 1.065212e+01
9495 1.054674e+01
9697 1.050103e+01
9720 1.045371e+01
9759 1.041903e+01
9782 1.039687e+01
9810 1.033975e+01
9816 1.025751e+01
9861 1.024150e+01
9871 1.003945e+01
10046 9.983674e+00
10186 9.978995e+00
10230 9.972349e+00
10262 9.949004e+00
10386 9.835581e+00
10451 9.830066e+00
10497 9.801850e+00
10568 9.750846e+00
10582 9.719165e+00
10629 9.704480e+00
10796 9.695987e+00
11081 9.687853e+00
11108 9.654981e+00
11190 9.647182e+00
11194 9.639865e+00
11214 9.595818e+00
11323 9.583137e+00
11371 9.578030e+00
11445 9.571619e+00
11470 9.569232e+00
11485 9.560261e+00
11498 9.527180e+00
11502 9.517212e+00
11578 9.514184e+00
11662 9.509067e+00
11673 9.500450e+00
11721 9.494387e+00
11723 9.470021e+00
11844 9.466584e+00
11851 9.449139e+00
11903 9.448515e+00
11973 9.438537e+00
11980 9.404914e+00
12236 9.395843e+00
12348 9.394379e+00
12386 9.390760e+00
12430 9.388626e+00
12434 9.376547e+00
12598 9.355045e+00
12705 9.353505e+00
13125 9.344114e+00
13180 9.335693e+00
13327 9.311653e+00
13490 9.307737e+00
13533 9.307096e+00
13760 9.305757e+00
13786 9.299390e+00
13824 9.293360e+00
13864 9.283239e+00
13950 9.280677e+00
14026 9.270200e+00
14204 9.267157e+00
14263 9.262690e+00
14338 9.261465e+00
14409 9.259795e+00
14432 9.252842e+00
14565 9.251548e+00
14679 9.245219e+00
14826 9.240916e+00
14931 9.239541e+00
14934 9.239413e+00
15029 9.238826e+00
15038 9.234930e+00
15046 9.233084e+00
15169 9.232139e+00
15250 9.230824e+00
15269 9.230350e+00
15311 9.229108e+00
15359 9.228083e+00
15391 9.226004e+00
15413 9.220571e+00
15424 9.218842e+00
15592 9.216756e+00
15718 9.216571e+00
15743 9.216387e+00
15751 9.216223e+00
15777 9.212699e+00
15826 9.211635e+00
15890 9.210681e+00
16066 9.210452e+00
16086 9.210441e+00
16135 9.210238e+00
16157 9.209581e+00
16205 9.209059e+00
16220 9.206904e+00
16246 9.205492e+00
16343 9.205014e+00
16346 9.204878e+00
16354 9.202654e+00
16358 9.199583e+00
16417 9.199455e+00
16418 9.199140e+00
16460 9.197672e+00
16488 9.196296e+00
16645 9.196064e+00
16819 9.195448e+00
16837 9.194630e+00
16877 9.193982e+00
16974 9.193472e+00
17057 9.193221e+00
17063 9.192800e+00
17071 9.192545e+00
17082 9.191546e+00
17096 9.190462e+00
17141 9.188840e+00
17235 9.188027e+00
17278 9.187740e+00
17355 9.187341e+00
17432 9.185222e+00
17476 9.184657e+00
17504 9.184556e+00
17505 9.182519e+00
17630 9.182263e+00
17631 9.180972e+00
17682 9.179621e+00
17967 9.179181e+00
18176 9.179073e+00
18278 9.179007e+00
18289 9.178181e+00
18420 9.177793e+00
18467 9.176500e+00
18572 9.176391e+00
18633 9.175891e+00
18699 9.175258e+00
18746 9.175241e+00
18804 9.175030e+00
18868 9.174951e+00
18893 9.174726e+00
18919 9.173732e+00
18936 9.173370e+00
18995 9.173014e+00
19048 9.172228e+00
19230 9.171507e+00
19281 9.171415e+00
19478 9.171181e+00
19530 9.170859e+00
19674 9.170659e+00
19686 9.170539e+00
19801 9.170459e+00
19845 9.170247e+00
19895 9.170035e+00
19925 9.169725e+00
20020 9.169545e+00
20029 9.169476e+00
20093 9.169432e+00
20098 9.169374e+00
20114 9.169242e+00
20149 9.169164e+00
20184 9.169152e+00
20193 9.169019e+00
20196 9.168826e+00
20213 9.168552e+00
20275 9.168387e+00
20393 9.168335e+00
20455 9.168043e+00
20530 9.167830e+00
20629 9.167769e+00
20672 9.167140e+00
20947 9.167134e+00
21020 9.167054e+00
21184 9.167006e+00
21215 9.166946e+00
21280 9.166496e+00
21441 9.166487e+00
21530 9.166274e+00
21689 9.166237e+00
21723 9.166079e+00
21756 9.166013e+00
21847 9.165960e+00
21910 9.165936e+00
22004 9.165924e+00
22015 9.165787e+00
22023 9.165712e+00
22060 9.165637e+00
22114 9.165537e+00
22210 9.165298e+00
22297 9.165298e+00
22389 9.165165e+00
22574 9.165096e+00
22676 9.165086e+00
22786 9.165055e+00
22794 9.164832e+00
22962 9.164806e+00
23037 9.164773e+00
23046 9.164687e+00
23120 9.164669e+00
23172 9.164669e+00
23253 9.164642e+00
23266 9.164640e+00
23291 9.164575e+00
23307 9.164543e+00
23518 9.164530e+00
23534 9.164467e+00
23626 9.164440e+00
23731 9.164369e+00
23804 9.164295e+00
24160 9.164275e+00
24251 9.164252e+00
24335 9.164236e+00
24424 9.164221e+00
24519 9.164218e+00
24532 9.164203e+00
24551 9.164198e+00
24562 9.164177e+00
24590 9.164173e+00
24599 9.164159e+00
24689 9.164144e+00
24699 9.164139e+00
24790 9.164124e+00
24910 9.164085e+00
25095 9.164033e+00
25391 9.164031e+00
25412 9.164022e+00
25426 9.164022e+00
25430 9.163997e+00
25513 9.163986e+00
25656 9.163977e+00
25670 9.163975e+00
25711 9.163974e+00
25759 9.163961e+00
25814 9.163942e+00
25924 9.163930e+00
26070 9.163924e+00
26204 9.163921e+00
26270 9.163919e+00
26320 9.163917e+00
26364 9.163914e+00
26396 9.163909e+00
26400 9.163906e+00
26456 9.163901e+00
26491 9.163880e+00
26820 9.163876e+00
26838 9.163875e+00
27061 9.163867e+00
27083 9.163866e+00
27142 9.163864e+00
27196 9.163859e+00
27225 9.163858e+00
27294 9.163858e+00
27316 9.163857e+00
27339 9.163857e+00
27381 9.163854e+00
27390 9.163852e+00
27432 9.163852e+00
27452 9.163849e+00
27462 9.163847e+00
27467 9.163839e+00
27732 9.163833e+00
27825 9.163832e+00
28010 9.163831e+00
28022 9.163831e+00
28113 9.163831e+00
28160 9.163830e+00
28178 9.163830e+00
28179 9.163829e+00
28192 9.163828e+00
28309 9.163828e+00
28330 9.163827e+00
28346 9.163827e+00
28354 9.163826e+00
28409 9.163825e+00
28466 9.163824e+00
28580 9.163823e+00
28615 9.163822e+00
28692 9.163822e+00
28707 9.163822e+00
28750 9.163821e+00
28763 9.163821e+00
28836 9.163821e+00
28842 9.163820e+00
28868 9.163820e+00
28889 9.163820e+00
28903 9.163819e+00
29011 9.163819e+00
29073 9.163818e+00
29220 9.163818e+00
29288 9.163818e+00
29304 9.163818e+00
29305 9.163818e+00
29374 9.163818e+00
29446 9.163818e+00
29487 9.163818e+00
29500 9.163818e+00
29530 9.163818e+00
29538 9.163818e+00
29588 9.163818e+00
29602 9.163818e+00
29628 9.163818e+00
29646 9.163817e+00
29661 9.163817e+00
29685 9.163817e+00
29698 9.163817e+00
29750 9.163817e+00
29861 9.163817e+00
29913 9.163817e+00
30008 9.163817e+00
30032 9.163817e+00
30045 9.163817e+00
30123 9.163817e+00
30124 9.163817e+00
30180 9.163817e+00
30260 9.163817e+00
30331 9.163817e+00
30393 9.163817e+00
30429 9.163817e+00
30462 9.163817e+00
30512 9.163817e+00
30542 9.163817e+00
30613 9.163817e+00
30620 9.163817e+00
30789 9.163817e+00
30808 9.163817e+00
30858 9.163817e+00
30862 9.163817e+00
30894 9.163817e+00
30942 9.163817e+00
30956 9.163817e+00
30972 9.163817e+00
31131 9.163817e+00
31177 9.163817e+00
31200 9.163817e+00
31360 9.163817e+00
31404 9.163817e+00
31413 9.163817e+00
31441 9.163817e+00
31461 9.163817e+00
31467 9.163817e+00
31520 9.163817e+00
31597 9.163817e+00
31650 9.163817e+00
31667 9.163817e+00
31720 9.163817e+00
31737 9.163817e+00
31749 9.163817e+00
31751 9.163817e+00
31784 9.163817e+00
31796 9.163817e+00
31837 9.163817e+00
31850 9.163817e+00
31880 9.163817e+00
31902 9.163817e+00
31907 9.163817e+00
31935 9.163817e+00
31951 9.163817e+00
31958 9.163817e+00
32038 9.163817e+00
32050 9.163817e+00
32099 9.163817e+00
32135 9.163817e+00
32261 9.163817e+00
32264 9.163817e+00
32280 9.163817e+00
32302 9.163817e+00
32343 9.163817e+00
32355 9.163817e+00
32395 9.163817e+00
32406 9.163817e+00
32442 9.163817e+00
32513 9.163817e+00
32533 9.163817e+00
32553 9.163817e+00
32556 9.163817e+00
32575 9.163817e+00
32577 9.163817e+00
32588 9.163817e+00
32612 9.163817e+00
32615 9.163817e+00
32669 9.163817e+00
32675 9.163817e+00
32707 9.163817e+00
32743 9.163817e+00
32763 9.163817e+00
32812 9.163817e+00
32830 9.163817e+00
32850 9.163817e+00
32925 9.163817e+00
32941 9.163817e+00
33091 9.163817e+00
33108 9.163817e+00
33132 9.163817e+00
33169 9.163817e+00
101381 9.156980e+00
101547 9.149308e+00
101647 9.145074e+00
101763 9.143351e+00
101764 9.137404e+00
101768 9.127153e+00
101870 9.118657e+00
101897 9.117625e+00
101975 9.115658e+00
102004 9.112023e+00
102040 9.106766e+00
102044 9.091597e+00
102143 9.079199e+00
102192 9.071114e+00
102212 9.048627e+00
102327 9.045057e+00
102418 9.039712e+00
102450 9.037525e+00
102476 9.029292e+00
102520 9.024801e+00
102652 9.019810e+00
102654 9.015881e+00
102747 9.014679e+00
102766 9.012681e+00
102821 9.004176e+00
102929 8.990229e+00
103358 8.981888e+00
103515 8.980211e+00
103532 8.979747e+00
103542 8.971135e+00
103663 8.969759e+00
103692 8.967742e+00
103754 8.966747e+00
103764 8.964145e+00
103834 8.962179e+00
103852 8.957404e+00
103854 8.954558e+00
104018 8.944077e+00
104092 8.937697e+00
104170 8.937061e+00
104285 8.936906e+00
104381 8.936331e+00
104410 8.931749e+00
104628 8.929322e+00
104663 8.928994e+00
104667 8.928577e+00
104815 8.927446e+00
104942 8.926901e+00
105021 8.926216e+00
105041 8.921256e+00
105262 8.919460e+00
105421 8.919305e+00
105437 8.918385e+00
105457 8.915701e+00
105506 8.915434e+00
105537 8.915144e+00
105660 8.913210e+00
105736 8.912653e+00
105773 8.909534e+00
105916 8.908193e+00
105988 8.907000e+00
106189 8.906696e+00
106234 8.905034e+00
106291 8.902210e+00
106311 8.901761e+00
106458 8.900145e+00
106720 8.899920e+00
106895 8.899809e+00
106914 8.899325e+00
106935 8.898580e+00
106953 8.897524e+00
107093 8.897492e+00
107103 8.896707e+00
107158 8.896554e+00
107189 8.895599e+00
107504 8.895068e+00
107561 8.894989e+00
107594 8.894882e+00
107600 8.894462e+00
107608 8.894379e+00
107651 8.894207e+00
107718 8.893440e+00
107771 8.893053e+00
107899 8.892787e+00
107926 8.892406e+00
108023 8.892285e+00
108092 8.891898e+00
108222 8.891814e+00
108268 8.891747e+00
108275 8.891739e+00
108309 8.891440e+00
108421 8.891080e+00
108448 8.891036e+00
108454 8.891016e+00
108514 8.890606e+00
108782 8.890538e+00
108826 8.890349e+00
108867 8.890186e+00
108889 8.889948e+00
108958 8.889673e+00
109058 8.889664e+00
109284 8.889402e+00
109514 8.889385e+00
109591 8.889184e+00
109670 8.889174e+00
109704 8.888998e+00
109749 8.888929e+00
109759 8.888890e+00
109799 8.888871e+00
109934 8.888638e+00
110147 8.888524e+00
110219 8.888506e+00
110233 8.888494e+00
110308 8.888491e+00
110325 8.888434e+00
110369 8.888426e+00
110407 8.888412e+00
110422 8.888410e+00
110428 8.888389e+00
110435 8.888380e+00
110436 8.888319e+00
110472 8.888267e+00
110483 8.888207e+00
110524 8.888131e+00
110537 8.888077e+00
110553 8.887932e+00
110909 8.887910e+00
110917 8.887746e+00
111119 8.887665e+00
111182 8.887631e+00
111313 8.887533e+00
111537 8.887447e+00
111989 8.887379e+00
112049 8.887290e+00
112116 8.887251e+00
112180 8.887229e+00
112325 8.887218e+00
112351 8.887117e+00
112431 8.887106e+00
112523 8.887078e+00
112560 8.887044e+00
112562 8.887035e+00
112664 8.887029e+00
112706 8.887027e+00
112757 8.887024e+00
112764 8.887013e+00
112779 8.886981e+00
112813 8.886977e+00
112926 8.886950e+00
112954 8.886946e+00
113027 8.886946e+00
113095 8.886929e+00
113104 8.886922e+00
113159 8.886907e+00
113257 8.886877e+00
113346 8.886876e+00
113369 8.886872e+00
113483 8.886855e+00
113492 8.886836e+00
113561 8.886832e+00
113660 8.886824e+00
113668 8.886824e+00
113753 8.886819e+00
113823 8.886791e+00
114022 8.886772e+00
114092 8.886759e+00
114156 8.886756e+00
114319 8.886747e+00
114387 8.886745e+00
114426 8.886726e+00
114648 8.886724e+00
114711 8.886722e+00
114726 8.886717e+00
114836 8.886716e+00
114841 8.886714e+00
114880 8.886693e+00
114903 8.886693e+00
114967 8.886687e+00
115031 8.886676e+00
115119 8.886674e+00
115169 8.886670e+00
115217 8.886668e+00
115247 8.886647e+00
115300 8.886633e+00
115415 8.886632e+00
115580 8.886628e+00
115587 8.886626e+00
115683 8.886617e+00
115705 8.886616e+00
115760 8.886608e+00
115894 8.886605e+00
115968 8.886604e+00
115976 8.886601e+00
116040 8.886601e+00
116103 8.886598e+00
116122 8.886592e+00
116230 8.886588e+00
116311 8.886586e+00
116391 8.886585e+00
116418 8.886581e+00
116451 8.886581e+00
116480 8.886581e+00
116498 8.886578e+00
116544 8.886578e+00
116586 8.886576e+00
116607 8.886574e+00
116652 8.886571e+00
116702 8.886568e+00
116973 8.886568e+00
117003 8.886566e+00
117056 8.886564e+00
117069 8.886563e+00
117082 8.886559e+00
117192 8.886557e+00
117224 8.886557e+00
117266 8.886556e+00
117271 8.886556e+00
117275 8.886555e+00
117295 8.886555e+00
117305 8.886554e+00
117363 8.886553e+00
117393 8.886553e+00
117402 8.886553e+00
117406 8.886551e+00
117437 8.886549e+00
117563 8.886548e+00
117564 8.886547e+00
117583 8.886546e+00
117688 8.886546e+00
117702 8.886545e+00
117836 8.886545e+00
117861 8.886544e+00
117989 8.886544e+00
117993 8.886543e+00
118012 8.886543e+00
118111 8.886543e+00
118121 8.886543e+00
118171 8.886543e+00
118229 8.886542e+00
118345 8.886542e+00
118417 8.886541e+00
118570 8.886541e+00
118611 8.886541e+00
118661 8.886540e+00
118732 8.886540e+00
118840 8.886540e+00
118935 8.886540e+00
118959 8.886540e+00
118976 8.886540e+00
118982 8.886540e+00
119006 8.886539e+00
119053 8.886539e+00
119137 8.886539e+00
119190 8.886539e+00
119258 8.886539e+00
119275 8.886539e+00
119326 8.886539e+00
119363 8.886539e+00
119457 8.886539e+00
119598 8.886538e+00
119721 8.886538e+00
119752 8.886538e+00
119775 8.886538e+00
119777 8.886538e+00
119829 8.886538e+00
119857 8.886538e+00
119863 8.886538e+00
119930 8.886538e+00
120026 8.886538e+00
120150 8.886538e+00
120180 8.886538e+00
120306 8.886538e+00
120326 8.886538e+00
120337 8.886538e+00
120366 8.886538e+00
120398 8.886538e+00
120426 8.886538e+00
120440 8.886538e+00
120490 8.886538e+00
120543 8.886538e+00
120574 8.886538e+00
120679 8.886538e+00
120682 8.886538e+00
120722 8.886538e+00
120750 8.886538e+00
120804 8.886538e+00
120833 8.886538e+00
120839 8.886538e+00
120866 8.886538e+00
120895 8.886538e+00
121050 8.886538e+00
121092 8.886538e+00
121260 8.886538e+00
121369 8.886538e+00
121508 8.886538e+00
121544 8.886538e+00
121551 8.886538e+00
121586 8.886538e+00
121661 8.886538e+00
121804 8.886538e+00
122012 8.886538e+00
122029 8.886538e+00
122117 8.886538e+00
122201 8.886538e+00
122224 8.886538e+00
122248 8.886537e+00
122545 8.886537e+00
122599 8.886537e+00
122608 8.886537e+00
122634 8.886537e+00
122650 8.886537e+00
122737 8.886537e+00
122776 8.886537e+00
122820 8.886537e+00
122877 8.886537e+00
123041 8.886537e+00
123169 8.886537e+00
123200 8.886537e+00
123262 8.886537e+00
123338 8.886537e+00
123415 8.886537e+00
123420 8.886537e+00
123548 8.886537e+00
123588 8.886537e+00
123605 8.886537e+00
123633 8.886537e+00
123651 8.886537e+00
123800 8.886537e+00
123952 8.886537e+00
123964 8.886537e+00
124007 8.886537e+00
124022 8.886537e+00
124094 8.886536e+00
124169 8.886536e+00
124173 8.886536e+00
124202 8.886536e+00
124217 8.886536e+00
124342 8.886536e+00
124386 8.886536e+00
124390 8.886536e+00
124418 8.886536e+00
124437 8.886536e+00
124459 8.886536e+00
124476 8.886536e+00
124513 8.886535e+00
124570 8.886535e+00
124587 8.886535e+00
124616 8.886534e+00
124637 8.886534e+00
124934 8.886534e+00
124995 8.886534e+00
125029 8.886534e+00
125041 8.886533e+00
125076 8.886533e+00
125095 8.886533e+00
125214 8.886533e+00
125293 8.886533e+00
125363 8.886533e+00
125365 8.886533e+00
125430 8.886533e+00
125473 8.886533e+00
125483 8.886533e+00
125580 8.886533e+00
125651 8.886533e+00
125653 8.886533e+00
125729 8.886533e+00
125749 8.886533e+00
125762 8.886533e+00
125773 8.886532e+00
125788 8.886532e+00
125797 8.886532e+00
125832 8.886532e+00
125876 8.886532e+00
125901 8.886532e+00
125941 8.886532e+00
125968 8.886532e+00
125989 8.886532e+00
125992 8.886532e+00
126018 8.886532e+00
126051 8.886532e+00
126055 8.886532e+00
126107 8.886532e+00
126109 8.886532e+00
126140 8.886532e+00
126171 8.886532e+00
126219 8.886532e+00
126307 8.886532e+00
126342 8.886532e+00
126382 8.886532e+00
126385 8.886532e+00
126413 8.886532e+00
126473 8.886532e+00
126533 8.886532e+00
126548 8.886532e+00
126558 8.886532e+00
126637 8.886532e+00
126691 8.886532e+00
126700 8.886532e+00
126754 8.886532e+00
126877 8.886532e+00
126911 8.886532e+00
126924 8.886532e+00
126984 8.886532e+00
126988 8.886532e+00
127018 8.886532e+00
127171 8.886532e+00
127192 8.886532e+00
127217 8.886532e+00
127317 8.886532e+00
127346 8.886532e+00
127407 8.886532e+00
127415 8.886532e+00
127423 8.886532e+00
127424 8.886532e+00
127440 8.886532e+00
127447 8.886532e+00
127494 8.886532e+00
127518 8.886532e+00
127558 8.886532e+00
127574 8.886532e+00
127598 8.886532e+00
127603 8.886532e+00
127606 8.886532e+00
127703 8.886532e+00
127778 8.886532e+00
127797 8.886532e+00
127841 8.886532e+00
127855 8.886532e+00
128016 8.886532e+00
128022 8.886532e+00
128058 8.886532e+00
128067 8.886532e+00
128124 8.886532e+00
128180 8.886532e+00
128211 8.886532e+00
128245 8.886532e+00
128262 8.886532e+00
128306 8.886532e+00
128379 8.886532e+00
128460 8.886532e+00
128473 8.886532e+00
128579 8.886532e+00
128588 8.886532e+00
128653 8.886532e+00
128717 8.886532e+00
128757 8.886532e+00
149880 8.407551e+00
150677 8.402123e+00
150827 8.361938e+00
150893 8.247769e+00
150989 8.030532e+00
151573 7.946437e+00
151663 7.869598e+00
151667 7.708108e+00
151705 7.462549e+00
152690 7.460663e+00
152697 7.393182e+00
153008 7.325216e+00
153479 7.322113e+00
153489 7.171274e+00
154068 7.054254e+00
154125 7.036439e+00
154372 6.991594e+00
154423 6.970200e+00
154708 6.965517e+00
155231 6.955521e+00
155580 6.935924e+00
155730 6.930059e+00
155764 6.758406e+00
156169 6.750218e+00
156794 6.730144e+00
156826 6.686264e+00
156903 6.650969e+00
157762 6.628938e+00
157819 6.615219e+00
158032 6.614226e+00
158043 6.614181e+00
158049 6.545993e+00
158425 6.509128e+00
158672 6.442182e+00
158896 6.440712e+00
159175 6.383729e+00
159734 6.329650e+00
159965 6.329340e+00
160246 6.318511e+00
160301 6.313167e+00
160594 6.288469e+00
161019 6.284856e+00
161136 6.281755e+00
161174 6.257501e+00
161233 6.224763e+00
161298 6.224668e+00
161379 6.202594e+00
161870 6.202063e+00
162224 6.201633e+00
162271 6.191241e+00
162275 6.176932e+00
162394 6.175137e+00
162493 6.170908e+00
162511 6.164594e+00
162530 6.144305e+00
162546 6.123506e+00
162635 6.113024e+00
162897 6.085567e+00
163119 6.081331e+00
163156 6.063295e+00
163379 6.060949e+00
163431 6.060535e+00
163638 6.056916e+00
163914 6.028040e+00
164102 6.019183e+00
164231 6.016482e+00
164462 6.013805e+00
164474 5.990863e+00
164964 5.985344e+00
165194 5.975923e+00
165235 5.975383e+00
165530 5.973471e+00
166022 5.943727e+00
166287 5.940712e+00
166361 5.927525e+00
167028 5.926317e+00
167054 5.925346e+00
167115 5.923727e+00
167197 5.922252e+00
167284 5.914049e+00
167664 5.912703e+00
167699 5.911720e+00
167852 5.905786e+00
168079 5.901501e+00
168259 5.898294e+00
168306 5.898008e+00
168369 5.891699e+00
168508 5.884246e+00
168625 5.883637e+00
168749 5.876949e+00
169065 5.863671e+00
169289 5.861312e+00
169588 5.859720e+00
169653 5.852004e+00
169943 5.850644e+00
169999 5.843780e+00
170070 5.840530e+00
170362 5.838393e+00
170513 5.832832e+00
171005 5.831949e+00
171188 5.827962e+00
171628 5.827206e+00
171636 5.824025e+00
171662 5.823295e+00
171873 5.821556e+00
172116 5.820713e+00
172198 5.806070e+00
172477 5.802164e+00
173054 5.799389e+00
173206 5.794528e+00
173304 5.792046e+00
173997 5.791620e+00
174083 5.786607e+00
174623 5.786096e+00
174817 5.782639e+00
175034 5.782044e+00
175391 5.781890e+00
175404 5.780039e+00
175493 5.778889e+00
175710 5.777343e+00
175743 5.777008e+00
175915 5.775934e+00
175970 5.775504e+00
176014 5.775216e+00
176056 5.774665e+00
176063 5.773980e+00
176095 5.773869e+00
176155 5.772363e+00
176232 5.770728e+00
176284 5.770095e+00
176320 5.769610e+00
176359 5.768488e+00
176646 5.767682e+00
176868 5.767555e+00
176869 5.765870e+00
177126 5.764051e+00
177414 5.763976e+00
177451 5.761885e+00
177898 5.761576e+00
178229 5.760248e+00
178314 5.758509e+00
178496 5.757869e+00
178689 5.757492e+00
178694 5.757109e+00
178815 5.756582e+00
178900 5.756060e+00
178936 5.755473e+00
179055 5.755271e+00
179101 5.755135e+00
179207 5.755096e+00
179263 5.754496e+00
179488 5.754237e+00
179589 5.753543e+00
179692 5.752761e+00
179966 5.752450e+00
180010 5.750414e+00
180631 5.750194e+00
180701 5.748989e+00
181017 5.748960e+00
181083 5.748666e+00
181158 5.748484e+00
181270 5.748407e+00
181364 5.747238e+00
181677 5.747074e+00
181726 5.747009e+00
181825 5.746591e+00
181831 5.745723e+00
182219 5.745664e+00
182329 5.745634e+00
182375 5.745349e+00
182490 5.745196e+00
182540 5.745162e+00
182643 5.745043e+00
182710 5.744847e+00
182737 5.744845e+00
182770 5.744563e+00
182853 5.743662e+00
183532 5.743616e+00
183563 5.743558e+00
183593 5.742938e+00
183895 5.742816e+00
184226 5.742652e+00
184290 5.742566e+00
184463 5.741500e+00
185540 5.741477e+00
185967 5.741465e+00
185973 5.741397e+00
186041 5.741370e+00
186231 5.741032e+00
186321 5.741005e+00
186477 5.740952e+00
186490 5.740924e+00
186589 5.740806e+00
186718 5.740737e+00
186743 5.740371e+00
188034 5.740324e+00
188159 5.740242e+00
188458 5.740092e+00
188654 5.740089e+00
188682 5.740041e+00
188817 5.740035e+00
188840 5.740018e+00
188885 5.739896e+00
188992 5.739653e+00
189644 5.739569e+00
189944 5.739517e+00
190089 5.739288e+00
190701 5.739263e+00
190999 5.739254e+00
191023 5.739243e+00
191032 5.739147e+00
191419 5.739065e+00
191496 5.738981e+00
191577 5.738951e+00
191643 5.738936e+00
191739 5.738929e+00
191797 5.738894e+00
191874 5.738884e+00
191880 5.738856e+00
191884 5.738836e+00
191931 5.738829e+00
192001 5.738808e+00
192082 5.738808e+00
192083 5.738772e+00
192127 5.738732e+00
192278 5.738719e+00
192406 5.738705e+00
192426 5.738683e+00
192553 5.738677e+00
192562 5.738651e+00
192631 5.738565e+00
192975 5.738556e+00
192981 5.738549e+00
193031 5.738456e+00
193549 5.738454e+00
193748 5.738449e+00
193891 5.738435e+00
193959 5.738426e+00
194110 5.738421e+00
194234 5.738408e+00
194365 5.738401e+00
194370 5.738374e+00
194634 5.738346e+00
194926 5.738336e+00
195028 5.738326e+00
195067 5.738320e+00
195101 5.738302e+00
195121 5.738298e+00
195232 5.738286e+00
195288 5.738272e+00
195610 5.738264e+00
195841 5.738242e+00
195889 5.738241e+00
195904 5.738234e+00
196114 5.738233e+00
196211 5.738226e+00
196676 5.738218e+00
196747 5.738216e+00
196776 5.738211e+00
196893 5.738208e+00
196895 5.738203e+00
197062 5.738194e+00
197270 5.738192e+00
197390 5.738191e+00
197487 5.738188e+00
197639 5.738184e+00
197716 5.738181e+00
197736 5.738170e+00
198019 5.738169e+00
198169 5.738163e+00
198550 5.738161e+00
198561 5.738154e+00
198769 5.738147e+00
198770 5.738141e+00
199068 5.738138e+00
199204 5.738138e+00
199244 5.738137e+00
199294 5.738135e+00
199623 5.738132e+00
199770 5.738130e+00
199777 5.738129e+00
200038 5.738122e+00
200303 5.738114e+00
200562 5.738113e+00
200772 5.738111e+00
200905 5.738107e+00
201177 5.738104e+00
201448 5.738103e+00
201556 5.738101e+00
201579 5.738101e+00
201613 5.738100e+00
201664 5.738100e+00
201786 5.738099e+00
201966 5.738097e+00
202206 5.738097e+00
202236 5.738097e+00
202240 5.738096e+00
202419 5.738095e+00
202781 5.738094e+00
202953 5.738094e+00
202993 5.738094e+00
203104 5.738093e+00
203155 5.738093e+00
203266 5.738092e+00
203475 5.738092e+00
203672 5.738092e+00
203687 5.738092e+00
203747 5.738092e+00
203916 5.738092e+00
203979 5.738092e+00
204001 5.738092e+00
204051 5.738092e+00
204061 5.738092e+00
204107 5.738092e+00
204165 5.738092e+00
204180 5.738091e+00
204684 5.738091e+00
204756 5.738091e+00
204759 5.738091e+00
204881 5.738091e+00
205042 5.738091e+00
205223 5.738091e+00
205291 5.738091e+00
205328 5.738091e+00
205437 5.738091e+00
205479 5.738091e+00
205605 5.738091e+00
205757 5.738091e+00
205766 5.738091e+00
205846 5.738091e+00
205861 5.738091e+00
205944 5.738091e+00
205955 5.738091e+00
206211 5.738091e+00
206315 5.738091e+00
206433 5.738091e+00
206506 5.738091e+00
206979 5.738091e+00
207117 5.738091e+00
207316 5.738091e+00
207364 5.738091e+00
207510 5.738091e+00
207589 5.738091e+00
207618 5.738091e+00
207699 5.738091e+00
207855 5.738091e+00
208053 5.738091e+00
208180 5.738091e+00
208187 5.738091e+00
208430 5.738091e+00
208525 5.738091e+00
208532 5.738091e+00
208545 5.738091e+00
208711 5.738091e+00
208759 5.738091e+00
208867 5.738091e+00
208996 5.738091e+00
209200 5.738091e+00
209475 5.738091e+00
209548 5.738091e+00
209586 5.738091e+00
209695 5.738091e+00
209774 5.738091e+00
209781 5.738091e+00
209951 5.738091e+00
210082 5.738091e+00
210109 5.738091e+00
210207 5.738091e+00
210320 5.738091e+00
210359 5.738091e+00
210383 5.738091e+00
210655 5.738091e+00
210700 5.738091e+00
210816 5.738091e+00
210875 5.738091e+00
210973 5.738091e+00
211104 5.738091e+00
211388 5.738091e+00
259054 5.714797e+00
259359 5.692044e+00
259521 5.684917e+00
259577 5.683548e+00
259691 5.637033e+00
259832 5.597868e+00
260330 5.484207e+00
260551 5.329137e+00
260744 5.309589e+00
261079 5.026367e+00
261920 5.003770e+00
261998 4.909424e+00
262369 4.853381e+00
262675 4.788761e+00
262966 4.782874e+00
263134 4.782439e+00
263265 4.737342e+00
263360 4.727390e+00
263656 4.646797e+00
263946 4.555186e+00
264138 4.546283e+00
264242 4.510232e+00
264491 4.509419e+00
264738 4.487396e+00
264919 4.435226e+00
264929 4.426652e+00
265209 4.321634e+00
265565 4.296752e+00
265966 4.199613e+00
266415 4.198536e+00
266418 4.195116e+00
266571 4.170177e+00
266859 4.143470e+00
267039 4.087993e+00
267304 4.079750e+00
267596 4.043568e+00
267764 4.020304e+00
267814 4.000797e+00
268418 3.990500e+00
268475 3.988273e+00
268639 3.981136e+00
268640 3.968969e+00
268763 3.914681e+00
268940 3.878484e+00
269754 3.868913e+00
269899 3.845441e+00
270397 3.841019e+00
270868 3.834242e+00
271076 3.820389e+00
271413 3.796894e+00
271600 3.717615e+00
273041 3.711270e+00
273407 3.695671e+00
274975 3.658443e+00
275376 3.636213e+00
276127 3.623377e+00
276133 3.608480e+00
276216 3.591573e+00
276219 3.585731e+00
276579 3.565545e+00
276600 3.539228e+00
276743 3.525424e+00
276858 3.477241e+00
277715 3.475513e+00
277830 3.435038e+00
277941 3.413796e+00
277980 3.411804e+00
278348 3.404094e+00
278429 3.390464e+00
278512 3.372687e+00
278560 3.370996e+00
278779 3.351274e+00
279240 3.333752e+00
279385 3.320184e+00
280122 3.319997e+00
280147 3.308519e+00
280250 3.307897e+00
280376 3.284036e+00
280806 3.258971e+00
280943 3.238286e+00
281479 3.218889e+00
281717 3.187251e+00
283886 3.183487e+00
283925 3.177585e+00
284265 3.177274e+00
284373 3.173451e+00
284675 3.168847e+00
284736 3.166273e+00
284945 3.162314e+00
285128 3.148165e+00
285490 3.131067e+00
286168 3.127830e+00
286482 3.126623e+00
286538 3.122943e+00
286547 3.106420e+00
287030 3.104698e+00
287180 3.103030e+00
287590 3.096646e+00
289024 3.096336e+00
289127 3.096171e+00
289215 3.085851e+00
289427 3.084940e+00
289593 3.084052e+00
289688 3.083097e+00
289849 3.076736e+00
290061 3.076550e+00
290100 3.071234e+00
290492 3.070828e+00
290812 3.069510e+00
290911 3.068398e+00
290918 3.067964e+00
291086 3.066507e+00
291241 3.066091e+00
291254 3.061457e+00
291553 3.058033e+00
291898 3.055749e+00
292287 3.054694e+00
292407 3.054166e+00
292490 3.052439e+00
292548 3.049385e+00
292550 3.046265e+00
292818 3.044938e+00
293409 3.044728e+00
293682 3.041683e+00
294097 3.040845e+00
294379 3.040189e+00
294479 3.039632e+00
294538 3.039066e+00
294560 3.038280e+00
294706 3.038001e+00
294780 3.036882e+00
295015 3.035540e+00
295243 3.034173e+00
295370 3.033634e+00
295654 3.032874e+00
295669 3.032249e+00
295830 3.032056e+00
296082 3.031010e+00
296299 3.029401e+00
296427 3.027982e+00
296486 3.027816e+00
296996 3.026944e+00
297279 3.026931e+00
297744 3.026921e+00
297859 3.026302e+00
297933 3.025537e+00
298244 3.025433e+00
298440 3.024661e+00
298546 3.024397e+00
298854 3.023257e+00
299257 3.023222e+00
299576 3.022548e+00
299586 3.021457e+00
299874 3.020761e+00
299899 3.020391e+00
