1 2.500000e+01
442 2.500000e+01
1102 2.500000e+01
1173 2.500000e+01
3281 2.500000e+01
3520 2.500000e+01
3736 2.499999e+01
13933 2.499992e+01
14294 2.498760e+01
14785 2.498554e+01
14981 2.483620e+01
15873 2.464168e+01
17081 2.462542e+01
17957 2.454834e+01
18481 2.450643e+01
19172 2.439882e+01
21295 2.432554e+01
21531 2.377410e+01
27128 2.344131e+01
29891 2.315339e+01
30572 2.314575e+01
31298 2.291745e+01
31853 2.271063e+01
33126 2.258010e+01
34960 2.237152e+01
35701 2.234982e+01
36970 2.228003e+01
38618 2.211143e+01
40785 2.146658e+01
49158 2.141280e+01
50785 2.139031e+01
52476 2.098095e+01
53582 2.089160e+01
58787 2.083729e+01
62724 2.070832e+01
233820 2.029309e+01
258317 1.998665e+01
272512 1.992730e+01
352780 1.942554e+01
430764 1.933764e+01
