1 3.942378e+08
2 1.314098e+06
5 1.648151e+05
19 1.303129e+05
20 1.040052e+03
48 2.225359e+02
119 2.203836e+02
172 1.906111e+02
190 1.875106e+02
283 1.479185e+02
330 1.433787e+02
395 1.377932e+02
404 1.346255e+02
427 1.121140e+02
440 8.075729e+01
641 7.186811e+01
657 6.876174e+01
684 4.883809e+01
803 3.380710e+01
975 3.347839e+01
1018 3.086771e+01
1171 3.022808e+01
1184 2.909175e+01
1226 2.178245e+01
1240 1.868915e+01
1343 1.724085e+01
1351 1.494633e+01
1370 1.472568e+01
1421 1.401435e+01
1471 1.380369e+01
1492 1.281512e+01
1495 6.614297e+00
1818 5.932199e+00
1826 4.985416e+00
1895 4.722108e+00
1932 4.685377e+00
1947 4.385898e+00
1980 3.481047e+00
2008 3.272935e+00
2019 2.627639e+00
2155 1.975560e+00
2245 1.728720e+00
2280 1.690445e+00
2337 1.497190e+00
2431 9.239762e-01
2441 6.997223e-01
2582 6.785236e-01
2589 6.646456e-01
2615 5.637971e-01
2745 4.622426e-01
2820 4.448534e-01
2826 3.411642e-01
2933 3.218404e-01
2944 3.154680e-01
2961 2.757986e-01
2972 2.404730e-01
2977 2.369277e-01
2984 2.358606e-01
3005 1.502553e-01
3097 1.137008e-01
3251 1.132781e-01
3271 1.012858e-01
3338 8.367730e-02
3478 8.180270e-02
3577 7.659388e-02
3585 5.848004e-02
3664 5.590980e-02
3700 4.661631e-02
3886 3.981038e-02
3993 3.784562e-02
3999 3.768028e-02
4044 3.600140e-02
4048 3.291375e-02
4153 1.973548e-02
4393 1.724773e-02
4492 1.545002e-02
4580 1.356120e-02
4654 1.113489e-02
4813 1.100172e-02
4833 1.022004e-02
4846 8.874450e-03
4953 8.800183e-03
5010 8.722707e-03
5032 7.558616e-03
5257 7.246469e-03
5435 7.217780e-03
5492 6.809122e-03
5506 6.553147e-03
5591 6.223503e-03
5607 6.199449e-03
5640 5.882049e-03
5704 5.637284e-03
5820 5.625714e-03
6004 5.571835e-03
6036 5.499331e-03
6066 5.473197e-03
6083 5.223369e-03
6194 5.207809e-03
6214 5.186480e-03
6221 5.101263e-03
6254 5.037990e-03
6369 5.007381e-03
6394 4.991842e-03
6433 4.985482e-03
6439 4.895502e-03
6621 4.888468e-03
6646 4.883938e-03
6668 4.860372e-03
6698 4.815427e-03
6779 4.776579e-03
6892 4.720342e-03
7075 4.694774e-03
7127 4.690808e-03
7179 4.679710e-03
7209 4.669179e-03
7210 4.664520e-03
7223 4.662448e-03
7280 4.662248e-03
7294 4.660241e-03
7299 4.657869e-03
7305 4.652516e-03
7323 4.651882e-03
7327 4.651180e-03
7349 4.650606e-03
7354 4.649210e-03
7413 4.644828e-03
7442 4.640564e-03
7448 4.632375e-03
7690 4.625889e-03
7858 4.625628e-03
7865 4.623554e-03
7946 4.619947e-03
7968 4.609525e-03
8292 4.606220e-03
8363 4.605337e-03
8455 4.602506e-03
8492 4.602202e-03
8550 4.600061e-03
8560 4.598726e-03
8669 4.596049e-03
8775 4.595562e-03
8822 4.593921e-03
8925 4.593703e-03
8982 4.593660e-03
8994 4.591626e-03
9014 4.591196e-03
9047 4.591072e-03
9075 4.590635e-03
9110 4.590401e-03
9120 4.590061e-03
9122 4.590048e-03
9162 4.589973e-03
9177 4.589885e-03
9217 4.589787e-03
9220 4.589666e-03
9222 4.589605e-03
9230 4.589076e-03
9255 4.588995e-03
9346 4.588827e-03
9380 4.588761e-03
9386 4.588654e-03
9401 4.588327e-03
9436 4.588296e-03
9505 4.588248e-03
9513 4.588055e-03
9531 4.587587e-03
9617 4.587571e-03
9654 4.587567e-03
9669 4.587496e-03
9710 4.587379e-03
9816 4.587334e-03
9821 4.587215e-03
9917 4.587155e-03
9946 4.587116e-03
10014 4.587111e-03
10048 4.587107e-03
10055 4.587101e-03
10067 4.587041e-03
10075 4.587030e-03
10099 4.587024e-03
10122 4.587005e-03
10193 4.586969e-03
10342 4.586961e-03
10422 4.586954e-03
10488 4.586944e-03
10550 4.586912e-03
10661 4.586907e-03
10667 4.586905e-03
10690 4.586901e-03
10764 4.586889e-03
10774 4.586886e-03
10784 4.586867e-03
10936 4.586860e-03
10939 4.586854e-03
10961 4.586854e-03
11068 4.586846e-03
11110 4.586844e-03
11119 4.586835e-03
11163 4.586830e-03
11185 4.586827e-03
11300 4.586825e-03
11302 4.586822e-03
11330 4.586820e-03
11352 4.586816e-03
11407 4.586813e-03
11456 4.586811e-03
11499 4.586804e-03
11505 4.586802e-03
11597 4.586801e-03
11608 4.586800e-03
11636 4.586799e-03
11693 4.586796e-03
11700 4.586795e-03
11705 4.586795e-03
11826 4.586793e-03
11913 4.586787e-03
55902 4.506319e-03
55930 3.088263e-03
56212 2.756450e-03
56436 2.704064e-03
56528 2.670596e-03
56552 2.503200e-03
56622 1.824592e-03
56762 1.605576e-03
57087 1.562364e-03
57131 1.446153e-03
57148 1.349001e-03
57209 1.343561e-03
57250 1.305555e-03
57342 1.266818e-03
57358 1.066044e-03
57562 1.063151e-03
57643 1.050445e-03
57687 1.007895e-03
57707 9.012329e-04
57824 8.379386e-04
57864 8.345385e-04
57872 8.270356e-04
57898 5.946684e-04
58211 4.322395e-04
58673 4.107387e-04
58848 2.802803e-04
59065 2.776855e-04
59146 2.127152e-04
59700 1.845325e-04
59955 1.476713e-04
60085 1.292657e-04
60326 7.923945e-05
60793 3.326117e-05
62064 3.142734e-05
62113 2.922652e-05
62624 2.829533e-05
62801 2.709025e-05
62984 2.674987e-05
63089 2.240740e-05
63179 2.127569e-05
63195 2.032189e-05
63337 1.615990e-05
63604 1.581026e-05
63617 1.505226e-05
63649 1.459256e-05
63666 1.451300e-05
63712 1.419764e-05
63733 1.230874e-05
63808 1.167697e-05
63895 1.127073e-05
63988 7.669425e-06
64265 6.567307e-06
64668 6.541009e-06
64672 6.133477e-06
64734 6.030159e-06
64790 5.830409e-06
64872 5.333204e-06
65469 5.308394e-06
65502 5.240156e-06
65599 5.116553e-06
65664 4.986598e-06
65771 4.944361e-06
65797 4.893197e-06
65913 4.712685e-06
65997 4.638074e-06
66008 4.575377e-06
66076 4.523598e-06
66206 4.447527e-06
66395 4.405694e-06
66467 4.292392e-06
66502 4.249183e-06
66561 4.247533e-06
66599 4.153877e-06
66658 4.148355e-06
66744 4.088588e-06
66809 3.959839e-06
67035 3.907568e-06
67210 3.743833e-06
67355 3.741553e-06
67456 3.715330e-06
67640 3.677259e-06
67679 3.649962e-06
67759 3.632142e-06
67950 3.611916e-06
67954 3.603099e-06
68022 3.602718e-06
68059 3.530722e-06
68368 3.529300e-06
68440 3.513461e-06
68513 3.509301e-06
68520 3.509293e-06
68538 3.492159e-06
68548 3.484846e-06
68592 3.469431e-06
68641 3.468415e-06
68806 3.442562e-06
69008 3.420905e-06
69283 3.420077e-06
69289 3.417027e-06
69310 3.406111e-06
69321 3.397383e-06
69653 3.393536e-06
69732 3.390105e-06
69801 3.386664e-06
69943 3.385705e-06
69967 3.385510e-06
70026 3.384154e-06
70077 3.382451e-06
70141 3.380169e-06
70252 3.378904e-06
70300 3.378589e-06
70313 3.374333e-06
70424 3.374007e-06
70480 3.372129e-06
70621 3.372035e-06
70661 3.371520e-06
70703 3.370562e-06
70715 3.369798e-06
70734 3.368283e-06
70751 3.367437e-06
70755 3.366449e-06
70886 3.364091e-06
70949 3.362015e-06
71154 3.361891e-06
71211 3.361426e-06
71229 3.361058e-06
71349 3.359427e-06
71507 3.358836e-06
71600 3.358479e-06
71761 3.358270e-06
71764 3.358103e-06
71844 3.357843e-06
71897 3.357654e-06
71905 3.356950e-06
72047 3.356814e-06
72102 3.356060e-06
72247 3.355684e-06
72562 3.355259e-06
72683 3.354833e-06
72715 3.354628e-06
72747 3.354595e-06
73022 3.354552e-06
73045 3.354550e-06
73069 3.354499e-06
73141 3.354291e-06
73193 3.353772e-06
73699 3.353520e-06
73768 3.353459e-06
73779 3.353360e-06
73794 3.353310e-06
73986 3.353140e-06
74045 3.353065e-06
74182 3.352868e-06
74692 3.352865e-06
74767 3.352803e-06
74783 3.352780e-06
