1 1.997631e+10
2 5.071705e+09
3 2.193037e+09
6 3.289511e+06
9 3.585187e+05
41 1.351949e+03
121 6.579945e+02
230 2.603767e+02
248 2.344583e+02
279 2.102764e+02
356 1.638561e+02
579 1.622066e+02
593 1.126878e+02
703 9.346850e+01
820 7.691520e+01
940 7.586899e+01
956 7.224600e+01
977 6.584840e+01
1044 4.690409e+01
1290 4.288120e+01
1307 4.254782e+01
1314 3.281939e+01
1352 3.023329e+01
1370 2.969835e+01
1375 2.692889e+01
1484 2.665150e+01
1538 2.040316e+01
1556 2.010547e+01
1575 1.982721e+01
1627 1.660762e+01
1683 1.057467e+01
1769 1.056731e+01
1775 6.592871e+00
2305 5.867653e+00
2355 3.229697e+00
2425 3.193777e+00
2593 3.189677e+00
2626 3.031098e+00
2643 2.917956e+00
2649 2.809553e+00
2666 2.429213e+00
2673 1.795596e+00
2679 1.623511e+00
2721 1.325938e+00
2785 1.274977e+00
2794 1.209699e+00
2853 1.000392e+00
2932 9.841339e-01
2947 9.395323e-01
2976 9.108263e-01
2979 9.000717e-01
2983 6.208733e-01
3102 5.733452e-01
3103 4.885199e-01
3191 4.608153e-01
3241 4.153212e-01
3323 2.530734e-01
3397 2.512919e-01
3414 2.508310e-01
3427 1.800775e-01
3522 1.604388e-01
3599 1.549058e-01
3648 1.500405e-01
3686 1.390701e-01
3703 1.118578e-01
3874 1.093868e-01
3883 6.102274e-02
4174 4.973614e-02
4337 4.351166e-02
4376 2.602968e-02
4494 2.163569e-02
4570 2.046449e-02
4618 2.008973e-02
4625 1.543534e-02
4696 1.137318e-02
4792 1.049989e-02
4857 9.577938e-03
4861 9.520935e-03
4906 7.694166e-03
4940 7.393472e-03
5006 6.264754e-03
5021 5.915317e-03
5102 5.099072e-03
5158 4.712880e-03
5166 4.572239e-03
5315 3.477604e-03
5471 2.053097e-03
5823 1.493446e-03
5842 1.447155e-03
5875 1.269072e-03
6045 1.238491e-03
6052 1.132629e-03
6059 1.113730e-03
6063 1.098529e-03
6115 1.060979e-03
6193 9.501414e-04
6221 7.463197e-04
6275 7.376044e-04
6306 7.140487e-04
6308 6.929610e-04
6378 5.366737e-04
6412 3.341872e-04
6565 3.184202e-04
6593 2.465969e-04
6603 2.318911e-04
6712 1.465772e-04
7168 1.223892e-04
8083 1.130470e-04
8228 1.109808e-04
8317 1.046555e-04
8955 1.044661e-04
9062 1.032619e-04
9135 1.031904e-04
9165 1.031149e-04
9170 1.028939e-04
9172 1.019511e-04
9271 1.010857e-04
9491 1.004442e-04
9503 9.905885e-05
9890 9.874524e-05
10246 9.867164e-05
10285 9.835610e-05
10290 9.773863e-05
10334 9.771091e-05
10413 9.764553e-05
10414 9.739723e-05
10482 9.681945e-05
10538 9.665661e-05
10601 9.659972e-05
10672 9.640174e-05
10674 9.620509e-05
10700 9.615006e-05
10716 9.599595e-05
10810 9.592000e-05
10851 9.570140e-05
10941 9.551538e-05
10979 9.540597e-05
11038 9.521800e-05
11302 9.511957e-05
11394 9.507496e-05
11463 9.505951e-05
11492 9.500122e-05
11540 9.499555e-05
11555 9.497903e-05
11598 9.495022e-05
11613 9.494486e-05
11633 9.488886e-05
11701 9.481781e-05
11917 9.478139e-05
12189 9.476094e-05
12291 9.473615e-05
12481 9.473516e-05
12491 9.473342e-05
12707 9.473028e-05
12708 9.472782e-05
12774 9.472641e-05
12776 9.472503e-05
12811 9.472161e-05
12898 9.472019e-05
12935 9.471993e-05
12954 9.471321e-05
13374 9.471308e-05
13386 9.471279e-05
13413 9.471279e-05
13458 9.471226e-05
13466 9.471192e-05
13588 9.471173e-05
13628 9.471122e-05
13641 9.471104e-05
13654 9.471086e-05
13658 9.470980e-05
13708 9.470880e-05
13913 9.470808e-05
14016 9.470802e-05
14080 9.470796e-05
14117 9.470781e-05
14145 9.470756e-05
60490 8.866313e-05
60869 8.546510e-05
60916 8.230054e-05
61029 7.576438e-05
61039 6.234610e-05
61262 5.669783e-05
61339 5.210534e-05
61467 5.181744e-05
61625 5.084320e-05
61670 5.079436e-05
61682 4.739567e-05
61688 4.047969e-05
61725 3.904866e-05
61748 3.412839e-05
61897 3.008506e-05
61923 2.903779e-05
62067 2.645578e-05
62321 2.366882e-05
62698 2.257476e-05
62769 1.899045e-05
62931 1.642458e-05
63072 1.231207e-05
63746 9.638152e-06
63892 9.479210e-06
63987 8.474904e-06
63998 7.076139e-06
64001 6.974536e-06
64134 5.974098e-06
64179 5.163100e-06
64401 4.863306e-06
64500 3.535948e-06
64608 3.038326e-06
64705 2.561898e-06
64999 2.478683e-06
65114 1.908113e-06
65193 1.631166e-06
65556 1.579046e-06
65592 1.543446e-06
65611 1.496337e-06
65744 1.482046e-06
65770 1.467057e-06
65791 1.385385e-06
65895 1.369091e-06
65920 1.286995e-06
66099 1.261586e-06
66129 1.213079e-06
66497 1.098748e-06
66628 1.068133e-06
66660 1.060877e-06
66772 1.050133e-06
66790 9.293310e-07
67167 8.915683e-07
67219 8.708997e-07
67315 8.452694e-07
67384 8.408646e-07
67389 7.989597e-07
67466 7.288408e-07
67739 6.997996e-07
67761 6.775064e-07
67906 6.227211e-07
67916 6.050772e-07
68154 5.732503e-07
68226 5.622393e-07
68276 5.592478e-07
68427 5.435314e-07
68446 5.420219e-07
68453 5.117748e-07
68532 5.089563e-07
68694 5.055144e-07
68764 4.856136e-07
68863 4.849425e-07
68871 4.784431e-07
68956 4.402367e-07
69080 4.265952e-07
69455 4.248292e-07
69461 4.175939e-07
69548 4.139275e-07
69572 4.111668e-07
69596 3.902185e-07
69955 3.860296e-07
70147 3.858977e-07
70272 3.852170e-07
70275 3.849902e-07
70310 3.829605e-07
70371 3.813789e-07
70374 3.784591e-07
70459 3.775561e-07
70489 3.773247e-07
70560 3.752492e-07
70605 3.748988e-07
70748 3.710030e-07
70865 3.689957e-07
71036 3.689848e-07
71076 3.683892e-07
71091 3.656718e-07
71301 3.643782e-07
71304 3.634675e-07
71626 3.632852e-07
71667 3.631089e-07
71681 3.629212e-07
71708 3.626155e-07
71715 3.624321e-07
71758 3.617488e-07
71815 3.612667e-07
71975 3.612479e-07
72040 3.612128e-07
72054 3.610171e-07
72065 3.607735e-07
72134 3.602199e-07
72209 3.599596e-07
72246 3.599413e-07
72315 3.597939e-07
72332 3.596997e-07
72342 3.593465e-07
72400 3.592064e-07
72425 3.591575e-07
72530 3.586802e-07
72642 3.586223e-07
72731 3.583972e-07
72796 3.583475e-07
72888 3.581243e-07
72949 3.580520e-07
72991 3.579468e-07
72994 3.578739e-07
73048 3.575459e-07
73061 3.572135e-07
73654 3.571126e-07
73707 3.570016e-07
73845 3.569583e-07
73941 3.568005e-07
73992 3.567943e-07
74066 3.567217e-07
