1 2.931063e+03
11 2.146116e+03
361 2.043905e+03
468 2.006871e+03
556 1.986589e+03
562 1.953780e+03
597 1.877808e+03
669 1.719393e+03
676 1.404320e+03
790 1.364177e+03
809 1.285933e+03
873 1.187173e+03
892 1.116671e+03
964 1.091255e+03
990 1.048181e+03
999 1.023661e+03
1032 1.004490e+03
1048 9.845507e+02
1052 9.646587e+02
1057 8.117118e+02
1220 7.778816e+02
1349 7.636988e+02
1390 7.440064e+02
1405 7.299792e+02
1412 7.252694e+02
1420 6.797806e+02
1494 6.703158e+02
1540 6.357610e+02
1622 6.179810e+02
1698 5.892377e+02
1910 5.854111e+02
1964 5.815331e+02
1980 5.796626e+02
1994 5.474427e+02
2002 5.255539e+02
2304 5.214912e+02
2309 4.969514e+02
2399 4.645602e+02
2483 4.411046e+02
3037 4.347612e+02
3095 4.100128e+02
5219 4.098411e+02
5534 3.827198e+02
6137 3.505052e+02
8010 3.498161e+02
8249 3.441938e+02
8260 3.392704e+02
8389 3.349670e+02
8390 3.222448e+02
8529 3.179863e+02
8562 2.939124e+02
8631 2.698681e+02
8675 2.290908e+02
8797 1.895918e+02
8991 1.793143e+02
9075 1.624149e+02
9118 1.561319e+02
9267 1.526507e+02
9333 1.507388e+02
9376 1.470699e+02
9385 1.413246e+02
9454 1.193183e+02
9478 1.164162e+02
9645 1.108783e+02
9650 9.952827e+01
9655 9.482154e+01
9800 9.134908e+01
9811 7.671408e+01
10013 7.381082e+01
10035 6.526582e+01
10153 6.507958e+01
10157 6.245834e+01
10164 6.179450e+01
10186 5.781656e+01
10193 5.730919e+01
10201 4.856350e+01
10549 4.677834e+01
10562 4.662334e+01
10675 4.420685e+01
10713 4.376701e+01
10722 4.241506e+01
10799 4.224737e+01
10814 4.185363e+01
10838 3.953896e+01
10956 3.868674e+01
10967 3.855381e+01
10977 3.800271e+01
11099 3.760259e+01
11174 3.672033e+01
11185 3.645525e+01
11277 3.600184e+01
11284 3.571576e+01
11295 3.561582e+01
11321 3.533135e+01
11386 3.519534e+01
11420 3.486481e+01
11453 3.474098e+01
11457 3.436114e+01
11471 3.409362e+01
11485 3.386088e+01
11486 3.346773e+01
11598 3.304779e+01
11649 3.178382e+01
11924 3.165774e+01
11927 3.121669e+01
12039 3.084415e+01
12147 3.066655e+01
12354 3.051767e+01
12413 3.041785e+01
12469 3.039508e+01
12476 3.035120e+01
12558 3.026749e+01
12571 3.025192e+01
12597 3.018657e+01
12684 3.013049e+01
12757 3.012661e+01
12825 3.012617e+01
12861 3.011086e+01
12896 3.010994e+01
12925 3.009779e+01
12940 3.007912e+01
12978 3.006703e+01
12981 3.003961e+01
13009 3.003303e+01
13101 3.003062e+01
13106 2.999293e+01
13125 2.996026e+01
13351 2.994458e+01
13475 2.993530e+01
13597 2.992251e+01
13598 2.991543e+01
13682 2.990161e+01
13684 2.989470e+01
13828 2.988467e+01
14043 2.988059e+01
14079 2.987664e+01
14121 2.987042e+01
14198 2.986929e+01
14217 2.986823e+01
14331 2.986724e+01
14364 2.986482e+01
14367 2.986379e+01
14396 2.986055e+01
14500 2.985911e+01
14575 2.985883e+01
14734 2.985836e+01
14772 2.985788e+01
14774 2.985675e+01
14867 2.985649e+01
14872 2.985568e+01
14936 2.985558e+01
14949 2.985427e+01
15027 2.985383e+01
15042 2.985306e+01
15053 2.985231e+01
15157 2.985166e+01
15346 2.985146e+01
15475 2.985128e+01
15555 2.985093e+01
15601 2.985077e+01
15604 2.985049e+01
15728 2.985034e+01
15799 2.985029e+01
15836 2.985029e+01
15865 2.985001e+01
15934 2.984967e+01
16064 2.984935e+01
16167 2.984934e+01
16284 2.984922e+01
16352 2.984915e+01
16489 2.984906e+01
16787 2.984905e+01
16788 2.984905e+01
16822 2.984903e+01
16839 2.984903e+01
16854 2.984900e+01
16901 2.984899e+01
16906 2.984895e+01
17058 2.984892e+01
17134 2.984890e+01
17140 2.984890e+01
17195 2.984887e+01
17322 2.984886e+01
17412 2.984884e+01
17482 2.984882e+01
17644 2.984881e+01
17729 2.984881e+01
17766 2.984880e+01
17787 2.984880e+01
17792 2.984880e+01
17797 2.984879e+01
17904 2.984878e+01
18036 2.984878e+01
18069 2.984878e+01
18097 2.984878e+01
18124 2.984878e+01
18179 2.984877e+01
18384 2.984877e+01
18451 2.984877e+01
18474 2.984877e+01
18478 2.984877e+01
18533 2.984877e+01
18556 2.984877e+01
18616 2.984877e+01
18624 2.984877e+01
18638 2.984876e+01
18830 2.984876e+01
18876 2.984876e+01
18945 2.984876e+01
18984 2.984876e+01
19006 2.984876e+01
19088 2.984876e+01
19093 2.984876e+01
19122 2.984876e+01
19138 2.984876e+01
19233 2.984876e+01
19248 2.984876e+01
19322 2.984876e+01
19379 2.984876e+01
19394 2.984876e+01
19448 2.984876e+01
19461 2.984876e+01
19532 2.984876e+01
19534 2.984876e+01
19638 2.984876e+01
19642 2.984876e+01
19668 2.984876e+01
19675 2.984876e+01
19711 2.984876e+01
19721 2.984876e+01
19802 2.984876e+01
19839 2.984876e+01
19969 2.984876e+01
20015 2.984876e+01
20030 2.984876e+01
20039 2.984876e+01
20109 2.984876e+01
20110 2.984876e+01
20201 2.984876e+01
20211 2.984876e+01
20286 2.984876e+01
20367 2.984876e+01
20388 2.984876e+01
20394 2.984876e+01
20427 2.984876e+01
20437 2.984876e+01
20463 2.984876e+01
20481 2.984876e+01
20488 2.984876e+01
20524 2.984876e+01
20552 2.984876e+01
20561 2.984876e+01
20599 2.984876e+01
20604 2.984876e+01
20637 2.984876e+01
20645 2.984876e+01
20708 2.984876e+01
20716 2.984876e+01
20721 2.984876e+01
20760 2.984876e+01
20798 2.984876e+01
20847 2.984876e+01
20928 2.984876e+01
21108 2.984876e+01
21151 2.984876e+01
21182 2.984876e+01
21281 2.984876e+01
21346 2.984876e+01
21382 2.984876e+01
21421 2.984876e+01
21514 2.984876e+01
21608 2.984876e+01
21640 2.984876e+01
21672 2.984876e+01
21703 2.984876e+01
21734 2.984876e+01
21742 2.984876e+01
21821 2.984876e+01
21870 2.984876e+01
21943 2.984876e+01
21946 2.984876e+01
21948 2.984876e+01
21972 2.984876e+01
21984 2.984876e+01
21992 2.984876e+01
22135 2.984876e+01
22176 2.984876e+01
22203 2.984876e+01
22233 2.984876e+01
22247 2.984876e+01
22258 2.984876e+01
22275 2.984876e+01
22332 2.984876e+01
22442 2.984876e+01
22460 2.984876e+01
22499 2.984876e+01
22611 2.984876e+01
22742 2.984876e+01
22780 2.984876e+01
22791 2.984876e+01
22821 2.984876e+01
22839 2.984876e+01
22847 2.984876e+01
22877 2.984876e+01
22891 2.984876e+01
22911 2.984876e+01
22953 2.984876e+01
22982 2.984876e+01
23022 2.984876e+01
23023 2.984876e+01
23122 2.984876e+01
23135 2.984876e+01
23237 2.984876e+01
23383 2.984876e+01
23524 2.984876e+01
23539 2.984876e+01
23590 2.984876e+01
23599 2.984876e+01
23683 2.984876e+01
23714 2.984876e+01
23764 2.984876e+01
23829 2.984876e+01
23918 2.984876e+01
23977 2.984876e+01
24024 2.984876e+01
24085 2.984876e+01
24088 2.984876e+01
24198 2.984876e+01
24204 2.984876e+01
24206 2.984876e+01
24270 2.984876e+01
24284 2.984876e+01
24304 2.984876e+01
24331 2.984876e+01
24336 2.984876e+01
24371 2.984876e+01
24379 2.984876e+01
24402 2.984876e+01
24413 2.984876e+01
24492 2.984876e+01
24540 2.984876e+01
24543 2.984876e+01
24555 2.984876e+01
24574 2.984876e+01
24614 2.984876e+01
24620 2.984876e+01
24623 2.984876e+01
24685 2.984876e+01
24736 2.984876e+01
24860 2.984876e+01
24923 2.984876e+01
24946 2.984876e+01
24983 2.984876e+01
25008 2.984876e+01
25033 2.984876e+01
25077 2.984876e+01
25082 2.984876e+01
25134 2.984876e+01
25138 2.984876e+01
25156 2.984876e+01
25206 2.984876e+01
25276 2.984876e+01
25283 2.984876e+01
25290 2.984876e+01
25318 2.984876e+01
25544 2.984876e+01
25564 2.984876e+01
25584 2.984876e+01
60461 2.906884e+01
61161 2.218219e+01
61438 2.124561e+01
61671 2.090201e+01
61851 1.876923e+01
62026 1.772465e+01
62505 1.748765e+01
62588 1.739821e+01
62719 1.634439e+01
62754 1.622182e+01
62798 1.566219e+01
62935 1.482541e+01
63262 1.285112e+01
64296 1.260512e+01
64316 1.224967e+01
64473 1.180421e+01
64775 1.169785e+01
64967 1.161916e+01
64995 1.159953e+01
65081 1.142163e+01
65132 1.125051e+01
65199 1.115737e+01
65245 1.106891e+01
65424 1.088600e+01
65743 1.080419e+01
65881 1.067487e+01
65928 1.064278e+01
66133 1.063593e+01
66375 1.056425e+01
66463 1.056177e+01
66592 1.048608e+01
66667 1.039976e+01
66831 1.038546e+01
66839 1.037088e+01
66960 1.033814e+01
67104 1.031418e+01
67126 1.029603e+01
67264 1.027224e+01
67628 1.026729e+01
67659 1.025162e+01
67706 1.024729e+01
67718 1.023980e+01
67721 1.022628e+01
67917 1.020060e+01
67919 1.016208e+01
68045 1.014350e+01
68073 1.011051e+01
68195 1.008023e+01
68390 1.007469e+01
68485 1.005581e+01
68559 1.003996e+01
68715 1.003296e+01
68824 1.001986e+01
68854 1.001649e+01
68978 1.001347e+01
69074 1.001098e+01
69193 1.000492e+01
69512 9.999312e+00
69514 9.995359e+00
69558 9.982708e+00
70337 9.980261e+00
70597 9.979169e+00
70644 9.977575e+00
70646 9.975100e+00
70904 9.974433e+00
70951 9.971319e+00
70973 9.970534e+00
71098 9.968027e+00
71127 9.966905e+00
71225 9.966275e+00
71293 9.965087e+00
71504 9.964786e+00
71549 9.964154e+00
71622 9.964018e+00
71747 9.962098e+00
71921 9.961482e+00
71999 9.960874e+00
72035 9.960862e+00
72052 9.959608e+00
72080 9.959544e+00
72105 9.959021e+00
72207 9.957874e+00
72329 9.956678e+00
72469 9.956473e+00
72521 9.956464e+00
72583 9.956272e+00
72628 9.954950e+00
72846 9.954398e+00
72957 9.953676e+00
73261 9.953357e+00
73419 9.953207e+00
73489 9.952950e+00
73630 9.952800e+00
73635 9.952233e+00
73669 9.952146e+00
73925 9.952016e+00
74030 9.951655e+00
74245 9.951594e+00
74258 9.951385e+00
74368 9.951270e+00
74510 9.951217e+00
74572 9.951099e+00
74697 9.950961e+00
74743 9.950882e+00
74853 9.950728e+00
303547 9.916038e+00
303962 9.874871e+00
304336 9.802322e+00
304453 9.762490e+00
304643 9.702664e+00
304731 9.695104e+00
304848 9.574601e+00
305137 9.493436e+00
305273 9.491769e+00
305372 9.485154e+00
305398 9.398219e+00
305564 9.365656e+00
305746 9.344223e+00
305765 9.307344e+00
306173 9.281807e+00
306315 9.275442e+00
306339 9.260323e+00
306569 9.252918e+00
306574 9.245585e+00
306586 9.184558e+00
307136 9.157948e+00
307702 9.137115e+00
307926 9.083077e+00
308618 9.077615e+00
308631 9.042167e+00
309124 9.030539e+00
309418 9.030176e+00
309575 9.018265e+00
309618 9.010304e+00
309752 9.008259e+00
310342 9.006938e+00
310407 9.001558e+00
310717 8.995405e+00
310733 8.991442e+00
310885 8.985480e+00
311476 8.984657e+00
311548 8.983031e+00
311651 8.978748e+00
311761 8.978478e+00
311872 8.976852e+00
312198 8.975917e+00
312257 8.973569e+00
312338 8.972782e+00
312341 8.970075e+00
312904 8.967885e+00
313365 8.967090e+00
313501 8.964889e+00
313555 8.963586e+00
313730 8.963138e+00
313782 8.963025e+00
313908 8.962460e+00
314133 8.961097e+00
314669 8.960743e+00
314712 8.959765e+00
315097 8.959757e+00
315151 8.959473e+00
315250 8.959054e+00
315300 8.958363e+00
315600 8.957717e+00
315756 8.957703e+00
315766 8.956946e+00
316504 8.956858e+00
316614 8.956748e+00
316675 8.956562e+00
316712 8.956475e+00
316721 8.956116e+00
317105 8.956036e+00
317346 8.955997e+00
317378 8.955956e+00
317380 8.955821e+00
317549 8.955809e+00
317701 8.955686e+00
317961 8.955567e+00
318167 8.955436e+00
318453 8.955420e+00
318513 8.955400e+00
318814 8.955383e+00
319134 8.955330e+00
319299 8.955316e+00
319332 8.955271e+00
319334 8.955224e+00
319673 8.955214e+00
319719 8.955160e+00
319732 8.955116e+00
320021 8.955087e+00
320126 8.955047e+00
320147 8.955010e+00
320238 8.954968e+00
320391 8.954939e+00
320821 8.954915e+00
320991 8.954883e+00
321240 8.954881e+00
321297 8.954835e+00
321418 8.954828e+00
321765 8.954821e+00
321801 8.954812e+00
321845 8.954810e+00
321899 8.954798e+00
321959 8.954791e+00
322044 8.954787e+00
322168 8.954782e+00
322173 8.954781e+00
322348 8.954771e+00
322378 8.954752e+00
322962 8.954728e+00
323257 8.954726e+00
323348 8.954726e+00
323411 8.954712e+00
323532 8.954709e+00
323633 8.954707e+00
323752 8.954702e+00
323756 8.954701e+00
323923 8.954697e+00
323960 8.954673e+00
324681 8.954672e+00
325021 8.954671e+00
325033 8.954664e+00
325300 8.954660e+00
325451 8.954659e+00
325705 8.954656e+00
325954 8.954655e+00
325965 8.954651e+00
326380 8.954650e+00
326462 8.954650e+00
326552 8.954650e+00
326668 8.954649e+00
326712 8.954649e+00
326751 8.954648e+00
326782 8.954648e+00
326864 8.954646e+00
327111 8.954646e+00
327189 8.954644e+00
327337 8.954644e+00
327521 8.954644e+00
327672 8.954643e+00
327730 8.954642e+00
327838 8.954641e+00
327976 8.954641e+00
327980 8.954641e+00
328114 8.954638e+00
328508 8.954638e+00
329144 8.954637e+00
329508 8.954637e+00
329511 8.954636e+00
329709 8.954636e+00
329923 8.954636e+00
330013 8.954636e+00
330108 8.954635e+00
330149 8.954635e+00
330174 8.954635e+00
330178 8.954635e+00
330506 8.954635e+00
330538 8.954634e+00
330702 8.954634e+00
330911 8.954634e+00
331080 8.954634e+00
331101 8.954634e+00
331164 8.954634e+00
331263 8.954634e+00
331337 8.954634e+00
331340 8.954633e+00
331497 8.954633e+00
331539 8.954633e+00
331688 8.954633e+00
331699 8.954633e+00
331901 8.954633e+00
331904 8.954633e+00
332250 8.954633e+00
332454 8.954633e+00
332704 8.954633e+00
332717 8.954632e+00
332951 8.954632e+00
333214 8.954632e+00
333388 8.954632e+00
333731 8.954632e+00
333748 8.954632e+00
334023 8.954632e+00
334168 8.954632e+00
334193 8.954632e+00
334207 8.954632e+00
334290 8.954632e+00
334317 8.954632e+00
334716 8.954632e+00
334771 8.954632e+00
334786 8.954632e+00
334970 8.954632e+00
335121 8.954632e+00
335333 8.954632e+00
335537 8.954632e+00
335805 8.954632e+00
335954 8.954632e+00
336708 8.954632e+00
336920 8.954632e+00
337015 8.954632e+00
337114 8.954632e+00
337184 8.954632e+00
337213 8.954632e+00
337388 8.954632e+00
337436 8.954632e+00
337605 8.954632e+00
337921 8.954632e+00
338067 8.954632e+00
338153 8.954632e+00
338357 8.954632e+00
338904 8.954632e+00
339120 8.954632e+00
339326 8.954632e+00
339414 8.954632e+00
339723 8.954632e+00
339726 8.954632e+00
341267 8.954632e+00
341273 8.954632e+00
341335 8.954632e+00
341612 8.954632e+00
341632 8.954632e+00
341703 8.954632e+00
342022 8.954632e+00
342099 8.954632e+00
343074 8.954632e+00
343160 8.954632e+00
343202 8.954632e+00
343277 8.954632e+00
343393 8.954632e+00
343687 8.954632e+00
343723 8.954632e+00
343922 8.954632e+00
344247 8.954632e+00
344311 8.954632e+00
344537 8.954632e+00
345286 8.954632e+00
345301 8.954632e+00
345645 8.954632e+00
345672 8.954632e+00
345950 8.954632e+00
345952 8.954632e+00
346000 8.954632e+00
346123 8.954632e+00
346169 8.954632e+00
346331 8.954632e+00
347097 8.954632e+00
347181 8.954632e+00
347287 8.954632e+00
347402 8.954632e+00
347659 8.954632e+00
347669 8.954632e+00
347721 8.954632e+00
348074 8.954632e+00
348948 8.954632e+00
349303 8.954632e+00
349651 8.954632e+00
349920 8.954632e+00
349928 8.954632e+00
350331 8.954632e+00
350502 8.954632e+00
350667 8.954632e+00
418034 8.946065e+00
418341 8.926225e+00
418361 8.543102e+00
418679 8.358622e+00
418742 8.357119e+00
418939 8.143381e+00
419434 7.900988e+00
419850 7.882860e+00
419852 7.806208e+00
420106 7.774302e+00
420338 7.769035e+00
420543 7.685947e+00
420631 7.549542e+00
420653 7.533546e+00
421069 7.519552e+00
421113 7.501226e+00
421167 7.494385e+00
421183 7.479803e+00
421361 7.444672e+00
421865 7.415657e+00
421922 7.400609e+00
422103 7.358632e+00
422152 7.344689e+00
422310 7.344217e+00
422381 7.311043e+00
422515 7.308058e+00
422610 7.274378e+00
422970 7.272606e+00
423115 7.268311e+00
423210 7.246091e+00
423407 7.229831e+00
423516 7.211660e+00
423544 7.206056e+00
423545 7.171176e+00
423776 7.167955e+00
423912 7.154807e+00
424105 7.136078e+00
424147 7.134330e+00
424233 7.126334e+00
424318 7.120800e+00
424414 7.107990e+00
424579 7.100591e+00
424585 7.084705e+00
424905 7.081180e+00
424939 7.072038e+00
424960 7.071563e+00
424994 7.066879e+00
425103 7.060096e+00
425312 7.052146e+00
425481 7.051169e+00
425664 7.040526e+00
426109 7.037933e+00
426201 7.031518e+00
426302 7.028832e+00
426305 7.028724e+00
426344 7.018436e+00
426378 7.016122e+00
426855 7.016020e+00
427105 7.010975e+00
427118 7.010567e+00
427243 7.008916e+00
427275 7.004509e+00
427529 6.997206e+00
427789 6.996444e+00
427957 6.994142e+00
428131 6.994024e+00
428134 6.992668e+00
428149 6.992443e+00
428230 6.991973e+00
428290 6.991377e+00
428320 6.990740e+00
428327 6.989017e+00
428350 6.986724e+00
428424 6.985552e+00
428691 6.984515e+00
428718 6.979935e+00
429187 6.979600e+00
429371 6.979365e+00
429550 6.979047e+00
429715 6.978992e+00
429734 6.976154e+00
430206 6.975205e+00
430355 6.972104e+00
431459 6.971902e+00
431515 6.970828e+00
431819 6.970477e+00
431892 6.970259e+00
432006 6.968675e+00
432314 6.968599e+00
432468 6.968253e+00
432554 6.968079e+00
432817 6.967976e+00
432949 6.967928e+00
433088 6.967677e+00
433521 6.966972e+00
433815 6.966760e+00
434127 6.966192e+00
434680 6.966128e+00
434793 6.966108e+00
434905 6.966038e+00
434949 6.966013e+00
435061 6.965931e+00
435351 6.965694e+00
435736 6.965466e+00
436033 6.965362e+00
436423 6.965298e+00
436500 6.965153e+00
437056 6.965133e+00
437178 6.965103e+00
437269 6.965059e+00
437321 6.965056e+00
437442 6.965004e+00
437561 6.964982e+00
437925 6.964975e+00
438088 6.964948e+00
438139 6.964931e+00
438502 6.964919e+00
438648 6.964902e+00
438712 6.964877e+00
439656 6.964874e+00
439773 6.964854e+00
439943 6.964839e+00
440313 6.964838e+00
440353 6.964836e+00
440401 6.964831e+00
440403 6.964829e+00
440524 6.964827e+00
440545 6.964820e+00
440570 6.964817e+00
440715 6.964817e+00
440732 6.964790e+00
441130 6.964790e+00
441308 6.964788e+00
441452 6.964785e+00
441498 6.964772e+00
441664 6.964769e+00
442021 6.964767e+00
442060 6.964765e+00
442070 6.964760e+00
442105 6.964752e+00
442933 6.964750e+00
443197 6.964749e+00
443209 6.964747e+00
443304 6.964745e+00
443349 6.964741e+00
443545 6.964740e+00
443602 6.964737e+00
443646 6.964737e+00
444052 6.964732e+00
444321 6.964731e+00
444329 6.964731e+00
444546 6.964729e+00
445018 6.964728e+00
445071 6.964726e+00
445113 6.964726e+00
445182 6.964726e+00
445258 6.964724e+00
445365 6.964723e+00
445504 6.964723e+00
445734 6.964720e+00
446322 6.964719e+00
446353 6.964719e+00
446398 6.964719e+00
446596 6.964719e+00
446684 6.964718e+00
446849 6.964718e+00
446888 6.964718e+00
447234 6.964717e+00
447340 6.964717e+00
447419 6.964717e+00
447500 6.964717e+00
447706 6.964716e+00
447839 6.964716e+00
448016 6.964716e+00
448038 6.964716e+00
448347 6.964715e+00
448568 6.964715e+00
448878 6.964715e+00
448879 6.964715e+00
449364 6.964715e+00
449553 6.964715e+00
449795 6.964715e+00
449821 6.964714e+00
450307 6.964714e+00
450422 6.964714e+00
450519 6.964714e+00
450736 6.964714e+00
450949 6.964714e+00
451101 6.964714e+00
451501 6.964714e+00
451511 6.964714e+00
451515 6.964714e+00
451523 6.964714e+00
451628 6.964714e+00
451927 6.964714e+00
451941 6.964714e+00
452033 6.964714e+00
452299 6.964714e+00
452317 6.964714e+00
452499 6.964714e+00
452577 6.964714e+00
452620 6.964714e+00
452705 6.964714e+00
453013 6.964714e+00
453550 6.964714e+00
454153 6.964714e+00
454302 6.964714e+00
454479 6.964714e+00
454932 6.964714e+00
455027 6.964714e+00
455075 6.964713e+00
455359 6.964713e+00
455369 6.964713e+00
455479 6.964713e+00
455729 6.964713e+00
455739 6.964713e+00
455806 6.964713e+00
455880 6.964713e+00
456262 6.964713e+00
456463 6.964713e+00
456682 6.964713e+00
456802 6.964713e+00
456903 6.964713e+00
457312 6.964713e+00
457501 6.964713e+00
457591 6.964713e+00
457909 6.964713e+00
457935 6.964713e+00
458565 6.964713e+00
458582 6.964713e+00
458857 6.964713e+00
459605 6.964713e+00
459740 6.964713e+00
460110 6.964713e+00
460330 6.964713e+00
460618 6.964713e+00
460680 6.964713e+00
460878 6.964713e+00
461098 6.964713e+00
461271 6.964713e+00
461539 6.964713e+00
462116 6.964713e+00
462225 6.964713e+00
462394 6.964713e+00
462748 6.964713e+00
462874 6.964713e+00
462948 6.964713e+00
463293 6.964713e+00
463322 6.964713e+00
463533 6.964713e+00
463567 6.964713e+00
463661 6.964713e+00
463662 6.964713e+00
463807 6.964713e+00
463943 6.964713e+00
464093 6.964713e+00
464098 6.964713e+00
464151 6.964713e+00
464413 6.964713e+00
464725 6.964713e+00
464787 6.964713e+00
464834 6.964713e+00
464861 6.964713e+00
464955 6.964713e+00
465244 6.964713e+00
465249 6.964713e+00
465335 6.964713e+00
465394 6.964713e+00
465405 6.964713e+00
465532 6.964713e+00
465623 6.964713e+00
466117 6.964713e+00
466310 6.964713e+00
466496 6.964713e+00
466642 6.964713e+00
466661 6.964713e+00
466669 6.964713e+00
466787 6.964713e+00
467124 6.964713e+00
467172 6.964713e+00
467213 6.964713e+00
467520 6.964713e+00
