1 6.154388e+05
2 4.647719e+05
4 1.844463e+05
9 1.635955e+05
18 6.175436e+04
213 3.962804e+04
268 3.239972e+04
315 2.685467e+04
372 1.559643e+04
557 1.154587e+04
631 9.481802e+03
815 7.141045e+03
819 7.110629e+03
845 4.625724e+03
1206 3.758598e+03
1276 3.036037e+03
1455 2.717789e+03
1476 2.116758e+03
1580 1.912486e+03
1629 1.892368e+03
1730 1.860112e+03
1762 1.574510e+03
1799 1.495588e+03
1890 1.323266e+03
1926 1.291149e+03
1950 1.252564e+03
2017 1.251680e+03
2018 1.128828e+03
2051 1.110905e+03
2059 1.083947e+03
2095 1.078849e+03
2102 8.990685e+02
2306 7.821175e+02
2349 7.293410e+02
2388 6.494332e+02
2438 6.039456e+02
2633 5.525463e+02
2661 5.393789e+02
2701 5.060669e+02
2734 4.688213e+02
2751 4.545204e+02
2755 4.147374e+02
2807 3.837945e+02
2912 3.431372e+02
2987 3.394824e+02
3029 2.374544e+02
3133 2.176979e+02
3276 2.033138e+02
3302 1.987309e+02
3315 1.951244e+02
3333 1.915726e+02
3373 1.678592e+02
3601 1.668555e+02
3654 1.418687e+02
3693 1.395353e+02
3777 1.362461e+02
3853 1.356740e+02
3941 1.355485e+02
3979 1.351146e+02
4032 1.299681e+02
4035 1.284520e+02
4036 1.284039e+02
4076 1.266797e+02
4090 1.222138e+02
4168 1.219118e+02
4186 1.195523e+02
4237 1.146315e+02
4367 1.133526e+02
4391 1.133409e+02
4399 1.119456e+02
4484 1.067259e+02
4526 1.029197e+02
4835 9.467318e+01
4898 9.185971e+01
5050 8.585679e+01
5095 8.497861e+01
5146 8.327287e+01
5153 8.022019e+01
5196 7.942021e+01
5220 7.827640e+01
5225 7.559318e+01
5323 7.132170e+01
5425 7.070438e+01
5462 6.662891e+01
5509 6.111173e+01
5617 6.087527e+01
5636 5.848348e+01
5647 5.840669e+01
5732 5.619023e+01
5932 5.357963e+01
5948 5.206858e+01
5996 4.962740e+01
6054 4.571929e+01
6084 3.740095e+01
6203 3.461719e+01
6321 3.416202e+01
6337 3.146498e+01
6359 2.743553e+01
6485 2.729441e+01
6489 2.681836e+01
6520 2.307185e+01
6571 2.301140e+01
6617 2.018488e+01
6661 1.864129e+01
6774 1.789569e+01
6793 1.677872e+01
6819 1.612353e+01
6943 1.579644e+01
6988 1.491574e+01
7008 1.463685e+01
7012 1.456836e+01
7014 1.456503e+01
7019 1.273103e+01
7054 1.113234e+01
7170 8.961956e+00
7594 8.889073e+00
7596 8.618229e+00
7630 8.102803e+00
7644 6.050804e+00
7721 5.983170e+00
7763 5.589465e+00
7784 5.421348e+00
7827 5.215560e+00
7830 5.132339e+00
7846 4.865077e+00
7919 4.529497e+00
7966 4.346535e+00
7988 4.123293e+00
8029 3.915215e+00
8034 3.455405e+00
8076 3.453846e+00
8086 3.268970e+00
8093 3.265749e+00
8097 2.953554e+00
8103 2.588136e+00
8126 2.570883e+00
8138 2.388590e+00
8248 2.379706e+00
8278 2.258343e+00
8293 2.198288e+00
8302 2.104206e+00
8303 1.798755e+00
8504 1.554039e+00
8626 1.440154e+00
8719 1.188694e+00
8750 1.065784e+00
8810 9.758057e-01
8884 9.510168e-01
8905 7.908323e-01
9083 7.684799e-01
9091 6.993387e-01
9125 6.769585e-01
9163 5.748415e-01
9188 5.728705e-01
9234 5.478110e-01
9288 5.246782e-01
9369 5.067837e-01
9395 4.970261e-01
9396 4.248402e-01
9440 4.137317e-01
9494 4.069941e-01
9532 3.916666e-01
9539 3.809236e-01
9540 3.719238e-01
9556 3.671007e-01
9578 3.558394e-01
9583 3.473076e-01
9594 2.928170e-01
9648 2.751087e-01
9765 2.364626e-01
9982 1.901902e-01
10000 1.599161e-01
10135 1.589023e-01
10276 1.538786e-01
10329 1.497906e-01
10363 1.441192e-01
10390 1.370941e-01
10394 1.262277e-01
10426 1.236176e-01
10508 1.151416e-01
10533 1.042355e-01
10717 1.036583e-01
10756 1.015171e-01
10905 9.764997e-02
11093 8.410066e-02
11199 7.066584e-02
11372 5.983372e-02
11670 5.783168e-02
11773 5.713474e-02
11882 5.258344e-02
11927 5.125316e-02
12002 5.078809e-02
12022 4.542617e-02
12207 4.454110e-02
12248 4.453690e-02
12302 4.385223e-02
12304 4.189976e-02
12431 3.908575e-02
12494 3.863781e-02
12563 3.636149e-02
12635 3.186904e-02
12674 3.157634e-02
12794 3.120415e-02
12985 3.063872e-02
13057 3.063595e-02
13063 2.875947e-02
13233 2.651770e-02
13247 2.591657e-02
13257 2.583659e-02
13283 2.483505e-02
13442 2.360174e-02
13477 2.067734e-02
13828 1.903699e-02
13971 1.812869e-02
14040 1.716608e-02
14296 1.692513e-02
14311 1.628591e-02
14412 1.605812e-02
14555 1.271544e-02
15041 1.259160e-02
15048 1.258398e-02
15067 1.190770e-02
15188 1.116852e-02
15447 1.078573e-02
15494 1.072141e-02
15586 1.029720e-02
15606 9.470107e-03
15869 9.460381e-03
15871 9.436948e-03
15890 9.263487e-03
15922 9.055167e-03
15960 9.030186e-03
16009 8.746563e-03
16081 8.593941e-03
16134 8.566091e-03
16145 8.460111e-03
16151 8.393876e-03
16181 8.182089e-03
16376 7.796045e-03
16599 7.239911e-03
16633 7.055912e-03
16892 6.872956e-03
17020 6.870385e-03
17044 6.742569e-03
17108 6.685998e-03
17139 6.228538e-03
17318 6.221539e-03
17352 5.867105e-03
17449 5.680165e-03
17533 5.667533e-03
17567 5.523330e-03
17650 5.471806e-03
17657 5.429447e-03
17772 5.368670e-03
17795 5.358017e-03
17814 5.177420e-03
17940 5.147497e-03
17972 4.895902e-03
18072 4.761547e-03
18073 4.598536e-03
18223 4.561545e-03
18244 4.535318e-03
18264 4.399018e-03
18371 4.143556e-03
18705 4.125710e-03
18714 4.043076e-03
18726 4.007268e-03
18740 3.912176e-03
18832 3.856975e-03
18928 3.711117e-03
19066 3.599174e-03
19122 3.474761e-03
19283 3.447423e-03
19319 3.401625e-03
19340 3.346989e-03
19405 3.118368e-03
19587 3.116382e-03
19631 2.982940e-03
19834 2.886015e-03
19860 2.851971e-03
19974 2.828663e-03
20028 2.822210e-03
20045 2.725475e-03
20091 2.686962e-03
20267 2.655077e-03
20466 2.517764e-03
20697 2.516739e-03
20716 2.515638e-03
20748 2.498897e-03
20776 2.407537e-03
20893 2.346814e-03
20920 2.251804e-03
21010 2.195274e-03
21126 2.150966e-03
21130 2.025638e-03
21428 2.024698e-03
21446 2.005045e-03
21614 1.932163e-03
21650 1.914999e-03
21688 1.909199e-03
21689 1.906008e-03
21774 1.889881e-03
21784 1.787832e-03
21950 1.784467e-03
22141 1.770977e-03
22174 1.703358e-03
22295 1.675274e-03
22500 1.670567e-03
22567 1.651983e-03
22602 1.612468e-03
22697 1.513584e-03
22901 1.509294e-03
22931 1.428889e-03
22995 1.396244e-03
23058 1.360535e-03
23257 1.268111e-03
23350 1.263453e-03
23486 1.228020e-03
23878 1.217314e-03
23947 1.215608e-03
23987 1.162636e-03
24059 1.154086e-03
24121 1.121906e-03
24204 1.085477e-03
24269 1.021006e-03
24590 1.017388e-03
24610 9.785035e-04
24735 9.715133e-04
24779 9.695310e-04
24810 9.503114e-04
24883 9.435875e-04
24906 9.139583e-04
24948 8.940640e-04
25028 8.793784e-04
25033 8.726397e-04
25140 8.700236e-04
25210 8.301463e-04
25350 8.150966e-04
25380 8.067618e-04
25450 7.682196e-04
25552 7.328859e-04
25815 7.136443e-04
25889 6.913931e-04
25989 6.886925e-04
26094 6.635578e-04
26194 6.533366e-04
26238 6.431995e-04
26324 6.129351e-04
26587 5.961303e-04
26676 5.907206e-04
26723 5.880026e-04
26818 5.831916e-04
26868 5.805773e-04
26874 5.763882e-04
26896 5.755766e-04
26911 5.671820e-04
26913 5.522056e-04
26936 5.420974e-04
27207 5.341118e-04
27315 5.245078e-04
27357 5.214544e-04
27366 5.069233e-04
27428 4.960634e-04
27478 4.829379e-04
27768 4.719445e-04
27811 4.687210e-04
27833 4.661292e-04
27862 4.552179e-04
27916 4.480389e-04
27947 4.474537e-04
27972 4.432020e-04
27973 4.411216e-04
28115 4.235965e-04
28277 4.186438e-04
28314 4.122823e-04
28413 4.075812e-04
28463 4.020759e-04
28632 3.860293e-04
28723 3.608942e-04
28893 3.560797e-04
28940 3.399292e-04
29165 3.302534e-04
29284 3.095101e-04
29371 3.043739e-04
29523 3.039141e-04
29533 2.903741e-04
29569 2.877058e-04
29593 2.834135e-04
29811 2.815331e-04
29820 2.792459e-04
29875 2.726968e-04
30087 2.669992e-04
30210 2.639138e-04
30364 2.626310e-04
30423 2.537132e-04
30493 2.441239e-04
30802 2.427104e-04
30833 2.418548e-04
30881 2.417811e-04
30900 2.409653e-04
30918 2.383900e-04
31013 2.371722e-04
31044 2.366113e-04
31086 2.349231e-04
31099 2.312522e-04
31119 2.304399e-04
31237 2.251303e-04
31342 2.200773e-04
31430 2.161226e-04
31468 2.158243e-04
31486 2.087996e-04
31514 2.086778e-04
31540 2.066634e-04
31574 2.040537e-04
31610 2.003173e-04
31691 1.980252e-04
31764 1.901905e-04
31771 1.900812e-04
31941 1.868044e-04
32183 1.725974e-04
32374 1.691173e-04
32415 1.585006e-04
32564 1.498985e-04
32668 1.465246e-04
32765 1.382745e-04
32795 1.376869e-04
32972 1.346693e-04
33018 1.319017e-04
33022 1.288571e-04
33138 1.276787e-04
33145 1.268875e-04
33208 1.235974e-04
33246 1.166298e-04
33516 1.155343e-04
33541 1.149512e-04
33562 1.129667e-04
33630 1.129056e-04
33668 1.123132e-04
33684 1.106019e-04
33738 1.094633e-04
33759 1.068575e-04
33972 1.063298e-04
34049 1.053682e-04
34155 1.052766e-04
34188 1.017452e-04
34217 9.988201e-05
34308 9.738866e-05
34359 9.625368e-05
34477 9.468928e-05
34520 9.327410e-05
34575 9.010701e-05
34653 9.003164e-05
34700 9.000402e-05
34770 8.833315e-05
34823 8.653802e-05
34977 8.576916e-05
35043 8.486920e-05
35047 8.293157e-05
35238 8.252046e-05
35261 8.220954e-05
35309 8.023198e-05
35344 7.938205e-05
35447 7.715835e-05
35468 7.656933e-05
35523 7.406493e-05
35873 7.294403e-05
35888 7.258026e-05
35952 7.170233e-05
35981 7.145616e-05
35988 6.975374e-05
36159 6.939940e-05
36177 6.869481e-05
36304 6.764379e-05
36411 6.698850e-05
36437 6.608430e-05
36536 6.595281e-05
36563 6.571816e-05
36567 6.524059e-05
36579 6.523005e-05
36589 6.396866e-05
36725 6.393210e-05
36733 6.383457e-05
36767 6.218496e-05
36925 6.211087e-05
36950 6.116621e-05
36958 6.077695e-05
37031 5.731638e-05
37158 5.721910e-05
37281 5.407852e-05
37321 5.402229e-05
37322 5.352482e-05
37518 5.156627e-05
37687 5.150498e-05
37761 5.090531e-05
37765 5.069128e-05
37771 4.976395e-05
37825 4.903532e-05
37845 4.832523e-05
37907 4.722336e-05
37956 4.663200e-05
37960 4.534446e-05
38003 4.501984e-05
38112 4.162506e-05
38270 3.953716e-05
38530 3.873419e-05
38571 3.754165e-05
38599 3.739500e-05
38687 3.665530e-05
38708 3.658225e-05
38768 3.636769e-05
38858 3.502368e-05
38876 3.247540e-05
39109 3.215889e-05
39147 3.203675e-05
39167 3.182786e-05
39168 3.056603e-05
39260 2.981074e-05
39419 2.950984e-05
39454 2.950617e-05
39456 2.890631e-05
39459 2.881756e-05
39476 2.748640e-05
39664 2.718066e-05
39670 2.595808e-05
39711 2.559369e-05
39805 2.556829e-05
39846 2.539419e-05
39858 2.496961e-05
39906 2.467996e-05
39910 2.441039e-05
39982 2.342189e-05
40006 2.284418e-05
40045 2.244631e-05
40180 2.243380e-05
40283 2.152976e-05
40515 2.102279e-05
40602 2.064937e-05
40716 2.008975e-05
40719 1.953304e-05
40731 1.908523e-05
40871 1.892277e-05
40882 1.849084e-05
40931 1.849074e-05
40932 1.817695e-05
40949 1.800838e-05
40986 1.741797e-05
41081 1.695625e-05
41316 1.683356e-05
41356 1.623020e-05
41459 1.580584e-05
41464 1.563612e-05
41549 1.552519e-05
41580 1.526560e-05
41678 1.468384e-05
41821 1.344554e-05
42054 1.316797e-05
42097 1.316640e-05
42174 1.296880e-05
42207 1.253575e-05
42307 1.235093e-05
42343 1.221295e-05
42368 1.192988e-05
42580 1.141778e-05
42622 1.131791e-05
42679 1.126146e-05
42710 1.085395e-05
43000 1.080971e-05
43002 1.077410e-05
43038 1.076206e-05
43079 1.049505e-05
43175 1.042195e-05
43233 1.041192e-05
43250 1.034303e-05
43251 1.024381e-05
43264 9.747959e-06
43416 9.420691e-06
43588 9.344791e-06
43692 8.999850e-06
43820 8.997678e-06
43869 8.993737e-06
43927 8.790531e-06
44070 8.404611e-06
44343 8.150060e-06
44351 8.145151e-06
44450 8.102823e-06
44457 8.086781e-06
44529 7.805916e-06
44780 7.772625e-06
44795 7.763999e-06
44833 7.729599e-06
44905 7.650072e-06
44907 7.407030e-06
44953 7.116986e-06
137374 6.998231e-06
137417 6.904530e-06
137637 6.901704e-06
137653 6.857387e-06
137663 6.827250e-06
137669 6.643032e-06
137717 6.597336e-06
137894 6.574665e-06
137948 6.562388e-06
137962 6.425495e-06
138076 6.369920e-06
138100 5.991622e-06
138421 5.952105e-06
138474 5.865128e-06
138503 5.810651e-06
138665 5.617497e-06
138675 5.572572e-06
138715 5.537465e-06
138750 5.531097e-06
138788 5.450995e-06
138789 5.442064e-06
138798 5.385800e-06
138822 5.254246e-06
138824 5.112618e-06
138992 4.895171e-06
139275 4.869903e-06
139327 4.781601e-06
139525 4.701848e-06
139593 4.696684e-06
139696 4.516145e-06
139742 4.490014e-06
139769 4.451239e-06
139845 4.366270e-06
139911 4.342808e-06
140036 4.332216e-06
140080 4.203414e-06
140241 4.194548e-06
140249 4.186172e-06
140252 4.176450e-06
140343 4.152921e-06
140383 4.149146e-06
140436 4.098014e-06
140510 4.092751e-06
140602 4.084735e-06
140620 4.072192e-06
140682 4.056398e-06
140757 4.043802e-06
140815 4.023372e-06
140844 4.020518e-06
140861 4.007483e-06
140896 3.976001e-06
140908 3.952931e-06
141043 3.915413e-06
141193 3.905755e-06
141194 3.835849e-06
141246 3.798031e-06
141373 3.768723e-06
141645 3.766787e-06
141648 3.741581e-06
141660 3.724306e-06
141686 3.720194e-06
141698 3.696740e-06
141716 3.609832e-06
141911 3.529082e-06
142161 3.492184e-06
142243 3.491986e-06
142343 3.478205e-06
142344 3.457378e-06
142409 3.355060e-06
142535 3.343146e-06
142650 3.329120e-06
142789 3.276727e-06
142912 3.236255e-06
143199 3.230894e-06
143279 3.218450e-06
143305 3.198537e-06
143430 3.191630e-06
143460 3.189740e-06
143504 3.189463e-06
143523 3.149941e-06
143680 3.145125e-06
143718 3.131718e-06
143811 3.120163e-06
143911 3.111950e-06
144096 3.088733e-06
144105 3.083722e-06
144111 3.080825e-06
144113 3.080360e-06
144118 3.072287e-06
144196 3.054599e-06
144256 3.016831e-06
144542 3.012608e-06
144603 2.996435e-06
144645 2.991639e-06
144671 2.986491e-06
144706 2.970505e-06
144713 2.951748e-06
144825 2.945647e-06
144833 2.901862e-06
144843 2.883205e-06
144930 2.874798e-06
145028 2.849527e-06
145052 2.822274e-06
145062 2.812825e-06
145107 2.804230e-06
145136 2.786539e-06
145199 2.780609e-06
145259 2.764835e-06
145317 2.746715e-06
145323 2.690447e-06
145403 2.680571e-06
145404 2.678900e-06
145459 2.643243e-06
145487 2.625102e-06
145555 2.605851e-06
145558 2.567915e-06
145771 2.454373e-06
145994 2.418656e-06
146029 2.403558e-06
146049 2.376688e-06
146134 2.353090e-06
146164 2.303117e-06
146171 2.299807e-06
146178 2.256700e-06
146200 2.249480e-06
146288 2.207249e-06
146317 2.194341e-06
146345 2.167980e-06
146462 2.165709e-06
146502 2.160835e-06
146533 2.137988e-06
146574 2.132838e-06
146591 2.132747e-06
146599 2.092661e-06
146608 2.058098e-06
146691 2.039682e-06
146696 2.014691e-06
146712 2.013756e-06
146756 2.004193e-06
146849 1.981982e-06
146867 1.975733e-06
146876 1.902133e-06
147035 1.876451e-06
147060 1.866755e-06
147065 1.781459e-06
147068 1.771242e-06
147150 1.687354e-06
147276 1.681783e-06
147340 1.672663e-06
147345 1.616546e-06
147390 1.496025e-06
147617 1.432229e-06
147704 1.338523e-06
147894 1.333113e-06
148025 1.243371e-06
148057 1.220318e-06
148083 1.106641e-06
148486 1.105268e-06
148489 1.079514e-06
148494 1.077552e-06
148623 1.067770e-06
148631 1.056126e-06
148735 1.013782e-06
148827 9.936719e-07
148888 9.733166e-07
149059 9.283680e-07
149350 9.208013e-07
149446 9.083149e-07
149560 8.727289e-07
149744 8.672017e-07
149941 8.538867e-07
149983 8.531371e-07
150019 8.508983e-07
150028 8.391014e-07
150055 8.291775e-07
150095 8.277773e-07
150139 8.227295e-07
150231 8.176270e-07
150301 7.937968e-07
150435 7.934378e-07
150460 7.893729e-07
150502 7.749336e-07
150526 7.675382e-07
150588 7.481701e-07
150717 7.444838e-07
150802 7.298849e-07
150873 7.053753e-07
151076 6.899223e-07
151112 6.797630e-07
151159 6.660549e-07
151188 6.622081e-07
151359 6.478664e-07
151422 6.446145e-07
151469 6.208457e-07
151545 6.061304e-07
151609 6.033263e-07
151633 5.935825e-07
151707 5.935449e-07
151722 5.914094e-07
151740 5.664033e-07
151757 5.592216e-07
151900 5.565431e-07
151904 5.505713e-07
151987 5.470356e-07
152063 5.390839e-07
152101 5.343375e-07
152149 5.330222e-07
152202 5.311370e-07
152222 5.156072e-07
152344 5.099892e-07
152387 5.014743e-07
152586 5.002011e-07
152687 4.915169e-07
152730 4.885157e-07
152794 4.878439e-07
152897 4.876996e-07
152927 4.827601e-07
153054 4.725401e-07
153059 4.701797e-07
153087 4.661258e-07
153112 4.633888e-07
153187 4.554222e-07
153367 4.529647e-07
153381 4.398403e-07
153625 4.360304e-07
153628 4.336209e-07
153631 4.281999e-07
153635 4.251826e-07
153658 4.249317e-07
153730 4.153287e-07
153805 4.138565e-07
153953 4.075676e-07
153981 4.000854e-07
154195 3.967854e-07
154213 3.863923e-07
154303 3.856972e-07
154377 3.782889e-07
154450 3.735621e-07
154482 3.721003e-07
154490 3.672305e-07
154550 3.656734e-07
154565 3.628117e-07
154599 3.555412e-07
154682 3.533554e-07
154725 3.514101e-07
154749 3.367549e-07
154905 3.312246e-07
154954 3.281850e-07
154984 3.202563e-07
154989 3.109814e-07
155041 3.008197e-07
155309 2.941278e-07
155311 2.842933e-07
155334 2.827916e-07
155336 2.824216e-07
155348 2.717100e-07
155378 2.687575e-07
155418 2.624959e-07
155605 2.622758e-07
155651 2.507490e-07
155690 2.322535e-07
155814 2.289690e-07
155906 2.218854e-07
155920 2.218700e-07
155976 2.201848e-07
155982 2.163040e-07
156034 2.161060e-07
156040 1.982802e-07
156208 1.979125e-07
156219 1.960066e-07
156427 1.821000e-07
156474 1.687369e-07
156608 1.664644e-07
156752 1.653950e-07
156787 1.579419e-07
156849 1.558703e-07
156938 1.554336e-07
156945 1.550891e-07
156966 1.542283e-07
156967 1.524748e-07
156969 1.485319e-07
156991 1.463099e-07
157074 1.432805e-07
157188 1.417368e-07
157233 1.409576e-07
157251 1.360818e-07
157363 1.330047e-07
157377 1.329377e-07
157418 1.282272e-07
157502 1.282129e-07
157539 1.265078e-07
157634 1.183812e-07
157747 1.155138e-07
157957 1.108489e-07
158086 1.072829e-07
158175 1.021368e-07
158214 1.006327e-07
158277 1.000621e-07
158317 9.945876e-08
158340 9.880311e-08
158367 9.683891e-08
158401 9.508578e-08
158488 9.118278e-08
158506 8.998752e-08
158507 8.944606e-08
158514 8.803179e-08
158529 8.292077e-08
158640 8.099247e-08
158698 7.380075e-08
159050 6.682205e-08
159271 6.585119e-08
159307 6.399523e-08
159369 6.019108e-08
159431 5.976486e-08
159521 5.943991e-08
159533 5.751464e-08
159592 5.644967e-08
159678 5.444310e-08
159761 5.380944e-08
159825 5.273462e-08
160097 4.960198e-08
160297 4.710884e-08
160438 4.497413e-08
160791 4.257448e-08
161085 4.243033e-08
161126 4.122319e-08
161318 4.095871e-08
161389 4.063322e-08
161444 3.995992e-08
161540 3.897019e-08
161721 3.841793e-08
161744 3.814398e-08
161821 3.800221e-08
161915 3.796327e-08
161920 3.778911e-08
161930 3.772542e-08
161938 3.763119e-08
161952 3.600304e-08
162115 3.596731e-08
162116 3.595277e-08
162261 3.574747e-08
162264 3.559657e-08
162291 3.531952e-08
162293 3.520130e-08
162302 3.425192e-08
162531 3.371285e-08
162749 3.345509e-08
162805 3.317931e-08
162882 3.306560e-08
162891 3.292958e-08
162966 3.273330e-08
162995 3.227919e-08
163071 3.182933e-08
163145 3.131872e-08
163386 3.127925e-08
163419 3.120926e-08
163433 3.106138e-08
163440 3.105226e-08
163455 3.081240e-08
163515 3.061954e-08
163559 3.041488e-08
163580 3.037604e-08
163594 3.035166e-08
163663 3.002062e-08
163720 2.948076e-08
163811 2.929716e-08
163842 2.925726e-08
163911 2.902857e-08
163962 2.877734e-08
164071 2.841238e-08
164081 2.839257e-08
164091 2.817678e-08
164126 2.800105e-08
164141 2.799811e-08
164232 2.783766e-08
164279 2.771198e-08
164365 2.628372e-08
164530 2.619098e-08
164586 2.608906e-08
164627 2.563472e-08
164634 2.562321e-08
164726 2.543893e-08
164773 2.515039e-08
164775 2.467423e-08
164780 2.417830e-08
164855 2.309838e-08
164944 2.297657e-08
165046 2.269189e-08
165104 2.256036e-08
165111 2.250948e-08
165187 2.179278e-08
165221 2.142936e-08
165286 2.051951e-08
165507 2.001223e-08
165770 1.980001e-08
165783 1.959405e-08
165818 1.945732e-08
165948 1.842294e-08
165962 1.793606e-08
165970 1.784231e-08
166027 1.782405e-08
166029 1.719934e-08
166109 1.716790e-08
166145 1.666806e-08
166377 1.660508e-08
166408 1.659814e-08
166415 1.644501e-08
166434 1.615583e-08
166450 1.521809e-08
166602 1.515862e-08
166652 1.501611e-08
166721 1.486504e-08
166746 1.482440e-08
166754 1.456979e-08
166836 1.445487e-08
166944 1.428579e-08
167030 1.413559e-08
167067 1.410284e-08
167093 1.409850e-08
167132 1.401791e-08
167144 1.394114e-08
167213 1.370579e-08
167267 1.335168e-08
167417 1.323510e-08
167457 1.322579e-08
167471 1.303175e-08
167565 1.267822e-08
167588 1.252976e-08
167690 1.242298e-08
167790 1.240154e-08
167828 1.231590e-08
167835 1.224422e-08
167878 1.202241e-08
167899 1.198853e-08
167944 1.198059e-08
168062 1.135527e-08
168240 1.118298e-08
168308 1.115501e-08
168317 1.095188e-08
168410 1.081485e-08
168491 1.071483e-08
168518 1.057944e-08
168524 1.053535e-08
168577 1.050170e-08
168600 1.047841e-08
168611 1.036658e-08
168657 1.000001e-08
168707 9.986175e-09
266623 9.444654e-09
