1 1.153002e+09
16 4.795035e+07
32 3.678728e+07
39 2.239229e+07
112 3.172557e+06
194 1.793457e+06
231 1.042509e+05
535 1.130430e+04
655 9.275260e+03
695 1.207392e+03
798 3.754822e+02
920 2.803917e+02
1063 2.636630e+02
1221 2.386354e+02
1308 2.068221e+02
1503 2.008421e+02
1748 1.945882e+02
1794 1.860165e+02
1967 1.799391e+02
2032 1.793883e+02
2085 1.762067e+02
2100 1.655639e+02
2240 1.615116e+02
2305 1.579811e+02
2355 1.537508e+02
2371 1.497567e+02
2401 1.488677e+02
2471 1.461817e+02
2478 1.449757e+02
2557 1.426892e+02
2604 1.367546e+02
2627 1.349038e+02
2639 1.240017e+02
2652 1.222973e+02
2746 1.216187e+02
2900 1.214893e+02
3081 1.161895e+02
3304 1.105952e+02
3316 1.076198e+02
3515 1.001467e+02
3557 9.885522e+01
3619 9.787415e+01
3667 8.659178e+01
3752 7.445286e+01
4022 7.381208e+01
4090 6.728419e+01
4189 6.580665e+01
4212 6.306120e+01
4289 5.836238e+01
4464 5.758826e+01
4522 5.206470e+01
4524 4.972562e+01
4531 4.838698e+01
4592 4.630939e+01
4791 4.553517e+01
4906 4.498545e+01
4936 4.377454e+01
5007 3.927103e+01
5077 3.511825e+01
5447 3.471987e+01
5484 3.385952e+01
5508 3.260269e+01
5588 2.303028e+01
6299 2.287546e+01
6382 2.242062e+01
6445 2.073094e+01
6515 1.977031e+01
6627 1.898441e+01
6795 1.570449e+01
7070 1.522628e+01
7090 1.512585e+01
7165 1.382398e+01
7201 1.342517e+01
7288 1.337368e+01
7301 1.273367e+01
7826 1.121609e+01
7931 1.045788e+01
7993 8.319537e+00
8843 7.594012e+00
9147 7.519082e+00
9178 6.987507e+00
9611 6.986153e+00
9790 6.313495e+00
9984 6.214240e+00
10089 6.178859e+00
10103 6.030854e+00
10173 5.999942e+00
10235 5.974088e+00
10295 5.937466e+00
10341 5.824638e+00
10656 5.607543e+00
10767 5.032205e+00
11125 4.949607e+00
11138 4.491286e+00
11781 4.302173e+00
11986 4.119494e+00
12150 3.977178e+00
12303 3.925419e+00
12528 3.839203e+00
12547 3.478328e+00
12891 3.170639e+00
13792 3.023626e+00
14232 2.928777e+00
14414 2.606570e+00
14791 2.601205e+00
14836 2.554917e+00
14841 2.426571e+00
14960 2.414978e+00
15097 2.389071e+00
15562 2.329362e+00
15646 2.178763e+00
15980 2.177172e+00
16065 2.159339e+00
16089 2.096567e+00
16138 1.941830e+00
16231 1.935735e+00
16469 1.902337e+00
16631 1.850435e+00
16678 1.839820e+00
16844 1.819083e+00
16871 1.782796e+00
17013 1.758099e+00
17137 1.733450e+00
17226 1.697122e+00
17396 1.664151e+00
17545 1.641567e+00
17603 1.595602e+00
18198 1.554657e+00
18501 1.537692e+00
18590 1.535807e+00
18683 1.514397e+00
18715 1.513108e+00
18778 1.481586e+00
19006 1.471826e+00
19009 1.469129e+00
19088 1.465839e+00
19102 1.426093e+00
19435 1.425151e+00
19570 1.421872e+00
19578 1.405091e+00
19645 1.403575e+00
19652 1.394889e+00
19685 1.392451e+00
19703 1.391963e+00
19782 1.387815e+00
19914 1.387802e+00
19916 1.387527e+00
19960 1.385397e+00
20040 1.384593e+00
20093 1.359115e+00
20380 1.356884e+00
20481 1.344193e+00
20628 1.338809e+00
20800 1.337048e+00
20821 1.332848e+00
20941 1.326033e+00
21115 1.317966e+00
21131 1.311322e+00
21363 1.306579e+00
21538 1.292593e+00
21545 1.287686e+00
21831 1.284393e+00
22088 1.274519e+00
22394 1.273137e+00
22482 1.268484e+00
22711 1.265139e+00
22730 1.263698e+00
22777 1.262286e+00
22798 1.261496e+00
22814 1.257376e+00
22896 1.250797e+00
22905 1.248069e+00
22988 1.245654e+00
23225 1.245198e+00
23344 1.243144e+00
23386 1.242997e+00
23401 1.242518e+00
23419 1.242451e+00
23462 1.236779e+00
23559 1.235591e+00
23591 1.222107e+00
24352 1.220575e+00
24721 1.218369e+00
24747 1.214481e+00
25288 1.213253e+00
25394 1.204738e+00
26481 1.203270e+00
26513 1.202121e+00
26954 1.201179e+00
27112 1.199358e+00
27200 1.199090e+00
27220 1.198822e+00
27235 1.198356e+00
27327 1.198225e+00
27331 1.197883e+00
27395 1.196090e+00
27618 1.196000e+00
27698 1.195987e+00
27700 1.195582e+00
27752 1.195346e+00
27806 1.193991e+00
28012 1.192706e+00
28016 1.191315e+00
28594 1.190368e+00
28627 1.189565e+00
28975 1.188070e+00
29319 1.187777e+00
29368 1.186691e+00
29469 1.185764e+00
30114 1.185671e+00
30124 1.185199e+00
30328 1.184348e+00
30494 1.182889e+00
30674 1.182667e+00
30920 1.182649e+00
30975 1.182622e+00
31085 1.181551e+00
31897 1.181029e+00
32130 1.180670e+00
32495 1.179956e+00
32569 1.179845e+00
32859 1.179556e+00
32963 1.179434e+00
33133 1.178959e+00
33197 1.178739e+00
33381 1.178620e+00
33473 1.177667e+00
33872 1.177359e+00
34182 1.177347e+00
34268 1.177326e+00
34384 1.177249e+00
34428 1.177092e+00
34857 1.176927e+00
34988 1.176873e+00
35017 1.176852e+00
35038 1.176754e+00
35507 1.176599e+00
35533 1.176511e+00
36476 1.176499e+00
36494 1.176346e+00
36698 1.175938e+00
37437 1.175833e+00
38082 1.175763e+00
38100 1.175761e+00
38124 1.175501e+00
38517 1.175440e+00
38669 1.175438e+00
38699 1.175260e+00
39038 1.175248e+00
39130 1.175242e+00
39243 1.175144e+00
39458 1.174804e+00
39503 1.174768e+00
39983 1.174430e+00
40606 1.174273e+00
40893 1.174241e+00
40952 1.174198e+00
41142 1.174092e+00
41373 1.174091e+00
41480 1.174010e+00
41907 1.173987e+00
42061 1.173971e+00
42186 1.173948e+00
42464 1.173931e+00
42780 1.173926e+00
42873 1.173922e+00
42882 1.173913e+00
43093 1.173895e+00
43245 1.173885e+00
43325 1.173879e+00
43689 1.173866e+00
43820 1.173859e+00
44017 1.173857e+00
44067 1.173856e+00
44160 1.173849e+00
44275 1.173824e+00
44479 1.173800e+00
44931 1.173798e+00
44962 1.173791e+00
45007 1.173787e+00
45649 1.173765e+00
45961 1.173764e+00
46013 1.173754e+00
46140 1.173732e+00
46152 1.173725e+00
46312 1.173694e+00
46717 1.173688e+00
46944 1.173663e+00
47388 1.173662e+00
47500 1.173657e+00
47507 1.173651e+00
47541 1.173629e+00
47957 1.173624e+00
48098 1.173616e+00
48523 1.173616e+00
48729 1.173605e+00
48752 1.173595e+00
48873 1.173590e+00
48960 1.173587e+00
48968 1.173586e+00
49025 1.173585e+00
49037 1.173577e+00
49149 1.173575e+00
49183 1.173565e+00
49430 1.173559e+00
49498 1.173556e+00
49783 1.173555e+00
49826 1.173550e+00
49868 1.173549e+00
49891 1.173540e+00
49965 1.173537e+00
49992 1.173530e+00
49999 1.173530e+00
50170 1.173520e+00
50444 1.173514e+00
50529 1.173510e+00
50579 1.173508e+00
50624 1.173505e+00
50752 1.173502e+00
50944 1.173501e+00
50991 1.173498e+00
51029 1.173495e+00
51098 1.173486e+00
51138 1.173484e+00
51198 1.173484e+00
51229 1.173476e+00
51386 1.173474e+00
51394 1.173471e+00
51666 1.173468e+00
52012 1.173466e+00
52088 1.173466e+00
52161 1.173464e+00
52410 1.173461e+00
52451 1.173453e+00
52884 1.173450e+00
52931 1.173449e+00
52968 1.173447e+00
53160 1.173447e+00
53218 1.173446e+00
53389 1.173446e+00
53431 1.173446e+00
53526 1.173443e+00
53562 1.173442e+00
53598 1.173438e+00
53869 1.173437e+00
54175 1.173435e+00
54216 1.173435e+00
54318 1.173435e+00
54327 1.173433e+00
54371 1.173433e+00
54417 1.173431e+00
54466 1.173431e+00
54513 1.173430e+00
54570 1.173430e+00
54653 1.173429e+00
54766 1.173426e+00
55038 1.173426e+00
55136 1.173425e+00
55167 1.173422e+00
55405 1.173420e+00
55612 1.173420e+00
55618 1.173419e+00
55968 1.173418e+00
55988 1.173418e+00
56028 1.173418e+00
56055 1.173417e+00
56206 1.173417e+00
56252 1.173417e+00
56325 1.173416e+00
56342 1.173416e+00
56369 1.173415e+00
56370 1.173414e+00
56606 1.173414e+00
56752 1.173413e+00
56828 1.173413e+00
57150 1.173413e+00
57209 1.173412e+00
57211 1.173411e+00
57468 1.173411e+00
57487 1.173411e+00
57626 1.173411e+00
57936 1.173410e+00
58149 1.173410e+00
58196 1.173410e+00
58277 1.173410e+00
58291 1.173410e+00
58343 1.173409e+00
58382 1.173409e+00
58527 1.173409e+00
58576 1.173409e+00
58593 1.173408e+00
58700 1.173408e+00
59164 1.173408e+00
59232 1.173408e+00
59281 1.173407e+00
59285 1.173407e+00
59322 1.173407e+00
59380 1.173407e+00
59551 1.173407e+00
59565 1.173407e+00
59795 1.173407e+00
59904 1.173406e+00
59918 1.173406e+00
59920 1.173406e+00
59927 1.173406e+00
59960 1.173406e+00
60065 1.173406e+00
60298 1.173406e+00
60315 1.173405e+00
60556 1.173405e+00
60767 1.173405e+00
60931 1.173405e+00
61003 1.173405e+00
61166 1.173405e+00
61811 1.173405e+00
61817 1.173405e+00
61988 1.173404e+00
62104 1.173404e+00
62105 1.173404e+00
62128 1.173404e+00
62259 1.173404e+00
62288 1.173404e+00
62292 1.173404e+00
62335 1.173404e+00
62337 1.173404e+00
62345 1.173404e+00
62496 1.173404e+00
62883 1.173404e+00
63365 1.173404e+00
63636 1.173404e+00
63789 1.173404e+00
64103 1.173404e+00
64218 1.173404e+00
64620 1.173404e+00
64838 1.173404e+00
64873 1.173404e+00
64955 1.173403e+00
65131 1.173403e+00
65216 1.173403e+00
65297 1.173403e+00
65546 1.173403e+00
65976 1.173403e+00
66167 1.173403e+00
66206 1.173403e+00
66326 1.173403e+00
66565 1.173403e+00
66659 1.173403e+00
66724 1.173403e+00
66745 1.173403e+00
66799 1.173403e+00
67100 1.173403e+00
67133 1.173403e+00
67283 1.173403e+00
67395 1.173403e+00
67444 1.173403e+00
67492 1.173403e+00
67525 1.173403e+00
67528 1.173403e+00
67916 1.173403e+00
69438 1.173403e+00
69776 1.173403e+00
70079 1.173403e+00
70091 1.173403e+00
70149 1.173403e+00
70427 1.173403e+00
72002 1.173403e+00
74085 1.173403e+00
270123 1.103153e+00
270735 1.039579e+00
271104 1.021633e+00
271888 1.000612e+00
272084 7.919652e-01
272501 7.127065e-01
273077 6.953053e-01
273874 6.700113e-01
274126 6.510007e-01
274171 5.745570e-01
274635 5.658154e-01
274941 5.601190e-01
275008 5.573534e-01
275075 5.437558e-01
275112 5.381158e-01
275141 4.905050e-01
275232 4.577762e-01
275423 4.509323e-01
276404 4.182863e-01
276651 3.887316e-01
276787 3.829590e-01
277146 3.679301e-01
277279 3.575384e-01
277896 3.440723e-01
279336 3.278672e-01
279636 3.053229e-01
280087 3.015900e-01
280201 2.889929e-01
280296 2.876015e-01
281303 2.583218e-01
282762 2.559442e-01
283088 2.481829e-01
283604 2.341454e-01
283737 2.318112e-01
283748 2.164160e-01
285078 2.105576e-01
285386 2.078781e-01
286201 2.061577e-01
286806 2.054876e-01
286897 2.016308e-01
286915 1.990119e-01
286981 1.955448e-01
287191 1.878828e-01
287666 1.866303e-01
288331 1.838035e-01
288512 1.804663e-01
289243 1.482225e-01
291080 1.475838e-01
291341 1.379107e-01
292347 1.282215e-01
293755 1.180593e-01
294858 1.174846e-01
295019 1.149626e-01
295029 1.141172e-01
295308 1.136892e-01
295435 1.133922e-01
295467 1.128569e-01
295659 1.117974e-01
295752 1.116808e-01
296046 1.115224e-01
296055 1.112068e-01
296139 1.060307e-01
296153 1.058571e-01
296205 9.994805e-02
297706 9.656951e-02
297732 9.499387e-02
298011 9.443952e-02
298122 9.363905e-02
298699 9.357555e-02
298737 8.929857e-02
299085 8.927460e-02
299674 8.498035e-02
299815 8.227302e-02
299857 8.174118e-02
300120 7.943434e-02
301291 7.550849e-02
301676 7.431167e-02
301706 7.249413e-02
301759 7.201576e-02
302090 6.775317e-02
302192 6.634210e-02
303117 6.201204e-02
304030 6.131722e-02
304096 6.014193e-02
304354 5.989307e-02
304425 5.828998e-02
304435 5.630851e-02
304742 5.487547e-02
304841 5.330361e-02
306158 5.212861e-02
306350 5.103624e-02
306411 5.077638e-02
306514 5.043895e-02
306636 5.030817e-02
307360 4.932670e-02
307561 4.911879e-02
307631 4.897412e-02
307635 4.854460e-02
307974 4.763048e-02
308053 4.734148e-02
308305 4.587391e-02
309244 4.581109e-02
309325 4.467610e-02
309450 4.457587e-02
309547 4.439537e-02
309588 4.380108e-02
310243 4.360410e-02
310306 4.254381e-02
310622 4.207588e-02
311062 4.101546e-02
311743 4.018074e-02
312831 3.998407e-02
312857 3.990748e-02
312890 3.963188e-02
313402 3.937350e-02
313432 3.896864e-02
313487 3.886666e-02
313720 3.878926e-02
313951 3.851644e-02
314002 3.817157e-02
314066 3.787872e-02
314170 3.781783e-02
314361 3.748916e-02
314547 3.739756e-02
314827 3.729238e-02
315013 3.709705e-02
315510 3.610327e-02
316022 3.559599e-02
316227 3.559384e-02
316603 3.552682e-02
317072 3.521907e-02
317324 3.466126e-02
318026 3.463912e-02
318125 3.411137e-02
318540 3.398330e-02
319468 3.381120e-02
319745 3.351132e-02
321671 3.340636e-02
321676 3.325605e-02
321984 3.322532e-02
322378 3.297840e-02
322418 3.268538e-02
322676 3.266192e-02
322865 3.245406e-02
323436 3.221148e-02
323612 3.218519e-02
323902 3.216176e-02
324245 3.213287e-02
324402 3.192530e-02
324440 3.171199e-02
325867 3.144559e-02
326371 3.139475e-02
326498 3.138924e-02
326800 3.137049e-02
326824 3.115772e-02
327831 3.108282e-02
327868 3.101688e-02
328637 3.098326e-02
328695 3.095431e-02
328976 3.085014e-02
329000 3.078367e-02
329072 3.065800e-02
329515 3.054891e-02
330422 3.051347e-02
330762 3.032848e-02
330816 3.031708e-02
330851 3.028104e-02
330948 3.023815e-02
331069 3.004745e-02
331257 3.002078e-02
331827 2.994247e-02
331931 2.993623e-02
332406 2.993164e-02
332604 2.990093e-02
332748 2.988287e-02
333075 2.984635e-02
333135 2.966303e-02
333367 2.962326e-02
333684 2.961558e-02
333750 2.957320e-02
333761 2.956190e-02
334128 2.950256e-02
334476 2.949914e-02
334854 2.949046e-02
335086 2.948623e-02
335107 2.948408e-02
335260 2.947711e-02
335345 2.946989e-02
335604 2.944319e-02
336861 2.942366e-02
337216 2.941925e-02
337374 2.940688e-02
337615 2.937614e-02
338293 2.935927e-02
338943 2.934407e-02
339227 2.934186e-02
339236 2.933258e-02
339254 2.933020e-02
339452 2.931677e-02
339592 2.931078e-02
340311 2.927394e-02
340944 2.927104e-02
340958 2.925753e-02
341032 2.924964e-02
341097 2.924166e-02
341205 2.919867e-02
341626 2.919654e-02
342144 2.916772e-02
342569 2.915063e-02
342830 2.912956e-02
342982 2.905418e-02
343695 2.904363e-02
343812 2.901138e-02
343953 2.899350e-02
344529 2.898786e-02
344859 2.897681e-02
345045 2.897122e-02
345130 2.896887e-02
345148 2.894641e-02
345160 2.891423e-02
345356 2.889570e-02
345526 2.889321e-02
345674 2.888426e-02
345870 2.888402e-02
346078 2.885341e-02
346468 2.885253e-02
346519 2.883745e-02
346609 2.881133e-02
346654 2.879453e-02
347277 2.879025e-02
347336 2.878806e-02
347504 2.876147e-02
348284 2.875068e-02
348293 2.874892e-02
348467 2.874724e-02
348581 2.874529e-02
349009 2.873262e-02
349370 2.872603e-02
349934 2.872098e-02
350074 2.871864e-02
350214 2.871811e-02
350232 2.871548e-02
350392 2.871219e-02
350588 2.871038e-02
350739 2.871009e-02
350745 2.870987e-02
350781 2.870928e-02
350793 2.870689e-02
350975 2.870288e-02
351345 2.870158e-02
351390 2.870103e-02
351615 2.869996e-02
351635 2.869928e-02
351675 2.869486e-02
351978 2.869398e-02
352221 2.869103e-02
352739 2.868936e-02
352804 2.868918e-02
352914 2.868796e-02
353057 2.868638e-02
353125 2.868302e-02
353271 2.868140e-02
353330 2.868078e-02
353398 2.867959e-02
353610 2.867847e-02
354424 2.867616e-02
354904 2.867198e-02
355072 2.866275e-02
356172 2.866165e-02
357104 2.865515e-02
357662 2.864579e-02
358284 2.864404e-02
358711 2.864366e-02
358941 2.864102e-02
359221 2.864089e-02
359237 2.863796e-02
359359 2.863779e-02
359514 2.863734e-02
359593 2.863650e-02
359706 2.863326e-02
359738 2.863152e-02
360325 2.862982e-02
360498 2.862977e-02
360531 2.862846e-02
360933 2.862792e-02
361011 2.862697e-02
361068 2.862627e-02
361160 2.862471e-02
361740 2.862351e-02
361883 2.861892e-02
362314 2.861789e-02
362524 2.861610e-02
362809 2.861570e-02
362847 2.861242e-02
363515 2.861213e-02
364009 2.861174e-02
364046 2.861033e-02
364110 2.860865e-02
364642 2.860751e-02
364710 2.860439e-02
365859 2.860194e-02
366317 2.860180e-02
366411 2.860169e-02
366645 2.860114e-02
366706 2.860100e-02
366817 2.860085e-02
366883 2.859964e-02
367183 2.859779e-02
367253 2.859655e-02
367434 2.859542e-02
367699 2.859537e-02
367889 2.859530e-02
367961 2.859503e-02
368362 2.859484e-02
368420 2.859474e-02
368599 2.859356e-02
368737 2.859334e-02
368797 2.859326e-02
368898 2.859258e-02
369133 2.859249e-02
369295 2.859155e-02
369356 2.859129e-02
369384 2.859053e-02
369459 2.859019e-02
369523 2.858965e-02
369748 2.858918e-02
369904 2.858768e-02
370446 2.858686e-02
370508 2.858619e-02
371038 2.858483e-02
371074 2.858437e-02
371249 2.858225e-02
371722 2.858103e-02
372237 2.857861e-02
372943 2.857844e-02
373477 2.857814e-02
373532 2.857785e-02
374028 2.857780e-02
374052 2.857741e-02
374061 2.857687e-02
374287 2.857681e-02
374288 2.857659e-02
374336 2.857638e-02
374373 2.857623e-02
374394 2.857603e-02
374543 2.857596e-02
374738 2.857470e-02
375395 2.857452e-02
375414 2.857422e-02
375556 2.857383e-02
375669 2.857374e-02
376179 2.857373e-02
376773 2.857348e-02
376920 2.857326e-02
376950 2.857314e-02
377144 2.857282e-02
377456 2.857257e-02
377810 2.857247e-02
377883 2.857242e-02
378022 2.857231e-02
378096 2.857229e-02
378139 2.857229e-02
378154 2.857218e-02
378190 2.857215e-02
378230 2.857207e-02
378452 2.857203e-02
378580 2.857186e-02
378643 2.857175e-02
378736 2.857168e-02
378745 2.857152e-02
379281 2.857132e-02
379746 2.857125e-02
379881 2.857112e-02
380318 2.857099e-02
380372 2.857095e-02
380678 2.857088e-02
381024 2.857082e-02
381056 2.857076e-02
381191 2.857065e-02
381789 2.857061e-02
382022 2.857058e-02
382212 2.857051e-02
382228 2.857025e-02
382712 2.857010e-02
382985 2.857010e-02
383650 2.857010e-02
383684 2.857006e-02
383940 2.857005e-02
383982 2.856993e-02
384031 2.856991e-02
384489 2.856990e-02
384663 2.856989e-02
384755 2.856989e-02
385008 2.856984e-02
385078 2.856982e-02
385130 2.856975e-02
385241 2.856975e-02
385379 2.856974e-02
385594 2.856972e-02
385859 2.856970e-02
385864 2.856968e-02
385893 2.856967e-02
385947 2.856966e-02
386098 2.856961e-02
386245 2.856958e-02
386330 2.856953e-02
386830 2.856952e-02
387036 2.856951e-02
387070 2.856950e-02
387214 2.856948e-02
387728 2.856947e-02
387891 2.856946e-02
387950 2.856946e-02
387961 2.856943e-02
388118 2.856940e-02
388126 2.856939e-02
388643 2.856934e-02
389519 2.856932e-02
389740 2.856930e-02
390358 2.856928e-02
390515 2.856925e-02
390571 2.856924e-02
390616 2.856924e-02
390828 2.856922e-02
390855 2.856920e-02
390901 2.856919e-02
391647 2.856919e-02
391655 2.856918e-02
391723 2.856916e-02
392079 2.856915e-02
392194 2.856914e-02
392258 2.856914e-02
392262 2.856913e-02
392528 2.856911e-02
392878 2.856910e-02
393324 2.856907e-02
393935 2.856907e-02
394062 2.856907e-02
394087 2.856905e-02
394225 2.856904e-02
394551 2.856902e-02
394933 2.856902e-02
395035 2.856901e-02
395100 2.856901e-02
395103 2.856901e-02
395249 2.856900e-02
395503 2.856900e-02
395505 2.856899e-02
395547 2.856898e-02
396054 2.856898e-02
396248 2.856898e-02
396294 2.856898e-02
396344 2.856898e-02
396403 2.856898e-02
396423 2.856897e-02
396488 2.856897e-02
396636 2.856897e-02
397160 2.856897e-02
397264 2.856896e-02
397341 2.856896e-02
397651 2.856896e-02
397658 2.856895e-02
397986 2.856895e-02
398184 2.856894e-02
398447 2.856894e-02
398774 2.856894e-02
398967 2.856894e-02
399086 2.856893e-02
399643 2.856893e-02
399675 2.856893e-02
399808 2.856892e-02
399830 2.856892e-02
400148 2.856892e-02
400437 2.856892e-02
400828 2.856892e-02
400989 2.856891e-02
401027 2.856891e-02
401356 2.856890e-02
404420 2.856890e-02
409391 2.856890e-02
424605 2.856889e-02
