1 1.978790e+01
3 1.942402e+01
6 1.655207e+01
25 1.605062e+01
32 1.541606e+01
97 1.497164e+01
109 1.482325e+01
264 1.473518e+01
281 1.297326e+01
311 1.086049e+01
518 9.715364e+00
559 8.634728e+00
801 7.623908e+00
833 7.468556e+00
840 6.715958e+00
888 6.236215e+00
926 5.664892e+00
950 4.823478e+00
1064 4.427519e+00
1135 4.026539e+00
1202 3.382648e+00
1252 2.934893e+00
1328 2.917879e+00
1392 2.880875e+00
1400 2.579645e+00
1423 2.406678e+00
1445 2.399399e+00
1461 2.389928e+00
1471 2.163865e+00
1482 1.934921e+00
1602 1.861978e+00
1656 1.718735e+00
1659 1.613286e+00
1768 1.597134e+00
1794 1.388612e+00
1918 1.364910e+00
1924 9.701536e-01
2207 9.650025e-01
2216 9.602321e-01
2237 8.876410e-01
2238 8.502541e-01
2349 8.392839e-01
2365 8.231302e-01
2391 8.212189e-01
2393 7.595250e-01
2427 7.401563e-01
2435 7.335238e-01
2546 7.321852e-01
2573 7.236621e-01
2582 6.469577e-01
2597 6.461426e-01
2624 6.294258e-01
2639 6.192384e-01
2641 5.934195e-01
2672 5.424830e-01
2773 5.161022e-01
2837 5.153603e-01
2846 4.727042e-01
2874 4.627653e-01
2952 4.572301e-01
2960 4.499195e-01
2971 4.287888e-01
3048 4.115986e-01
3218 3.785812e-01
3292 3.706047e-01
3309 3.695646e-01
3338 3.567062e-01
3422 3.514706e-01
3474 3.504096e-01
3483 3.251957e-01
3584 3.188491e-01
3601 3.138154e-01
3657 3.023190e-01
3779 2.967051e-01
3782 2.904388e-01
3868 2.885810e-01
3900 2.883242e-01
3993 2.819893e-01
3999 2.786729e-01
4041 2.770010e-01
4062 2.724875e-01
4111 2.716569e-01
4201 2.705542e-01
4241 2.674947e-01
4277 2.673269e-01
4291 2.668749e-01
4317 2.658898e-01
4323 2.645004e-01
4386 2.628446e-01
4434 2.624419e-01
4479 2.616661e-01
4491 2.614767e-01
4494 2.606348e-01
4539 2.599602e-01
4542 2.596874e-01
4614 2.587632e-01
4641 2.573097e-01
4844 2.572184e-01
4936 2.570626e-01
4954 2.569958e-01
4956 2.568543e-01
4964 2.562448e-01
5147 2.558239e-01
5261 2.558106e-01
5273 2.554778e-01
5296 2.553647e-01
5372 2.553469e-01
5390 2.552586e-01
5394 2.551744e-01
5436 2.551445e-01
5485 2.550850e-01
5527 2.550642e-01
5556 2.548344e-01
5593 2.547706e-01
5604 2.546468e-01
5714 2.546204e-01
5731 2.545842e-01
5735 2.544948e-01
5777 2.543880e-01
5828 2.542833e-01
5879 2.542730e-01
5947 2.542708e-01
5950 2.542590e-01
5964 2.542344e-01
5965 2.541938e-01
5993 2.541778e-01
5994 2.541595e-01
5999 2.540922e-01
6015 2.540001e-01
6201 2.539772e-01
6239 2.539374e-01
6256 2.539317e-01
6281 2.539251e-01
6309 2.539141e-01
6363 2.539079e-01
6379 2.539004e-01
6381 2.538987e-01
6385 2.538789e-01
6431 2.538598e-01
6491 2.538364e-01
6555 2.538317e-01
6571 2.538298e-01
6591 2.538189e-01
6679 2.538131e-01
6693 2.538092e-01
6730 2.538030e-01
6734 2.537920e-01
6851 2.537912e-01
6869 2.537908e-01
6888 2.537902e-01
6904 2.537900e-01
6912 2.537781e-01
6947 2.537774e-01
7017 2.537750e-01
7101 2.537740e-01
7109 2.537707e-01
7159 2.537676e-01
7179 2.537671e-01
7200 2.537660e-01
7203 2.537656e-01
7213 2.537628e-01
7262 2.537605e-01
7357 2.537593e-01
7372 2.537592e-01
7378 2.537587e-01
7413 2.537584e-01
7426 2.537581e-01
7487 2.537578e-01
7499 2.537561e-01
7568 2.537561e-01
7570 2.537560e-01
7595 2.537556e-01
7718 2.537554e-01
7772 2.537554e-01
7791 2.537554e-01
7812 2.537554e-01
7846 2.537553e-01
7866 2.537553e-01
7869 2.537553e-01
7941 2.537553e-01
7952 2.537553e-01
7984 2.537553e-01
7995 2.537553e-01
8100 2.537553e-01
8105 2.537553e-01
8178 2.537553e-01
8192 2.537553e-01
8207 2.537552e-01
8231 2.537552e-01
8286 2.537552e-01
8310 2.537552e-01
8333 2.537552e-01
8492 2.537552e-01
8495 2.537552e-01
8520 2.537552e-01
8535 2.537552e-01
8604 2.537552e-01
8606 2.537552e-01
8611 2.537552e-01
8651 2.537552e-01
8681 2.537552e-01
8704 2.537552e-01
8709 2.537552e-01
8723 2.537552e-01
8728 2.537552e-01
8740 2.537552e-01
8777 2.537552e-01
8778 2.537552e-01
8784 2.537552e-01
8788 2.537552e-01
8804 2.537552e-01
8817 2.537552e-01
8834 2.537552e-01
8851 2.537552e-01
8889 2.537552e-01
8907 2.537552e-01
8932 2.537552e-01
8954 2.537552e-01
8972 2.537552e-01
9005 2.537552e-01
9070 2.537552e-01
80440 2.242216e-01
81105 2.157338e-01
81206 2.039436e-01
81232 1.891501e-01
81321 1.887117e-01
81444 1.597684e-01
81837 1.590618e-01
82014 1.469755e-01
82105 1.269905e-01
82304 1.207146e-01
82601 1.081187e-01
83344 1.033630e-01
83424 8.956443e-02
83696 8.732195e-02
83770 7.381918e-02
84009 7.289071e-02
84125 6.695999e-02
84333 6.340021e-02
84432 4.755700e-02
85141 3.993165e-02
85339 3.851627e-02
85711 3.814315e-02
85774 3.777811e-02
86193 2.449410e-02
86952 1.800239e-02
87562 1.626676e-02
87599 1.537632e-02
88483 1.474730e-02
88860 1.466083e-02
88902 1.465441e-02
89023 1.334899e-02
89025 1.250807e-02
89228 1.066027e-02
89541 1.037558e-02
89689 9.249141e-03
89917 8.876334e-03
90086 7.769999e-03
90578 7.212041e-03
90737 6.522619e-03
91434 4.609067e-03
92194 4.597533e-03
92229 4.445293e-03
92288 4.363536e-03
92554 4.342237e-03
92682 4.038027e-03
92707 4.033138e-03
92750 3.677849e-03
92982 3.639887e-03
93126 3.418420e-03
93165 3.166018e-03
93421 2.750895e-03
93899 2.737820e-03
94151 2.689428e-03
94156 2.024805e-03
94211 1.915590e-03
94564 1.818293e-03
94900 1.700509e-03
95067 1.683195e-03
95197 1.671618e-03
95338 1.441938e-03
95446 1.427586e-03
95581 1.418422e-03
95595 1.261358e-03
96106 1.236642e-03
96141 1.088050e-03
96165 1.025904e-03
96190 8.905130e-04
96331 7.487088e-04
97110 7.229499e-04
97187 5.388458e-04
97998 5.353845e-04
98177 5.273294e-04
98193 4.942349e-04
98266 4.729330e-04
98353 4.652706e-04
98498 3.495833e-04
99146 3.241494e-04
99280 3.142173e-04
99440 3.103135e-04
99486 2.905687e-04
99555 2.732197e-04
99615 2.507522e-04
99738 2.354716e-04
99851 2.301074e-04
