1 1.855991e+01
2 1.533390e+01
32 1.475940e+01
59 1.466376e+01
140 1.430630e+01
271 1.394029e+01
324 1.372900e+01
402 1.275217e+01
430 1.270401e+01
483 1.230536e+01
491 1.060176e+01
561 1.039375e+01
867 9.395910e+00
1263 8.511155e+00
1403 7.676868e+00
1438 7.592513e+00
1560 7.466790e+00
1610 6.930653e+00
1694 6.250332e+00
1758 6.152930e+00
1839 5.860849e+00
1841 5.752258e+00
1908 5.729092e+00
1919 5.546426e+00
1991 5.500238e+00
2033 5.443965e+00
2054 5.235709e+00
2096 5.229208e+00
2157 5.007389e+00
2197 4.931161e+00
2221 4.878146e+00
2239 4.765460e+00
2279 4.732658e+00
2379 4.723009e+00
2396 4.571592e+00
2465 4.426758e+00
2476 4.387517e+00
2489 4.193483e+00
2638 4.103885e+00
2763 4.092838e+00
2765 4.033072e+00
2771 4.011150e+00
2873 3.903061e+00
2998 3.866284e+00
3006 3.859119e+00
3018 3.823679e+00
3135 3.816833e+00
3170 3.798420e+00
3220 3.793450e+00
3300 3.740861e+00
3590 3.738668e+00
3608 3.737921e+00
3610 3.736348e+00
3630 3.725227e+00
3643 3.717530e+00
3670 3.715103e+00
3681 3.711681e+00
3711 3.685639e+00
3824 3.682655e+00
3861 3.680805e+00
3869 3.676096e+00
3887 3.666752e+00
3929 3.659477e+00
3968 3.654595e+00
4004 3.646141e+00
4063 3.645558e+00
4070 3.644035e+00
4127 3.639508e+00
4130 3.635749e+00
4134 3.630907e+00
4190 3.623281e+00
4207 3.620471e+00
4277 3.620295e+00
4296 3.613398e+00
4304 3.609432e+00
4338 3.609430e+00
4344 3.602541e+00
4350 3.595991e+00
4366 3.595285e+00
4392 3.582791e+00
4451 3.581738e+00
4465 3.580535e+00
4484 3.577674e+00
4506 3.567265e+00
4658 3.564611e+00
4672 3.560698e+00
4754 3.559563e+00
4772 3.559127e+00
4814 3.558833e+00
4815 3.555535e+00
4864 3.555320e+00
4889 3.554652e+00
4896 3.554373e+00
4905 3.553396e+00
4910 3.550759e+00
4928 3.549508e+00
4971 3.548357e+00
5040 3.546609e+00
5062 3.544569e+00
5147 3.541756e+00
5197 3.541111e+00
5242 3.540973e+00
5267 3.539827e+00
5326 3.537011e+00
5366 3.536913e+00
5376 3.536527e+00
5480 3.536241e+00
5486 3.536110e+00
5521 3.535911e+00
5582 3.535851e+00
5612 3.534843e+00
5730 3.534242e+00
5793 3.534202e+00
5803 3.534162e+00
5840 3.534050e+00
5850 3.533929e+00
5910 3.533875e+00
5918 3.533619e+00
5995 3.533603e+00
6019 3.533262e+00
6035 3.533140e+00
6070 3.533055e+00
6133 3.532797e+00
6210 3.532771e+00
6215 3.532734e+00
6251 3.532695e+00
6290 3.532680e+00
6291 3.532606e+00
6306 3.532583e+00
6316 3.532382e+00
6414 3.532309e+00
6520 3.532244e+00
6557 3.532202e+00
6615 3.532115e+00
6694 3.532110e+00
6695 3.532097e+00
6697 3.532055e+00
6724 3.532046e+00
6730 3.532039e+00
6754 3.532027e+00
6774 3.531962e+00
6914 3.531949e+00
6938 3.531949e+00
6941 3.531934e+00
6994 3.531916e+00
7028 3.531900e+00
7069 3.531898e+00
7082 3.531888e+00
7101 3.531882e+00
7107 3.531873e+00
7126 3.531865e+00
7156 3.531852e+00
7167 3.531851e+00
7188 3.531831e+00
7336 3.531827e+00
7411 3.531822e+00
7529 3.531821e+00
7536 3.531820e+00
7555 3.531819e+00
7567 3.531819e+00
7587 3.531819e+00
7606 3.531813e+00
7626 3.531809e+00
7633 3.531806e+00
7635 3.531805e+00
7646 3.531804e+00
7700 3.531800e+00
7701 3.531796e+00
7767 3.531794e+00
7813 3.531793e+00
7864 3.531792e+00
7868 3.531790e+00
7908 3.531790e+00
7928 3.531788e+00
7962 3.531785e+00
8091 3.531784e+00
8104 3.531782e+00
8129 3.531779e+00
8152 3.531779e+00
8258 3.531779e+00
8278 3.531779e+00
8280 3.531779e+00
8282 3.531778e+00
8304 3.531778e+00
8349 3.531778e+00
8377 3.531778e+00
8384 3.531778e+00
8411 3.531777e+00
8433 3.531777e+00
8444 3.531777e+00
8517 3.531777e+00
8576 3.531777e+00
8586 3.531777e+00
8601 3.531777e+00
8610 3.531777e+00
8618 3.531777e+00
8684 3.531777e+00
8766 3.531777e+00
8774 3.531777e+00
8783 3.531777e+00
8812 3.531777e+00
8841 3.531777e+00
8852 3.531777e+00
8871 3.531777e+00
8956 3.531777e+00
8961 3.531777e+00
8999 3.531777e+00
9009 3.531777e+00
9017 3.531777e+00
9042 3.531777e+00
9102 3.531777e+00
9134 3.531777e+00
9135 3.531777e+00
9136 3.531777e+00
9142 3.531777e+00
9149 3.531777e+00
9176 3.531777e+00
9206 3.531777e+00
9233 3.531777e+00
9258 3.531777e+00
9263 3.531777e+00
9265 3.531777e+00
9266 3.531777e+00
9270 3.531777e+00
9287 3.531777e+00
9303 3.531777e+00
9309 3.531777e+00
9313 3.531777e+00
9350 3.531777e+00
9373 3.531777e+00
9398 3.531777e+00
9472 3.531777e+00
9586 3.531777e+00
9610 3.531777e+00
9645 3.531777e+00
9719 3.531777e+00
9738 3.531777e+00
9743 3.531777e+00
9758 3.531777e+00
15000 3.330892e+00
32345 2.970436e+00
32466 2.854295e+00
32743 2.814134e+00
32753 2.680928e+00
32789 2.656618e+00
32805 2.595426e+00
32821 2.491511e+00
32907 2.489464e+00
32909 2.432338e+00
32955 2.421666e+00
32988 2.382716e+00
33000 2.348209e+00
33020 2.239006e+00
33143 2.237042e+00
33161 2.201784e+00
33171 2.127670e+00
33174 2.078747e+00
33210 2.063729e+00
33341 2.012864e+00
33357 1.881679e+00
33534 1.863812e+00
33550 1.841410e+00
33608 1.835381e+00
33625 1.771030e+00
33653 1.737157e+00
33694 1.732764e+00
33775 1.691689e+00
33877 1.643718e+00
33949 1.643282e+00
34044 1.592147e+00
34093 1.589829e+00
34154 1.588214e+00
34180 1.572964e+00
34191 1.556641e+00
34203 1.555828e+00
34267 1.548928e+00
34281 1.522416e+00
34307 1.502010e+00
34336 1.491239e+00
34340 1.472283e+00
34417 1.470319e+00
34429 1.454966e+00
34443 1.436919e+00
34536 1.430199e+00
34628 1.415324e+00
34718 1.402944e+00
34854 1.402801e+00
34873 1.398676e+00
34917 1.398672e+00
34935 1.398568e+00
34938 1.395181e+00
34972 1.382698e+00
35052 1.380036e+00
35245 1.377823e+00
35294 1.377100e+00
35306 1.374988e+00
35360 1.373520e+00
35366 1.371887e+00
35437 1.369564e+00
35491 1.368988e+00
35548 1.366638e+00
35636 1.365906e+00
35692 1.365084e+00
35793 1.364648e+00
35824 1.363269e+00
35880 1.362597e+00
36043 1.362508e+00
36057 1.362023e+00
36123 1.361605e+00
36181 1.361445e+00
36201 1.361393e+00
36251 1.360768e+00
36362 1.360311e+00
36386 1.360308e+00
36432 1.360096e+00
36453 1.359916e+00
36481 1.359777e+00
36490 1.359623e+00
36503 1.359466e+00
36547 1.359288e+00
36562 1.359139e+00
36625 1.358987e+00
36675 1.358959e+00
36695 1.358899e+00
36744 1.358884e+00
36746 1.358806e+00
36753 1.358772e+00
36783 1.358748e+00
36784 1.358651e+00
36876 1.358646e+00
36894 1.358631e+00
36918 1.358517e+00
36956 1.358495e+00
36959 1.358420e+00
36985 1.358388e+00
37043 1.358341e+00
37072 1.358224e+00
37242 1.358193e+00
37254 1.358186e+00
37300 1.358168e+00
37316 1.358156e+00
37318 1.358142e+00
37342 1.358126e+00
37350 1.358122e+00
37371 1.358111e+00
37421 1.358104e+00
37431 1.358080e+00
37442 1.358062e+00
37458 1.358047e+00
37517 1.358005e+00
37544 1.357992e+00
37549 1.357969e+00
37631 1.357962e+00
37668 1.357951e+00
37687 1.357944e+00
37705 1.357932e+00
37757 1.357926e+00
37804 1.357926e+00
37815 1.357921e+00
37820 1.357918e+00
37854 1.357914e+00
37858 1.357909e+00
37864 1.357908e+00
37872 1.357904e+00
37904 1.357902e+00
37926 1.357901e+00
37952 1.357887e+00
38066 1.357885e+00
38142 1.357882e+00
38152 1.357877e+00
38171 1.357875e+00
38181 1.357872e+00
38182 1.357870e+00
38221 1.357869e+00
38255 1.357858e+00
38345 1.357858e+00
38386 1.357858e+00
38416 1.357855e+00
38423 1.357851e+00
38457 1.357845e+00
38563 1.357844e+00
38566 1.357842e+00
38757 1.357842e+00
38765 1.357842e+00
38774 1.357841e+00
38802 1.357841e+00
38831 1.357840e+00
38842 1.357838e+00
38850 1.357837e+00
38906 1.357835e+00
38944 1.357835e+00
38981 1.357835e+00
38989 1.357835e+00
39020 1.357835e+00
39051 1.357834e+00
39166 1.357834e+00
39260 1.357833e+00
39277 1.357833e+00
39323 1.357833e+00
39388 1.357833e+00
39462 1.357833e+00
39495 1.357833e+00
39635 1.357833e+00
39655 1.357833e+00
39748 1.357833e+00
39817 1.357833e+00
39833 1.357833e+00
39954 1.357833e+00
39965 1.357833e+00
39975 1.357833e+00
39989 1.357833e+00
40128 1.357833e+00
40171 1.357833e+00
40212 1.357833e+00
40226 1.357833e+00
40276 1.357833e+00
40336 1.357833e+00
40360 1.357833e+00
40369 1.357833e+00
40378 1.357833e+00
40389 1.357833e+00
40392 1.357833e+00
45489 1.314940e+00
45588 1.194178e+00
45709 1.142695e+00
46020 1.038720e+00
46092 8.584989e-01
46372 8.183499e-01
46487 6.963861e-01
46543 6.629112e-01
46777 6.011908e-01
46909 5.207060e-01
47284 4.452980e-01
47494 3.892655e-01
47846 3.683558e-01
48076 2.746884e-01
48423 2.634770e-01
48501 2.539202e-01
48579 2.411504e-01
48686 2.270027e-01
48700 2.261394e-01
48703 2.145030e-01
48811 2.115937e-01
48844 2.046443e-01
48883 2.031088e-01
48928 1.726061e-01
49298 1.293119e-01
49504 1.192598e-01
49828 1.112375e-01
49967 9.581241e-02
50055 8.214954e-02
50253 7.772693e-02
50687 7.633593e-02
50870 6.789889e-02
51023 6.627247e-02
51029 5.894852e-02
51032 5.547228e-02
51115 5.528053e-02
51131 5.452700e-02
51146 4.654615e-02
51525 4.255334e-02
51545 4.133180e-02
51651 4.105533e-02
51708 3.777541e-02
51739 3.775179e-02
51756 3.709454e-02
51773 3.665312e-02
51780 3.548700e-02
51827 3.106293e-02
52104 2.923198e-02
52258 2.883774e-02
52287 2.218177e-02
52683 1.868658e-02
52706 1.860659e-02
52731 1.847966e-02
52794 1.842977e-02
52937 1.730386e-02
52981 1.573276e-02
53076 1.550719e-02
53256 1.520932e-02
53315 1.279953e-02
53320 8.547736e-03
53725 8.118549e-03
53872 6.991393e-03
54143 6.372728e-03
54246 6.337304e-03
54454 5.877757e-03
54512 5.834690e-03
54550 4.329385e-03
55084 4.092023e-03
55114 3.479330e-03
55207 3.212850e-03
55325 2.424973e-03
55727 2.077245e-03
55924 1.855730e-03
56221 1.658307e-03
56598 1.627984e-03
56622 1.530128e-03
56656 1.439081e-03
56836 1.333657e-03
56859 9.998321e-04
57248 9.317757e-04
57468 7.148897e-04
57633 7.092650e-04
57816 6.933593e-04
57950 6.933501e-04
57958 6.879819e-04
57982 6.701489e-04
58054 6.038562e-04
58155 5.604429e-04
58236 5.525442e-04
58242 5.084569e-04
58252 4.936791e-04
58350 4.650189e-04
58497 3.406456e-04
58768 2.116671e-04
59401 1.987886e-04
59710 1.907224e-04
60004 1.897562e-04
60086 1.684409e-04
60095 1.673422e-04
60131 1.522749e-04
60153 1.420950e-04
60442 1.251055e-04
60691 1.178095e-04
60719 1.103632e-04
60835 9.967344e-05
60997 9.682541e-05
61019 8.064685e-05
61178 7.830826e-05
61363 6.015377e-05
61558 5.194844e-05
61559 4.821703e-05
61981 4.443300e-05
62118 3.275747e-05
62173 3.010089e-05
62716 2.671451e-05
62854 2.216893e-05
63192 2.152157e-05
63421 2.081747e-05
63474 1.608484e-05
63535 1.056408e-05
63538 9.912971e-06
63893 8.073864e-06
63941 7.964159e-06
64396 7.744500e-06
64602 7.370206e-06
64631 6.329466e-06
64650 5.192370e-06
64694 4.049374e-06
64786 2.924415e-06
64951 2.704453e-06
64970 1.667767e-06
65317 1.012564e-06
65347 8.482040e-07
65441 8.221644e-07
65580 7.196813e-07
65690 6.379303e-07
65724 5.171031e-07
65813 3.831318e-07
66006 3.660810e-07
66056 3.446860e-07
66124 2.718361e-07
66159 2.299629e-07
66255 1.703310e-07
66318 1.652368e-07
66392 1.095468e-07
66447 1.041466e-07
66472 9.281332e-08
66618 5.356717e-08
66744 2.948125e-08
67067 1.925007e-08
67145 1.643990e-08
67480 1.073761e-08
67585 8.021715e-09
