1 2.089191e+01
2 1.980916e+01
4 1.758674e+01
15 1.609578e+01
37 1.569744e+01
129 1.446964e+01
229 1.249331e+01
738 1.216643e+01
821 1.030957e+01
1233 9.279377e+00
1243 9.108824e+00
1262 7.313374e+00
1522 7.123414e+00
1542 7.069635e+00
1677 6.950633e+00
1740 6.746550e+00
1749 6.205474e+00
1767 6.145709e+00
1769 6.027085e+00
1782 5.682244e+00
1825 5.489326e+00
1894 5.426314e+00
1928 5.301266e+00
1959 5.190550e+00
2021 5.074577e+00
2037 4.715269e+00
2097 4.177071e+00
2180 3.965813e+00
2251 3.872822e+00
2414 3.706109e+00
2430 3.590621e+00
2567 3.361146e+00
2697 3.298373e+00
2714 3.282234e+00
2716 3.232846e+00
2965 3.211822e+00
3060 3.089699e+00
3212 3.076567e+00
3255 3.022909e+00
3418 3.001558e+00
3463 2.995753e+00
3482 2.972755e+00
3543 2.953996e+00
3558 2.927826e+00
3581 2.902466e+00
3692 2.884836e+00
3799 2.880377e+00
3854 2.879850e+00
3890 2.867712e+00
3893 2.866111e+00
3928 2.862963e+00
3939 2.857247e+00
3946 2.856606e+00
3947 2.846438e+00
3962 2.846110e+00
3981 2.845401e+00
4014 2.844092e+00
4026 2.838711e+00
4074 2.817911e+00
4120 2.812637e+00
4146 2.809174e+00
4229 2.807788e+00
4294 2.796111e+00
4336 2.795617e+00
4361 2.794861e+00
4418 2.782508e+00
4493 2.781859e+00
4517 2.778675e+00
4649 2.778198e+00
4661 2.776595e+00
4755 2.774150e+00
4796 2.770405e+00
4916 2.768742e+00
4944 2.767999e+00
5055 2.767411e+00
5110 2.764540e+00
5286 2.763380e+00
5301 2.761876e+00
5446 2.761476e+00
5476 2.760969e+00
5496 2.760493e+00
5634 2.760298e+00
5639 2.759728e+00
5726 2.759449e+00
5779 2.759272e+00
5856 2.759033e+00
5862 2.758797e+00
6035 2.758664e+00
6049 2.758384e+00
6125 2.758357e+00
6155 2.758122e+00
6201 2.758119e+00
6209 2.758030e+00
6219 2.757899e+00
6295 2.757372e+00
6482 2.757313e+00
6545 2.757240e+00
6565 2.757206e+00
6566 2.757187e+00
6568 2.757182e+00
6578 2.757090e+00
6694 2.757014e+00
6734 2.756907e+00
6939 2.756880e+00
6947 2.756790e+00
7143 2.756782e+00
7153 2.756775e+00
7161 2.756769e+00
7169 2.756765e+00
7187 2.756761e+00
7218 2.756703e+00
7377 2.756694e+00
7381 2.756690e+00
7446 2.756689e+00
7459 2.756679e+00
7499 2.756677e+00
7536 2.756668e+00
7566 2.756652e+00
7613 2.756644e+00
7690 2.756629e+00
7711 2.756620e+00
7786 2.756614e+00
7789 2.756613e+00
7818 2.756607e+00
7854 2.756599e+00
7983 2.756598e+00
7999 2.756595e+00
8036 2.756594e+00
8051 2.756593e+00
8067 2.756592e+00
8126 2.756590e+00
8130 2.756588e+00
8154 2.756587e+00
8188 2.756584e+00
8295 2.756584e+00
8308 2.756584e+00
8321 2.756583e+00
8328 2.756582e+00
8417 2.756581e+00
8495 2.756581e+00
8511 2.756581e+00
8524 2.756581e+00
8539 2.756580e+00
8541 2.756580e+00
8551 2.756580e+00
8595 2.756580e+00
8663 2.756580e+00
8666 2.756580e+00
8708 2.756580e+00
8736 2.756580e+00
8740 2.756580e+00
8827 2.756580e+00
8858 2.756580e+00
8869 2.756580e+00
8904 2.756580e+00
8908 2.756580e+00
8910 2.756580e+00
8983 2.756580e+00
8992 2.756580e+00
9079 2.756580e+00
9088 2.756580e+00
9094 2.756580e+00
9117 2.756580e+00
9301 2.756580e+00
9347 2.756580e+00
9352 2.756580e+00
9369 2.756580e+00
9476 2.756580e+00
9510 2.756580e+00
9544 2.756580e+00
9558 2.756580e+00
9560 2.756580e+00
9570 2.756580e+00
9576 2.756580e+00
9602 2.756580e+00
9610 2.756580e+00
9674 2.756580e+00
9691 2.756580e+00
9711 2.756580e+00
9758 2.756580e+00
9814 2.756580e+00
9873 2.756580e+00
14931 2.703901e+00
14971 2.701780e+00
32337 2.672849e+00
32366 2.620958e+00
32383 2.581774e+00
32391 2.524941e+00
32404 2.212318e+00
32521 2.199342e+00
32527 2.195678e+00
32531 2.180908e+00
32560 2.103569e+00
32571 2.091953e+00
32632 2.048887e+00
32657 1.985652e+00
32704 1.984581e+00
32707 1.963117e+00
32717 1.866586e+00
32777 1.848742e+00
32780 1.739767e+00
32870 1.706385e+00
32883 1.685593e+00
32892 1.647948e+00
33035 1.646495e+00
33041 1.639621e+00
33055 1.628932e+00
33062 1.618797e+00
33071 1.605099e+00
33117 1.548951e+00
33119 1.538043e+00
33167 1.528068e+00
33188 1.521108e+00
33199 1.517077e+00
33216 1.503041e+00
33234 1.484421e+00
33266 1.483796e+00
33369 1.483726e+00
33408 1.470350e+00
33458 1.428699e+00
33548 1.424205e+00
33564 1.403472e+00
33682 1.388876e+00
33809 1.384337e+00
33830 1.373322e+00
33834 1.370503e+00
33925 1.369936e+00
33927 1.368362e+00
33938 1.358890e+00
33974 1.351561e+00
34002 1.350079e+00
34014 1.349768e+00
34036 1.349067e+00
34037 1.345600e+00
34081 1.342945e+00
34153 1.339284e+00
34199 1.339178e+00
34201 1.337513e+00
34213 1.337149e+00
34219 1.331948e+00
34384 1.331150e+00
34430 1.329557e+00
34451 1.326658e+00
34585 1.323321e+00
34691 1.323063e+00
34711 1.323008e+00
34734 1.321708e+00
34762 1.321600e+00
34769 1.320157e+00
34813 1.319156e+00
34832 1.318919e+00
34834 1.318650e+00
34879 1.315397e+00
34970 1.313768e+00
35098 1.313427e+00
35144 1.313091e+00
35213 1.311433e+00
35308 1.311169e+00
35382 1.311026e+00
35388 1.310665e+00
35407 1.310634e+00
35412 1.310169e+00
35436 1.309890e+00
35448 1.309522e+00
35613 1.309439e+00
35629 1.309113e+00
35676 1.308949e+00
35749 1.308753e+00
35755 1.308518e+00
35763 1.308293e+00
35810 1.308042e+00
35914 1.307761e+00
35952 1.307758e+00
36036 1.307758e+00
36039 1.307664e+00
36086 1.307663e+00
36088 1.307608e+00
36090 1.307558e+00
36100 1.307481e+00
36138 1.307470e+00
36149 1.307436e+00
36154 1.307427e+00
36188 1.307337e+00
36199 1.307262e+00
36281 1.307260e+00
36285 1.307108e+00
36413 1.307063e+00
36508 1.307032e+00
36588 1.307019e+00
36617 1.307008e+00
36673 1.306966e+00
36733 1.306953e+00
36770 1.306949e+00
36785 1.306939e+00
36818 1.306927e+00
36842 1.306920e+00
36879 1.306912e+00
36895 1.306903e+00
36908 1.306901e+00
36924 1.306892e+00
36937 1.306858e+00
37220 1.306857e+00
37242 1.306856e+00
37291 1.306854e+00
37307 1.306853e+00
37311 1.306848e+00
37389 1.306843e+00
37394 1.306843e+00
37409 1.306842e+00
37418 1.306838e+00
37448 1.306838e+00
37491 1.306837e+00
37512 1.306837e+00
37521 1.306835e+00
37551 1.306833e+00
37578 1.306833e+00
37586 1.306832e+00
37590 1.306832e+00
37596 1.306831e+00
37605 1.306829e+00
37624 1.306829e+00
37635 1.306823e+00
37647 1.306822e+00
37681 1.306820e+00
37765 1.306820e+00
37769 1.306819e+00
37784 1.306819e+00
37814 1.306819e+00
37824 1.306818e+00
37846 1.306818e+00
37851 1.306817e+00
37860 1.306817e+00
37989 1.306816e+00
38036 1.306816e+00
38068 1.306816e+00
38116 1.306816e+00
38145 1.306816e+00
38164 1.306816e+00
38178 1.306816e+00
38192 1.306816e+00
38265 1.306816e+00
38311 1.306816e+00
38318 1.306816e+00
38380 1.306816e+00
38393 1.306816e+00
38485 1.306816e+00
38501 1.306816e+00
38531 1.306816e+00
38578 1.306816e+00
38585 1.306816e+00
38653 1.306816e+00
38684 1.306816e+00
38698 1.306816e+00
38726 1.306816e+00
38730 1.306816e+00
38817 1.306816e+00
38835 1.306816e+00
38848 1.306816e+00
38851 1.306816e+00
38856 1.306816e+00
38858 1.306816e+00
38900 1.306816e+00
38973 1.306816e+00
38982 1.306816e+00
39018 1.306816e+00
39025 1.306816e+00
39028 1.306816e+00
39053 1.306816e+00
39107 1.306816e+00
39137 1.306816e+00
39207 1.306816e+00
39220 1.306816e+00
39320 1.306816e+00
39321 1.306816e+00
39342 1.306816e+00
44386 1.265373e+00
44412 1.254230e+00
44507 1.085428e+00
44752 9.654870e-01
44847 7.574561e-01
45001 7.463828e-01
45187 7.140747e-01
45406 6.181168e-01
45573 6.039721e-01
45661 5.883709e-01
45663 5.516010e-01
45727 4.705553e-01
45998 4.172790e-01
46101 3.755404e-01
46111 3.525514e-01
46299 3.049706e-01
46591 2.576467e-01
46603 2.422212e-01
46786 2.368789e-01
46791 2.349311e-01
47008 2.087831e-01
47042 2.017007e-01
47130 1.999639e-01
47441 1.805538e-01
47524 1.757737e-01
47528 1.688135e-01
47538 1.549619e-01
47568 1.328609e-01
47711 1.246276e-01
48047 1.229736e-01
48091 1.222691e-01
48110 1.039856e-01
48271 1.006946e-01
48430 8.830641e-02
48659 8.820219e-02
48685 8.765153e-02
48752 7.435955e-02
48923 7.350236e-02
49042 6.330351e-02
49321 5.499512e-02
49480 5.468613e-02
49496 4.655401e-02
49566 3.697306e-02
49949 2.941548e-02
50400 2.600577e-02
50628 2.584209e-02
50798 2.243952e-02
50983 2.189751e-02
51207 2.057780e-02
51410 1.744413e-02
51457 1.596161e-02
51595 1.538872e-02
51703 1.495094e-02
51766 1.479068e-02
51806 1.429728e-02
51828 1.396280e-02
51885 1.302306e-02
51914 1.165425e-02
52115 1.036966e-02
52365 1.007686e-02
52380 7.939322e-03
52513 7.254692e-03
53081 6.748707e-03
53120 6.593289e-03
53163 5.816220e-03
53274 4.877192e-03
53389 4.044224e-03
54015 3.245350e-03
54116 3.191023e-03
54219 2.735131e-03
54247 2.412779e-03
54533 1.931348e-03
55021 1.913934e-03
55032 1.595129e-03
55328 1.464800e-03
55413 1.413604e-03
55533 1.252068e-03
55847 1.191829e-03
55851 1.158427e-03
55901 1.156612e-03
55912 1.109485e-03
55995 1.000401e-03
56167 8.561486e-04
56408 7.226253e-04
56608 7.047947e-04
56617 6.157293e-04
56689 6.112277e-04
56951 5.767556e-04
57048 5.340427e-04
57116 5.045302e-04
57190 4.266910e-04
57285 4.215583e-04
57446 4.055994e-04
57512 3.900024e-04
57534 3.885416e-04
57627 3.800784e-04
57652 3.785963e-04
57664 3.739372e-04
57716 3.626840e-04
57812 3.292275e-04
58002 2.852307e-04
58194 2.454807e-04
58298 2.346662e-04
58472 2.257594e-04
58645 2.083983e-04
58751 1.899521e-04
58753 1.891898e-04
58795 1.336818e-04
59256 1.303361e-04
59344 1.218934e-04
59513 9.769193e-05
59724 7.154540e-05
60041 6.967624e-05
60081 6.666286e-05
60110 6.454734e-05
60152 6.267543e-05
60319 5.240726e-05
60347 4.980673e-05
60543 4.399429e-05
60551 3.851631e-05
60891 3.394329e-05
60924 2.885114e-05
61111 1.627937e-05
61627 1.313900e-05
61975 1.120320e-05
62187 8.761108e-06
62475 5.846259e-06
62848 4.330918e-06
62994 2.977411e-06
63114 2.283643e-06
63238 2.017470e-06
63336 4.882666e-07
64143 4.007765e-07
64292 3.622709e-07
64361 3.550013e-07
64402 3.235826e-07
64426 2.947507e-07
64492 2.252702e-07
64528 8.112929e-08
64797 7.658443e-08
64861 7.098479e-08
64958 6.746074e-08
64985 3.877474e-08
65114 3.054475e-08
65202 2.724887e-08
65265 2.724034e-08
65317 2.162727e-08
65514 1.524591e-08
65597 1.338043e-08
65735 1.330889e-08
65780 1.224565e-08
65827 1.116197e-08
65836 8.358796e-09
