1 3.233225e+03
2 1.296415e+03
5 1.243238e+03
12 1.021935e+03
29 8.159722e+02
36 4.720515e+02
89 4.197070e+02
434 4.118489e+02
466 3.930229e+02
488 3.750551e+02
589 3.730683e+02
609 3.726410e+02
659 3.665076e+02
704 3.348945e+02
818 3.348908e+02
936 3.312792e+02
1015 3.256611e+02
1108 3.157816e+02
1117 3.144968e+02
1121 3.127816e+02
1237 3.036291e+02
1358 3.018789e+02
1434 3.015121e+02
1436 3.005049e+02
1473 2.986992e+02
1475 2.913310e+02
1578 2.908153e+02
1592 2.818017e+02
1900 2.692072e+02
2163 2.676392e+02
2456 2.674446e+02
2798 2.672718e+02
2822 2.624788e+02
2871 2.604564e+02
2976 2.581915e+02
3101 2.557948e+02
3118 2.549454e+02
3394 2.543367e+02
3427 2.524213e+02
3433 2.497498e+02
3530 2.465249e+02
3724 2.435197e+02
3765 2.429463e+02
3801 2.428208e+02
3982 2.427376e+02
3995 2.417395e+02
4030 2.409690e+02
4058 2.382781e+02
4318 2.382089e+02
4355 2.356708e+02
4717 2.342266e+02
4819 2.338475e+02
5005 2.334316e+02
5031 2.330577e+02
5118 2.315471e+02
6156 2.314504e+02
6209 2.305235e+02
6429 2.304227e+02
6436 2.302887e+02
6629 2.300941e+02
6661 2.294752e+02
6763 2.289375e+02
6948 2.289072e+02
7067 2.288536e+02
7076 2.286467e+02
7120 2.286173e+02
7193 2.282858e+02
7217 2.273558e+02
7358 2.268323e+02
7599 2.267553e+02
7747 2.267269e+02
7750 2.266373e+02
7799 2.262185e+02
8119 2.260504e+02
8161 2.259129e+02
8202 2.257521e+02
8280 2.256919e+02
8362 2.255893e+02
8375 2.254836e+02
8384 2.254694e+02
8442 2.251637e+02
8625 2.249547e+02
8630 2.247964e+02
8711 2.247274e+02
8722 2.246585e+02
8728 2.244365e+02
9111 2.243656e+02
9216 2.240993e+02
9237 2.238952e+02
9276 2.238580e+02
9306 2.238563e+02
9323 2.238078e+02
9395 2.237943e+02
9412 2.237701e+02
9420 2.236856e+02
9438 2.236265e+02
9459 2.236141e+02
9577 2.235883e+02
9643 2.234124e+02
9732 2.234085e+02
9753 2.232284e+02
9776 2.230979e+02
9980 2.227557e+02
9985 2.226902e+02
10185 2.225723e+02
10354 2.225611e+02
10369 2.225354e+02
10418 2.224882e+02
10488 2.224774e+02
10493 2.224183e+02
10520 2.223492e+02
10586 2.223275e+02
10647 2.223245e+02
10726 2.222499e+02
10786 2.222282e+02
10788 2.221781e+02
10835 2.221657e+02
10873 2.221236e+02
10893 2.221102e+02
10939 2.220897e+02
10992 2.220133e+02
11007 2.220100e+02
11013 2.217906e+02
11412 2.217817e+02
11704 2.217242e+02
11735 2.217033e+02
11795 2.216684e+02
11838 2.215879e+02
11954 2.215850e+02
11957 2.215453e+02
12062 2.215350e+02
12258 2.214304e+02
12305 2.214081e+02
12390 2.213965e+02
12528 2.213922e+02
12598 2.213843e+02
12601 2.213332e+02
12639 2.213307e+02
12661 2.213247e+02
12721 2.213135e+02
12926 2.212886e+02
12950 2.212715e+02
13065 2.212654e+02
13176 2.212633e+02
13211 2.212197e+02
13257 2.212177e+02
13273 2.212123e+02
13367 2.212018e+02
13439 2.212015e+02
13440 2.211768e+02
13672 2.211745e+02
13676 2.211617e+02
13678 2.211614e+02
13718 2.211561e+02
13732 2.211529e+02
13748 2.211425e+02
13760 2.211196e+02
13842 2.211141e+02
14076 2.211124e+02
14145 2.211031e+02
14393 2.210971e+02
14420 2.210806e+02
14666 2.210712e+02
14848 2.210604e+02
14903 2.210551e+02
14931 2.210525e+02
15018 2.210500e+02
15048 2.210350e+02
15123 2.210330e+02
15232 2.210308e+02
15247 2.210278e+02
15262 2.210260e+02
15338 2.210149e+02
15411 2.210069e+02
15480 2.210042e+02
15797 2.210000e+02
15811 2.209939e+02
15841 2.209912e+02
15901 2.209904e+02
16001 2.209826e+02
16257 2.209766e+02
16464 2.209753e+02
16600 2.209747e+02
16642 2.209738e+02
16646 2.209725e+02
16739 2.209722e+02
16768 2.209720e+02
16778 2.209671e+02
16881 2.209639e+02
16912 2.209636e+02
16928 2.209619e+02
16955 2.209609e+02
17015 2.209593e+02
17052 2.209582e+02
17135 2.209569e+02
17253 2.209563e+02
17258 2.209536e+02
17321 2.209512e+02
17364 2.209510e+02
17470 2.209497e+02
17564 2.209480e+02
17827 2.209469e+02
17875 2.209468e+02
17917 2.209467e+02
17996 2.209466e+02
17998 2.209448e+02
18162 2.209434e+02
18324 2.209432e+02
18391 2.209432e+02
18410 2.209429e+02
18413 2.209425e+02
18489 2.209423e+02
18495 2.209417e+02
18535 2.209408e+02
18755 2.209387e+02
19096 2.209385e+02
19115 2.209381e+02
19150 2.209378e+02
19304 2.209373e+02
19332 2.209371e+02
19380 2.209368e+02
19448 2.209363e+02
19517 2.209363e+02
19528 2.209359e+02
19575 2.209354e+02
19653 2.209349e+02
19711 2.209344e+02
19766 2.209343e+02
19856 2.209341e+02
19861 2.209341e+02
20069 2.209339e+02
20119 2.209337e+02
20294 2.209334e+02
20368 2.209332e+02
20379 2.209328e+02
20473 2.209328e+02
20490 2.209326e+02
20521 2.209321e+02
20618 2.209321e+02
20625 2.209319e+02
20633 2.209317e+02
20686 2.209313e+02
20809 2.209312e+02
20840 2.209310e+02
20861 2.209305e+02
20897 2.209305e+02
21157 2.209304e+02
21224 2.209302e+02
21324 2.209299e+02
21354 2.209299e+02
21412 2.209298e+02
21492 2.209295e+02
21696 2.209293e+02
21728 2.209292e+02
21848 2.209290e+02
22083 2.209288e+02
22243 2.209287e+02
22332 2.209287e+02
22388 2.209284e+02
22709 2.209284e+02
22739 2.209284e+02
22754 2.209283e+02
22986 2.209281e+02
23170 2.209281e+02
23393 2.209281e+02
23458 2.209281e+02
23604 2.209280e+02
23653 2.209280e+02
23685 2.209280e+02
23747 2.209279e+02
23762 2.209279e+02
23856 2.209279e+02
24018 2.209279e+02
24074 2.209279e+02
24097 2.209278e+02
24206 2.209278e+02
24286 2.209278e+02
24309 2.209278e+02
24333 2.209277e+02
24417 2.209277e+02
24446 2.209277e+02
24461 2.209277e+02
24523 2.209277e+02
24552 2.209276e+02
24687 2.209276e+02
24812 2.209276e+02
24838 2.209276e+02
24865 2.209276e+02
24980 2.209276e+02
25026 2.209276e+02
25086 2.209276e+02
25161 2.209276e+02
25203 2.209276e+02
25246 2.209276e+02
25301 2.209275e+02
25582 2.209275e+02
25823 2.209275e+02
25880 2.209275e+02
25989 2.209275e+02
26112 2.209275e+02
26206 2.209275e+02
26208 2.209275e+02
26222 2.209275e+02
26256 2.209275e+02
26347 2.209275e+02
26429 2.209275e+02
26600 2.209275e+02
26663 2.209274e+02
26776 2.209274e+02
26805 2.209274e+02
26839 2.209274e+02
26880 2.209274e+02
26887 2.209274e+02
27086 2.209274e+02
27133 2.209274e+02
27253 2.209274e+02
27273 2.209274e+02
27348 2.209274e+02
27395 2.209274e+02
27401 2.209274e+02
27459 2.209274e+02
27703 2.209274e+02
27807 2.209274e+02
27826 2.209274e+02
27880 2.209274e+02
27941 2.209274e+02
27956 2.209274e+02
27971 2.209274e+02
28008 2.209274e+02
28076 2.209274e+02
28078 2.209274e+02
28110 2.209274e+02
28222 2.209274e+02
28264 2.209274e+02
28275 2.209274e+02
28277 2.209274e+02
28413 2.209274e+02
28495 2.209274e+02
28516 2.209274e+02
28540 2.209274e+02
28560 2.209274e+02
28591 2.209274e+02
28618 2.209274e+02
28769 2.209274e+02
28853 2.209274e+02
28888 2.209274e+02
28947 2.209274e+02
28962 2.209274e+02
29054 2.209274e+02
29102 2.209274e+02
29214 2.209274e+02
29233 2.209274e+02
29313 2.209274e+02
29364 2.209274e+02
29371 2.209274e+02
29376 2.209274e+02
29468 2.209274e+02
29561 2.209274e+02
29618 2.209274e+02
29623 2.209274e+02
29658 2.209274e+02
29663 2.209274e+02
29705 2.209274e+02
29779 2.209274e+02
29918 2.209274e+02
30223 2.209274e+02
30260 2.209274e+02
30298 2.209274e+02
30310 2.209274e+02
30360 2.209274e+02
30385 2.209274e+02
30523 2.209274e+02
30616 2.209274e+02
30638 2.209274e+02
30675 2.209274e+02
30687 2.209274e+02
30723 2.209274e+02
30775 2.209274e+02
30788 2.209274e+02
30826 2.209274e+02
30969 2.209274e+02
31149 2.209274e+02
31258 2.209274e+02
31289 2.209274e+02
31332 2.209274e+02
31356 2.209274e+02
31393 2.209274e+02
31400 2.209274e+02
31414 2.209274e+02
31465 2.209274e+02
31561 2.209274e+02
31604 2.209274e+02
31607 2.209274e+02
31609 2.209274e+02
31661 2.209274e+02
31691 2.209274e+02
31702 2.209274e+02
31728 2.209274e+02
31767 2.209274e+02
31776 2.209274e+02
31793 2.209274e+02
31796 2.209274e+02
32063 2.209274e+02
32129 2.209274e+02
32156 2.209274e+02
32430 2.209274e+02
32444 2.209274e+02
32555 2.209274e+02
32563 2.209274e+02
32573 2.209274e+02
32675 2.209274e+02
32757 2.209274e+02
32940 2.209274e+02
32971 2.209274e+02
32983 2.209274e+02
33024 2.209274e+02
33058 2.209274e+02
33093 2.209274e+02
33333 2.209274e+02
33417 2.209274e+02
33436 2.209274e+02
33445 2.209274e+02
33469 2.209274e+02
33487 2.209274e+02
33551 2.209274e+02
33662 2.209274e+02
33702 2.209274e+02
33897 2.209274e+02
33921 2.209274e+02
33982 2.209274e+02
33986 2.209274e+02
34112 2.209274e+02
34126 2.209274e+02
34132 2.209274e+02
34148 2.209274e+02
34184 2.209274e+02
34219 2.209274e+02
34355 2.209274e+02
34382 2.209274e+02
34422 2.209274e+02
34453 2.209274e+02
34542 2.209274e+02
34556 2.209274e+02
34650 2.209274e+02
34665 2.209274e+02
34719 2.209274e+02
34765 2.209274e+02
34786 2.209274e+02
34821 2.209274e+02
34875 2.209274e+02
34934 2.209274e+02
34953 2.209274e+02
35081 2.209274e+02
35101 2.209274e+02
35104 2.209274e+02
35141 2.209274e+02
35183 2.209274e+02
35211 2.209274e+02
35240 2.209274e+02
35241 2.209274e+02
35292 2.209274e+02
35319 2.209274e+02
35331 2.209274e+02
35344 2.209274e+02
35358 2.209274e+02
35383 2.209274e+02
35384 2.209274e+02
35393 2.209274e+02
35422 2.209274e+02
35428 2.209274e+02
35429 2.209274e+02
35446 2.209274e+02
35460 2.209273e+02
35494 2.209273e+02
35501 2.209273e+02
35511 2.209273e+02
35553 2.209273e+02
35949 2.209273e+02
35977 2.209273e+02
36028 2.209273e+02
36049 2.209273e+02
36071 2.209273e+02
36092 2.209273e+02
36100 2.209273e+02
36112 2.209273e+02
36140 2.209273e+02
36199 2.209273e+02
36218 2.209273e+02
36266 2.209273e+02
36326 2.209273e+02
36327 2.209273e+02
36357 2.209273e+02
36409 2.209273e+02
36428 2.209273e+02
36442 2.209273e+02
36513 2.209273e+02
36528 2.209273e+02
36676 2.209273e+02
36699 2.209273e+02
36708 2.209273e+02
36711 2.209273e+02
36718 2.209273e+02
36986 2.209273e+02
37025 2.209273e+02
37070 2.209273e+02
37094 2.209273e+02
37098 2.209273e+02
37118 2.209273e+02
37154 2.209273e+02
37161 2.209273e+02
37373 2.209273e+02
37444 2.209273e+02
37458 2.209273e+02
37463 2.209273e+02
37482 2.209273e+02
37485 2.209273e+02
37494 2.209273e+02
37641 2.209273e+02
37654 2.209273e+02
37665 2.209273e+02
37723 2.209273e+02
37730 2.209273e+02
37783 2.209273e+02
37813 2.209273e+02
37871 2.209273e+02
37889 2.209273e+02
37946 2.209273e+02
38058 2.209273e+02
38069 2.209273e+02
38084 2.209273e+02
38085 2.209273e+02
38097 2.209273e+02
38107 2.209273e+02
38158 2.209273e+02
38244 2.209273e+02
38267 2.209273e+02
38501 2.209273e+02
38525 2.209273e+02
38585 2.209273e+02
38627 2.209273e+02
38665 2.209273e+02
38668 2.209273e+02
38673 2.209273e+02
38679 2.209273e+02
38680 2.209273e+02
38702 2.209273e+02
38830 2.209273e+02
38845 2.209273e+02
38864 2.209273e+02
38973 2.209273e+02
39009 2.209273e+02
39017 2.209273e+02
39018 2.209273e+02
39074 2.209273e+02
39102 2.209273e+02
39132 2.209273e+02
39160 2.209273e+02
39182 2.209273e+02
39376 2.209273e+02
39384 2.209273e+02
39450 2.209273e+02
39462 2.209273e+02
39517 2.209273e+02
39620 2.209273e+02
39631 2.209273e+02
39813 2.209273e+02
39913 2.209273e+02
39941 2.209273e+02
39945 2.209273e+02
39957 2.209273e+02
39975 2.209273e+02
39982 2.209273e+02
39996 2.209273e+02
40082 2.209273e+02
40086 2.209273e+02
94263 2.208469e+02
94331 2.204979e+02
94448 2.197284e+02
94549 2.188002e+02
94632 2.185288e+02
94757 2.184890e+02
94779 2.181950e+02
94947 2.180144e+02
95105 2.174189e+02
95117 2.171586e+02
95269 2.167839e+02
95574 2.163806e+02
95694 2.162036e+02
95697 2.158093e+02
95890 2.156056e+02
95917 2.156011e+02
95978 2.153020e+02
96112 2.152568e+02
96131 2.152225e+02
96168 2.150197e+02
96194 2.148877e+02
96236 2.147941e+02
96245 2.146371e+02
96267 2.143494e+02
96429 2.142930e+02
96496 2.139929e+02
96524 2.137454e+02
96581 2.137396e+02
96640 2.135526e+02
96652 2.135179e+02
96773 2.134753e+02
96817 2.129426e+02
97168 2.123631e+02
97195 2.122813e+02
97461 2.122714e+02
97526 2.122182e+02
97531 2.120304e+02
97589 2.119542e+02
97664 2.117966e+02
97744 2.115520e+02
97808 2.115471e+02
97837 2.113706e+02
98260 2.113704e+02
98278 2.111084e+02
98321 2.110423e+02
98429 2.108268e+02
98637 2.107976e+02
98657 2.107783e+02
98712 2.106144e+02
98719 2.106126e+02
98731 2.105820e+02
98800 2.105707e+02
98833 2.104669e+02
98835 2.104216e+02
98906 2.104066e+02
98944 2.103829e+02
98976 2.103058e+02
99047 2.102346e+02
99054 2.101034e+02
99246 2.100905e+02
99315 2.100362e+02
99453 2.100350e+02
99465 2.099714e+02
99470 2.099492e+02
99547 2.099183e+02
99564 2.098662e+02
99591 2.098653e+02
99618 2.097786e+02
99700 2.097658e+02
99727 2.096306e+02
99963 2.095917e+02
100076 2.095619e+02
100124 2.094525e+02
100267 2.094498e+02
100430 2.094040e+02
100451 2.093785e+02
100538 2.093546e+02
100576 2.093317e+02
100645 2.093256e+02
100672 2.093121e+02
100746 2.093079e+02
100758 2.092606e+02
101010 2.092465e+02
101034 2.092405e+02
101054 2.092327e+02
101069 2.092276e+02
101096 2.092275e+02
101139 2.092274e+02
101177 2.092227e+02
101222 2.092141e+02
101278 2.092032e+02
101341 2.091514e+02
101604 2.091388e+02
101662 2.091334e+02
101715 2.091258e+02
101825 2.091105e+02
101959 2.090891e+02
102092 2.090609e+02
102271 2.090578e+02
102317 2.090540e+02
102487 2.090251e+02
102672 2.090205e+02
102720 2.090177e+02
102766 2.090158e+02
102814 2.090121e+02
102896 2.090097e+02
102931 2.090093e+02
102951 2.090065e+02
102967 2.089938e+02
103137 2.089937e+02
103181 2.089896e+02
103250 2.089812e+02
103358 2.089787e+02
103367 2.089783e+02
103379 2.089710e+02
103482 2.089701e+02
103549 2.089697e+02
103573 2.089678e+02
103750 2.089663e+02
103814 2.089661e+02
103828 2.089622e+02
103858 2.089614e+02
103864 2.089568e+02
104013 2.089540e+02
104044 2.089493e+02
104169 2.089488e+02
104210 2.089487e+02
104262 2.089473e+02
104300 2.089405e+02
104332 2.089392e+02
104594 2.089373e+02
104639 2.089358e+02
104658 2.089333e+02
104808 2.089322e+02
104809 2.089317e+02
104813 2.089304e+02
104901 2.089299e+02
104912 2.089288e+02
104959 2.089282e+02
104968 2.089239e+02
105034 2.089236e+02
105225 2.089230e+02
105262 2.089225e+02
105292 2.089225e+02
105318 2.089218e+02
105324 2.089218e+02
105389 2.089198e+02
105578 2.089167e+02
105704 2.089166e+02
105818 2.089143e+02
105890 2.089120e+02
106178 2.089117e+02
106296 2.089110e+02
106369 2.089106e+02
106380 2.089105e+02
106391 2.089085e+02
106652 2.089083e+02
106722 2.089071e+02
106806 2.089066e+02
106882 2.089065e+02
106956 2.089045e+02
107177 2.089045e+02
107184 2.089036e+02
107282 2.089033e+02
107291 2.089029e+02
107345 2.089022e+02
107488 2.089018e+02
107559 2.089010e+02
107606 2.089005e+02
107769 2.088996e+02
107865 2.088993e+02
108055 2.088991e+02
108062 2.088990e+02
108078 2.088989e+02
108092 2.088989e+02
108231 2.088988e+02
108251 2.088988e+02
108268 2.088981e+02
108299 2.088978e+02
108555 2.088976e+02
108620 2.088975e+02
108684 2.088975e+02
108691 2.088973e+02
108704 2.088972e+02
108721 2.088971e+02
108789 2.088969e+02
108813 2.088969e+02
108930 2.088967e+02
108970 2.088966e+02
109073 2.088964e+02
109127 2.088963e+02
109264 2.088963e+02
109350 2.088960e+02
109457 2.088959e+02
109487 2.088958e+02
109534 2.088958e+02
109549 2.088956e+02
109598 2.088956e+02
109769 2.088955e+02
109789 2.088954e+02
109826 2.088952e+02
109923 2.088952e+02
109928 2.088952e+02
109974 2.088950e+02
110099 2.088950e+02
110105 2.088950e+02
110126 2.088948e+02
110182 2.088948e+02
110254 2.088948e+02
110302 2.088947e+02
110369 2.088947e+02
110395 2.088947e+02
110419 2.088946e+02
110445 2.088946e+02
110460 2.088945e+02
110535 2.088944e+02
110677 2.088944e+02
110703 2.088944e+02
110779 2.088944e+02
110784 2.088943e+02
110813 2.088943e+02
110833 2.088943e+02
110842 2.088943e+02
110904 2.088943e+02
110962 2.088943e+02
111027 2.088943e+02
111088 2.088943e+02
111163 2.088942e+02
111217 2.088942e+02
111321 2.088941e+02
111521 2.088940e+02
111585 2.088940e+02
111599 2.088940e+02
111651 2.088940e+02
111653 2.088940e+02
111673 2.088940e+02
111698 2.088940e+02
111699 2.088939e+02
111907 2.088939e+02
112019 2.088939e+02
112074 2.088939e+02
112101 2.088939e+02
112198 2.088938e+02
112264 2.088938e+02
112290 2.088938e+02
112294 2.088938e+02
112436 2.088938e+02
112478 2.088937e+02
112657 2.088937e+02
112813 2.088937e+02
112834 2.088937e+02
112860 2.088937e+02
112901 2.088937e+02
112902 2.088937e+02
112919 2.088937e+02
112941 2.088937e+02
112960 2.088937e+02
112975 2.088937e+02
113078 2.088937e+02
113109 2.088937e+02
113118 2.088937e+02
113144 2.088936e+02
113241 2.088936e+02
113262 2.088936e+02
113274 2.088936e+02
113281 2.088936e+02
113419 2.088936e+02
113475 2.088936e+02
113547 2.088936e+02
113553 2.088936e+02
113574 2.088936e+02
113623 2.088936e+02
113701 2.088936e+02
113740 2.088936e+02
113852 2.088936e+02
113870 2.088936e+02
114072 2.088935e+02
114193 2.088935e+02
114219 2.088935e+02
114394 2.088935e+02
114439 2.088935e+02
114456 2.088935e+02
114465 2.088935e+02
114564 2.088935e+02
114622 2.088935e+02
114790 2.088935e+02
114852 2.088935e+02
114865 2.088935e+02
114870 2.088935e+02
114988 2.088935e+02
114996 2.088935e+02
115089 2.088935e+02
115112 2.088935e+02
115269 2.088935e+02
115274 2.088935e+02
115310 2.088935e+02
115333 2.088935e+02
115530 2.088935e+02
115541 2.088935e+02
115567 2.088935e+02
115617 2.088935e+02
115619 2.088935e+02
115636 2.088935e+02
115712 2.088935e+02
115755 2.088935e+02
115792 2.088935e+02
115834 2.088935e+02
115879 2.088935e+02
115893 2.088935e+02
115898 2.088935e+02
115924 2.088935e+02
115951 2.088935e+02
116005 2.088935e+02
116011 2.088935e+02
116127 2.088935e+02
116138 2.088935e+02
116176 2.088935e+02
116232 2.088935e+02
116247 2.088935e+02
116317 2.088935e+02
116362 2.088935e+02
116422 2.088935e+02
116451 2.088935e+02
116458 2.088935e+02
116486 2.088935e+02
116524 2.088935e+02
116537 2.088935e+02
116586 2.088935e+02
116590 2.088935e+02
116591 2.088935e+02
116607 2.088935e+02
116686 2.088935e+02
116809 2.088935e+02
117158 2.088935e+02
117170 2.088935e+02
117217 2.088935e+02
117225 2.088935e+02
117231 2.088935e+02
117267 2.088935e+02
117307 2.088935e+02
117312 2.088935e+02
117345 2.088935e+02
117365 2.088935e+02
117374 2.088935e+02
117434 2.088935e+02
117465 2.088935e+02
117478 2.088935e+02
117483 2.088935e+02
117514 2.088935e+02
117530 2.088935e+02
117542 2.088935e+02
117545 2.088935e+02
117645 2.088935e+02
117683 2.088935e+02
117722 2.088935e+02
117753 2.088935e+02
117830 2.088935e+02
117834 2.088935e+02
117926 2.088935e+02
117938 2.088935e+02
117941 2.088935e+02
118031 2.088935e+02
118048 2.088935e+02
118066 2.088935e+02
118074 2.088935e+02
118125 2.088935e+02
118234 2.088935e+02
118247 2.088935e+02
118340 2.088935e+02
118376 2.088935e+02
118387 2.088935e+02
118390 2.088935e+02
118462 2.088935e+02
118465 2.088935e+02
118493 2.088935e+02
118510 2.088935e+02
118552 2.088935e+02
118561 2.088935e+02
118576 2.088935e+02
118601 2.088935e+02
118625 2.088935e+02
118629 2.088935e+02
118636 2.088935e+02
118643 2.088935e+02
118672 2.088935e+02
118732 2.088935e+02
118796 2.088935e+02
118802 2.088935e+02
118823 2.088935e+02
118827 2.088935e+02
118848 2.088935e+02
118856 2.088935e+02
118886 2.088935e+02
118954 2.088935e+02
118980 2.088935e+02
119091 2.088935e+02
119132 2.088935e+02
119143 2.088935e+02
119166 2.088935e+02
119182 2.088935e+02
119244 2.088935e+02
119289 2.088935e+02
119302 2.088935e+02
119346 2.088935e+02
119481 2.088935e+02
119506 2.088935e+02
119536 2.088935e+02
119561 2.088935e+02
119624 2.088935e+02
119633 2.088935e+02
119675 2.088935e+02
119888 2.088935e+02
119968 2.088935e+02
119989 2.088935e+02
120101 2.088935e+02
120110 2.088935e+02
120230 2.088935e+02
120280 2.088935e+02
120287 2.088935e+02
120310 2.088935e+02
120328 2.088935e+02
135666 2.082281e+02
135722 2.081911e+02
135772 2.080392e+02
136072 2.067684e+02
136752 2.066367e+02
136820 2.065917e+02
137077 2.064105e+02
137130 2.063891e+02
137186 2.061981e+02
137391 2.061880e+02
137524 2.058206e+02
137589 2.056634e+02
137922 2.055720e+02
137957 2.054804e+02
137995 2.054282e+02
138013 2.051457e+02
138214 2.050818e+02
138230 2.050087e+02
138236 2.044089e+02
138588 2.043420e+02
138640 2.036752e+02
138949 2.034886e+02
139454 2.028954e+02
139840 2.026857e+02
140704 2.026547e+02
140712 2.024109e+02
141426 2.022789e+02
141464 2.021839e+02
141476 2.020696e+02
141698 2.017942e+02
141881 2.016815e+02
142402 2.016528e+02
142527 2.016005e+02
142547 2.015961e+02
142860 2.015798e+02
143006 2.014798e+02
143068 2.014366e+02
143111 2.014270e+02
143130 2.012596e+02
143713 2.012586e+02
143825 2.012523e+02
143972 2.012322e+02
143985 2.012141e+02
144050 2.010766e+02
144219 2.010513e+02
144621 2.010511e+02
144652 2.010408e+02
144657 2.009674e+02
144742 2.009597e+02
144943 2.009172e+02
144972 2.008771e+02
145067 2.008018e+02
145191 2.007692e+02
145659 2.007073e+02
145949 2.006991e+02
146308 2.006935e+02
146525 2.006644e+02
146526 2.006412e+02
146559 2.006012e+02
146800 2.005637e+02
146939 2.005577e+02
146998 2.005359e+02
147158 2.004238e+02
148563 2.004004e+02
148748 2.003805e+02
148928 2.003805e+02
149085 2.003593e+02
150181 2.003588e+02
150186 2.003562e+02
150317 2.003426e+02
150381 2.003282e+02
150459 2.002879e+02
151116 2.002808e+02
151257 2.002742e+02
151395 2.002718e+02
151456 2.002663e+02
151540 2.002641e+02
151664 2.002237e+02
152153 2.002113e+02
152617 2.001960e+02
152962 2.001866e+02
153097 2.001843e+02
153392 2.001747e+02
153415 2.001692e+02
153461 2.001623e+02
153789 2.001615e+02
153797 2.001604e+02
153813 2.001603e+02
153881 2.001592e+02
153891 2.001459e+02
153981 2.001380e+02
154111 2.001330e+02
154137 2.001324e+02
154405 2.001309e+02
154426 2.001307e+02
154450 2.001243e+02
154461 2.001146e+02
154942 2.001080e+02
154970 2.001079e+02
155032 2.001075e+02
155037 2.001073e+02
155076 2.000998e+02
155084 2.000994e+02
155178 2.000898e+02
155868 2.000875e+02
156251 2.000841e+02
156296 2.000801e+02
156707 2.000757e+02
157027 2.000719e+02
157037 2.000652e+02
157320 2.000652e+02
157389 2.000601e+02
158061 2.000584e+02
158123 2.000581e+02
158320 2.000574e+02
158326 2.000566e+02
158481 2.000554e+02
158539 2.000545e+02
158570 2.000512e+02
158586 2.000474e+02
158969 2.000443e+02
158987 2.000435e+02
158999 2.000432e+02
159164 2.000419e+02
159292 2.000406e+02
159337 2.000382e+02
159614 2.000368e+02
159781 2.000357e+02
159904 2.000350e+02
160008 2.000348e+02
160021 2.000339e+02
160181 2.000311e+02
160633 2.000261e+02
161345 2.000257e+02
161481 2.000254e+02
161558 2.000239e+02
161578 2.000234e+02
161794 2.000230e+02
161928 2.000227e+02
162022 2.000214e+02
162066 2.000214e+02
162319 2.000208e+02
162393 2.000203e+02
162487 2.000195e+02
162513 2.000183e+02
163091 2.000182e+02
163278 2.000181e+02
163281 2.000174e+02
163304 2.000160e+02
163325 2.000142e+02
163343 2.000140e+02
163760 2.000137e+02
163835 2.000122e+02
164415 2.000121e+02
164453 2.000120e+02
164902 2.000110e+02
164937 2.000110e+02
165227 2.000109e+02
165264 2.000107e+02
165388 2.000104e+02
165409 2.000101e+02
165506 2.000096e+02
165738 2.000090e+02
165740 2.000084e+02
166522 2.000076e+02
166648 2.000075e+02
166702 2.000071e+02
166767 2.000064e+02
167320 2.000058e+02
167670 2.000056e+02
168038 2.000055e+02
168051 2.000053e+02
168185 2.000052e+02
168249 2.000051e+02
168281 2.000051e+02
168415 2.000047e+02
168420 2.000045e+02
168666 2.000043e+02
169510 2.000042e+02
169544 2.000040e+02
169611 2.000038e+02
169726 2.000032e+02
170270 2.000031e+02
170347 2.000028e+02
170986 2.000025e+02
171404 2.000024e+02
171542 2.000022e+02
171924 2.000021e+02
172013 2.000021e+02
172054 2.000020e+02
172106 2.000020e+02
172361 2.000018e+02
172974 2.000017e+02
173235 2.000016e+02
173347 2.000016e+02
173448 2.000014e+02
173597 2.000014e+02
173930 2.000013e+02
174049 2.000012e+02
174360 2.000011e+02
174576 2.000011e+02
174661 2.000010e+02
174677 2.000009e+02
175485 2.000008e+02
175821 2.000008e+02
175833 2.000008e+02
175950 2.000008e+02
176022 2.000007e+02
176336 2.000007e+02
176341 2.000007e+02
176470 2.000007e+02
176501 2.000007e+02
176546 2.000006e+02
176790 2.000006e+02
177281 2.000005e+02
177978 2.000005e+02
178208 2.000004e+02
178399 2.000004e+02
179022 2.000004e+02
179043 2.000004e+02
179045 2.000004e+02
179171 2.000004e+02
179228 2.000004e+02
179317 2.000004e+02
179325 2.000003e+02
179863 2.000003e+02
180042 2.000003e+02
180146 2.000003e+02
180180 2.000002e+02
180431 2.000002e+02
180493 2.000002e+02
180557 2.000002e+02
180622 2.000002e+02
180688 2.000002e+02
180911 2.000002e+02
181270 2.000002e+02
181403 2.000001e+02
181493 2.000001e+02
182548 2.000001e+02
182862 2.000001e+02
182947 2.000001e+02
183850 2.000001e+02
183913 2.000001e+02
184007 2.000001e+02
184043 2.000000e+02
184657 2.000000e+02
184690 2.000000e+02
184944 2.000000e+02
185435 2.000000e+02
185546 2.000000e+02
185570 2.000000e+02
185689 2.000000e+02
185965 2.000000e+02
186023 2.000000e+02
186347 2.000000e+02
186438 2.000000e+02
186860 2.000000e+02
186866 2.000000e+02
187001 2.000000e+02
187133 2.000000e+02
187204 2.000000e+02
187300 2.000000e+02
187372 2.000000e+02
187442 2.000000e+02
187667 2.000000e+02
187796 2.000000e+02
187867 2.000000e+02
187940 2.000000e+02
188185 2.000000e+02
188215 2.000000e+02
188390 2.000000e+02
188405 2.000000e+02
188407 2.000000e+02
188667 2.000000e+02
188715 2.000000e+02
188923 2.000000e+02
188941 2.000000e+02
189470 2.000000e+02
189608 2.000000e+02
189693 2.000000e+02
189723 2.000000e+02
189835 2.000000e+02
190002 2.000000e+02
190161 2.000000e+02
190251 2.000000e+02
190303 2.000000e+02
190644 2.000000e+02
190974 2.000000e+02
191459 2.000000e+02
191701 2.000000e+02
191813 2.000000e+02
191831 2.000000e+02
192091 2.000000e+02
192157 2.000000e+02
192178 2.000000e+02
192457 2.000000e+02
192968 2.000000e+02
193512 2.000000e+02
193550 2.000000e+02
193607 2.000000e+02
194146 2.000000e+02
194321 2.000000e+02
194510 2.000000e+02
194679 2.000000e+02
194889 2.000000e+02
194966 2.000000e+02
195080 2.000000e+02
195262 2.000000e+02
195299 2.000000e+02
195456 2.000000e+02
195622 2.000000e+02
195776 2.000000e+02
196001 2.000000e+02
196168 2.000000e+02
196548 2.000000e+02
196736 2.000000e+02
196787 2.000000e+02
196789 2.000000e+02
196808 2.000000e+02
196897 2.000000e+02
197281 2.000000e+02
197774 2.000000e+02
198249 2.000000e+02
198311 2.000000e+02
198357 2.000000e+02
198433 2.000000e+02
198453 2.000000e+02
198540 2.000000e+02
198603 2.000000e+02
198710 2.000000e+02
198725 2.000000e+02
198978 2.000000e+02
199035 2.000000e+02
199059 2.000000e+02
199519 2.000000e+02
199766 2.000000e+02
199891 2.000000e+02
200299 2.000000e+02
200402 2.000000e+02
200549 2.000000e+02
