1 5.812408e+02
209 5.019756e+02
288 4.035203e+02
467 3.962051e+02
501 3.728325e+02
507 3.663329e+02
564 3.544212e+02
643 3.504059e+02
663 3.359846e+02
799 3.280234e+02
807 3.271850e+02
834 3.213265e+02
941 3.164542e+02
1068 3.064440e+02
1137 3.015364e+02
1164 3.003129e+02
1327 2.911365e+02
1396 2.892285e+02
1425 2.866635e+02
1514 2.855573e+02
1535 2.802039e+02
1625 2.793462e+02
1629 2.656838e+02
1946 2.641665e+02
2092 2.636013e+02
2113 2.621910e+02
2116 2.601980e+02
2137 2.594191e+02
2156 2.576040e+02
2245 2.573840e+02
2246 2.516428e+02
2312 2.505962e+02
2361 2.502253e+02
2390 2.470290e+02
2578 2.455200e+02
2592 2.446424e+02
2600 2.432658e+02
2749 2.418986e+02
2764 2.382676e+02
2856 2.376972e+02
2946 2.369396e+02
2958 2.364173e+02
2967 2.359521e+02
2975 2.358484e+02
2989 2.344088e+02
3039 2.308761e+02
3310 2.296332e+02
3476 2.278107e+02
3554 2.261745e+02
3592 2.261506e+02
3651 2.260785e+02
3817 2.258060e+02
3840 2.256077e+02
3849 2.245105e+02
3900 2.228957e+02
3908 2.201949e+02
3961 2.196050e+02
4184 2.182739e+02
4413 2.177606e+02
4434 2.177295e+02
4513 2.169758e+02
4603 2.162133e+02
4676 2.161933e+02
4677 2.161140e+02
4749 2.160895e+02
4757 2.154775e+02
4792 2.145568e+02
4856 2.136707e+02
5001 2.134157e+02
5040 2.112420e+02
5107 2.108838e+02
5328 2.106256e+02
5344 2.103278e+02
5345 2.094629e+02
5511 2.093734e+02
5609 2.093557e+02
5674 2.091960e+02
5693 2.091825e+02
5729 2.089526e+02
5758 2.088374e+02
5763 2.087896e+02
5765 2.086382e+02
5799 2.085721e+02
5823 2.076193e+02
5958 2.074035e+02
6150 2.071846e+02
6281 2.068512e+02
6413 2.067726e+02
6482 2.064788e+02
6488 2.064044e+02
6551 2.063993e+02
6558 2.061163e+02
6742 2.061074e+02
6756 2.060722e+02
6778 2.058782e+02
6908 2.055483e+02
6919 2.054815e+02
7006 2.054566e+02
7075 2.054104e+02
7138 2.052917e+02
7232 2.051788e+02
7411 2.049761e+02
7497 2.048494e+02
7517 2.046059e+02
7725 2.045245e+02
7759 2.045140e+02
7870 2.044726e+02
7914 2.044366e+02
7966 2.043731e+02
8047 2.043518e+02
8052 2.043068e+02
8114 2.042964e+02
8115 2.041201e+02
8294 2.040454e+02
8380 2.038771e+02
8425 2.038627e+02
8514 2.037916e+02
8728 2.034958e+02
9119 2.034506e+02
9244 2.034384e+02
9407 2.033976e+02
9467 2.033775e+02
9469 2.033692e+02
9558 2.032900e+02
9629 2.032778e+02
9673 2.032205e+02
9722 2.032147e+02
9767 2.032036e+02
9997 2.031996e+02
10062 2.031898e+02
10123 2.031343e+02
10127 2.031039e+02
10135 2.030594e+02
10274 2.029706e+02
10356 2.028894e+02
10513 2.027250e+02
11028 2.027052e+02
11108 2.026756e+02
11239 2.026736e+02
11268 2.026527e+02
11339 2.026257e+02
11403 2.026127e+02
11641 2.025910e+02
11648 2.025281e+02
12098 2.024973e+02
12203 2.024642e+02
12258 2.024633e+02
12285 2.024489e+02
12293 2.024457e+02
12354 2.024427e+02
12448 2.024157e+02
12606 2.024155e+02
12644 2.024033e+02
12692 2.023832e+02
12742 2.023722e+02
12743 2.023622e+02
12869 2.023605e+02
12904 2.023576e+02
12907 2.023199e+02
12949 2.023064e+02
13075 2.023041e+02
13140 2.022784e+02
13269 2.022709e+02
13452 2.022452e+02
13497 2.022273e+02
13644 2.022238e+02
13793 2.021984e+02
13935 2.021795e+02
14157 2.021763e+02
14224 2.021749e+02
14247 2.021681e+02
14304 2.021477e+02
14519 2.021271e+02
14578 2.021179e+02
14738 2.021122e+02
14882 2.021105e+02
14917 2.021096e+02
14948 2.021082e+02
15001 2.020977e+02
15014 2.020952e+02
15238 2.020943e+02
15286 2.020916e+02
15336 2.020879e+02
15369 2.020863e+02
15370 2.020786e+02
15512 2.020754e+02
15554 2.020601e+02
15951 2.020600e+02
16017 2.020580e+02
16034 2.020576e+02
16036 2.020572e+02
16045 2.020516e+02
16083 2.020497e+02
16308 2.020487e+02
16346 2.020480e+02
16356 2.020476e+02
16433 2.020449e+02
16454 2.020441e+02
16521 2.020440e+02
16532 2.020435e+02
16560 2.020400e+02
16630 2.020387e+02
16839 2.020368e+02
16991 2.020350e+02
17037 2.020346e+02
17058 2.020345e+02
17086 2.020333e+02
17087 2.020333e+02
17107 2.020313e+02
17172 2.020307e+02
17189 2.020295e+02
17277 2.020294e+02
17303 2.020287e+02
17304 2.020248e+02
17377 2.020246e+02
17430 2.020231e+02
17542 2.020229e+02
17771 2.020224e+02
17799 2.020219e+02
17828 2.020219e+02
17862 2.020218e+02
17869 2.020214e+02
17903 2.020205e+02
17948 2.020200e+02
17965 2.020195e+02
17987 2.020192e+02
18139 2.020177e+02
18255 2.020176e+02
18276 2.020174e+02
18320 2.020168e+02
18541 2.020160e+02
18690 2.020150e+02
18785 2.020150e+02
18787 2.020148e+02
18812 2.020146e+02
18829 2.020138e+02
19448 2.020133e+02
19505 2.020126e+02
19576 2.020125e+02
19722 2.020122e+02
19903 2.020122e+02
19912 2.020119e+02
20006 2.020114e+02
20281 2.020112e+02
20331 2.020111e+02
20379 2.020108e+02
20624 2.020103e+02
20812 2.020101e+02
20900 2.020099e+02
20950 2.020098e+02
21004 2.020098e+02
21099 2.020097e+02
21277 2.020094e+02
21279 2.020094e+02
21372 2.020094e+02
21388 2.020094e+02
21410 2.020093e+02
21430 2.020090e+02
21461 2.020088e+02
21512 2.020088e+02
21904 2.020087e+02
21959 2.020085e+02
22112 2.020084e+02
22200 2.020084e+02
22331 2.020084e+02
22377 2.020084e+02
22494 2.020083e+02
22496 2.020082e+02
22531 2.020082e+02
22541 2.020081e+02
22596 2.020081e+02
22658 2.020080e+02
22727 2.020080e+02
22772 2.020080e+02
22828 2.020080e+02
22871 2.020079e+02
22913 2.020079e+02
22930 2.020079e+02
22932 2.020078e+02
22948 2.020078e+02
23014 2.020077e+02
23049 2.020077e+02
23088 2.020077e+02
23227 2.020076e+02
23278 2.020076e+02
23308 2.020076e+02
23355 2.020076e+02
23374 2.020075e+02
23376 2.020075e+02
23399 2.020075e+02
23496 2.020074e+02
23654 2.020074e+02
23687 2.020073e+02
23782 2.020073e+02
23941 2.020073e+02
23983 2.020073e+02
24014 2.020072e+02
24066 2.020072e+02
24191 2.020072e+02
24337 2.020072e+02
24357 2.020071e+02
24620 2.020071e+02
24629 2.020071e+02
24663 2.020070e+02
24714 2.020070e+02
24793 2.020070e+02
24839 2.020070e+02
25060 2.020070e+02
25082 2.020069e+02
25113 2.020069e+02
25146 2.020069e+02
25159 2.020069e+02
25233 2.020069e+02
25314 2.020069e+02
25360 2.020069e+02
25372 2.020069e+02
25582 2.020069e+02
25607 2.020069e+02
25610 2.020069e+02
25614 2.020068e+02
25623 2.020068e+02
25861 2.020068e+02
25864 2.020068e+02
26012 2.020068e+02
26119 2.020068e+02
26168 2.020068e+02
26192 2.020068e+02
26243 2.020068e+02
26305 2.020067e+02
26656 2.020067e+02
26706 2.020067e+02
26787 2.020067e+02
26826 2.020067e+02
27166 2.020067e+02
27240 2.020067e+02
27250 2.020067e+02
27343 2.020067e+02
27536 2.020067e+02
27584 2.020067e+02
27639 2.020067e+02
27754 2.020067e+02
27765 2.020067e+02
28023 2.020067e+02
28091 2.020067e+02
28157 2.020067e+02
28238 2.020067e+02
28258 2.020067e+02
28287 2.020067e+02
28332 2.020067e+02
28374 2.020067e+02
28480 2.020066e+02
28571 2.020066e+02
28593 2.020066e+02
28653 2.020066e+02
28784 2.020066e+02
28800 2.020066e+02
28819 2.020066e+02
28849 2.020066e+02
28882 2.020066e+02
28907 2.020066e+02
28908 2.020066e+02
29000 2.020066e+02
29021 2.020066e+02
29035 2.020066e+02
29080 2.020066e+02
29095 2.020066e+02
29125 2.020066e+02
29127 2.020066e+02
29264 2.020066e+02
29323 2.020066e+02
29373 2.020066e+02
29540 2.020066e+02
29569 2.020066e+02
29579 2.020066e+02
29660 2.020066e+02
29724 2.020066e+02
30038 2.020066e+02
30081 2.020066e+02
30147 2.020066e+02
30163 2.020066e+02
30244 2.020066e+02
30247 2.020066e+02
30266 2.020066e+02
30355 2.020066e+02
30452 2.020066e+02
30472 2.020066e+02
30506 2.020066e+02
30517 2.020066e+02
30531 2.020066e+02
30613 2.020066e+02
30622 2.020066e+02
30663 2.020066e+02
30812 2.020066e+02
30905 2.020066e+02
30915 2.020066e+02
31052 2.020066e+02
31082 2.020066e+02
31112 2.020066e+02
31115 2.020066e+02
31152 2.020066e+02
31176 2.020066e+02
31199 2.020066e+02
31200 2.020066e+02
31256 2.020066e+02
31337 2.020066e+02
31405 2.020066e+02
31449 2.020066e+02
31528 2.020066e+02
31548 2.020066e+02
31763 2.020066e+02
31975 2.020066e+02
32004 2.020066e+02
32066 2.020066e+02
32141 2.020066e+02
32162 2.020066e+02
32176 2.020066e+02
32179 2.020066e+02
32188 2.020066e+02
32209 2.020066e+02
32226 2.020066e+02
32255 2.020066e+02
32263 2.020066e+02
32295 2.020066e+02
32380 2.020066e+02
32704 2.020066e+02
32721 2.020066e+02
32740 2.020066e+02
32772 2.020066e+02
32789 2.020066e+02
32835 2.020066e+02
32917 2.020066e+02
32972 2.020066e+02
33051 2.020066e+02
33102 2.020066e+02
33170 2.020066e+02
33236 2.020066e+02
33262 2.020066e+02
33337 2.020066e+02
33358 2.020066e+02
33360 2.020066e+02
33416 2.020066e+02
33523 2.020066e+02
33550 2.020066e+02
33573 2.020066e+02
33607 2.020066e+02
33681 2.020066e+02
33736 2.020066e+02
33738 2.020066e+02
33876 2.020066e+02
33945 2.020066e+02
33963 2.020066e+02
33968 2.020066e+02
33972 2.020066e+02
33990 2.020066e+02
34052 2.020066e+02
34123 2.020066e+02
34125 2.020066e+02
34161 2.020066e+02
34228 2.020066e+02
34244 2.020066e+02
34304 2.020066e+02
34321 2.020066e+02
34329 2.020066e+02
34367 2.020066e+02
34373 2.020066e+02
34540 2.020066e+02
34546 2.020066e+02
34554 2.020066e+02
34583 2.020066e+02
34709 2.020066e+02
34785 2.020066e+02
34835 2.020066e+02
34848 2.020066e+02
34933 2.020066e+02
34959 2.020066e+02
35009 2.020066e+02
35032 2.020066e+02
35081 2.020066e+02
35085 2.020066e+02
35122 2.020066e+02
35228 2.020066e+02
35259 2.020066e+02
35278 2.020066e+02
35317 2.020066e+02
35531 2.020066e+02
35546 2.020066e+02
35552 2.020066e+02
35558 2.020066e+02
35588 2.020066e+02
35598 2.020066e+02
35620 2.020066e+02
35646 2.020066e+02
35649 2.020066e+02
35720 2.020066e+02
35817 2.020066e+02
35820 2.020066e+02
35826 2.020066e+02
35850 2.020066e+02
35871 2.020066e+02
35882 2.020066e+02
35938 2.020066e+02
35975 2.020066e+02
36035 2.020066e+02
36091 2.020066e+02
36110 2.020066e+02
36285 2.020066e+02
36316 2.020066e+02
36368 2.020066e+02
36405 2.020066e+02
36422 2.020066e+02
36425 2.020066e+02
36461 2.020066e+02
36512 2.020066e+02
36574 2.020066e+02
36741 2.020066e+02
36773 2.020066e+02
36794 2.020066e+02
36837 2.020066e+02
36866 2.020066e+02
36957 2.020066e+02
37093 2.020066e+02
37095 2.020066e+02
37193 2.020066e+02
37214 2.020066e+02
37273 2.020066e+02
37292 2.020066e+02
37436 2.020066e+02
37437 2.020066e+02
37581 2.020066e+02
37585 2.020066e+02
37613 2.020066e+02
37742 2.020066e+02
37770 2.020066e+02
37854 2.020066e+02
37884 2.020066e+02
37929 2.020066e+02
37995 2.020066e+02
38120 2.020066e+02
38125 2.020066e+02
38126 2.020066e+02
38134 2.020066e+02
38249 2.020066e+02
38288 2.020066e+02
38345 2.020066e+02
38413 2.020066e+02
38430 2.020066e+02
38487 2.020066e+02
38506 2.020066e+02
38529 2.020066e+02
38556 2.020066e+02
38567 2.020066e+02
38595 2.020066e+02
38697 2.020066e+02
38701 2.020066e+02
38793 2.020066e+02
38851 2.020066e+02
38909 2.020066e+02
38910 2.020066e+02
38951 2.020066e+02
38958 2.020066e+02
38969 2.020066e+02
38984 2.020066e+02
39030 2.020066e+02
39049 2.020066e+02
39055 2.020066e+02
39069 2.020066e+02
39079 2.020066e+02
39210 2.020066e+02
39259 2.020066e+02
39260 2.020066e+02
39286 2.020066e+02
39297 2.020066e+02
39417 2.020066e+02
39418 2.020066e+02
39551 2.020066e+02
39639 2.020066e+02
39655 2.020066e+02
39669 2.020066e+02
39746 2.020066e+02
39765 2.020066e+02
39960 2.020066e+02
39962 2.020066e+02
39969 2.020066e+02
39979 2.020066e+02
39994 2.020066e+02
40023 2.020066e+02
40064 2.020066e+02
40078 2.020066e+02
40172 2.020066e+02
40192 2.020066e+02
40224 2.020066e+02
40282 2.020066e+02
40555 2.020066e+02
40565 2.020066e+02
40593 2.020066e+02
100257 2.019998e+02
100355 2.019503e+02
100481 2.019119e+02
100566 2.019081e+02
100568 2.018966e+02
100584 2.018948e+02
100598 2.018937e+02
100615 2.018731e+02
100665 2.018053e+02
100715 2.017917e+02
100993 2.017689e+02
101084 2.017668e+02
101106 2.017476e+02
101133 2.017314e+02
101200 2.017038e+02
101269 2.016135e+02
101683 2.016099e+02
101733 2.016002e+02
101839 2.015971e+02
101896 2.015970e+02
101995 2.015927e+02
102015 2.015857e+02
102040 2.015744e+02
102050 2.015702e+02
102054 2.015673e+02
102191 2.015621e+02
102217 2.015486e+02
102234 2.015256e+02
102251 2.015232e+02
102297 2.015134e+02
102398 2.015131e+02
102467 2.015078e+02
102506 2.014860e+02
102518 2.014572e+02
102524 2.014523e+02
102989 2.014204e+02
103106 2.014172e+02
103191 2.014073e+02
103693 2.014055e+02
103779 2.014038e+02
103808 2.013934e+02
103921 2.013825e+02
104200 2.013809e+02
104251 2.013768e+02
104294 2.013762e+02
104301 2.013724e+02
104393 2.013613e+02
104516 2.013568e+02
104556 2.013515e+02
104761 2.013469e+02
104805 2.013420e+02
104978 2.013384e+02
105264 2.013382e+02
105314 2.013377e+02
105324 2.013361e+02
105327 2.013321e+02
105395 2.013287e+02
105497 2.013248e+02
105555 2.013244e+02
105627 2.013241e+02
105662 2.013215e+02
105665 2.013159e+02
105718 2.013156e+02
105864 2.013119e+02
105886 2.013114e+02
105963 2.013089e+02
106103 2.013086e+02
106105 2.013085e+02
106174 2.013074e+02
106184 2.013057e+02
106187 2.013040e+02
106424 2.013034e+02
106486 2.013028e+02
106496 2.013025e+02
106505 2.013011e+02
106566 2.012983e+02
106696 2.012971e+02
107010 2.012960e+02
107064 2.012946e+02
107214 2.012926e+02
107234 2.012913e+02
107338 2.012912e+02
107340 2.012910e+02
107370 2.012907e+02
107471 2.012902e+02
107506 2.012887e+02
107682 2.012886e+02
107700 2.012884e+02
107793 2.012875e+02
107795 2.012871e+02
107804 2.012864e+02
107920 2.012835e+02
108635 2.012835e+02
108641 2.012825e+02
108744 2.012823e+02
108802 2.012823e+02
108819 2.012822e+02
108857 2.012821e+02
108889 2.012821e+02
108901 2.012816e+02
108956 2.012816e+02
108988 2.012814e+02
109012 2.012813e+02
109087 2.012809e+02
109180 2.012808e+02
109256 2.012806e+02
109292 2.012806e+02
109296 2.012801e+02
109330 2.012798e+02
109480 2.012797e+02
109537 2.012795e+02
109635 2.012792e+02
109689 2.012787e+02
109717 2.012781e+02
109817 2.012780e+02
109864 2.012774e+02
109900 2.012772e+02
110162 2.012769e+02
110310 2.012766e+02
110566 2.012760e+02
110799 2.012759e+02
110858 2.012758e+02
110907 2.012757e+02
110922 2.012754e+02
110996 2.012752e+02
111044 2.012750e+02
111114 2.012747e+02
111266 2.012747e+02
111381 2.012746e+02
111382 2.012746e+02
111447 2.012746e+02
111478 2.012744e+02
111515 2.012743e+02
111559 2.012742e+02
111578 2.012742e+02
111632 2.012741e+02
111990 2.012738e+02
112095 2.012738e+02
112101 2.012738e+02
112111 2.012738e+02
112138 2.012737e+02
112300 2.012737e+02
112363 2.012737e+02
112398 2.012736e+02
112419 2.012736e+02
112448 2.012735e+02
112510 2.012735e+02
112733 2.012734e+02
112911 2.012734e+02
112915 2.012734e+02
112983 2.012733e+02
112996 2.012732e+02
113415 2.012732e+02
113461 2.012732e+02
113486 2.012731e+02
113513 2.012731e+02
113566 2.012731e+02
113595 2.012731e+02
113598 2.012731e+02
113621 2.012731e+02
113691 2.012730e+02
113737 2.012730e+02
113812 2.012730e+02
113815 2.012729e+02
113943 2.012729e+02
113952 2.012729e+02
114292 2.012728e+02
114525 2.012728e+02
114562 2.012728e+02
114580 2.012728e+02
114760 2.012728e+02
114794 2.012728e+02
114829 2.012728e+02
114889 2.012728e+02
114914 2.012728e+02
115000 2.012728e+02
115052 2.012727e+02
115351 2.012727e+02
115400 2.012727e+02
115445 2.012727e+02
115520 2.012727e+02
115671 2.012727e+02
115742 2.012727e+02
115750 2.012727e+02
115797 2.012727e+02
115803 2.012727e+02
115833 2.012727e+02
115937 2.012727e+02
115955 2.012726e+02
115996 2.012726e+02
116027 2.012726e+02
116070 2.012726e+02
116283 2.012726e+02
116332 2.012726e+02
116348 2.012726e+02
116363 2.012726e+02
116457 2.012726e+02
116517 2.012726e+02
116629 2.012726e+02
116689 2.012726e+02
116694 2.012726e+02
116719 2.012726e+02
116737 2.012726e+02
116801 2.012726e+02
116808 2.012726e+02
116822 2.012726e+02
116838 2.012726e+02
117052 2.012726e+02
117141 2.012726e+02
117173 2.012726e+02
117282 2.012726e+02
117285 2.012726e+02
117352 2.012726e+02
117382 2.012726e+02
117475 2.012726e+02
117541 2.012726e+02
117542 2.012726e+02
117558 2.012726e+02
117598 2.012726e+02
117695 2.012726e+02
117706 2.012726e+02
117707 2.012726e+02
117732 2.012725e+02
117888 2.012725e+02
117891 2.012725e+02
117993 2.012725e+02
118007 2.012725e+02
118100 2.012725e+02
118176 2.012725e+02
118194 2.012725e+02
118370 2.012725e+02
118404 2.012725e+02
118483 2.012725e+02
118488 2.012725e+02
118511 2.012725e+02
118514 2.012725e+02
118623 2.012725e+02
118819 2.012725e+02
118855 2.012725e+02
118953 2.012725e+02
119005 2.012725e+02
119022 2.012725e+02
119043 2.012725e+02
119052 2.012725e+02
119068 2.012725e+02
119089 2.012725e+02
119104 2.012725e+02
119113 2.012725e+02
119129 2.012725e+02
119195 2.012725e+02
119207 2.012725e+02
119273 2.012725e+02
119323 2.012725e+02
119573 2.012725e+02
119610 2.012725e+02
119711 2.012725e+02
119742 2.012725e+02
119743 2.012725e+02
119798 2.012725e+02
119839 2.012725e+02
120018 2.012725e+02
120065 2.012725e+02
120086 2.012725e+02
120099 2.012725e+02
120113 2.012725e+02
120144 2.012725e+02
120155 2.012725e+02
120245 2.012725e+02
120252 2.012725e+02
120390 2.012725e+02
120398 2.012725e+02
120422 2.012725e+02
120571 2.012725e+02
120638 2.012725e+02
120654 2.012725e+02
120745 2.012725e+02
120782 2.012725e+02
120799 2.012725e+02
120800 2.012725e+02
120819 2.012725e+02
120854 2.012725e+02
120892 2.012725e+02
121007 2.012725e+02
121022 2.012725e+02
121156 2.012725e+02
121317 2.012725e+02
121358 2.012725e+02
121375 2.012725e+02
121419 2.012725e+02
121422 2.012725e+02
121436 2.012725e+02
121448 2.012725e+02
121450 2.012725e+02
121494 2.012725e+02
121625 2.012725e+02
121656 2.012725e+02
121689 2.012725e+02
121694 2.012725e+02
121910 2.012725e+02
121937 2.012725e+02
121979 2.012725e+02
122003 2.012725e+02
122031 2.012725e+02
122036 2.012725e+02
122047 2.012725e+02
122061 2.012725e+02
122109 2.012725e+02
122137 2.012725e+02
122269 2.012725e+02
122325 2.012725e+02
122327 2.012725e+02
122349 2.012725e+02
122411 2.012725e+02
122492 2.012725e+02
122523 2.012725e+02
122615 2.012725e+02
122724 2.012725e+02
122759 2.012725e+02
122785 2.012725e+02
122820 2.012725e+02
123011 2.012725e+02
123021 2.012725e+02
123029 2.012725e+02
123091 2.012725e+02
123386 2.012725e+02
123483 2.012725e+02
123525 2.012725e+02
123528 2.012725e+02
123559 2.012725e+02
123567 2.012725e+02
123608 2.012725e+02
123659 2.012725e+02
123667 2.012725e+02
123758 2.012725e+02
123778 2.012725e+02
123780 2.012725e+02
123960 2.012725e+02
124003 2.012725e+02
124027 2.012725e+02
124070 2.012725e+02
124095 2.012725e+02
124107 2.012725e+02
124295 2.012725e+02
124464 2.012725e+02
124490 2.012725e+02
124495 2.012725e+02
124510 2.012725e+02
124640 2.012725e+02
124702 2.012725e+02
124708 2.012725e+02
124738 2.012725e+02
124767 2.012725e+02
124778 2.012725e+02
124805 2.012725e+02
124892 2.012725e+02
124898 2.012725e+02
124924 2.012725e+02
124980 2.012725e+02
125002 2.012725e+02
125051 2.012725e+02
125120 2.012725e+02
125164 2.012725e+02
125183 2.012725e+02
125228 2.012725e+02
125248 2.012725e+02
125266 2.012725e+02
125272 2.012725e+02
125300 2.012725e+02
125318 2.012725e+02
125336 2.012725e+02
125358 2.012725e+02
125363 2.012725e+02
125368 2.012725e+02
125392 2.012725e+02
125429 2.012725e+02
125469 2.012725e+02
125498 2.012725e+02
125544 2.012725e+02
125553 2.012725e+02
125587 2.012725e+02
125598 2.012725e+02
125606 2.012725e+02
125623 2.012725e+02
125643 2.012725e+02
125647 2.012725e+02
125680 2.012725e+02
125729 2.012725e+02
125738 2.012725e+02
125742 2.012725e+02
125743 2.012725e+02
125767 2.012725e+02
125771 2.012725e+02
125783 2.012725e+02
125785 2.012725e+02
125820 2.012725e+02
125824 2.012725e+02
125849 2.012725e+02
125868 2.012725e+02
126231 2.012725e+02
126254 2.012725e+02
126262 2.012725e+02
126306 2.012725e+02
126431 2.012725e+02
126490 2.012725e+02
126491 2.012725e+02
126675 2.012725e+02
126678 2.012725e+02
126711 2.012725e+02
126764 2.012725e+02
126837 2.012725e+02
126963 2.012725e+02
126983 2.012725e+02
127064 2.012725e+02
127065 2.012725e+02
127144 2.012725e+02
127156 2.012725e+02
127243 2.012725e+02
127368 2.012725e+02
127406 2.012725e+02
127492 2.012725e+02
127519 2.012725e+02
127538 2.012725e+02
127544 2.012725e+02
127545 2.012725e+02
127629 2.012725e+02
127649 2.012725e+02
127735 2.012725e+02
127756 2.012725e+02
127824 2.012725e+02
127854 2.012725e+02
127891 2.012725e+02
127894 2.012725e+02
127918 2.012725e+02
127937 2.012725e+02
127946 2.012725e+02
127965 2.012725e+02
127999 2.012725e+02
128024 2.012725e+02
128070 2.012725e+02
128124 2.012725e+02
128130 2.012725e+02
128214 2.012725e+02
128244 2.012725e+02
128287 2.012725e+02
128292 2.012725e+02
128332 2.012725e+02
128378 2.012725e+02
128393 2.012725e+02
128457 2.012725e+02
128476 2.012725e+02
128536 2.012725e+02
128537 2.012725e+02
128558 2.012725e+02
128564 2.012725e+02
128589 2.012725e+02
128636 2.012725e+02
128667 2.012725e+02
128740 2.012725e+02
128755 2.012725e+02
128763 2.012725e+02
128775 2.012725e+02
128821 2.012725e+02
128849 2.012725e+02
128872 2.012725e+02
128873 2.012725e+02
128880 2.012725e+02
128883 2.012725e+02
128921 2.012725e+02
128982 2.012725e+02
129163 2.012725e+02
129180 2.012725e+02
129230 2.012725e+02
129254 2.012725e+02
129256 2.012725e+02
129263 2.012725e+02
129359 2.012725e+02
129381 2.012725e+02
129388 2.012725e+02
129490 2.012725e+02
129521 2.012725e+02
129670 2.012725e+02
129679 2.012725e+02
129716 2.012725e+02
129798 2.012725e+02
129818 2.012725e+02
129828 2.012725e+02
129860 2.012725e+02
129910 2.012725e+02
129953 2.012725e+02
129957 2.012725e+02
130034 2.012725e+02
130048 2.012725e+02
130194 2.012725e+02
130252 2.012725e+02
153063 2.012279e+02
153182 2.012177e+02
153304 2.011941e+02
153395 2.010209e+02
153701 2.010023e+02
153860 2.010003e+02
153961 2.009838e+02
154172 2.009658e+02
154250 2.009352e+02
154429 2.009229e+02
154507 2.009127e+02
154662 2.008329e+02
154780 2.008146e+02
154790 2.007826e+02
154931 2.007629e+02
154992 2.006984e+02
155191 2.006556e+02
155274 2.006001e+02
155445 2.005884e+02
155686 2.005884e+02
155700 2.005666e+02
155710 2.005292e+02
156399 2.005273e+02
156437 2.005266e+02
156509 2.005124e+02
156674 2.004965e+02
156727 2.004624e+02
157036 2.004313e+02
157181 2.004098e+02
157418 2.003978e+02
157722 2.003842e+02
157934 2.003706e+02
158030 2.003580e+02
158088 2.003564e+02
158171 2.003393e+02
158409 2.003240e+02
158519 2.003096e+02
158771 2.003048e+02
158808 2.003047e+02
158884 2.002913e+02
158946 2.002793e+02
159086 2.002760e+02
159142 2.002741e+02
159155 2.002670e+02
159162 2.002659e+02
159182 2.002655e+02
159495 2.002520e+02
159718 2.002480e+02
159736 2.002187e+02
160281 2.002186e+02
160411 2.001845e+02
160880 2.001827e+02
161016 2.001825e+02
161173 2.001733e+02
161307 2.001639e+02
161310 2.001506e+02
161418 2.001461e+02
161666 2.001448e+02
161788 2.001336e+02
161881 2.001310e+02
162132 2.001295e+02
162331 2.001169e+02
163115 2.001127e+02
163250 2.001072e+02
163297 2.001050e+02
163644 2.001000e+02
163849 2.000990e+02
164001 2.000985e+02
164024 2.000985e+02
164165 2.000967e+02
164171 2.000922e+02
164325 2.000908e+02
164331 2.000872e+02
164337 2.000871e+02
164449 2.000794e+02
164488 2.000702e+02
164882 2.000649e+02
165706 2.000649e+02
165751 2.000648e+02
165860 2.000629e+02
165897 2.000567e+02
166009 2.000551e+02
166067 2.000551e+02
166090 2.000543e+02
166212 2.000518e+02
166233 2.000517e+02
166517 2.000514e+02
166671 2.000502e+02
166699 2.000492e+02
166723 2.000489e+02
166768 2.000467e+02
166785 2.000417e+02
166939 2.000385e+02
167279 2.000382e+02
167897 2.000373e+02
168404 2.000343e+02
168876 2.000337e+02
168893 2.000301e+02
169485 2.000293e+02
169942 2.000282e+02
169971 2.000280e+02
169975 2.000261e+02
170303 2.000256e+02
170455 2.000255e+02
170482 2.000221e+02
170869 2.000207e+02
171382 2.000197e+02
171462 2.000177e+02
171887 2.000174e+02
172013 2.000167e+02
172432 2.000162e+02
172902 2.000158e+02
172920 2.000152e+02
173345 2.000149e+02
173479 2.000147e+02
173541 2.000139e+02
173560 2.000137e+02
173685 2.000135e+02
173785 2.000133e+02
173831 2.000130e+02
173837 2.000128e+02
173885 2.000128e+02
173929 2.000124e+02
173961 2.000117e+02
174576 2.000116e+02
174662 2.000098e+02
175212 2.000096e+02
175242 2.000091e+02
175690 2.000089e+02
175937 2.000085e+02
175995 2.000079e+02
176034 2.000079e+02
176228 2.000076e+02
176268 2.000076e+02
176335 2.000068e+02
176549 2.000067e+02
176593 2.000065e+02
176723 2.000065e+02
176926 2.000059e+02
177068 2.000058e+02
177224 2.000057e+02
177265 2.000057e+02
177288 2.000055e+02
177891 2.000053e+02
178078 2.000051e+02
178152 2.000048e+02
178248 2.000048e+02
178337 2.000046e+02
178662 2.000044e+02
178812 2.000042e+02
178854 2.000039e+02
178972 2.000039e+02
179193 2.000037e+02
179261 2.000036e+02
179356 2.000035e+02
179359 2.000033e+02
179614 2.000033e+02
180115 2.000032e+02
180297 2.000030e+02
180335 2.000029e+02
180397 2.000028e+02
180650 2.000027e+02
181033 2.000026e+02
181214 2.000026e+02
181339 2.000025e+02
181469 2.000023e+02
181737 2.000022e+02
182016 2.000022e+02
182428 2.000021e+02
182766 2.000019e+02
182856 2.000018e+02
182917 2.000018e+02
183443 2.000017e+02
183735 2.000014e+02
183889 2.000014e+02
184514 2.000012e+02
185301 2.000011e+02
185435 2.000009e+02
185778 2.000009e+02
185982 2.000009e+02
186277 2.000009e+02
186338 2.000009e+02
186398 2.000008e+02
186455 2.000008e+02
186495 2.000008e+02
186677 2.000008e+02
186707 2.000007e+02
186999 2.000006e+02
187112 2.000006e+02
187510 2.000006e+02
187784 2.000006e+02
187935 2.000006e+02
188193 2.000005e+02
188385 2.000005e+02
188653 2.000004e+02
188996 2.000004e+02
189267 2.000004e+02
189302 2.000004e+02
189646 2.000003e+02
190715 2.000003e+02
190772 2.000003e+02
190946 2.000003e+02
191919 2.000002e+02
192764 2.000002e+02
192965 2.000002e+02
192994 2.000002e+02
193140 2.000002e+02
193527 2.000001e+02
193595 2.000001e+02
194510 2.000001e+02
194899 2.000001e+02
195181 2.000001e+02
195471 2.000001e+02
195479 2.000001e+02
195486 2.000001e+02
195609 2.000001e+02
195662 2.000001e+02
195728 2.000001e+02
195745 2.000001e+02
195756 2.000001e+02
195806 2.000001e+02
195909 2.000001e+02
196074 2.000001e+02
196230 2.000000e+02
196561 2.000000e+02
196865 2.000000e+02
196982 2.000000e+02
197141 2.000000e+02
197208 2.000000e+02
197614 2.000000e+02
197802 2.000000e+02
197878 2.000000e+02
197882 2.000000e+02
198005 2.000000e+02
198043 2.000000e+02
198093 2.000000e+02
198488 2.000000e+02
198566 2.000000e+02
198632 2.000000e+02
198650 2.000000e+02
198665 2.000000e+02
198940 2.000000e+02
199003 2.000000e+02
199302 2.000000e+02
199647 2.000000e+02
199660 2.000000e+02
199668 2.000000e+02
199929 2.000000e+02
200043 2.000000e+02
200048 2.000000e+02
200079 2.000000e+02
200128 2.000000e+02
200661 2.000000e+02
201161 2.000000e+02
201200 2.000000e+02
201470 2.000000e+02
201524 2.000000e+02
201593 2.000000e+02
201620 2.000000e+02
201624 2.000000e+02
201969 2.000000e+02
202507 2.000000e+02
202687 2.000000e+02
203050 2.000000e+02
203363 2.000000e+02
203521 2.000000e+02
203537 2.000000e+02
203558 2.000000e+02
203827 2.000000e+02
203850 2.000000e+02
203855 2.000000e+02
203952 2.000000e+02
204323 2.000000e+02
204543 2.000000e+02
204688 2.000000e+02
204811 2.000000e+02
205123 2.000000e+02
205277 2.000000e+02
205383 2.000000e+02
205418 2.000000e+02
205484 2.000000e+02
205796 2.000000e+02
205908 2.000000e+02
206397 2.000000e+02
206567 2.000000e+02
206667 2.000000e+02
206887 2.000000e+02
207046 2.000000e+02
207223 2.000000e+02
207250 2.000000e+02
207263 2.000000e+02
207424 2.000000e+02
207687 2.000000e+02
207709 2.000000e+02
207865 2.000000e+02
208263 2.000000e+02
208295 2.000000e+02
208304 2.000000e+02
208575 2.000000e+02
208659 2.000000e+02
208832 2.000000e+02
208843 2.000000e+02
208916 2.000000e+02
209021 2.000000e+02
209268 2.000000e+02
209423 2.000000e+02
209805 2.000000e+02
209874 2.000000e+02
210210 2.000000e+02
210250 2.000000e+02
210287 2.000000e+02
210310 2.000000e+02
210384 2.000000e+02
210489 2.000000e+02
210618 2.000000e+02
210650 2.000000e+02
210731 2.000000e+02
210879 2.000000e+02
211027 2.000000e+02
211126 2.000000e+02
211304 2.000000e+02
