1 1.689237e+03
4 1.017265e+03
34 6.076252e+02
44 5.699297e+02
161 5.396607e+02
163 4.456780e+02
356 4.377214e+02
521 4.043944e+02
538 3.794189e+02
589 3.733795e+02
651 3.660210e+02
745 3.640404e+02
755 3.557904e+02
789 3.453135e+02
791 3.379347e+02
923 3.323801e+02
976 3.283736e+02
1003 3.240134e+02
1013 3.240098e+02
1021 3.213278e+02
1043 3.191370e+02
1056 3.097263e+02
1184 3.050137e+02
1195 2.959044e+02
1323 2.898664e+02
1503 2.887267e+02
1609 2.881783e+02
1670 2.881664e+02
1744 2.829680e+02
1799 2.734685e+02
1820 2.731756e+02
1842 2.662588e+02
2076 2.637783e+02
2131 2.593351e+02
2318 2.580249e+02
2336 2.574183e+02
2395 2.561431e+02
2554 2.532278e+02
2660 2.484529e+02
2804 2.472451e+02
2826 2.431463e+02
2934 2.408495e+02
3084 2.381187e+02
3156 2.340847e+02
3287 2.321349e+02
3380 2.314597e+02
3494 2.284910e+02
3604 2.277401e+02
3702 2.247629e+02
3812 2.245080e+02
3830 2.231037e+02
3947 2.226892e+02
4037 2.207688e+02
4107 2.194583e+02
4300 2.189736e+02
4472 2.189415e+02
4567 2.176190e+02
4624 2.153492e+02
4857 2.140957e+02
4938 2.133726e+02
5222 2.130698e+02
5237 2.126940e+02
5252 2.123315e+02
5253 2.121544e+02
5258 2.120807e+02
5269 2.113813e+02
5273 2.107703e+02
5480 2.107218e+02
5517 2.102403e+02
5557 2.089800e+02
5782 2.089245e+02
5799 2.088628e+02
5806 2.082323e+02
5829 2.081791e+02
5985 2.078907e+02
6107 2.074125e+02
6180 2.073050e+02
6368 2.071052e+02
6475 2.069176e+02
6492 2.067584e+02
6519 2.066814e+02
6529 2.066142e+02
6688 2.065625e+02
6690 2.062674e+02
6748 2.062394e+02
6784 2.058078e+02
6893 2.056996e+02
6975 2.055345e+02
7114 2.050201e+02
7318 2.047213e+02
7459 2.043948e+02
7493 2.042909e+02
7532 2.038937e+02
7830 2.037573e+02
7862 2.036791e+02
7942 2.036706e+02
7943 2.036667e+02
7966 2.035978e+02
8043 2.033555e+02
8168 2.033102e+02
8288 2.031888e+02
8565 2.031836e+02
8607 2.030787e+02
8651 2.029887e+02
8772 2.029761e+02
8830 2.028807e+02
8970 2.028682e+02
8987 2.027404e+02
9409 2.026055e+02
9479 2.025869e+02
9657 2.024839e+02
9839 2.024807e+02
9867 2.024425e+02
9955 2.023950e+02
10207 2.023536e+02
10256 2.023533e+02
10259 2.023237e+02
10263 2.022834e+02
10353 2.022819e+02
10357 2.021841e+02
10467 2.021374e+02
10737 2.021338e+02
10751 2.020968e+02
10767 2.020864e+02
10980 2.020102e+02
11006 2.020098e+02
11008 2.020030e+02
11073 2.019324e+02
11170 2.019161e+02
11264 2.018393e+02
11310 2.018210e+02
11353 2.017472e+02
11682 2.016940e+02
11842 2.016901e+02
11843 2.016711e+02
11858 2.016513e+02
11922 2.016390e+02
11931 2.016340e+02
12091 2.016029e+02
12244 2.015834e+02
12302 2.015749e+02
12320 2.015624e+02
12382 2.015189e+02
12390 2.015131e+02
12462 2.015105e+02
12488 2.015103e+02
12526 2.014955e+02
12641 2.014811e+02
12682 2.014794e+02
12695 2.014594e+02
12848 2.014485e+02
12868 2.014394e+02
12888 2.013751e+02
13096 2.013248e+02
13865 2.013242e+02
13917 2.013188e+02
13924 2.013038e+02
13961 2.012992e+02
13969 2.012976e+02
14014 2.012971e+02
14150 2.012699e+02
14300 2.012566e+02
14442 2.012545e+02
14601 2.012447e+02
14756 2.012439e+02
14836 2.012367e+02
14862 2.012331e+02
15027 2.012228e+02
15070 2.012166e+02
15124 2.012106e+02
15165 2.012064e+02
15209 2.011951e+02
15543 2.011866e+02
15741 2.011854e+02
15773 2.011849e+02
15804 2.011785e+02
15890 2.011764e+02
15956 2.011698e+02
15998 2.011696e+02
16246 2.011674e+02
16286 2.011662e+02
16300 2.011642e+02
16340 2.011638e+02
16344 2.011616e+02
16497 2.011605e+02
16537 2.011569e+02
16699 2.011553e+02
16784 2.011535e+02
16821 2.011517e+02
16960 2.011511e+02
17054 2.011493e+02
17087 2.011487e+02
17096 2.011475e+02
17222 2.011442e+02
17233 2.011440e+02
17266 2.011436e+02
17429 2.011424e+02
17546 2.011420e+02
17566 2.011419e+02
17571 2.011414e+02
17592 2.011409e+02
17653 2.011397e+02
17666 2.011394e+02
17760 2.011385e+02
17909 2.011370e+02
17939 2.011358e+02
18160 2.011352e+02
18174 2.011342e+02
18397 2.011335e+02
18522 2.011328e+02
18547 2.011327e+02
18554 2.011319e+02
18619 2.011315e+02
18655 2.011309e+02
18671 2.011301e+02
18759 2.011300e+02
18804 2.011293e+02
18846 2.011286e+02
18902 2.011284e+02
18983 2.011279e+02
18989 2.011277e+02
19159 2.011274e+02
19232 2.011269e+02
19248 2.011268e+02
19270 2.011265e+02
19310 2.011260e+02
19321 2.011259e+02
19339 2.011255e+02
19366 2.011251e+02
19429 2.011245e+02
19510 2.011244e+02
19511 2.011241e+02
19514 2.011232e+02
19714 2.011226e+02
19806 2.011225e+02
19946 2.011224e+02
19951 2.011221e+02
19968 2.011214e+02
20019 2.011214e+02
20033 2.011211e+02
20101 2.011209e+02
20212 2.011209e+02
20215 2.011207e+02
20226 2.011201e+02
20251 2.011198e+02
20459 2.011197e+02
20461 2.011196e+02
20480 2.011194e+02
20496 2.011189e+02
20593 2.011185e+02
20651 2.011183e+02
20773 2.011182e+02
20787 2.011180e+02
20892 2.011174e+02
21255 2.011173e+02
21309 2.011173e+02
21387 2.011171e+02
21474 2.011171e+02
21500 2.011170e+02
21522 2.011170e+02
21555 2.011170e+02
21577 2.011169e+02
21594 2.011167e+02
21631 2.011166e+02
21636 2.011166e+02
21654 2.011165e+02
21670 2.011165e+02
21716 2.011162e+02
22217 2.011160e+02
22253 2.011160e+02
22275 2.011160e+02
22283 2.011159e+02
22360 2.011159e+02
22362 2.011157e+02
22478 2.011156e+02
22726 2.011155e+02
22735 2.011154e+02
22764 2.011153e+02
22967 2.011153e+02
22970 2.011152e+02
22996 2.011152e+02
23043 2.011151e+02
23085 2.011150e+02
23337 2.011149e+02
23518 2.011149e+02
23570 2.011148e+02
23647 2.011148e+02
23648 2.011148e+02
23691 2.011148e+02
23799 2.011147e+02
23813 2.011147e+02
23816 2.011147e+02
23883 2.011147e+02
24001 2.011147e+02
24004 2.011147e+02
24011 2.011147e+02
24036 2.011146e+02
24066 2.011146e+02
24217 2.011145e+02
24234 2.011145e+02
24400 2.011145e+02
24420 2.011145e+02
24448 2.011144e+02
24683 2.011144e+02
24712 2.011144e+02
24846 2.011143e+02
24958 2.011143e+02
25027 2.011143e+02
25197 2.011143e+02
25278 2.011143e+02
25492 2.011143e+02
25535 2.011143e+02
25559 2.011143e+02
25600 2.011143e+02
25601 2.011142e+02
25629 2.011142e+02
25653 2.011142e+02
25750 2.011142e+02
25903 2.011142e+02
25920 2.011142e+02
26041 2.011142e+02
26043 2.011142e+02
26056 2.011142e+02
26263 2.011142e+02
26271 2.011142e+02
26422 2.011142e+02
26468 2.011142e+02
26529 2.011142e+02
26552 2.011142e+02
26602 2.011142e+02
26622 2.011142e+02
26672 2.011142e+02
26691 2.011142e+02
26748 2.011142e+02
26795 2.011141e+02
26924 2.011141e+02
26960 2.011141e+02
27178 2.011141e+02
27191 2.011141e+02
27290 2.011141e+02
27323 2.011141e+02
27447 2.011141e+02
27448 2.011141e+02
27465 2.011141e+02
27486 2.011141e+02
27650 2.011141e+02
27684 2.011141e+02
27727 2.011141e+02
27831 2.011141e+02
27952 2.011141e+02
27956 2.011141e+02
27970 2.011141e+02
27982 2.011141e+02
28015 2.011141e+02
28053 2.011141e+02
28057 2.011141e+02
28080 2.011141e+02
28119 2.011141e+02
28125 2.011141e+02
28146 2.011141e+02
28173 2.011141e+02
28402 2.011141e+02
28462 2.011141e+02
28505 2.011141e+02
28657 2.011141e+02
28750 2.011141e+02
28763 2.011141e+02
28797 2.011141e+02
28798 2.011141e+02
28844 2.011141e+02
28858 2.011141e+02
28906 2.011141e+02
28926 2.011141e+02
29015 2.011141e+02
29028 2.011141e+02
29065 2.011141e+02
29084 2.011141e+02
29121 2.011141e+02
29122 2.011141e+02
29178 2.011141e+02
29203 2.011141e+02
29251 2.011141e+02
29303 2.011141e+02
29567 2.011141e+02
29599 2.011141e+02
29652 2.011141e+02
29655 2.011141e+02
29664 2.011141e+02
29703 2.011141e+02
29719 2.011141e+02
29785 2.011141e+02
29818 2.011141e+02
29819 2.011141e+02
29858 2.011141e+02
29904 2.011141e+02
29906 2.011141e+02
29918 2.011141e+02
29968 2.011141e+02
29969 2.011141e+02
30098 2.011141e+02
30127 2.011141e+02
30133 2.011141e+02
30253 2.011141e+02
30393 2.011141e+02
30466 2.011141e+02
30546 2.011141e+02
30553 2.011141e+02
30575 2.011141e+02
30586 2.011141e+02
30750 2.011141e+02
30756 2.011141e+02
30784 2.011141e+02
30804 2.011141e+02
30815 2.011141e+02
30816 2.011141e+02
30876 2.011141e+02
31016 2.011141e+02
31099 2.011141e+02
31295 2.011141e+02
31330 2.011141e+02
31373 2.011141e+02
31461 2.011141e+02
31479 2.011141e+02
31489 2.011141e+02
31496 2.011141e+02
31549 2.011141e+02
31661 2.011141e+02
31703 2.011141e+02
31817 2.011141e+02
31939 2.011141e+02
32010 2.011141e+02
32047 2.011141e+02
32064 2.011141e+02
32085 2.011141e+02
32134 2.011141e+02
32271 2.011141e+02
32367 2.011141e+02
32385 2.011141e+02
32411 2.011141e+02
32464 2.011141e+02
32535 2.011141e+02
32730 2.011141e+02
32758 2.011141e+02
32817 2.011141e+02
32839 2.011141e+02
32853 2.011141e+02
33156 2.011141e+02
33351 2.011141e+02
33354 2.011141e+02
33517 2.011141e+02
33564 2.011141e+02
33662 2.011141e+02
33664 2.011141e+02
33744 2.011141e+02
33837 2.011141e+02
33875 2.011141e+02
33915 2.011141e+02
34059 2.011141e+02
34152 2.011141e+02
34178 2.011141e+02
34195 2.011141e+02
34321 2.011141e+02
34348 2.011141e+02
34425 2.011141e+02
34457 2.011141e+02
34505 2.011141e+02
34566 2.011141e+02
34610 2.011141e+02
34637 2.011141e+02
34641 2.011141e+02
34672 2.011141e+02
34686 2.011141e+02
34846 2.011141e+02
35055 2.011141e+02
35322 2.011141e+02
35350 2.011141e+02
35396 2.011141e+02
35410 2.011141e+02
35454 2.011141e+02
35497 2.011141e+02
35501 2.011141e+02
35538 2.011141e+02
35660 2.011141e+02
35690 2.011141e+02
35713 2.011141e+02
35783 2.011141e+02
35838 2.011141e+02
35882 2.011141e+02
35892 2.011141e+02
35904 2.011141e+02
35968 2.011141e+02
36007 2.011141e+02
36097 2.011141e+02
36137 2.011141e+02
36166 2.011141e+02
36179 2.011141e+02
36235 2.011141e+02
36238 2.011141e+02
36436 2.011141e+02
36520 2.011141e+02
36589 2.011141e+02
36609 2.011141e+02
36645 2.011141e+02
36668 2.011141e+02
36722 2.011141e+02
36723 2.011141e+02
36747 2.011141e+02
36778 2.011141e+02
36856 2.011141e+02
36863 2.011141e+02
36872 2.011141e+02
36904 2.011141e+02
36951 2.011141e+02
36962 2.011141e+02
37071 2.011141e+02
37083 2.011141e+02
37208 2.011141e+02
37239 2.011141e+02
37255 2.011141e+02
37280 2.011141e+02
37307 2.011141e+02
37318 2.011141e+02
37350 2.011141e+02
37409 2.011141e+02
37452 2.011141e+02
37490 2.011141e+02
37515 2.011141e+02
37554 2.011141e+02
37558 2.011141e+02
37640 2.011141e+02
37712 2.011141e+02
37717 2.011141e+02
37749 2.011141e+02
37797 2.011141e+02
37822 2.011141e+02
37900 2.011141e+02
37934 2.011141e+02
37947 2.011141e+02
37970 2.011141e+02
37982 2.011141e+02
38031 2.011141e+02
38131 2.011141e+02
38156 2.011141e+02
38157 2.011141e+02
38303 2.011141e+02
38342 2.011141e+02
38520 2.011141e+02
38576 2.011141e+02
38671 2.011141e+02
38672 2.011141e+02
38682 2.011141e+02
38731 2.011141e+02
38788 2.011141e+02
38804 2.011141e+02
38887 2.011141e+02
38954 2.011141e+02
38968 2.011141e+02
39047 2.011141e+02
39058 2.011141e+02
39060 2.011141e+02
39071 2.011141e+02
39094 2.011141e+02
39153 2.011141e+02
39186 2.011141e+02
39228 2.011141e+02
39251 2.011141e+02
39253 2.011141e+02
39272 2.011141e+02
39275 2.011141e+02
39279 2.011141e+02
39284 2.011141e+02
39322 2.011141e+02
39344 2.011141e+02
39381 2.011141e+02
39482 2.011141e+02
39568 2.011141e+02
39603 2.011141e+02
39612 2.011141e+02
39632 2.011141e+02
39665 2.011141e+02
39723 2.011141e+02
39754 2.011141e+02
39764 2.011141e+02
39814 2.011141e+02
39832 2.011141e+02
39897 2.011141e+02
39898 2.011141e+02
39910 2.011141e+02
40080 2.011141e+02
40094 2.011141e+02
40122 2.011141e+02
40235 2.011141e+02
40248 2.011141e+02
40307 2.011141e+02
99559 2.009713e+02
99668 2.009496e+02
99794 2.009331e+02
99798 2.008877e+02
99962 2.008648e+02
100086 2.008547e+02
100106 2.008242e+02
100130 2.007918e+02
100229 2.007890e+02
100265 2.006469e+02
100516 2.006399e+02
100563 2.005575e+02
100704 2.005377e+02
100743 2.004977e+02
100825 2.004601e+02
100843 2.004577e+02
101002 2.004551e+02
101064 2.004375e+02
101199 2.003993e+02
101297 2.003954e+02
101393 2.003569e+02
101472 2.003538e+02
101537 2.003383e+02
101689 2.003281e+02
101789 2.003279e+02
101801 2.003235e+02
101829 2.003099e+02
101897 2.003017e+02
101932 2.002914e+02
102020 2.002743e+02
102159 2.002634e+02
102204 2.002443e+02
102269 2.002405e+02
102352 2.002366e+02
102353 2.002150e+02
102408 2.002110e+02
102553 2.002026e+02
102559 2.001931e+02
102644 2.001845e+02
102655 2.001742e+02
102818 2.001729e+02
103015 2.001527e+02
103316 2.001521e+02
103412 2.001514e+02
103494 2.001510e+02
103513 2.001462e+02
103558 2.001451e+02
103646 2.001377e+02
103701 2.001338e+02
103802 2.001302e+02
103874 2.001272e+02
103911 2.001265e+02
103998 2.001254e+02
104034 2.001142e+02
104058 2.001127e+02
104126 2.001126e+02
104198 2.001057e+02
104546 2.001007e+02
104597 2.000999e+02
104626 2.000978e+02
104778 2.000973e+02
104802 2.000945e+02
104859 2.000940e+02
104925 2.000939e+02
104981 2.000903e+02
105084 2.000895e+02
105132 2.000884e+02
105142 2.000873e+02
105201 2.000848e+02
105327 2.000842e+02
105333 2.000826e+02
105343 2.000822e+02
105377 2.000815e+02
105400 2.000804e+02
105502 2.000787e+02
105513 2.000778e+02
105531 2.000758e+02
105628 2.000750e+02
105830 2.000744e+02
105843 2.000726e+02
106012 2.000725e+02
106058 2.000717e+02
106250 2.000702e+02
106274 2.000679e+02
106333 2.000677e+02
106420 2.000666e+02
106690 2.000665e+02
106719 2.000651e+02
106925 2.000647e+02
106982 2.000643e+02
106998 2.000642e+02
107180 2.000638e+02
107192 2.000623e+02
107298 2.000609e+02
107456 2.000607e+02
107505 2.000607e+02
107507 2.000603e+02
107525 2.000602e+02
107535 2.000597e+02
107540 2.000592e+02
107623 2.000585e+02
107927 2.000583e+02
107944 2.000583e+02
108104 2.000581e+02
108119 2.000580e+02
108187 2.000579e+02
108200 2.000574e+02
108313 2.000569e+02
108367 2.000566e+02
108403 2.000564e+02
108470 2.000555e+02
108893 2.000555e+02
108965 2.000554e+02
108999 2.000553e+02
109040 2.000551e+02
109219 2.000548e+02
109296 2.000548e+02
109300 2.000545e+02
109347 2.000542e+02
109427 2.000541e+02
109543 2.000538e+02
109975 2.000537e+02
110024 2.000536e+02
110031 2.000534e+02
110057 2.000533e+02
110216 2.000530e+02
110297 2.000528e+02
110460 2.000528e+02
110466 2.000525e+02
110563 2.000525e+02
110862 2.000525e+02
110888 2.000525e+02
110925 2.000524e+02
110980 2.000524e+02
110983 2.000524e+02
110984 2.000523e+02
110998 2.000523e+02
111136 2.000522e+02
111181 2.000521e+02
111262 2.000521e+02
111284 2.000520e+02
111357 2.000519e+02
111420 2.000519e+02
111530 2.000517e+02
111601 2.000516e+02
111772 2.000515e+02
111826 2.000515e+02
111980 2.000515e+02
112015 2.000515e+02
112024 2.000514e+02
112088 2.000514e+02
112189 2.000514e+02
112209 2.000514e+02
112252 2.000514e+02
112313 2.000513e+02
112352 2.000512e+02
112448 2.000512e+02
112495 2.000511e+02
112523 2.000511e+02
112638 2.000511e+02
112648 2.000510e+02
112676 2.000510e+02
112873 2.000509e+02
112911 2.000509e+02
113033 2.000509e+02
113092 2.000509e+02
113167 2.000509e+02
113249 2.000509e+02
113317 2.000508e+02
113369 2.000508e+02
113378 2.000508e+02
113394 2.000508e+02
113496 2.000508e+02
113515 2.000508e+02
113603 2.000508e+02
113639 2.000507e+02
113692 2.000507e+02
113713 2.000507e+02
113779 2.000507e+02
113823 2.000507e+02
113985 2.000507e+02
114010 2.000506e+02
114229 2.000506e+02
114365 2.000506e+02
114370 2.000506e+02
114551 2.000506e+02
114628 2.000506e+02
114672 2.000506e+02
114684 2.000505e+02
114781 2.000505e+02
114907 2.000505e+02
114914 2.000505e+02
115020 2.000505e+02
115047 2.000505e+02
115086 2.000505e+02
115133 2.000505e+02
115203 2.000504e+02
115283 2.000504e+02
115293 2.000504e+02
115375 2.000504e+02
115457 2.000504e+02
115528 2.000504e+02
115529 2.000504e+02
115607 2.000504e+02
115616 2.000504e+02
115621 2.000504e+02
115651 2.000504e+02
115742 2.000504e+02
115890 2.000504e+02
115972 2.000504e+02
115973 2.000504e+02
116083 2.000504e+02
116120 2.000503e+02
116284 2.000503e+02
116353 2.000503e+02
116415 2.000503e+02
116497 2.000503e+02
116537 2.000503e+02
116552 2.000503e+02
116663 2.000503e+02
116732 2.000503e+02
116840 2.000503e+02
116859 2.000503e+02
116999 2.000503e+02
117014 2.000503e+02
117045 2.000503e+02
117065 2.000503e+02
117114 2.000503e+02
117161 2.000503e+02
117224 2.000503e+02
117275 2.000503e+02
117314 2.000503e+02
117399 2.000503e+02
117446 2.000503e+02
117467 2.000503e+02
117508 2.000503e+02
117532 2.000503e+02
117565 2.000503e+02
117697 2.000503e+02
117722 2.000503e+02
117860 2.000503e+02
117904 2.000503e+02
117980 2.000503e+02
118143 2.000503e+02
118197 2.000503e+02
118296 2.000503e+02
118401 2.000503e+02
118526 2.000503e+02
118547 2.000503e+02
118563 2.000503e+02
118615 2.000503e+02
118814 2.000503e+02
118975 2.000503e+02
119174 2.000503e+02
119240 2.000503e+02
119273 2.000503e+02
119400 2.000503e+02
119529 2.000503e+02
119534 2.000503e+02
119563 2.000503e+02
119569 2.000503e+02
119571 2.000503e+02
119632 2.000503e+02
119670 2.000503e+02
119689 2.000503e+02
119710 2.000503e+02
119726 2.000503e+02
119763 2.000503e+02
119774 2.000503e+02
119784 2.000503e+02
119828 2.000503e+02
119899 2.000503e+02
119913 2.000503e+02
119947 2.000503e+02
119971 2.000503e+02
119989 2.000503e+02
120018 2.000503e+02
120095 2.000503e+02
120138 2.000503e+02
120146 2.000503e+02
120334 2.000503e+02
120363 2.000503e+02
120402 2.000503e+02
120438 2.000503e+02
120455 2.000503e+02
120536 2.000503e+02
120592 2.000503e+02
120604 2.000503e+02
120637 2.000503e+02
120715 2.000503e+02
120763 2.000503e+02
120919 2.000503e+02
120926 2.000503e+02
120958 2.000503e+02
121035 2.000503e+02
121054 2.000503e+02
121069 2.000503e+02
121327 2.000503e+02
121367 2.000503e+02
121375 2.000503e+02
121449 2.000503e+02
121459 2.000503e+02
121471 2.000503e+02
121505 2.000503e+02
121543 2.000503e+02
121579 2.000503e+02
121588 2.000503e+02
121606 2.000503e+02
121612 2.000503e+02
121684 2.000503e+02
121741 2.000503e+02
121869 2.000503e+02
121887 2.000503e+02
121917 2.000503e+02
121925 2.000503e+02
121971 2.000503e+02
122021 2.000503e+02
122034 2.000503e+02
122355 2.000503e+02
122358 2.000503e+02
122372 2.000503e+02
122381 2.000503e+02
122434 2.000503e+02
122492 2.000503e+02
122517 2.000503e+02
122556 2.000503e+02
122689 2.000503e+02
122694 2.000503e+02
122715 2.000503e+02
122746 2.000503e+02
122809 2.000503e+02
122953 2.000503e+02
122964 2.000503e+02
123210 2.000503e+02
123250 2.000503e+02
123270 2.000503e+02
123290 2.000503e+02
123367 2.000503e+02
123388 2.000503e+02
123539 2.000503e+02
123676 2.000503e+02
123704 2.000503e+02
123734 2.000503e+02
123736 2.000503e+02
123770 2.000503e+02
124007 2.000503e+02
124165 2.000503e+02
124291 2.000503e+02
124341 2.000503e+02
124381 2.000503e+02
124395 2.000503e+02
124596 2.000503e+02
124656 2.000503e+02
124903 2.000503e+02
124924 2.000503e+02
124936 2.000503e+02
125103 2.000503e+02
125262 2.000503e+02
125296 2.000503e+02
125442 2.000503e+02
125652 2.000503e+02
125785 2.000503e+02
125880 2.000503e+02
125977 2.000503e+02
126067 2.000503e+02
126074 2.000503e+02
126116 2.000503e+02
126150 2.000503e+02
126189 2.000503e+02
126222 2.000503e+02
126288 2.000503e+02
126315 2.000503e+02
126384 2.000503e+02
126406 2.000503e+02
126407 2.000503e+02
126409 2.000503e+02
126483 2.000503e+02
126550 2.000503e+02
126638 2.000503e+02
126750 2.000503e+02
126884 2.000503e+02
126932 2.000503e+02
126933 2.000503e+02
127015 2.000503e+02
127041 2.000503e+02
127052 2.000503e+02
127072 2.000503e+02
127088 2.000503e+02
127121 2.000503e+02
127233 2.000503e+02
127250 2.000503e+02
127272 2.000503e+02
127298 2.000503e+02
127338 2.000503e+02
127343 2.000503e+02
127353 2.000503e+02
127358 2.000503e+02
127360 2.000503e+02
127385 2.000503e+02
127390 2.000503e+02
127408 2.000503e+02
127416 2.000503e+02
127452 2.000503e+02
127494 2.000503e+02
127533 2.000503e+02
127731 2.000503e+02
127767 2.000503e+02
127783 2.000503e+02
127808 2.000503e+02
127814 2.000503e+02
127863 2.000503e+02
127892 2.000503e+02
127917 2.000503e+02
127923 2.000503e+02
127944 2.000503e+02
127947 2.000503e+02
127952 2.000503e+02
127985 2.000503e+02
128001 2.000502e+02
128041 2.000502e+02
128093 2.000502e+02
128107 2.000502e+02
128201 2.000502e+02
128233 2.000502e+02
128246 2.000502e+02
128293 2.000502e+02
128394 2.000502e+02
128444 2.000502e+02
128472 2.000502e+02
128540 2.000502e+02
128652 2.000502e+02
128709 2.000502e+02
128819 2.000502e+02
128876 2.000502e+02
128921 2.000502e+02
128938 2.000502e+02
128954 2.000502e+02
128965 2.000502e+02
129032 2.000502e+02
129082 2.000502e+02
129100 2.000502e+02
129105 2.000502e+02
129183 2.000502e+02
129254 2.000502e+02
129324 2.000502e+02
129329 2.000502e+02
129361 2.000502e+02
129381 2.000502e+02
129488 2.000502e+02
129535 2.000502e+02
129551 2.000502e+02
129604 2.000502e+02
129629 2.000502e+02
129635 2.000502e+02
129639 2.000502e+02
129724 2.000502e+02
129784 2.000502e+02
129813 2.000502e+02
129868 2.000502e+02
129930 2.000502e+02
129940 2.000502e+02
129947 2.000502e+02
130008 2.000502e+02
130050 2.000502e+02
130064 2.000502e+02
130092 2.000502e+02
130172 2.000502e+02
130179 2.000502e+02
130196 2.000502e+02
130205 2.000502e+02
130218 2.000502e+02
130379 2.000502e+02
130441 2.000502e+02
130467 2.000502e+02
130470 2.000502e+02
130471 2.000502e+02
130536 2.000502e+02
130634 2.000502e+02
130658 2.000502e+02
130675 2.000502e+02
130735 2.000502e+02
130764 2.000502e+02
130782 2.000502e+02
130830 2.000502e+02
130881 2.000502e+02
130884 2.000502e+02
130905 2.000502e+02
130989 2.000502e+02
131042 2.000502e+02
131097 2.000502e+02
131130 2.000502e+02
131149 2.000502e+02
131150 2.000502e+02
131189 2.000502e+02
131241 2.000502e+02
131295 2.000502e+02
131328 2.000502e+02
131406 2.000502e+02
131421 2.000502e+02
131430 2.000502e+02
131499 2.000502e+02
131521 2.000502e+02
131588 2.000502e+02
131620 2.000502e+02
131643 2.000502e+02
131646 2.000502e+02
131667 2.000502e+02
131694 2.000502e+02
131712 2.000502e+02
131824 2.000502e+02
132060 2.000502e+02
132107 2.000502e+02
132117 2.000502e+02
132232 2.000502e+02
132350 2.000502e+02
132448 2.000502e+02
132449 2.000502e+02
132502 2.000502e+02
132524 2.000502e+02
169260 2.000493e+02
169270 2.000477e+02
169668 2.000464e+02
169833 2.000464e+02
169841 2.000435e+02
169957 2.000434e+02
170352 2.000415e+02
170497 2.000388e+02
170623 2.000388e+02
170679 2.000340e+02
171048 2.000328e+02
171194 2.000321e+02
171456 2.000305e+02
171545 2.000295e+02
171755 2.000289e+02
171882 2.000264e+02
172294 2.000242e+02
172561 2.000227e+02
172645 2.000203e+02
172824 2.000192e+02
173515 2.000176e+02
173863 2.000171e+02
173974 2.000138e+02
174565 2.000130e+02
175287 2.000109e+02
176015 2.000107e+02
176030 2.000091e+02
176469 2.000091e+02
176538 2.000090e+02
176552 2.000090e+02
176717 2.000078e+02
176778 2.000071e+02
177385 2.000070e+02
177466 2.000067e+02
177475 2.000067e+02
177491 2.000062e+02
177549 2.000061e+02
178186 2.000060e+02
178321 2.000057e+02
178440 2.000052e+02
178676 2.000052e+02
178768 2.000050e+02
178927 2.000049e+02
179252 2.000048e+02
179293 2.000047e+02
179445 2.000045e+02
179611 2.000045e+02
179656 2.000044e+02
179726 2.000044e+02
179790 2.000043e+02
179803 2.000037e+02
180414 2.000037e+02
180759 2.000037e+02
180817 2.000034e+02
180938 2.000031e+02
181532 2.000030e+02
181560 2.000030e+02
181631 2.000030e+02
181730 2.000028e+02
181756 2.000026e+02
182051 2.000023e+02
182442 2.000019e+02
183128 2.000018e+02
183624 2.000016e+02
183703 2.000016e+02
183770 2.000014e+02
184530 2.000013e+02
184690 2.000013e+02
184737 2.000013e+02
184888 2.000013e+02
184920 2.000012e+02
185045 2.000012e+02
185167 2.000011e+02
185168 2.000011e+02
185300 2.000010e+02
185815 2.000008e+02
186933 2.000007e+02
187151 2.000007e+02
187250 2.000006e+02
187527 2.000005e+02
187816 2.000005e+02
187911 2.000005e+02
187983 2.000005e+02
188267 2.000005e+02
188320 2.000005e+02
188581 2.000005e+02
188621 2.000004e+02
188714 2.000004e+02
188755 2.000004e+02
188760 2.000004e+02
188802 2.000004e+02
188836 2.000003e+02
189670 2.000003e+02
190135 2.000003e+02
190346 2.000003e+02
190655 2.000003e+02
190831 2.000003e+02
190950 2.000003e+02
191140 2.000003e+02
191283 2.000002e+02
191524 2.000002e+02
191583 2.000002e+02
191584 2.000002e+02
191662 2.000002e+02
191960 2.000002e+02
191987 2.000002e+02
192051 2.000002e+02
192421 2.000002e+02
192593 2.000002e+02
192594 2.000002e+02
192608 2.000002e+02
192612 2.000002e+02
192672 2.000001e+02
193015 2.000001e+02
193135 2.000001e+02
193368 2.000001e+02
193396 2.000001e+02
193494 2.000001e+02
193520 2.000001e+02
193611 2.000001e+02
193646 2.000001e+02
193815 2.000001e+02
194109 2.000001e+02
194396 2.000001e+02
194416 2.000001e+02
194626 2.000001e+02
194659 2.000001e+02
194806 2.000001e+02
194884 2.000001e+02
194973 2.000001e+02
195206 2.000000e+02
195727 2.000000e+02
195935 2.000000e+02
196133 2.000000e+02
196312 2.000000e+02
196407 2.000000e+02
196840 2.000000e+02
196971 2.000000e+02
196991 2.000000e+02
197018 2.000000e+02
197411 2.000000e+02
198004 2.000000e+02
198057 2.000000e+02
198089 2.000000e+02
198131 2.000000e+02
199266 2.000000e+02
199551 2.000000e+02
199614 2.000000e+02
199660 2.000000e+02
199665 2.000000e+02
199677 2.000000e+02
199742 2.000000e+02
199958 2.000000e+02
200005 2.000000e+02
200426 2.000000e+02
200628 2.000000e+02
200858 2.000000e+02
201106 2.000000e+02
201269 2.000000e+02
201675 2.000000e+02
201780 2.000000e+02
201820 2.000000e+02
202131 2.000000e+02
202236 2.000000e+02
202279 2.000000e+02
202293 2.000000e+02
202577 2.000000e+02
202593 2.000000e+02
202855 2.000000e+02
203466 2.000000e+02
203475 2.000000e+02
203489 2.000000e+02
203935 2.000000e+02
204107 2.000000e+02
204215 2.000000e+02
204864 2.000000e+02
204865 2.000000e+02
205133 2.000000e+02
205170 2.000000e+02
205301 2.000000e+02
205395 2.000000e+02
205418 2.000000e+02
205476 2.000000e+02
205501 2.000000e+02
205717 2.000000e+02
205793 2.000000e+02
205805 2.000000e+02
205806 2.000000e+02
206052 2.000000e+02
206335 2.000000e+02
206336 2.000000e+02
206343 2.000000e+02
206464 2.000000e+02
206855 2.000000e+02
207010 2.000000e+02
207208 2.000000e+02
207285 2.000000e+02
207294 2.000000e+02
207454 2.000000e+02
207498 2.000000e+02
207510 2.000000e+02
207644 2.000000e+02
207856 2.000000e+02
208076 2.000000e+02
208193 2.000000e+02
208244 2.000000e+02
208268 2.000000e+02
208435 2.000000e+02
208526 2.000000e+02
208544 2.000000e+02
208681 2.000000e+02
208807 2.000000e+02
208906 2.000000e+02
208931 2.000000e+02
208973 2.000000e+02
209108 2.000000e+02
209204 2.000000e+02
209232 2.000000e+02
209238 2.000000e+02
209308 2.000000e+02
209840 2.000000e+02
210075 2.000000e+02
210095 2.000000e+02
210189 2.000000e+02
210763 2.000000e+02
210977 2.000000e+02
211065 2.000000e+02
211558 2.000000e+02
211717 2.000000e+02
211726 2.000000e+02
211734 2.000000e+02
