1 5.049568e+04
7 3.679304e+04
269 3.216442e+04
358 2.511239e+04
362 1.927736e+04
456 1.188986e+04
576 8.766660e+03
582 8.351000e+03
601 7.692602e+03
611 7.478174e+03
700 7.140872e+03
711 4.737194e+03
729 4.499926e+03
751 4.417546e+03
792 3.711638e+03
840 3.156777e+03
849 2.658416e+03
927 1.632469e+03
1054 1.484998e+03
1106 1.469268e+03
1165 1.453309e+03
1182 1.184091e+03
1261 1.152819e+03
1279 1.100729e+03
1293 9.609881e+02
1335 9.190830e+02
1344 9.028136e+02
1395 7.888996e+02
1410 7.472758e+02
1416 7.035044e+02
1439 6.215101e+02
1447 5.365832e+02
1480 4.806001e+02
1697 4.737185e+02
1702 4.028291e+02
1704 3.922708e+02
1760 3.770997e+02
1793 3.635516e+02
1806 3.338828e+02
1868 3.205988e+02
1916 2.998449e+02
1922 2.895284e+02
1933 2.743784e+02
1939 2.714983e+02
1961 2.068077e+02
2148 1.756879e+02
2235 1.590456e+02
2274 1.505336e+02
2313 1.443135e+02
2332 1.364741e+02
2390 1.252869e+02
2401 1.199562e+02
2431 1.194400e+02
2438 1.067815e+02
2518 9.515153e+01
2676 8.858772e+01
2775 7.652020e+01
2972 7.407999e+01
2978 7.316903e+01
3022 7.196256e+01
3091 6.960057e+01
3187 6.806968e+01
3212 6.636121e+01
3249 6.575730e+01
3305 6.569172e+01
3315 6.420514e+01
3333 6.315670e+01
3383 6.206896e+01
3423 6.145974e+01
3441 5.916785e+01
3462 5.904340e+01
3473 5.762297e+01
3540 5.718811e+01
3578 5.682696e+01
3592 5.619614e+01
3630 5.618764e+01
3638 5.574728e+01
3639 5.411860e+01
3714 5.381107e+01
3730 5.348262e+01
3804 5.285084e+01
3857 5.210286e+01
3902 5.202344e+01
3992 5.201969e+01
3999 5.186732e+01
4022 5.178741e+01
4066 5.172152e+01
4069 5.165522e+01
4080 5.091508e+01
4112 5.081710e+01
4133 5.045764e+01
4227 5.034715e+01
4330 5.013119e+01
4346 4.981472e+01
4459 4.979608e+01
4479 4.966183e+01
4481 4.952770e+01
4492 4.951346e+01
4494 4.943746e+01
4544 4.911550e+01
4748 4.909588e+01
4754 4.908445e+01
4794 4.907777e+01
4823 4.907601e+01
4831 4.900362e+01
4891 4.899927e+01
4930 4.897025e+01
4936 4.888373e+01
4941 4.882761e+01
5103 4.881427e+01
5105 4.880288e+01
5106 4.874425e+01
5278 4.873598e+01
5297 4.871833e+01
5325 4.871055e+01
5331 4.869723e+01
5342 4.859495e+01
5508 4.854916e+01
5553 4.851805e+01
5778 4.851628e+01
5790 4.851040e+01
5792 4.850885e+01
5827 4.850552e+01
5840 4.847080e+01
5896 4.846919e+01
5982 4.845463e+01
6034 4.844601e+01
6070 4.844242e+01
6129 4.844032e+01
6168 4.842346e+01
6297 4.839576e+01
6530 4.836595e+01
6660 4.833364e+01
6764 4.832910e+01
6830 4.832739e+01
6843 4.832167e+01
6853 4.828841e+01
6952 4.823868e+01
7215 4.822443e+01
7250 4.822360e+01
7270 4.820209e+01
7273 4.819760e+01
7329 4.809789e+01
7535 4.808468e+01
7567 4.806945e+01
7794 4.806820e+01
7823 4.792526e+01
8039 4.787648e+01
8296 4.787604e+01
8305 4.784638e+01
8310 4.781214e+01
8335 4.780328e+01
8350 4.776811e+01
8363 4.774850e+01
8410 4.772305e+01
8460 4.767049e+01
8542 4.766323e+01
8719 4.760146e+01
8859 4.756295e+01
8936 4.754187e+01
9002 4.749931e+01
9004 4.744479e+01
9072 4.743387e+01
9113 4.741638e+01
9116 4.735069e+01
9172 4.728197e+01
9375 4.727484e+01
9420 4.726097e+01
9462 4.725753e+01
9474 4.725216e+01
9484 4.722029e+01
9560 4.720664e+01
9595 4.718470e+01
9601 4.718012e+01
9612 4.714839e+01
9713 4.711970e+01
9741 4.711141e+01
9881 4.702658e+01
9912 4.702531e+01
9927 4.697325e+01
9995 4.693802e+01
10044 4.689071e+01
10045 4.684526e+01
10198 4.682530e+01
10432 4.680502e+01
10457 4.670846e+01
10513 4.667454e+01
10677 4.659231e+01
10714 4.654963e+01
10839 4.654738e+01
10877 4.650119e+01
10928 4.648967e+01
10957 4.646545e+01
10962 4.644647e+01
11002 4.644410e+01
11046 4.638616e+01
11117 4.634977e+01
11163 4.633356e+01
11271 4.632290e+01
11296 4.629693e+01
11334 4.624849e+01
11433 4.622788e+01
11570 4.620496e+01
11576 4.619909e+01
11614 4.618781e+01
11631 4.616337e+01
11732 4.614443e+01
11780 4.611868e+01
11789 4.611167e+01
11812 4.608472e+01
11850 4.600158e+01
11960 4.593080e+01
12222 4.592995e+01
12312 4.592359e+01
12366 4.587587e+01
12380 4.585782e+01
12400 4.584244e+01
12466 4.577590e+01
12615 4.575675e+01
12641 4.573955e+01
12747 4.571383e+01
12778 4.569722e+01
12792 4.551988e+01
13095 4.550092e+01
13149 4.542703e+01
13221 4.542236e+01
13409 4.535812e+01
13456 4.530308e+01
13755 4.523637e+01
13789 4.523434e+01
13796 4.522698e+01
13874 4.522483e+01
13912 4.517901e+01
13915 4.517545e+01
13959 4.513269e+01
13988 4.511439e+01
13989 4.511165e+01
13998 4.508672e+01
14007 4.508409e+01
14064 4.504728e+01
14119 4.500127e+01
14333 4.499112e+01
14397 4.497454e+01
14530 4.493538e+01
14549 4.492919e+01
14575 4.490917e+01
14627 4.482824e+01
14708 4.476960e+01
14842 4.476915e+01
14914 4.473262e+01
14945 4.467843e+01
15010 4.466620e+01
15020 4.466617e+01
15162 4.465525e+01
15177 4.464406e+01
15221 4.464268e+01
15222 4.462040e+01
15224 4.461910e+01
15237 4.457189e+01
15249 4.454963e+01
15346 4.452912e+01
15478 4.449976e+01
15499 4.446357e+01
15604 4.442021e+01
15716 4.441272e+01
15789 4.436947e+01
15855 4.436913e+01
15858 4.434374e+01
15926 4.430339e+01
16042 4.428161e+01
16085 4.425756e+01
16124 4.424373e+01
16230 4.416886e+01
16293 4.416754e+01
16325 4.415763e+01
16378 4.413945e+01
16421 4.410631e+01
16476 4.405765e+01
16669 4.402383e+01
16724 4.400424e+01
16817 4.399177e+01
16859 4.395962e+01
16870 4.391972e+01
17017 4.388302e+01
17062 4.386551e+01
17114 4.385510e+01
17199 4.380048e+01
17261 4.378574e+01
17570 4.378308e+01
17612 4.374166e+01
17769 4.374017e+01
17822 4.368479e+01
17938 4.365431e+01
17985 4.364770e+01
18107 4.361528e+01
18187 4.358399e+01
18341 4.357248e+01
18395 4.354495e+01
18538 4.354376e+01
18589 4.354287e+01
18593 4.354103e+01
18595 4.353936e+01
18735 4.353101e+01
18770 4.352827e+01
18945 4.351430e+01
19088 4.351176e+01
19112 4.350890e+01
19187 4.350572e+01
19206 4.349750e+01
19246 4.348907e+01
19266 4.347926e+01
19611 4.347393e+01
19881 4.347282e+01
19938 4.346824e+01
20025 4.346682e+01
20095 4.346627e+01
20142 4.346299e+01
20158 4.346215e+01
20284 4.346057e+01
20310 4.345998e+01
20471 4.345904e+01
20571 4.345669e+01
20667 4.345612e+01
20776 4.345571e+01
20892 4.345352e+01
21074 4.345350e+01
21108 4.345332e+01
21388 4.345314e+01
21390 4.345285e+01
21418 4.345240e+01
21420 4.345194e+01
21483 4.345163e+01
21504 4.345110e+01
21580 4.345041e+01
21691 4.345030e+01
21767 4.345012e+01
21824 4.344984e+01
21847 4.344962e+01
21890 4.344903e+01
22280 4.344903e+01
22296 4.344885e+01
22407 4.344860e+01
22502 4.344825e+01
22886 4.344817e+01
23143 4.344812e+01
23183 4.344805e+01
23424 4.344803e+01
23430 4.344797e+01
23461 4.344797e+01
23604 4.344795e+01
23732 4.344789e+01
23791 4.344786e+01
23806 4.344785e+01
23916 4.344783e+01
23968 4.344782e+01
23980 4.344782e+01
24008 4.344777e+01
24048 4.344770e+01
24244 4.344769e+01
24301 4.344766e+01
24344 4.344764e+01
24353 4.344763e+01
24423 4.344759e+01
24501 4.344759e+01
24541 4.344759e+01
24663 4.344758e+01
24748 4.344758e+01
24781 4.344757e+01
24792 4.344757e+01
24864 4.344755e+01
24963 4.344755e+01
25021 4.344753e+01
25036 4.344752e+01
25106 4.344748e+01
25232 4.344748e+01
25362 4.344748e+01
25380 4.344747e+01
25389 4.344745e+01
25551 4.344744e+01
25776 4.344743e+01
25799 4.344742e+01
25824 4.344742e+01
25863 4.344742e+01
25929 4.344741e+01
25991 4.344741e+01
26042 4.344741e+01
26057 4.344740e+01
26086 4.344740e+01
26095 4.344739e+01
26136 4.344739e+01
26207 4.344738e+01
26256 4.344738e+01
26301 4.344738e+01
26518 4.344737e+01
26543 4.344737e+01
26593 4.344737e+01
26782 4.344737e+01
26790 4.344736e+01
26817 4.344736e+01
27003 4.344736e+01
27155 4.344736e+01
27172 4.344735e+01
27233 4.344735e+01
27248 4.344735e+01
27353 4.344735e+01
27502 4.344735e+01
27522 4.344735e+01
27542 4.344734e+01
27581 4.344734e+01
27612 4.344734e+01
27758 4.344734e+01
27908 4.344734e+01
28013 4.344734e+01
28044 4.344734e+01
28049 4.344734e+01
28208 4.344734e+01
28217 4.344734e+01
28383 4.344734e+01
28410 4.344734e+01
28545 4.344734e+01
28679 4.344734e+01
29045 4.344734e+01
29056 4.344734e+01
29225 4.344734e+01
29277 4.344733e+01
29323 4.344733e+01
29544 4.344733e+01
29574 4.344733e+01
29767 4.344733e+01
29843 4.344733e+01
29958 4.344733e+01
30249 4.344733e+01
30267 4.344733e+01
30589 4.344733e+01
30626 4.344733e+01
30746 4.344733e+01
30876 4.344733e+01
30883 4.344733e+01
30923 4.344733e+01
30993 4.344733e+01
31004 4.344733e+01
31271 4.344733e+01
31336 4.344733e+01
31337 4.344733e+01
31340 4.344733e+01
31350 4.344733e+01
31379 4.344733e+01
31492 4.344733e+01
31615 4.344733e+01
32276 4.344733e+01
32298 4.344733e+01
32350 4.344733e+01
32381 4.344733e+01
32392 4.344733e+01
32400 4.344733e+01
32415 4.344733e+01
32461 4.344733e+01
32489 4.344733e+01
32784 4.344733e+01
32797 4.344733e+01
32814 4.344733e+01
33122 4.344733e+01
33145 4.344733e+01
33146 4.344733e+01
33186 4.344733e+01
33445 4.344733e+01
33577 4.344733e+01
33624 4.344733e+01
33852 4.344733e+01
34154 4.344733e+01
34333 4.344733e+01
34361 4.344733e+01
34372 4.344733e+01
34404 4.344733e+01
34411 4.344733e+01
34498 4.344733e+01
34686 4.344733e+01
34721 4.344733e+01
34802 4.344733e+01
35307 4.344733e+01
35331 4.344733e+01
35379 4.344733e+01
35411 4.344733e+01
35471 4.344733e+01
35656 4.344733e+01
35702 4.344733e+01
35870 4.344733e+01
36078 4.344733e+01
36229 4.344733e+01
36420 4.344733e+01
36463 4.344733e+01
36500 4.344733e+01
36543 4.344733e+01
36679 4.344733e+01
36727 4.344733e+01
36906 4.344733e+01
37211 4.344733e+01
37377 4.344733e+01
37407 4.344733e+01
37560 4.344733e+01
37794 4.344733e+01
38008 4.344733e+01
38035 4.344733e+01
38129 4.344733e+01
38213 4.344733e+01
38309 4.344733e+01
38313 4.344733e+01
38357 4.344733e+01
38542 4.344733e+01
38761 4.344733e+01
39213 4.344733e+01
39274 4.344733e+01
39458 4.344733e+01
39470 4.344733e+01
39499 4.344733e+01
39872 4.344733e+01
40262 4.344733e+01
40351 4.344733e+01
40399 4.344733e+01
40411 4.344733e+01
40437 4.344733e+01
40470 4.344733e+01
40586 4.344733e+01
40628 4.344733e+01
40726 4.344733e+01
40746 4.344733e+01
41012 4.344733e+01
41069 4.344733e+01
41352 4.344733e+01
41365 4.344733e+01
41411 4.344733e+01
41473 4.344733e+01
41509 4.344733e+01
41684 4.344733e+01
42050 4.344733e+01
42144 4.344733e+01
42221 4.344733e+01
42422 4.344733e+01
42463 4.344733e+01
42468 4.344733e+01
42507 4.344733e+01
42579 4.344733e+01
42589 4.344733e+01
42666 4.344733e+01
42689 4.344733e+01
42702 4.344733e+01
42732 4.344733e+01
42755 4.344733e+01
42768 4.344733e+01
42783 4.344733e+01
42795 4.344733e+01
42952 4.344733e+01
43011 4.344733e+01
43101 4.344733e+01
43162 4.344733e+01
43287 4.344733e+01
43390 4.344733e+01
43412 4.344733e+01
43480 4.344733e+01
43516 4.344733e+01
43533 4.344733e+01
43588 4.344733e+01
43614 4.344733e+01
43715 4.344733e+01
43744 4.344733e+01
43789 4.344733e+01
43912 4.344733e+01
44084 4.344733e+01
44092 4.344733e+01
44188 4.344733e+01
44213 4.344733e+01
44238 4.344733e+01
44253 4.344733e+01
44350 4.344733e+01
44495 4.344733e+01
44524 4.344733e+01
44639 4.344733e+01
44733 4.344733e+01
44783 4.344733e+01
44826 4.344733e+01
