1 7.441828e+04
4 6.503795e+04
8 4.175282e+04
14 3.889997e+04
323 3.072415e+04
411 2.985504e+04
445 1.945863e+04
503 1.838021e+04
522 1.065942e+04
627 8.287397e+03
673 6.688879e+03
744 6.270963e+03
830 3.678742e+03
894 2.906787e+03
946 2.683686e+03
987 2.179616e+03
1102 2.159203e+03
1104 2.145157e+03
1128 1.904394e+03
1161 1.888129e+03
1220 1.581409e+03
1246 1.486247e+03
1268 1.189032e+03
1336 8.993121e+02
1388 6.481446e+02
1568 5.498079e+02
1617 5.276260e+02
1696 5.274786e+02
1711 4.997455e+02
1738 4.360429e+02
1756 4.302361e+02
1836 4.059205e+02
1909 4.040866e+02
1913 3.668099e+02
1925 3.424428e+02
1939 2.837596e+02
2144 2.773245e+02
2150 2.439389e+02
2254 2.326371e+02
2270 2.250836e+02
2273 1.927030e+02
2322 1.886206e+02
2340 1.876471e+02
2365 1.825575e+02
2377 1.824173e+02
2382 1.792221e+02
2397 1.641189e+02
2468 1.609521e+02
2488 1.470728e+02
2500 1.458267e+02
2555 1.342550e+02
2575 1.181975e+02
2662 1.172645e+02
2762 9.999624e+01
2845 9.636982e+01
2908 9.428576e+01
2964 9.171320e+01
2986 9.147783e+01
3008 7.986354e+01
3147 7.261651e+01
3185 7.128580e+01
3265 7.022836e+01
3285 6.800641e+01
3294 6.575082e+01
3338 6.543305e+01
3435 6.233738e+01
3456 6.070486e+01
3535 5.856625e+01
3590 5.704215e+01
3701 5.690533e+01
3707 5.685832e+01
3719 5.628574e+01
3745 5.552115e+01
3823 5.498511e+01
3831 5.416036e+01
3839 5.326895e+01
3899 5.283528e+01
3938 5.253451e+01
4006 5.228199e+01
4073 5.134040e+01
4106 5.118746e+01
4250 5.085100e+01
4278 5.064592e+01
4358 5.058118e+01
4370 5.050968e+01
4376 5.031674e+01
4401 5.021835e+01
4422 5.001466e+01
4491 4.957378e+01
4521 4.955723e+01
4595 4.952249e+01
4604 4.940486e+01
4667 4.939384e+01
4724 4.920613e+01
4732 4.920366e+01
4747 4.913179e+01
4772 4.907593e+01
4782 4.900856e+01
4942 4.899838e+01
5049 4.894886e+01
5117 4.893191e+01
5129 4.891074e+01
5142 4.890045e+01
5173 4.886453e+01
5184 4.884686e+01
5212 4.884447e+01
5243 4.879971e+01
5257 4.878394e+01
5274 4.875326e+01
5323 4.874368e+01
5330 4.874081e+01
5342 4.869554e+01
5363 4.868279e+01
5378 4.863546e+01
5424 4.860926e+01
5539 4.858124e+01
5592 4.855246e+01
5669 4.853751e+01
5707 4.851906e+01
5868 4.850273e+01
5983 4.846820e+01
6095 4.845485e+01
6127 4.844214e+01
6189 4.844119e+01
6252 4.840785e+01
6303 4.840191e+01
6331 4.839938e+01
6409 4.836829e+01
6577 4.835507e+01
6709 4.834618e+01
6736 4.831654e+01
6779 4.824370e+01
7085 4.817515e+01
7259 4.816316e+01
7340 4.816115e+01
7380 4.813183e+01
7396 4.807994e+01
7443 4.807958e+01
7451 4.806599e+01
7485 4.805046e+01
7576 4.799756e+01
7704 4.798533e+01
7707 4.794619e+01
7732 4.792227e+01
7802 4.787740e+01
7839 4.786018e+01
7911 4.784794e+01
7954 4.783117e+01
7962 4.781467e+01
7970 4.780263e+01
8056 4.777121e+01
8132 4.765436e+01
8313 4.759560e+01
8512 4.758538e+01
8545 4.758320e+01
8651 4.754925e+01
8771 4.754570e+01
8798 4.744763e+01
8829 4.744709e+01
8931 4.744095e+01
8999 4.739253e+01
9109 4.737092e+01
9112 4.732800e+01
9165 4.731969e+01
9314 4.729947e+01
9421 4.729740e+01
9425 4.726745e+01
9429 4.720727e+01
9646 4.716980e+01
9709 4.708467e+01
9784 4.706997e+01
9815 4.694396e+01
10173 4.685722e+01
10275 4.680674e+01
10368 4.671301e+01
10556 4.669710e+01
10567 4.669544e+01
10670 4.667012e+01
10861 4.665420e+01
10958 4.659422e+01
11064 4.653727e+01
11102 4.640284e+01
11254 4.637609e+01
11297 4.636822e+01
11358 4.635646e+01
11395 4.633883e+01
11436 4.629937e+01
11515 4.623726e+01
11546 4.620711e+01
11586 4.612219e+01
11657 4.609502e+01
11709 4.604322e+01
11846 4.603937e+01
11868 4.592475e+01
12017 4.581775e+01
12335 4.564976e+01
12594 4.561945e+01
12654 4.560069e+01
12735 4.555830e+01
12825 4.554276e+01
12851 4.549020e+01
12858 4.548684e+01
12892 4.548448e+01
12920 4.546994e+01
12967 4.546455e+01
12995 4.546014e+01
13060 4.544315e+01
13155 4.543954e+01
13201 4.535808e+01
13211 4.532789e+01
13272 4.532263e+01
13356 4.531970e+01
13399 4.525002e+01
13627 4.522366e+01
13631 4.516719e+01
13787 4.513847e+01
13808 4.510019e+01
13857 4.509256e+01
13894 4.507238e+01
13925 4.505325e+01
13950 4.499486e+01
14217 4.492079e+01
14318 4.490327e+01
14447 4.483823e+01
14515 4.479198e+01
14735 4.478854e+01
14848 4.478469e+01
14884 4.473730e+01
14894 4.467546e+01
15146 4.465473e+01
15196 4.463728e+01
15228 4.461764e+01
15254 4.453214e+01
15335 4.449941e+01
15365 4.446636e+01
15446 4.442888e+01
15536 4.442822e+01
15542 4.442692e+01
15565 4.441259e+01
15656 4.440076e+01
15774 4.435469e+01
15868 4.433768e+01
15957 4.431974e+01
16001 4.430701e+01
16051 4.428944e+01
16065 4.428478e+01
16068 4.425250e+01
16120 4.416004e+01
16185 4.414927e+01
16200 4.414118e+01
16267 4.410266e+01
16334 4.408467e+01
16354 4.407761e+01
16381 4.407648e+01
16412 4.406060e+01
16418 4.403613e+01
16424 4.402250e+01
16527 4.400123e+01
16608 4.394043e+01
16635 4.390960e+01
16840 4.387017e+01
17074 4.381755e+01
17108 4.379963e+01
17261 4.379680e+01
17266 4.379278e+01
17307 4.375602e+01
17385 4.375263e+01
17407 4.372055e+01
17495 4.368538e+01
17770 4.362774e+01
17834 4.361979e+01
17916 4.360182e+01
18199 4.360092e+01
18220 4.356938e+01
18364 4.356368e+01
18444 4.355392e+01
18529 4.355092e+01
18554 4.354603e+01
18579 4.354497e+01
18614 4.353001e+01
18834 4.352574e+01
18960 4.352515e+01
19005 4.351660e+01
19006 4.351495e+01
19042 4.351183e+01
19043 4.351121e+01
19113 4.350110e+01
19426 4.349449e+01
19461 4.349354e+01
19512 4.349305e+01
19598 4.348501e+01
19624 4.348406e+01
19642 4.348266e+01
19735 4.348091e+01
19751 4.347940e+01
19826 4.347915e+01
19839 4.347866e+01
19857 4.347415e+01
19909 4.347397e+01
19965 4.347298e+01
19998 4.347255e+01
20047 4.347153e+01
20060 4.347016e+01
20079 4.346377e+01
20363 4.346326e+01
20402 4.346128e+01
20478 4.345876e+01
20678 4.345775e+01
20762 4.345767e+01
20774 4.345763e+01
20780 4.345723e+01
20802 4.345499e+01
20966 4.345391e+01
20969 4.345283e+01
21203 4.345223e+01
21301 4.345194e+01
21390 4.345148e+01
21462 4.345080e+01
21591 4.345059e+01
21637 4.345033e+01
21797 4.345013e+01
21826 4.344991e+01
21949 4.344983e+01
21954 4.344926e+01
22044 4.344921e+01
22119 4.344894e+01
22124 4.344883e+01
22305 4.344882e+01
22321 4.344850e+01
22358 4.344843e+01
22592 4.344839e+01
22636 4.344823e+01
22860 4.344823e+01
23202 4.344821e+01
23249 4.344819e+01
23271 4.344814e+01
23377 4.344807e+01
23392 4.344807e+01
23412 4.344800e+01
23488 4.344797e+01
23622 4.344792e+01
23728 4.344789e+01
23888 4.344789e+01
23917 4.344788e+01
23942 4.344777e+01
23966 4.344777e+01
23998 4.344774e+01
24005 4.344770e+01
24058 4.344767e+01
24176 4.344766e+01
24217 4.344765e+01
24268 4.344763e+01
24291 4.344762e+01
24438 4.344761e+01
24492 4.344758e+01
24603 4.344753e+01
24620 4.344751e+01
24652 4.344751e+01
24734 4.344751e+01
24739 4.344750e+01
24794 4.344750e+01
24810 4.344750e+01
24835 4.344749e+01
24865 4.344748e+01
24884 4.344746e+01
24921 4.344744e+01
25325 4.344744e+01
25511 4.344743e+01
25527 4.344742e+01
25543 4.344742e+01
25603 4.344742e+01
25636 4.344740e+01
25709 4.344738e+01
26117 4.344737e+01
26374 4.344737e+01
26516 4.344736e+01
26655 4.344736e+01
26688 4.344736e+01
26713 4.344736e+01
26822 4.344736e+01
27009 4.344735e+01
27077 4.344735e+01
27082 4.344735e+01
27182 4.344735e+01
27481 4.344735e+01
27543 4.344734e+01
27690 4.344734e+01
27722 4.344734e+01
27794 4.344734e+01
27817 4.344734e+01
27961 4.344734e+01
27997 4.344734e+01
28067 4.344734e+01
28083 4.344734e+01
28086 4.344734e+01
28177 4.344734e+01
28237 4.344734e+01
28291 4.344734e+01
28320 4.344734e+01
28394 4.344734e+01
28659 4.344733e+01
28726 4.344733e+01
28793 4.344733e+01
28923 4.344733e+01
28942 4.344733e+01
29006 4.344733e+01
29164 4.344733e+01
29397 4.344733e+01
29447 4.344733e+01
29538 4.344733e+01
29566 4.344733e+01
29728 4.344733e+01
29761 4.344733e+01
29810 4.344733e+01
29868 4.344733e+01
29875 4.344733e+01
30061 4.344733e+01
30134 4.344733e+01
30235 4.344733e+01
30492 4.344733e+01
30511 4.344733e+01
30668 4.344733e+01
30757 4.344733e+01
30842 4.344733e+01
30847 4.344733e+01
30884 4.344733e+01
30995 4.344733e+01
31068 4.344733e+01
31138 4.344733e+01
31194 4.344733e+01
31268 4.344733e+01
31403 4.344733e+01
31429 4.344733e+01
31513 4.344733e+01
31722 4.344733e+01
31753 4.344733e+01
31857 4.344733e+01
31869 4.344733e+01
31914 4.344733e+01
32177 4.344733e+01
32178 4.344733e+01
32386 4.344733e+01
32401 4.344733e+01
32435 4.344733e+01
32474 4.344733e+01
32631 4.344733e+01
32789 4.344733e+01
32854 4.344733e+01
32920 4.344733e+01
33135 4.344733e+01
33176 4.344733e+01
33275 4.344733e+01
33333 4.344733e+01
33351 4.344733e+01
33524 4.344733e+01
33559 4.344733e+01
33942 4.344733e+01
34025 4.344733e+01
34270 4.344733e+01
34342 4.344733e+01
34371 4.344733e+01
34567 4.344733e+01
34615 4.344733e+01
35045 4.344733e+01
35120 4.344733e+01
35121 4.344733e+01
35238 4.344733e+01
35525 4.344733e+01
35927 4.344733e+01
35935 4.344733e+01
35968 4.344733e+01
35991 4.344733e+01
35997 4.344733e+01
36056 4.344733e+01
36130 4.344733e+01
36414 4.344733e+01
36430 4.344733e+01
36547 4.344733e+01
36638 4.344733e+01
36650 4.344733e+01
36789 4.344733e+01
36832 4.344733e+01
36892 4.344733e+01
36938 4.344733e+01
37025 4.344733e+01
37053 4.344733e+01
37055 4.344733e+01
37072 4.344733e+01
37177 4.344733e+01
37389 4.344733e+01
37611 4.344733e+01
37639 4.344733e+01
37711 4.344733e+01
37880 4.344733e+01
38070 4.344733e+01
38267 4.344733e+01
38341 4.344733e+01
38387 4.344733e+01
38434 4.344733e+01
38470 4.344733e+01
38475 4.344733e+01
38508 4.344733e+01
38547 4.344733e+01
38551 4.344733e+01
38658 4.344733e+01
38735 4.344733e+01
38832 4.344733e+01
38944 4.344733e+01
39111 4.344733e+01
39227 4.344733e+01
39330 4.344733e+01
39336 4.344733e+01
39349 4.344733e+01
39388 4.344733e+01
39410 4.344733e+01
39443 4.344733e+01
39562 4.344733e+01
39848 4.344733e+01
39856 4.344733e+01
39932 4.344733e+01
40007 4.344733e+01
40056 4.344733e+01
40406 4.344733e+01
40424 4.344733e+01
40480 4.344733e+01
40494 4.344733e+01
40569 4.344733e+01
40601 4.344733e+01
40805 4.344733e+01
40888 4.344733e+01
40926 4.344733e+01
40937 4.344733e+01
40980 4.344733e+01
41012 4.344733e+01
41040 4.344733e+01
41058 4.344733e+01
41091 4.344733e+01
41120 4.344733e+01
41289 4.344733e+01
41371 4.344733e+01
41551 4.344733e+01
41701 4.344733e+01
41779 4.344733e+01
41829 4.344733e+01
41893 4.344733e+01
41928 4.344733e+01
41981 4.344733e+01
41984 4.344733e+01
42126 4.344733e+01
42433 4.344733e+01
42546 4.344733e+01
42576 4.344733e+01
42724 4.344733e+01
42850 4.344733e+01
191284 4.344733e+01
191432 4.344733e+01
191651 4.344733e+01
