1 3.005114e+06
4 8.937342e+05
15 2.375282e+05
116 5.783816e+04
119 1.671539e+04
135 1.170275e+04
174 1.117917e+04
195 4.448454e+03
198 4.234556e+03
244 1.783036e+03
246 1.756839e+03
284 1.434057e+03
289 1.374284e+03
291 3.212305e+02
314 2.658171e+02
392 1.833409e+02
404 7.034955e+01
437 2.661830e+01
476 2.380413e+01
487 2.083145e+01
518 8.129687e+00
621 4.623345e+00
1223 4.251444e+00
1591 3.918165e+00
2960 3.719741e+00
3160 3.187402e+00
3197 2.988819e+00
3683 2.821477e+00
3849 2.751860e+00
3968 2.669630e+00
4007 1.880957e+00
4181 1.827890e+00
4202 1.784920e+00
4215 1.684189e+00
4278 1.477548e+00
4587 1.472960e+00
4634 1.451409e+00
4696 1.444142e+00
4749 1.443264e+00
4802 1.415391e+00
4877 1.403560e+00
4900 1.402611e+00
4910 1.398893e+00
4937 1.388199e+00
4974 1.378710e+00
4998 1.371253e+00
5041 1.367161e+00
5048 1.348389e+00
5098 1.346448e+00
5155 1.343192e+00
5162 1.324606e+00
5284 1.307658e+00
5326 1.300214e+00
5334 1.299776e+00
5346 1.292136e+00
5380 1.283806e+00
5552 1.276803e+00
5649 1.267967e+00
5760 1.261189e+00
5816 1.258792e+00
5883 1.257345e+00
5890 1.256193e+00
5934 1.253823e+00
6022 1.253523e+00
6027 1.253238e+00
6074 1.252864e+00
6076 1.251493e+00
6135 1.251427e+00
6162 1.251292e+00
6168 1.251155e+00
6191 1.251112e+00
6199 1.250879e+00
6217 1.250856e+00
6255 1.250782e+00
6293 1.250734e+00
6311 1.250649e+00
6324 1.250575e+00
6386 1.250563e+00
6391 1.250550e+00
6412 1.250546e+00
6414 1.250533e+00
6434 1.250467e+00
6566 1.250467e+00
6584 1.250466e+00
6635 1.250455e+00
6697 1.250444e+00
6752 1.250444e+00
6775 1.250443e+00
6794 1.250443e+00
6802 1.250443e+00
6823 1.250443e+00
6824 1.250442e+00
6825 1.250441e+00
6828 1.250439e+00
6939 1.250439e+00
6961 1.250439e+00
6999 1.250438e+00
7049 1.250438e+00
7077 1.250438e+00
7100 1.250438e+00
7140 1.250438e+00
7162 1.250438e+00
7166 1.250438e+00
7197 1.250438e+00
7211 1.250438e+00
7237 1.250438e+00
7285 1.250438e+00
7293 1.250438e+00
7471 1.250438e+00
7478 1.250438e+00
7486 1.250438e+00
7506 1.250438e+00
7539 1.250438e+00
7583 1.250438e+00
7627 1.250438e+00
7640 1.250438e+00
7645 1.250438e+00
7656 1.250438e+00
7679 1.250438e+00
7717 1.250438e+00
7760 1.250438e+00
7795 1.250438e+00
7818 1.250438e+00
7827 1.250438e+00
7898 1.250438e+00
7921 1.250438e+00
7929 1.250438e+00
7938 1.250438e+00
7944 1.250438e+00
7951 1.250438e+00
7954 1.250438e+00
7971 1.250438e+00
8053 1.250438e+00
8064 1.250438e+00
8072 1.250438e+00
8100 1.250438e+00
8184 1.250438e+00
8187 1.250438e+00
8199 1.250438e+00
8202 1.250438e+00
8249 1.250438e+00
8264 1.250438e+00
8311 1.250438e+00
33826 1.166945e+00
33881 1.147090e+00
33919 1.135976e+00
33930 1.073739e+00
33970 1.063324e+00
33976 1.057190e+00
33992 1.049639e+00
34010 1.014378e+00
34029 9.920514e-01
34081 9.030740e-01
34218 8.988473e-01
34224 8.670312e-01
34344 8.650173e-01
34350 8.624186e-01
34431 8.572435e-01
34454 8.477455e-01
34457 8.285116e-01
34537 8.230112e-01
34577 8.138545e-01
34670 8.033369e-01
34710 8.007890e-01
34765 7.954107e-01
34828 7.881134e-01
34869 7.855616e-01
34916 7.819831e-01
34945 7.764611e-01
34995 7.736733e-01
35115 7.596656e-01
35142 7.564702e-01
35189 7.482357e-01
35288 7.453333e-01
35308 7.441169e-01
35336 7.408301e-01
35451 7.404531e-01
35452 7.318616e-01
35481 7.317304e-01
35518 7.296208e-01
35532 7.260845e-01
35655 7.232833e-01
35815 7.225168e-01
35843 7.214369e-01
35896 7.212368e-01
35921 7.212138e-01
35924 7.205433e-01
35961 7.202459e-01
35993 7.202122e-01
36012 7.199905e-01
36034 7.198194e-01
36055 7.196427e-01
36158 7.195552e-01
36171 7.195523e-01
36190 7.195462e-01
36196 7.194446e-01
36207 7.194000e-01
36239 7.193405e-01
36254 7.192965e-01
36335 7.192868e-01
36339 7.191996e-01
36480 7.191981e-01
36515 7.191895e-01
36556 7.191851e-01
36581 7.191776e-01
36611 7.191543e-01
36687 7.191500e-01
36709 7.191481e-01
36742 7.191476e-01
36818 7.191457e-01
36853 7.191452e-01
36951 7.191447e-01
36958 7.191440e-01
36989 7.191437e-01
37039 7.191434e-01
37041 7.191432e-01
37067 7.191429e-01
37090 7.191428e-01
37130 7.191426e-01
37205 7.191426e-01
37238 7.191425e-01
37275 7.191425e-01
37283 7.191425e-01
37303 7.191425e-01
37316 7.191425e-01
37352 7.191424e-01
37388 7.191424e-01
37408 7.191424e-01
37432 7.191424e-01
37461 7.191424e-01
37468 7.191424e-01
37494 7.191424e-01
37561 7.191424e-01
37569 7.191424e-01
37573 7.191424e-01
37585 7.191424e-01
37600 7.191424e-01
37611 7.191424e-01
37630 7.191424e-01
37635 7.191424e-01
37650 7.191424e-01
37733 7.191424e-01
37750 7.191424e-01
37817 7.191424e-01
37829 7.191424e-01
37859 7.191424e-01
37867 7.191424e-01
37937 7.191424e-01
37993 7.191424e-01
38011 7.191424e-01
38021 7.191424e-01
38032 7.191424e-01
38043 7.191424e-01
38074 7.191424e-01
38097 7.191424e-01
38189 7.191424e-01
38228 7.191424e-01
38254 7.191424e-01
38328 7.191424e-01
38383 7.191424e-01
54350 7.190762e-01
54369 7.188886e-01
54534 7.188754e-01
54574 7.187145e-01
54745 7.186942e-01
54822 7.186337e-01
54919 7.186155e-01
54949 7.185727e-01
54955 7.185626e-01
54968 7.185410e-01
55067 7.185372e-01
55068 7.184639e-01
55219 7.184621e-01
55253 7.184499e-01
55312 7.184341e-01
55484 7.184286e-01
55493 7.184225e-01
55678 7.184184e-01
55795 7.184161e-01
56049 7.184157e-01
56164 7.184154e-01
56382 7.184153e-01
56471 7.184151e-01
56474 7.184151e-01
56604 7.184149e-01
56617 7.184147e-01
56787 7.184146e-01
56924 7.184146e-01
57035 7.184146e-01
57067 7.184146e-01
57070 7.184146e-01
57103 7.184146e-01
57261 7.184145e-01
57297 7.184145e-01
57350 7.184145e-01
57358 7.184145e-01
57428 7.184145e-01
57590 7.184145e-01
57632 7.184145e-01
57640 7.184145e-01
57655 7.184145e-01
57675 7.184145e-01
57680 7.184145e-01
57684 7.184145e-01
57838 7.184145e-01
57940 7.184145e-01
58090 7.184145e-01
58225 7.184145e-01
58312 7.184145e-01
58327 7.184145e-01
58352 7.184145e-01
58369 7.184145e-01
58468 7.184145e-01
58486 7.184145e-01
58503 7.184145e-01
58581 7.184145e-01
58651 7.184145e-01
58756 7.184145e-01
58775 7.184145e-01
58826 7.184145e-01
58860 7.184145e-01
58866 7.184145e-01
58924 7.184145e-01
58991 7.184145e-01
59052 7.184145e-01
59114 7.184145e-01
59190 7.184145e-01
59216 7.184145e-01
59349 7.184145e-01
