1 8.716391e+09
4 7.585195e+06
15 2.110456e+06
45 6.371141e+05
48 1.216772e+05
61 4.031631e+02
114 3.348640e+02
142 2.977722e+02
234 2.532920e+02
274 1.635442e+02
329 1.536309e+02
411 1.060521e+02
501 9.054887e+01
545 8.241467e+01
646 7.951798e+01
678 5.746705e+01
848 5.232464e+01
872 4.535815e+01
939 3.762869e+01
1003 3.338841e+01
1012 3.044971e+01
1066 2.978127e+01
1091 2.337240e+01
1208 1.928058e+01
1273 1.131972e+01
1402 1.067881e+01
1534 9.717517e+00
1552 7.769207e+00
1589 7.351821e+00
1721 6.110368e+00
1776 4.214046e+00
1973 3.987757e+00
2015 3.507816e+00
2017 3.461742e+00
2022 2.895731e+00
2055 2.669950e+00
2058 2.504877e+00
2147 2.466320e+00
2186 2.327526e+00
2221 2.199696e+00
2255 2.144224e+00
2267 1.961548e+00
2336 1.936038e+00
2340 1.898685e+00
2347 1.833010e+00
2357 1.795490e+00
2413 1.181701e+00
2539 1.140447e+00
2574 1.034538e+00
2583 7.935913e-01
2617 7.919479e-01
2706 7.649184e-01
2726 6.063101e-01
3058 4.683910e-01
3212 3.899507e-01
3303 3.044598e-01
3431 2.679586e-01
3655 2.463303e-01
3800 2.390137e-01
3840 2.384143e-01
3897 2.300219e-01
3965 2.293157e-01
3973 1.816926e-01
4007 1.669362e-01
4242 1.464247e-01
4335 1.370256e-01
4376 1.365995e-01
4406 1.218840e-01
4425 1.179204e-01
4558 1.109104e-01
4595 1.025708e-01
4782 1.020417e-01
4858 9.811064e-02
4860 8.785499e-02
4940 8.703086e-02
4978 8.622968e-02
5014 8.599942e-02
5036 8.265317e-02
5049 8.018183e-02
5090 7.621363e-02
5109 7.551204e-02
5171 7.542806e-02
5306 7.414510e-02
5327 7.177973e-02
5349 6.734982e-02
5416 6.663822e-02
5514 6.531349e-02
5546 6.470201e-02
5608 6.333503e-02
5645 6.047449e-02
5705 5.881914e-02
5748 5.795929e-02
5811 5.647047e-02
5932 5.507858e-02
6024 5.463824e-02
6148 5.360928e-02
6184 5.360385e-02
6253 5.328992e-02
6297 5.315334e-02
6304 5.273149e-02
6332 5.205380e-02
6349 5.119291e-02
6459 5.098998e-02
6537 5.045922e-02
6699 5.016467e-02
6805 5.016443e-02
6823 4.986534e-02
6945 4.986224e-02
6951 4.975099e-02
7055 4.959777e-02
7129 4.954190e-02
7157 4.950567e-02
7336 4.949904e-02
7406 4.949070e-02
7416 4.947774e-02
7426 4.931379e-02
7682 4.929618e-02
7780 4.921980e-02
7833 4.917159e-02
7953 4.908839e-02
7956 4.908514e-02
8051 4.907810e-02
8075 4.903804e-02
8147 4.902339e-02
8341 4.901247e-02
8361 4.899980e-02
8691 4.899599e-02
8957 4.899330e-02
8994 4.899107e-02
9004 4.897546e-02
9078 4.897526e-02
9122 4.897349e-02
9133 4.897236e-02
9164 4.895723e-02
9740 4.895127e-02
10175 4.895015e-02
10207 4.894927e-02
10257 4.894480e-02
10652 4.894328e-02
10677 4.893958e-02
10957 4.893923e-02
11001 4.893877e-02
11123 4.893869e-02
11222 4.893868e-02
11224 4.893850e-02
11243 4.893790e-02
11322 4.893785e-02
11497 4.893779e-02
11523 4.893758e-02
11612 4.893753e-02
11628 4.893750e-02
11772 4.893740e-02
11804 4.893738e-02
11835 4.893738e-02
11906 4.893730e-02
12042 4.893712e-02
12315 4.893712e-02
12758 4.893710e-02
12827 4.893707e-02
12954 4.893707e-02
13113 4.893706e-02
13202 4.893706e-02
13209 4.893705e-02
13411 4.893704e-02
13449 4.893704e-02
13456 4.893704e-02
13539 4.893704e-02
13679 4.893703e-02
13698 4.893703e-02
13854 4.893702e-02
13922 4.893702e-02
13981 4.893701e-02
13983 4.893701e-02
34325 4.828604e-02
34331 4.589891e-02
34388 4.189846e-02
34413 3.706341e-02
34539 3.483494e-02
34643 2.264431e-02
34773 1.759165e-02
34912 1.586513e-02
34928 1.418249e-02
34949 1.225096e-02
34960 1.218629e-02
35007 1.171396e-02
35059 1.146758e-02
35075 9.446233e-03
35113 8.302701e-03
35238 5.823173e-03
35346 5.213463e-03
35450 4.599514e-03
35479 4.403889e-03
35503 3.086021e-03
35707 2.821385e-03
35712 2.716342e-03
35743 2.363860e-03
35797 2.018023e-03
35816 1.726080e-03
35832 1.542655e-03
35863 1.454465e-03
35998 1.331948e-03
36075 1.286858e-03
36078 1.270882e-03
36094 1.179754e-03
36097 1.177875e-03
36202 1.146605e-03
36212 1.078755e-03
36223 1.036004e-03
36235 1.015998e-03
36256 9.492365e-04
36419 9.391366e-04
36421 9.231415e-04
36449 9.203774e-04
36624 9.004633e-04
36634 8.464984e-04
36640 8.014115e-04
36669 7.271713e-04
36803 7.083152e-04
36887 7.072931e-04
36936 6.952085e-04
36969 6.905498e-04
37007 6.833738e-04
37045 6.833104e-04
37090 6.800207e-04
37113 6.737685e-04
37166 6.632716e-04
37389 6.626246e-04
37555 6.596993e-04
37702 6.590595e-04
37835 6.502920e-04
37874 6.501048e-04
37982 6.488413e-04
37999 6.487367e-04
38007 6.476851e-04
38213 6.472524e-04
38264 6.468513e-04
38271 6.461700e-04
38305 6.451614e-04
38426 6.447584e-04
38537 6.439475e-04
38684 6.432808e-04
38729 6.427705e-04
38807 6.412624e-04
39101 6.388144e-04
39352 6.385829e-04
39373 6.371987e-04
39451 6.371691e-04
39523 6.361977e-04
39586 6.359404e-04
39755 6.348545e-04
39787 6.337311e-04
39977 6.335235e-04
40021 6.324299e-04
40280 6.320132e-04
40419 6.313486e-04
40743 6.310254e-04
40775 6.310058e-04
41119 6.309893e-04
41126 6.309208e-04
41212 6.308415e-04
41489 6.308403e-04
41612 6.308098e-04
41962 6.308089e-04
42015 6.308036e-04
42106 6.307970e-04
42287 6.307922e-04
42327 6.307869e-04
42383 6.307810e-04
42811 6.307809e-04
43103 6.307799e-04
43131 6.307772e-04
43199 6.307768e-04
43234 6.307731e-04
43867 6.307728e-04
44047 6.307719e-04
44253 6.307712e-04
44556 6.307712e-04
44786 6.307712e-04
44819 6.307712e-04
44868 6.307712e-04
44927 6.307710e-04
59316 5.852694e-04
59562 4.101032e-04
59717 3.782575e-04
59877 3.606413e-04
60201 2.861451e-04
60700 2.768039e-04
60810 2.373698e-04
60973 2.190842e-04
61004 2.021849e-04
61062 1.996004e-04
61188 1.646183e-04
61287 1.606061e-04
61300 1.254508e-04
61414 7.608126e-05
61905 6.887735e-05
61921 6.271680e-05
62089 4.566446e-05
62398 4.387966e-05
62580 4.304985e-05
62627 4.295648e-05
62664 4.264719e-05
62681 4.119896e-05
62734 3.390828e-05
63048 2.890041e-05
63643 2.646671e-05
63869 2.617691e-05
63955 1.673757e-05
64273 1.617364e-05
64681 1.243329e-05
64853 1.131385e-05
64919 9.249998e-06
65178 8.011224e-06
65190 7.822172e-06
65244 7.188697e-06
65349 6.481198e-06
65390 6.386019e-06
65487 6.155162e-06
65594 5.943644e-06
65852 5.719772e-06
65881 5.680220e-06
66023 5.545711e-06
66028 5.234660e-06
66257 5.165455e-06
66389 5.118987e-06
66393 4.991067e-06
66452 4.852855e-06
66584 4.841971e-06
66793 4.607834e-06
66885 4.417921e-06
67281 4.307389e-06
67298 4.170550e-06
67566 4.106114e-06
67682 4.071832e-06
67696 3.746739e-06
67947 3.727093e-06
68049 3.502557e-06
68437 3.489133e-06
68439 3.470511e-06
68511 3.397065e-06
68542 3.373324e-06
68628 3.330561e-06
68699 3.295929e-06
68782 3.222995e-06
68874 3.210529e-06
69028 3.170822e-06
69058 3.165515e-06
69140 3.116872e-06
69248 3.044233e-06
69608 3.031419e-06
69697 3.025866e-06
69757 2.993463e-06
69765 2.982885e-06
69867 2.978918e-06
69946 2.977466e-06
70019 2.975985e-06
70033 2.953587e-06
70042 2.951034e-06
70104 2.950449e-06
70129 2.948340e-06
70250 2.942359e-06
70264 2.940647e-06
70348 2.929192e-06
70371 2.928717e-06
70470 2.910237e-06
70656 2.907980e-06
70740 2.905411e-06
70793 2.882774e-06
70940 2.871888e-06
71592 2.868638e-06
71721 2.868218e-06
71741 2.867012e-06
71801 2.866477e-06
71825 2.862549e-06
71877 2.862266e-06
71950 2.860889e-06
71962 2.857758e-06
72337 2.856563e-06
72404 2.854110e-06
72433 2.853984e-06
72619 2.853688e-06
72639 2.853254e-06
72648 2.852849e-06
72654 2.852260e-06
72668 2.850661e-06
72907 2.848098e-06
72940 2.847478e-06
73233 2.846972e-06
73302 2.846909e-06
73309 2.846544e-06
73319 2.845831e-06
73330 2.845056e-06
73485 2.844149e-06
73487 2.843720e-06
73670 2.843408e-06
73749 2.842690e-06
74019 2.842624e-06
74076 2.842499e-06
74114 2.842296e-06
74163 2.842278e-06
74198 2.842206e-06
74227 2.842100e-06
74237 2.841940e-06
74494 2.841524e-06
74529 2.840823e-06
74833 2.840556e-06
75063 2.840491e-06
75105 2.840378e-06
75122 2.840292e-06
75149 2.840061e-06
75169 2.839808e-06
75355 2.839592e-06
75548 2.839538e-06
75557 2.839412e-06
75857 2.839294e-06
75958 2.839202e-06
