1 5.122322e+03
3 3.614622e+03
10 3.611074e+03
19 3.361856e+03
48 3.293232e+03
49 3.087187e+03
50 2.533911e+03
198 2.397489e+03
271 2.341617e+03
306 2.276436e+03
359 2.180874e+03
372 1.971495e+03
383 1.755682e+03
389 1.755262e+03
433 1.495148e+03
465 1.412638e+03
475 1.395231e+03
512 1.347402e+03
536 1.328291e+03
543 1.167495e+03
574 1.161488e+03
584 1.153844e+03
599 1.092013e+03
618 1.084100e+03
634 1.070892e+03
636 9.825748e+02
652 9.453618e+02
657 9.098536e+02
659 8.936078e+02
662 8.903025e+02
676 8.519174e+02
680 8.308240e+02
715 7.699838e+02
717 6.369071e+02
768 5.679337e+02
849 5.336966e+02
853 4.565833e+02
902 4.300928e+02
1063 3.786072e+02
1216 3.743385e+02
1228 3.346168e+02
1333 3.300277e+02
1395 3.251433e+02
1421 3.153070e+02
1426 2.735836e+02
1536 2.657927e+02
2432 2.585613e+02
3262 2.455474e+02
4038 2.369758e+02
8536 2.266195e+02
10391 2.265459e+02
10394 2.071940e+02
11306 1.960277e+02
11452 1.878587e+02
12344 1.870796e+02
12604 1.804682e+02
12776 1.695349e+02
13016 1.621796e+02
13035 1.522329e+02
13245 1.460212e+02
13617 1.419796e+02
13649 1.240773e+02
13775 1.059614e+02
13922 1.048502e+02
14079 8.930525e+01
14320 8.764841e+01
14333 8.093313e+01
14425 8.086735e+01
14453 7.569680e+01
14572 7.372639e+01
14714 7.117210e+01
14935 6.894053e+01
14979 6.725099e+01
15123 6.318084e+01
15462 6.274183e+01
15519 6.152792e+01
15721 6.138628e+01
15842 6.105332e+01
15914 6.054093e+01
15926 6.042366e+01
16140 6.012836e+01
16143 6.004654e+01
16195 6.001266e+01
16256 5.960021e+01
16316 5.945863e+01
16355 5.944368e+01
16395 5.934243e+01
16405 5.916825e+01
16450 5.900958e+01
16641 5.899419e+01
16683 5.898706e+01
16793 5.866568e+01
16832 5.849197e+01
16844 5.815127e+01
16943 5.802107e+01
17125 5.786199e+01
17158 5.770660e+01
17284 5.752980e+01
17516 5.746709e+01
17519 5.721517e+01
17749 5.720907e+01
17768 5.704519e+01
17865 5.702078e+01
17961 5.700039e+01
18039 5.694262e+01
18108 5.692998e+01
18184 5.692278e+01
18199 5.688518e+01
18254 5.687628e+01
18347 5.686468e+01
18380 5.685679e+01
18433 5.684676e+01
18501 5.682439e+01
18504 5.681767e+01
18609 5.681176e+01
18821 5.680552e+01
18840 5.680233e+01
18930 5.679922e+01
18932 5.679547e+01
18990 5.679358e+01
19063 5.679101e+01
19075 5.679030e+01
19087 5.678992e+01
19103 5.678570e+01
19156 5.677851e+01
19223 5.677633e+01
19231 5.677555e+01
19305 5.677004e+01
19338 5.676752e+01
19357 5.676692e+01
19431 5.676244e+01
19587 5.676205e+01
19592 5.676156e+01
19609 5.676071e+01
19660 5.676005e+01
19677 5.676002e+01
19692 5.675984e+01
19725 5.675967e+01
19739 5.675825e+01
19747 5.675643e+01
19779 5.675326e+01
19868 5.675229e+01
19872 5.674998e+01
20039 5.674892e+01
20164 5.674867e+01
20290 5.674513e+01
20303 5.674510e+01
20372 5.674455e+01
20408 5.674369e+01
20472 5.674254e+01
20566 5.674222e+01
20614 5.674198e+01
20654 5.674180e+01
20666 5.674166e+01
20706 5.674104e+01
20794 5.674101e+01
20809 5.674076e+01
20838 5.674054e+01
20853 5.674023e+01
20886 5.673930e+01
20901 5.673926e+01
20948 5.673909e+01
20982 5.673889e+01
21011 5.673886e+01
21035 5.673872e+01
21125 5.673855e+01
21174 5.673841e+01
21262 5.673818e+01
21303 5.673816e+01
21311 5.673792e+01
21415 5.673773e+01
21456 5.673757e+01
21512 5.673752e+01
21555 5.673743e+01
21596 5.673713e+01
21694 5.673712e+01
21740 5.673700e+01
21763 5.673699e+01
21770 5.673699e+01
21777 5.673691e+01
21812 5.673680e+01
21830 5.673666e+01
22019 5.673659e+01
22107 5.673637e+01
22438 5.673633e+01
22449 5.673626e+01
22469 5.673618e+01
22606 5.673617e+01
22706 5.673614e+01
22763 5.673613e+01
22775 5.673613e+01
22984 5.673610e+01
23079 5.673609e+01
23090 5.673608e+01
23098 5.673605e+01
23165 5.673604e+01
23254 5.673603e+01
23289 5.673601e+01
23297 5.673600e+01
23362 5.673600e+01
23364 5.673600e+01
23399 5.673599e+01
23448 5.673599e+01
23516 5.673598e+01
23587 5.673597e+01
23686 5.673597e+01
23728 5.673597e+01
23729 5.673596e+01
23757 5.673596e+01
23900 5.673595e+01
23962 5.673595e+01
24265 5.673595e+01
24296 5.673595e+01
24324 5.673595e+01
24340 5.673595e+01
24390 5.673595e+01
24475 5.673595e+01
24519 5.673595e+01
24525 5.673594e+01
24588 5.673594e+01
24663 5.673594e+01
24708 5.673594e+01
24742 5.673594e+01
24862 5.673594e+01
25050 5.673594e+01
25089 5.673594e+01
25139 5.673594e+01
25153 5.673594e+01
25223 5.673594e+01
25236 5.673594e+01
25239 5.673594e+01
25275 5.673594e+01
25293 5.673594e+01
25296 5.673594e+01
25310 5.673594e+01
25361 5.673594e+01
25384 5.673594e+01
25388 5.673594e+01
25409 5.673594e+01
25465 5.673594e+01
25588 5.673594e+01
25598 5.673594e+01
25686 5.673594e+01
25727 5.673594e+01
25768 5.673594e+01
25773 5.673594e+01
25957 5.673594e+01
25988 5.673594e+01
26019 5.673594e+01
26044 5.673594e+01
26092 5.673594e+01
26102 5.673594e+01
26192 5.673594e+01
26222 5.673594e+01
26260 5.673594e+01
26324 5.673594e+01
26407 5.673594e+01
26418 5.673594e+01
26477 5.673594e+01
26620 5.673594e+01
26703 5.673594e+01
26726 5.673594e+01
26728 5.673594e+01
26860 5.673594e+01
26885 5.673594e+01
26932 5.673594e+01
26943 5.673594e+01
27075 5.673594e+01
27092 5.673594e+01
27108 5.673594e+01
27242 5.673594e+01
27265 5.673594e+01
27326 5.673594e+01
27363 5.673594e+01
27380 5.673594e+01
27445 5.673594e+01
27467 5.673594e+01
27594 5.673594e+01
27604 5.673594e+01
27611 5.673594e+01
27666 5.673594e+01
27680 5.673594e+01
27737 5.673594e+01
27750 5.673594e+01
27759 5.673594e+01
27956 5.673594e+01
27961 5.673594e+01
27990 5.673594e+01
28010 5.673594e+01
28084 5.673594e+01
28154 5.673594e+01
28184 5.673594e+01
28211 5.673594e+01
28394 5.673594e+01
28411 5.673594e+01
28440 5.673594e+01
28555 5.673594e+01
28606 5.673594e+01
28627 5.673594e+01
28639 5.673594e+01
28690 5.673594e+01
28854 5.673594e+01
29086 5.673594e+01
29091 5.673594e+01
29099 5.673594e+01
29101 5.673594e+01
29123 5.673594e+01
29144 5.673594e+01
29172 5.673594e+01
29206 5.673594e+01
29212 5.673594e+01
29300 5.673594e+01
29383 5.673594e+01
29387 5.673594e+01
109455 5.648014e+01
109611 5.625906e+01
109687 5.580117e+01
109697 5.566100e+01
109786 5.544077e+01
109796 5.478495e+01
109826 5.468388e+01
109830 5.234600e+01
110390 5.152452e+01
110511 5.151213e+01
110577 5.121993e+01
110635 5.075284e+01
110669 5.057401e+01
110770 5.004169e+01
110840 4.998601e+01
111001 4.996656e+01
111005 4.945361e+01
111071 4.929929e+01
111122 4.910170e+01
111179 4.898595e+01
111373 4.848720e+01
111489 4.847607e+01
111507 4.840086e+01
111534 4.829137e+01
111733 4.815289e+01
111755 4.811340e+01
111787 4.802181e+01
111894 4.800441e+01
111936 4.795156e+01
111993 4.784069e+01
112017 4.781208e+01
112070 4.773986e+01
112143 4.761987e+01
112238 4.760383e+01
112305 4.747018e+01
112432 4.742617e+01
112496 4.741667e+01
112543 4.740890e+01
112684 4.739440e+01
112696 4.739263e+01
112736 4.738550e+01
112741 4.737315e+01
112752 4.730768e+01
112829 4.730365e+01
112849 4.730006e+01
112859 4.726106e+01
112947 4.724269e+01
113030 4.722741e+01
113143 4.722673e+01
113154 4.720175e+01
113311 4.719632e+01
113330 4.715713e+01
113373 4.715589e+01
113557 4.711091e+01
113690 4.710286e+01
113890 4.709730e+01
113941 4.709129e+01
114036 4.708923e+01
114060 4.708086e+01
114185 4.707475e+01
114225 4.707285e+01
114266 4.706633e+01
114379 4.706604e+01
114390 4.706046e+01
114457 4.705507e+01
114517 4.705451e+01
114544 4.704896e+01
114687 4.704819e+01
114748 4.704431e+01
114884 4.704405e+01
114933 4.704401e+01
114942 4.704064e+01
114966 4.703900e+01
114977 4.703870e+01
115184 4.703802e+01
115214 4.703726e+01
115258 4.703708e+01
115269 4.703265e+01
115356 4.702939e+01
115422 4.702905e+01
115517 4.702533e+01
115646 4.702506e+01
115684 4.702334e+01
115855 4.702333e+01
115861 4.702165e+01
115873 4.702132e+01
116153 4.701950e+01
116213 4.701934e+01
116237 4.701912e+01
116244 4.701823e+01
116525 4.701692e+01
116609 4.701690e+01
116646 4.701667e+01
116692 4.701537e+01
116698 4.701505e+01
116813 4.701460e+01
116848 4.701459e+01
116973 4.701431e+01
117006 4.701428e+01
117037 4.701386e+01
117074 4.701293e+01
117232 4.701255e+01
117299 4.701227e+01
117437 4.701208e+01
117511 4.701196e+01
117636 4.701191e+01
117659 4.701181e+01
117720 4.701178e+01
117725 4.701175e+01
117752 4.701174e+01
117794 4.701172e+01
117870 4.701157e+01
117926 4.701147e+01
117935 4.701144e+01
118023 4.701140e+01
118124 4.701140e+01
118151 4.701135e+01
118206 4.701133e+01
118351 4.701122e+01
118392 4.701117e+01
118417 4.701111e+01
118464 4.701107e+01
118586 4.701104e+01
118597 4.701102e+01
118763 4.701101e+01
118804 4.701098e+01
118810 4.701097e+01
118891 4.701096e+01
118893 4.701096e+01
118911 4.701093e+01
118912 4.701092e+01
118973 4.701090e+01
119033 4.701088e+01
119145 4.701087e+01
119192 4.701087e+01
119254 4.701087e+01
119259 4.701086e+01
119293 4.701085e+01
119373 4.701084e+01
119377 4.701084e+01
119468 4.701083e+01
119515 4.701082e+01
119549 4.701082e+01
119685 4.701081e+01
119717 4.701081e+01
119750 4.701081e+01
119831 4.701081e+01
119846 4.701080e+01
119852 4.701080e+01
119883 4.701079e+01
119959 4.701079e+01
119980 4.701079e+01
120006 4.701079e+01
120007 4.701078e+01
120259 4.701078e+01
120293 4.701078e+01
120382 4.701078e+01
120518 4.701078e+01
120529 4.701077e+01
120579 4.701077e+01
120627 4.701077e+01
120642 4.701077e+01
120644 4.701077e+01
120648 4.701077e+01
120756 4.701077e+01
120772 4.701077e+01
120846 4.701077e+01
120867 4.701077e+01
120911 4.701077e+01
120963 4.701077e+01
121169 4.701077e+01
121262 4.701077e+01
121304 4.701077e+01
121395 4.701077e+01
121417 4.701077e+01
121433 4.701077e+01
121457 4.701077e+01
121467 4.701077e+01
121491 4.701077e+01
121510 4.701077e+01
121539 4.701077e+01
121550 4.701077e+01
121562 4.701077e+01
121610 4.701077e+01
121651 4.701077e+01
121675 4.701077e+01
121694 4.701077e+01
121717 4.701077e+01
121783 4.701077e+01
121790 4.701077e+01
121794 4.701077e+01
121798 4.701077e+01
121815 4.701077e+01
121817 4.701077e+01
121827 4.701077e+01
121842 4.701077e+01
121987 4.701077e+01
122025 4.701077e+01
122057 4.701077e+01
122126 4.701077e+01
122184 4.701077e+01
122224 4.701077e+01
122235 4.701077e+01
122251 4.701077e+01
122321 4.701077e+01
122358 4.701077e+01
122361 4.701077e+01
122414 4.701077e+01
122435 4.701077e+01
122437 4.701077e+01
122438 4.701077e+01
122474 4.701077e+01
122541 4.701077e+01
122574 4.701077e+01
122584 4.701077e+01
122617 4.701077e+01
122649 4.701077e+01
122657 4.701077e+01
122726 4.701077e+01
122750 4.701077e+01
122765 4.701077e+01
122775 4.701077e+01
122802 4.701077e+01
122827 4.701077e+01
122954 4.701077e+01
122958 4.701077e+01
122979 4.701077e+01
122986 4.701077e+01
122987 4.701077e+01
123009 4.701077e+01
123015 4.701077e+01
123145 4.701077e+01
123170 4.701077e+01
123246 4.701077e+01
123296 4.701077e+01
123350 4.701077e+01
123401 4.701077e+01
123520 4.701077e+01
123784 4.701077e+01
123838 4.701077e+01
123882 4.701077e+01
123993 4.701077e+01
124062 4.701077e+01
124121 4.701077e+01
124129 4.701077e+01
124130 4.701077e+01
124149 4.701077e+01
124237 4.701077e+01
124280 4.701077e+01
124402 4.701077e+01
124482 4.701077e+01
124524 4.701077e+01
124729 4.701077e+01
124733 4.701077e+01
124795 4.701077e+01
124820 4.701077e+01
124830 4.701077e+01
124866 4.701077e+01
124871 4.701077e+01
125034 4.701077e+01
125043 4.701077e+01
125047 4.701077e+01
125135 4.701077e+01
125169 4.701077e+01
125176 4.701077e+01
125223 4.701077e+01
125227 4.701077e+01
164222 4.666688e+01
164383 4.537846e+01
164559 4.415234e+01
164860 4.387662e+01
165074 4.373060e+01
165082 4.329749e+01
165146 4.204757e+01
165155 4.082315e+01
165344 3.996460e+01
165951 3.852865e+01
166598 3.833613e+01
166801 3.826533e+01
166915 3.816434e+01
166969 3.812015e+01
167047 3.799898e+01
167104 3.786413e+01
167214 3.782063e+01
167327 3.779092e+01
167334 3.765413e+01
167432 3.762192e+01
167448 3.750064e+01
167460 3.733690e+01
167997 3.726827e+01
168104 3.709548e+01
168663 3.700051e+01
168730 3.689179e+01
169092 3.689132e+01
169160 3.683573e+01
169234 3.681294e+01
169263 3.678342e+01
169321 3.678109e+01
169361 3.677123e+01
169571 3.672913e+01
169814 3.669002e+01
169889 3.657470e+01
170104 3.650806e+01
170167 3.649658e+01
171136 3.646123e+01
171383 3.646109e+01
171385 3.644667e+01
171396 3.640333e+01
171649 3.632360e+01
172505 3.629793e+01
173337 3.629293e+01
173372 3.628919e+01
173460 3.628215e+01
173645 3.626067e+01
173761 3.625440e+01
173962 3.624477e+01
174081 3.624022e+01
174259 3.623086e+01
174575 3.622562e+01
174725 3.622147e+01
174839 3.622129e+01
174866 3.620918e+01
174888 3.620838e+01
174935 3.620546e+01
174944 3.620382e+01
175531 3.620145e+01
175543 3.620051e+01
175586 3.619778e+01
175617 3.619738e+01
175631 3.619444e+01
175765 3.618503e+01
176290 3.618321e+01
176299 3.618019e+01
176799 3.618003e+01
177108 3.617871e+01
177147 3.617686e+01
177395 3.617571e+01
177693 3.617505e+01
177943 3.617460e+01
177966 3.617460e+01
177972 3.617424e+01
177976 3.617411e+01
178084 3.617370e+01
178234 3.617362e+01
178397 3.617329e+01
178628 3.617327e+01
178700 3.617217e+01
178976 3.617187e+01
179426 3.617184e+01
179427 3.617168e+01
179710 3.617167e+01
179784 3.617164e+01
179859 3.617157e+01
179937 3.617155e+01
179943 3.617150e+01
180073 3.617140e+01
180433 3.617130e+01
180777 3.617127e+01
180839 3.617126e+01
180930 3.617123e+01
180952 3.617121e+01
180983 3.617121e+01
181194 3.617119e+01
181332 3.617119e+01
181344 3.617117e+01
181605 3.617117e+01
181773 3.617117e+01
181867 3.617116e+01
181888 3.617116e+01
181961 3.617116e+01
182148 3.617115e+01
182182 3.617115e+01
182296 3.617115e+01
182367 3.617115e+01
182408 3.617114e+01
182507 3.617113e+01
182557 3.617113e+01
182686 3.617112e+01
182949 3.617112e+01
183272 3.617112e+01
183338 3.617112e+01
183364 3.617112e+01
183524 3.617111e+01
183619 3.617111e+01
183630 3.617111e+01
183998 3.617111e+01
184260 3.617111e+01
184291 3.617111e+01
184308 3.617111e+01
184309 3.617111e+01
184351 3.617111e+01
184481 3.617111e+01
184552 3.617111e+01
184654 3.617111e+01
184841 3.617111e+01
185285 3.617111e+01
185290 3.617111e+01
185616 3.617111e+01
185718 3.617111e+01
185730 3.617111e+01
185740 3.617111e+01
185742 3.617111e+01
185760 3.617111e+01
185835 3.617111e+01
185903 3.617111e+01
185921 3.617111e+01
186105 3.617111e+01
186591 3.617111e+01
186615 3.617111e+01
186721 3.617111e+01
186760 3.617111e+01
186768 3.617111e+01
186896 3.617111e+01
186897 3.617111e+01
187053 3.617111e+01
187140 3.617111e+01
187353 3.617111e+01
187356 3.617111e+01
187461 3.617111e+01
187469 3.617111e+01
187549 3.617111e+01
187934 3.617111e+01
188021 3.617111e+01
188154 3.617111e+01
188208 3.617111e+01
188210 3.617111e+01
188236 3.617111e+01
188369 3.617111e+01
188377 3.617111e+01
188397 3.617111e+01
188604 3.617111e+01
188606 3.617111e+01
188717 3.617111e+01
188766 3.617111e+01
188799 3.617111e+01
188856 3.617111e+01
188966 3.617111e+01
189026 3.617111e+01
189132 3.617111e+01
189241 3.617111e+01
189325 3.617111e+01
189407 3.617111e+01
189411 3.617111e+01
190115 3.617111e+01
190233 3.617111e+01
190311 3.617111e+01
190313 3.617111e+01
190347 3.617111e+01
190384 3.617111e+01
190400 3.617111e+01
190463 3.617111e+01
190656 3.617111e+01
190672 3.617111e+01
190944 3.617111e+01
190952 3.617111e+01
191004 3.617111e+01
191029 3.617111e+01
191046 3.617111e+01
191059 3.617111e+01
191166 3.617111e+01
191177 3.617111e+01
191265 3.617111e+01
191375 3.617111e+01
191396 3.617111e+01
191419 3.617111e+01
191635 3.617111e+01
191651 3.617111e+01
191832 3.617111e+01
191837 3.617111e+01
191912 3.617111e+01
192045 3.617111e+01
192301 3.617111e+01
192366 3.617111e+01
192656 3.617111e+01
192682 3.617111e+01
192690 3.617111e+01
192763 3.617111e+01
192914 3.617111e+01
192965 3.617111e+01
193020 3.617111e+01
