1 5.986079e+03
11 5.683900e+03
15 4.644935e+03
445 4.595120e+03
523 4.011549e+03
529 3.087029e+03
576 2.887206e+03
693 2.667861e+03
724 2.663634e+03
732 2.565725e+03
744 2.512115e+03
770 2.145846e+03
831 2.134432e+03
851 1.565995e+03
921 1.479643e+03
998 1.464348e+03
1008 1.376676e+03
1069 1.159794e+03
1189 1.145657e+03
1204 1.076657e+03
1272 1.072345e+03
1293 1.014369e+03
1335 9.735021e+02
1364 9.667411e+02
1385 9.394674e+02
1411 8.632949e+02
1538 8.350012e+02
1604 8.232301e+02
1664 7.981985e+02
1718 7.701398e+02
1737 7.588174e+02
1741 7.087660e+02
1788 7.011136e+02
1917 6.532662e+02
1991 6.248320e+02
2049 6.242274e+02
2182 5.849902e+02
2357 5.747996e+02
2394 5.456216e+02
2519 5.166964e+02
2940 4.912026e+02
2947 4.806066e+02
3919 4.797840e+02
4372 4.565240e+02
6165 4.175335e+02
7021 4.149434e+02
15740 4.000473e+02
18221 3.962987e+02
39501 3.901244e+02
39523 3.809748e+02
39801 3.802941e+02
39986 3.773208e+02
40208 3.681509e+02
40243 3.601205e+02
40580 3.369095e+02
40629 3.352308e+02
40873 3.132306e+02
40914 3.078401e+02
40967 2.902352e+02
41141 2.745597e+02
41315 2.727370e+02
41351 2.550306e+02
41366 2.328017e+02
41379 2.320507e+02
41404 2.234549e+02
41441 2.205546e+02
41536 2.171598e+02
41571 2.126394e+02
41611 2.081648e+02
41622 2.073103e+02
41659 1.979522e+02
41735 1.979374e+02
41880 1.918486e+02
41902 1.865978e+02
41921 1.850681e+02
41927 1.747645e+02
42065 1.743799e+02
42104 1.695117e+02
42115 1.693268e+02
42176 1.672754e+02
42305 1.569728e+02
42352 1.550107e+02
42541 1.541432e+02
42779 1.465639e+02
42882 1.405592e+02
42991 1.378581e+02
43013 1.377199e+02
43027 1.314131e+02
43065 1.248304e+02
43108 1.232452e+02
43186 1.226045e+02
43310 1.170962e+02
43370 1.137638e+02
43482 1.136001e+02
43595 1.100273e+02
43690 1.099807e+02
43721 1.093548e+02
43757 1.079687e+02
43760 1.029946e+02
43966 1.028960e+02
43985 1.010791e+02
44056 1.008927e+02
44066 1.003585e+02
44130 9.788355e+01
44180 9.704661e+01
44294 9.426319e+01
44479 9.368420e+01
44526 9.329448e+01
44576 9.314623e+01
44587 9.204214e+01
44739 9.194890e+01
44904 9.104699e+01
45123 9.010651e+01
45137 9.003489e+01
45157 8.962863e+01
45192 8.924408e+01
45276 8.740587e+01
45323 8.678409e+01
45383 8.610381e+01
45592 8.520951e+01
45663 8.502034e+01
45692 8.463006e+01
45863 8.455501e+01
45954 8.441353e+01
45994 8.412550e+01
46033 8.322991e+01
46234 8.296391e+01
46271 8.200556e+01
46346 8.157620e+01
46517 8.103539e+01
46519 8.085058e+01
46529 8.069569e+01
46572 8.058893e+01
46601 8.030053e+01
46758 7.975950e+01
46817 7.941962e+01
47118 7.940064e+01
47170 7.904657e+01
47324 7.886430e+01
47403 7.866464e+01
47444 7.835728e+01
47584 7.835092e+01
47687 7.828479e+01
47796 7.775316e+01
47800 7.771510e+01
47956 7.769044e+01
47963 7.754567e+01
48083 7.753115e+01
48098 7.726674e+01
48388 7.719726e+01
48406 7.717183e+01
48445 7.710285e+01
48450 7.707153e+01
48496 7.698274e+01
48545 7.680987e+01
48708 7.680841e+01
48724 7.675756e+01
48739 7.673516e+01
48851 7.665581e+01
48886 7.658762e+01
48898 7.652548e+01
49045 7.648727e+01
49082 7.647123e+01
49194 7.637848e+01
49222 7.636222e+01
49306 7.636093e+01
49374 7.619497e+01
49791 7.613320e+01
49916 7.613056e+01
49917 7.611009e+01
49924 7.609552e+01
49986 7.608660e+01
50006 7.603170e+01
50050 7.602629e+01
50199 7.600313e+01
50246 7.599682e+01
50314 7.594167e+01
50557 7.593996e+01
50569 7.590604e+01
50771 7.587912e+01
50827 7.587786e+01
50840 7.586403e+01
50873 7.585294e+01
50912 7.585294e+01
51229 7.583791e+01
51251 7.581779e+01
51432 7.581765e+01
51717 7.581700e+01
51775 7.581139e+01
51776 7.580670e+01
51796 7.580381e+01
51805 7.580233e+01
51863 7.579869e+01
51866 7.579459e+01
51899 7.579341e+01
51905 7.578825e+01
51919 7.577688e+01
52060 7.577250e+01
52089 7.576833e+01
52171 7.576635e+01
52235 7.576270e+01
52262 7.575739e+01
52318 7.575555e+01
52370 7.575120e+01
52426 7.574889e+01
52609 7.574574e+01
52623 7.574522e+01
52751 7.574466e+01
52759 7.574196e+01
52800 7.574057e+01
52869 7.573722e+01
52987 7.573622e+01
53124 7.573591e+01
53266 7.573568e+01
53316 7.573432e+01
53319 7.573358e+01
53402 7.573279e+01
53426 7.573278e+01
53462 7.573255e+01
53516 7.573222e+01
53555 7.573210e+01
53556 7.573133e+01
53570 7.573117e+01
53600 7.573060e+01
53639 7.572917e+01
53721 7.572879e+01
53728 7.572749e+01
53746 7.572741e+01
53775 7.572627e+01
53803 7.572612e+01
53889 7.572567e+01
53924 7.572541e+01
54012 7.572539e+01
54018 7.572536e+01
54063 7.572522e+01
54139 7.572497e+01
54165 7.572473e+01
54202 7.572368e+01
54399 7.572351e+01
54466 7.572351e+01
54494 7.572342e+01
54518 7.572290e+01
54526 7.572249e+01
54634 7.572212e+01
54787 7.572204e+01
54794 7.572174e+01
54839 7.572139e+01
54923 7.572133e+01
54938 7.572115e+01
54985 7.572113e+01
55041 7.572104e+01
55052 7.572103e+01
55067 7.572072e+01
55076 7.572067e+01
55114 7.572059e+01
55160 7.572059e+01
55175 7.572047e+01
55205 7.572046e+01
55216 7.572037e+01
55218 7.572032e+01
55250 7.572027e+01
55260 7.572017e+01
55329 7.571999e+01
55330 7.571999e+01
55383 7.571999e+01
55405 7.571995e+01
55419 7.571988e+01
55446 7.571985e+01
55510 7.571975e+01
55595 7.571975e+01
55633 7.571972e+01
55678 7.571953e+01
55762 7.571952e+01
55792 7.571948e+01
55795 7.571941e+01
55831 7.571938e+01
55901 7.571924e+01
55987 7.571923e+01
56090 7.571914e+01
56134 7.571913e+01
56181 7.571910e+01
56271 7.571907e+01
56302 7.571903e+01
56380 7.571900e+01
56424 7.571898e+01
56456 7.571893e+01
56617 7.571893e+01
56635 7.571886e+01
56796 7.571885e+01
56835 7.571884e+01
56858 7.571883e+01
56927 7.571882e+01
56929 7.571878e+01
56969 7.571875e+01
57023 7.571874e+01
57026 7.571871e+01
57137 7.571869e+01
57158 7.571868e+01
57300 7.571865e+01
57314 7.571862e+01
57451 7.571861e+01
57453 7.571857e+01
57631 7.571855e+01
57657 7.571854e+01
57683 7.571854e+01
57788 7.571851e+01
57888 7.571851e+01
57978 7.571850e+01
58233 7.571847e+01
58300 7.571847e+01
58315 7.571846e+01
58368 7.571846e+01
58391 7.571845e+01
58410 7.571845e+01
58440 7.571844e+01
58486 7.571844e+01
58498 7.571844e+01
58587 7.571844e+01
58613 7.571843e+01
58754 7.571843e+01
58789 7.571843e+01
58800 7.571843e+01
58812 7.571842e+01
58863 7.571841e+01
58983 7.571841e+01
59071 7.571840e+01
59317 7.571840e+01
59422 7.571840e+01
59511 7.571839e+01
59728 7.571839e+01
59917 7.571839e+01
59930 7.571839e+01
60078 7.571839e+01
60091 7.571838e+01
60213 7.571838e+01
60244 7.571838e+01
60274 7.571838e+01
60314 7.571838e+01
60399 7.571838e+01
60419 7.571838e+01
60508 7.571838e+01
60672 7.571838e+01
60702 7.571838e+01
60980 7.571838e+01
60992 7.571838e+01
61031 7.571838e+01
61059 7.571838e+01
61088 7.571838e+01
61089 7.571838e+01
61304 7.571838e+01
61331 7.571838e+01
61401 7.571838e+01
61492 7.571838e+01
61539 7.571838e+01
61558 7.571838e+01
61587 7.571838e+01
61652 7.571838e+01
61657 7.571838e+01
61706 7.571837e+01
61730 7.571837e+01
61808 7.571837e+01
61904 7.571837e+01
61992 7.571837e+01
62047 7.571837e+01
62055 7.571837e+01
62075 7.571837e+01
62086 7.571837e+01
62127 7.571837e+01
62168 7.571837e+01
62261 7.571837e+01
62262 7.571837e+01
62354 7.571837e+01
62408 7.571837e+01
62620 7.571837e+01
62621 7.571837e+01
62622 7.571837e+01
62710 7.571837e+01
62878 7.571837e+01
62919 7.571837e+01
62948 7.571837e+01
63031 7.571837e+01
63033 7.571837e+01
63099 7.571837e+01
63110 7.571837e+01
63111 7.571837e+01
63194 7.571837e+01
63303 7.571837e+01
63326 7.571837e+01
63333 7.571837e+01
63367 7.571837e+01
63528 7.571837e+01
63585 7.571837e+01
63610 7.571837e+01
63763 7.571837e+01
63965 7.571837e+01
63974 7.571837e+01
63992 7.571837e+01
64102 7.571837e+01
64196 7.571837e+01
64258 7.571837e+01
64345 7.571837e+01
64424 7.571837e+01
64595 7.571837e+01
64914 7.571837e+01
65026 7.571837e+01
65102 7.571837e+01
65244 7.571837e+01
65385 7.571837e+01
65439 7.571837e+01
65447 7.571837e+01
65718 7.571837e+01
65728 7.571837e+01
65891 7.571837e+01
65899 7.571837e+01
65940 7.571837e+01
66170 7.571837e+01
66185 7.571837e+01
66186 7.571837e+01
66196 7.571837e+01
66249 7.571837e+01
66299 7.571837e+01
66374 7.571837e+01
66398 7.571837e+01
66423 7.571837e+01
66503 7.571837e+01
66518 7.571837e+01
66523 7.571837e+01
66644 7.571837e+01
66676 7.571837e+01
66703 7.571837e+01
66745 7.571837e+01
66830 7.571837e+01
66921 7.571837e+01
66945 7.571837e+01
66954 7.571837e+01
67038 7.571837e+01
67084 7.571837e+01
67136 7.571837e+01
67242 7.571837e+01
67425 7.571837e+01
67495 7.571837e+01
67513 7.571837e+01
67585 7.571837e+01
67599 7.571837e+01
67646 7.571837e+01
67660 7.571837e+01
67665 7.571837e+01
67692 7.571837e+01
67699 7.571837e+01
67726 7.571837e+01
67828 7.571837e+01
67883 7.571837e+01
67922 7.571837e+01
67943 7.571837e+01
68112 7.571837e+01
68155 7.571837e+01
68159 7.571837e+01
68581 7.571837e+01
68612 7.571837e+01
68639 7.571837e+01
68755 7.571837e+01
68760 7.571837e+01
68828 7.571837e+01
68858 7.571837e+01
68979 7.571837e+01
69015 7.571837e+01
69141 7.571837e+01
69171 7.571837e+01
69287 7.571837e+01
69309 7.571837e+01
324540 7.466939e+01
325144 7.427923e+01
325217 7.395904e+01
325244 7.232859e+01
325421 7.193262e+01
325617 7.097585e+01
325857 7.089554e+01
325900 7.046676e+01
325954 7.019948e+01
326027 6.937290e+01
326158 6.764941e+01
326520 6.666252e+01
326948 6.644810e+01
327066 6.607504e+01
327067 6.595175e+01
327292 6.551697e+01
327321 6.510269e+01
327402 6.504774e+01
327764 6.501671e+01
328584 6.478280e+01
328673 6.472592e+01
328890 6.445381e+01
329228 6.436500e+01
329260 6.433588e+01
329403 6.368711e+01
330343 6.335459e+01
330789 6.295881e+01
330822 6.292682e+01
330862 6.230540e+01
331982 6.225730e+01
332143 6.193025e+01
332646 6.191756e+01
332791 6.187755e+01
332823 6.170901e+01
332879 6.166315e+01
332990 6.165452e+01
333221 6.163081e+01
333248 6.162398e+01
333362 6.154184e+01
333448 6.141358e+01
334627 6.141351e+01
334629 6.138096e+01
334633 6.135810e+01
334971 6.135459e+01
334974 6.133842e+01
334985 6.133343e+01
335031 6.123557e+01
335051 6.119055e+01
335470 6.118112e+01
335990 6.116680e+01
336075 6.115446e+01
336197 6.110344e+01
336346 6.110329e+01
336581 6.108799e+01
336747 6.108512e+01
337129 6.107017e+01
337293 6.106755e+01
337549 6.105705e+01
337621 6.105436e+01
337624 6.105100e+01
337731 6.104213e+01
337751 6.101943e+01
337993 6.101746e+01
338269 6.101701e+01
338338 6.101292e+01
338343 6.099876e+01
338370 6.099702e+01
338532 6.099128e+01
338553 6.099026e+01
338632 6.099008e+01
338744 6.098718e+01
338759 6.098443e+01
338824 6.098415e+01
339018 6.098264e+01
339089 6.098191e+01
339488 6.097932e+01
339561 6.097798e+01
340139 6.097195e+01
340488 6.096905e+01
340665 6.096890e+01
340763 6.096837e+01
340772 6.096754e+01
340803 6.096640e+01
340944 6.096498e+01
340953 6.096352e+01
341054 6.096319e+01
341082 6.096212e+01
341098 6.096130e+01
341318 6.095901e+01
342011 6.095831e+01
342089 6.095799e+01
342168 6.095797e+01
342242 6.095792e+01
342261 6.095773e+01
342263 6.095764e+01
342294 6.095630e+01
342494 6.095628e+01
342619 6.095623e+01
342784 6.095572e+01
342849 6.095518e+01
343219 6.095474e+01
343340 6.095416e+01
343549 6.095379e+01
343558 6.095354e+01
343946 6.095333e+01
344001 6.095254e+01
344584 6.095228e+01
344604 6.095199e+01
344882 6.095182e+01
345056 6.095164e+01
345135 6.095157e+01
345173 6.095140e+01
345248 6.095127e+01
345278 6.095118e+01
345547 6.095099e+01
345586 6.095099e+01
345668 6.095088e+01
345687 6.095087e+01
345704 6.095061e+01
345814 6.095051e+01
346067 6.095049e+01
346267 6.095048e+01
346608 6.095046e+01
346620 6.095043e+01
346708 6.095040e+01
346877 6.095030e+01
346907 6.095014e+01
347288 6.095009e+01
347346 6.095008e+01
347408 6.095000e+01
347483 6.094998e+01
347555 6.094996e+01
347822 6.094996e+01
347826 6.094994e+01
348062 6.094990e+01
348240 6.094988e+01
348334 6.094987e+01
348462 6.094985e+01
348570 6.094983e+01
348674 6.094981e+01
348749 6.094980e+01
349100 6.094980e+01
349132 6.094979e+01
349262 6.094978e+01
349325 6.094977e+01
349780 6.094977e+01
349795 6.094975e+01
350227 6.094975e+01
350345 6.094975e+01
350487 6.094973e+01
351010 6.094973e+01
351127 6.094973e+01
351259 6.094973e+01
351291 6.094973e+01
351323 6.094972e+01
351656 6.094972e+01
351668 6.094972e+01
351888 6.094972e+01
351915 6.094972e+01
352360 6.094971e+01
352413 6.094971e+01
352437 6.094971e+01
352475 6.094971e+01
352540 6.094971e+01
352847 6.094971e+01
353038 6.094971e+01
353286 6.094971e+01
353562 6.094971e+01
353932 6.094971e+01
354035 6.094971e+01
354285 6.094971e+01
354348 6.094971e+01
354433 6.094971e+01
354523 6.094971e+01
354583 6.094971e+01
354638 6.094970e+01
354705 6.094970e+01
354918 6.094970e+01
355120 6.094970e+01
355199 6.094970e+01
355250 6.094970e+01
355300 6.094970e+01
355318 6.094970e+01
355410 6.094970e+01
355416 6.094970e+01
355660 6.094970e+01
355789 6.094970e+01
355803 6.094970e+01
355930 6.094970e+01
355933 6.094970e+01
356038 6.094970e+01
356153 6.094970e+01
356450 6.094970e+01
356554 6.094970e+01
356753 6.094970e+01
356845 6.094970e+01
356875 6.094970e+01
357149 6.094970e+01
357282 6.094970e+01
357371 6.094970e+01
357403 6.094970e+01
357418 6.094970e+01
357604 6.094970e+01
357676 6.094970e+01
357782 6.094970e+01
358359 6.094970e+01
358636 6.094970e+01
358770 6.094970e+01
358778 6.094970e+01
358787 6.094970e+01
358980 6.094970e+01
359009 6.094970e+01
359021 6.094970e+01
359135 6.094970e+01
359149 6.094970e+01
359183 6.094970e+01
359441 6.094970e+01
359460 6.094970e+01
359519 6.094970e+01
359619 6.094970e+01
359767 6.094970e+01
359771 6.094970e+01
359844 6.094970e+01
359886 6.094970e+01
360156 6.094970e+01
360172 6.094970e+01
360288 6.094970e+01
360312 6.094970e+01
360460 6.094970e+01
360463 6.094970e+01
360495 6.094970e+01
360720 6.094970e+01
360853 6.094970e+01
360963 6.094970e+01
361196 6.094970e+01
361217 6.094970e+01
361365 6.094970e+01
361600 6.094970e+01
361633 6.094970e+01
361858 6.094970e+01
361879 6.094970e+01
362542 6.094970e+01
362633 6.094970e+01
362744 6.094970e+01
363539 6.094970e+01
363782 6.094970e+01
364314 6.094970e+01
364354 6.094970e+01
364719 6.094970e+01
364788 6.094970e+01
364836 6.094970e+01
364904 6.094970e+01
364988 6.094970e+01
365143 6.094970e+01
365160 6.094970e+01
365255 6.094970e+01
365372 6.094970e+01
365390 6.094970e+01
365653 6.094970e+01
365691 6.094970e+01
365772 6.094970e+01
365862 6.094970e+01
365869 6.094970e+01
365905 6.094970e+01
366036 6.094970e+01
366061 6.094970e+01
366217 6.094970e+01
366448 6.094970e+01
366790 6.094970e+01
367094 6.094970e+01
367104 6.094970e+01
367187 6.094970e+01
367195 6.094970e+01
367350 6.094970e+01
367491 6.094970e+01
367577 6.094970e+01
367683 6.094970e+01
367684 6.094970e+01
367846 6.094970e+01
368112 6.094970e+01
368452 6.094970e+01
368453 6.094970e+01
368593 6.094970e+01
368721 6.094970e+01
