1 7.518596e+03
2 5.069534e+03
424 4.358317e+03
548 4.251077e+03
562 4.040720e+03
583 3.384900e+03
628 3.374189e+03
682 3.105109e+03
714 2.952378e+03
740 2.667563e+03
763 2.664304e+03
783 2.548135e+03
785 2.445536e+03
802 2.294967e+03
858 2.273430e+03
885 2.243464e+03
889 1.813990e+03
925 1.515123e+03
1005 1.504875e+03
1010 1.468505e+03
1026 1.330330e+03
1087 1.264285e+03
1170 1.198014e+03
1214 1.121754e+03
1259 1.070035e+03
1314 9.570972e+02
1492 8.770219e+02
1530 8.698010e+02
1568 8.143362e+02
1702 8.110714e+02
1708 7.979201e+02
1731 7.246857e+02
1746 7.167153e+02
1764 6.792628e+02
1809 6.589259e+02
1836 6.565358e+02
1882 6.407739e+02
1974 6.282941e+02
1978 5.520775e+02
2107 5.290813e+02
2300 5.275930e+02
2311 5.164834e+02
2359 5.138320e+02
2621 5.008378e+02
2622 4.925442e+02
2672 4.520756e+02
2837 4.460447e+02
4423 4.367008e+02
8814 4.128250e+02
13900 3.808835e+02
66002 3.594783e+02
67034 3.416249e+02
67108 3.253945e+02
67749 3.029376e+02
68095 2.665069e+02
68294 2.586248e+02
68300 2.575410e+02
68387 2.455325e+02
68513 2.360540e+02
68661 2.239898e+02
68848 2.133559e+02
68994 2.127618e+02
69028 2.079403e+02
69031 2.065822e+02
69048 1.945978e+02
69243 1.914342e+02
69285 1.851719e+02
69319 1.693170e+02
69538 1.669675e+02
69605 1.583807e+02
69807 1.501382e+02
69858 1.491832e+02
69955 1.469658e+02
70055 1.458457e+02
70232 1.410056e+02
70329 1.389975e+02
70424 1.368650e+02
70547 1.363894e+02
70558 1.362414e+02
70581 1.287575e+02
70899 1.224700e+02
71089 1.201257e+02
71106 1.184221e+02
71300 1.149194e+02
71312 1.146422e+02
71343 1.142405e+02
71476 1.139362e+02
71515 1.114001e+02
71632 1.101125e+02
71646 1.096038e+02
71887 1.065659e+02
71995 1.056143e+02
72193 1.055228e+02
72235 1.052350e+02
72291 1.035476e+02
72390 1.031821e+02
72438 1.028657e+02
72462 1.020502e+02
72531 1.011658e+02
72591 9.870803e+01
72736 9.787153e+01
72872 9.776938e+01
72938 9.742925e+01
72986 9.740677e+01
73011 9.669643e+01
73014 9.643566e+01
73084 9.595361e+01
73116 9.569585e+01
73122 9.523304e+01
73163 9.397681e+01
73272 9.334578e+01
73490 9.117832e+01
73843 8.935965e+01
74023 8.924214e+01
74132 8.919150e+01
74151 8.843068e+01
74518 8.812183e+01
74565 8.768284e+01
74718 8.759918e+01
74767 8.745183e+01
74845 8.704664e+01
74869 8.695411e+01
74888 8.640506e+01
74992 8.607482e+01
334167 8.547764e+01
334300 8.372453e+01
335322 8.156001e+01
335573 7.919050e+01
335795 7.903360e+01
335829 7.897748e+01
335910 7.669261e+01
336267 7.518736e+01
336946 7.436980e+01
336996 7.412984e+01
337097 7.348878e+01
337482 7.302260e+01
337549 7.283156e+01
337682 7.267511e+01
337714 7.205529e+01
337899 7.058744e+01
337905 6.810747e+01
338920 6.804661e+01
339085 6.666703e+01
339259 6.658592e+01
339898 6.642574e+01
340426 6.608305e+01
340637 6.585949e+01
341410 6.557173e+01
341710 6.549151e+01
341767 6.507987e+01
341819 6.488762e+01
342248 6.470387e+01
342969 6.462041e+01
342997 6.444450e+01
343089 6.443908e+01
343143 6.417549e+01
343276 6.413619e+01
343682 6.396282e+01
343816 6.351151e+01
344336 6.343793e+01
345038 6.342549e+01
345093 6.285612e+01
345936 6.280170e+01
346033 6.278769e+01
346581 6.277198e+01
346641 6.271025e+01
346655 6.264463e+01
347093 6.240051e+01
347825 6.238686e+01
348739 6.236953e+01
349022 6.236589e+01
349064 6.235730e+01
349094 6.235114e+01
349098 6.233808e+01
349142 6.230722e+01
349337 6.224647e+01
349639 6.224644e+01
349727 6.212014e+01
350187 6.208893e+01
350538 6.208592e+01
350559 6.204998e+01
350962 6.196698e+01
351402 6.196073e+01
351726 6.194040e+01
351820 6.192742e+01
352477 6.192019e+01
352975 6.191304e+01
353201 6.191163e+01
353203 6.190671e+01
353450 6.190236e+01
353590 6.188399e+01
353714 6.187401e+01
353771 6.186990e+01
353809 6.186977e+01
353840 6.186617e+01
353857 6.185276e+01
354011 6.184951e+01
354301 6.183976e+01
354618 6.183458e+01
354725 6.183337e+01
354807 6.182792e+01
354918 6.182622e+01
354936 6.182314e+01
354992 6.182043e+01
355022 6.181998e+01
355111 6.181850e+01
355357 6.181634e+01
355724 6.181545e+01
355760 6.180635e+01
356600 6.180614e+01
356638 6.180472e+01
356648 6.179875e+01
356671 6.179795e+01
356983 6.179759e+01
357114 6.179694e+01
357205 6.179684e+01
357272 6.179679e+01
357286 6.179449e+01
357338 6.179220e+01
357619 6.179191e+01
357750 6.179153e+01
357856 6.179148e+01
357870 6.179101e+01
357898 6.179065e+01
357954 6.179043e+01
358242 6.179000e+01
358244 6.178992e+01
358332 6.178858e+01
358661 6.178785e+01
358825 6.178738e+01
359050 6.178738e+01
359060 6.178705e+01
359110 6.178678e+01
359239 6.178677e+01
359454 6.178622e+01
359563 6.178619e+01
359739 6.178548e+01
359814 6.178502e+01
359922 6.178493e+01
360080 6.178412e+01
360308 6.178409e+01
360404 6.178358e+01
361099 6.178349e+01
361204 6.178311e+01
361306 6.178282e+01
361369 6.178271e+01
361422 6.178261e+01
361508 6.178257e+01
361559 6.178222e+01
361603 6.178218e+01
361878 6.178211e+01
361929 6.178160e+01
362127 6.178152e+01
362298 6.178132e+01
362943 6.178125e+01
362958 6.178121e+01
363203 6.178120e+01
363263 6.178115e+01
363318 6.178112e+01
363425 6.178105e+01
363506 6.178104e+01
363561 6.178098e+01
363719 6.178096e+01
363742 6.178096e+01
363827 6.178095e+01
363898 6.178094e+01
364074 6.178089e+01
364226 6.178086e+01
364712 6.178086e+01
364717 6.178084e+01
364785 6.178083e+01
364834 6.178081e+01
365109 6.178075e+01
365582 6.178075e+01
365680 6.178073e+01
365963 6.178073e+01
365975 6.178072e+01
366071 6.178072e+01
366368 6.178072e+01
366620 6.178071e+01
366753 6.178070e+01
366999 6.178070e+01
367036 6.178070e+01
367054 6.178069e+01
367076 6.178069e+01
367091 6.178069e+01
367155 6.178069e+01
367204 6.178069e+01
367217 6.178068e+01
367395 6.178067e+01
368192 6.178066e+01
368257 6.178066e+01
368511 6.178066e+01
368647 6.178066e+01
368743 6.178066e+01
368896 6.178066e+01
369004 6.178066e+01
369104 6.178066e+01
369139 6.178066e+01
369163 6.178066e+01
369170 6.178066e+01
369173 6.178066e+01
369588 6.178065e+01
369784 6.178065e+01
369807 6.178065e+01
369937 6.178065e+01
370036 6.178065e+01
370064 6.178065e+01
370083 6.178065e+01
370301 6.178065e+01
370380 6.178065e+01
370600 6.178065e+01
370733 6.178065e+01
370738 6.178065e+01
371053 6.178065e+01
371054 6.178065e+01
371243 6.178065e+01
371475 6.178065e+01
371682 6.178065e+01
371803 6.178065e+01
371824 6.178065e+01
372192 6.178065e+01
372731 6.178065e+01
373160 6.178065e+01
373464 6.178065e+01
373498 6.178065e+01
373693 6.178065e+01
373802 6.178065e+01
373845 6.178065e+01
374033 6.178065e+01
374355 6.178065e+01
374458 6.178065e+01
374958 6.178065e+01
374961 6.178065e+01
375015 6.178065e+01
375033 6.178065e+01
375061 6.178065e+01
375106 6.178065e+01
375154 6.178065e+01
375199 6.178065e+01
375517 6.178065e+01
375525 6.178065e+01
375705 6.178065e+01
375829 6.178065e+01
375889 6.178065e+01
375925 6.178065e+01
375957 6.178065e+01
375963 6.178065e+01
376410 6.178065e+01
376796 6.178065e+01
376807 6.178065e+01
376823 6.178065e+01
376852 6.178065e+01
377268 6.178065e+01
377389 6.178065e+01
377615 6.178065e+01
377854 6.178065e+01
378158 6.178065e+01
378343 6.178065e+01
378462 6.178065e+01
378601 6.178065e+01
378628 6.178065e+01
378634 6.178065e+01
378694 6.178065e+01
378875 6.178065e+01
378876 6.178065e+01
379014 6.178065e+01
379057 6.178065e+01
379395 6.178065e+01
379440 6.178065e+01
379478 6.178065e+01
379518 6.178065e+01
379657 6.178065e+01
379754 6.178065e+01
379763 6.178065e+01
379922 6.178065e+01
380273 6.178065e+01
380579 6.178065e+01
380684 6.178065e+01
380786 6.178065e+01
380877 6.178065e+01
381057 6.178065e+01
381106 6.178065e+01
381189 6.178065e+01
381377 6.178065e+01
382248 6.178065e+01
382485 6.178065e+01
382537 6.178065e+01
382573 6.178065e+01
382660 6.178065e+01
382706 6.178065e+01
382732 6.178065e+01
382746 6.178065e+01
382996 6.178065e+01
383028 6.178065e+01
383059 6.178065e+01
383242 6.178065e+01
383948 6.178065e+01
384235 6.178065e+01
384332 6.178065e+01
384336 6.178065e+01
384363 6.178065e+01
384375 6.178065e+01
384402 6.178065e+01
384403 6.178065e+01
384476 6.178065e+01
384481 6.178065e+01
384482 6.178065e+01
384561 6.178065e+01
384953 6.178065e+01
384971 6.178065e+01
384988 6.178065e+01
385040 6.178065e+01
385048 6.178065e+01
385149 6.178065e+01
385244 6.178065e+01
385249 6.178065e+01
385517 6.178065e+01
385550 6.178065e+01
