1 3.915247e+03
3 3.655889e+03
7 3.550657e+03
15 3.541117e+03
27 2.825508e+03
30 2.362280e+03
261 2.270235e+03
306 2.226217e+03
328 2.153805e+03
331 1.928614e+03
375 1.626976e+03
391 1.559143e+03
440 1.479002e+03
458 1.459783e+03
484 1.445859e+03
494 1.251147e+03
528 1.119770e+03
587 9.241686e+02
627 8.311355e+02
721 7.874199e+02
732 6.932859e+02
784 6.342497e+02
797 5.992875e+02
852 5.656723e+02
863 5.641354e+02
867 4.740981e+02
922 4.710538e+02
1003 4.564476e+02
1132 4.349289e+02
1178 4.179969e+02
1194 4.083963e+02
1245 4.050489e+02
1266 3.873416e+02
1307 3.750943e+02
1328 3.537135e+02
1349 3.466175e+02
1387 3.450413e+02
1417 3.257733e+02
1677 3.040475e+02
1835 2.892100e+02
2050 2.707718e+02
2311 2.694873e+02
2353 2.636834e+02
2943 2.612496e+02
2955 2.593051e+02
2980 2.356756e+02
3428 2.155035e+02
5309 2.081343e+02
31040 1.915052e+02
31051 1.893018e+02
31343 1.864992e+02
31365 1.616927e+02
31499 1.559985e+02
31607 1.479360e+02
31708 1.394103e+02
31722 1.347377e+02
32003 1.278013e+02
32004 1.233867e+02
32029 1.138668e+02
32211 1.067304e+02
32264 1.061598e+02
32309 1.028327e+02
32405 9.349630e+01
32560 8.215411e+01
32738 7.827333e+01
32768 7.813950e+01
32994 7.795722e+01
33000 7.561585e+01
33040 7.450415e+01
33046 7.395368e+01
33069 7.264608e+01
33206 7.110734e+01
33233 7.027013e+01
33328 6.890578e+01
33337 6.852473e+01
33413 6.777023e+01
33457 6.507586e+01
33545 6.395697e+01
33639 6.297273e+01
33710 6.282375e+01
33713 6.237793e+01
33768 6.060536e+01
33813 6.030589e+01
33997 5.978020e+01
34073 5.899990e+01
34096 5.861402e+01
34112 5.765675e+01
34218 5.762078e+01
34242 5.726638e+01
34283 5.669756e+01
34325 5.664984e+01
34352 5.594897e+01
34387 5.515198e+01
34416 5.482778e+01
34544 5.450205e+01
34740 5.441276e+01
34822 5.411181e+01
34867 5.388103e+01
34922 5.233906e+01
35138 5.205349e+01
35144 5.076777e+01
35265 4.928635e+01
35429 4.918805e+01
35558 4.917702e+01
35628 4.901904e+01
35651 4.892592e+01
35703 4.854827e+01
35721 4.813115e+01
35888 4.802897e+01
35913 4.795530e+01
36014 4.789711e+01
36041 4.768754e+01
36195 4.766924e+01
36243 4.760175e+01
36254 4.753697e+01
36287 4.741519e+01
36383 4.725095e+01
36536 4.723069e+01
36581 4.712089e+01
36686 4.702967e+01
36720 4.698231e+01
36832 4.693300e+01
36941 4.692172e+01
36968 4.685086e+01
37010 4.681286e+01
37027 4.671119e+01
37056 4.663324e+01
37137 4.663311e+01
37142 4.662539e+01
37217 4.650353e+01
37231 4.648450e+01
37247 4.647454e+01
37259 4.643350e+01
37316 4.637251e+01
37391 4.634839e+01
37465 4.623170e+01
37634 4.618662e+01
37647 4.602250e+01
37739 4.599235e+01
37880 4.595495e+01
37886 4.592622e+01
37931 4.590958e+01
37980 4.589143e+01
37990 4.584979e+01
38026 4.583719e+01
38083 4.581460e+01
38162 4.579210e+01
38278 4.577319e+01
38397 4.576973e+01
38399 4.572421e+01
38424 4.572163e+01
38427 4.568909e+01
38510 4.568068e+01
38521 4.565855e+01
38545 4.564899e+01
38636 4.563028e+01
38639 4.562613e+01
38761 4.561852e+01
38813 4.559833e+01
38840 4.559800e+01
38897 4.559141e+01
38912 4.559064e+01
38918 4.559060e+01
38951 4.557405e+01
39005 4.557161e+01
39036 4.556564e+01
39158 4.555810e+01
39184 4.555228e+01
39260 4.553512e+01
39389 4.552818e+01
39476 4.552145e+01
39587 4.550799e+01
39725 4.550417e+01
39900 4.550374e+01
40006 4.550178e+01
40009 4.549742e+01
40029 4.549424e+01
40091 4.549164e+01
40101 4.548974e+01
40122 4.548972e+01
40126 4.548628e+01
40210 4.548371e+01
40220 4.547941e+01
40292 4.547823e+01
40365 4.547736e+01
40371 4.547305e+01
40393 4.547124e+01
40396 4.546870e+01
40397 4.546803e+01
40451 4.546378e+01
40494 4.546373e+01
40758 4.546157e+01
40833 4.546103e+01
40948 4.545829e+01
41019 4.545816e+01
41043 4.545629e+01
41097 4.545488e+01
41227 4.545476e+01
41393 4.545450e+01
41403 4.545339e+01
41437 4.545226e+01
41579 4.545212e+01
41587 4.544996e+01
41794 4.544960e+01
41905 4.544929e+01
42026 4.544927e+01
42032 4.544885e+01
42049 4.544855e+01
42096 4.544847e+01
42102 4.544842e+01
42109 4.544835e+01
42141 4.544800e+01
42222 4.544789e+01
42235 4.544777e+01
42270 4.544768e+01
42279 4.544757e+01
42307 4.544756e+01
42308 4.544736e+01
42350 4.544718e+01
42353 4.544672e+01
42496 4.544671e+01
42532 4.544658e+01
42687 4.544654e+01
42713 4.544619e+01
42877 4.544602e+01
42946 4.544592e+01
43058 4.544591e+01
43077 4.544590e+01
43083 4.544590e+01
43102 4.544587e+01
43112 4.544587e+01
43151 4.544582e+01
43164 4.544579e+01
43211 4.544578e+01
43242 4.544574e+01
43269 4.544574e+01
43270 4.544574e+01
43316 4.544572e+01
43358 4.544570e+01
43362 4.544570e+01
43369 4.544569e+01
43501 4.544568e+01
43516 4.544565e+01
43564 4.544565e+01
43606 4.544564e+01
43638 4.544563e+01
43644 4.544562e+01
43683 4.544561e+01
43697 4.544560e+01
43775 4.544559e+01
43787 4.544556e+01
43844 4.544556e+01
43967 4.544555e+01
43992 4.544554e+01
44202 4.544554e+01
44277 4.544553e+01
44322 4.544553e+01
44438 4.544553e+01
44489 4.544553e+01
44494 4.544553e+01
44497 4.544552e+01
44505 4.544552e+01
44535 4.544552e+01
44564 4.544552e+01
44573 4.544551e+01
44679 4.544551e+01
44752 4.544551e+01
44771 4.544551e+01
44852 4.544551e+01
44964 4.544551e+01
230190 4.531759e+01
230287 4.285692e+01
230681 4.098620e+01
231080 3.971045e+01
231147 3.949225e+01
231465 3.911574e+01
231739 3.834500e+01
231743 3.819782e+01
231969 3.815805e+01
232467 3.775380e+01
232659 3.759522e+01
232708 3.749416e+01
232822 3.681501e+01
233050 3.659491e+01
233403 3.652293e+01
233410 3.629828e+01
233730 3.629166e+01
233748 3.613078e+01
233886 3.611855e+01
233972 3.595033e+01
234220 3.592985e+01
234278 3.574576e+01
234398 3.572305e+01
234546 3.569993e+01
234862 3.569861e+01
234972 3.561653e+01
235305 3.556888e+01
235364 3.553367e+01
235533 3.546196e+01
236038 3.544534e+01
236199 3.542506e+01
236408 3.542195e+01
236420 3.534150e+01
237131 3.533510e+01
237173 3.529807e+01
237900 3.529494e+01
237963 3.528977e+01
238043 3.528343e+01
238114 3.528251e+01
238251 3.527399e+01
238255 3.526756e+01
238507 3.526658e+01
238578 3.526160e+01
238608 3.525814e+01
238946 3.525752e+01
239166 3.525666e+01
239408 3.525648e+01
239493 3.525498e+01
239653 3.525399e+01
239799 3.525318e+01
239833 3.525199e+01
240008 3.525144e+01
240015 3.524777e+01
240141 3.524754e+01
240146 3.524743e+01
240238 3.524725e+01
240247 3.524624e+01
240351 3.524520e+01
240354 3.524493e+01
240420 3.524425e+01
240469 3.524384e+01
240472 3.524353e+01
240580 3.524246e+01
240730 3.524211e+01
240818 3.524113e+01
241034 3.524068e+01
241162 3.524067e+01
241360 3.524057e+01
241379 3.524053e+01
241519 3.524050e+01
241520 3.524032e+01
241535 3.523969e+01
241804 3.523937e+01
242188 3.523937e+01
242209 3.523936e+01
242216 3.523921e+01
242253 3.523916e+01
242331 3.523916e+01
242335 3.523915e+01
242416 3.523914e+01
242514 3.523904e+01
242715 3.523903e+01
242790 3.523900e+01
242791 3.523897e+01
242926 3.523892e+01
243149 3.523890e+01
243308 3.523889e+01
243326 3.523886e+01
243354 3.523886e+01
243417 3.523885e+01
243562 3.523884e+01
243575 3.523882e+01
243625 3.523881e+01
243755 3.523881e+01
243847 3.523881e+01
243950 3.523880e+01
243999 3.523880e+01
244046 3.523880e+01
244053 3.523879e+01
244180 3.523877e+01
244547 3.523877e+01
244657 3.523876e+01
244922 3.523875e+01
245087 3.523875e+01
245242 3.523875e+01
245267 3.523875e+01
245368 3.523875e+01
245505 3.523875e+01
245511 3.523875e+01
245728 3.523875e+01
246045 3.523875e+01
246078 3.523875e+01
246089 3.523874e+01
246182 3.523874e+01
246190 3.523874e+01
246614 3.523874e+01
246636 3.523874e+01
246693 3.523874e+01
246744 3.523874e+01
246888 3.523874e+01
246889 3.523874e+01
247011 3.523874e+01
247218 3.523874e+01
247238 3.523874e+01
247245 3.523874e+01
247904 3.523874e+01
248047 3.523874e+01
248048 3.523874e+01
248142 3.523874e+01
248244 3.523874e+01
248396 3.523874e+01
248505 3.523874e+01
248735 3.523874e+01
248822 3.523874e+01
248927 3.523874e+01
249059 3.523874e+01
249113 3.523874e+01
249436 3.523874e+01
249518 3.523874e+01
249567 3.523874e+01
249627 3.523874e+01
249634 3.523874e+01
249643 3.523874e+01
250060 3.523874e+01
250108 3.523874e+01
250118 3.523874e+01
250340 3.523874e+01
250627 3.523874e+01
250813 3.523874e+01
250908 3.523874e+01
250927 3.523874e+01
251379 3.523874e+01
251547 3.523874e+01
251608 3.523874e+01
251712 3.523874e+01
251759 3.523874e+01
251806 3.523874e+01
252048 3.523874e+01
252188 3.523874e+01
252210 3.523874e+01
252240 3.523874e+01
252350 3.523874e+01
252432 3.523874e+01
252482 3.523874e+01
252872 3.523874e+01
253118 3.523874e+01
253213 3.523874e+01
253245 3.523874e+01
253296 3.523874e+01
253478 3.523874e+01
253596 3.523874e+01
254054 3.523874e+01
254070 3.523874e+01
254126 3.523874e+01
254174 3.523874e+01
254295 3.523874e+01
254308 3.523874e+01
254310 3.523874e+01
254328 3.523874e+01
254489 3.523874e+01
254519 3.523874e+01
254562 3.523874e+01
254772 3.523874e+01
254854 3.523874e+01
254868 3.523874e+01
254889 3.523874e+01
254898 3.523874e+01
255000 3.523874e+01
255030 3.523874e+01
255137 3.523874e+01
255457 3.523874e+01
255551 3.523874e+01
255711 3.523874e+01
255767 3.523874e+01
255797 3.523874e+01
