1 2.537735e+10
2 1.125304e+09
6 7.851625e+07
16 1.989229e+07
25 4.346339e+05
106 9.161782e+04
754 6.400650e+04
821 4.162614e+04
824 3.609599e+04
945 2.695466e+04
1171 1.953163e+04
1879 1.833263e+04
1893 1.680958e+04
1910 1.602523e+04
1914 1.585461e+04
2012 1.460888e+04
2186 1.434730e+04
2194 1.350532e+04
2412 1.309921e+04
2430 1.270900e+04
2466 1.166444e+04
2491 1.032150e+04
2561 9.744158e+03
2562 9.703639e+03
2572 8.883552e+03
2613 8.308757e+03
2640 8.045319e+03
2667 5.722110e+03
2690 4.928480e+03
2875 4.719230e+03
2890 4.086508e+03
2926 3.860943e+03
2928 3.564049e+03
2955 3.518236e+03
2957 3.086941e+03
2969 2.728626e+03
2992 2.323650e+03
3024 1.963755e+03
3037 1.382728e+03
3101 1.062969e+03
3237 6.337874e+02
3288 5.282962e+02
3452 4.381159e+02
3505 3.510557e+02
3511 3.501890e+02
3518 3.256779e+02
3522 3.243298e+02
3575 2.695333e+02
3593 2.522963e+02
3604 2.462429e+02
3683 2.295216e+02
3686 2.292832e+02
3704 1.678648e+02
3737 1.424753e+02
3744 9.327195e+01
3886 8.613145e+01
3890 6.288791e+01
3938 5.830488e+01
4140 4.755761e+01
4217 3.830499e+01
4230 2.883320e+01
4250 2.686185e+01
4266 1.770484e+01
4315 1.589957e+01
4330 1.216371e+01
4436 1.093384e+01
4456 9.308699e+00
4471 8.151702e+00
4482 5.641972e+00
4492 3.747310e+00
4545 3.506477e+00
4559 2.984876e+00
4568 1.401156e+00
4628 1.178208e+00
4650 1.002568e+00
4671 6.918155e-01
4702 4.258346e-01
4763 3.186722e-01
4855 1.311646e-01
4957 1.145249e-01
4965 9.770939e-02
4967 8.176728e-02
4984 5.885332e-02
5082 3.269155e-02
5139 1.201079e-02
5266 8.919363e-03
5343 7.193447e-03
5351 5.327949e-03
5362 4.691555e-03
5368 4.375199e-03
5370 3.528221e-03
5372 3.392431e-03
5374 2.100301e-03
5401 1.900707e-03
5425 1.818236e-03
5458 1.372558e-03
5508 8.256916e-04
5575 7.361268e-04
5595 4.723985e-04
5632 4.450412e-04
5634 2.442228e-04
5763 1.177634e-04
5791 9.450165e-05
5895 8.690444e-05
5908 6.384172e-05
5922 5.404778e-05
5967 5.117771e-05
6001 3.457013e-05
6006 2.958231e-05
6029 1.194929e-05
6130 7.517521e-06
6177 6.285201e-06
6191 4.933708e-06
6201 4.100917e-06
6210 2.936020e-06
6213 2.777700e-06
6267 2.424668e-06
6303 2.242883e-06
6307 2.242123e-06
6359 1.508569e-06
6373 1.121610e-06
6385 9.425486e-07
6402 8.799516e-07
6416 8.487458e-07
6436 6.361231e-07
6438 3.894834e-07
6492 3.569904e-07
6516 3.310229e-07
6534 3.147617e-07
6543 2.977755e-07
6559 2.882297e-07
6565 1.266379e-07
6656 9.701782e-08
6687 6.354767e-08
6703 5.062656e-08
6729 3.274517e-08
6770 2.151079e-08
6776 1.341537e-08
6830 1.010832e-08
6868 8.770542e-09
48343 6.761384e-09
82575 6.486840e-09
