1 3.861407e+03
2 3.302514e+03
27 3.208754e+03
29 3.176307e+03
53 2.711943e+03
236 2.695226e+03
381 2.678589e+03
463 2.574658e+03
520 2.338412e+03
735 2.159505e+03
813 2.131917e+03
858 2.018905e+03
1293 1.921966e+03
1432 1.845751e+03
1449 1.646225e+03
1602 1.585059e+03
1647 1.555644e+03
1663 1.519077e+03
1714 1.413936e+03
1737 9.547277e+02
1995 8.319944e+02
2054 7.851483e+02
2129 7.109952e+02
2144 6.851926e+02
2186 6.756816e+02
2278 6.708808e+02
2295 6.489134e+02
2347 6.486552e+02
2349 6.362715e+02
2373 6.120739e+02
2410 6.117579e+02
2411 6.036002e+02
2484 5.964813e+02
2489 5.897468e+02
2641 5.888213e+02
2645 5.878137e+02
2647 5.849825e+02
2702 5.846571e+02
2718 5.846296e+02
2750 5.841524e+02
2797 5.840596e+02
2826 5.838483e+02
2849 5.837468e+02
2905 5.837300e+02
2914 5.836094e+02
2939 5.833402e+02
3145 5.833301e+02
3184 5.833292e+02
3217 5.833194e+02
3236 5.832767e+02
3270 5.832477e+02
3272 5.831941e+02
3373 5.831685e+02
3492 5.831628e+02
3500 5.831579e+02
3538 5.831541e+02
3582 5.831534e+02
3609 5.831528e+02
3629 5.831526e+02
3661 5.831524e+02
3671 5.831501e+02
3696 5.831495e+02
3727 5.831493e+02
3735 5.831492e+02
3772 5.831490e+02
3811 5.831489e+02
3903 5.831488e+02
3908 5.831485e+02
3917 5.831485e+02
3960 5.831484e+02
4000 5.831484e+02
4019 5.831484e+02
4026 5.831484e+02
4072 5.831483e+02
4092 5.831483e+02
4106 5.831483e+02
4113 5.831483e+02
4166 5.831482e+02
4218 5.831482e+02
4223 5.831482e+02
4239 5.831482e+02
4292 5.831482e+02
4299 5.831482e+02
4335 5.831482e+02
4345 5.831482e+02
4366 5.831482e+02
4383 5.831482e+02
4387 5.831482e+02
4521 5.831482e+02
4548 5.831482e+02
4571 5.831482e+02
4615 5.831482e+02
4631 5.831482e+02
4654 5.831482e+02
4680 5.831482e+02
4697 5.831482e+02
4738 5.831482e+02
4797 5.831482e+02
4819 5.831482e+02
4869 5.831482e+02
4890 5.831482e+02
4934 5.831482e+02
4942 5.831482e+02
4945 5.831482e+02
5040 5.831482e+02
5062 5.831482e+02
5097 5.831482e+02
5116 5.831482e+02
5118 5.831482e+02
5136 5.831482e+02
5148 5.831482e+02
5163 5.831482e+02
5195 5.831482e+02
5211 5.831482e+02
5217 5.831482e+02
5254 5.831482e+02
5315 5.831482e+02
5419 5.831482e+02
5423 5.831482e+02
5424 5.831482e+02
5433 5.831482e+02
5439 5.831482e+02
5486 5.831482e+02
5502 5.831482e+02
5506 5.831482e+02
5535 5.831482e+02
5566 5.831482e+02
5579 5.831482e+02
5630 5.831482e+02
5658 5.831482e+02
5698 5.831482e+02
5729 5.831482e+02
5743 5.831482e+02
5746 5.831482e+02
5756 5.831482e+02
5818 5.831482e+02
5877 5.831482e+02
5895 5.831482e+02
5916 5.831482e+02
5929 5.831482e+02
5961 5.831482e+02
5970 5.831482e+02
6002 5.831482e+02
6004 5.831482e+02
14996 4.629499e+02
45078 3.361635e+02
45253 1.998221e+02
46536 1.874917e+02
46708 1.679350e+02
46715 1.537463e+02
46811 1.400559e+02
46864 1.262181e+02
46886 1.253891e+02
46920 1.235229e+02
46921 1.044491e+02
46926 7.027638e+01
47124 6.401470e+01
47182 5.360569e+01
47300 4.071935e+01
47544 3.958372e+01
47562 3.208113e+01
47751 3.046864e+01
47892 2.700686e+01
47935 2.623356e+01
48025 2.336971e+01
48045 2.039338e+01
48341 1.976603e+01
48363 1.952570e+01
48409 1.948110e+01
48434 1.932849e+01
48469 1.877459e+01
48508 1.826085e+01
48550 1.696477e+01
48604 1.671942e+01
48619 1.657399e+01
48652 1.614876e+01
48893 1.607197e+01
48902 1.595347e+01
48913 1.588544e+01
48978 1.585029e+01
49027 1.552355e+01
49223 1.551768e+01
49244 1.539437e+01
49314 1.536036e+01
49556 1.534220e+01
49950 1.533154e+01
49960 1.532992e+01
50068 1.532602e+01
50118 1.531615e+01
50223 1.531559e+01
50233 1.531483e+01
50266 1.531209e+01
50349 1.531158e+01
50384 1.531138e+01
50441 1.531080e+01
50579 1.530956e+01
50682 1.530939e+01
50732 1.530850e+01
50936 1.530812e+01
50969 1.530790e+01
51026 1.530775e+01
51126 1.530753e+01
51299 1.530747e+01
51337 1.530722e+01
51396 1.530717e+01
51585 1.530714e+01
51676 1.530710e+01
51803 1.530705e+01
51918 1.530702e+01
52066 1.530700e+01
52118 1.530699e+01
52144 1.530698e+01
52249 1.530698e+01
52316 1.530697e+01
52320 1.530696e+01
52410 1.530695e+01
52526 1.530695e+01
52569 1.530695e+01
52588 1.530695e+01
52746 1.530694e+01
53070 1.530694e+01
53080 1.530694e+01
53307 1.530694e+01
53424 1.530694e+01
53505 1.530694e+01
53650 1.530694e+01
53656 1.530694e+01
53666 1.530694e+01
53671 1.530694e+01
53850 1.530694e+01
53971 1.530694e+01
54125 1.530694e+01
54133 1.530694e+01
54234 1.530694e+01
54280 1.530694e+01
54302 1.530694e+01
54357 1.530694e+01
54410 1.530694e+01
54480 1.530694e+01
54482 1.530694e+01
54538 1.530694e+01
54556 1.530694e+01
54614 1.530694e+01
54817 1.530694e+01
54837 1.530694e+01
54840 1.530694e+01
54847 1.530694e+01
55078 1.530694e+01
55128 1.530694e+01
55141 1.530694e+01
55273 1.530694e+01
55284 1.530694e+01
55374 1.530694e+01
55401 1.530694e+01
55492 1.530694e+01
55633 1.530694e+01
55730 1.530694e+01
55796 1.530694e+01
55909 1.530694e+01
55925 1.530694e+01
55929 1.530694e+01
55961 1.530694e+01
55975 1.530694e+01
56002 1.530694e+01
56060 1.530694e+01
56105 1.530694e+01
56312 1.530694e+01
56507 1.530694e+01
56660 1.530694e+01
