1 3.362039e+03
6 3.006544e+03
93 2.565917e+03
205 2.185825e+03
955 1.982466e+03
1040 1.922316e+03
2013 1.710360e+03
2861 1.521933e+03
3473 1.501317e+03
3492 1.342570e+03
3527 1.312648e+03
3664 1.308153e+03
3724 1.179598e+03
3783 1.145040e+03
3803 1.141725e+03
3858 1.107692e+03
3867 1.092856e+03
3881 1.062211e+03
3899 1.046407e+03
3900 1.003127e+03
3909 9.567485e+02
3944 9.333439e+02
3953 7.720129e+02
3957 7.450149e+02
3974 5.086628e+02
4068 4.801166e+02
4077 4.146718e+02
4146 2.899581e+02
4164 1.385152e+02
4337 1.327868e+02
4351 1.049726e+02
4379 9.175814e+01
4392 8.986362e+01
4486 6.802104e+01
4579 6.446432e+01
4599 6.385698e+01
4700 6.368987e+01
4722 5.569626e+01
4745 5.390349e+01
4789 5.383974e+01
4850 5.332353e+01
4902 5.027014e+01
5044 4.984349e+01
5057 4.919528e+01
5095 4.793680e+01
5237 4.766063e+01
5275 4.753576e+01
5290 4.750006e+01
5293 4.737117e+01
5326 4.718219e+01
5344 4.695847e+01
5506 4.686704e+01
5548 4.685835e+01
5709 4.684677e+01
5759 4.683427e+01
5791 4.683348e+01
5841 4.682726e+01
5903 4.682607e+01
5941 4.682435e+01
5953 4.682247e+01
6039 4.682078e+01
6047 4.682048e+01
6071 4.681987e+01
6079 4.681909e+01
6183 4.681906e+01
6219 4.681896e+01
6227 4.681895e+01
6247 4.681875e+01
6249 4.681868e+01
6277 4.681857e+01
6420 4.681857e+01
6421 4.681852e+01
6492 4.681851e+01
6518 4.681849e+01
6545 4.681849e+01
6553 4.681849e+01
6554 4.681849e+01
6565 4.681848e+01
6598 4.681848e+01
6625 4.681848e+01
6654 4.681847e+01
6699 4.681847e+01
6716 4.681847e+01
6726 4.681847e+01
6834 4.681847e+01
6901 4.681847e+01
6915 4.681847e+01
6981 4.681847e+01
7076 4.681847e+01
7130 4.681847e+01
7162 4.681847e+01
7163 4.681847e+01
7225 4.681847e+01
7248 4.681847e+01
7273 4.681847e+01
7279 4.681847e+01
7292 4.681847e+01
7319 4.681847e+01
7329 4.681847e+01
7347 4.681847e+01
7355 4.681847e+01
7370 4.681847e+01
7372 4.681847e+01
7401 4.681847e+01
7408 4.681847e+01
7428 4.681847e+01
7461 4.681847e+01
7508 4.681847e+01
7530 4.681847e+01
7569 4.681847e+01
7623 4.681847e+01
7630 4.681847e+01
7637 4.681847e+01
7641 4.681847e+01
7669 4.681847e+01
7698 4.681847e+01
7711 4.681847e+01
7734 4.681847e+01
7819 4.681847e+01
7841 4.681847e+01
7861 4.681847e+01
7867 4.681847e+01
7976 4.681847e+01
7981 4.681847e+01
7998 4.681847e+01
8074 4.681847e+01
8100 4.681847e+01
8101 4.681847e+01
8196 4.681847e+01
8199 4.681847e+01
8230 4.681847e+01
54282 4.024056e+01
54330 2.849969e+01
54432 2.346810e+01
54471 1.880900e+01
54657 1.783694e+01
54687 1.490055e+01
54695 1.091318e+01
54790 1.018501e+01
54819 6.072255e+00
54949 4.042502e+00
55044 1.807512e+00
55469 1.609234e+00
55556 1.424878e+00
55675 1.393730e+00
55700 1.385457e+00
55712 9.002882e-01
55777 8.854684e-01
55779 8.295433e-01
55845 7.319574e-01
55849 7.277704e-01
55856 7.149142e-01
55941 7.117152e-01
55953 6.631828e-01
55961 5.062025e-01
55975 4.778971e-01
56019 4.563682e-01
56111 4.535689e-01
56184 3.640255e-01
56205 3.431214e-01
56522 3.410832e-01
56554 3.315404e-01
56604 3.271872e-01
56706 3.223610e-01
56769 3.213375e-01
56847 3.213162e-01
56889 3.193729e-01
56958 3.159507e-01
57022 3.152220e-01
57211 3.142231e-01
57277 3.127673e-01
57768 3.127304e-01
57778 3.125810e-01
57802 3.124937e-01
57882 3.123967e-01
58082 3.123767e-01
58090 3.122971e-01
58363 3.122898e-01
58510 3.122890e-01
58580 3.122866e-01
58615 3.122833e-01
58616 3.122810e-01
58721 3.122802e-01
58773 3.122797e-01
58823 3.122755e-01
58902 3.122751e-01
58966 3.122751e-01
58995 3.122749e-01
59061 3.122749e-01
59103 3.122747e-01
59131 3.122746e-01
59160 3.122745e-01
59175 3.122744e-01
59203 3.122732e-01
59267 3.122728e-01
59608 3.122727e-01
59610 3.122726e-01
59669 3.122726e-01
59756 3.122726e-01
59793 3.122725e-01
59797 3.122725e-01
59807 3.122725e-01
59816 3.122725e-01
59836 3.122723e-01
59981 3.122723e-01
60051 3.122723e-01
60123 3.122723e-01
60150 3.122722e-01
60327 3.122722e-01
60359 3.122722e-01
60394 3.122722e-01
60418 3.122722e-01
60555 3.122722e-01
60619 3.122722e-01
60633 3.122722e-01
60638 3.122722e-01
60858 3.122722e-01
60945 3.122722e-01
60968 3.122722e-01
60972 3.122722e-01
60993 3.122722e-01
60999 3.122722e-01
61090 3.122722e-01
61113 3.122722e-01
61160 3.122722e-01
61244 3.122722e-01
61360 3.122722e-01
61392 3.122722e-01
61408 3.122722e-01
61440 3.122722e-01
61492 3.122722e-01
61523 3.122722e-01
61570 3.122722e-01
61573 3.122722e-01
61649 3.122722e-01
61738 3.122722e-01
61757 3.122722e-01
61808 3.122722e-01
61898 3.122722e-01
61983 3.122722e-01
61989 3.122722e-01
62065 3.122722e-01
62092 3.122722e-01
62107 3.122722e-01
62144 3.122722e-01
62298 3.122722e-01
62456 3.122722e-01
62584 3.122722e-01
62626 3.122722e-01
