1 5.321874e+09
2 1.214829e+09
4 2.021187e+08
6 1.708968e+07
12 1.727423e+05
568 1.125055e+05
935 1.123072e+05
1353 1.074607e+05
1618 6.782959e+04
2055 6.224874e+04
11010 6.221859e+04
11087 6.186707e+04
11094 6.168150e+04
11109 6.117850e+04
11153 6.047895e+04
11229 5.948662e+04
11318 5.272577e+04
11595 5.261917e+04
11815 5.180891e+04
11901 5.179243e+04
11947 5.101670e+04
11949 4.946235e+04
11957 4.783551e+04
12186 4.516834e+04
12275 4.317141e+04
12372 4.313538e+04
12374 4.302738e+04
12424 4.044766e+04
12817 4.003099e+04
12826 3.963702e+04
12902 3.478003e+04
13065 3.349408e+04
13117 3.295329e+04
13181 3.176085e+04
13186 2.850797e+04
13510 2.660486e+04
13511 2.635936e+04
13562 2.209448e+04
13814 2.206218e+04
13851 1.598589e+04
14274 1.548990e+04
14297 1.493255e+04
14346 1.315205e+04
14592 1.218866e+04
14720 1.204964e+04
14793 1.103461e+04
14998 1.043304e+04
15008 1.011283e+04
15081 8.901198e+03
15139 8.515264e+03
15232 7.754034e+03
15285 7.694059e+03
15287 7.637674e+03
15334 7.593633e+03
15376 6.841090e+03
15694 5.866377e+03
15937 5.819361e+03
16021 5.314709e+03
16275 4.915348e+03
16436 4.154392e+03
16668 3.942163e+03
16817 3.933828e+03
16849 3.391191e+03
16942 3.369152e+03
17065 3.224734e+03
17082 3.050250e+03
17135 2.829508e+03
17250 2.773885e+03
17393 2.291328e+03
17551 2.257327e+03
17586 2.240001e+03
17612 2.206650e+03
17617 2.134595e+03
17757 1.985588e+03
17810 1.951935e+03
17845 1.816599e+03
17898 1.764560e+03
17904 1.674783e+03
17962 1.494961e+03
17966 1.469771e+03
18054 1.268499e+03
18099 1.186097e+03
18216 1.154783e+03
18217 1.116968e+03
18228 1.056375e+03
18308 9.974607e+02
18316 9.858829e+02
18485 9.197163e+02
18545 8.523384e+02
18561 8.298894e+02
18562 7.151264e+02
18656 6.678177e+02
18857 6.100971e+02
18885 5.967662e+02
18945 5.886913e+02
18961 5.424578e+02
19001 5.016130e+02
19018 3.772699e+02
19126 3.491347e+02
19156 3.057492e+02
19428 2.784323e+02
19485 2.647928e+02
19490 2.645322e+02
19508 2.314933e+02
19515 1.318537e+02
19959 1.253509e+02
20073 1.199686e+02
20238 1.111172e+02
20265 7.989792e+01
20321 7.333271e+01
20362 7.206195e+01
20369 7.068141e+01
20414 6.872933e+01
20425 6.770793e+01
20444 6.746496e+01
20460 3.468652e+01
21024 3.030392e+01
21134 2.959904e+01
21192 2.647093e+01
21205 2.615226e+01
21231 2.234012e+01
21271 1.597838e+01
21567 1.530883e+01
21575 1.497108e+01
21629 1.270347e+01
21746 1.245463e+01
21754 1.081621e+01
21831 9.022876e+00
21870 8.828467e+00
22037 5.821210e+00
22183 4.589757e+00
22303 4.203574e+00
22384 3.825653e+00
22418 3.784790e+00
22433 3.292661e+00
22473 3.243765e+00
22560 3.204379e+00
22609 2.595203e+00
22611 2.552748e+00
22615 2.075973e+00
22682 1.369575e+00
22856 1.187723e+00
22879 1.132892e+00
22897 1.110581e+00
22929 8.917468e-01
22974 7.839334e-01
23097 7.607700e-01
23098 7.188219e-01
23156 5.294170e-01
23204 5.033818e-01
23274 3.972919e-01
23317 3.470111e-01
23499 3.275211e-01
23537 1.912343e-01
23799 1.646006e-01
23873 1.622449e-01
23885 1.532628e-01
23953 1.447676e-01
23981 1.347560e-01
24010 1.180046e-01
24047 8.404113e-02
24166 7.819141e-02
24248 7.694159e-02
24253 6.361065e-02
24286 5.440088e-02
24331 5.112265e-02
24332 4.496991e-02
24377 3.434819e-02
24530 3.094199e-02
24649 2.971764e-02
24651 2.662549e-02
24693 2.452806e-02
24695 2.195006e-02
24701 1.950814e-02
24735 1.823523e-02
24887 1.261948e-02
24944 1.065572e-02
25067 1.064376e-02
25089 7.396844e-03
25202 6.660176e-03
25238 5.409898e-03
25306 5.215956e-03
25347 4.793911e-03
25393 4.304691e-03
25402 3.852822e-03
25584 3.065798e-03
25595 3.060513e-03
25628 2.669475e-03
25667 2.617973e-03
25717 2.202255e-03
25839 1.960322e-03
25866 1.764350e-03
25909 1.723681e-03
25928 1.667226e-03
25936 1.180923e-03
26037 9.087686e-04
26256 7.719107e-04
26286 7.101591e-04
26328 6.354530e-04
26332 6.187487e-04
26340 6.146621e-04
26367 5.634067e-04
26384 5.398925e-04
26436 4.981058e-04
26458 4.131037e-04
26469 3.969442e-04
26492 3.591387e-04
26529 3.106753e-04
26545 2.752092e-04
26601 2.411380e-04
26675 2.130200e-04
26731 1.882372e-04
26745 1.806686e-04
26757 1.477536e-04
26775 1.397365e-04
26811 1.050803e-04
26933 9.608037e-05
26963 8.015219e-05
26983 7.120410e-05
27128 5.380079e-05
27154 5.171800e-05
27214 4.041065e-05
27353 3.859506e-05
27404 3.234252e-05
27434 2.775416e-05
27465 2.768148e-05
27491 2.601308e-05
27505 2.217165e-05
27563 1.755781e-05
27661 1.693159e-05
27689 1.469372e-05
27767 1.382704e-05
27800 1.062268e-05
27830 9.676040e-06
27889 7.325650e-06
27978 7.194161e-06
27996 7.084897e-06
28054 5.697568e-06
28092 4.630969e-06
28148 4.015525e-06
28168 3.889985e-06
28267 3.784364e-06
28346 3.011538e-06
28358 2.280512e-06
28538 2.214016e-06
28553 2.095989e-06
28633 1.617092e-06
28647 1.609961e-06
28657 1.315531e-06
28705 1.275625e-06
28731 1.213627e-06
28746 1.071507e-06
28762 7.094907e-07
28833 6.394566e-07
28901 4.834656e-07
28958 3.294609e-07
28994 3.258603e-07
29068 3.117869e-07
29083 2.917092e-07
29121 1.421392e-07
29377 1.142637e-07
29430 8.981339e-08
29480 7.602334e-08
29579 5.847547e-08
29664 5.312879e-08
29712 4.624979e-08
29759 3.515244e-08
29851 2.722129e-08
29918 2.447555e-08
29952 2.431860e-08
29984 2.166076e-08
30022 1.899795e-08
30136 1.794838e-08
30141 1.723151e-08
30145 1.407340e-08
30251 1.304957e-08
30284 1.303846e-08
30286 1.288734e-08
30309 1.245491e-08
30310 1.212564e-08
30312 9.643337e-09
165931 9.602646e-09
166013 9.544691e-09
235520 7.541720e-09
