1 3.443354e+09
2 7.773833e+06
19 1.134209e+06
35 6.728826e+05
361 2.136311e+05
463 2.071518e+05
543 1.452573e+05
594 1.087712e+05
1624 1.066023e+05
2633 1.027207e+05
3579 1.004191e+05
4502 9.830785e+04
5290 9.181221e+04
8673 8.851072e+04
8886 8.643007e+04
9010 8.366201e+04
9078 8.333867e+04
9222 7.805462e+04
9326 7.628438e+04
9835 7.359005e+04
10268 7.313106e+04
10295 7.180771e+04
10334 6.871298e+04
10516 6.795943e+04
10530 6.593993e+04
10580 6.289886e+04
10716 6.134147e+04
10780 5.932232e+04
10873 5.722894e+04
10927 5.597953e+04
10957 5.249597e+04
11412 5.144973e+04
11452 5.031479e+04
11514 4.787901e+04
11578 4.688131e+04
11701 4.594080e+04
11749 4.455107e+04
11770 4.191113e+04
11910 4.122779e+04
11916 3.992192e+04
12038 3.929302e+04
12082 3.907336e+04
12151 3.729643e+04
12259 3.423361e+04
12272 3.389235e+04
12317 3.191667e+04
12371 3.189685e+04
12482 3.034477e+04
12557 3.013940e+04
12607 2.972932e+04
12645 2.952515e+04
12661 2.920952e+04
12680 2.834048e+04
12779 2.781306e+04
12887 2.747432e+04
12947 2.739153e+04
13065 2.681029e+04
13123 2.669815e+04
13170 2.581047e+04
13173 2.575920e+04
13202 2.536119e+04
13208 2.314511e+04
13430 2.177023e+04
13573 2.046410e+04
13768 1.881841e+04
13809 1.781091e+04
14079 1.751548e+04
14106 1.703332e+04
14117 1.649762e+04
14185 1.592276e+04
14299 1.429086e+04
14463 1.405585e+04
14651 1.398362e+04
14662 1.373368e+04
14692 1.373303e+04
14713 1.352642e+04
14766 1.285813e+04
14792 1.190678e+04
14868 1.159773e+04
14995 1.154574e+04
15050 1.149426e+04
15124 9.622982e+03
15420 9.309420e+03
15456 8.510215e+03
15519 8.391056e+03
15556 7.957453e+03
15598 7.120797e+03
15650 6.811909e+03
15679 6.713604e+03
15680 6.500308e+03
15743 6.434642e+03
15901 6.151096e+03
15902 5.942736e+03
15908 5.863836e+03
15966 5.367604e+03
16059 4.498315e+03
16353 3.807393e+03
16556 3.781809e+03
16608 3.245531e+03
16764 3.038062e+03
16883 2.770962e+03
16926 2.502760e+03
17005 2.353325e+03
17037 1.841993e+03
17652 1.615424e+03
17854 1.603342e+03
17858 1.406137e+03
17864 1.323113e+03
17964 1.015968e+03
18110 8.260731e+02
18305 7.019045e+02
18356 6.339274e+02
18409 6.322980e+02
18416 6.104496e+02
18538 5.853710e+02
18583 5.142391e+02
18590 4.730324e+02
18630 4.320369e+02
18837 3.861166e+02
18884 3.699860e+02
19079 3.537340e+02
19082 3.456630e+02
19090 3.282964e+02
19097 3.030256e+02
19130 2.854554e+02
19154 2.842327e+02
19157 2.622225e+02
19193 2.164401e+02
19279 2.077026e+02
19454 1.957598e+02
19566 1.858047e+02
19586 1.757336e+02
19605 1.456939e+02
19737 1.349836e+02
19743 1.292493e+02
19749 1.263928e+02
19849 8.965583e+01
19955 8.933821e+01
19957 7.031786e+01
20098 6.483453e+01
20112 5.754523e+01
20115 5.181856e+01
20120 5.147147e+01
20170 4.804859e+01
20233 3.706407e+01
20269 3.690869e+01
20305 3.595316e+01
20327 2.578180e+01
20846 2.553935e+01
20891 2.242250e+01
20971 2.103426e+01
20995 1.817189e+01
21009 1.742441e+01
21042 1.707693e+01
21091 1.695805e+01
21097 1.678595e+01
21106 1.650142e+01
21125 1.622343e+01
21130 1.122106e+01
21258 9.463006e+00
21263 8.697960e+00
21297 7.975734e+00
21301 7.317335e+00
21336 7.197109e+00
21424 4.914245e+00
21595 3.985079e+00
21736 2.767569e+00
21836 2.698386e+00
22064 2.394575e+00
22137 2.208290e+00
22226 1.823024e+00
22237 1.759169e+00
22314 1.490898e+00
22383 1.488407e+00
22388 1.203292e+00
22397 1.084888e+00
22424 1.065037e+00
22468 1.016646e+00
22519 8.739612e-01
22688 8.713061e-01
22693 8.295210e-01
22723 7.500180e-01
22725 6.658823e-01
22731 5.271345e-01
22738 5.265582e-01
22823 5.180931e-01
22913 4.642221e-01
23001 3.956968e-01
23101 3.942287e-01
23144 3.817642e-01
23147 3.192710e-01
23182 2.435055e-01
23232 1.984715e-01
23238 1.973131e-01
23403 1.778852e-01
23422 1.654246e-01
23423 1.506307e-01
23528 1.034194e-01
23607 9.875546e-02
23654 8.654101e-02
23757 7.428456e-02
23816 6.839172e-02
23833 5.756576e-02
23870 5.701596e-02
23884 5.355048e-02
23892 5.074825e-02
23908 4.020611e-02
24098 3.370344e-02
24177 3.353155e-02
24207 2.858493e-02
24229 2.531342e-02
24231 2.457596e-02
24330 2.440941e-02
24333 1.756035e-02
24376 1.747169e-02
24404 1.738411e-02
24406 1.629816e-02
24471 1.574816e-02
24484 8.013410e-03
24711 8.012923e-03
24733 6.607790e-03
24803 5.964525e-03
24814 5.636855e-03
24875 5.214608e-03
24914 3.312859e-03
25092 3.097656e-03
25123 2.651480e-03
25237 2.565457e-03
25341 2.444768e-03
25343 1.655338e-03
25410 1.642526e-03
25466 1.371644e-03
25605 1.054590e-03
25634 1.032726e-03
25704 7.265630e-04
25823 6.607437e-04
25837 6.529165e-04
25838 5.942996e-04
25842 5.920863e-04
25945 5.908339e-04
25960 4.677377e-04
25985 3.975257e-04
25992 2.783676e-04
26234 2.494279e-04
26271 1.838551e-04
26316 1.552305e-04
26395 1.487331e-04
26402 1.411752e-04
26432 1.355845e-04
26435 1.329062e-04
26446 1.158290e-04
26447 1.101641e-04
26471 1.066967e-04
26513 9.894453e-05
26518 7.824808e-05
26577 7.183193e-05
26608 5.839087e-05
26722 5.243506e-05
26785 4.966743e-05
26829 4.944350e-05
26855 4.328457e-05
26878 3.865559e-05
26936 3.765139e-05
26997 3.682548e-05
26999 3.020405e-05
27033 2.938372e-05
27069 2.888261e-05
27070 2.860846e-05
27072 2.097511e-05
27077 2.093852e-05
27094 1.943872e-05
27118 1.661762e-05
27140 1.524770e-05
27217 1.326645e-05
27237 1.061467e-05
27254 9.965186e-06
27260 8.605993e-06
27294 7.859882e-06
27317 7.526855e-06
27395 7.337524e-06
27410 7.136570e-06
27424 7.056633e-06
27430 6.300479e-06
27466 4.000526e-06
27593 3.158102e-06
27725 2.829851e-06
27738 1.882840e-06
27912 1.870191e-06
27946 1.699053e-06
27957 1.274470e-06
28045 1.197668e-06
28083 1.079259e-06
28086 1.074285e-06
28128 9.072720e-07
28132 7.852171e-07
28166 6.817256e-07
28168 5.760277e-07
28197 3.856450e-07
28436 3.377187e-07
28440 3.144701e-07
28523 2.671490e-07
28580 1.757454e-07
28635 1.533309e-07
28705 1.180493e-07
28860 1.168423e-07
28872 9.158834e-08
29013 9.140838e-08
29021 8.136807e-08
29056 6.872768e-08
29091 6.741649e-08
29095 4.324290e-08
29232 4.112246e-08
29290 3.402795e-08
29341 2.920871e-08
29436 2.884587e-08
29447 2.684627e-08
29486 2.617621e-08
29491 2.356762e-08
29516 1.976202e-08
29571 1.625811e-08
29614 1.246438e-08
29720 1.241573e-08
29726 8.571275e-09
