1 4.340687e+03
2 3.955849e+03
5 3.288335e+03
14 2.834911e+03
20 2.780946e+03
86 2.777687e+03
92 2.529147e+03
126 2.496840e+03
138 2.408986e+03
189 2.256545e+03
194 2.192868e+03
312 1.933115e+03
534 1.803018e+03
626 1.784266e+03
654 1.720791e+03
657 1.522110e+03
700 1.455784e+03
725 1.452928e+03
742 1.394842e+03
744 1.286330e+03
763 1.261278e+03
772 1.221539e+03
846 1.114633e+03
873 1.081205e+03
912 9.576984e+02
1056 8.250721e+02
1152 8.099213e+02
1170 7.571082e+02
1207 7.198146e+02
1273 6.794511e+02
1492 6.662055e+02
1493 6.507794e+02
1562 6.051319e+02
1583 5.329636e+02
1721 5.274923e+02
2029 5.107005e+02
2287 4.970230e+02
2468 4.025582e+02
3547 3.680928e+02
10723 3.677680e+02
10818 3.668493e+02
11328 3.368730e+02
11420 3.086372e+02
11456 2.869290e+02
11498 2.265827e+02
11883 2.055965e+02
11951 2.045131e+02
11953 2.042191e+02
11983 1.641347e+02
12067 1.545598e+02
12174 1.537049e+02
12256 1.462726e+02
12353 1.392446e+02
12402 1.303088e+02
12437 1.301890e+02
12454 1.270232e+02
12475 1.143318e+02
12481 1.076657e+02
12580 1.070823e+02
12656 1.035297e+02
12659 1.008262e+02
12726 1.003646e+02
12728 9.385724e+01
12772 8.269527e+01
12897 8.215495e+01
12998 8.166103e+01
13018 7.688619e+01
13137 7.647386e+01
13171 7.452367e+01
13212 7.451765e+01
13214 7.093557e+01
13229 7.052157e+01
13271 7.008202e+01
13296 6.877770e+01
13317 6.830131e+01
13329 6.787520e+01
13366 6.534127e+01
13401 6.426874e+01
13432 6.393216e+01
13436 6.389201e+01
13488 6.346071e+01
13493 6.088269e+01
13516 6.060646e+01
13533 6.030599e+01
13552 5.907070e+01
13630 5.818081e+01
13643 5.635367e+01
13645 5.622767e+01
13710 5.389845e+01
13714 5.374419e+01
13878 5.290206e+01
13903 5.213884e+01
13950 5.134560e+01
14002 5.028589e+01
14150 5.025757e+01
14213 5.013917e+01
14214 4.993225e+01
14238 4.935387e+01
14256 4.921273e+01
14325 4.902158e+01
14333 4.868788e+01
14455 4.833696e+01
14561 4.833079e+01
14572 4.799482e+01
14608 4.797395e+01
14689 4.791888e+01
14713 4.752885e+01
14739 4.750646e+01
14742 4.741423e+01
14749 4.735815e+01
14774 4.733601e+01
14786 4.731768e+01
14837 4.728563e+01
14892 4.720786e+01
14910 4.698556e+01
14923 4.686830e+01
14957 4.684222e+01
15047 4.679712e+01
15063 4.665651e+01
15075 4.659914e+01
15107 4.651807e+01
15136 4.651329e+01
15141 4.650385e+01
15185 4.650351e+01
15193 4.642412e+01
15333 4.634477e+01
15412 4.633335e+01
15479 4.631497e+01
15494 4.626463e+01
15523 4.622964e+01
15570 4.618527e+01
15575 4.617088e+01
15641 4.612081e+01
15733 4.605420e+01
15806 4.602351e+01
15891 4.601767e+01
15940 4.598932e+01
15987 4.598336e+01
16060 4.597871e+01
16072 4.597694e+01
16087 4.596160e+01
16111 4.592442e+01
16281 4.591707e+01
16302 4.591275e+01
16306 4.590040e+01
16431 4.588419e+01
16435 4.588141e+01
16458 4.587458e+01
16506 4.586128e+01
16518 4.585749e+01
16520 4.585311e+01
16619 4.584891e+01
16625 4.583398e+01
16689 4.583049e+01
16830 4.582877e+01
16859 4.582330e+01
16894 4.581673e+01
16999 4.580989e+01
17100 4.580395e+01
17209 4.579289e+01
17341 4.578960e+01
17454 4.578862e+01
17469 4.578671e+01
17477 4.578576e+01
17558 4.578540e+01
17575 4.578507e+01
17581 4.578267e+01
17628 4.578164e+01
17666 4.578029e+01
17686 4.577815e+01
17767 4.577767e+01
17851 4.577743e+01
17869 4.577505e+01
17956 4.577408e+01
18008 4.577394e+01
18061 4.577369e+01
18098 4.577353e+01
18174 4.577290e+01
18197 4.577194e+01
18465 4.577160e+01
18508 4.577154e+01
18525 4.577079e+01
18592 4.577061e+01
18687 4.577010e+01
18712 4.577010e+01
18811 4.577000e+01
18812 4.576983e+01
18846 4.576980e+01
18869 4.576960e+01
18925 4.576947e+01
18959 4.576939e+01
18988 4.576917e+01
19220 4.576902e+01
19280 4.576886e+01
19391 4.576882e+01
19496 4.576882e+01
19571 4.576879e+01
19671 4.576864e+01
19723 4.576860e+01
19738 4.576856e+01
19822 4.576854e+01
19823 4.576850e+01
19849 4.576839e+01
20013 4.576839e+01
20069 4.576837e+01
20085 4.576835e+01
20110 4.576835e+01
20116 4.576829e+01
20250 4.576828e+01
20355 4.576826e+01
20361 4.576824e+01
20471 4.576822e+01
20502 4.576822e+01
20506 4.576820e+01
20582 4.576819e+01
20604 4.576819e+01
20655 4.576818e+01
20703 4.576818e+01
20739 4.576816e+01
20884 4.576815e+01
21008 4.576814e+01
21011 4.576814e+01
21043 4.576814e+01
21092 4.576813e+01
21169 4.576812e+01
21381 4.576812e+01
21452 4.576811e+01
21485 4.576811e+01
21491 4.576811e+01
21595 4.576811e+01
21643 4.576811e+01
21743 4.576811e+01
21746 4.576810e+01
21807 4.576810e+01
21912 4.576810e+01
21956 4.576810e+01
21965 4.576810e+01
22011 4.576810e+01
22098 4.576810e+01
22110 4.576810e+01
22115 4.576810e+01
22269 4.576810e+01
22286 4.576810e+01
22316 4.576810e+01
22324 4.576810e+01
22332 4.576810e+01
22363 4.576810e+01
22379 4.576810e+01
22395 4.576810e+01
22441 4.576810e+01
22445 4.576810e+01
22537 4.576810e+01
22562 4.576810e+01
22564 4.576810e+01
22591 4.576809e+01
22613 4.576809e+01
22637 4.576809e+01
22647 4.576809e+01
22691 4.576809e+01
22734 4.576809e+01
22752 4.576809e+01
22829 4.576809e+01
22868 4.576809e+01
22894 4.576809e+01
22994 4.576809e+01
23023 4.576809e+01
23097 4.576809e+01
23162 4.576809e+01
23357 4.576809e+01
23587 4.576809e+01
23683 4.576809e+01
23754 4.576809e+01
23784 4.576809e+01
23827 4.576809e+01
23862 4.576809e+01
24085 4.576809e+01
24096 4.576809e+01
24130 4.576809e+01
24223 4.576809e+01
24244 4.576809e+01
24326 4.576809e+01
24339 4.576809e+01
24343 4.576809e+01
24361 4.576809e+01
24513 4.576809e+01
24806 4.576809e+01
24857 4.576809e+01
24887 4.576809e+01
24895 4.576809e+01
24917 4.576809e+01
24955 4.576809e+01
24986 4.576809e+01
25152 4.576809e+01
25203 4.576809e+01
25245 4.576809e+01
25283 4.576809e+01
25310 4.576809e+01
25430 4.576809e+01
25454 4.576809e+01
25511 4.576809e+01
25565 4.576809e+01
25573 4.576809e+01
25628 4.576809e+01
25644 4.576809e+01
25681 4.576809e+01
25805 4.576809e+01
25820 4.576809e+01
25930 4.576809e+01
25963 4.576809e+01
25972 4.576809e+01
26051 4.576809e+01
26078 4.576809e+01
26114 4.576809e+01
26118 4.576809e+01
26221 4.576809e+01
26331 4.576809e+01
26336 4.576809e+01
26513 4.576809e+01
26525 4.576809e+01
26749 4.576809e+01
26795 4.576809e+01
26826 4.576809e+01
26862 4.576809e+01
26880 4.576809e+01
26958 4.576809e+01
26961 4.576809e+01
26964 4.576809e+01
27162 4.576809e+01
27183 4.576809e+01
27241 4.576809e+01
27248 4.576809e+01
27277 4.576809e+01
27295 4.576809e+01
27326 4.576809e+01
27365 4.576809e+01
27487 4.576809e+01
27511 4.576809e+01
27581 4.576809e+01
27618 4.576809e+01
27660 4.576809e+01
27692 4.576809e+01
27732 4.576809e+01
27753 4.576809e+01
27767 4.576809e+01
27867 4.576809e+01
27891 4.576809e+01
27904 4.576809e+01
27941 4.576809e+01
27989 4.576809e+01
28115 4.576809e+01
28123 4.576809e+01
28157 4.576809e+01
28197 4.576809e+01
28273 4.576809e+01
28309 4.576809e+01
28361 4.576809e+01
28374 4.576809e+01
28401 4.576809e+01
28509 4.576809e+01
28552 4.576809e+01
28642 4.576809e+01
28652 4.576809e+01
28712 4.576809e+01
28755 4.576809e+01
28775 4.576809e+01
28837 4.576809e+01
29007 4.576809e+01
29022 4.576809e+01
29155 4.576809e+01
63323 4.525650e+01
63457 4.095535e+01
63558 4.082615e+01
63598 3.860293e+01
63636 3.528022e+01
63951 3.445899e+01
64228 3.237058e+01
64466 2.858376e+01
64658 2.840839e+01
64726 2.544826e+01
64981 2.441856e+01
65402 2.419491e+01
65582 2.397650e+01
65637 2.326399e+01
65662 2.171049e+01
65886 2.041352e+01
65951 1.794597e+01
66466 1.787213e+01
66471 1.750532e+01
66586 1.717052e+01
66601 1.711745e+01
66629 1.655791e+01
66822 1.545281e+01
66840 1.469060e+01
66863 1.440063e+01
67048 1.413108e+01
67207 1.358046e+01
67417 1.355910e+01
67585 1.344457e+01
67604 1.296849e+01
68177 1.293275e+01
68291 1.288674e+01
68429 1.281813e+01
68499 1.281289e+01
68559 1.251013e+01
68577 1.235225e+01
68585 1.211743e+01
68766 1.200237e+01
69046 1.193082e+01
69200 1.183187e+01
69270 1.178583e+01
69372 1.167846e+01
69392 1.165571e+01
69396 1.164038e+01
69439 1.161740e+01
69721 1.144757e+01
69935 1.144632e+01
70109 1.141390e+01
70209 1.138898e+01
70257 1.138356e+01
70314 1.134725e+01
70331 1.132712e+01
70412 1.126065e+01
70472 1.116504e+01
71004 1.116494e+01
71100 1.114524e+01
71283 1.112338e+01
71402 1.110515e+01
71465 1.108778e+01
71643 1.108565e+01
71679 1.107981e+01
71681 1.105868e+01
71759 1.105772e+01
71760 1.102016e+01
72329 1.100414e+01
72581 1.100344e+01
72626 1.100270e+01
72971 1.099767e+01
73020 1.099001e+01
73165 1.098625e+01
73325 1.098538e+01
73410 1.098520e+01
73414 1.097392e+01
73629 1.097133e+01
73816 1.096985e+01
73817 1.096910e+01
73818 1.096806e+01
73918 1.096469e+01
73998 1.096281e+01
74000 1.096171e+01
74310 1.096158e+01
74495 1.095988e+01
74583 1.095884e+01
74693 1.095729e+01
74734 1.095559e+01
74971 1.095518e+01
326813 1.088396e+01
326820 1.079146e+01
326828 1.067866e+01
326839 1.055160e+01
326946 1.050236e+01
327057 1.029894e+01
327230 1.025123e+01
327360 1.003410e+01
328650 1.002865e+01
328663 1.001157e+01
328810 9.804404e+00
328813 9.735603e+00
328818 9.700711e+00
328851 9.658248e+00
329195 9.640714e+00
329225 9.589297e+00
329451 9.539125e+00
329767 9.493874e+00
329954 9.491358e+00
329965 9.481700e+00
330184 9.434051e+00
330189 9.356023e+00
330405 9.345784e+00
330621 9.334128e+00
330801 9.228593e+00
331425 9.222825e+00
331523 9.203753e+00
331666 9.165548e+00
331679 9.160324e+00
331908 9.144201e+00
332243 9.102317e+00
332346 9.100027e+00
332415 9.096994e+00
332606 9.088879e+00
333218 9.077520e+00
333550 9.075008e+00
333809 9.063134e+00
333949 9.050875e+00
334028 9.049931e+00
334418 9.030069e+00
334490 9.018997e+00
334898 9.018521e+00
335005 9.016699e+00
335147 9.006325e+00
335223 9.001027e+00
335489 8.995704e+00
335538 8.993760e+00
335744 8.991017e+00
336315 8.990979e+00
336358 8.987756e+00
336474 8.986675e+00
336554 8.979780e+00
337500 8.976180e+00
337747 8.974760e+00
337748 8.973652e+00
338005 8.970774e+00
338094 8.968908e+00
338118 8.968469e+00
338456 8.968012e+00
338594 8.967965e+00
338665 8.966096e+00
339417 8.965893e+00
339455 8.964625e+00
339508 8.964619e+00
339614 8.962083e+00
339646 8.961697e+00
340054 8.961528e+00
340090 8.961479e+00
340168 8.959792e+00
340959 8.959784e+00
341019 8.958878e+00
341133 8.958701e+00
341158 8.958018e+00
341430 8.958004e+00
341549 8.957830e+00
341764 8.957784e+00
341814 8.957377e+00
341904 8.957312e+00
342037 8.957106e+00
342223 8.957008e+00
342357 8.956827e+00
342397 8.956753e+00
342660 8.956427e+00
342992 8.956368e+00
343232 8.956197e+00
343237 8.956088e+00
343424 8.956045e+00
343674 8.955999e+00
343772 8.955779e+00
344248 8.955725e+00
344266 8.955709e+00
344300 8.955605e+00
344376 8.955598e+00
344396 8.955543e+00
344501 8.955540e+00
344636 8.955528e+00
344689 8.955472e+00
344961 8.955394e+00
344968 8.955333e+00
345201 8.955216e+00
345520 8.955215e+00
345543 8.955206e+00
345645 8.955151e+00
345677 8.955020e+00
346476 8.955001e+00
346588 8.954995e+00
346607 8.954947e+00
346634 8.954935e+00
346753 8.954908e+00
346878 8.954885e+00
347040 8.954875e+00
347198 8.954857e+00
347223 8.954854e+00
347309 8.954854e+00
347409 8.954819e+00
347457 8.954739e+00
348683 8.954738e+00
348803 8.954732e+00
348895 8.954731e+00
348909 8.954702e+00
349640 8.954700e+00
349857 8.954692e+00
350167 8.954689e+00
350482 8.954676e+00
350747 8.954674e+00
350894 8.954671e+00
350917 8.954670e+00
351169 8.954665e+00
351441 8.954663e+00
351475 8.954662e+00
351615 8.954662e+00
351741 8.954661e+00
351757 8.954657e+00
351813 8.954653e+00
352305 8.954652e+00
352308 8.954651e+00
352311 8.954650e+00
352479 8.954649e+00
352611 8.954648e+00
352634 8.954647e+00
352648 8.954647e+00
352807 8.954644e+00
352813 8.954643e+00
353773 8.954643e+00
353851 8.954641e+00
354033 8.954641e+00
354108 8.954641e+00
354109 8.954640e+00
354276 8.954639e+00
354423 8.954638e+00
354662 8.954637e+00
354941 8.954637e+00
355019 8.954636e+00
355239 8.954636e+00
355407 8.954636e+00
355508 8.954635e+00
355640 8.954635e+00
355648 8.954635e+00
355682 8.954635e+00
355797 8.954635e+00
356017 8.954635e+00
356048 8.954634e+00
356307 8.954634e+00
356411 8.954634e+00
356504 8.954634e+00
356531 8.954633e+00
356700 8.954633e+00
357590 8.954633e+00
357599 8.954633e+00
357795 8.954633e+00
357848 8.954633e+00
358125 8.954633e+00
358446 8.954633e+00
358490 8.954633e+00
358527 8.954633e+00
358583 8.954633e+00
358616 8.954632e+00
358918 8.954632e+00
359145 8.954632e+00
359206 8.954632e+00
359281 8.954632e+00
359426 8.954632e+00
359699 8.954632e+00
359860 8.954632e+00
359942 8.954632e+00
360276 8.954632e+00
360725 8.954632e+00
361076 8.954632e+00
361154 8.954632e+00
361910 8.954632e+00
362033 8.954632e+00
362360 8.954632e+00
362392 8.954632e+00
362450 8.954632e+00
362452 8.954632e+00
362671 8.954632e+00
362806 8.954632e+00
362914 8.954632e+00
363040 8.954632e+00
363392 8.954632e+00
363431 8.954632e+00
363485 8.954632e+00
363539 8.954632e+00
363896 8.954632e+00
363941 8.954632e+00
364040 8.954632e+00
364043 8.954632e+00
364076 8.954632e+00
364299 8.954632e+00
364427 8.954632e+00
364441 8.954632e+00
364848 8.954632e+00
364969 8.954632e+00
364995 8.954632e+00
365048 8.954632e+00
365170 8.954632e+00
365415 8.954632e+00
365456 8.954632e+00
365503 8.954632e+00
365792 8.954632e+00
365825 8.954632e+00
366011 8.954632e+00
366089 8.954632e+00
366134 8.954632e+00
366309 8.954632e+00
366410 8.954632e+00
366482 8.954632e+00
366627 8.954632e+00
366689 8.954632e+00
366817 8.954632e+00
367128 8.954632e+00
367208 8.954632e+00
367230 8.954632e+00
367928 8.954632e+00
368043 8.954632e+00
368455 8.954632e+00
368818 8.954632e+00
368855 8.954632e+00
368864 8.954632e+00
368877 8.954632e+00
368997 8.954632e+00
369032 8.954632e+00
369150 8.954632e+00
369282 8.954632e+00
369499 8.954632e+00
369574 8.954632e+00
369643 8.954632e+00
369877 8.954632e+00
370066 8.954632e+00
370170 8.954632e+00
370295 8.954632e+00
370395 8.954632e+00
370407 8.954632e+00
370440 8.954632e+00
370508 8.954632e+00
370597 8.954632e+00
370656 8.954632e+00
370810 8.954632e+00
371040 8.954632e+00
371190 8.954632e+00
371657 8.954632e+00
371892 8.954632e+00
372270 8.954632e+00
372434 8.954632e+00
372549 8.954632e+00
372598 8.954632e+00
372805 8.954632e+00
372844 8.954632e+00
372859 8.954632e+00
373053 8.954632e+00
373579 8.954632e+00
373657 8.954632e+00
373691 8.954632e+00
373810 8.954632e+00
373830 8.954632e+00
373883 8.954632e+00
373891 8.954632e+00
374095 8.954632e+00
