1 2.607793e+03
2 2.441000e+03
6 1.484975e+03
26 1.455693e+03
299 1.340163e+03
325 1.175035e+03
341 1.008932e+03
386 8.703173e+02
472 8.580950e+02
476 6.830143e+02
615 6.748930e+02
645 6.449835e+02
665 6.130676e+02
677 5.729081e+02
733 5.357983e+02
744 5.318657e+02
745 4.928991e+02
755 4.414875e+02
872 4.215492e+02
894 3.509664e+02
1074 3.306497e+02
1136 2.942641e+02
1541 2.497536e+02
1933 2.401125e+02
2573 2.283102e+02
3248 2.281179e+02
3500 1.769597e+02
10204 1.655784e+02
10483 1.560656e+02
10552 1.550257e+02
10644 1.384607e+02
10734 1.373884e+02
10795 1.335771e+02
10853 1.244294e+02
10896 1.159999e+02
10945 1.074735e+02
11017 1.073076e+02
11120 9.626968e+01
11202 9.413821e+01
11213 8.665261e+01
11301 7.405863e+01
11445 7.321809e+01
11453 7.273638e+01
11506 7.009320e+01
11516 6.973619e+01
11557 6.405483e+01
11640 6.150150e+01
11704 6.072725e+01
11796 5.933378e+01
11815 5.932293e+01
11856 5.901721e+01
11943 5.865342e+01
11986 5.777616e+01
12213 5.757302e+01
12248 5.653045e+01
12275 5.573952e+01
12424 5.541493e+01
12465 5.533552e+01
12474 5.530412e+01
12523 5.521606e+01
12549 5.504331e+01
12582 5.504195e+01
12599 5.491665e+01
12623 5.490339e+01
12654 5.488707e+01
12658 5.476346e+01
12674 5.474737e+01
12722 5.462119e+01
12725 5.432484e+01
12807 5.427883e+01
12824 5.414654e+01
13249 5.408922e+01
13260 5.407189e+01
13449 5.396968e+01
13637 5.393537e+01
13779 5.391604e+01
13799 5.384977e+01
14034 5.383968e+01
14117 5.383646e+01
14191 5.383443e+01
14255 5.383062e+01
14305 5.382995e+01
14306 5.382732e+01
14345 5.382215e+01
14360 5.381705e+01
14372 5.381104e+01
14565 5.381065e+01
14678 5.380792e+01
14880 5.380749e+01
14891 5.380600e+01
14920 5.380486e+01
14933 5.380355e+01
14982 5.380294e+01
15000 5.380257e+01
15042 5.380121e+01
15058 5.380051e+01
15121 5.379963e+01
15213 5.379916e+01
15234 5.379886e+01
15281 5.379745e+01
15338 5.379621e+01
15640 5.379619e+01
15659 5.379615e+01
15699 5.379614e+01
15722 5.379599e+01
15732 5.379572e+01
15874 5.379569e+01
15893 5.379567e+01
15911 5.379565e+01
15920 5.379564e+01
15921 5.379546e+01
16064 5.379544e+01
16140 5.379539e+01
16264 5.379534e+01
16383 5.379534e+01
16404 5.379531e+01
16413 5.379530e+01
16553 5.379528e+01
16707 5.379527e+01
16783 5.379527e+01
16816 5.379527e+01
16817 5.379526e+01
16945 5.379525e+01
17085 5.379525e+01
17123 5.379525e+01
17239 5.379525e+01
17253 5.379525e+01
17278 5.379525e+01
17330 5.379525e+01
17338 5.379524e+01
17353 5.379524e+01
17395 5.379524e+01
17422 5.379524e+01
17512 5.379524e+01
17517 5.379524e+01
17536 5.379524e+01
17660 5.379524e+01
17667 5.379524e+01
17727 5.379524e+01
17760 5.379524e+01
17780 5.379524e+01
17834 5.379524e+01
17945 5.379524e+01
17983 5.379524e+01
18012 5.379524e+01
18050 5.379524e+01
18051 5.379524e+01
18186 5.379524e+01
18420 5.379524e+01
18616 5.379524e+01
18649 5.379524e+01
18657 5.379524e+01
18659 5.379524e+01
18698 5.379523e+01
18777 5.379523e+01
18939 5.379523e+01
18970 5.379523e+01
18987 5.379523e+01
19036 5.379523e+01
19061 5.379523e+01
19105 5.379523e+01
19193 5.379523e+01
19250 5.379523e+01
19512 5.379523e+01
19557 5.379523e+01
19572 5.379523e+01
19714 5.379523e+01
19724 5.379523e+01
19737 5.379523e+01
19792 5.379523e+01
19798 5.379523e+01
19800 5.379523e+01
19868 5.379523e+01
19875 5.379523e+01
19914 5.379523e+01
19933 5.379523e+01
20033 5.379523e+01
20159 5.379523e+01
20292 5.379523e+01
20315 5.379523e+01
20333 5.379523e+01
20458 5.379523e+01
20478 5.379523e+01
20511 5.379523e+01
20537 5.379523e+01
20598 5.379523e+01
20638 5.379523e+01
20687 5.379523e+01
20733 5.379523e+01
20816 5.379523e+01
20830 5.379523e+01
20882 5.379523e+01
20928 5.379523e+01
20933 5.379523e+01
20934 5.379523e+01
21101 5.379523e+01
21496 5.379523e+01
21542 5.379523e+01
22381 5.379523e+01
22429 5.379523e+01
22431 5.379523e+01
22472 5.379523e+01
22487 5.379523e+01
22499 5.379523e+01
22520 5.379523e+01
22523 5.379523e+01
43175 4.821959e+01
43419 4.820545e+01
43435 3.288781e+01
43990 3.275817e+01
44113 3.067444e+01
44395 2.949520e+01
44411 2.873491e+01
44422 2.820743e+01
44447 2.638227e+01
44534 2.497725e+01
44640 2.023493e+01
44733 1.913684e+01
44918 1.796248e+01
44966 1.643843e+01
138061 1.583331e+01
138340 1.573104e+01
138595 1.417855e+01
138819 1.221092e+01
138888 1.063633e+01
139804 1.060804e+01
139813 1.046835e+01
139862 1.016958e+01
139901 9.784636e+00
139971 8.797354e+00
140050 8.766556e+00
140057 8.266893e+00
140058 7.264212e+00
140524 7.117396e+00
140576 6.175189e+00
140799 6.083256e+00
140941 5.600522e+00
141542 5.303356e+00
141833 4.989656e+00
142189 4.979639e+00
142294 4.936625e+00
142477 4.819689e+00
142811 4.740225e+00
142818 4.709895e+00
142919 4.611038e+00
143205 4.576428e+00
143307 4.548621e+00
143521 4.499487e+00
143699 4.470761e+00
143914 4.468645e+00
143919 4.430004e+00
144026 4.416126e+00
144099 4.410908e+00
144123 4.399318e+00
144307 4.397233e+00
144551 4.383900e+00
144590 4.375885e+00
144774 4.364887e+00
144819 4.354522e+00
144918 4.351238e+00
145191 4.350961e+00
145260 4.345904e+00
145337 4.333851e+00
145487 4.331905e+00
145505 4.330711e+00
145572 4.330471e+00
145718 4.329820e+00
145753 4.323604e+00
145845 4.323235e+00
145942 4.320154e+00
146140 4.319607e+00
146178 4.312146e+00
146261 4.306435e+00
146635 4.303047e+00
146653 4.302321e+00
146829 4.301537e+00
146987 4.300227e+00
147060 4.299653e+00
147096 4.298613e+00
147262 4.297531e+00
147413 4.297012e+00
147519 4.296890e+00
147591 4.296109e+00
147620 4.295921e+00
147635 4.295814e+00
147845 4.295386e+00
147908 4.294763e+00
148037 4.294396e+00
148039 4.293727e+00
148157 4.293596e+00
148162 4.293276e+00
148204 4.293174e+00
148224 4.293040e+00
148294 4.292223e+00
148384 4.292190e+00
148421 4.291931e+00
148687 4.291364e+00
148975 4.291262e+00
148995 4.291136e+00
149223 4.291053e+00
149234 4.290949e+00
149331 4.290942e+00
149409 4.290806e+00
149455 4.290735e+00
149555 4.290678e+00
149739 4.290488e+00
149800 4.290440e+00
150424 4.290431e+00
150437 4.290416e+00
150517 4.290383e+00
150613 4.290371e+00
150678 4.290323e+00
150895 4.290312e+00
151283 4.290289e+00
151354 4.290282e+00
151363 4.290240e+00
151638 4.290216e+00
151940 4.290194e+00
152451 4.290191e+00
152537 4.290189e+00
152608 4.290184e+00
152740 4.290182e+00
152851 4.290180e+00
152909 4.290177e+00
152957 4.290175e+00
153139 4.290173e+00
153193 4.290171e+00
153205 4.290167e+00
153430 4.290166e+00
153486 4.290161e+00
153908 4.290160e+00
153912 4.290160e+00
153944 4.290158e+00
154071 4.290157e+00
154140 4.290157e+00
154213 4.290157e+00
154356 4.290155e+00
154600 4.290154e+00
154640 4.290153e+00
154840 4.290153e+00
154914 4.290152e+00
154958 4.290151e+00
155533 4.290151e+00
155535 4.290150e+00
155579 4.290150e+00
155583 4.290150e+00
155736 4.290150e+00
155811 4.290150e+00
155828 4.290149e+00
156295 4.290149e+00
156354 4.290149e+00
156410 4.290149e+00
156511 4.290149e+00
156598 4.290149e+00
156618 4.290149e+00
156917 4.290149e+00
157331 4.290149e+00
157439 4.290149e+00
157607 4.290149e+00
157689 4.290149e+00
157695 4.290149e+00
157845 4.290149e+00
158018 4.290149e+00
158203 4.290149e+00
158252 4.290149e+00
158342 4.290149e+00
158420 4.290149e+00
158903 4.290149e+00
158977 4.290149e+00
159012 4.290149e+00
159118 4.290149e+00
159133 4.290149e+00
159195 4.290149e+00
159250 4.290149e+00
159368 4.290149e+00
159535 4.290149e+00
159601 4.290149e+00
159624 4.290149e+00
159863 4.290149e+00
159935 4.290149e+00
159945 4.290149e+00
159947 4.290149e+00
159959 4.290149e+00
159997 4.290149e+00
160014 4.290149e+00
160218 4.290148e+00
160531 4.290148e+00
160576 4.290148e+00
160639 4.290148e+00
161038 4.290148e+00
161045 4.290148e+00
161172 4.290148e+00
161237 4.290148e+00
161384 4.290148e+00
161689 4.290148e+00
161763 4.290148e+00
161783 4.290148e+00
161836 4.290148e+00
161841 4.290148e+00
161852 4.290148e+00
162055 4.290148e+00
162116 4.290148e+00
162270 4.290148e+00
162304 4.290148e+00
162308 4.290148e+00
162310 4.290148e+00
162314 4.290148e+00
162357 4.290148e+00
162626 4.290148e+00
162900 4.290148e+00
162935 4.290148e+00
162943 4.290148e+00
162975 4.290148e+00
163010 4.290148e+00
163032 4.290148e+00
163040 4.290148e+00
163114 4.290148e+00
163242 4.290148e+00
163271 4.290148e+00
163274 4.290148e+00
163578 4.290148e+00
163599 4.290148e+00
163606 4.290148e+00
163689 4.290148e+00
163717 4.290148e+00
163725 4.290148e+00
164014 4.290148e+00
164182 4.290148e+00
164239 4.290148e+00
164326 4.290148e+00
213375 4.078595e+00
213892 4.030335e+00
214000 3.715159e+00
215064 3.514947e+00
215213 3.513388e+00
215646 3.506457e+00
215648 3.502984e+00
215665 3.459354e+00
215701 3.444635e+00
215718 3.378022e+00
215791 3.341354e+00
215987 3.286446e+00
216401 3.169923e+00
216635 3.168406e+00
216956 3.134625e+00
217050 3.108808e+00
217543 3.099129e+00
217584 3.092570e+00
217687 3.089786e+00
217758 3.085515e+00
217880 3.064707e+00
218197 3.064140e+00
218216 3.054208e+00
218400 3.045626e+00
218516 3.043592e+00
218604 3.040330e+00
218639 3.031167e+00
218807 3.021641e+00
218986 3.017370e+00
219252 3.015353e+00
219300 3.013567e+00
219484 3.008947e+00
219832 3.007040e+00
219948 3.002913e+00
220501 3.001535e+00
220610 2.996102e+00
220702 2.996027e+00
221641 2.994867e+00
221892 2.994292e+00
222229 2.993568e+00
222231 2.993555e+00
222251 2.993124e+00
222391 2.990591e+00
222740 2.989967e+00
223305 2.989576e+00
223488 2.989372e+00
223529 2.989362e+00
223630 2.989283e+00
223652 2.988346e+00
223870 2.988167e+00
223996 2.987555e+00
224029 2.987024e+00
224256 2.987000e+00
224310 2.986949e+00
225093 2.986725e+00
225200 2.986436e+00
225361 2.986149e+00
225404 2.986098e+00
226194 2.986020e+00
226203 2.985981e+00
226237 2.985854e+00
226335 2.985838e+00
226464 2.985809e+00
226479 2.985764e+00
226539 2.985721e+00
226547 2.985582e+00
226612 2.985557e+00
226691 2.985386e+00
227192 2.985281e+00
227611 2.985248e+00
227643 2.985235e+00
227794 2.985197e+00
227800 2.985194e+00
228009 2.985191e+00
228044 2.985184e+00
228117 2.985123e+00
228312 2.985122e+00
228334 2.985108e+00
228732 2.985105e+00
228772 2.985100e+00
228808 2.985066e+00
228824 2.985030e+00
229560 2.985030e+00
229731 2.984988e+00
229850 2.984984e+00
229859 2.984970e+00
229988 2.984969e+00
230194 2.984937e+00
230732 2.984926e+00
231088 2.984921e+00
231447 2.984912e+00
231697 2.984912e+00
231750 2.984909e+00
231790 2.984908e+00
231796 2.984905e+00
232064 2.984903e+00
232335 2.984897e+00
232794 2.984894e+00
233194 2.984892e+00
233268 2.984887e+00
234394 2.984886e+00
234492 2.984885e+00
234566 2.984885e+00
234768 2.984884e+00
234841 2.984883e+00
234999 2.984881e+00
235846 2.984881e+00
235920 2.984880e+00
236076 2.984880e+00
236417 2.984880e+00
236591 2.984880e+00
236687 2.984879e+00
236876 2.984879e+00
237409 2.984878e+00
238043 2.984878e+00
238365 2.984878e+00
238399 2.984878e+00
238470 2.984878e+00
238714 2.984878e+00
238812 2.984878e+00
238878 2.984878e+00
238903 2.984878e+00
239013 2.984878e+00
239016 2.984878e+00
239605 2.984878e+00
239718 2.984878e+00
240250 2.984878e+00
240348 2.984878e+00
240385 2.984878e+00
240388 2.984878e+00
240434 2.984877e+00
240998 2.984877e+00
241428 2.984877e+00
241604 2.984877e+00
242112 2.984877e+00
242194 2.984877e+00
242687 2.984877e+00
242891 2.984877e+00
243018 2.984877e+00
243243 2.984877e+00
243269 2.984877e+00
243430 2.984877e+00
244031 2.984877e+00
244237 2.984877e+00
244413 2.984877e+00
244420 2.984877e+00
244478 2.984877e+00
244842 2.984877e+00
245046 2.984877e+00
245075 2.984877e+00
245110 2.984877e+00
245114 2.984877e+00
245600 2.984877e+00
245778 2.984877e+00
245799 2.984877e+00
245805 2.984877e+00
245911 2.984877e+00
246030 2.984877e+00
246193 2.984877e+00
246223 2.984877e+00
246413 2.984877e+00
246456 2.984877e+00
246910 2.984877e+00
246951 2.984877e+00
247115 2.984877e+00
247246 2.984877e+00
247569 2.984877e+00
247815 2.984877e+00
247966 2.984877e+00
247992 2.984877e+00
248042 2.984877e+00
249161 2.984877e+00
249229 2.984877e+00
249435 2.984877e+00
249467 2.984877e+00
249663 2.984877e+00
249963 2.984877e+00
250282 2.984877e+00
250499 2.984877e+00
250901 2.984877e+00
250939 2.984877e+00
251123 2.984877e+00
251412 2.984877e+00
251471 2.984877e+00
251526 2.984877e+00
251693 2.984877e+00
251952 2.984877e+00
252033 2.984877e+00
252835 2.984877e+00
253009 2.984877e+00
253110 2.984877e+00
253363 2.984877e+00
253394 2.984877e+00
253467 2.984877e+00
253698 2.984877e+00
