1 2.024125e+03
96 1.232172e+03
176 8.559723e+02
183 7.475402e+02
216 6.839133e+02
301 6.332864e+02
309 6.259322e+02
331 6.220148e+02
344 5.655271e+02
353 4.901628e+02
459 4.490761e+02
492 4.301375e+02
623 4.278187e+02
631 4.261773e+02
648 4.241556e+02
656 4.192006e+02
688 4.159428e+02
714 4.074750e+02
741 4.040822e+02
804 4.039439e+02
871 4.037495e+02
920 4.028861e+02
957 4.026756e+02
988 4.013098e+02
1071 4.007477e+02
1144 4.006392e+02
1147 4.006156e+02
1176 4.005198e+02
1189 4.004250e+02
1283 4.003988e+02
1340 4.003867e+02
1342 4.003609e+02
1345 4.002463e+02
1446 4.002446e+02
1468 4.002323e+02
1474 4.002235e+02
1510 4.002231e+02
1520 4.002187e+02
1559 4.002115e+02
1580 4.002050e+02
1605 4.002037e+02
1684 4.002004e+02
1734 4.002003e+02
1779 4.001989e+02
1814 4.001979e+02
1858 4.001968e+02
1871 4.001959e+02
1919 4.001957e+02
1920 4.001945e+02
1992 4.001942e+02
2031 4.001940e+02
2172 4.001940e+02
2253 4.001939e+02
2312 4.001939e+02
2328 4.001939e+02
2357 4.001939e+02
2365 4.001939e+02
2372 4.001939e+02
2389 4.001939e+02
2408 4.001939e+02
2411 4.001939e+02
2447 4.001939e+02
2462 4.001939e+02
2536 4.001939e+02
2543 4.001939e+02
2555 4.001939e+02
2565 4.001939e+02
2597 4.001939e+02
2607 4.001939e+02
2638 4.001939e+02
2654 4.001939e+02
2686 4.001939e+02
2725 4.001939e+02
2738 4.001939e+02
2743 4.001939e+02
2752 4.001939e+02
2784 4.001939e+02
2818 4.001939e+02
2969 4.001939e+02
2990 4.001939e+02
3011 4.001939e+02
3019 4.001939e+02
3159 4.001939e+02
3194 4.001939e+02
3221 4.001939e+02
3273 4.001939e+02
3302 4.001939e+02
3304 4.001939e+02
3311 4.001939e+02
3341 4.001939e+02
3394 4.001939e+02
3463 4.001939e+02
3520 4.001939e+02
3533 4.001939e+02
3579 4.001939e+02
3621 4.001939e+02
3655 4.001939e+02
3661 4.001939e+02
3678 4.001939e+02
3682 4.001939e+02
3684 4.001939e+02
3696 4.001939e+02
3699 4.001939e+02
3712 4.001939e+02
3727 4.001939e+02
3731 4.001939e+02
3764 4.001939e+02
3868 4.001939e+02
3893 4.001939e+02
3914 4.001939e+02
3917 4.001939e+02
3940 4.001939e+02
3951 4.001939e+02
3977 4.001939e+02
4001 4.001939e+02
4042 4.001939e+02
4091 4.001939e+02
17208 3.881236e+02
17209 3.881236e+02
17212 3.881236e+02
17214 3.332079e+02
17235 2.902322e+02
17236 2.902322e+02
17239 2.902322e+02
17242 2.902322e+02
17245 2.902322e+02
17248 2.902322e+02
17251 2.902322e+02
17254 2.902322e+02
17257 2.902322e+02
17260 2.902322e+02
17263 2.902322e+02
17266 2.902322e+02
17269 2.902322e+02
17272 2.902322e+02
17275 2.902322e+02
17278 2.902322e+02
17281 2.902322e+02
17283 2.740214e+02
17284 2.740214e+02
17286 2.637281e+02
17289 2.603274e+02
17290 2.603274e+02
17292 2.435310e+02
17293 2.435310e+02
17296 2.435310e+02
17299 2.435310e+02
17301 2.289341e+02
17306 1.836533e+02
17307 1.836533e+02
17310 1.836533e+02
17313 1.836533e+02
17316 1.836533e+02
17319 1.836533e+02
17336 1.762443e+02
17346 1.762443e+02
17358 1.762443e+02
17361 1.762443e+02
17364 1.762443e+02
17367 1.762443e+02
17370 1.762443e+02
17373 1.762443e+02
17376 1.762443e+02
17379 1.762443e+02
17382 1.762443e+02
17385 1.762443e+02
17388 1.762443e+02
17391 1.762443e+02
17394 1.762443e+02
17397 1.762443e+02
17400 1.762443e+02
17403 1.762443e+02
17406 1.762443e+02
17409 1.762443e+02
17412 1.762443e+02
17415 1.762443e+02
17418 1.762443e+02
17421 1.762443e+02
17497 1.671790e+02
17502 1.549340e+02
17504 1.422161e+02
17512 1.288597e+02
17513 1.288597e+02
17516 1.288597e+02
17519 1.288597e+02
17522 1.288597e+02
17525 1.288597e+02
17528 1.288597e+02
17531 1.288597e+02
17534 1.288597e+02
17537 1.288597e+02
17540 1.288597e+02
17543 1.288597e+02
17546 1.288597e+02
17549 1.288597e+02
17550 1.213913e+02
17551 1.213913e+02
17554 1.213913e+02
17557 1.213913e+02
17560 1.213913e+02
17563 1.213913e+02
17564 1.126149e+02
17565 1.126149e+02
17568 1.126149e+02
17570 1.102530e+02
17605 1.086244e+02
17606 1.086244e+02
17609 1.086244e+02
17612 1.086244e+02
17615 1.086244e+02
17618 1.086244e+02
17620 1.073425e+02
17636 1.073425e+02
17642 1.073425e+02
17645 1.073425e+02
17660 1.073425e+02
17663 1.073425e+02
17666 1.073425e+02
17669 1.073425e+02
17672 1.073425e+02
17675 1.073425e+02
17678 1.073425e+02
17681 1.073425e+02
17684 1.073425e+02
17687 1.073425e+02
17690 1.073425e+02
17693 1.073425e+02
17696 1.073425e+02
17699 1.073425e+02
17702 1.073425e+02
17705 1.073425e+02
17708 1.073425e+02
17711 1.073425e+02
17723 1.073425e+02
17726 1.073425e+02
17729 1.073425e+02
17845 1.066628e+02
17846 1.066628e+02
17849 1.066628e+02
17852 1.066628e+02
17855 1.066628e+02
17858 1.066628e+02
17861 1.066628e+02
17864 1.066628e+02
17867 1.066628e+02
17870 1.066628e+02
17873 1.066628e+02
17876 1.066628e+02
17879 1.066628e+02
17882 1.066628e+02
17885 1.066628e+02
17888 1.066628e+02
17891 1.066628e+02
17894 1.066628e+02
17897 1.066628e+02
17900 1.066628e+02
17901 1.058323e+02
17912 1.044795e+02
17913 1.044795e+02
17916 1.044795e+02
17919 1.044795e+02
17921 1.038128e+02
17922 1.038128e+02
17925 1.038128e+02
17928 1.038128e+02
17934 1.038128e+02
17937 1.038128e+02
17940 1.038128e+02
17958 1.038128e+02
18033 1.038128e+02
18048 1.038128e+02
18051 1.038128e+02
18075 1.038128e+02
18170 1.036717e+02
18171 1.036717e+02
18174 1.036717e+02
18177 1.036717e+02
18180 1.036717e+02
18183 1.036717e+02
18186 1.036717e+02
18189 1.036717e+02
18192 1.036717e+02
18195 1.036717e+02
18198 1.036717e+02
18201 1.036717e+02
18204 1.036717e+02
18207 1.036717e+02
18210 1.036717e+02
18213 1.036717e+02
18216 1.036717e+02
18219 1.036717e+02
18222 1.036717e+02
18225 1.036717e+02
18228 1.036717e+02
18231 1.036717e+02
18255 1.036717e+02
18258 1.036717e+02
18282 1.036717e+02
18285 1.036717e+02
18288 1.036717e+02
18291 1.036717e+02
18318 1.036717e+02
18472 1.034667e+02
18473 1.034667e+02
18476 1.034667e+02
18478 1.033221e+02
18479 1.033221e+02
18481 1.031374e+02
18492 1.029578e+02
18494 1.019034e+02
18495 1.019034e+02
18498 1.019034e+02
18500 1.016719e+02
18501 1.016719e+02
18504 1.016719e+02
18507 1.016719e+02
18510 1.016719e+02
18513 1.016719e+02
18516 1.016719e+02
18519 1.016719e+02
18521 1.013350e+02
18618 1.013350e+02
18624 1.013350e+02
18627 1.013350e+02
19096 1.008677e+02
19102 1.008380e+02
19103 1.008380e+02
19106 1.008380e+02
19109 1.008380e+02
19112 1.008380e+02
19115 1.008380e+02
19118 1.008380e+02
19121 1.008380e+02
19124 1.008380e+02
19127 1.008380e+02
