1 2.224085e+03
8 1.728755e+03
10 1.370810e+03
21 9.939635e+02
23 9.022045e+02
39 8.337810e+02
43 8.111913e+02
73 8.099275e+02
122 7.962838e+02
157 7.579625e+02
171 7.224644e+02
257 7.133774e+02
404 7.007376e+02
409 6.939607e+02
435 6.754826e+02
516 6.682035e+02
546 6.646958e+02
584 6.636024e+02
589 6.527729e+02
605 6.496302e+02
622 6.391640e+02
645 6.366400e+02
679 6.007190e+02
806 5.929337e+02
850 5.851183e+02
909 5.831692e+02
1079 5.809040e+02
1085 5.687091e+02
1145 5.644128e+02
1267 5.608353e+02
1287 5.567832e+02
1295 5.520462e+02
1311 5.481326e+02
1320 5.413945e+02
1328 5.397521e+02
1527 5.356615e+02
1548 5.300969e+02
1550 5.260696e+02
1682 5.258570e+02
1749 5.217038e+02
1783 5.213874e+02
1858 5.204069e+02
1885 5.194752e+02
1888 5.166520e+02
1919 5.134307e+02
2071 5.133029e+02
2116 5.093382e+02
2192 5.090966e+02
2248 5.062137e+02
2389 5.038772e+02
2530 5.032889e+02
2612 5.012203e+02
2659 5.009172e+02
2797 4.996931e+02
2811 4.994498e+02
2851 4.987651e+02
2910 4.985445e+02
2973 4.981434e+02
2974 4.974874e+02
3010 4.962193e+02
3123 4.962106e+02
3124 4.958971e+02
3197 4.955768e+02
3237 4.951425e+02
3273 4.950602e+02
3279 4.949573e+02
3330 4.942620e+02
3472 4.940713e+02
3582 4.940278e+02
3614 4.938575e+02
3657 4.938392e+02
3733 4.935747e+02
3842 4.935037e+02
3852 4.934883e+02
4028 4.934831e+02
4051 4.934408e+02
4058 4.934355e+02
4064 4.934149e+02
4127 4.933696e+02
4180 4.933549e+02
4248 4.933050e+02
4250 4.932777e+02
4370 4.932633e+02
4404 4.932631e+02
4439 4.932612e+02
4503 4.932549e+02
4509 4.932480e+02
4510 4.932378e+02
4527 4.932216e+02
4549 4.932102e+02
4558 4.931891e+02
4565 4.931847e+02
4592 4.931799e+02
4619 4.931747e+02
4633 4.931725e+02
4691 4.931640e+02
4712 4.931387e+02
4835 4.931376e+02
4856 4.931289e+02
4909 4.931271e+02
4984 4.931186e+02
5052 4.931136e+02
5059 4.930998e+02
5264 4.930962e+02
5281 4.930886e+02
5303 4.930860e+02
5362 4.930852e+02
5425 4.930850e+02
5450 4.930842e+02
5452 4.930829e+02
5462 4.930816e+02
5465 4.930776e+02
5541 4.930761e+02
5552 4.930755e+02
5571 4.930748e+02
5582 4.930734e+02
5591 4.930733e+02
5599 4.930729e+02
5601 4.930727e+02
5613 4.930696e+02
5636 4.930694e+02
5641 4.930684e+02
5746 4.930679e+02
5785 4.930672e+02
5835 4.930656e+02
5864 4.930625e+02
6070 4.930619e+02
6097 4.930603e+02
6252 4.930598e+02
6333 4.930596e+02
6353 4.930596e+02
6406 4.930591e+02
6436 4.930591e+02
6470 4.930585e+02
6562 4.930584e+02
6570 4.930583e+02
6575 4.930583e+02
6587 4.930583e+02
6616 4.930581e+02
6622 4.930580e+02
6653 4.930576e+02
6752 4.930576e+02
6773 4.930576e+02
6820 4.930576e+02
6828 4.930576e+02
6854 4.930575e+02
6905 4.930574e+02
6945 4.930574e+02
6957 4.930574e+02
6973 4.930573e+02
7034 4.930572e+02
7054 4.930571e+02
7077 4.930570e+02
7183 4.930570e+02
7241 4.930569e+02
7263 4.930568e+02
7268 4.930568e+02
7340 4.930568e+02
7362 4.930568e+02
7404 4.930567e+02
7447 4.930567e+02
7461 4.930567e+02
7467 4.930567e+02
7501 4.930567e+02
7513 4.930567e+02
7544 4.930567e+02
7632 4.930567e+02
7665 4.930567e+02
7697 4.930567e+02
7711 4.930567e+02
7715 4.930567e+02
7750 4.930567e+02
7759 4.930567e+02
7836 4.930567e+02
7841 4.930567e+02
7849 4.930567e+02
7871 4.930567e+02
7903 4.930567e+02
7942 4.930567e+02
8023 4.930567e+02
8054 4.930567e+02
8056 4.930567e+02
8064 4.930567e+02
8078 4.930567e+02
8092 4.930567e+02
8153 4.930567e+02
8166 4.930567e+02
8253 4.930567e+02
8256 4.930567e+02
8257 4.930567e+02
8276 4.930567e+02
8315 4.930567e+02
8390 4.930567e+02
8401 4.930567e+02
8417 4.930567e+02
8544 4.930567e+02
8564 4.930567e+02
8572 4.930567e+02
8599 4.930567e+02
8600 4.930567e+02
8609 4.930567e+02
8673 4.930567e+02
8689 4.930567e+02
8752 4.930567e+02
8814 4.930567e+02
8833 4.930567e+02
8854 4.930567e+02
8899 4.930567e+02
8907 4.930567e+02
8945 4.930567e+02
8982 4.930567e+02
9091 4.930567e+02
9112 4.930567e+02
9134 4.930567e+02
9158 4.930567e+02
9162 4.930567e+02
9166 4.930567e+02
9193 4.930567e+02
9289 4.930567e+02
9306 4.930567e+02
18116 4.728165e+02
18169 4.556792e+02
18178 4.460247e+02
18183 4.400143e+02
18193 4.400143e+02
18194 4.384971e+02
18195 4.384971e+02
18197 4.382254e+02
18207 4.382254e+02
18212 4.315740e+02
18213 4.315740e+02
18216 4.315740e+02
18219 4.315740e+02
18222 4.315740e+02
18224 4.222166e+02
18225 4.222166e+02
18312 4.222166e+02
18336 4.222166e+02
18346 4.216074e+02
18356 4.216074e+02
18359 4.216074e+02
18362 4.216074e+02
18365 4.216074e+02
18366 4.181518e+02
18375 4.154282e+02
18396 4.136905e+02
18440 4.133175e+02
18441 4.133175e+02
18443 4.124348e+02
18444 4.124348e+02
18445 4.113409e+02
18446 4.113409e+02
18447 4.113023e+02
18448 4.113023e+02
18451 4.113023e+02
18454 4.113023e+02
18455 4.103885e+02
18467 4.096608e+02
18473 4.091415e+02
18476 4.077906e+02
18485 4.065129e+02
18486 4.065129e+02
18489 4.065129e+02
18492 4.065129e+02
18495 4.065129e+02
18498 4.065129e+02
18501 4.065129e+02
18504 4.065129e+02
18507 4.065129e+02
18510 4.065129e+02
18513 4.065129e+02
18516 4.065129e+02
18519 4.065129e+02
18537 4.065129e+02
18540 4.065129e+02
18543 4.065129e+02
18570 4.065129e+02
18573 4.065129e+02
18576 4.065129e+02
18673 4.061990e+02
18674 4.061990e+02
18677 4.061990e+02
18680 4.061990e+02
18683 4.061990e+02
18686 4.061990e+02
18689 4.061990e+02
18690 4.058171e+02
18695 4.045939e+02
18696 4.045939e+02
18699 4.045939e+02
18701 4.042774e+02
18707 4.041841e+02
18708 4.041841e+02
18711 4.041841e+02
18714 4.041841e+02
18717 4.041841e+02
18719 4.038415e+02
18763 4.033982e+02
18768 4.027344e+02
18773 4.018932e+02
18774 4.018932e+02
18777 4.018932e+02
18780 4.018932e+02
18782 4.018141e+02
18828 4.018141e+02
18831 4.018141e+02
18834 4.018141e+02
18837 4.018141e+02
18843 4.018141e+02
18846 4.018141e+02
18849 4.018141e+02
18852 4.018141e+02
18855 4.018141e+02
18858 4.018141e+02
18861 4.018141e+02
18864 4.018141e+02
18867 4.018141e+02
18870 4.018141e+02
18894 4.018141e+02
18897 4.018141e+02
19024 4.014164e+02
19025 4.014164e+02
19026 4.013877e+02
19027 4.013877e+02
19029 4.013596e+02
19030 4.013596e+02
19031 4.012421e+02
19040 4.012131e+02
19042 4.011620e+02
19043 4.011620e+02
19046 4.011620e+02
19049 4.011620e+02
19052 4.011620e+02
19054 4.010463e+02
19060 4.009586e+02
19061 4.009586e+02
19064 4.009586e+02
19067 4.009586e+02
19070 4.009586e+02
19072 4.008244e+02
19363 4.008152e+02
19365 4.006770e+02
19366 4.006770e+02
19369 4.006770e+02
19372 4.006770e+02
19373 4.006457e+02
19374 4.006457e+02
19375 4.004531e+02
19402 4.003869e+02
19403 4.003869e+02
19406 4.003869e+02
19409 4.003869e+02
19412 4.003869e+02
19415 4.003869e+02
19418 4.003869e+02
19421 4.003869e+02
19424 4.003869e+02
19427 4.003869e+02
19430 4.003869e+02
19433 4.003869e+02
19436 4.003869e+02
19439 4.003869e+02
19442 4.003869e+02
19445 4.003869e+02
19448 4.003869e+02
19451 4.003869e+02
19454 4.003869e+02
19457 4.003869e+02
19460 4.003869e+02
19463 4.003869e+02
19466 4.003869e+02
19469 4.003869e+02
19472 4.003869e+02
19475 4.003869e+02
19478 4.003869e+02
19481 4.003869e+02
19484 4.003869e+02
19487 4.003869e+02
19490 4.003869e+02
19493 4.003869e+02
19496 4.003869e+02
19499 4.003869e+02
19502 4.003869e+02
19505 4.003869e+02
19508 4.003869e+02
19511 4.003869e+02
19514 4.003869e+02
19517 4.003869e+02
19520 4.003869e+02
19523 4.003869e+02
19526 4.003869e+02
19529 4.003869e+02
19532 4.003869e+02
19535 4.003869e+02
19538 4.003869e+02
19541 4.003869e+02
19544 4.003869e+02
19547 4.003869e+02
19550 4.003869e+02
19553 4.003869e+02
19556 4.003869e+02
19559 4.003869e+02
19562 4.003869e+02
19565 4.003869e+02
19568 4.003869e+02
19571 4.003869e+02
19574 4.003869e+02
19577 4.003869e+02
19580 4.003869e+02
19583 4.003869e+02
19586 4.003869e+02
19589 4.003869e+02
19592 4.003869e+02
19595 4.003869e+02
19598 4.003869e+02
19601 4.003869e+02
19604 4.003869e+02
19607 4.003869e+02
19610 4.003869e+02
19613 4.003869e+02
19616 4.003869e+02
19619 4.003869e+02
19622 4.003869e+02
19625 4.003869e+02
19628 4.003869e+02
19631 4.003869e+02
19634 4.003869e+02
19637 4.003869e+02
19640 4.003869e+02
19643 4.003869e+02
19646 4.003869e+02
19649 4.003869e+02
19652 4.003869e+02
19655 4.003869e+02
19658 4.003869e+02
19661 4.003869e+02
19664 4.003869e+02
19667 4.003869e+02
19670 4.003869e+02
19673 4.003869e+02
19676 4.003869e+02
19679 4.003869e+02
19682 4.003869e+02
19685 4.003869e+02
19688 4.003869e+02
19691 4.003869e+02
19694 4.003869e+02
19697 4.003869e+02
19700 4.003869e+02
19703 4.003869e+02
30002 4.003869e+02
30005 4.003869e+02
30008 4.003869e+02
30011 4.003869e+02
30014 4.003869e+02
30017 4.003869e+02
30020 4.003869e+02
30023 4.003869e+02
30026 4.003869e+02
30029 4.003869e+02
30032 4.003869e+02
30035 4.003869e+02
30038 4.003869e+02
30041 4.003869e+02
30044 4.003869e+02
30047 4.003869e+02
30050 4.003869e+02
30053 4.003869e+02
30056 4.003869e+02
30059 4.003869e+02
30062 4.003869e+02
30065 4.003869e+02
30068 4.003869e+02
30071 4.003869e+02
30074 4.003869e+02
30077 4.003869e+02
30080 4.003869e+02
30083 4.003869e+02
30086 4.003869e+02
30089 4.003869e+02
30092 4.003869e+02
30095 4.003869e+02
30098 4.003869e+02
30101 4.003869e+02
30104 4.003869e+02
30107 4.003869e+02
30110 4.003869e+02
30113 4.003869e+02
30116 4.003869e+02
30119 4.003869e+02
30122 4.003869e+02
30125 4.003869e+02
30128 4.003869e+02
30131 4.003869e+02
30134 4.003869e+02
30137 4.003869e+02
30140 4.003869e+02
30143 4.003869e+02
30146 4.003869e+02
30149 4.003869e+02
30152 4.003869e+02
30155 4.003869e+02
30158 4.003869e+02
30161 4.003869e+02
30164 4.003869e+02
30167 4.003869e+02
30170 4.003869e+02
30173 4.003869e+02
30176 4.003869e+02
30179 4.003869e+02
30182 4.003869e+02
30185 4.003869e+02
30188 4.003869e+02
30191 4.003869e+02
30194 4.003869e+02
30197 4.003869e+02
30200 4.003869e+02
30203 4.003869e+02
30206 4.003869e+02
30209 4.003869e+02
30212 4.003869e+02
30215 4.003869e+02
30218 4.003869e+02
30221 4.003869e+02
30224 4.003869e+02
30227 4.003869e+02
30230 4.003869e+02
30233 4.003869e+02
30236 4.003869e+02
30239 4.003869e+02
30242 4.003869e+02
30245 4.003869e+02
30248 4.003869e+02
30251 4.003869e+02
30254 4.003869e+02
30257 4.003869e+02
30260 4.003869e+02
30263 4.003869e+02
30266 4.003869e+02
30269 4.003869e+02
30272 4.003869e+02
30275 4.003869e+02
30278 4.003869e+02
30279 4.003106e+02
30288 4.003034e+02
30289 4.003034e+02
30290 4.002101e+02
30299 4.002037e+02
