1 1.704088e+04
211 1.606989e+04
288 1.444248e+04
299 1.424417e+04
300 7.250404e+03
544 6.040407e+03
700 4.233131e+03
837 2.939070e+03
1003 2.605672e+03
1145 2.405267e+03
1253 2.040567e+03
1325 1.676366e+03
1368 1.657314e+03
1487 1.499739e+03
1492 1.363143e+03
1505 1.211121e+03
1596 1.115928e+03
1651 1.069012e+03
1665 8.407197e+02
1724 8.318997e+02
1727 7.475842e+02
1764 6.948285e+02
1888 6.891550e+02
2015 6.286533e+02
2029 5.295787e+02
2034 4.056424e+02
2209 3.988035e+02
2227 3.687494e+02
2238 3.147405e+02
2299 3.134649e+02
2324 2.989082e+02
2386 2.841559e+02
2468 2.818912e+02
2583 2.559038e+02
2584 2.219100e+02
2797 2.101063e+02
2848 1.987742e+02
2881 1.370196e+02
2977 1.248410e+02
3068 1.191176e+02
3117 1.184069e+02
3169 8.748263e+01
3347 7.877060e+01
3387 7.375860e+01
3515 6.585631e+01
3598 6.146352e+01
3617 5.791862e+01
3646 5.764159e+01
3664 4.521489e+01
3672 3.565614e+01
3825 2.420351e+01
4182 2.220777e+01
4334 2.166131e+01
4341 2.033509e+01
4359 2.011978e+01
4362 1.916394e+01
4426 1.445061e+01
4539 9.982574e+00
4725 9.954029e+00
4737 9.096536e+00
4795 7.011256e+00
4982 5.992258e+00
5059 4.510361e+00
5257 4.457034e+00
5268 3.595505e+00
5307 3.581246e+00
5371 3.519737e+00
5373 2.870413e+00
5485 2.728851e+00
5714 2.513538e+00
5738 1.908914e+00
5849 1.903911e+00
5991 1.848048e+00
6029 1.702687e+00
6074 1.465955e+00
6243 1.443076e+00
6297 1.330851e+00
6375 1.313244e+00
6376 1.307140e+00
6406 1.273466e+00
6496 1.258080e+00
6520 1.245097e+00
6529 1.221371e+00
6585 1.198790e+00
6609 1.173839e+00
6656 1.166519e+00
6680 1.153406e+00
6718 1.153220e+00
6806 1.142474e+00
6826 1.121910e+00
6872 1.087551e+00
6938 1.077544e+00
6945 1.069492e+00
6988 1.053924e+00
7182 1.041092e+00
7261 1.038440e+00
7277 1.037534e+00
7329 1.036916e+00
7357 1.034760e+00
7361 1.031955e+00
7363 1.021546e+00
7510 1.006030e+00
7662 9.922780e-01
7738 9.803802e-01
7741 9.233211e-01
7973 9.210284e-01
8005 9.097525e-01
8025 8.971736e-01
8054 8.747711e-01
8055 8.254208e-01
8064 7.574609e-01
8086 7.513523e-01
8172 7.287083e-01
8191 6.925272e-01
8276 6.136733e-01
8340 6.097091e-01
8357 5.540631e-01
8386 5.175265e-01
8396 4.849122e-01
8463 4.384173e-01
8464 4.297323e-01
8499 3.969680e-01
8503 2.934951e-01
8593 2.456480e-01
8628 2.014617e-01
8778 1.747090e-01
8779 1.661479e-01
8799 1.578696e-01
8822 1.556296e-01
8888 1.525664e-01
8889 1.418053e-01
8917 1.400257e-01
8928 1.326054e-01
8934 1.099857e-01
8937 8.864212e-02
8980 7.831184e-02
9126 7.748466e-02
9174 6.555378e-02
9244 6.456079e-02
9259 4.898363e-02
9340 4.823314e-02
9380 4.418823e-02
9411 3.163468e-02
9563 3.028946e-02
9581 3.021792e-02
9604 2.988951e-02
9613 2.984015e-02
9615 2.232801e-02
9658 2.212141e-02
9745 2.196979e-02
9767 2.105174e-02
9788 2.082638e-02
9795 1.854033e-02
9843 1.785566e-02
9881 1.756268e-02
9923 1.751089e-02
9963 1.710689e-02
9987 1.646311e-02
10002 1.633667e-02
10014 1.617792e-02
10021 1.608063e-02
10067 1.511182e-02
10115 1.448931e-02
10143 1.413131e-02
10221 1.376020e-02
10276 1.369228e-02
10292 1.359070e-02
10352 1.358585e-02
10382 1.356594e-02
10401 1.327238e-02
10437 1.307985e-02
10557 1.306636e-02
10578 1.284662e-02
10650 1.277078e-02
10696 1.273557e-02
10748 1.271571e-02
10792 1.263988e-02
10864 1.252983e-02
10962 1.249957e-02
11061 1.248641e-02
11125 1.246849e-02
11172 1.246032e-02
11189 1.243435e-02
11253 1.243061e-02
11285 1.242167e-02
11307 1.241010e-02
11310 1.239683e-02
11340 1.239403e-02
11341 1.237147e-02
11376 1.237120e-02
11409 1.236733e-02
11445 1.236676e-02
11452 1.236525e-02
11455 1.236194e-02
11459 1.236064e-02
11492 1.235819e-02
11498 1.235471e-02
11549 1.235230e-02
11627 1.235001e-02
11680 1.234563e-02
11752 1.234491e-02
11757 1.233965e-02
11809 1.233793e-02
11907 1.233666e-02
11948 1.233635e-02
11988 1.233295e-02
12088 1.233074e-02
12132 1.233015e-02
12147 1.232955e-02
12196 1.232937e-02
12213 1.232778e-02
12233 1.232737e-02
12257 1.232697e-02
12287 1.232695e-02
12296 1.232681e-02
12298 1.232659e-02
12310 1.232653e-02
12336 1.232640e-02
12339 1.232527e-02
12401 1.232427e-02
12447 1.232389e-02
12454 1.232333e-02
12520 1.232253e-02
12722 1.232240e-02
12732 1.232230e-02
12762 1.232215e-02
12796 1.232202e-02
12815 1.232199e-02
12838 1.232178e-02
12905 1.232167e-02
12906 1.232154e-02
12940 1.232140e-02
13004 1.232135e-02
13022 1.232134e-02
13046 1.232131e-02
13093 1.232123e-02
13206 1.232122e-02
13248 1.232120e-02
13261 1.232119e-02
13363 1.232117e-02
13376 1.232116e-02
13460 1.232116e-02
13467 1.232112e-02
13582 1.232109e-02
13675 1.232107e-02
13678 1.232106e-02
13774 1.232105e-02
13832 1.232104e-02
13882 1.232103e-02
13937 1.232103e-02
13964 1.232103e-02
14001 1.232102e-02
14008 1.232101e-02
14111 1.232101e-02
14129 1.232101e-02
14187 1.232101e-02
14202 1.232101e-02
14269 1.232101e-02
14273 1.232100e-02
14278 1.232100e-02
14318 1.232100e-02
14330 1.232100e-02
14360 1.232100e-02
14533 1.232100e-02
14552 1.232100e-02
14553 1.232100e-02
14576 1.232100e-02
14584 1.232099e-02
14627 1.232099e-02
14661 1.232099e-02
14679 1.232099e-02
14917 1.232099e-02
14936 1.232099e-02
14949 1.232099e-02
14977 1.232099e-02
14989 1.232099e-02
15000 1.232099e-02
15012 1.232099e-02
15049 1.232099e-02
15099 1.232099e-02
15139 1.232099e-02
15412 1.232099e-02
15478 1.232099e-02
15573 1.232099e-02
15622 1.232099e-02
15764 1.232099e-02
15800 1.232099e-02
15839 1.232099e-02
15900 1.232099e-02
15961 1.232099e-02
16016 1.232099e-02
16094 1.232099e-02
16107 1.232099e-02
16110 1.232099e-02
16169 1.232099e-02
16192 1.232099e-02
16206 1.232099e-02
16230 1.232099e-02
16269 1.232099e-02
16286 1.232099e-02
16291 1.232099e-02
16360 1.232099e-02
16376 1.232099e-02
16377 1.232099e-02
16405 1.232099e-02
16429 1.232099e-02
16454 1.232099e-02
16548 1.232099e-02
16596 1.232099e-02
38203 1.211109e-02
38494 9.406930e-03
38676 8.938688e-03
38789 8.892930e-03
38861 7.564925e-03
38944 7.466676e-03
38948 6.408507e-03
38998 5.837952e-03
39082 4.901323e-03
39214 4.867504e-03
39228 3.886922e-03
39372 3.861145e-03
39393 3.131133e-03
39686 2.756214e-03
39753 2.032695e-03
39851 1.986700e-03
39951 1.838691e-03
39955 1.793545e-03
40039 1.745824e-03
40065 9.630776e-04
40424 8.319434e-04
40438 7.675974e-04
40468 6.344502e-04
40747 6.302689e-04
40757 5.726213e-04
40814 5.288898e-04
40966 4.793771e-04
41142 3.790728e-04
41210 3.579398e-04
41474 2.804465e-04
41610 2.790270e-04
41616 2.649707e-04
41718 2.226933e-04
41763 1.599077e-04
41901 1.547501e-04
42020 1.478893e-04
42037 1.206047e-04
42286 1.050758e-04
42521 8.556233e-05
42766 8.059257e-05
43008 7.738061e-05
43076 7.586186e-05
43079 5.212660e-05
43283 3.974129e-05
43675 3.645944e-05
43774 2.385657e-05
44168 1.554058e-05
44252 1.448493e-05
44606 1.393228e-05
44630 1.126685e-05
44939 1.107405e-05
44959 1.092746e-05
101595 9.369032e-06
101682 7.226566e-06
101779 5.493012e-06
101859 5.252475e-06
101877 4.104156e-06
101958 2.834553e-06
102011 2.803304e-06
102114 2.187865e-06
102183 2.128920e-06
102238 1.855196e-06
102269 1.835030e-06
102295 1.832618e-06
102319 1.736063e-06
102332 1.618596e-06
102343 1.595587e-06
102371 1.501831e-06
102388 1.424118e-06
102404 1.334161e-06
102424 1.013496e-06
102456 9.440259e-07
102471 8.633419e-07
102518 7.316373e-07
102522 5.059082e-07
102671 4.260717e-07
102694 3.903018e-07
102705 3.353191e-07
102732 2.364121e-07
102868 2.210588e-07
102895 2.060047e-07
102910 1.642853e-07
102974 1.569583e-07
103025 1.380118e-07
103031 1.229535e-07
103166 1.223923e-07
103176 1.154647e-07
103187 1.103429e-07
103218 7.568606e-08
103314 6.991394e-08
103346 6.444350e-08
103411 4.744437e-08
103493 4.416669e-08
103539 4.140570e-08
103552 4.014181e-08
103583 3.869902e-08
103593 3.674982e-08
103595 3.609974e-08
103598 3.599647e-08
103608 2.374307e-08
103645 2.346762e-08
103744 1.774544e-08
103846 1.725280e-08
103852 1.614480e-08
103858 1.530587e-08
103865 1.471368e-08
103883 1.158971e-08
103884 1.111114e-08
103937 9.194986e-09
137049 7.568625e-09
194261 7.104605e-09
