1 4.059810e+05
2 5.532219e+03
3 4.415892e+03
4 9.539710e+02
12 8.876936e+02
15 8.664000e+02
48 5.606999e+02
300 5.540092e+02
390 5.289644e+02
553 5.285761e+02
695 5.238922e+02
714 5.224766e+02
767 5.197804e+02
809 5.190970e+02
892 5.150159e+02
896 5.115767e+02
936 5.061725e+02
1033 4.935826e+02
1168 4.875575e+02
1203 4.859877e+02
1249 4.788815e+02
1257 4.749916e+02
1564 4.736093e+02
1582 4.729596e+02
1604 4.632625e+02
1699 4.594677e+02
1742 4.562690e+02
1774 4.541181e+02
1844 4.534540e+02
1899 4.516610e+02
1916 4.513563e+02
1935 4.488411e+02
2006 4.460802e+02
2110 4.452518e+02
2148 4.421785e+02
2222 4.414470e+02
2229 4.308975e+02
2323 4.254453e+02
2435 4.212304e+02
2468 4.126528e+02
2733 4.097514e+02
2947 4.052520e+02
3179 4.033552e+02
3282 4.029406e+02
3295 3.983913e+02
3302 3.918442e+02
3358 3.876620e+02
3459 3.875424e+02
3546 3.863607e+02
3564 3.845275e+02
3622 3.785956e+02
3776 3.761406e+02
3958 3.745264e+02
4011 3.631257e+02
4320 3.597706e+02
4755 3.593636e+02
4781 3.580300e+02
4820 3.576548e+02
5003 3.566371e+02
5034 3.541105e+02
5118 3.532994e+02
5183 3.502771e+02
5275 3.500880e+02
5300 3.493049e+02
5467 3.482721e+02
5603 3.482154e+02
5618 3.481012e+02
5631 3.445398e+02
5790 3.430892e+02
5836 3.427260e+02
5877 3.363778e+02
6599 3.362219e+02
6602 3.346832e+02
6616 3.343934e+02
6621 3.342756e+02
6724 3.322053e+02
6769 3.320972e+02
6953 3.306573e+02
7001 3.300797e+02
7110 3.293389e+02
7177 3.282212e+02
7389 3.281678e+02
7396 3.276082e+02
7503 3.269049e+02
7534 3.269004e+02
7716 3.260957e+02
7779 3.259925e+02
7841 3.253634e+02
7859 3.247645e+02
7965 3.237676e+02
8196 3.233729e+02
8215 3.231717e+02
8306 3.225668e+02
8336 3.224717e+02
8459 3.223968e+02
8550 3.221613e+02
8632 3.219193e+02
8781 3.218227e+02
8888 3.216116e+02
8896 3.214020e+02
9037 3.212056e+02
9070 3.210898e+02
9203 3.206434e+02
9326 3.204978e+02
9337 3.201386e+02
9351 3.196385e+02
9530 3.195028e+02
9596 3.190231e+02
9670 3.189861e+02
9732 3.187495e+02
9866 3.187080e+02
9976 3.184094e+02
10034 3.179924e+02
10148 3.179385e+02
10216 3.176822e+02
10261 3.175751e+02
10282 3.175006e+02
10329 3.173069e+02
10443 3.169845e+02
10521 3.168612e+02
10645 3.167696e+02
10774 3.164707e+02
10913 3.163520e+02
10957 3.162948e+02
11004 3.161027e+02
11013 3.159012e+02
11124 3.156951e+02
11271 3.154802e+02
11572 3.152803e+02
11672 3.151808e+02
11722 3.151690e+02
11790 3.150304e+02
11909 3.150117e+02
11968 3.149995e+02
12056 3.149222e+02
12110 3.148605e+02
12119 3.147565e+02
12210 3.147291e+02
12214 3.146459e+02
12266 3.145326e+02
12309 3.145161e+02
12400 3.143061e+02
12524 3.142593e+02
12602 3.140688e+02
12926 3.140100e+02
13097 3.139034e+02
13214 3.138180e+02
13303 3.137609e+02
13517 3.137420e+02
13671 3.137055e+02
13909 3.136722e+02
13943 3.135450e+02
14528 3.135218e+02
14578 3.133779e+02
14777 3.133272e+02
14903 3.133061e+02
14948 3.132919e+02
15128 3.132542e+02
15190 3.132506e+02
15281 3.132301e+02
15286 3.132040e+02
15372 3.131969e+02
15441 3.131802e+02
15453 3.131261e+02
15595 3.131228e+02
15696 3.131035e+02
15760 3.130000e+02
15946 3.129935e+02
15951 3.129538e+02
16004 3.129171e+02
16110 3.129128e+02
16170 3.129010e+02
16177 3.128248e+02
16218 3.127597e+02
16264 3.127237e+02
16321 3.127193e+02
16354 3.126313e+02
16642 3.126053e+02
16655 3.125648e+02
17063 3.125254e+02
17111 3.125049e+02
17195 3.124827e+02
17293 3.124665e+02
17422 3.124525e+02
17615 3.124232e+02
17680 3.124120e+02
17687 3.123980e+02
17776 3.122632e+02
18176 3.122298e+02
18283 3.122157e+02
18464 3.121804e+02
18539 3.121777e+02
18680 3.120989e+02
19054 3.120671e+02
19125 3.120630e+02
19221 3.120132e+02
19694 3.120115e+02
19701 3.119799e+02
19777 3.119777e+02
19976 3.119643e+02
20065 3.119639e+02
20169 3.119500e+02
20281 3.119479e+02
20303 3.119285e+02
20508 3.119052e+02
20529 3.119031e+02
20661 3.119011e+02
20668 3.118670e+02
20816 3.118553e+02
21203 3.118546e+02
21214 3.118395e+02
21472 3.118350e+02
21523 3.118257e+02
21800 3.118118e+02
21947 3.117961e+02
22213 3.117851e+02
22363 3.117849e+02
22396 3.117824e+02
22537 3.117813e+02
22556 3.117749e+02
22600 3.117573e+02
22815 3.117533e+02
22912 3.117506e+02
22914 3.117469e+02
22951 3.117460e+02
23455 3.117394e+02
23503 3.117366e+02
23607 3.117328e+02
23736 3.117312e+02
23744 3.117239e+02
23916 3.117114e+02
24171 3.117113e+02
24257 3.117064e+02
24522 3.116977e+02
24574 3.116946e+02
24599 3.116939e+02
24837 3.116885e+02
24913 3.116884e+02
25085 3.116882e+02
25131 3.116856e+02
25179 3.116855e+02
25186 3.116809e+02
25474 3.116775e+02
25517 3.116744e+02
25666 3.116737e+02
25691 3.116698e+02
25753 3.116687e+02
26181 3.116685e+02
26218 3.116659e+02
26321 3.116642e+02
26335 3.116624e+02
26421 3.116620e+02
26438 3.116616e+02
26458 3.116615e+02
26461 3.116583e+02
26471 3.116575e+02
26682 3.116572e+02
26685 3.116558e+02
26764 3.116541e+02
27086 3.116538e+02
27112 3.116527e+02
27121 3.116517e+02
27258 3.116500e+02
27302 3.116490e+02
27427 3.116487e+02
27684 3.116485e+02
27718 3.116477e+02
27734 3.116477e+02
27776 3.116459e+02
27921 3.116456e+02
28219 3.116453e+02
28314 3.116451e+02
28318 3.116448e+02
28342 3.116439e+02
28419 3.116437e+02
28428 3.116433e+02
28493 3.116433e+02
28535 3.116432e+02
28550 3.116430e+02
28552 3.116417e+02
28589 3.116407e+02
29018 3.116397e+02
29132 3.116396e+02
29251 3.116392e+02
29285 3.116391e+02
29302 3.116390e+02
29338 3.116389e+02
29500 3.116375e+02
29659 3.116372e+02
29695 3.116369e+02
29868 3.116364e+02
30093 3.116353e+02
30420 3.116352e+02
30510 3.116351e+02
30533 3.116349e+02
30749 3.116349e+02
30759 3.116347e+02
30762 3.116343e+02
30961 3.116342e+02
31004 3.116341e+02
31144 3.116340e+02
31197 3.116339e+02
31244 3.116338e+02
31279 3.116338e+02
31294 3.116337e+02
31302 3.116334e+02
31351 3.116334e+02
31391 3.116333e+02
31406 3.116330e+02
31575 3.116326e+02
31794 3.116326e+02
31843 3.116326e+02
31948 3.116325e+02
31952 3.116323e+02
32010 3.116321e+02
32193 3.116320e+02
32246 3.116320e+02
32279 3.116315e+02
32330 3.116315e+02
32507 3.116315e+02
32524 3.116315e+02
32537 3.116314e+02
32540 3.116313e+02
32560 3.116313e+02
32602 3.116311e+02
32687 3.116310e+02
32866 3.116308e+02
32922 3.116305e+02
33238 3.116305e+02
33264 3.116304e+02
33386 3.116303e+02
33494 3.116303e+02
33523 3.116302e+02
33548 3.116302e+02
33570 3.116302e+02
33573 3.116302e+02
33647 3.116301e+02
33675 3.116299e+02
33737 3.116299e+02
33841 3.116296e+02
34141 3.116296e+02
34222 3.116295e+02
34278 3.116295e+02
34510 3.116294e+02
34574 3.116294e+02
34649 3.116293e+02
34689 3.116292e+02
35076 3.116291e+02
35137 3.116291e+02
35159 3.116290e+02
35317 3.116290e+02
35444 3.116289e+02
35521 3.116289e+02
35700 3.116288e+02
35751 3.116288e+02
35981 3.116287e+02
36031 3.116287e+02
36042 3.116286e+02
36215 3.116286e+02
36423 3.116285e+02
36788 3.116285e+02
36836 3.116284e+02
37006 3.116284e+02
37053 3.116284e+02
37199 3.116284e+02
37245 3.116284e+02
37325 3.116283e+02
37451 3.116283e+02
37522 3.116283e+02
37576 3.116283e+02
37593 3.116283e+02
37666 3.116283e+02
37684 3.116283e+02
37826 3.116283e+02
37908 3.116282e+02
37912 3.116282e+02
37929 3.116282e+02
37931 3.116282e+02
37948 3.116282e+02
38016 3.116282e+02
38029 3.116282e+02
38061 3.116282e+02
38090 3.116282e+02
38111 3.116282e+02
38204 3.116282e+02
38266 3.116282e+02
38274 3.116282e+02
38312 3.116281e+02
38418 3.116281e+02
38522 3.116281e+02
38665 3.116281e+02
38714 3.116281e+02
38868 3.116281e+02
38959 3.116281e+02
38963 3.116281e+02
38972 3.116281e+02
39009 3.116281e+02
39097 3.116281e+02
39140 3.116281e+02
39223 3.116281e+02
39248 3.116280e+02
39251 3.116280e+02
39281 3.116280e+02
39341 3.116280e+02
39395 3.116280e+02
39493 3.116280e+02
39569 3.116280e+02
39846 3.116280e+02
39931 3.116280e+02
39952 3.116280e+02
40039 3.116280e+02
40049 3.116280e+02
40126 3.116280e+02
40143 3.116280e+02
40148 3.116280e+02
40210 3.116280e+02
40231 3.116280e+02
40450 3.116280e+02
40455 3.116280e+02
40470 3.116280e+02
40519 3.116280e+02
40569 3.116280e+02
40633 3.116280e+02
40682 3.116280e+02
40819 3.116280e+02
40868 3.116280e+02
40896 3.116280e+02
40906 3.116280e+02
40908 3.116280e+02
40957 3.116280e+02
40974 3.116280e+02
41015 3.116280e+02
41126 3.116280e+02
41147 3.116280e+02
41186 3.116280e+02
41196 3.116280e+02
41224 3.116279e+02
41247 3.116279e+02
41252 3.116279e+02
41342 3.116279e+02
41405 3.116279e+02
41483 3.116279e+02
41494 3.116279e+02
41567 3.116279e+02
41630 3.116279e+02
41712 3.116279e+02
41734 3.116279e+02
41765 3.116279e+02
41873 3.116279e+02
41898 3.116279e+02
41918 3.116279e+02
41929 3.116279e+02
41957 3.116279e+02
41980 3.116279e+02
41998 3.116279e+02
42029 3.116279e+02
42043 3.116279e+02
42210 3.116279e+02
42315 3.116279e+02
42338 3.116279e+02
42367 3.116279e+02
42424 3.116279e+02
42449 3.116279e+02
42479 3.116279e+02
42824 3.116279e+02
42902 3.116279e+02
42909 3.116279e+02
42956 3.116279e+02
43150 3.116279e+02
43157 3.116279e+02
43175 3.116279e+02
43201 3.116279e+02
43226 3.116279e+02
43308 3.116279e+02
43416 3.116279e+02
43513 3.116279e+02
43561 3.116279e+02
43590 3.116279e+02
43654 3.116279e+02
43664 3.116279e+02
43760 3.116279e+02
43782 3.116279e+02
43813 3.116279e+02
44023 3.116279e+02
44166 3.116279e+02
44179 3.116279e+02
44250 3.116279e+02
44309 3.116279e+02
44391 3.116279e+02
44453 3.116279e+02
44554 3.116279e+02
44558 3.116279e+02
44688 3.116279e+02
44738 3.116279e+02
44788 3.116279e+02
44834 3.116279e+02
44967 3.116279e+02
45201 3.116279e+02
45216 3.116279e+02
45296 3.116279e+02
45321 3.116279e+02
45446 3.116279e+02
45448 3.116279e+02
45474 3.116279e+02
45586 3.116279e+02
45617 3.116279e+02
45626 3.116279e+02
45663 3.116279e+02
45757 3.116279e+02
45767 3.116279e+02
45921 3.116279e+02
45925 3.116279e+02
45930 3.116279e+02
45991 3.116279e+02
46058 3.116279e+02
46064 3.116279e+02
46067 3.116279e+02
46316 3.116279e+02
46408 3.116279e+02
46430 3.116279e+02
46517 3.116279e+02
46603 3.116279e+02
46630 3.116279e+02
46670 3.116279e+02
46796 3.116279e+02
46883 3.116279e+02
46887 3.116279e+02
47016 3.116279e+02
47062 3.116279e+02
47151 3.116279e+02
47293 3.116279e+02
47402 3.116279e+02
47411 3.116279e+02
47468 3.116279e+02
47498 3.116279e+02
48031 3.116279e+02
48187 3.116279e+02
48289 3.116279e+02
48349 3.116279e+02
48370 3.116279e+02
48465 3.116279e+02
48477 3.116279e+02
48540 3.116279e+02
48596 3.116279e+02
48601 3.116279e+02
48672 3.116279e+02
48727 3.116279e+02
48745 3.116279e+02
48842 3.116279e+02
48892 3.116279e+02
49036 3.116279e+02
49092 3.116279e+02
49096 3.116279e+02
49116 3.116279e+02
49153 3.116279e+02
49167 3.116279e+02
49180 3.116279e+02
49226 3.116279e+02
49246 3.116279e+02
49254 3.116279e+02
49355 3.116279e+02
49399 3.116279e+02
49551 3.116279e+02
49560 3.116279e+02
49579 3.116279e+02
49591 3.116279e+02
49598 3.116279e+02
49621 3.116279e+02
49676 3.116279e+02
49735 3.116279e+02
49784 3.116279e+02
49977 3.116279e+02
50139 3.116279e+02
50164 3.116279e+02
50176 3.116279e+02
50320 3.116279e+02
50356 3.116279e+02
50437 3.116279e+02
50500 3.116279e+02
50669 3.116279e+02
50713 3.116279e+02
50730 3.116279e+02
50763 3.116279e+02
50768 3.116279e+02
50775 3.116279e+02
50846 3.116279e+02
50859 3.116279e+02
51015 3.116279e+02
51038 3.116279e+02
51063 3.116279e+02
51168 3.116279e+02
51177 3.116279e+02
51180 3.116279e+02
51214 3.116279e+02
51240 3.116279e+02
51386 3.116279e+02
51388 3.116279e+02
51454 3.116279e+02
51530 3.116279e+02
51592 3.116279e+02
51629 3.116279e+02
51706 3.116279e+02
51753 3.116279e+02
51779 3.116279e+02
51802 3.116279e+02
51846 3.116279e+02
51869 3.116279e+02
51947 3.116279e+02
52223 3.116279e+02
52233 3.116279e+02
52263 3.116279e+02
52328 3.116279e+02
52359 3.116279e+02
52383 3.116279e+02
52390 3.116279e+02
52460 3.116279e+02
52546 3.116279e+02
52600 3.116279e+02
52638 3.116279e+02
52679 3.116279e+02
52687 3.116279e+02
52793 3.116279e+02
52921 3.116279e+02
52922 3.116279e+02
52956 3.116279e+02
53161 3.116279e+02
53180 3.116279e+02
53216 3.116279e+02
53255 3.116279e+02
53270 3.116279e+02
53276 3.116279e+02
53306 3.116279e+02
53410 3.116279e+02
53449 3.116279e+02
53486 3.116279e+02
53524 3.116279e+02
53533 3.116279e+02
53539 3.116279e+02
53559 3.116279e+02
53806 3.116279e+02
53910 3.116279e+02
53918 3.116279e+02
54006 3.116279e+02
54014 3.116279e+02
54105 3.116279e+02
54264 3.116279e+02
54367 3.116279e+02
54389 3.116279e+02
54586 3.116279e+02
54594 3.116279e+02
54614 3.116279e+02
54617 3.116279e+02
54671 3.116279e+02
54714 3.116279e+02
54733 3.116279e+02
54877 3.116279e+02
54908 3.116279e+02
54917 3.116279e+02
54933 3.116279e+02
54936 3.116279e+02
54995 3.116279e+02
55051 3.116279e+02
55076 3.116279e+02
55080 3.116279e+02
55084 3.116279e+02
55246 3.116279e+02
55390 3.116279e+02
55403 3.116279e+02
55479 3.116279e+02
55516 3.116279e+02
55663 3.116279e+02
55731 3.116279e+02
55734 3.116279e+02
55811 3.116279e+02
55838 3.116279e+02
55857 3.116279e+02
55871 3.116279e+02
55950 3.116279e+02
56110 3.116279e+02
56146 3.116279e+02
56204 3.116279e+02
242338 3.114174e+02
242364 3.110176e+02
242437 3.102773e+02
243000 3.101024e+02
243054 3.094016e+02
244374 3.089931e+02
244482 3.085636e+02
244585 3.085322e+02
244933 3.083982e+02
245036 3.078929e+02
245727 3.073408e+02
246091 3.073334e+02
246099 3.069756e+02
246254 3.068659e+02
246316 3.062794e+02
246957 3.060462e+02
247231 3.055273e+02
247762 3.054501e+02
248150 3.053247e+02
248696 3.052713e+02
248723 3.050735e+02
248749 3.049823e+02
248895 3.047937e+02
249166 3.045898e+02
249547 3.043460e+02
249703 3.043183e+02
249754 3.041939e+02
249891 3.041751e+02
249967 3.041012e+02
249991 3.039344e+02
250934 3.038515e+02
251185 3.037416e+02
251387 3.034597e+02
251966 3.033821e+02
252067 3.032852e+02
252114 3.032473e+02
252288 3.032006e+02
252829 3.029930e+02
252942 3.028221e+02
253462 3.028124e+02
253467 3.028084e+02
253724 3.027685e+02
253886 3.027046e+02
253919 3.026412e+02
254000 3.025736e+02
254504 3.023119e+02
254933 3.022908e+02
254959 3.021071e+02
255253 3.020865e+02
255369 3.020823e+02
255482 3.019749e+02
255784 3.019653e+02
256201 3.019419e+02
256278 3.019354e+02
256282 3.019095e+02
256340 3.018295e+02
256416 3.017509e+02
256613 3.017460e+02
256653 3.017363e+02
257227 3.017183e+02
257243 3.015713e+02
257729 3.015372e+02
257862 3.014999e+02
257867 3.014596e+02
258064 3.014411e+02
258138 3.014149e+02
258169 3.013843e+02
258247 3.013712e+02
258269 3.013516e+02
258388 3.013357e+02
258416 3.011539e+02
258805 3.011470e+02
259020 3.011005e+02
259255 3.010720e+02
259291 3.010603e+02
259397 3.010237e+02
259711 3.010043e+02
259926 3.009707e+02
260059 3.009649e+02
260065 3.009184e+02
260143 3.008851e+02
260293 3.008617e+02
260396 3.008567e+02
260538 3.008397e+02
260556 3.008241e+02
260612 3.008152e+02
260639 3.008134e+02
260760 3.007761e+02
260765 3.007308e+02
261110 3.006928e+02
261205 3.006732e+02
261255 3.006571e+02
261318 3.006249e+02
261699 3.006172e+02
261962 3.006025e+02
262099 3.005839e+02
262307 3.005505e+02
262905 3.005419e+02
263024 3.005237e+02
263038 3.005113e+02
263534 3.004952e+02
263830 3.004913e+02
263880 3.004831e+02
263971 3.004648e+02
264580 3.004384e+02
265272 3.004164e+02
265420 3.004106e+02
265891 3.004073e+02
266123 3.004010e+02
266221 3.003980e+02
266224 3.003898e+02
266680 3.003590e+02
266735 3.003486e+02
267084 3.003460e+02
267147 3.003431e+02
267156 3.003322e+02
267208 3.003314e+02
267231 3.003153e+02
267306 3.003028e+02
267700 3.003026e+02
267856 3.002998e+02
267868 3.002902e+02
267912 3.002873e+02
268000 3.002797e+02
268515 3.002734e+02
268619 3.002593e+02
268827 3.002420e+02
268896 3.002317e+02
269039 3.002286e+02
269291 3.002250e+02
269421 3.002050e+02
269980 3.001955e+02
270346 3.001846e+02
270444 3.001842e+02
270523 3.001761e+02
270563 3.001736e+02
271028 3.001725e+02
271170 3.001650e+02
271278 3.001575e+02
271483 3.001527e+02
271676 3.001412e+02
272022 3.001329e+02
272072 3.001307e+02
272452 3.001290e+02
272545 3.001268e+02
272603 3.001159e+02
272623 3.001158e+02
272848 3.001127e+02
273414 3.001093e+02
273484 3.001066e+02
273511 3.001049e+02
273650 3.001028e+02
273694 3.001006e+02
273857 3.000924e+02
274081 3.000914e+02
274254 3.000908e+02
274389 3.000900e+02
274391 3.000880e+02
274425 3.000831e+02
274648 3.000821e+02
274654 3.000801e+02
274881 3.000793e+02
274940 3.000765e+02
275127 3.000751e+02
275268 3.000750e+02
275290 3.000719e+02
275727 3.000712e+02
275800 3.000690e+02
275810 3.000684e+02
276169 3.000651e+02
276222 3.000641e+02
276626 3.000617e+02
276893 3.000610e+02
277195 3.000607e+02
277227 3.000588e+02
277459 3.000574e+02
277504 3.000524e+02
277887 3.000505e+02
278202 3.000497e+02
278868 3.000486e+02
278900 3.000478e+02
278911 3.000475e+02
278922 3.000471e+02
278994 3.000456e+02
279039 3.000456e+02
279137 3.000450e+02
279214 3.000445e+02
279260 3.000441e+02
279315 3.000430e+02
279322 3.000416e+02
279365 3.000411e+02
279697 3.000400e+02
279866 3.000395e+02
280378 3.000392e+02
280385 3.000391e+02
280475 3.000377e+02
280660 3.000374e+02
280666 3.000367e+02
280786 3.000364e+02
280967 3.000359e+02
281016 3.000349e+02
281042 3.000345e+02
281159 3.000329e+02
281281 3.000321e+02
281282 3.000319e+02
281299 3.000313e+02
281425 3.000310e+02
281528 3.000306e+02
281578 3.000296e+02
281631 3.000282e+02
282309 3.000267e+02
282487 3.000266e+02
282528 3.000256e+02
282846 3.000247e+02
283213 3.000244e+02
283385 3.000237e+02
283503 3.000235e+02
283706 3.000221e+02
283814 3.000220e+02
283827 3.000219e+02
284018 3.000202e+02
284151 3.000182e+02
284206 3.000174e+02
284276 3.000172e+02
284892 3.000171e+02
284953 3.000153e+02
285097 3.000150e+02
285313 3.000149e+02
285575 3.000141e+02
285608 3.000141e+02
285709 3.000140e+02
285715 3.000126e+02
286221 3.000124e+02
286471 3.000113e+02
286569 3.000110e+02
286706 3.000105e+02
287531 3.000105e+02
287577 3.000098e+02
287700 3.000098e+02
287922 3.000089e+02
288527 3.000088e+02
289275 3.000086e+02
289547 3.000084e+02
289648 3.000082e+02
290006 3.000082e+02
290254 3.000081e+02
290549 3.000072e+02
290901 3.000067e+02
291066 3.000065e+02
291080 3.000064e+02
291267 3.000064e+02
291496 3.000060e+02
291712 3.000054e+02
291996 3.000052e+02
292241 3.000051e+02
292511 3.000049e+02
292584 3.000044e+02
293581 3.000042e+02
294027 3.000042e+02
294029 3.000041e+02
294190 3.000041e+02
294208 3.000039e+02
294352 3.000038e+02
294439 3.000037e+02
294683 3.000037e+02
294733 3.000034e+02
295451 3.000034e+02
295620 3.000032e+02
295766 3.000032e+02
295798 3.000031e+02
295855 3.000029e+02
295995 3.000028e+02
296167 3.000028e+02
296219 3.000027e+02
296267 3.000025e+02
296551 3.000025e+02
296679 3.000022e+02
297337 3.000021e+02
297631 3.000019e+02
297692 3.000019e+02
298040 3.000018e+02
298542 3.000018e+02
298726 3.000017e+02
298858 3.000015e+02
299649 3.000015e+02
299768 3.000014e+02
300277 3.000014e+02
300473 3.000013e+02
300592 3.000013e+02
300871 3.000011e+02
300938 3.000011e+02
301074 3.000010e+02
302238 3.000010e+02
302277 3.000010e+02
302284 3.000009e+02
302286 3.000009e+02
303050 3.000008e+02
303214 3.000008e+02
303588 3.000008e+02
303835 3.000007e+02
304085 3.000007e+02
304558 3.000006e+02
304808 3.000006e+02
305273 3.000005e+02
306541 3.000005e+02
306588 3.000005e+02
306690 3.000005e+02
306751 3.000005e+02
306934 3.000004e+02
307159 3.000004e+02
307253 3.000004e+02
307563 3.000004e+02
307700 3.000004e+02
308184 3.000004e+02
308188 3.000003e+02
308375 3.000003e+02
308683 3.000003e+02
308701 3.000003e+02
309337 3.000002e+02
309415 3.000002e+02
309926 3.000002e+02
310109 3.000002e+02
310125 3.000002e+02
310265 3.000002e+02
310282 3.000002e+02
310366 3.000002e+02
310371 3.000002e+02
310670 3.000002e+02
310799 3.000002e+02
310830 3.000002e+02
311197 3.000001e+02
311474 3.000001e+02
311866 3.000001e+02
312037 3.000001e+02
312120 3.000001e+02
312660 3.000001e+02
312781 3.000001e+02
312873 3.000001e+02
313363 3.000001e+02
313475 3.000001e+02
313560 3.000001e+02
313569 3.000001e+02
313574 3.000001e+02
313582 3.000001e+02
313795 3.000001e+02
314161 3.000001e+02
314176 3.000001e+02
314366 3.000001e+02
314437 3.000001e+02
314498 3.000000e+02
314785 3.000000e+02
314822 3.000000e+02
314910 3.000000e+02
314916 3.000000e+02
315209 3.000000e+02
315235 3.000000e+02
315332 3.000000e+02
315572 3.000000e+02
315579 3.000000e+02
315666 3.000000e+02
315668 3.000000e+02
316253 3.000000e+02
316258 3.000000e+02
316425 3.000000e+02
316891 3.000000e+02
316923 3.000000e+02
317036 3.000000e+02
317177 3.000000e+02
317309 3.000000e+02
317726 3.000000e+02
317749 3.000000e+02
317867 3.000000e+02
317937 3.000000e+02
318254 3.000000e+02
318437 3.000000e+02
318533 3.000000e+02
318916 3.000000e+02
319117 3.000000e+02
319122 3.000000e+02
319177 3.000000e+02
319211 3.000000e+02
319213 3.000000e+02
319292 3.000000e+02
320267 3.000000e+02
320445 3.000000e+02
320463 3.000000e+02
320613 3.000000e+02
320666 3.000000e+02
320680 3.000000e+02
320832 3.000000e+02
320903 3.000000e+02
320986 3.000000e+02
321157 3.000000e+02
322506 3.000000e+02
323045 3.000000e+02
323199 3.000000e+02
323514 3.000000e+02
323871 3.000000e+02
324639 3.000000e+02
324650 3.000000e+02
324856 3.000000e+02
324921 3.000000e+02
324996 3.000000e+02
325799 3.000000e+02
325821 3.000000e+02
325953 3.000000e+02
326014 3.000000e+02
326265 3.000000e+02
326980 3.000000e+02
327302 3.000000e+02
327346 3.000000e+02
327537 3.000000e+02
327691 3.000000e+02
327727 3.000000e+02
327764 3.000000e+02
327841 3.000000e+02
328116 3.000000e+02
328301 3.000000e+02
328390 3.000000e+02
328714 3.000000e+02
329071 3.000000e+02
329112 3.000000e+02
329282 3.000000e+02
329745 3.000000e+02
330005 3.000000e+02
330046 3.000000e+02
330089 3.000000e+02
330186 3.000000e+02
330236 3.000000e+02
330319 3.000000e+02
330454 3.000000e+02
330588 3.000000e+02
330752 3.000000e+02
330871 3.000000e+02
330914 3.000000e+02
331260 3.000000e+02
331269 3.000000e+02
331409 3.000000e+02
331417 3.000000e+02
331508 3.000000e+02
331513 3.000000e+02
331515 3.000000e+02
331714 3.000000e+02
331730 3.000000e+02
331964 3.000000e+02
332070 3.000000e+02
332071 3.000000e+02
332160 3.000000e+02
332314 3.000000e+02
332486 3.000000e+02
332523 3.000000e+02
333248 3.000000e+02
333296 3.000000e+02
334400 3.000000e+02
334444 3.000000e+02
334504 3.000000e+02
334610 3.000000e+02
334710 3.000000e+02
334759 3.000000e+02
334767 3.000000e+02
334810 3.000000e+02
334832 3.000000e+02
334837 3.000000e+02
335012 3.000000e+02
335019 3.000000e+02
335279 3.000000e+02
335466 3.000000e+02
335688 3.000000e+02
335709 3.000000e+02
336166 3.000000e+02
336314 3.000000e+02
336752 3.000000e+02
336912 3.000000e+02
337174 3.000000e+02
337627 3.000000e+02
337686 3.000000e+02
337862 3.000000e+02
337927 3.000000e+02
