1 1.965451e+04
2 6.127594e+03
3 3.883057e+03
9 2.935535e+03
12 2.672010e+03
13 2.195187e+03
15 6.067452e+02
27 5.799252e+02
126 5.765613e+02
152 5.530449e+02
380 5.404586e+02
587 5.278355e+02
676 5.251357e+02
698 5.147311e+02
983 5.136034e+02
1054 4.932272e+02
1290 4.926890e+02
1310 4.837000e+02
1421 4.827025e+02
1801 4.766281e+02
1892 4.759977e+02
1921 4.752445e+02
1946 4.733393e+02
1956 4.689700e+02
2179 4.681071e+02
2189 4.647854e+02
2192 4.624876e+02
2239 4.578299e+02
2255 4.563026e+02
2484 4.558189e+02
2504 4.464987e+02
2565 4.429064e+02
2721 4.413754e+02
2846 4.268925e+02
3217 4.219741e+02
3245 4.127087e+02
3717 4.069094e+02
4018 4.052684e+02
4108 4.006278e+02
4161 3.992882e+02
4182 3.968364e+02
4526 3.942905e+02
4744 3.932889e+02
4954 3.932522e+02
4979 3.901135e+02
5034 3.896289e+02
5065 3.857274e+02
5671 3.816918e+02
5783 3.815572e+02
5901 3.808680e+02
5954 3.806770e+02
5961 3.784450e+02
5999 3.782542e+02
6025 3.744879e+02
6526 3.739351e+02
6659 3.726344e+02
6707 3.719368e+02
6796 3.715112e+02
6921 3.673593e+02
6995 3.672086e+02
7076 3.645686e+02
7121 3.625577e+02
7569 3.614176e+02
7709 3.604375e+02
7921 3.600852e+02
7936 3.599962e+02
7951 3.591340e+02
8008 3.573569e+02
8137 3.562260e+02
8321 3.555070e+02
8356 3.545080e+02
8506 3.541060e+02
8538 3.540751e+02
8557 3.537929e+02
8585 3.533745e+02
8635 3.521993e+02
8789 3.513773e+02
8910 3.503598e+02
8919 3.496482e+02
8965 3.486042e+02
9034 3.474687e+02
9457 3.461922e+02
9802 3.455622e+02
9955 3.454465e+02
9980 3.443756e+02
10222 3.441066e+02
10398 3.434980e+02
10570 3.426006e+02
10603 3.419095e+02
10929 3.409966e+02
11166 3.408888e+02
11330 3.404030e+02
11406 3.403052e+02
11556 3.400157e+02
11631 3.398729e+02
11688 3.396728e+02
11715 3.396477e+02
11722 3.391997e+02
11764 3.389936e+02
11873 3.385415e+02
12033 3.377353e+02
12074 3.376927e+02
12151 3.369725e+02
12201 3.367421e+02
12559 3.367092e+02
12607 3.365882e+02
12687 3.364689e+02
12731 3.361841e+02
12818 3.355667e+02
12845 3.352905e+02
13034 3.352241e+02
13104 3.349811e+02
13343 3.345448e+02
13419 3.342420e+02
13476 3.341796e+02
13798 3.340011e+02
13819 3.339386e+02
13977 3.338768e+02
14003 3.337935e+02
14215 3.333857e+02
14328 3.332001e+02
14534 3.328867e+02
14773 3.327751e+02
14784 3.322554e+02
15180 3.321105e+02
15275 3.321089e+02
15386 3.321037e+02
15393 3.320731e+02
15397 3.320234e+02
15410 3.319981e+02
15441 3.319869e+02
15444 3.319180e+02
15514 3.319109e+02
15525 3.318944e+02
15845 3.317869e+02
15945 3.317627e+02
15970 3.316323e+02
16049 3.316179e+02
16071 3.315188e+02
16261 3.314734e+02
16427 3.313856e+02
16714 3.313348e+02
16760 3.312487e+02
16980 3.312010e+02
17073 3.311566e+02
17087 3.311120e+02
17121 3.309801e+02
17218 3.309353e+02
17248 3.308201e+02
17407 3.308115e+02
17421 3.307080e+02
17469 3.305978e+02
17484 3.305861e+02
17607 3.305823e+02
17646 3.305647e+02
17760 3.305525e+02
17849 3.304976e+02
18273 3.303749e+02
18507 3.303483e+02
18575 3.303360e+02
18627 3.302758e+02
18629 3.302716e+02
18671 3.302704e+02
18687 3.302406e+02
18721 3.302338e+02
18768 3.302017e+02
18783 3.301801e+02
18812 3.301115e+02
19005 3.300848e+02
19246 3.300708e+02
19255 3.300530e+02
19272 3.300198e+02
19348 3.299967e+02
19515 3.299807e+02
19638 3.299595e+02
19692 3.299037e+02
20037 3.298982e+02
20067 3.298967e+02
20082 3.298645e+02
20142 3.298562e+02
20205 3.298518e+02
20359 3.298435e+02
20405 3.298371e+02
20423 3.297873e+02
20537 3.297848e+02
20594 3.297461e+02
20796 3.297262e+02
21022 3.297055e+02
21126 3.296998e+02
21166 3.296917e+02
21255 3.296869e+02
21270 3.296798e+02
21340 3.296541e+02
21370 3.296447e+02
21644 3.296379e+02
21650 3.296285e+02
21664 3.296097e+02
21957 3.296097e+02
22033 3.296057e+02
22086 3.295733e+02
22265 3.295692e+02
22291 3.295545e+02
22568 3.295534e+02
22595 3.295493e+02
22627 3.295428e+02
22702 3.295367e+02
22754 3.295294e+02
22990 3.295251e+02
23263 3.295207e+02
23266 3.295186e+02
23305 3.295110e+02
23425 3.294922e+02
23676 3.294920e+02
23733 3.294909e+02
23799 3.294789e+02
23879 3.294787e+02
23920 3.294684e+02
24010 3.294594e+02
24172 3.294561e+02
24230 3.294558e+02
24376 3.294554e+02
24398 3.294533e+02
24489 3.294511e+02
24494 3.294506e+02
24517 3.294491e+02
24532 3.294481e+02
24543 3.294451e+02
24608 3.294402e+02
24658 3.294387e+02
24737 3.294358e+02
24847 3.294292e+02
24920 3.294266e+02
24945 3.294250e+02
25002 3.294235e+02
25084 3.294195e+02
25249 3.294161e+02
25328 3.294140e+02
25362 3.294123e+02
25435 3.294099e+02
25631 3.294083e+02
25672 3.294011e+02
25841 3.294009e+02
25912 3.294000e+02
25919 3.293957e+02
26222 3.293951e+02
26242 3.293945e+02
26251 3.293901e+02
26425 3.293878e+02
26558 3.293870e+02
26576 3.293868e+02
26581 3.293859e+02
26631 3.293846e+02
26823 3.293832e+02
26848 3.293780e+02
27401 3.293765e+02
27734 3.293755e+02
27851 3.293737e+02
27916 3.293734e+02
27937 3.293728e+02
28138 3.293721e+02
28331 3.293717e+02
28346 3.293697e+02
28405 3.293692e+02
28465 3.293689e+02
28539 3.293689e+02
28765 3.293682e+02
28794 3.293674e+02
28832 3.293669e+02
28835 3.293659e+02
28837 3.293658e+02
29129 3.293650e+02
29137 3.293643e+02
29231 3.293642e+02
29287 3.293637e+02
29337 3.293637e+02
29347 3.293631e+02
29413 3.293629e+02
29448 3.293626e+02
29455 3.293625e+02
29461 3.293624e+02
29462 3.293621e+02
29499 3.293618e+02
29582 3.293608e+02
29698 3.293603e+02
29726 3.293588e+02
30022 3.293578e+02
30371 3.293576e+02
30402 3.293576e+02
30411 3.293566e+02
30475 3.293566e+02
30569 3.293563e+02
30745 3.293559e+02
30759 3.293556e+02
30804 3.293555e+02
30820 3.293555e+02
30854 3.293551e+02
31202 3.293547e+02
31213 3.293542e+02
31324 3.293541e+02
31327 3.293540e+02
31492 3.293539e+02
31581 3.293537e+02
31594 3.293535e+02
31693 3.293534e+02
31703 3.293533e+02
31738 3.293532e+02
31765 3.293530e+02
31836 3.293529e+02
31932 3.293527e+02
31990 3.293527e+02
32076 3.293526e+02
32112 3.293525e+02
32203 3.293523e+02
32325 3.293522e+02
32388 3.293520e+02
32549 3.293520e+02
32615 3.293519e+02
32629 3.293518e+02
32664 3.293518e+02
32680 3.293517e+02
32767 3.293516e+02
32898 3.293516e+02
32951 3.293515e+02
32964 3.293515e+02
32965 3.293515e+02
33001 3.293514e+02
33038 3.293514e+02
33063 3.293514e+02
33093 3.293510e+02
33170 3.293509e+02
33276 3.293509e+02
33498 3.293506e+02
33604 3.293506e+02
33818 3.293505e+02
33859 3.293504e+02
33948 3.293503e+02
34222 3.293503e+02
34274 3.293503e+02
34307 3.293502e+02
34378 3.293502e+02
34433 3.293501e+02
34592 3.293500e+02
34599 3.293500e+02
34759 3.293499e+02
34895 3.293498e+02
34921 3.293498e+02
34974 3.293497e+02
35082 3.293496e+02
35147 3.293496e+02
35152 3.293496e+02
35201 3.293495e+02
35217 3.293495e+02
35384 3.293494e+02
35776 3.293494e+02
35851 3.293494e+02
35884 3.293494e+02
35954 3.293493e+02
35996 3.293493e+02
36095 3.293493e+02
36116 3.293493e+02
36148 3.293493e+02
36194 3.293493e+02
36231 3.293493e+02
36390 3.293492e+02
36459 3.293492e+02
36477 3.293492e+02
36585 3.293492e+02
36863 3.293492e+02
36937 3.293492e+02
36938 3.293491e+02
37003 3.293491e+02
37027 3.293491e+02
37083 3.293491e+02
37113 3.293491e+02
37248 3.293490e+02
37731 3.293490e+02
37823 3.293490e+02
37991 3.293490e+02
38023 3.293490e+02
38185 3.293490e+02
38206 3.293489e+02
38393 3.293489e+02
38446 3.293489e+02
38508 3.293489e+02
38571 3.293489e+02
39089 3.293489e+02
39119 3.293489e+02
39165 3.293489e+02
39186 3.293489e+02
39251 3.293489e+02
39257 3.293489e+02
39289 3.293489e+02
39328 3.293489e+02
39332 3.293489e+02
39371 3.293488e+02
39641 3.293488e+02
39730 3.293488e+02
39851 3.293488e+02
40113 3.293488e+02
40136 3.293488e+02
40186 3.293488e+02
40766 3.293488e+02
40834 3.293488e+02
40861 3.293488e+02
40884 3.293488e+02
41018 3.293488e+02
41022 3.293488e+02
41138 3.293487e+02
41152 3.293487e+02
41289 3.293487e+02
41329 3.293487e+02
41393 3.293487e+02
41418 3.293487e+02
41487 3.293487e+02
41510 3.293487e+02
41513 3.293487e+02
41536 3.293487e+02
41573 3.293487e+02
41610 3.293487e+02
41715 3.293487e+02
41854 3.293487e+02
41855 3.293487e+02
41964 3.293487e+02
42137 3.293487e+02
42176 3.293487e+02
42208 3.293487e+02
42356 3.293487e+02
42361 3.293487e+02
42372 3.293487e+02
42392 3.293487e+02
42407 3.293487e+02
42603 3.293487e+02
42695 3.293487e+02
42741 3.293487e+02
42776 3.293487e+02
42834 3.293487e+02
42945 3.293487e+02
42966 3.293487e+02
42981 3.293487e+02
42994 3.293487e+02
43066 3.293487e+02
43128 3.293487e+02
43143 3.293487e+02
43163 3.293487e+02
43228 3.293487e+02
43277 3.293487e+02
43380 3.293487e+02
43533 3.293487e+02
43557 3.293487e+02
43576 3.293487e+02
43634 3.293487e+02
43645 3.293487e+02
43691 3.293487e+02
43697 3.293487e+02
43710 3.293487e+02
43729 3.293487e+02
43841 3.293487e+02
44027 3.293487e+02
44041 3.293487e+02
44072 3.293487e+02
44134 3.293487e+02
44181 3.293487e+02
44196 3.293487e+02
44325 3.293487e+02
44336 3.293487e+02
44347 3.293487e+02
44518 3.293487e+02
44560 3.293487e+02
44592 3.293487e+02
44609 3.293487e+02
44680 3.293487e+02
44682 3.293487e+02
44881 3.293487e+02
44952 3.293487e+02
45042 3.293487e+02
45058 3.293487e+02
45063 3.293487e+02
45067 3.293487e+02
45217 3.293487e+02
45219 3.293487e+02
45296 3.293487e+02
45527 3.293487e+02
45589 3.293487e+02
45617 3.293487e+02
45661 3.293487e+02
45691 3.293487e+02
45717 3.293487e+02
45718 3.293487e+02
45777 3.293487e+02
45783 3.293487e+02
45841 3.293487e+02
45935 3.293487e+02
45986 3.293487e+02
46019 3.293487e+02
46269 3.293487e+02
46325 3.293487e+02
46451 3.293487e+02
46676 3.293487e+02
46680 3.293487e+02
46692 3.293487e+02
46841 3.293487e+02
46989 3.293487e+02
47054 3.293487e+02
47120 3.293487e+02
47163 3.293487e+02
47299 3.293487e+02
47559 3.293487e+02
47606 3.293487e+02
47635 3.293487e+02
47787 3.293487e+02
47799 3.293487e+02
47841 3.293487e+02
47848 3.293487e+02
48114 3.293487e+02
48175 3.293487e+02
48331 3.293487e+02
48451 3.293487e+02
48511 3.293487e+02
48576 3.293487e+02
48648 3.293487e+02
48738 3.293487e+02
48758 3.293487e+02
48791 3.293487e+02
48826 3.293487e+02
48844 3.293487e+02
48908 3.293487e+02
49180 3.293487e+02
49300 3.293487e+02
49341 3.293487e+02
49361 3.293487e+02
49371 3.293487e+02
49487 3.293487e+02
49492 3.293487e+02
49656 3.293487e+02
49853 3.293487e+02
49984 3.293487e+02
50074 3.293487e+02
50444 3.293487e+02
50492 3.293487e+02
50678 3.293487e+02
50693 3.293487e+02
50810 3.293487e+02
50848 3.293487e+02
50854 3.293487e+02
51086 3.293487e+02
51121 3.293487e+02
51140 3.293487e+02
51163 3.293487e+02
51173 3.293487e+02
51206 3.293487e+02
51227 3.293487e+02
51277 3.293487e+02
51283 3.293487e+02
51323 3.293487e+02
51365 3.293487e+02
51417 3.293487e+02
51436 3.293487e+02
51485 3.293487e+02
51576 3.293487e+02
51589 3.293487e+02
51656 3.293487e+02
51677 3.293487e+02
51694 3.293487e+02
51704 3.293487e+02
51720 3.293487e+02
51737 3.293487e+02
51765 3.293487e+02
51807 3.293487e+02
51882 3.293487e+02
52564 3.293487e+02
52662 3.293487e+02
52674 3.293487e+02
52687 3.293487e+02
52775 3.293487e+02
52791 3.293487e+02
52810 3.293487e+02
52844 3.293487e+02
52896 3.293487e+02
52921 3.293487e+02
52990 3.293487e+02
52992 3.293487e+02
53102 3.293487e+02
53115 3.293487e+02
53181 3.293487e+02
53229 3.293487e+02
53294 3.293487e+02
53341 3.293487e+02
53410 3.293487e+02
53412 3.293487e+02
53414 3.293487e+02
53488 3.293487e+02
53495 3.293487e+02
53511 3.293487e+02
53603 3.293487e+02
53655 3.293487e+02
53671 3.293487e+02
53702 3.293487e+02
53720 3.293487e+02
53738 3.293487e+02
53756 3.293487e+02
53772 3.293487e+02
53784 3.293487e+02
53871 3.293487e+02
53892 3.293487e+02
53910 3.293487e+02
53993 3.293487e+02
54001 3.293487e+02
54072 3.293487e+02
54220 3.293487e+02
54266 3.293487e+02
54380 3.293487e+02
54428 3.293487e+02
54450 3.293487e+02
54453 3.293487e+02
54460 3.293487e+02
54514 3.293487e+02
54535 3.293487e+02
54573 3.293487e+02
54604 3.293487e+02
54638 3.293487e+02
54678 3.293487e+02
54708 3.293487e+02
54712 3.293487e+02
54875 3.293487e+02
54898 3.293487e+02
55000 3.293487e+02
55015 3.293487e+02
55099 3.293487e+02
55100 3.293487e+02
55114 3.293487e+02
55119 3.293487e+02
55207 3.293487e+02
55276 3.293487e+02
55292 3.293487e+02
55317 3.293487e+02
55366 3.293487e+02
55436 3.293487e+02
55437 3.293487e+02
55483 3.293487e+02
55484 3.293487e+02
55495 3.293487e+02
55614 3.293487e+02
55619 3.293487e+02
55692 3.293487e+02
55731 3.293487e+02
55732 3.293487e+02
55733 3.293487e+02
55764 3.293487e+02
55795 3.293487e+02
55837 3.293487e+02
55872 3.293487e+02
55965 3.293487e+02
56017 3.293487e+02
56057 3.293487e+02
56081 3.293487e+02
56192 3.293487e+02
56268 3.293487e+02
56328 3.293487e+02
56383 3.293487e+02
56387 3.293487e+02
56393 3.293487e+02
56433 3.293487e+02
56476 3.293487e+02
56482 3.293487e+02
56569 3.293487e+02
56649 3.293487e+02
56688 3.293487e+02
56740 3.293487e+02
56918 3.293487e+02
56920 3.293487e+02
57009 3.293487e+02
57010 3.293487e+02
57025 3.293487e+02
57053 3.293487e+02
57192 3.293487e+02
57315 3.293487e+02
57553 3.293487e+02
57583 3.293487e+02
57674 3.293487e+02
57879 3.293487e+02
58006 3.293487e+02
58070 3.293487e+02
58152 3.293487e+02
58196 3.293487e+02
58357 3.293487e+02
58571 3.293487e+02
58581 3.293487e+02
58642 3.293487e+02
58670 3.293487e+02
58811 3.293487e+02
58864 3.293487e+02
58874 3.293487e+02
58898 3.293487e+02
58953 3.293487e+02
59024 3.293487e+02
59060 3.293487e+02
59204 3.293487e+02
59392 3.293487e+02
59396 3.293487e+02
59432 3.293487e+02
59537 3.293487e+02
59820 3.293487e+02
59823 3.293487e+02
59862 3.293487e+02
59869 3.293487e+02
59974 3.293487e+02
60111 3.293487e+02
60150 3.293487e+02
60240 3.293487e+02
60275 3.293487e+02
60277 3.293487e+02
60279 3.293487e+02
60338 3.293487e+02
60395 3.293487e+02
60553 3.293487e+02
60714 3.293487e+02
60726 3.293487e+02
60963 3.293487e+02
61018 3.293487e+02
61039 3.293487e+02
61042 3.293487e+02
61050 3.293487e+02
61102 3.293487e+02
61201 3.293487e+02
61290 3.293487e+02
61313 3.293487e+02
61687 3.293487e+02
61696 3.293487e+02
61704 3.293487e+02
61729 3.293487e+02
61757 3.293487e+02
61769 3.293487e+02
61921 3.293487e+02
62027 3.293487e+02
62121 3.293487e+02
62412 3.293487e+02
62459 3.293487e+02
62501 3.293487e+02
62544 3.293487e+02
62562 3.293487e+02
62566 3.293487e+02
62631 3.293487e+02
62731 3.293487e+02
62827 3.293487e+02
63062 3.293487e+02
63139 3.293487e+02
63226 3.293487e+02
63229 3.293487e+02
63370 3.293487e+02
63499 3.293487e+02
63607 3.293487e+02
63658 3.293487e+02
63671 3.293487e+02
63684 3.293487e+02
63707 3.293487e+02
63720 3.293487e+02
63753 3.293487e+02
63952 3.293487e+02
64017 3.293487e+02
64046 3.293487e+02
64071 3.293487e+02
64165 3.293487e+02
64194 3.293487e+02
64207 3.293487e+02
64252 3.293487e+02
64301 3.293487e+02
64355 3.293487e+02
64402 3.293487e+02
64421 3.293487e+02
64456 3.293487e+02
64669 3.293487e+02
64733 3.293487e+02
64853 3.293487e+02
64880 3.293487e+02
64915 3.293487e+02
65071 3.293487e+02
65100 3.293487e+02
65229 3.293487e+02
65241 3.293487e+02
65311 3.293487e+02
65416 3.293487e+02
65501 3.293487e+02
65533 3.293487e+02
65574 3.293487e+02
65617 3.293487e+02
65656 3.293487e+02
65687 3.293487e+02
66140 3.293487e+02
66206 3.293487e+02
66476 3.293487e+02
66652 3.293487e+02
66690 3.293487e+02
66738 3.293487e+02
66783 3.293487e+02
66840 3.293487e+02
66893 3.293487e+02
66971 3.293487e+02
66977 3.293487e+02
67015 3.293487e+02
67065 3.293487e+02
67135 3.293487e+02
67138 3.293487e+02
67178 3.293487e+02
67287 3.293487e+02
67355 3.293487e+02
67376 3.293487e+02
67461 3.293487e+02
67579 3.293487e+02
67639 3.293487e+02
67669 3.293487e+02
67709 3.293487e+02
67747 3.293487e+02
67878 3.293487e+02
67890 3.293487e+02
67988 3.293487e+02
67997 3.293487e+02
68067 3.293487e+02
68281 3.293487e+02
68366 3.293487e+02
68367 3.293487e+02
68425 3.293487e+02
68445 3.293487e+02
68456 3.293487e+02
68458 3.293487e+02
68514 3.293487e+02
68537 3.293487e+02
68578 3.293487e+02
68582 3.293487e+02
68593 3.293487e+02
68691 3.293487e+02
68812 3.293487e+02
68875 3.293487e+02
68876 3.293487e+02
68950 3.293487e+02
69016 3.293487e+02
69057 3.293487e+02
69094 3.293487e+02
69132 3.293487e+02
69138 3.293487e+02
69217 3.293487e+02
69271 3.293487e+02
69306 3.293487e+02
69383 3.293487e+02
69432 3.293487e+02
69440 3.293487e+02
69522 3.293487e+02
69640 3.293487e+02
69661 3.293487e+02
69728 3.293487e+02
69730 3.293487e+02
69743 3.293487e+02
160864 3.291079e+02
160996 3.289463e+02
161209 3.288907e+02
161316 3.286837e+02
161343 3.282758e+02
161413 3.281702e+02
161532 3.277250e+02
161663 3.274911e+02
161706 3.272644e+02
161719 3.268891e+02
161848 3.268081e+02
161934 3.265859e+02
162005 3.262329e+02
162006 3.259420e+02
162425 3.257372e+02
162466 3.257294e+02
162471 3.256753e+02
162501 3.256171e+02
162534 3.252639e+02
162661 3.248679e+02
162922 3.248636e+02
162996 3.248018e+02
163077 3.244343e+02
163101 3.243657e+02
163258 3.243458e+02
163330 3.243019e+02
163382 3.241713e+02
163490 3.239185e+02
163535 3.238423e+02
163554 3.237618e+02
163623 3.237331e+02
163650 3.235725e+02
163720 3.235194e+02
163743 3.233248e+02
163927 3.230321e+02
164077 3.230128e+02
164273 3.229940e+02
164292 3.229820e+02
164299 3.229679e+02
164314 3.226201e+02
164354 3.225812e+02
164567 3.224483e+02
164851 3.223765e+02
165078 3.223762e+02
165087 3.223676e+02
165090 3.223019e+02
165125 3.221551e+02
165239 3.221549e+02
165275 3.221537e+02
165293 3.221524e+02
165300 3.221275e+02
165343 3.221216e+02
165425 3.220849e+02
165442 3.220677e+02
165496 3.220387e+02
165502 3.219484e+02
165568 3.219294e+02
165673 3.219235e+02
165677 3.219141e+02
165814 3.217229e+02
165893 3.216972e+02
166002 3.216667e+02
166077 3.215754e+02
166113 3.215544e+02
166258 3.215256e+02
166283 3.214552e+02
166348 3.214530e+02
166378 3.214479e+02
166444 3.214252e+02
166515 3.214008e+02
166534 3.212343e+02
166578 3.211102e+02
167063 3.210958e+02
167198 3.210666e+02
167252 3.210583e+02
167285 3.209736e+02
167370 3.208689e+02
167634 3.208624e+02
167664 3.208515e+02
167755 3.208510e+02
167768 3.207743e+02
167908 3.207439e+02
168061 3.206783e+02
168309 3.206741e+02
168358 3.206614e+02
168377 3.206307e+02
168394 3.206168e+02
168472 3.206041e+02
168523 3.206031e+02
168646 3.205915e+02
168647 3.205790e+02
168751 3.205470e+02
168785 3.205306e+02
168865 3.205232e+02
168915 3.205226e+02
168950 3.204964e+02
169109 3.204866e+02
169133 3.204010e+02
169304 3.204008e+02
169635 3.203622e+02
169756 3.203145e+02
169818 3.203016e+02
169827 3.202901e+02
169860 3.202345e+02
170494 3.202038e+02
170630 3.201962e+02
170693 3.201925e+02
170845 3.201778e+02
170876 3.201678e+02
171094 3.201597e+02
171122 3.201549e+02
171217 3.201517e+02
171246 3.201406e+02
171259 3.201131e+02
171505 3.200965e+02
171576 3.200922e+02
171600 3.200795e+02
171619 3.200710e+02
171627 3.200560e+02
171834 3.200526e+02
171858 3.200494e+02
171892 3.200331e+02
172163 3.200311e+02
172216 3.200300e+02
172242 3.200177e+02
172407 3.200010e+02
172424 3.199981e+02
172462 3.199871e+02
172594 3.199869e+02
172655 3.199733e+02
172700 3.199677e+02
172788 3.199642e+02
172947 3.199603e+02
172949 3.199388e+02
173556 3.199279e+02
173648 3.199259e+02
173716 3.199211e+02
173800 3.199141e+02
173883 3.199120e+02
173977 3.199079e+02
174007 3.199065e+02
174087 3.198947e+02
174578 3.198926e+02
174585 3.198911e+02
174592 3.198883e+02
174682 3.198853e+02
174687 3.198697e+02
175193 3.198677e+02
175203 3.198618e+02
175564 3.198591e+02
175619 3.198567e+02
175623 3.198530e+02
175740 3.198507e+02
175758 3.198469e+02
176041 3.198455e+02
176131 3.198442e+02
176152 3.198434e+02
176157 3.198423e+02
176211 3.198385e+02
176365 3.198339e+02
176392 3.198333e+02
176406 3.198331e+02
176621 3.198314e+02
176676 3.198284e+02
176853 3.198276e+02
176922 3.198266e+02
177054 3.198243e+02
177063 3.198225e+02
177166 3.198216e+02
177193 3.198199e+02
177290 3.198141e+02
177426 3.198105e+02
178019 3.198080e+02
178058 3.198071e+02
178183 3.198053e+02
178415 3.198040e+02
178895 3.198035e+02
178916 3.198032e+02
178948 3.198029e+02
178965 3.198014e+02
178990 3.197989e+02
179175 3.197986e+02
179285 3.197978e+02
179449 3.197966e+02
179462 3.197955e+02
179555 3.197934e+02
179585 3.197899e+02
179714 3.197895e+02
180053 3.197891e+02
180087 3.197888e+02
180205 3.197883e+02
180278 3.197871e+02
180469 3.197859e+02
180511 3.197852e+02
180563 3.197852e+02
180634 3.197847e+02
180642 3.197828e+02
180800 3.197815e+02
180970 3.197811e+02
181186 3.197807e+02
181263 3.197806e+02
181284 3.197805e+02
181308 3.197804e+02
181381 3.197798e+02
181456 3.197786e+02
181482 3.197785e+02
181483 3.197782e+02
181527 3.197776e+02
181643 3.197772e+02
181650 3.197757e+02
182115 3.197749e+02
182229 3.197749e+02
182285 3.197748e+02
182309 3.197742e+02
182524 3.197741e+02
182594 3.197741e+02
182614 3.197728e+02
182743 3.197728e+02
182807 3.197725e+02
182898 3.197724e+02
182969 3.197722e+02
182996 3.197718e+02
183019 3.197717e+02
183187 3.197712e+02
183304 3.197708e+02
183489 3.197707e+02
183545 3.197705e+02
183556 3.197704e+02
183652 3.197700e+02
183770 3.197699e+02
183831 3.197698e+02
183874 3.197696e+02
183911 3.197694e+02
184162 3.197691e+02
184224 3.197690e+02
184301 3.197690e+02
184485 3.197688e+02
184570 3.197683e+02
184954 3.197682e+02
185062 3.197681e+02
185212 3.197681e+02
185229 3.197680e+02
185346 3.197680e+02
185445 3.197679e+02
185595 3.197679e+02
185597 3.197678e+02
185614 3.197676e+02
185701 3.197675e+02
186144 3.197675e+02
186206 3.197674e+02
186253 3.197674e+02
186272 3.197673e+02
186274 3.197671e+02
186352 3.197670e+02
186526 3.197670e+02
186535 3.197670e+02
186630 3.197669e+02
186918 3.197667e+02
187325 3.197665e+02
187686 3.197665e+02
187694 3.197665e+02
187771 3.197665e+02
187823 3.197664e+02
187853 3.197662e+02
188337 3.197662e+02
188358 3.197662e+02
188535 3.197661e+02
188553 3.197661e+02
188577 3.197661e+02
188585 3.197659e+02
188735 3.197658e+02
188884 3.197658e+02
189035 3.197658e+02
189056 3.197657e+02
189067 3.197657e+02
189151 3.197656e+02
189462 3.197656e+02
189471 3.197656e+02
189487 3.197656e+02
189566 3.197655e+02
189651 3.197655e+02
189697 3.197655e+02
189753 3.197655e+02
189816 3.197654e+02
189961 3.197654e+02
190016 3.197654e+02
190043 3.197654e+02
190063 3.197654e+02
190110 3.197654e+02
190112 3.197654e+02
190144 3.197654e+02
190173 3.197653e+02
190179 3.197653e+02
190209 3.197653e+02
190251 3.197653e+02
190328 3.197653e+02
190636 3.197653e+02
190736 3.197652e+02
190742 3.197652e+02
190769 3.197652e+02
190786 3.197652e+02
190811 3.197652e+02
190842 3.197651e+02
190999 3.197651e+02
191203 3.197651e+02
191388 3.197651e+02
191401 3.197651e+02
191439 3.197650e+02
191486 3.197650e+02
191535 3.197650e+02
191615 3.197650e+02
191684 3.197650e+02
191792 3.197650e+02
192066 3.197650e+02
192146 3.197650e+02
192400 3.197650e+02
192517 3.197649e+02
192536 3.197649e+02
192555 3.197649e+02
192561 3.197649e+02
192609 3.197649e+02
192691 3.197649e+02
192717 3.197649e+02
192732 3.197649e+02
192872 3.197649e+02
192927 3.197649e+02
192930 3.197649e+02
192956 3.197649e+02
192998 3.197649e+02
193159 3.197649e+02
193251 3.197649e+02
193257 3.197649e+02
193283 3.197648e+02
193548 3.197648e+02
193656 3.197648e+02
193721 3.197648e+02
193995 3.197648e+02
194055 3.197648e+02
194131 3.197648e+02
194218 3.197648e+02
194250 3.197648e+02
194466 3.197648e+02
194468 3.197648e+02
194474 3.197648e+02
194489 3.197648e+02
194531 3.197648e+02
194598 3.197648e+02
194609 3.197648e+02
194621 3.197648e+02
194868 3.197647e+02
194911 3.197647e+02
194968 3.197647e+02
194985 3.197647e+02
195133 3.197647e+02
195138 3.197647e+02
195256 3.197647e+02
195291 3.197647e+02
195502 3.197647e+02
195520 3.197647e+02
195545 3.197647e+02
195647 3.197647e+02
195709 3.197647e+02
195768 3.197647e+02
195791 3.197647e+02
195802 3.197647e+02
195885 3.197647e+02
195965 3.197647e+02
195969 3.197647e+02
196027 3.197647e+02
196041 3.197647e+02
196140 3.197647e+02
196205 3.197647e+02
196227 3.197647e+02
196360 3.197647e+02
196386 3.197647e+02
196392 3.197647e+02
196452 3.197647e+02
196510 3.197647e+02
196524 3.197647e+02
196591 3.197647e+02
196614 3.197647e+02
196699 3.197647e+02
196750 3.197647e+02
196784 3.197647e+02
196860 3.197647e+02
196870 3.197647e+02
196939 3.197647e+02
196987 3.197647e+02
197113 3.197647e+02
197137 3.197647e+02
197281 3.197647e+02
197311 3.197647e+02
197319 3.197647e+02
197373 3.197647e+02
197491 3.197647e+02
197514 3.197647e+02
197626 3.197647e+02
197630 3.197647e+02
197645 3.197647e+02
197678 3.197647e+02
197695 3.197647e+02
197978 3.197647e+02
198007 3.197647e+02
198031 3.197647e+02
198127 3.197647e+02
198150 3.197647e+02
198154 3.197647e+02
198179 3.197647e+02
198196 3.197647e+02
198281 3.197647e+02
198282 3.197647e+02
198326 3.197647e+02
198340 3.197647e+02
198341 3.197647e+02
198389 3.197647e+02
198424 3.197647e+02
198512 3.197647e+02
198524 3.197647e+02
198565 3.197647e+02
198569 3.197647e+02
198583 3.197647e+02
198607 3.197647e+02
198644 3.197647e+02
198758 3.197647e+02
198811 3.197647e+02
198997 3.197647e+02
199124 3.197647e+02
199130 3.197647e+02
199431 3.197647e+02
199478 3.197647e+02
199479 3.197647e+02
199536 3.197647e+02
199593 3.197647e+02
199667 3.197647e+02
199984 3.197647e+02
200036 3.197647e+02
200060 3.197647e+02
200121 3.197647e+02
200283 3.197647e+02
200301 3.197647e+02
200302 3.197647e+02
200306 3.197647e+02
200350 3.197647e+02
200530 3.197647e+02
200536 3.197647e+02
200552 3.197647e+02
200589 3.197647e+02
200611 3.197647e+02
200760 3.197647e+02
200907 3.197647e+02
201038 3.197647e+02
201169 3.197647e+02
201208 3.197647e+02
201397 3.197647e+02
201464 3.197647e+02
201582 3.197647e+02
201667 3.197647e+02
201692 3.197647e+02
201706 3.197647e+02
201816 3.197647e+02
201821 3.197647e+02
201875 3.197647e+02
201935 3.197647e+02
201937 3.197647e+02
202304 3.197647e+02
202314 3.197647e+02
202384 3.197647e+02
202439 3.197647e+02
202445 3.197647e+02
202514 3.197647e+02
202601 3.197647e+02
202760 3.197647e+02
202855 3.197647e+02
202883 3.197647e+02
202907 3.197647e+02
202942 3.197647e+02
203027 3.197647e+02
203221 3.197647e+02
203239 3.197647e+02
203287 3.197647e+02
203353 3.197647e+02
203359 3.197647e+02
203364 3.197647e+02
203432 3.197647e+02
203438 3.197647e+02
203486 3.197647e+02
203542 3.197647e+02
203943 3.197647e+02
203945 3.197647e+02
203951 3.197647e+02
204022 3.197647e+02
204216 3.197647e+02
204254 3.197647e+02
204294 3.197647e+02
204410 3.197647e+02
204464 3.197647e+02
204466 3.197647e+02
204479 3.197647e+02
204497 3.197647e+02
204631 3.197647e+02
204658 3.197647e+02
204738 3.197647e+02
204764 3.197647e+02
204808 3.197647e+02
204825 3.197647e+02
204885 3.197647e+02
204906 3.197647e+02
204949 3.197647e+02
204950 3.197647e+02
205090 3.197647e+02
205179 3.197647e+02
205227 3.197647e+02
205242 3.197647e+02
205264 3.197647e+02
205278 3.197647e+02
205554 3.197647e+02
205605 3.197647e+02
205682 3.197647e+02
205714 3.197647e+02
205973 3.197647e+02
205977 3.197647e+02
205989 3.197647e+02
206065 3.197647e+02
206317 3.197647e+02
206343 3.197647e+02
206352 3.197647e+02
206370 3.197647e+02
206385 3.197647e+02
206406 3.197647e+02
206421 3.197647e+02
206486 3.197647e+02
206519 3.197647e+02
206553 3.197647e+02
206596 3.197647e+02
206599 3.197647e+02
206612 3.197647e+02
206644 3.197647e+02
206684 3.197647e+02
206690 3.197647e+02
206691 3.197647e+02
206834 3.197647e+02
206871 3.197647e+02
206914 3.197647e+02
206975 3.197647e+02
207003 3.197647e+02
207204 3.197647e+02
207214 3.197647e+02
207224 3.197647e+02
207258 3.197647e+02
207276 3.197647e+02
207303 3.197647e+02
207362 3.197647e+02
207368 3.197647e+02
207388 3.197647e+02
207568 3.197647e+02
207577 3.197647e+02
207620 3.197647e+02
207731 3.197647e+02
207732 3.197647e+02
207767 3.197647e+02
208084 3.197647e+02
208146 3.197647e+02
208266 3.197647e+02
208345 3.197647e+02
208372 3.197647e+02
208378 3.197647e+02
208478 3.197647e+02
208531 3.197647e+02
208554 3.197647e+02
208591 3.197647e+02
208634 3.197647e+02
208682 3.197647e+02
208741 3.197647e+02
208792 3.197647e+02
208912 3.197647e+02
208936 3.197647e+02
208942 3.197647e+02
208963 3.197647e+02
209010 3.197647e+02
209050 3.197647e+02
209487 3.197647e+02
209671 3.197647e+02
209851 3.197647e+02
209926 3.197647e+02
209973 3.197647e+02
210260 3.197647e+02
210349 3.197647e+02
210420 3.197647e+02
210488 3.197647e+02
210589 3.197647e+02
210600 3.197647e+02
210676 3.197647e+02
210684 3.197647e+02
210721 3.197647e+02
210723 3.197647e+02
210747 3.197647e+02
210765 3.197647e+02
210814 3.197647e+02
210875 3.197647e+02
210968 3.197647e+02
210981 3.197647e+02
210998 3.197647e+02
211176 3.197647e+02
211292 3.197647e+02
211326 3.197647e+02
211378 3.197647e+02
211383 3.197647e+02
211444 3.197647e+02
211503 3.197647e+02
211566 3.197647e+02
211634 3.197647e+02
211679 3.197647e+02
211769 3.197647e+02
211903 3.197647e+02
211928 3.197647e+02
212003 3.197647e+02
212030 3.197647e+02
212047 3.197647e+02
212048 3.197647e+02
212049 3.197647e+02
212106 3.197647e+02
212252 3.197647e+02
212254 3.197647e+02
212283 3.197647e+02
212417 3.197647e+02
212488 3.197647e+02
212512 3.197647e+02
212577 3.197647e+02
212578 3.197647e+02
212630 3.197647e+02
212681 3.197647e+02
212896 3.197647e+02
212914 3.197647e+02
212980 3.197647e+02
213012 3.197647e+02
213179 3.197647e+02
213326 3.197647e+02
213354 3.197647e+02
213376 3.197647e+02
213465 3.197647e+02
213491 3.197647e+02
213573 3.197647e+02
213624 3.197647e+02
213676 3.197647e+02
213703 3.197647e+02
213722 3.197647e+02
213754 3.197647e+02
213833 3.197647e+02
213885 3.197647e+02
213946 3.197647e+02
213978 3.197647e+02
214009 3.197647e+02
214086 3.197647e+02
214184 3.197647e+02
214221 3.197647e+02
214258 3.197647e+02
214336 3.197647e+02
214344 3.197647e+02
214351 3.197647e+02
214353 3.197647e+02
214378 3.197647e+02
214393 3.197647e+02
214413 3.197647e+02
214421 3.197647e+02
214530 3.197647e+02
214585 3.197647e+02
214604 3.197647e+02
214803 3.197647e+02
214819 3.197647e+02
214954 3.197647e+02
214976 3.197647e+02
215005 3.197647e+02
215069 3.197647e+02
215111 3.197647e+02
215149 3.197647e+02
215161 3.197647e+02
215191 3.197647e+02
215492 3.197647e+02
215606 3.197647e+02
215687 3.197647e+02
215748 3.197647e+02
215772 3.197647e+02
215866 3.197647e+02
215976 3.197647e+02
215988 3.197647e+02
215989 3.197647e+02
216003 3.197647e+02
216011 3.197647e+02
216105 3.197647e+02
216222 3.197647e+02
216264 3.197647e+02
216281 3.197647e+02
216287 3.197647e+02
216440 3.197647e+02
216526 3.197647e+02
216575 3.197647e+02
216582 3.197647e+02
216768 3.197647e+02
216790 3.197647e+02
216803 3.197647e+02
216827 3.197647e+02
216921 3.197647e+02
216927 3.197647e+02
217016 3.197647e+02
217022 3.197647e+02
217036 3.197647e+02
217039 3.197647e+02
217088 3.197647e+02
217115 3.197647e+02
217320 3.197647e+02
217326 3.197647e+02
217367 3.197647e+02
217376 3.197647e+02
217410 3.197647e+02
217512 3.197647e+02
217536 3.197647e+02
217589 3.197647e+02
217660 3.197647e+02
217810 3.197647e+02
217903 3.197647e+02
218094 3.197647e+02
218167 3.197647e+02
218196 3.197647e+02
218207 3.197647e+02
218276 3.197647e+02
218289 3.197647e+02
218367 3.197647e+02
218464 3.197647e+02
218487 3.197647e+02
218502 3.197647e+02
218506 3.197647e+02
218666 3.197647e+02
218761 3.197647e+02
218818 3.197647e+02
219172 3.197647e+02
219344 3.197647e+02
219426 3.197647e+02
219428 3.197647e+02
219460 3.197647e+02
219611 3.197647e+02
219662 3.197647e+02
219706 3.197647e+02
219712 3.197647e+02
219782 3.197647e+02
219860 3.197647e+02
220290 3.197647e+02
220375 3.197647e+02
220398 3.197647e+02
220451 3.197647e+02
220482 3.197647e+02
220557 3.197647e+02
220665 3.197647e+02
220681 3.197647e+02
220723 3.197647e+02
220738 3.197647e+02
220762 3.197647e+02
220800 3.197647e+02
220816 3.197647e+02
220945 3.197647e+02
220954 3.197647e+02
220973 3.197647e+02
221116 3.197647e+02
221166 3.197647e+02
221267 3.197647e+02
221353 3.197647e+02
221569 3.197647e+02
221602 3.197647e+02
221638 3.197647e+02
221682 3.197647e+02
221748 3.197647e+02
221749 3.197647e+02
221864 3.197647e+02
222027 3.197647e+02
222098 3.197647e+02
222104 3.197647e+02
222116 3.197647e+02
222186 3.197647e+02
222195 3.197647e+02
222218 3.197647e+02
222292 3.197647e+02
222519 3.197647e+02
222620 3.197647e+02
222684 3.197647e+02
222695 3.197647e+02
222769 3.197647e+02
222904 3.197647e+02
222995 3.197647e+02
223027 3.197647e+02
223159 3.197647e+02
223272 3.197647e+02
223694 3.197647e+02
223902 3.197647e+02
223930 3.197647e+02
223950 3.197647e+02
224097 3.197647e+02
224131 3.197647e+02
224221 3.197647e+02
224273 3.197647e+02
224428 3.197647e+02
224436 3.197647e+02
224477 3.197647e+02
224486 3.197647e+02
224678 3.197647e+02
224762 3.197647e+02
225093 3.197647e+02
225124 3.197647e+02
225188 3.197647e+02
225298 3.197647e+02
225333 3.197647e+02
225434 3.197647e+02
225443 3.197647e+02
225494 3.197647e+02
225498 3.197647e+02
225546 3.197647e+02
225559 3.197647e+02
225693 3.197647e+02
225751 3.197647e+02
225828 3.197647e+02
225907 3.197647e+02
225915 3.197647e+02
225942 3.197647e+02
225970 3.197647e+02
226051 3.197647e+02
226083 3.197647e+02
226084 3.197647e+02
226219 3.197647e+02
226222 3.197647e+02
226263 3.197647e+02
226301 3.197647e+02
226333 3.197647e+02
226355 3.197647e+02
226472 3.197647e+02
226529 3.197647e+02
226551 3.197647e+02
226574 3.197647e+02
226633 3.197647e+02
226646 3.197647e+02
226683 3.197647e+02
226703 3.197647e+02
226753 3.197647e+02
226812 3.197647e+02
226977 3.197647e+02
227021 3.197647e+02
227324 3.197647e+02
227336 3.197647e+02
227372 3.197647e+02
227515 3.197647e+02
227535 3.197647e+02
227776 3.197647e+02
228003 3.197647e+02
228015 3.197647e+02
228030 3.197647e+02
228049 3.197647e+02
228073 3.197647e+02
228110 3.197647e+02
228135 3.197647e+02
228234 3.197647e+02
228237 3.197647e+02
228246 3.197647e+02
228275 3.197647e+02
228375 3.197647e+02
228414 3.197647e+02
228436 3.197647e+02
228437 3.197647e+02
228477 3.197647e+02
228519 3.197647e+02
228703 3.197647e+02
228713 3.197647e+02
228886 3.197647e+02
228905 3.197647e+02
228927 3.197647e+02
228942 3.197647e+02
229002 3.197647e+02
229051 3.197647e+02
229091 3.197647e+02
229122 3.197647e+02
229133 3.197647e+02
229203 3.197647e+02
229219 3.197647e+02
229280 3.197647e+02
229301 3.197647e+02
229473 3.197647e+02
229496 3.197647e+02
229638 3.197647e+02
229661 3.197647e+02
229674 3.197647e+02
229739 3.197647e+02
230012 3.197647e+02
230130 3.197647e+02
230148 3.197647e+02
230159 3.197647e+02
230162 3.197647e+02
230182 3.197647e+02
230294 3.197647e+02
230306 3.197647e+02
230350 3.197647e+02
230391 3.197647e+02
230393 3.197647e+02
230403 3.197647e+02
230430 3.197647e+02
230611 3.197647e+02
230627 3.197647e+02
230669 3.197647e+02
230694 3.197647e+02
230707 3.197647e+02
230741 3.197647e+02
230749 3.197647e+02
230773 3.197647e+02
230774 3.197647e+02
231009 3.197647e+02
231103 3.197647e+02
231113 3.197647e+02
231142 3.197647e+02
231146 3.197647e+02
231307 3.197647e+02
231352 3.197647e+02
231376 3.197647e+02
231403 3.197647e+02
231443 3.197647e+02
253076 3.196821e+02
253616 3.190537e+02
253974 3.180764e+02
254020 3.179841e+02
254122 3.178178e+02
254249 3.168656e+02
254815 3.168444e+02
254951 3.160640e+02
255587 3.151611e+02
255993 3.149808e+02
256012 3.149317e+02
256497 3.138094e+02
257542 3.133335e+02
257910 3.132348e+02
257940 3.130462e+02
257946 3.126470e+02
257950 3.123981e+02
258237 3.119417e+02
258246 3.117891e+02
258403 3.116411e+02
258502 3.115581e+02
258765 3.115427e+02
259283 3.112924e+02
259479 3.109711e+02
259664 3.107956e+02
260216 3.107827e+02
260454 3.102038e+02
261049 3.100187e+02
261081 3.098840e+02
261202 3.096190e+02
261209 3.088946e+02
262220 3.086849e+02
262618 3.085207e+02
262745 3.083064e+02
262879 3.080089e+02
262951 3.078135e+02
263013 3.076455e+02
263183 3.075825e+02
263274 3.070734e+02
263345 3.066961e+02
264144 3.066332e+02
264495 3.064672e+02
264575 3.064070e+02
264761 3.061488e+02
264900 3.061460e+02
264957 3.060971e+02
264998 3.060274e+02
265360 3.059834e+02
265462 3.059654e+02
265521 3.058333e+02
265833 3.057976e+02
265851 3.056374e+02
265873 3.056339e+02
265891 3.056140e+02
265954 3.054460e+02
266038 3.053977e+02
266254 3.052642e+02
267550 3.049405e+02
268998 3.047397e+02
269330 3.044951e+02
270216 3.044456e+02
270262 3.044098e+02
270297 3.043688e+02
270358 3.043413e+02
270787 3.043267e+02
270811 3.043069e+02
270859 3.042497e+02
270942 3.042337e+02
270992 3.041587e+02
271038 3.040835e+02
271578 3.039735e+02
272918 3.039262e+02
273127 3.038849e+02
273414 3.038830e+02
273503 3.037466e+02
273636 3.036509e+02
273821 3.035234e+02
274038 3.033990e+02
274386 3.033585e+02
274629 3.033413e+02
274651 3.032772e+02
274985 3.032304e+02
275599 3.031897e+02
275670 3.031602e+02
276153 3.031494e+02
276714 3.031194e+02
276782 3.030472e+02
276933 3.030277e+02
276993 3.029835e+02
277254 3.029828e+02
277259 3.028369e+02
278085 3.028085e+02
278388 3.028057e+02
278435 3.027679e+02
278629 3.027586e+02
278779 3.027531e+02
278816 3.027435e+02
278824 3.027303e+02
278925 3.027100e+02
278959 3.026891e+02
278982 3.026749e+02
279097 3.026071e+02
279901 3.025681e+02
280255 3.025659e+02
280303 3.025476e+02
280598 3.025310e+02
280992 3.025120e+02
281644 3.025011e+02
281813 3.024825e+02
281838 3.024781e+02
281894 3.024497e+02
282434 3.024284e+02
282555 3.024191e+02
282558 3.024182e+02
282566 3.023889e+02
282938 3.023588e+02
283304 3.023466e+02
284043 3.023448e+02
284044 3.023393e+02
284163 3.023260e+02
284264 3.023120e+02
284312 3.022920e+02
284712 3.022875e+02
284821 3.022756e+02
284927 3.022578e+02
285167 3.022427e+02
286000 3.022402e+02
286006 3.022360e+02
286049 3.022104e+02
286527 3.022098e+02
286558 3.021695e+02
287353 3.021663e+02
287756 3.021589e+02
287959 3.021492e+02
288555 3.021488e+02
288589 3.021417e+02
288628 3.021372e+02
288909 3.021236e+02
289043 3.020978e+02
290925 3.020957e+02
291117 3.020881e+02
291445 3.020754e+02
291658 3.020690e+02
292115 3.020592e+02
292189 3.020525e+02
292358 3.020521e+02
292458 3.020497e+02
292529 3.020446e+02
292533 3.020418e+02
293237 3.020297e+02
293789 3.020238e+02
294012 3.020236e+02
294188 3.020223e+02
294433 3.020151e+02
294728 3.020147e+02
294781 3.020086e+02
294994 3.019993e+02
295642 3.019970e+02
295679 3.019969e+02
295902 3.019896e+02
296383 3.019857e+02
296417 3.019854e+02
296609 3.019821e+02
297580 3.019785e+02
297988 3.019784e+02
298017 3.019753e+02
298227 3.019707e+02
298526 3.019701e+02
298679 3.019683e+02
298691 3.019644e+02
299076 3.019616e+02
299444 3.019599e+02
300109 3.019599e+02
300240 3.019596e+02
300330 3.019555e+02
300542 3.019552e+02
300872 3.019548e+02
300968 3.019547e+02
301196 3.019521e+02
301271 3.019519e+02
301487 3.019498e+02
301519 3.019431e+02
302627 3.019423e+02
302634 3.019422e+02
302929 3.019412e+02
303037 3.019313e+02
303962 3.019294e+02
304740 3.019286e+02
305342 3.019277e+02
305702 3.019267e+02
305781 3.019266e+02
305796 3.019259e+02
306293 3.019224e+02
306502 3.019212e+02
306599 3.019187e+02
306979 3.019182e+02
307381 3.019178e+02
307465 3.019156e+02
307718 3.019125e+02
308220 3.019113e+02
308489 3.019110e+02
308983 3.019107e+02
309174 3.019102e+02
309244 3.019071e+02
310086 3.019066e+02
310705 3.019062e+02
310713 3.019056e+02
310754 3.019056e+02
310762 3.019051e+02
310907 3.019046e+02
311207 3.019027e+02
311498 3.019026e+02
311598 3.019024e+02
311704 3.019019e+02
312137 3.019016e+02
312459 3.019012e+02
312677 3.019007e+02
312678 3.019001e+02
312702 3.019000e+02
312828 3.018991e+02
313008 3.018981e+02
313463 3.018980e+02
313491 3.018979e+02
313575 3.018969e+02
313861 3.018968e+02
314132 3.018964e+02
314653 3.018961e+02
314771 3.018958e+02
314790 3.018932e+02
316019 3.018929e+02
316124 3.018927e+02
316215 3.018923e+02
316361 3.018922e+02
316461 3.018919e+02
316977 3.018914e+02
317395 3.018913e+02
317665 3.018907e+02
317710 3.018903e+02
318719 3.018895e+02
319101 3.018894e+02
319177 3.018893e+02
319217 3.018893e+02
319238 3.018890e+02
319668 3.018888e+02
319714 3.018888e+02
319801 3.018887e+02
319879 3.018883e+02
319926 3.018883e+02
319989 3.018882e+02
320022 3.018879e+02
320195 3.018878e+02
320320 3.018875e+02
320694 3.018872e+02
321383 3.018870e+02
321391 3.018869e+02
321431 3.018868e+02
321458 3.018866e+02
321699 3.018859e+02
322937 3.018856e+02
323331 3.018856e+02
323458 3.018855e+02
323577 3.018851e+02
323725 3.018850e+02
324298 3.018849e+02
324794 3.018847e+02
324829 3.018847e+02
325079 3.018846e+02
325157 3.018845e+02
325191 3.018843e+02
325736 3.018843e+02
325986 3.018843e+02
326254 3.018839e+02
326814 3.018839e+02
326848 3.018839e+02
326865 3.018839e+02
327076 3.018838e+02
327391 3.018835e+02
327710 3.018833e+02
328123 3.018833e+02
328685 3.018832e+02
328697 3.018832e+02
328779 3.018830e+02
328980 3.018830e+02
329250 3.018829e+02
329369 3.018828e+02
329423 3.018828e+02
329487 3.018826e+02
329507 3.018825e+02
330905 3.018824e+02
331445 3.018824e+02
331696 3.018823e+02
332003 3.018822e+02
332043 3.018821e+02
332264 3.018820e+02
332574 3.018819e+02
332960 3.018818e+02
332977 3.018818e+02
333091 3.018817e+02
333149 3.018817e+02
333194 3.018817e+02
333223 3.018817e+02
333481 3.018815e+02
333668 3.018815e+02
333879 3.018814e+02
334005 3.018814e+02
334442 3.018814e+02
334565 3.018814e+02
334629 3.018814e+02
334666 3.018814e+02
334815 3.018813e+02
334857 3.018812e+02
335010 3.018812e+02
335132 3.018812e+02
335244 3.018809e+02
335699 3.018809e+02
335807 3.018809e+02
336276 3.018808e+02
336505 3.018807e+02
336816 3.018807e+02
336898 3.018807e+02
336908 3.018807e+02
337077 3.018806e+02
337296 3.018806e+02
337394 3.018805e+02
337624 3.018805e+02
337879 3.018804e+02
338004 3.018804e+02
338067 3.018804e+02
338173 3.018804e+02
338582 3.018804e+02
338678 3.018803e+02
338739 3.018803e+02
338940 3.018803e+02
339049 3.018803e+02
339140 3.018803e+02
339333 3.018802e+02
339362 3.018802e+02
339459 3.018802e+02
340023 3.018802e+02
340144 3.018802e+02
340202 3.018801e+02
340238 3.018801e+02
340465 3.018801e+02
340931 3.018801e+02
341099 3.018800e+02
341159 3.018800e+02
341357 3.018800e+02
341393 3.018800e+02
342765 3.018800e+02
342911 3.018800e+02
343012 3.018799e+02
343068 3.018799e+02
343290 3.018799e+02
343723 3.018799e+02
343982 3.018798e+02
344826 3.018798e+02
345753 3.018798e+02
345768 3.018798e+02
346101 3.018798e+02
346143 3.018798e+02
346164 3.018798e+02
346212 3.018798e+02
346276 3.018798e+02
346299 3.018798e+02
346406 3.018797e+02
346533 3.018797e+02
346774 3.018797e+02
346991 3.018797e+02
347099 3.018797e+02
347205 3.018797e+02
347278 3.018797e+02
347529 3.018797e+02
347891 3.018797e+02
348014 3.018797e+02
348074 3.018796e+02
349196 3.018796e+02
349241 3.018796e+02
349318 3.018796e+02
349480 3.018796e+02
349586 3.018796e+02
349918 3.018796e+02
349964 3.018796e+02
350065 3.018796e+02
350292 3.018796e+02
350334 3.018796e+02
350428 3.018796e+02
350438 3.018796e+02
351047 3.018796e+02
351413 3.018796e+02
351525 3.018796e+02
351629 3.018796e+02
351639 3.018796e+02
351780 3.018796e+02
351830 3.018796e+02
352066 3.018796e+02
352153 3.018796e+02
352678 3.018796e+02
353364 3.018796e+02
353448 3.018796e+02
353605 3.018796e+02
353762 3.018796e+02
353950 3.018796e+02
354009 3.018796e+02
354673 3.018796e+02
354806 3.018796e+02
354854 3.018796e+02
355674 3.018796e+02
355769 3.018796e+02
356555 3.018796e+02
356627 3.018796e+02
357037 3.018796e+02
357053 3.018796e+02
357099 3.018796e+02
357126 3.018796e+02
357159 3.018796e+02
357257 3.018796e+02
357277 3.018796e+02
357281 3.018796e+02
357431 3.018796e+02
357584 3.018796e+02
357634 3.018796e+02
357953 3.018796e+02
357988 3.018796e+02
358135 3.018795e+02
358163 3.018795e+02
358475 3.018795e+02
358626 3.018795e+02
358840 3.018795e+02
358860 3.018795e+02
358925 3.018795e+02
358977 3.018795e+02
359316 3.018795e+02
359345 3.018795e+02
359460 3.018795e+02
359698 3.018795e+02
359700 3.018795e+02
360233 3.018795e+02
360337 3.018795e+02
360586 3.018795e+02
360728 3.018795e+02
360745 3.018795e+02
361107 3.018795e+02
361291 3.018795e+02
361864 3.018795e+02
362088 3.018795e+02
362216 3.018795e+02
362325 3.018795e+02
362333 3.018795e+02
362454 3.018795e+02
362554 3.018795e+02
362618 3.018795e+02
362689 3.018795e+02
362827 3.018795e+02
362828 3.018795e+02
362894 3.018795e+02
363215 3.018795e+02
363414 3.018795e+02
363447 3.018795e+02
363555 3.018795e+02
363577 3.018795e+02
363614 3.018795e+02
363712 3.018795e+02
363809 3.018795e+02
363841 3.018795e+02
363855 3.018795e+02
363948 3.018795e+02
363949 3.018795e+02
364042 3.018795e+02
364102 3.018795e+02
364113 3.018795e+02
365010 3.018795e+02
365046 3.018795e+02
365065 3.018795e+02
365179 3.018795e+02
365246 3.018795e+02
365276 3.018795e+02
365404 3.018795e+02
365438 3.018795e+02
365686 3.018795e+02
365728 3.018795e+02
365963 3.018795e+02
366131 3.018795e+02
366212 3.018795e+02
366314 3.018795e+02
366391 3.018795e+02
366497 3.018795e+02
366503 3.018795e+02
366525 3.018795e+02
366559 3.018795e+02
366585 3.018795e+02
366612 3.018795e+02
366683 3.018795e+02
366752 3.018795e+02
366869 3.018795e+02
366929 3.018795e+02
367165 3.018795e+02
367287 3.018795e+02
367693 3.018795e+02
367861 3.018795e+02
367926 3.018795e+02
368000 3.018795e+02
368037 3.018795e+02
368085 3.018795e+02
368309 3.018795e+02
368365 3.018795e+02
368563 3.018795e+02
368752 3.018795e+02
369025 3.018795e+02
369077 3.018795e+02
369263 3.018795e+02
369290 3.018795e+02
369392 3.018795e+02
369525 3.018795e+02
369556 3.018795e+02
369693 3.018795e+02
369718 3.018795e+02
369869 3.018795e+02
369871 3.018795e+02
369930 3.018795e+02
370065 3.018795e+02
370606 3.018795e+02
370608 3.018795e+02
370953 3.018795e+02
371000 3.018795e+02
371150 3.018795e+02
371267 3.018795e+02
371403 3.018795e+02
371433 3.018795e+02
371548 3.018795e+02
371603 3.018795e+02
371766 3.018795e+02
372088 3.018795e+02
372255 3.018795e+02
372516 3.018795e+02
372540 3.018795e+02
372605 3.018795e+02
372619 3.018795e+02
372755 3.018795e+02
372849 3.018795e+02
372862 3.018795e+02
372879 3.018795e+02
426419 3.017169e+02
426779 3.017017e+02
427023 3.016499e+02
427410 3.015948e+02
427643 3.015823e+02
427696 3.014548e+02
428223 3.014056e+02
428414 3.013318e+02
428504 3.012497e+02
429123 3.010123e+02
431413 3.010038e+02
431445 3.009990e+02
431488 3.009939e+02
431955 3.009160e+02
432364 3.009001e+02
433330 3.008902e+02
433351 3.008862e+02
433584 3.008843e+02
433645 3.008713e+02
433802 3.008673e+02
433905 3.008660e+02
434126 3.008607e+02
434188 3.008590e+02
434208 3.007894e+02
434299 3.007740e+02
434750 3.007619e+02
434839 3.007176e+02
436235 3.006916e+02
436430 3.006796e+02
436605 3.006545e+02
436905 3.006246e+02
437165 3.005757e+02
437784 3.005705e+02
438598 3.005343e+02
438732 3.005335e+02
438854 3.005197e+02
439026 3.005094e+02
439268 3.005067e+02
440069 3.004723e+02
440080 3.004655e+02
440589 3.004634e+02
440998 3.004523e+02
441060 3.004349e+02
441276 3.004326e+02
441356 3.003929e+02
441753 3.003831e+02
442250 3.003297e+02
443435 3.003144e+02
444118 3.002892e+02
444262 3.002852e+02
444679 3.002700e+02
445271 3.002614e+02
445485 3.002541e+02
445804 3.002306e+02
446412 3.002295e+02
446445 3.002195e+02
446576 3.002036e+02
448492 3.001947e+02
448493 3.001821e+02
449336 3.001785e+02
450002 3.001762e+02
450343 3.001748e+02
450571 3.001742e+02
450687 3.001644e+02
450925 3.001612e+02
450998 3.001608e+02
451309 3.001597e+02
451378 3.001544e+02
451391 3.001501e+02
451861 3.001499e+02
451882 3.001495e+02
452114 3.001491e+02
452185 3.001404e+02
452655 3.001298e+02
453245 3.001256e+02
453485 3.001233e+02
453610 3.001220e+02
453754 3.001192e+02
453881 3.001182e+02
454105 3.001073e+02
454437 3.001064e+02
454596 3.001032e+02
454679 3.000954e+02
455398 3.000946e+02
455478 3.000943e+02
455492 3.000940e+02
455673 3.000918e+02
455747 3.000915e+02
455859 3.000902e+02
456138 3.000830e+02
457025 3.000797e+02
457440 3.000791e+02
457583 3.000749e+02
457650 3.000741e+02
458211 3.000705e+02
458279 3.000689e+02
458776 3.000688e+02
458913 3.000685e+02
459082 3.000684e+02
459143 3.000649e+02
459308 3.000639e+02
459527 3.000581e+02
460898 3.000578e+02
461013 3.000536e+02
461312 3.000535e+02
461555 3.000519e+02
462352 3.000480e+02
463463 3.000470e+02
463639 3.000463e+02
463891 3.000446e+02
464031 3.000426e+02
464327 3.000390e+02
465131 3.000387e+02
465639 3.000385e+02
466037 3.000375e+02
466119 3.000373e+02
466307 3.000338e+02
466876 3.000334e+02
467972 3.000318e+02
468120 3.000306e+02
468327 3.000298e+02
468671 3.000284e+02
468810 3.000282e+02
469303 3.000278e+02
469330 3.000274e+02
469345 3.000266e+02
469645 3.000265e+02
469794 3.000262e+02
469798 3.000261e+02
470234 3.000246e+02
470658 3.000241e+02
471283 3.000226e+02
471717 3.000222e+02
472351 3.000198e+02
473319 3.000197e+02
473636 3.000196e+02
473743 3.000195e+02
473817 3.000189e+02
473852 3.000177e+02
474305 3.000177e+02
474414 3.000174e+02
474642 3.000168e+02
474688 3.000162e+02
474994 3.000157e+02
475089 3.000152e+02
476589 3.000150e+02
476766 3.000149e+02
477025 3.000148e+02
477029 3.000136e+02
477215 3.000133e+02
477278 3.000132e+02
477624 3.000124e+02
478037 3.000119e+02
478237 3.000118e+02
478411 3.000116e+02
478539 3.000113e+02
478663 3.000106e+02
479457 3.000102e+02
479682 3.000102e+02
479836 3.000101e+02
480003 3.000101e+02
480055 3.000099e+02
480073 3.000090e+02
480409 3.000082e+02
481592 3.000081e+02
481715 3.000081e+02
482106 3.000078e+02
482197 3.000078e+02
482351 3.000073e+02
482612 3.000069e+02
482846 3.000069e+02
482870 3.000064e+02
484201 3.000061e+02
484326 3.000056e+02
484995 3.000054e+02
485376 3.000053e+02
485590 3.000053e+02
485633 3.000050e+02
486104 3.000047e+02
486427 3.000045e+02
486507 3.000044e+02
486745 3.000044e+02
486814 3.000044e+02
487381 3.000043e+02
487483 3.000042e+02
487726 3.000041e+02
487812 3.000035e+02
488399 3.000034e+02
488791 3.000034e+02
488916 3.000033e+02
489025 3.000033e+02
489318 3.000031e+02
489933 3.000031e+02
490321 3.000031e+02
490686 3.000030e+02
490805 3.000026e+02
491819 3.000026e+02
491821 3.000025e+02
491846 3.000024e+02
492023 3.000024e+02
492027 3.000024e+02
492299 3.000024e+02
492317 3.000023e+02
492345 3.000023e+02
492565 3.000022e+02
493058 3.000019e+02
494607 3.000018e+02
495283 3.000017e+02
495360 3.000017e+02
495621 3.000016e+02
496186 3.000016e+02
496237 3.000016e+02
496333 3.000015e+02
496703 3.000014e+02
496820 3.000014e+02
496958 3.000014e+02
497823 3.000014e+02
498062 3.000014e+02
498140 3.000013e+02
498598 3.000012e+02
499147 3.000011e+02
