1 7.654600e+33
2 1.497614e+30
3 7.590664e+24
14 5.567642e+23
15 2.711097e+18
484 2.088092e+18
553 2.851366e+17
562 1.129153e+17
587 1.614743e+16
745 1.571826e+16
756 9.045604e+12
809 1.971120e+12
926 1.002571e+12
1027 3.239226e+11
1307 2.023335e+11
1350 9.678083e+10
1570 6.728456e+10
1596 6.664959e+10
1611 6.057943e+10
1696 5.734906e+10
1736 5.323500e+10
1918 4.819976e+10
1986 4.637525e+10
2034 4.093822e+10
2059 3.757923e+10
2229 2.864852e+10
2538 2.789041e+10
2548 2.241361e+10
2608 1.924164e+10
2704 1.915635e+10
2717 1.913197e+10
2740 1.856356e+10
2748 1.791439e+10
2752 1.559185e+10
2780 1.320721e+10
3003 1.256296e+10
3059 8.327197e+09
3138 7.363628e+09
3237 6.442562e+09
3299 3.283271e+09
3733 2.365808e+09
3852 2.095933e+09
3930 2.074827e+09
4025 1.572719e+09
4029 1.431168e+09
4037 1.357474e+09
4179 1.274920e+09
4189 1.106221e+09
4252 1.074753e+09
4355 1.058548e+09
4429 1.029280e+09
4478 9.739470e+08
4529 3.785603e+08
4704 3.564240e+08
4807 3.117892e+08
4934 1.942918e+08
5149 1.739363e+08
5193 1.454762e+08
5218 1.407570e+08
5269 1.281426e+08
5296 1.177325e+08
5355 1.108589e+08
5361 1.005136e+08
5390 7.717508e+07
5525 7.190746e+07
5688 6.829945e+07
5701 4.290626e+07
5804 3.130761e+07
6143 2.454992e+07
6169 2.256627e+07
6293 1.836724e+07
6510 1.706764e+07
6535 1.664352e+07
6548 1.496171e+07
6555 1.310446e+07
6634 1.208938e+07
6641 1.026234e+07
6831 8.948937e+06
6887 8.888533e+06
6928 8.759216e+06
7070 8.671590e+06
7200 8.001801e+06
7242 5.797698e+06
7386 5.559277e+06
7430 5.045405e+06
7489 4.987413e+06
7535 4.651094e+06
7540 4.348632e+06
7571 4.042580e+06
7614 3.669013e+06
7704 3.573445e+06
7713 3.485009e+06
7748 3.326099e+06
7878 3.240434e+06
7880 3.133841e+06
7890 3.078418e+06
8000 2.983101e+06
8009 2.795979e+06
8057 2.723209e+06
8069 2.527444e+06
8080 2.397681e+06
8138 2.208047e+06
8170 1.915255e+06
8270 1.787552e+06
8400 1.695859e+06
8493 1.684378e+06
8567 1.597936e+06
8583 1.581439e+06
8603 1.551997e+06
8608 1.448127e+06
8749 1.348797e+06
8770 1.168306e+06
8857 1.125474e+06
9024 1.115314e+06
9066 1.112418e+06
9069 1.061020e+06
9085 1.041797e+06
9090 9.675441e+05
9180 9.360924e+05
9197 8.924230e+05
9359 8.133818e+05
9407 7.977525e+05
9445 7.589169e+05
9474 6.983717e+05
9643 6.160187e+05
9885 5.691527e+05
10032 5.134408e+05
10172 5.033952e+05
10303 4.924166e+05
10355 4.877690e+05
10415 4.661177e+05
10513 4.594221e+05
10552 4.283971e+05
10587 4.148205e+05
10646 4.095782e+05
10697 3.965210e+05
10722 3.941210e+05
10726 3.935088e+05
10758 3.894331e+05
10770 3.802251e+05
10858 3.787829e+05
10929 3.781870e+05
10942 3.719528e+05
10998 3.598166e+05
11006 3.464820e+05
11226 3.434133e+05
11478 3.383681e+05
11534 3.363404e+05
11560 3.323173e+05
11567 3.147563e+05
11638 3.126469e+05
11720 3.064011e+05
11793 3.010051e+05
11825 2.966534e+05
11849 2.874721e+05
12020 2.873756e+05
12129 2.703486e+05
12324 2.674087e+05
12414 2.663143e+05
12624 2.635942e+05
12664 2.622637e+05
12715 2.562633e+05
12800 2.555178e+05
12805 2.535157e+05
12812 2.512375e+05
12814 2.476816e+05
12838 2.436831e+05
12887 2.422423e+05
12964 2.405477e+05
12981 2.324687e+05
13095 2.305097e+05
13127 2.291117e+05
13178 2.284786e+05
13218 2.202134e+05
13326 2.164508e+05
13333 2.132841e+05
13371 1.991146e+05
13456 1.990741e+05
13622 1.942397e+05
13707 1.923677e+05
13714 1.839136e+05
13864 1.832464e+05
13865 1.821746e+05
13901 1.809447e+05
13913 1.747315e+05
13920 1.702668e+05
13998 1.672229e+05
14019 1.617663e+05
14062 1.613613e+05
14067 1.573814e+05
14147 1.493767e+05
14562 1.462474e+05
14566 1.340818e+05
14830 1.299492e+05
14845 1.219098e+05
14885 1.215371e+05
14907 1.162839e+05
14923 1.131211e+05
14927 1.125514e+05
14961 1.018365e+05
15341 9.682834e+04
15379 9.392277e+04
15405 9.380424e+04
15420 9.167114e+04
15436 9.117106e+04
15462 8.558891e+04
15479 8.417687e+04
15587 8.130446e+04
15637 8.086352e+04
15848 7.983857e+04
15858 7.958627e+04
15859 7.819758e+04
15907 7.738654e+04
15917 7.340985e+04
15973 7.340143e+04
15979 7.220213e+04
16064 6.966512e+04
16139 6.963598e+04
16140 6.631176e+04
16217 6.561619e+04
16245 6.399153e+04
16255 6.041712e+04
16322 5.819015e+04
16346 5.204973e+04
16679 4.947880e+04
16723 4.875461e+04
16754 4.756908e+04
16759 4.714923e+04
16776 4.489762e+04
16784 4.442368e+04
16846 4.193550e+04
16918 4.162095e+04
16973 4.118232e+04
17050 3.823192e+04
17139 3.811699e+04
17156 3.709194e+04
17216 3.291222e+04
17350 3.241179e+04
17422 3.047571e+04
17575 2.969718e+04
17585 2.905838e+04
17612 2.621555e+04
17708 2.586688e+04
17718 2.485453e+04
17804 2.441986e+04
17816 2.441924e+04
17865 2.432286e+04
17882 2.226406e+04
17936 2.131740e+04
17978 2.055789e+04
18113 1.937681e+04
18212 1.877062e+04
18220 1.868728e+04
18254 1.810346e+04
18285 1.754566e+04
18314 1.698572e+04
18364 1.621427e+04
18421 1.590205e+04
18438 1.579762e+04
18503 1.503329e+04
18564 1.441454e+04
18586 1.435673e+04
18593 1.383417e+04
18695 1.318993e+04
18770 1.198935e+04
18929 1.177676e+04
18978 1.120899e+04
19023 1.094112e+04
19093 1.067617e+04
19124 1.051730e+04
19162 1.016272e+04
19192 1.005155e+04
19247 1.000096e+04
19381 9.976254e+03
19389 9.873821e+03
19396 9.582434e+03
19407 8.969899e+03
19482 8.444219e+03
19519 7.790178e+03
19590 7.505779e+03
19595 7.112625e+03
19703 7.083650e+03
19720 6.909553e+03
19774 6.760826e+03
19808 6.128675e+03
19937 5.579066e+03
19976 5.463693e+03
20013 5.347768e+03
20054 4.769123e+03
20283 4.676443e+03
20300 4.612418e+03
20337 4.592366e+03
20341 4.437887e+03
20348 4.120595e+03
20421 4.094655e+03
20529 4.066125e+03
20554 4.027258e+03
20595 4.024568e+03
20604 3.902669e+03
20724 3.870530e+03
20802 3.741720e+03
20823 3.650035e+03
21044 3.584569e+03
21099 3.552152e+03
21177 3.539887e+03
21191 3.327861e+03
21449 3.310689e+03
21530 3.290332e+03
21577 3.282034e+03
21626 3.204425e+03
21725 3.182394e+03
21760 3.137364e+03
21804 3.124021e+03
21897 3.112433e+03
22024 3.098061e+03
22050 3.011200e+03
22083 2.971415e+03
22148 2.911033e+03
22215 2.857756e+03
22319 2.850771e+03
22387 2.808905e+03
22507 2.798422e+03
22634 2.734074e+03
22802 2.717847e+03
22877 2.707024e+03
22904 2.680047e+03
22953 2.675564e+03
22975 2.582368e+03
22988 2.579387e+03
23089 2.553037e+03
23138 2.522756e+03
23523 2.515893e+03
23603 2.511577e+03
23619 2.451687e+03
23807 2.437603e+03
24051 2.406166e+03
24185 2.392468e+03
24189 2.380856e+03
24192 2.348183e+03
24421 2.344754e+03
24445 2.319421e+03
24481 2.284429e+03
24851 2.281852e+03
24887 2.265130e+03
24903 2.232526e+03
24912 2.228273e+03
25147 2.194989e+03
25411 2.183815e+03
25466 2.155597e+03
25587 2.101475e+03
25693 2.080643e+03
25784 2.071707e+03
25785 2.058423e+03
26040 2.013530e+03
26262 1.982947e+03
26342 1.980839e+03
26466 1.967611e+03
26550 1.960416e+03
26567 1.906010e+03
26613 1.900444e+03
26645 1.797397e+03
26995 1.792429e+03
27009 1.773989e+03
27094 1.773106e+03
27143 1.759875e+03
27236 1.756830e+03
27261 1.708290e+03
27266 1.686419e+03
27341 1.675967e+03
27431 1.671501e+03
27436 1.663942e+03
27474 1.645130e+03
27824 1.546893e+03
27872 1.536196e+03
28225 1.518655e+03
28268 1.503457e+03
28277 1.499266e+03
28293 1.461107e+03
28334 1.445462e+03
28342 1.434187e+03
28442 1.406570e+03
28550 1.390104e+03
28557 1.379344e+03
28625 1.366740e+03
28675 1.314396e+03
28766 1.312877e+03
28816 1.288448e+03
28979 1.279051e+03
28988 1.252982e+03
29067 1.235285e+03
29165 1.234084e+03
29199 1.230565e+03
29219 1.203089e+03
29257 1.181366e+03
29341 1.171128e+03
29357 1.158063e+03
29527 1.099947e+03
29824 1.073058e+03
29927 1.071540e+03
29947 1.068973e+03
29989 1.044575e+03
30134 1.036906e+03
30181 1.020194e+03
30211 1.007438e+03
30247 1.001200e+03
30318 9.869648e+02
30452 9.828527e+02
30458 9.826949e+02
30505 9.714562e+02
30565 9.531525e+02
30600 9.424895e+02
30790 9.399741e+02
30855 9.387484e+02
30949 9.371577e+02
30958 9.238952e+02
31017 9.204292e+02
31026 9.148528e+02
31033 9.080730e+02
31051 9.053116e+02
31074 9.045312e+02
31082 8.940325e+02
31115 8.828022e+02
31208 8.810825e+02
31327 8.807233e+02
31331 8.654353e+02
31372 8.654219e+02
31395 8.641872e+02
31420 8.615669e+02
31465 8.599577e+02
31497 8.555192e+02
31533 8.525599e+02
31536 8.424461e+02
31683 8.402383e+02
31718 8.384201e+02
31736 8.300282e+02
31768 8.281675e+02
31937 8.271855e+02
31983 8.234310e+02
32159 8.209078e+02
32173 8.123253e+02
32223 8.118358e+02
32538 8.057533e+02
32830 8.044603e+02
32942 8.018036e+02
33036 8.013155e+02
33153 8.005449e+02
33198 7.990814e+02
33339 7.971644e+02
33443 7.965513e+02
33494 7.958126e+02
33505 7.950826e+02
33538 7.941478e+02
33553 7.908788e+02
33752 7.908168e+02
33757 7.905537e+02
33768 7.886366e+02
33850 7.872441e+02
33896 7.848217e+02
34321 7.832540e+02
34357 7.825265e+02
34415 7.818070e+02
34604 7.817264e+02
34670 7.809326e+02
34847 7.805243e+02
34937 7.802792e+02
34956 7.778533e+02
35177 7.771904e+02
35289 7.766982e+02
35530 7.764720e+02
35554 7.761602e+02
35616 7.761474e+02
35652 7.759043e+02
35860 7.753310e+02
36093 7.748526e+02
36158 7.738118e+02
36530 7.736263e+02
36660 7.732322e+02
36902 7.731174e+02
36965 7.728778e+02
36988 7.726381e+02
37029 7.723641e+02
37186 7.715859e+02
37309 7.714412e+02
37390 7.711468e+02
37397 7.710955e+02
37546 7.707250e+02
37593 7.704997e+02
37680 7.704939e+02
37692 7.702388e+02
37916 7.697846e+02
38128 7.696890e+02
38237 7.694122e+02
38252 7.692445e+02
38306 7.688351e+02
38322 7.686980e+02
38519 7.684590e+02
39007 7.682520e+02
39009 7.681390e+02
39097 7.679601e+02
39109 7.679220e+02
39116 7.679096e+02
39131 7.674952e+02
39489 7.673364e+02
39581 7.669036e+02
39677 7.658312e+02
40150 7.655441e+02
40565 7.649889e+02
40684 7.647016e+02
40974 7.646109e+02
41067 7.644175e+02
41079 7.643735e+02
41098 7.641629e+02
41205 7.637428e+02
41269 7.636756e+02
41319 7.634685e+02
41385 7.632350e+02
41422 7.628976e+02
41430 7.628668e+02
41533 7.628545e+02
41592 7.622591e+02
41605 7.618314e+02
41804 7.617608e+02
41845 7.615219e+02
41868 7.610001e+02
42081 7.607292e+02
42130 7.600949e+02
42283 7.596879e+02
42454 7.589413e+02
42568 7.588942e+02
42623 7.585615e+02
42696 7.579192e+02
42749 7.578172e+02
42800 7.575404e+02
42948 7.572935e+02
43013 7.566106e+02
43050 7.564989e+02
43165 7.560925e+02
43172 7.560610e+02
43194 7.559903e+02
43197 7.555377e+02
43436 7.554025e+02
43477 7.551476e+02
43513 7.548450e+02
43538 7.540331e+02
43736 7.539567e+02
43782 7.532450e+02
43817 7.526704e+02
43858 7.525067e+02
43959 7.521292e+02
43990 7.515171e+02
44103 7.508153e+02
44278 7.506193e+02
44336 7.504156e+02
44392 7.501025e+02
44404 7.496156e+02
44427 7.488970e+02
44441 7.485464e+02
44531 7.482498e+02
44556 7.477910e+02
44589 7.477267e+02
44604 7.474821e+02
44644 7.469864e+02
44713 7.455822e+02
44756 7.453359e+02
44843 7.453210e+02
44891 7.447427e+02
44897 7.444346e+02
44927 7.439686e+02
143928 7.437562e+02
144281 7.436218e+02
144417 7.432863e+02
144428 7.430404e+02
144655 7.430313e+02
144660 7.429841e+02
144663 7.429641e+02
144669 7.429569e+02
144806 7.428649e+02
144908 7.426387e+02
144988 7.424875e+02
145045 7.423905e+02
145215 7.423747e+02
145227 7.422733e+02
145236 7.422647e+02
145254 7.422125e+02
145288 7.420938e+02
145301 7.420579e+02
145352 7.419204e+02
145453 7.418765e+02
145479 7.417926e+02
145504 7.417619e+02
145560 7.417263e+02
145646 7.415562e+02
145781 7.415066e+02
145852 7.414722e+02
145886 7.413866e+02
145899 7.413392e+02
145907 7.412249e+02
145923 7.411741e+02
146087 7.411715e+02
146098 7.409257e+02
146233 7.409084e+02
146350 7.408170e+02
146401 7.407666e+02
146621 7.406627e+02
146635 7.405173e+02
146894 7.404774e+02
146919 7.403765e+02
146932 7.403134e+02
146977 7.402813e+02
147022 7.401931e+02
147123 7.401745e+02
147163 7.401053e+02
147207 7.400140e+02
147210 7.399672e+02
147259 7.397594e+02
147377 7.397593e+02
147394 7.396917e+02
147456 7.395699e+02
147551 7.395215e+02
147614 7.395068e+02
147674 7.394249e+02
147679 7.394094e+02
147725 7.394079e+02
147727 7.392219e+02
147777 7.391190e+02
147945 7.389145e+02
147973 7.382830e+02
148031 7.381872e+02
148047 7.374982e+02
148244 7.374849e+02
148321 7.370917e+02
148360 7.369655e+02
148557 7.356993e+02
148659 7.354632e+02
148754 7.349511e+02
148845 7.332596e+02
149047 7.330895e+02
149150 7.329570e+02
149203 7.310102e+02
149223 7.285901e+02
149411 7.280465e+02
149455 7.261780e+02
149510 7.254005e+02
149600 7.250552e+02
149637 7.229403e+02
149788 7.227606e+02
149864 7.203582e+02
149878 7.167167e+02
149949 7.140814e+02
149991 7.116331e+02
150327 7.088573e+02
150367 7.047577e+02
150402 7.045481e+02
150435 7.037768e+02
150466 7.030499e+02
150470 7.021895e+02
150514 7.001744e+02
150544 6.993265e+02
150545 6.987330e+02
150557 6.957258e+02
150579 6.953721e+02
150626 6.948804e+02
150666 6.931045e+02
150671 6.926336e+02
150714 6.904325e+02
150745 6.884403e+02
150799 6.860914e+02
150851 6.850453e+02
150872 6.843996e+02
150881 6.802649e+02
151014 6.783634e+02
151026 6.745448e+02
151051 6.740834e+02
151054 6.721900e+02
151064 6.711379e+02
151113 6.606849e+02
151138 6.503247e+02
151208 6.470857e+02
151459 6.358150e+02
151473 6.332821e+02
151533 6.253010e+02
151542 6.247698e+02
151659 6.238242e+02
151668 6.103566e+02
151858 6.070209e+02
151866 6.012774e+02
151869 5.891422e+02
151884 5.803064e+02
151889 5.783847e+02
151923 5.724103e+02
152095 5.605655e+02
152239 5.589395e+02
152338 5.038622e+02
152496 5.031773e+02
152499 4.916764e+02
152536 4.709835e+02
152602 4.478727e+02
152621 4.173923e+02
152793 4.053416e+02
152849 3.722348e+02
152874 3.682854e+02
152901 3.612312e+02
152913 3.263106e+02
153042 3.240728e+02
153052 3.151856e+02
153113 3.022411e+02
153325 2.925346e+02
153358 2.767633e+02
153372 2.449354e+02
153408 2.409871e+02
153522 2.385751e+02
153534 2.207908e+02
153655 1.911078e+02
153689 1.864803e+02
153750 1.738998e+02
153859 1.725608e+02
153909 1.704053e+02
153922 1.592631e+02
153924 1.353574e+02
154026 1.333032e+02
154145 1.218466e+02
154432 1.183169e+02
154437 1.163006e+02
154464 1.162829e+02
154505 9.752620e+01
154617 8.949744e+01
154713 8.403157e+01
154823 8.208017e+01
154850 8.113454e+01
154914 8.038222e+01
154932 7.592090e+01
155003 6.879388e+01
155228 6.279170e+01
155249 6.246484e+01
155387 6.205534e+01
155395 6.200205e+01
155400 6.188472e+01
155401 5.861651e+01
155439 5.774861e+01
155456 5.707679e+01
155516 4.979696e+01
155940 4.458724e+01
156021 4.366870e+01
156105 4.356960e+01
156118 4.177625e+01
156259 4.148371e+01
156279 4.077774e+01
156311 4.070982e+01
156318 3.955467e+01
156428 3.776347e+01
156527 3.587611e+01
156718 3.561500e+01
156787 3.477171e+01
156878 3.427299e+01
157155 3.326439e+01
157216 3.269108e+01
157295 3.141720e+01
157556 3.121088e+01
157600 2.972135e+01
157870 2.967696e+01
157935 2.852266e+01
157964 2.827812e+01
158022 2.819365e+01
158067 2.814640e+01
158072 2.811679e+01
158097 2.691787e+01
158270 2.395777e+01
158488 2.381060e+01
158602 2.260066e+01
158629 2.233156e+01
158724 2.217256e+01
158845 2.216360e+01
158847 2.074200e+01
158857 1.943761e+01
159087 1.898801e+01
159101 1.871795e+01
159137 1.824474e+01
159156 1.749169e+01
159165 1.738231e+01
159317 1.710848e+01
159388 1.641223e+01
159391 1.618332e+01
159415 1.609050e+01
159504 1.564387e+01
159542 1.395102e+01
159699 1.342394e+01
159715 1.324657e+01
159754 1.318599e+01
159766 1.265114e+01
159786 1.258603e+01
159800 1.249284e+01
160010 1.223494e+01
160058 1.160301e+01
160069 1.130802e+01
160095 1.115677e+01
160141 1.072248e+01
160149 1.024956e+01
160569 1.010873e+01
160618 1.000015e+01
160692 9.502578e+00
160838 9.334412e+00
160845 8.644393e+00
161129 8.599185e+00
161200 7.963123e+00
161252 7.959046e+00
161529 7.739969e+00
161634 7.681035e+00
161680 7.586322e+00
161751 7.187160e+00
161974 6.877621e+00
162094 6.749842e+00
162220 6.528848e+00
162239 6.500309e+00
162422 6.439117e+00
162611 6.381834e+00
162702 6.321779e+00
162757 6.252762e+00
162987 5.994852e+00
163055 5.981761e+00
163406 5.942223e+00
163526 5.817568e+00
163958 5.492405e+00
164354 5.464886e+00
164459 5.281116e+00
164525 5.274632e+00
164617 5.268219e+00
164635 5.147531e+00
164672 4.939363e+00
165609 4.901845e+00
165752 4.869570e+00
165756 4.816269e+00
165842 4.794985e+00
165892 4.604785e+00
165991 4.549940e+00
166063 4.482046e+00
166137 4.477955e+00
166220 4.434060e+00
166414 4.401588e+00
166676 4.297420e+00
166801 4.212920e+00
167129 4.183302e+00
167233 4.148807e+00
167269 4.083048e+00
167631 4.058421e+00
167985 3.976444e+00
168028 3.893028e+00
168341 3.877694e+00
168362 3.844059e+00
168471 3.832359e+00
168520 3.810661e+00
168703 3.767647e+00
168746 3.724992e+00
168954 3.720621e+00
168988 3.672634e+00
169011 3.634743e+00
169066 3.619456e+00
169185 3.599041e+00
169269 3.588737e+00
169354 3.572855e+00
169456 3.561904e+00
169476 3.479840e+00
169605 3.440778e+00
169731 3.421103e+00
169839 3.409886e+00
169865 3.359953e+00
169981 3.354293e+00
170014 3.344727e+00
170066 3.343702e+00
170090 3.323738e+00
170220 3.244328e+00
170632 3.241483e+00
170646 3.216379e+00
170848 3.215484e+00
170862 3.206680e+00
170875 3.188199e+00
170877 3.187695e+00
170939 3.179759e+00
170945 3.177755e+00
170995 3.176922e+00
171005 3.176667e+00
171071 3.160212e+00
171131 3.096915e+00
171265 3.084679e+00
171272 3.063845e+00
171445 3.028164e+00
171556 2.998413e+00
171594 2.970323e+00
171741 2.931574e+00
171794 2.872192e+00
171959 2.865526e+00
171981 2.801271e+00
172118 2.787352e+00
172172 2.751878e+00
172287 2.722389e+00
172326 2.654501e+00
172599 2.599936e+00
172651 2.515012e+00
172891 2.465897e+00
172959 2.428430e+00
173039 2.387574e+00
173203 2.373508e+00
173221 2.333268e+00
173332 2.299192e+00
173468 2.240580e+00
173613 2.221885e+00
173615 2.208406e+00
173630 2.175621e+00
173899 2.168520e+00
173964 2.157829e+00
174147 2.153757e+00
174178 2.133544e+00
174216 2.115272e+00
174441 2.081861e+00
174730 2.054690e+00
174792 2.038948e+00
174903 2.035731e+00
174985 2.017482e+00
175094 2.016544e+00
175182 2.015598e+00
175252 2.014899e+00
175260 2.012382e+00
175282 1.993169e+00
175303 1.991242e+00
175369 1.988464e+00
175376 1.987380e+00
175379 1.986353e+00
175403 1.981768e+00
175425 1.976582e+00
175459 1.971188e+00
175465 1.969421e+00
175552 1.968789e+00
175575 1.948499e+00
175579 1.937115e+00
175660 1.928362e+00
175699 1.926304e+00
175883 1.922350e+00
176059 1.913664e+00
176098 1.913495e+00
176111 1.909459e+00
176164 1.903394e+00
176185 1.899602e+00
176311 1.893109e+00
176408 1.864112e+00
176675 1.861387e+00
176834 1.859144e+00
176875 1.858667e+00
176886 1.858531e+00
176897 1.853483e+00
176907 1.846996e+00
176909 1.840785e+00
176918 1.839804e+00
176975 1.837173e+00
177025 1.835610e+00
177033 1.831620e+00
177036 1.826421e+00
177063 1.811993e+00
177272 1.810850e+00
177345 1.806527e+00
177365 1.796961e+00
177459 1.784041e+00
177512 1.781094e+00
177632 1.779263e+00
177806 1.756461e+00
177881 1.749874e+00
177889 1.748483e+00
177934 1.748161e+00
177975 1.743959e+00
177989 1.728286e+00
178020 1.727433e+00
178057 1.717868e+00
178258 1.714240e+00
178537 1.711917e+00
178587 1.709029e+00
178592 1.701636e+00
178604 1.686240e+00
178643 1.684815e+00
178702 1.672000e+00
178783 1.668522e+00
178819 1.666549e+00
178894 1.660987e+00
179248 1.658810e+00
179255 1.657613e+00
179264 1.651567e+00
179286 1.649730e+00
179318 1.648267e+00
179320 1.631413e+00
179327 1.629281e+00
179399 1.622372e+00
179510 1.614290e+00
179511 1.603202e+00
179578 1.600822e+00
179580 1.598016e+00
179641 1.582584e+00
179814 1.562912e+00
179962 1.562187e+00
179966 1.553446e+00
180117 1.542041e+00
180170 1.531854e+00
180198 1.497987e+00
180340 1.479169e+00
180474 1.479062e+00
180510 1.467961e+00
180568 1.449681e+00
180587 1.442325e+00
180693 1.429610e+00
180730 1.426267e+00
180742 1.421221e+00
180793 1.380717e+00
180809 1.369668e+00
180916 1.344775e+00
180971 1.344448e+00
180981 1.330162e+00
181021 1.318431e+00
181143 1.314036e+00
181265 1.305084e+00
181305 1.282271e+00
181364 1.268081e+00
181401 1.240964e+00
181454 1.230944e+00
181562 1.217406e+00
181622 1.196538e+00
181665 1.190450e+00
181733 1.181671e+00
181774 1.157026e+00
181824 1.155922e+00
181875 1.149989e+00
181882 1.125105e+00
181896 1.117913e+00
181898 1.116652e+00
181940 1.094769e+00
181971 1.064475e+00
182136 1.054769e+00
182488 1.026139e+00
182489 1.021123e+00
182532 1.002731e+00
182540 9.881900e-01
182630 9.870920e-01
182694 9.623340e-01
182802 9.399361e-01
182900 9.244002e-01
183021 9.218197e-01
183093 9.146387e-01
183178 8.768989e-01
183269 8.702474e-01
183459 8.669763e-01
183473 8.598247e-01
183539 8.517685e-01
183668 8.515935e-01
183755 8.436865e-01
183900 8.345654e-01
183903 8.318658e-01
183942 8.258856e-01
183968 8.148734e-01
184032 8.092891e-01
184130 8.030229e-01
184286 8.001498e-01
184352 7.986661e-01
184357 7.886142e-01
184373 7.809066e-01
184546 7.779108e-01
184610 7.704477e-01
184769 7.668168e-01
184800 7.490329e-01
184915 7.466490e-01
185080 7.372383e-01
185099 7.327456e-01
185137 7.256555e-01
185255 7.216716e-01
185320 7.175297e-01
185323 7.148908e-01
185481 7.124198e-01
185528 7.001516e-01
185605 6.962275e-01
185804 6.762945e-01
185897 6.760388e-01
185917 6.749493e-01
186036 6.747414e-01
186118 6.723937e-01
186128 6.691102e-01
186163 6.577885e-01
186173 6.506687e-01
186228 6.469962e-01
186273 6.415538e-01
186331 6.406283e-01
186387 6.389568e-01
186397 6.180419e-01
186598 6.178190e-01
186664 6.112649e-01
186758 6.091415e-01
186783 6.086593e-01
186801 6.007011e-01
186864 5.913656e-01
186920 5.879134e-01
186926 5.807153e-01
187068 5.764091e-01
187084 5.698857e-01
187115 5.619265e-01
187187 5.598920e-01
187214 5.404952e-01
187459 5.363528e-01
187514 5.326299e-01
187517 5.286480e-01
187588 5.285912e-01
187602 5.224808e-01
187645 5.174654e-01
187687 4.973545e-01
187733 4.962389e-01
187835 4.850429e-01
187842 4.827502e-01
187898 4.825907e-01
187917 4.783249e-01
187954 4.742189e-01
187983 4.700831e-01
188012 4.445642e-01
188031 4.179404e-01
188096 4.156391e-01
188143 4.140126e-01
188207 3.932204e-01
188312 3.874395e-01
188477 3.641660e-01
188581 3.507294e-01
188669 3.418713e-01
188808 3.416713e-01
188942 3.407484e-01
188947 3.383424e-01
189106 3.359854e-01
189189 3.146671e-01
189192 3.110926e-01
189408 3.089345e-01
189542 3.041338e-01
189664 2.997375e-01
189674 2.963122e-01
189791 2.791391e-01
189984 2.744425e-01
190029 2.714506e-01
190094 2.685730e-01
190273 2.587257e-01
190382 2.551479e-01
190457 2.463892e-01
190666 2.408416e-01
190706 2.391602e-01
190780 2.374153e-01
190850 2.306781e-01
191032 2.275529e-01
191056 2.233097e-01
191073 2.219529e-01
191222 2.218618e-01
191433 2.215392e-01
191438 2.203367e-01
191452 2.175199e-01
191526 2.174173e-01
191532 2.160832e-01
191605 2.160578e-01
191664 2.142790e-01
191672 2.113730e-01
191702 2.090047e-01
191746 2.087489e-01
191900 2.071169e-01
192030 2.048991e-01
192048 2.040721e-01
192070 2.038064e-01
192161 2.029765e-01
192401 2.021318e-01
192438 2.015891e-01
192497 2.007837e-01
192604 2.002949e-01
192661 1.995061e-01
192688 1.993389e-01
192714 1.991806e-01
192746 1.987815e-01
192893 1.981236e-01
192921 1.978822e-01
193113 1.977629e-01
193134 1.975600e-01
193163 1.968803e-01
193230 1.963496e-01
193412 1.936403e-01
193692 1.935921e-01
193694 1.932106e-01
193736 1.927136e-01
193894 1.925430e-01
193968 1.924380e-01
194063 1.914638e-01
194098 1.903440e-01
194264 1.903231e-01
194338 1.898874e-01
194351 1.897236e-01
194353 1.893495e-01
194366 1.888176e-01
194385 1.881958e-01
194415 1.879098e-01
194605 1.872381e-01
194617 1.872103e-01
194736 1.867169e-01
194802 1.863852e-01
194850 1.863150e-01
194943 1.860117e-01
195197 1.844208e-01
195250 1.839357e-01
195290 1.837192e-01
195309 1.831922e-01
195463 1.830942e-01
195465 1.820193e-01
195605 1.805191e-01
195734 1.805091e-01
195765 1.794645e-01
195800 1.781474e-01
195874 1.773256e-01
195961 1.739588e-01
196363 1.718180e-01
196532 1.713072e-01
196953 1.702337e-01
196994 1.699996e-01
197021 1.693569e-01
197068 1.684874e-01
197117 1.683541e-01
197119 1.682469e-01
197205 1.679623e-01
197235 1.671332e-01
197274 1.669440e-01
197281 1.669293e-01
197371 1.665567e-01
197583 1.661211e-01
197695 1.657914e-01
197765 1.657439e-01
197825 1.656207e-01
197857 1.644230e-01
197945 1.641926e-01
198112 1.640559e-01
198214 1.636027e-01
198290 1.633315e-01
198303 1.632270e-01
198326 1.631868e-01
198329 1.625769e-01
198375 1.622965e-01
198644 1.622449e-01
198921 1.620027e-01
198947 1.616832e-01
199149 1.616700e-01
199226 1.615700e-01
199234 1.614269e-01
199374 1.613502e-01
199388 1.612613e-01
199431 1.612541e-01
199437 1.609363e-01
199544 1.608758e-01
199678 1.607334e-01
199702 1.605915e-01
199753 1.605856e-01
199761 1.604823e-01
199874 1.604803e-01
199968 1.604474e-01
199993 1.601957e-01
200203 1.600759e-01
200273 1.600539e-01
200381 1.600397e-01
200429 1.600000e-01
200434 1.599614e-01
200491 1.597822e-01
200568 1.597657e-01
200600 1.597567e-01
200712 1.596506e-01
200725 1.595577e-01
200728 1.594717e-01
200766 1.593108e-01
201163 1.592194e-01
201256 1.591671e-01
201258 1.590202e-01
201392 1.590086e-01
201506 1.589920e-01
201535 1.588703e-01
201639 1.587962e-01
201679 1.587676e-01
201681 1.587002e-01
201702 1.585226e-01
201714 1.584935e-01
201716 1.584179e-01
201757 1.580877e-01
202079 1.577480e-01
202183 1.573133e-01
202379 1.572668e-01
202504 1.571673e-01
202618 1.570934e-01
202708 1.570011e-01
202711 1.569553e-01
202754 1.566629e-01
202794 1.566484e-01
202858 1.565086e-01
202875 1.563323e-01
202958 1.560245e-01
203109 1.559018e-01
203187 1.556802e-01
203205 1.554788e-01
203260 1.551253e-01
203298 1.549710e-01
203347 1.549605e-01
203348 1.546287e-01
203601 1.544495e-01
203621 1.544409e-01
203657 1.543028e-01
203702 1.542416e-01
203725 1.537962e-01
203739 1.537503e-01
203784 1.530976e-01
203877 1.530852e-01
203885 1.522388e-01
204073 1.513527e-01
204441 1.512269e-01
204466 1.504428e-01
204538 1.500034e-01
204585 1.498209e-01
204772 1.493493e-01
204815 1.490665e-01
204885 1.479620e-01
204916 1.479152e-01
205124 1.475971e-01
205166 1.472650e-01
205172 1.468740e-01
205313 1.466391e-01
205335 1.459563e-01
205357 1.455785e-01
205482 1.449020e-01
205513 1.448507e-01
205569 1.445635e-01
205740 1.442842e-01
205748 1.437024e-01
205773 1.431961e-01
205901 1.425619e-01
206015 1.423091e-01
206039 1.413384e-01
206073 1.408738e-01
206234 1.408275e-01
206277 1.403936e-01
206313 1.402931e-01
206376 1.399943e-01
206500 1.397541e-01
206538 1.395285e-01
206559 1.394417e-01
206578 1.385129e-01
206634 1.383555e-01
206687 1.383433e-01
206700 1.383172e-01
206723 1.381753e-01
206744 1.380700e-01
206778 1.378001e-01
206837 1.374544e-01
207031 1.372485e-01
207171 1.370004e-01
207202 1.368330e-01
207234 1.362280e-01
207304 1.359855e-01
207324 1.346173e-01
207396 1.328316e-01
207659 1.327335e-01
207719 1.320766e-01
207768 1.318624e-01
207806 1.313661e-01
207843 1.310665e-01
208019 1.302843e-01
208155 1.302770e-01
208214 1.294422e-01
208231 1.291510e-01
208240 1.290896e-01
208289 1.276688e-01
208451 1.275624e-01
208478 1.268965e-01
208539 1.265917e-01
208561 1.265661e-01
208622 1.264730e-01
208658 1.262883e-01
208686 1.255865e-01
208741 1.254145e-01
208833 1.244379e-01
208857 1.241073e-01
208927 1.238421e-01
209197 1.236382e-01
209222 1.225530e-01
209308 1.218385e-01
209370 1.217087e-01
209400 1.210171e-01
209487 1.205262e-01
209576 1.203742e-01
209590 1.203460e-01
209608 1.197359e-01
209668 1.196573e-01
209713 1.195132e-01
209752 1.194156e-01
209767 1.189493e-01
209773 1.172745e-01
209779 1.170311e-01
209839 1.165131e-01
209859 1.162210e-01
209910 1.149263e-01
209927 1.147890e-01
209992 1.136815e-01
210134 1.112891e-01
210336 1.111477e-01
210367 1.110911e-01
210389 1.099231e-01
210452 1.087621e-01
210576 1.079788e-01
210610 1.075583e-01
210626 1.061934e-01
210627 1.056903e-01
210670 1.055389e-01
210684 1.048594e-01
210755 1.044668e-01
210818 1.027235e-01
210851 1.016414e-01
210952 9.877459e-02
211275 9.814660e-02
211338 9.570592e-02
211411 9.550098e-02
211484 9.398724e-02
211533 9.344928e-02
211572 9.021340e-02
211767 9.016376e-02
211768 8.913592e-02
211912 8.225146e-02
212075 8.050106e-02
212096 7.142118e-02
212279 7.100721e-02
212284 6.549648e-02
212300 5.898777e-02
212446 5.406847e-02
212584 5.113755e-02
212646 5.093890e-02
212901 4.756493e-02
213125 4.120017e-02
213223 4.002080e-02
213290 4.002023e-02
213494 3.578359e-02
213574 3.408365e-02
213746 3.309404e-02
213751 3.279190e-02
213772 3.168357e-02
213853 2.982680e-02
214168 2.904189e-02
214193 2.801818e-02
214258 2.782629e-02
214396 2.718766e-02
214445 2.694174e-02
214503 2.616356e-02
214532 2.605551e-02
214604 2.594307e-02
214704 2.573134e-02
214715 2.551660e-02
214742 2.543945e-02
214778 2.503696e-02
214814 2.445690e-02
214821 2.420340e-02
214895 2.318897e-02
215008 2.293078e-02
215101 2.228517e-02
215147 2.221018e-02
215209 2.205535e-02
215315 2.151469e-02
215394 2.149309e-02
215475 1.997409e-02
215622 1.977647e-02
215646 1.931533e-02
215706 1.924510e-02
215711 1.894284e-02
215901 1.878235e-02
216021 1.869764e-02
216042 1.858147e-02
216073 1.845200e-02
216084 1.799457e-02
216099 1.777068e-02
216128 1.750687e-02
216164 1.687361e-02
216345 1.615003e-02
216444 1.608836e-02
216500 1.523670e-02
216643 1.504022e-02
216659 1.473244e-02
216685 1.371638e-02
216729 1.366303e-02
216795 1.362239e-02
216808 1.345207e-02
216814 1.331861e-02
216834 1.317180e-02
216958 1.290432e-02
216983 1.269561e-02
217055 1.262268e-02
217077 1.203127e-02
217191 1.201817e-02
217193 1.167229e-02
217205 1.139830e-02
217250 1.137923e-02
217268 1.067423e-02
217282 1.039133e-02
217460 1.004419e-02
217687 9.503814e-03
217723 9.058635e-03
217931 8.833735e-03
218063 8.701617e-03
218111 7.810764e-03
218223 7.741368e-03
218226 7.543283e-03
218283 7.530022e-03
218419 7.127641e-03
218599 7.074891e-03
218603 6.920153e-03
218613 6.874137e-03
218627 6.820897e-03
218776 6.749023e-03
218795 6.583063e-03
218904 6.488857e-03
218915 6.083631e-03
219063 5.918401e-03
219293 5.775447e-03
219411 5.762068e-03
219425 5.716706e-03
219445 5.676251e-03
219469 5.536839e-03
219599 5.506842e-03
219612 5.502167e-03
219714 5.453442e-03
219757 5.420915e-03
219771 5.391639e-03
219807 5.364035e-03
219856 5.356332e-03
219870 5.305252e-03
219904 5.181958e-03
219985 5.178231e-03
220104 5.153213e-03
220128 5.145751e-03
220138 5.110353e-03
220160 5.038415e-03
220255 4.980034e-03
220333 4.961091e-03
220432 4.927895e-03
220442 4.925907e-03
220472 4.884530e-03
220569 4.867530e-03
220641 4.851848e-03
220781 4.789817e-03
220950 4.698226e-03
221075 4.616679e-03
221253 4.592508e-03
221274 4.536316e-03
221292 4.522285e-03
221338 4.513969e-03
221367 4.500958e-03
221446 4.420860e-03
221746 4.380825e-03
221852 4.336027e-03
222020 4.288258e-03
222080 4.285560e-03
222086 4.275064e-03
222132 4.249800e-03
222280 4.216277e-03
222313 4.198195e-03
222351 4.192376e-03
222388 4.186100e-03
222405 4.180363e-03
222431 4.150314e-03
222456 4.131169e-03
222482 4.125837e-03
222532 4.117096e-03
222579 4.111612e-03
222676 4.074931e-03
222729 4.049622e-03
222807 4.038128e-03
222898 4.023256e-03
222963 4.011208e-03
223099 3.951872e-03
223102 3.950831e-03
223167 3.945438e-03
223182 3.915958e-03
223272 3.907888e-03
223376 3.849332e-03
223509 3.843321e-03
223536 3.794780e-03
223694 3.784906e-03
223697 3.764449e-03
223774 3.741628e-03
223852 3.698020e-03
223900 3.686404e-03
223981 3.666598e-03
224010 3.654511e-03
224040 3.625684e-03
224081 3.579792e-03
224268 3.542173e-03
224298 3.494585e-03
224327 3.486113e-03
224343 3.472955e-03
224418 3.415486e-03
224453 3.396198e-03
224472 3.345081e-03
224873 3.321561e-03
224897 3.304648e-03
224951 3.294298e-03
224997 3.247928e-03
225009 3.214434e-03
225039 3.176555e-03
225065 3.162032e-03
225104 3.114130e-03
225161 3.008081e-03
225291 2.966223e-03
225315 2.933017e-03
225454 2.916057e-03
225480 2.892650e-03
225525 2.887982e-03
225547 2.849298e-03
225621 2.766273e-03
225658 2.670368e-03
226118 2.589983e-03
226246 2.575540e-03
226341 2.513688e-03
226604 2.490266e-03
226609 2.477841e-03
226756 2.451508e-03
226826 2.426453e-03
226835 2.417541e-03
227257 2.399830e-03
227263 2.398243e-03
227288 2.392405e-03
227334 2.391808e-03
227340 2.375299e-03
227378 2.342313e-03
227566 2.338921e-03
227588 2.337032e-03
227594 2.329695e-03
227625 2.321400e-03
227636 2.308742e-03
227688 2.301096e-03
227756 2.256388e-03
227976 2.243118e-03
228268 2.240650e-03
228321 2.228025e-03
228601 2.224913e-03
228655 2.214905e-03
228713 2.196113e-03
228976 2.183339e-03
229003 2.177854e-03
229024 2.172103e-03
229310 2.170869e-03
229321 2.165379e-03
229458 2.155302e-03
229789 2.152124e-03
229805 2.127580e-03
230187 2.115699e-03
230591 2.114481e-03
230595 2.112266e-03
230606 2.111172e-03
230650 2.105662e-03
230681 2.104924e-03
230711 2.103295e-03
230742 2.100639e-03
230805 2.098457e-03
230877 2.079513e-03
231083 2.079116e-03
231201 2.078334e-03
231247 2.077622e-03
231300 2.072531e-03
231360 2.070206e-03
231389 2.061416e-03
231419 2.058915e-03
231542 2.057859e-03
231652 2.054759e-03
231693 2.051919e-03
231699 2.043938e-03
231739 2.041529e-03
231907 2.038775e-03
231915 2.038484e-03
231957 2.035014e-03
232000 2.034684e-03
232028 2.027353e-03
232041 2.020944e-03
232070 2.016980e-03
232109 2.011508e-03
232236 2.008085e-03
232336 2.002676e-03
232443 2.001392e-03
232491 1.980563e-03
232558 1.978830e-03
232560 1.964984e-03
232617 1.959649e-03
232653 1.946729e-03
232765 1.946366e-03
232803 1.940361e-03
232842 1.940256e-03
232844 1.935655e-03
232881 1.929325e-03
233016 1.920812e-03
233062 1.916695e-03
233067 1.899329e-03
233103 1.885975e-03
233169 1.884728e-03
233177 1.882491e-03
233187 1.882370e-03
233215 1.859469e-03
233327 1.842963e-03
233367 1.822682e-03
233458 1.821239e-03
233512 1.809057e-03
233576 1.801078e-03
233618 1.780791e-03
233726 1.739359e-03
233817 1.725566e-03
234062 1.674175e-03
234123 1.626206e-03
234153 1.567160e-03
234156 1.499543e-03
234339 1.491948e-03
234384 1.468144e-03
234399 1.362050e-03
234696 1.227409e-03
234920 1.227387e-03
234940 1.117912e-03
235017 1.097564e-03
235086 1.074731e-03
235110 1.067390e-03
235115 1.038302e-03
235212 1.002594e-03
235273 9.860205e-04
235324 9.855902e-04
235374 9.104106e-04
235455 8.732391e-04
235586 8.431049e-04
235661 8.164417e-04
235848 7.918000e-04
235948 7.797563e-04
236063 7.565063e-04
236137 7.481257e-04
236354 7.383712e-04
236444 7.372537e-04
236461 6.971121e-04
236583 6.832615e-04
236612 6.744538e-04
236785 6.695128e-04
236849 6.555804e-04
237032 6.473287e-04
237034 6.388398e-04
237070 6.322876e-04
237242 6.303143e-04
237249 6.182720e-04
237415 6.165744e-04
237474 6.153906e-04
237483 6.090466e-04
237489 6.075679e-04
237515 6.071985e-04
237745 6.012990e-04
237801 5.935320e-04
237924 5.925464e-04
237944 5.891511e-04
237994 5.883489e-04
238081 5.879035e-04
238162 5.872063e-04
238249 5.871015e-04
238269 5.854769e-04
238362 5.801383e-04
238417 5.798295e-04
238475 5.773536e-04
238528 5.766880e-04
238578 5.754101e-04
238825 5.745206e-04
238827 5.705741e-04
238830 5.697934e-04
238970 5.692038e-04
238997 5.658447e-04
239093 5.649565e-04
239217 5.626256e-04
239296 5.625132e-04
239299 5.592007e-04
239404 5.551004e-04
239774 5.541106e-04
239841 5.533742e-04
239883 5.495267e-04
240089 5.489090e-04
240102 5.479678e-04
240124 5.472624e-04
240139 5.426037e-04
240241 5.424283e-04
240303 5.421111e-04
240529 5.407290e-04
240581 5.348380e-04
240610 5.339148e-04
240664 5.334640e-04
240698 5.322387e-04
240706 5.272448e-04
240737 5.231340e-04
240843 5.222274e-04
240853 5.148610e-04
241027 5.094711e-04
241130 5.063414e-04
241136 5.035969e-04
241186 5.016906e-04
241327 5.004167e-04
241336 4.995966e-04
241429 4.991882e-04
241498 4.988361e-04
241546 4.983673e-04
241552 4.887724e-04
241617 4.850131e-04
241917 4.843464e-04
241948 4.819714e-04
241960 4.819137e-04
241963 4.778235e-04
242144 4.762680e-04
242150 4.751932e-04
242161 4.710002e-04
242262 4.700500e-04
242289 4.685638e-04
242358 4.626056e-04
242448 4.607480e-04
242619 4.604377e-04
242625 4.571537e-04
242659 4.570205e-04
242698 4.556433e-04
242752 4.551894e-04
242808 4.500992e-04
242923 4.499432e-04
242991 4.487474e-04
243013 4.481375e-04
243124 4.452117e-04
243152 4.414652e-04
243163 4.399017e-04
243215 4.321217e-04
243549 4.316966e-04
243605 4.308317e-04
243653 4.219184e-04
243786 4.218303e-04
243894 4.206522e-04
243911 4.154196e-04
243967 4.144134e-04
244118 4.117219e-04
244192 4.112282e-04
244232 4.011965e-04
244320 3.989359e-04
244379 3.975327e-04
244400 3.908203e-04
244525 3.879773e-04
244702 3.796429e-04
244740 3.731736e-04
244820 3.647432e-04
244961 3.598057e-04
245028 3.596810e-04
245067 3.595406e-04
245072 3.572509e-04
245080 3.513167e-04
245090 3.488788e-04
245095 3.398544e-04
245226 3.384546e-04
245234 3.311451e-04
245264 3.284740e-04
245320 3.234169e-04
245402 3.208515e-04
245406 3.116105e-04
245536 3.105139e-04
245564 3.089531e-04
245625 3.036619e-04
245643 2.909653e-04
245705 2.822833e-04
245826 2.772810e-04
245926 2.698227e-04
245975 2.632948e-04
246192 2.619595e-04
246195 2.435448e-04
246282 2.416583e-04
246364 2.415806e-04
246400 2.370269e-04
246407 2.302962e-04
246411 2.302300e-04
246463 2.219573e-04
246534 2.213037e-04
246649 2.205503e-04
246696 2.183077e-04
246714 1.968200e-04
246821 1.954752e-04
246822 1.951156e-04
246849 1.903956e-04
246919 1.844236e-04
246986 1.813839e-04
247000 1.691949e-04
247042 1.678615e-04
247159 1.675176e-04
247182 1.669965e-04
247187 1.597144e-04
247238 1.576554e-04
247248 1.518631e-04
247472 1.468000e-04
247539 1.308928e-04
247589 1.229930e-04
247651 1.228788e-04
247668 1.203489e-04
247783 1.175324e-04
247803 1.168854e-04
247869 1.114827e-04
247976 1.018650e-04
248111 9.463126e-05
248202 8.695211e-05
248228 8.199935e-05
248238 7.669406e-05
248270 6.691128e-05
248448 6.619150e-05
248453 6.180880e-05
248462 5.301527e-05
248565 5.190654e-05
248582 3.722139e-05
248876 3.110897e-05
249014 2.459318e-05
249126 2.417246e-05
249142 2.391852e-05
249177 2.338785e-05
249240 2.248374e-05
249265 2.066164e-05
249413 1.825081e-05
249551 1.603519e-05
249554 1.595074e-05
249627 1.533219e-05
249925 1.167447e-05
249987 1.157528e-05
250140 1.030400e-05
250233 1.020501e-05
250236 9.264016e-06
250385 7.451988e-06
250499 5.766480e-06
250755 4.736185e-06
251067 4.587839e-06
251199 4.421109e-06
251291 4.267528e-06
251438 4.029716e-06
251459 3.672464e-06
251552 3.597285e-06
251628 3.368443e-06
251661 3.232540e-06
251821 3.201029e-06
251843 3.137999e-06
251868 3.042586e-06
251915 2.929696e-06
251936 2.900464e-06
251954 2.881791e-06
251975 2.648085e-06
252047 2.606101e-06
252119 2.548008e-06
252130 2.436028e-06
252141 2.198232e-06
252151 2.113088e-06
252297 2.100914e-06
252343 2.017376e-06
252429 1.983086e-06
252490 1.927430e-06
252511 1.921422e-06
252589 1.811488e-06
252676 1.736959e-06
252740 1.670855e-06
252761 1.577448e-06
252810 1.553595e-06
252850 1.465255e-06
252991 1.384348e-06
253008 1.186290e-06
253069 1.145507e-06
253258 1.089158e-06
253276 1.068881e-06
253317 1.014939e-06
253427 9.743374e-07
253429 9.557442e-07
253516 8.436198e-07
253835 7.980529e-07
254039 7.263415e-07
254309 6.909745e-07
254469 6.619374e-07
254491 6.473910e-07
254535 6.425085e-07
254617 6.144599e-07
254778 5.790862e-07
255170 5.739875e-07
255232 5.404615e-07
255240 5.146841e-07
255610 5.145284e-07
255621 5.032625e-07
255723 4.978369e-07
255875 4.795529e-07
256484 4.637576e-07
256665 4.615053e-07
256763 4.555280e-07
256789 4.441348e-07
256859 4.439776e-07
256984 4.438723e-07
257015 4.371230e-07
257042 4.238745e-07
257120 4.167403e-07
257152 4.159996e-07
257286 4.107659e-07
257349 4.074993e-07
257382 4.034529e-07
257547 3.900891e-07
257714 3.827257e-07
257806 3.806484e-07
258049 3.753247e-07
258062 3.660465e-07
258246 3.618429e-07
258304 3.442032e-07
258451 3.393877e-07
258703 3.351696e-07
258765 3.348102e-07
258921 3.343469e-07
259017 3.306843e-07
259037 3.276806e-07
259103 3.245913e-07
259187 3.212488e-07
259196 3.208949e-07
259507 3.201094e-07
259598 3.189191e-07
259621 3.186117e-07
259666 3.178251e-07
259669 3.160126e-07
259692 3.158755e-07
259736 3.157700e-07
259813 3.147616e-07
259881 3.091243e-07
260106 3.074547e-07
260182 3.067778e-07
260253 3.041075e-07
260297 3.028484e-07
260303 3.022737e-07
260323 3.012146e-07
260485 3.006970e-07
260526 2.991135e-07
260678 2.987816e-07
260707 2.945980e-07
260742 2.940968e-07
260800 2.937544e-07
260866 2.909850e-07
260953 2.908936e-07
261003 2.891455e-07
261080 2.854054e-07
261392 2.853435e-07
261441 2.839030e-07
261503 2.825129e-07
261683 2.817303e-07
261697 2.814206e-07
261737 2.784072e-07
261815 2.775441e-07
261835 2.768962e-07
261970 2.721974e-07
262114 2.714675e-07
262194 2.690371e-07
262311 2.680141e-07
262471 2.675391e-07
262488 2.666693e-07
262546 2.659151e-07
262615 2.648091e-07
262624 2.635729e-07
262735 2.610527e-07
262744 2.601524e-07
262901 2.591072e-07
262941 2.589591e-07
262970 2.583384e-07
262994 2.575232e-07
263006 2.573679e-07
263054 2.532996e-07
263108 2.487380e-07
263815 2.485731e-07
263915 2.469230e-07
263999 2.466594e-07
264133 2.452911e-07
264203 2.439990e-07
264364 2.439111e-07
264389 2.438434e-07
264433 2.399746e-07
264513 2.379793e-07
264786 2.373566e-07
264844 2.350650e-07
265109 2.345553e-07
265207 2.332991e-07
265311 2.328606e-07
265351 2.305195e-07
265381 2.301155e-07
265437 2.289215e-07
265522 2.284127e-07
265637 2.278525e-07
265686 2.277191e-07
265708 2.266128e-07
265757 2.254312e-07
265826 2.247758e-07
266027 2.241221e-07
266052 2.238160e-07
266096 2.196008e-07
266154 2.195682e-07
266280 2.192013e-07
266411 2.174121e-07
266539 2.172798e-07
266667 2.160146e-07
266696 2.152828e-07
266729 2.144832e-07
266756 2.132662e-07
266792 2.107103e-07
266829 2.106647e-07
266831 2.093777e-07
266896 2.090480e-07
266973 2.089773e-07
266983 2.061113e-07
267044 2.050265e-07
267090 2.048399e-07
267117 2.026566e-07
267169 1.990707e-07
267194 1.976384e-07
267206 1.922563e-07
267300 1.856767e-07
267494 1.815809e-07
267529 1.778118e-07
267538 1.751601e-07
267588 1.725425e-07
267678 1.690873e-07
267724 1.689715e-07
267760 1.669921e-07
267794 1.669631e-07
267795 1.582920e-07
267931 1.582150e-07
267945 1.566186e-07
267960 1.534805e-07
267991 1.447095e-07
268070 1.430118e-07
268138 1.388487e-07
268166 1.366254e-07
268214 1.254129e-07
268318 1.201911e-07
268402 1.200664e-07
268447 1.181395e-07
268464 9.446848e-08
268567 8.453173e-08
269061 8.177287e-08
269136 8.037941e-08
269272 7.960553e-08
269333 6.814781e-08
269424 6.557926e-08
269472 6.166637e-08
270113 6.015840e-08
270134 5.744836e-08
270384 5.482685e-08
270404 5.467318e-08
270437 5.206188e-08
270556 5.183628e-08
270626 4.889655e-08
270656 4.805605e-08
270773 4.771656e-08
270813 4.668777e-08
270897 4.654097e-08
270914 4.594876e-08
270968 4.540058e-08
270985 4.375561e-08
271036 4.345083e-08
271043 4.009162e-08
271619 3.875950e-08
271733 3.735354e-08
271866 3.691204e-08
271905 3.613567e-08
272125 3.598897e-08
272148 3.578189e-08
272219 3.519173e-08
272352 3.489493e-08
272416 3.482676e-08
272463 3.463105e-08
272524 3.397709e-08
272549 3.394848e-08
272607 3.371327e-08
272679 3.348994e-08
272894 3.326396e-08
272976 3.297790e-08
273029 3.231790e-08
273116 3.216599e-08
273231 3.196949e-08
273373 3.185851e-08
273461 3.168521e-08
273477 3.159847e-08
273494 3.116120e-08
273530 2.983885e-08
273880 2.875122e-08
274297 2.808868e-08
274321 2.802978e-08
274378 2.771094e-08
274447 2.686791e-08
274461 2.617657e-08
274518 2.537239e-08
274795 2.473097e-08
274972 2.468973e-08
275011 2.383522e-08
275077 2.369492e-08
275166 2.359909e-08
275190 2.331032e-08
275204 2.322638e-08
275220 2.302256e-08
275276 2.280915e-08
275358 2.272502e-08
275380 2.204822e-08
275416 2.198708e-08
275493 2.184775e-08
275571 2.135973e-08
275879 2.102490e-08
275959 2.063181e-08
275997 2.052126e-08
276046 2.037589e-08
276059 2.031312e-08
276276 1.992813e-08
276298 1.984219e-08
276321 1.965664e-08
276329 1.878917e-08
276633 1.863179e-08
276672 1.860205e-08
276730 1.789529e-08
276834 1.777270e-08
276865 1.773625e-08
276887 1.771279e-08
276936 1.763041e-08
276965 1.753026e-08
276979 1.741440e-08
277001 1.685313e-08
277113 1.603172e-08
277373 1.566793e-08
277455 1.563711e-08
277546 1.563235e-08
277547 1.536120e-08
277672 1.525900e-08
277744 1.502300e-08
277779 1.485049e-08
277788 1.479572e-08
277801 1.415530e-08
277965 1.411243e-08
278032 1.399945e-08
278034 1.383493e-08
278085 1.348187e-08
278121 1.329475e-08
278152 1.288784e-08
278348 1.281033e-08
278462 1.226060e-08
278799 1.203844e-08
278885 1.166488e-08
278922 1.147570e-08
278967 1.045254e-08
279002 1.021733e-08
279404 1.003042e-08
279433 9.656284e-09
