1 8.546475e+02
6 7.828731e+02
12 2.906489e+02
125 2.562843e+02
187 2.485664e+02
223 1.769793e+02
246 1.004292e+02
382 9.838708e+01
498 9.062229e+01
521 8.929739e+01
559 7.207596e+01
585 7.184234e+01
838 6.035520e+01
1074 5.329581e+01
1337 5.023034e+01
1727 4.839005e+01
1921 4.446745e+01
2072 4.368751e+01
2504 4.131232e+01
2918 3.309359e+01
2985 3.168455e+01
3043 2.476380e+01
3071 2.135803e+01
3215 1.941758e+01
3237 1.272337e+01
3328 1.172151e+01
3409 1.166467e+01
3439 1.095568e+01
3449 1.042899e+01
3457 9.956972e+00
3465 9.836028e+00
3471 9.177782e+00
3484 8.921289e+00
3510 7.852793e+00
3519 7.840663e+00
3577 6.381148e+00
3584 6.287584e+00
3613 6.243267e+00
3630 5.351943e+00
3663 5.026215e+00
3748 4.788789e+00
3804 4.617337e+00
3896 4.586877e+00
3912 4.404971e+00
3973 4.379628e+00
3993 4.351773e+00
4004 4.315842e+00
4008 4.178839e+00
4027 4.155821e+00
4064 4.045021e+00
4147 4.017348e+00
4231 4.006315e+00
4259 4.002975e+00
4276 3.997874e+00
4322 3.997779e+00
4324 3.997694e+00
4333 3.995190e+00
4355 3.989243e+00
4370 3.989137e+00
4381 3.986758e+00
4404 3.985217e+00
4405 3.983303e+00
4496 3.983211e+00
4529 3.982618e+00
4567 3.982467e+00
4581 3.981337e+00
4588 3.980922e+00
4618 3.980629e+00
4730 3.980385e+00
4748 3.980128e+00
4749 3.980079e+00
4810 3.980010e+00
4833 3.979978e+00
4859 3.979907e+00
4904 3.979900e+00
4914 3.979883e+00
4936 3.979862e+00
5005 3.979860e+00
5042 3.979855e+00
5054 3.979849e+00
5056 3.979843e+00
5301 3.979842e+00
5303 3.979841e+00
5304 3.979838e+00
5404 3.979838e+00
5428 3.979838e+00
5451 3.979837e+00
5583 3.979837e+00
5680 3.979836e+00
5693 3.979836e+00
5705 3.979836e+00
5728 3.979836e+00
5735 3.979836e+00
5874 3.979836e+00
5884 3.979836e+00
5900 3.979836e+00
5928 3.979836e+00
5974 3.979836e+00
5977 3.979836e+00
6019 3.979836e+00
6025 3.979836e+00
6059 3.979836e+00
6062 3.979836e+00
6069 3.979836e+00
6223 3.979836e+00
6251 3.979836e+00
6318 3.979836e+00
6325 3.979836e+00
6386 3.979836e+00
6432 3.979836e+00
6436 3.979836e+00
6479 3.979836e+00
6496 3.979836e+00
6500 3.979836e+00
6519 3.979836e+00
6534 3.979836e+00
6671 3.979836e+00
6734 3.979836e+00
6840 3.979836e+00
6881 3.979836e+00
6908 3.979836e+00
43594 2.944731e+00
44010 2.926277e+00
44100 2.896850e+00
44143 2.734952e+00
44173 2.674919e+00
44342 2.477215e+00
44531 2.473089e+00
44571 2.189991e+00
44822 2.180403e+00
44845 2.167617e+00
44887 2.155179e+00
45007 2.114309e+00
45018 2.072537e+00
45054 2.060210e+00
45080 2.059675e+00
45086 2.059482e+00
45092 2.013256e+00
45291 2.012536e+00
45397 2.011746e+00
45426 2.007415e+00
45522 1.997482e+00
45676 1.992873e+00
45925 1.992415e+00
46012 1.991172e+00
46289 1.990931e+00
46371 1.990600e+00
46437 1.990577e+00
46438 1.990172e+00
46548 1.990139e+00
46825 1.990092e+00
46879 1.990091e+00
46883 1.990084e+00
46906 1.990068e+00
46944 1.990042e+00
46958 1.990008e+00
46985 1.989990e+00
47116 1.989970e+00
47178 1.989961e+00
47218 1.989943e+00
47373 1.989941e+00
47474 1.989939e+00
47495 1.989932e+00
47541 1.989928e+00
47568 1.989927e+00
47634 1.989926e+00
47751 1.989923e+00
47873 1.989923e+00
47943 1.989921e+00
48037 1.989921e+00
48090 1.989919e+00
48395 1.989919e+00
48445 1.989919e+00
48450 1.989919e+00
48458 1.989919e+00
48474 1.989919e+00
48489 1.989919e+00
48522 1.989919e+00
48548 1.989919e+00
48555 1.989919e+00
48560 1.989919e+00
48730 1.989919e+00
48744 1.989919e+00
48766 1.989918e+00
48816 1.989918e+00
48901 1.989918e+00
48937 1.989918e+00
48963 1.989918e+00
49042 1.989918e+00
49052 1.989918e+00
49127 1.989918e+00
49293 1.989918e+00
49303 1.989918e+00
49375 1.989918e+00
49472 1.989918e+00
49506 1.989918e+00
49650 1.989918e+00
49733 1.989918e+00
49762 1.989918e+00
49934 1.989918e+00
49944 1.989918e+00
50086 1.989918e+00
50159 1.989918e+00
50305 1.989918e+00
50325 1.989918e+00
50326 1.989918e+00
50375 1.989918e+00
50558 1.989918e+00
50603 1.989918e+00
50646 1.989918e+00
50665 1.989918e+00
50834 1.989918e+00
50853 1.989918e+00
50935 1.989918e+00
50948 1.989918e+00
51156 1.989918e+00
51470 1.989918e+00
51474 1.989918e+00
51522 1.989918e+00
51578 1.989918e+00
51658 1.989918e+00
