1 6.436933e+04
3 3.941265e+04
15 3.503521e+04
17 3.165125e+04
71 1.737301e+04
518 1.434000e+04
549 1.195885e+04
644 1.014878e+04
667 7.976598e+03
744 7.744062e+03
750 7.341225e+03
765 6.321834e+03
794 5.622320e+03
851 5.084482e+03
914 4.475166e+03
916 3.990816e+03
945 3.562326e+03
947 3.282350e+03
1011 3.075317e+03
1041 2.478661e+03
1113 1.958316e+03
1147 1.673541e+03
1245 1.641033e+03
1346 1.619385e+03
1359 1.206336e+03
1409 1.035755e+03
1425 9.972589e+02
1453 8.660347e+02
1537 8.173446e+02
1579 7.283511e+02
1614 6.042048e+02
1767 5.437197e+02
1780 5.162691e+02
1790 4.929103e+02
1866 4.016746e+02
1881 3.418724e+02
2172 3.400567e+02
2203 3.389016e+02
2238 3.388364e+02
2244 3.307877e+02
2278 3.190781e+02
2297 2.950614e+02
2335 2.886296e+02
2361 2.538039e+02
2363 2.193939e+02
2464 2.191580e+02
2549 2.095624e+02
2571 2.009547e+02
2607 1.782898e+02
2641 1.521038e+02
2760 1.346536e+02
2814 1.267380e+02
2852 1.214034e+02
2951 1.101332e+02
2964 8.780224e+01
3132 8.444213e+01
3235 8.222784e+01
3410 8.026958e+01
3424 7.949344e+01
3510 7.215872e+01
3543 6.848862e+01
3616 6.687332e+01
3644 6.655480e+01
3650 6.401161e+01
3707 6.168566e+01
3785 5.738081e+01
3849 5.659437e+01
3917 5.652499e+01
3923 5.608608e+01
3994 5.601644e+01
4000 5.562801e+01
4004 5.490849e+01
4031 5.483754e+01
4075 5.452324e+01
4135 5.411343e+01
4168 5.362151e+01
4193 5.260347e+01
4239 5.164136e+01
4252 5.135812e+01
4280 5.117260e+01
4335 5.051415e+01
4422 5.002366e+01
4483 4.985972e+01
4503 4.983750e+01
4520 4.964175e+01
4555 4.956246e+01
4559 4.934227e+01
4636 4.927507e+01
4644 4.922116e+01
4655 4.913846e+01
4665 4.903329e+01
4696 4.894121e+01
4708 4.882752e+01
4720 4.878866e+01
4778 4.841008e+01
4815 4.823043e+01
4835 4.822599e+01
4937 4.807570e+01
5014 4.794317e+01
5036 4.790632e+01
5088 4.766707e+01
5241 4.756094e+01
5255 4.737165e+01
5421 4.733980e+01
5541 4.732421e+01
5555 4.730573e+01
5607 4.723720e+01
5631 4.723012e+01
5643 4.722790e+01
5651 4.718979e+01
5710 4.713661e+01
5735 4.708911e+01
5781 4.703235e+01
5948 4.701999e+01
6080 4.700437e+01
6108 4.698876e+01
6140 4.692787e+01
6372 4.692374e+01
6374 4.689232e+01
6379 4.688402e+01
6431 4.688334e+01
6472 4.687575e+01
6537 4.683254e+01
6713 4.683062e+01
6735 4.681880e+01
6737 4.681592e+01
6757 4.681434e+01
6793 4.680016e+01
6859 4.678399e+01
6961 4.678153e+01
7132 4.677926e+01
7133 4.676550e+01
7188 4.676070e+01
7190 4.673394e+01
7197 4.669406e+01
7285 4.666100e+01
7469 4.661029e+01
7709 4.658484e+01
7742 4.647981e+01
7905 4.647094e+01
8011 4.643316e+01
8068 4.638889e+01
8136 4.634395e+01
8303 4.633709e+01
8426 4.630889e+01
8428 4.629725e+01
8659 4.628057e+01
8756 4.614603e+01
8899 4.610343e+01
8912 4.594059e+01
9377 4.593755e+01
9404 4.592935e+01
9411 4.591641e+01
9423 4.588913e+01
9441 4.587314e+01
9506 4.577416e+01
9647 4.567314e+01
9696 4.554889e+01
9813 4.548473e+01
9910 4.541915e+01
9937 4.532516e+01
10056 4.530045e+01
10080 4.525686e+01
10179 4.520192e+01
10195 4.517730e+01
10286 4.515906e+01
10359 4.511137e+01
10410 4.509833e+01
10437 4.502704e+01
10558 4.496494e+01
10636 4.491963e+01
10692 4.488299e+01
10764 4.487552e+01
10767 4.485916e+01
10845 4.485012e+01
10887 4.482732e+01
10900 4.480883e+01
11178 4.479161e+01
11264 4.462522e+01
11409 4.458241e+01
11530 4.457832e+01
11755 4.456441e+01
11805 4.453528e+01
11824 4.449888e+01
11831 4.448382e+01
11862 4.440489e+01
11942 4.439424e+01
11945 4.435402e+01
12086 4.435231e+01
12091 4.432738e+01
12097 4.430244e+01
12121 4.428446e+01
12129 4.425105e+01
12142 4.423254e+01
12178 4.422767e+01
12218 4.416366e+01
12273 4.408004e+01
12444 4.406392e+01
12492 4.406300e+01
12528 4.401041e+01
12680 4.400544e+01
12699 4.399603e+01
12724 4.396342e+01
12747 4.394987e+01
12766 4.394558e+01
12772 4.393120e+01
12792 4.392842e+01
12853 4.392089e+01
12871 4.388185e+01
12873 4.387387e+01
12976 4.383803e+01
13107 4.382973e+01
13180 4.382937e+01
13182 4.378900e+01
13274 4.378793e+01
13276 4.378431e+01
13286 4.378394e+01
13293 4.378138e+01
13297 4.376940e+01
13348 4.376468e+01
13434 4.376227e+01
13447 4.374782e+01
13487 4.373286e+01
13525 4.370826e+01
13645 4.370768e+01
13666 4.368329e+01
13719 4.367871e+01
13720 4.365944e+01
13993 4.363857e+01
14090 4.363137e+01
14143 4.363066e+01
14150 4.359646e+01
14253 4.358662e+01
14633 4.358290e+01
14648 4.357706e+01
14739 4.356957e+01
14830 4.356077e+01
15016 4.354967e+01
15071 4.354930e+01
15079 4.354317e+01
15139 4.353575e+01
15167 4.352703e+01
15174 4.351860e+01
15280 4.350549e+01
15525 4.350106e+01
15595 4.349476e+01
15682 4.348880e+01
15748 4.348798e+01
15782 4.348556e+01
15821 4.348351e+01
15969 4.348147e+01
16071 4.347402e+01
16224 4.347106e+01
16255 4.346896e+01
16484 4.346881e+01
16774 4.346463e+01
