1 1.282856e+04
2 1.225634e+04
4 1.113752e+04
18 1.029056e+04
175 1.010496e+04
683 9.889056e+03
726 9.836500e+03
748 9.476808e+03
1303 9.471805e+03
1315 8.892663e+03
1317 8.809104e+03
2096 8.575022e+03
2117 8.474551e+03
2587 8.097581e+03
3018 7.583840e+03
3592 7.032227e+03
4200 7.027486e+03
5292 6.991248e+03
5355 6.794023e+03
5787 6.778269e+03
5857 6.656974e+03
6423 6.648890e+03
6488 6.189062e+03
6501 6.016557e+03
6695 5.313157e+03
6980 5.257273e+03
6989 5.046305e+03
7051 4.917583e+03
7076 4.480458e+03
7178 4.154543e+03
7266 4.043880e+03
7310 3.535147e+03
7459 3.508882e+03
7512 3.479732e+03
7543 3.464662e+03
7547 3.029602e+03
7659 2.995574e+03
7668 2.528012e+03
7756 2.484853e+03
7812 2.280419e+03
7925 2.270785e+03
7963 2.220867e+03
7998 2.180997e+03
8027 2.115652e+03
8033 1.874788e+03
8051 1.763551e+03
8101 1.741268e+03
8142 1.670592e+03
8225 1.635575e+03
8278 1.576355e+03
8280 1.530949e+03
8289 1.446380e+03
8407 1.431188e+03
8428 1.404596e+03
8468 1.353007e+03
8530 1.352602e+03
8564 1.313140e+03
8580 1.294097e+03
8656 1.291316e+03
8695 1.287246e+03
8705 1.280934e+03
8710 1.269902e+03
8725 1.251351e+03
8785 1.242952e+03
8857 1.232363e+03
8936 1.228668e+03
8940 1.227395e+03
8946 1.203682e+03
8997 1.193537e+03
9040 1.193136e+03
9109 1.187993e+03
9150 1.186593e+03
9211 1.178734e+03
9325 1.177840e+03
9342 1.177355e+03
9345 1.171641e+03
9405 1.167422e+03
9413 1.166463e+03
9504 1.164617e+03
9532 1.163383e+03
9538 1.159335e+03
9754 1.155663e+03
9833 1.155505e+03
9858 1.155404e+03
9982 1.154717e+03
9987 1.154426e+03
10018 1.154022e+03
10024 1.153513e+03
10064 1.153344e+03
10089 1.151094e+03
10161 1.151018e+03
10188 1.150772e+03
10198 1.150692e+03
10282 1.150519e+03
10293 1.150334e+03
10345 1.149824e+03
10508 1.149580e+03
10558 1.149446e+03
10616 1.149223e+03
10662 1.148995e+03
10667 1.148874e+03
10703 1.148726e+03
10728 1.148591e+03
10839 1.148569e+03
10848 1.148544e+03
10894 1.148333e+03
10898 1.148323e+03
10968 1.148316e+03
10969 1.148236e+03
11022 1.148206e+03
11024 1.148085e+03
11123 1.148025e+03
11156 1.147974e+03
11244 1.147967e+03
11284 1.147911e+03
11346 1.147907e+03
11416 1.147877e+03
11427 1.147871e+03
11469 1.147859e+03
11480 1.147838e+03
11501 1.147801e+03
11614 1.147792e+03
11628 1.147770e+03
11631 1.147750e+03
11642 1.147745e+03
11813 1.147745e+03
11837 1.147737e+03
11900 1.147734e+03
11924 1.147729e+03
11978 1.147729e+03
11985 1.147727e+03
11987 1.147725e+03
11995 1.147720e+03
12041 1.147710e+03
12097 1.147703e+03
12216 1.147703e+03
12272 1.147700e+03
12343 1.147700e+03
12345 1.147697e+03
12346 1.147693e+03
12503 1.147692e+03
12570 1.147691e+03
12638 1.147691e+03
12644 1.147690e+03
12667 1.147690e+03
12673 1.147690e+03
12707 1.147689e+03
12781 1.147688e+03
12834 1.147688e+03
12886 1.147687e+03
13017 1.147686e+03
13027 1.147686e+03
13046 1.147686e+03
13151 1.147686e+03
13163 1.147686e+03
13181 1.147686e+03
13270 1.147686e+03
13307 1.147686e+03
13313 1.147686e+03
13323 1.147686e+03
13368 1.147686e+03
13371 1.147686e+03
13382 1.147686e+03
13402 1.147685e+03
13431 1.147685e+03
13527 1.147685e+03
13528 1.147685e+03
13533 1.147685e+03
13549 1.147685e+03
13584 1.147685e+03
13624 1.147685e+03
13735 1.147685e+03
13800 1.147685e+03
13856 1.147685e+03
13884 1.147685e+03
13941 1.147685e+03
13953 1.147685e+03
13975 1.147685e+03
14010 1.147685e+03
14027 1.147685e+03
14043 1.147685e+03
14052 1.147685e+03
14193 1.147685e+03
14297 1.147685e+03
14305 1.147685e+03
14408 1.147685e+03
14430 1.147685e+03
14567 1.147685e+03
14620 1.147685e+03
14654 1.147685e+03
14688 1.147685e+03
14769 1.147685e+03
14958 1.147685e+03
14972 1.147685e+03
14980 1.147685e+03
15012 1.147685e+03
15190 1.147685e+03
15415 1.147685e+03
15429 1.147685e+03
15495 1.147685e+03
15513 1.147685e+03
15622 1.147685e+03
15633 1.147685e+03
15653 1.147685e+03
15749 1.147685e+03
15756 1.147685e+03
15764 1.147685e+03
15792 1.147685e+03
15808 1.147685e+03
15815 1.147685e+03
15863 1.147685e+03
15890 1.147685e+03
16061 1.147685e+03
16128 1.147685e+03
16213 1.147685e+03
16236 1.147685e+03
16345 1.147685e+03
16394 1.147685e+03
16416 1.147685e+03
16441 1.147685e+03
16450 1.147685e+03
16544 1.147685e+03
16583 1.147685e+03
16586 1.147685e+03
16664 1.147685e+03
16684 1.147685e+03
16853 1.147685e+03
16875 1.147685e+03
16895 1.147685e+03
16995 1.147685e+03
16996 1.147685e+03
17050 1.147685e+03
17073 1.147685e+03
17115 1.147685e+03
17121 1.147685e+03
17264 1.147685e+03
17278 1.147685e+03
17352 1.147685e+03
17393 1.147685e+03
17430 1.147685e+03
17482 1.147685e+03
17612 1.147685e+03
17622 1.147685e+03
17658 1.147685e+03
17714 1.147685e+03
17747 1.147685e+03
17844 1.147685e+03
17856 1.147685e+03
17880 1.147685e+03
17942 1.147685e+03
17980 1.147685e+03
18035 1.147685e+03
18037 1.147685e+03
18069 1.147685e+03
18073 1.147685e+03
18080 1.147685e+03
18208 1.147685e+03
18226 1.147685e+03
18227 1.147685e+03
18258 1.147685e+03
18422 1.147685e+03
18424 1.147685e+03
18461 1.147685e+03
18542 1.147685e+03
18581 1.147685e+03
18587 1.147685e+03
18608 1.147685e+03
18657 1.147685e+03
18690 1.147685e+03
18701 1.147685e+03
18702 1.147685e+03
18753 1.147685e+03
18830 1.147685e+03
18873 1.147685e+03
18875 1.147685e+03
18900 1.147685e+03
18922 1.147685e+03
18954 1.147685e+03
18971 1.147685e+03
19019 1.147685e+03
19061 1.147685e+03
19063 1.147685e+03
19074 1.147685e+03
19149 1.147685e+03
19296 1.147685e+03
19301 1.147685e+03
19362 1.147685e+03
19406 1.147685e+03
19415 1.147685e+03
169895 9.175236e+02
170398 8.356979e+02
170445 8.274791e+02
170569 7.917898e+02
170690 7.531291e+02
170733 7.411737e+02
170797 6.495963e+02
170879 6.491756e+02
170971 6.393922e+02
171150 5.124002e+02
171487 4.932551e+02
171611 4.900132e+02
171710 4.745481e+02
171715 4.373132e+02
171806 4.283206e+02
171948 4.025592e+02
171995 3.995284e+02
172079 3.657106e+02
172437 3.487914e+02
172704 3.459346e+02
172873 3.451225e+02
172952 3.318531e+02
173125 3.169462e+02
173366 3.156211e+02
173494 3.090007e+02
173624 3.080408e+02
173713 3.019694e+02
173942 3.010562e+02
174115 2.957337e+02
174610 2.936254e+02
174733 2.936107e+02
174818 2.935570e+02
174827 2.924222e+02
174849 2.920252e+02
174904 2.904711e+02
175036 2.887031e+02
175311 2.875451e+02
175785 2.869272e+02
175838 2.868320e+02
175858 2.864638e+02
175949 2.860221e+02
176119 2.853868e+02
176373 2.853509e+02
176550 2.851060e+02
176582 2.849810e+02
176630 2.849724e+02
176648 2.848239e+02
176773 2.848160e+02
176800 2.847320e+02
176860 2.846546e+02
176946 2.846200e+02
177151 2.845963e+02
177278 2.845860e+02
177349 2.845018e+02
177418 2.844483e+02
177640 2.843497e+02
177698 2.842766e+02
177980 2.842479e+02
178087 2.841632e+02
178364 2.841129e+02
178553 2.841106e+02
178607 2.840812e+02
178927 2.840698e+02
179059 2.840679e+02
179065 2.840604e+02
179144 2.840512e+02
179271 2.840503e+02
179277 2.840501e+02
179285 2.840476e+02
179467 2.840459e+02
179494 2.840263e+02
179614 2.840196e+02
179716 2.840172e+02
179991 2.840126e+02
180067 2.840111e+02
180407 2.840110e+02
180461 2.840076e+02
180758 2.840069e+02
180807 2.840063e+02
180812 2.840035e+02
181205 2.840035e+02
181234 2.840034e+02
181261 2.840029e+02
181331 2.840020e+02
181349 2.840016e+02
181369 2.840000e+02
181501 2.839996e+02
181595 2.839995e+02
181650 2.839990e+02
181899 2.839985e+02
182074 2.839984e+02
182272 2.839982e+02
182402 2.839981e+02
182495 2.839978e+02
182614 2.839975e+02
182844 2.839973e+02
182855 2.839973e+02
182970 2.839973e+02
182980 2.839972e+02
183030 2.839972e+02
183060 2.839971e+02
183095 2.839970e+02
183280 2.839970e+02
183432 2.839970e+02
183755 2.839970e+02
183781 2.839969e+02
183814 2.839969e+02
183856 2.839969e+02
183883 2.839969e+02
183944 2.839969e+02
183959 2.839969e+02
184097 2.839968e+02
184224 2.839968e+02
184295 2.839968e+02
184371 2.839968e+02
184427 2.839968e+02
184457 2.839967e+02
184525 2.839967e+02
184588 2.839967e+02
184624 2.839967e+02
184713 2.839967e+02
184719 2.839967e+02
184726 2.839967e+02
184806 2.839967e+02
184855 2.839967e+02
184914 2.839967e+02
184972 2.839966e+02
185099 2.839966e+02
185123 2.839966e+02
185167 2.839966e+02
185186 2.839966e+02
185869 2.839966e+02
185924 2.839966e+02
185975 2.839966e+02
185992 2.839966e+02
186021 2.839966e+02
186082 2.839966e+02
186229 2.839966e+02
186244 2.839966e+02
186365 2.839966e+02
186367 2.839966e+02
186729 2.839966e+02
187024 2.839966e+02
187074 2.839966e+02
187157 2.839966e+02
187251 2.839966e+02
187415 2.839966e+02
187454 2.839966e+02
187509 2.839966e+02
187512 2.839966e+02
187524 2.839966e+02
187713 2.839966e+02
187768 2.839966e+02
187837 2.839966e+02
187962 2.839966e+02
188108 2.839966e+02
188191 2.839966e+02
188198 2.839966e+02
188243 2.839966e+02
188427 2.839966e+02
188446 2.839966e+02
188591 2.839966e+02
188599 2.839966e+02
188656 2.839966e+02
188673 2.839966e+02
188748 2.839966e+02
188760 2.839966e+02
188767 2.839966e+02
188976 2.839966e+02
189340 2.839966e+02
189397 2.839966e+02
189420 2.839966e+02
189498 2.839966e+02
189708 2.839966e+02
189745 2.839966e+02
189965 2.839966e+02
190162 2.839966e+02
190385 2.839966e+02
190431 2.839966e+02
190459 2.839966e+02
190617 2.839966e+02
190640 2.839966e+02
190690 2.839966e+02
190812 2.839966e+02
191033 2.839966e+02
191713 2.839966e+02
191744 2.839966e+02
191764 2.839966e+02
191780 2.839966e+02
191884 2.839966e+02
191955 2.839966e+02
192076 2.839966e+02
192128 2.839966e+02
192147 2.839966e+02
192292 2.839966e+02
192308 2.839966e+02
192381 2.839966e+02
192459 2.839966e+02
192499 2.839966e+02
192509 2.839966e+02
192510 2.839966e+02
192525 2.839966e+02
192527 2.839966e+02
192552 2.839966e+02
192711 2.839966e+02
192973 2.839966e+02
193033 2.839966e+02
193204 2.839966e+02
193294 2.839966e+02
193305 2.839966e+02
193337 2.839966e+02
193340 2.839966e+02
193357 2.839966e+02
193375 2.839966e+02
193439 2.839966e+02
193475 2.839966e+02
193525 2.839966e+02
193609 2.839966e+02
193683 2.839966e+02
193790 2.839966e+02
194228 2.839966e+02
194349 2.839966e+02
194369 2.839966e+02
194373 2.839966e+02
194675 2.839966e+02
194706 2.839966e+02
194707 2.839966e+02
194755 2.839966e+02
194799 2.839966e+02
194936 2.839966e+02
195424 2.839966e+02
195617 2.839966e+02
195681 2.839966e+02
196121 2.839966e+02
196186 2.839966e+02
196191 2.839966e+02
196311 2.839966e+02
196321 2.839966e+02
196335 2.839966e+02
196573 2.839966e+02
196779 2.839966e+02
196870 2.839966e+02
