1 2.500000e+01
264 2.500000e+01
575 2.500000e+01
3294 2.500000e+01
4207 2.500000e+01
4958 2.500000e+01
8174 2.500000e+01
11842 2.500000e+01
12157 2.500000e+01
12252 2.499374e+01
14386 2.499348e+01
14636 2.490649e+01
14870 2.489947e+01
15488 2.482257e+01
15510 2.475480e+01
16321 2.473001e+01
16528 2.447507e+01
16608 2.430124e+01
17140 2.418170e+01
18258 2.394974e+01
18603 2.368830e+01
18948 2.342564e+01
20967 2.301470e+01
26644 2.290165e+01
27398 2.275164e+01
32661 2.260809e+01
32974 2.258721e+01
38750 2.239427e+01
40278 2.217155e+01
45755 2.195004e+01
52494 2.153257e+01
53594 2.147459e+01
54247 2.141287e+01
70189 2.118784e+01
71619 2.113056e+01
204876 2.043920e+01
242270 2.037548e+01
244610 2.037255e+01
249645 2.017888e+01
265623 2.013309e+01
281959 1.974633e+01
342643 1.941959e+01
351281 1.931488e+01
