1 2.055009e+01
2 1.836526e+01
3 1.000781e+01
27 9.248364e+00
28 9.206552e+00
33 8.479460e+00
44 7.299108e+00
71 4.137785e+00
12567 4.094891e+00
15143 3.841689e+00
15147 2.232230e+00
46144 2.003736e+00
46258 1.932312e+00
46259 1.932312e+00
46262 1.932312e+00
46265 1.932312e+00
46268 1.932312e+00
46271 1.932312e+00
46274 1.932312e+00
46277 1.932312e+00
46280 1.932312e+00
46283 1.932312e+00
46286 1.932312e+00
46289 1.932312e+00
46292 1.932312e+00
46295 1.932312e+00
46298 1.932312e+00
46301 1.932312e+00
46304 1.932312e+00
46307 1.932312e+00
46310 1.932312e+00
46313 1.932312e+00
46316 1.932312e+00
46319 1.932312e+00
46322 1.932312e+00
46324 1.577715e+00
46325 1.577715e+00
46328 1.577715e+00
46331 1.577715e+00
46334 1.577715e+00
46337 1.577715e+00
46340 1.577715e+00
46343 1.577715e+00
46346 1.577715e+00
46348 1.568970e+00
46349 1.568970e+00
46352 1.568970e+00
46355 1.568970e+00
46358 1.568970e+00
46361 1.568970e+00
46364 1.568970e+00
46367 1.568970e+00
46370 1.568970e+00
46373 1.568970e+00
46376 1.568970e+00
46379 1.568970e+00
46382 1.568970e+00
46385 1.568970e+00
46388 1.568970e+00
46391 1.568970e+00
46394 1.568970e+00
46397 1.568970e+00
46400 1.568970e+00
46403 1.568970e+00
46406 1.568970e+00
46409 1.568970e+00
46412 1.568970e+00
46415 1.568970e+00
46418 1.568970e+00
46421 1.568970e+00
46424 1.568970e+00
46427 1.568970e+00
46430 1.568970e+00
46433 1.568970e+00
46436 1.568970e+00
46439 1.568970e+00
46442 1.568970e+00
46445 1.568970e+00
46448 1.568970e+00
46451 1.568970e+00
46454 1.568970e+00
46457 1.568970e+00
46460 1.568970e+00
46463 1.568970e+00
46466 1.568970e+00
46469 1.568970e+00
46472 1.568970e+00
46475 1.568970e+00
46478 1.568970e+00
46481 1.568970e+00
46484 1.568970e+00
46487 1.568970e+00
46490 1.568970e+00
46493 1.568970e+00
46496 1.568970e+00
46499 1.568970e+00
46502 1.568970e+00
46505 1.568970e+00
46508 1.568970e+00
46511 1.568970e+00
46514 1.568970e+00
46517 1.568970e+00
46520 1.568970e+00
46523 1.568970e+00
46526 1.568970e+00
46529 1.568970e+00
46532 1.568970e+00
46535 1.568970e+00
46537 1.532884e+00
46538 1.532884e+00
46541 1.532884e+00
46544 1.532884e+00
46547 1.532884e+00
46550 1.532884e+00
46553 1.532884e+00
46556 1.532884e+00
46559 1.532884e+00
46562 1.532884e+00
46565 1.532884e+00
46568 1.532884e+00
46571 1.532884e+00
46574 1.532884e+00
46577 1.532884e+00
46580 1.532884e+00
46583 1.532884e+00
46586 1.532884e+00
46589 1.532884e+00
46592 1.532884e+00
46595 1.532884e+00
46598 1.532884e+00
46601 1.532884e+00
46604 1.532884e+00
46607 1.532884e+00
46610 1.532884e+00
46613 1.532884e+00
46616 1.532884e+00
46619 1.532884e+00
46622 1.532884e+00
46625 1.532884e+00
46628 1.532884e+00
46631 1.532884e+00
46634 1.532884e+00
46637 1.532884e+00
46640 1.532884e+00
46643 1.532884e+00
46646 1.532884e+00
46649 1.532884e+00
46652 1.532884e+00
46655 1.532884e+00
46658 1.532884e+00
46661 1.532884e+00
46664 1.532884e+00
46667 1.532884e+00
46670 1.532884e+00
46673 1.532884e+00
46676 1.532884e+00
46679 1.532884e+00
46682 1.532884e+00
46685 1.532884e+00
46688 1.532884e+00
46691 1.532884e+00
46694 1.532884e+00
46697 1.532884e+00
46700 1.532884e+00
46703 1.532884e+00
46706 1.532884e+00
46708 1.473897e+00
46709 1.473897e+00
46712 1.473897e+00
46715 1.473897e+00
46718 1.473897e+00
46721 1.473897e+00
46724 1.473897e+00
46726 1.408025e+00
46924 1.369249e+00
46925 1.369249e+00
46928 1.369249e+00
46931 1.369249e+00
46934 1.369249e+00
46937 1.369249e+00
46940 1.369249e+00
46943 1.369249e+00
46946 1.369249e+00
46949 1.369249e+00
46952 1.369249e+00
46955 1.369249e+00
46958 1.369249e+00
46961 1.369249e+00
46964 1.369249e+00
46967 1.369249e+00
46970 1.369249e+00
46973 1.369249e+00
46976 1.369249e+00
46979 1.369249e+00
46982 1.369249e+00
46985 1.369249e+00
46988 1.369249e+00
46991 1.369249e+00
46994 1.369249e+00
46997 1.369249e+00
47000 1.369249e+00
47003 1.369249e+00
47006 1.369249e+00
47009 1.369249e+00
47012 1.369249e+00
47015 1.369249e+00
47018 1.369249e+00
47021 1.369249e+00
47024 1.369249e+00
47027 1.369249e+00
47030 1.369249e+00
47033 1.369249e+00
47036 1.369249e+00
47039 1.369249e+00
47042 1.369249e+00
47045 1.369249e+00
47048 1.369249e+00
47051 1.369249e+00
47054 1.369249e+00
47057 1.369249e+00
47060 1.369249e+00
47063 1.369249e+00
47066 1.369249e+00
47069 1.369249e+00
47072 1.369249e+00
47075 1.369249e+00
47078 1.369249e+00
47081 1.369249e+00
47084 1.369249e+00
47087 1.369249e+00
47090 1.369249e+00
47093 1.369249e+00
47096 1.369249e+00
47099 1.369249e+00
47102 1.369249e+00
47105 1.369249e+00
47107 1.358905e+00
47108 1.358905e+00
47111 1.358905e+00
47114 1.358905e+00
47117 1.358905e+00
47120 1.358905e+00
47123 1.358905e+00
47126 1.358905e+00
47129 1.358905e+00
47132 1.358905e+00
47135 1.358905e+00
47138 1.358905e+00
47140 1.350924e+00
47141 1.350924e+00
47144 1.350924e+00
47146 1.322416e+00
47154 1.315726e+00
47166 1.295400e+00
47167 1.295400e+00
47170 1.295400e+00
47173 1.295400e+00
47176 1.295400e+00
47179 1.295400e+00
47182 1.295400e+00
47185 1.295400e+00
47188 1.295400e+00
47191 1.295400e+00
47194 1.295400e+00
47197 1.295400e+00
47200 1.295400e+00
47203 1.295400e+00
47205 1.294191e+00
47235 1.278070e+00
47236 1.278070e+00
47239 1.278070e+00
47242 1.278070e+00
47245 1.278070e+00
47248 1.278070e+00
47251 1.278070e+00
47254 1.278070e+00
47257 1.278070e+00
47260 1.278070e+00
47263 1.278070e+00
47266 1.278070e+00
47269 1.278070e+00
47272 1.278070e+00
47275 1.278070e+00
47278 1.278070e+00
47281 1.278070e+00
47284 1.278070e+00
47287 1.278070e+00
47290 1.278070e+00
47293 1.278070e+00
47296 1.278070e+00
47299 1.278070e+00
47302 1.278070e+00
47305 1.278070e+00
47308 1.278070e+00
47311 1.278070e+00
47314 1.278070e+00
47317 1.278070e+00
47320 1.278070e+00
47323 1.278070e+00
47326 1.278070e+00
47329 1.278070e+00
47332 1.278070e+00
47335 1.278070e+00
47338 1.278070e+00
47341 1.278070e+00
47344 1.278070e+00
47347 1.278070e+00
47350 1.278070e+00
47353 1.278070e+00
47355 1.274464e+00
47424 1.266877e+00
47425 1.266877e+00
47428 1.266877e+00
47431 1.266877e+00
47434 1.266877e+00
47437 1.266877e+00
47440 1.266877e+00
47443 1.266877e+00
47446 1.266877e+00
47449 1.266877e+00
47452 1.266877e+00
47455 1.266877e+00
47458 1.266877e+00
47461 1.266877e+00
47464 1.266877e+00
47467 1.266877e+00
47470 1.266877e+00
47473 1.266877e+00
47476 1.266877e+00
47479 1.266877e+00
47482 1.266877e+00
47485 1.266877e+00
47488 1.266877e+00
47491 1.266877e+00
47494 1.266877e+00
47497 1.266877e+00
47500 1.266877e+00
47503 1.266877e+00
47506 1.266877e+00
47509 1.266877e+00
47512 1.266877e+00
47515 1.266877e+00
47518 1.266877e+00
47519 1.258496e+00
47520 1.258496e+00
47523 1.258496e+00
47526 1.258496e+00
47529 1.258496e+00
47532 1.258496e+00
47535 1.258496e+00
47537 1.254949e+00
47538 1.254949e+00
47541 1.254949e+00
47542 1.254604e+00
47545 1.249222e+00
47546 1.249222e+00
47549 1.249222e+00
47551 1.245801e+00
47552 1.245801e+00
47555 1.245801e+00
47558 1.245801e+00
47560 1.240305e+00
47590 1.237675e+00
47604 1.232138e+00
47610 1.228906e+00
47613 1.226021e+00
47614 1.226021e+00
47617 1.226021e+00
47620 1.226021e+00
47622 1.225411e+00
47640 1.219676e+00
47641 1.219676e+00
47644 1.219676e+00
47647 1.219676e+00
47650 1.219676e+00
47653 1.219676e+00
47656 1.219676e+00
47657 1.177227e+00
47658 1.177227e+00
47661 1.177227e+00
47664 1.177227e+00
47667 1.177227e+00
47670 1.177227e+00
47673 1.177227e+00
47676 1.177227e+00
47679 1.177227e+00
47682 1.177227e+00
47685 1.177227e+00
47688 1.177227e+00
47691 1.177227e+00
47694 1.177227e+00
48998 1.167100e+00
49145 1.166627e+00
49146 1.166627e+00
49149 1.166627e+00
49152 1.166627e+00
49154 1.163623e+00
49155 1.163623e+00
49158 1.163623e+00
49161 1.163623e+00
49164 1.163623e+00
49167 1.163623e+00
49170 1.163623e+00
49173 1.163623e+00
49176 1.163623e+00
49179 1.163623e+00
49182 1.163623e+00
49185 1.163623e+00
49187 1.163336e+00
49188 1.163336e+00
49191 1.163336e+00
49194 1.163336e+00
49197 1.163336e+00
49200 1.163336e+00
49203 1.163336e+00
49206 1.163336e+00
49209 1.163336e+00
49212 1.163336e+00
49215 1.163336e+00
49218 1.163336e+00
49221 1.163336e+00
49224 1.163336e+00
49227 1.163336e+00
49230 1.163336e+00
49233 1.163336e+00
49236 1.163336e+00
49239 1.163336e+00
49242 1.163336e+00
49245 1.163336e+00
49248 1.163336e+00
49251 1.163336e+00
49254 1.163336e+00
49257 1.163336e+00
49260 1.163336e+00
49263 1.163336e+00
49266 1.163336e+00
49269 1.163336e+00
49272 1.163336e+00
49275 1.163336e+00
49278 1.163336e+00
49281 1.163336e+00
49284 1.163336e+00
49287 1.163336e+00
49290 1.163336e+00
49293 1.163336e+00
49296 1.163336e+00
49299 1.163336e+00
49302 1.163336e+00
49305 1.163336e+00
49308 1.163336e+00
49311 1.163336e+00
49314 1.163336e+00
49317 1.163336e+00
49320 1.163336e+00
49323 1.163336e+00
49326 1.163336e+00
49327 1.160201e+00
49330 1.156265e+00
49331 1.156265e+00
49334 1.156265e+00
49337 1.156265e+00
49338 1.156160e+00
49339 1.156160e+00
49341 1.149597e+00
49398 1.147914e+00
49464 1.146452e+00
49467 1.143833e+00
49671 1.143301e+00
49672 1.143301e+00
49675 1.143301e+00
49678 1.143301e+00
49681 1.143301e+00
49684 1.143301e+00
49687 1.143301e+00
49690 1.143301e+00
49692 1.142488e+00
49693 1.142488e+00
49696 1.142488e+00
49699 1.142488e+00
49702 1.142488e+00
49705 1.142488e+00
49708 1.142488e+00
49711 1.142488e+00
49714 1.142488e+00
49717 1.142488e+00
49720 1.142488e+00
49723 1.142488e+00
49726 1.142488e+00
49729 1.142488e+00
49732 1.142488e+00
49735 1.142488e+00
49738 1.142488e+00
49741 1.142488e+00
49744 1.142488e+00
49747 1.142488e+00
49750 1.142488e+00
49753 1.142488e+00
49756 1.142488e+00
49758 1.142480e+00
49759 1.142480e+00
49761 1.141762e+00
49949 1.141551e+00
49950 1.141551e+00
49953 1.141551e+00
49956 1.141551e+00
49958 1.141326e+00
49964 1.140564e+00
49965 1.140564e+00
49968 1.140564e+00
49971 1.140564e+00
49974 1.140564e+00
49977 1.140564e+00
49980 1.140564e+00
49983 1.140564e+00
49986 1.140564e+00
49989 1.140564e+00
49992 1.140564e+00
49995 1.140564e+00
49998 1.140564e+00
50001 1.140564e+00
50004 1.140564e+00
50007 1.140564e+00
50010 1.140564e+00
50013 1.140564e+00
50016 1.140564e+00
50019 1.140564e+00
50022 1.140564e+00
50025 1.140564e+00
50028 1.140564e+00
50031 1.140564e+00
50034 1.140564e+00
50037 1.140564e+00
50039 1.140307e+00
50051 1.140235e+00
50066 1.139581e+00
50067 1.139581e+00
50070 1.139581e+00
50073 1.139581e+00
50076 1.139581e+00
50079 1.139581e+00
50082 1.139581e+00
50085 1.139581e+00
50088 1.139581e+00
50091 1.139581e+00
50094 1.139581e+00
50097 1.139581e+00
50100 1.139581e+00
50103 1.139581e+00
50106 1.139581e+00
50109 1.139581e+00
50112 1.139581e+00
50115 1.139581e+00
50118 1.139581e+00
50120 1.139556e+00
50321 1.139495e+00
50324 1.138928e+00
50345 1.138906e+00
50346 1.138906e+00
50349 1.138906e+00
50352 1.138906e+00
50355 1.138906e+00
50358 1.138906e+00
50361 1.138906e+00
50364 1.138906e+00
50367 1.138906e+00
50370 1.138906e+00
50373 1.138906e+00
50376 1.138906e+00
50379 1.138906e+00
50382 1.138906e+00
50385 1.138906e+00
50388 1.138906e+00
50391 1.138906e+00
50394 1.138906e+00
50397 1.138906e+00
50400 1.138906e+00
50406 1.138906e+00
50409 1.138906e+00
50412 1.138906e+00
52196 1.138781e+00
52226 1.138658e+00
52227 1.138658e+00
52230 1.138658e+00
52233 1.138658e+00
52236 1.138658e+00
52239 1.138658e+00
52242 1.138658e+00
52245 1.138658e+00
52248 1.138658e+00
52251 1.138658e+00
52254 1.138658e+00
52257 1.138658e+00
52260 1.138658e+00
52263 1.138658e+00
52266 1.138658e+00
52269 1.138658e+00
52272 1.138658e+00
52275 1.138658e+00
52278 1.138658e+00
52281 1.138658e+00
52284 1.138658e+00
52287 1.138658e+00
52290 1.138658e+00
52293 1.138658e+00
52296 1.138658e+00
52299 1.138658e+00
52302 1.138658e+00
52305 1.138658e+00
52308 1.138658e+00
52311 1.138658e+00
52314 1.138658e+00
52317 1.138658e+00
52320 1.138658e+00
52323 1.138658e+00
52326 1.138658e+00
52329 1.138658e+00
52332 1.138658e+00
52335 1.138658e+00
52338 1.138658e+00
52341 1.138658e+00
52344 1.138658e+00
52347 1.138658e+00
52350 1.138658e+00
52353 1.138658e+00
52356 1.138658e+00
52359 1.138658e+00
52362 1.138658e+00
52365 1.138658e+00
52368 1.138658e+00
52369 1.138583e+00
52375 1.138561e+00
52386 1.138542e+00
52387 1.138542e+00
52389 1.138396e+00
52390 1.138396e+00
52393 1.138396e+00
52396 1.138396e+00
52399 1.138396e+00
52402 1.138396e+00
52405 1.138396e+00
52408 1.138396e+00
52411 1.138396e+00
52413 1.138382e+00
52416 1.138224e+00
52417 1.138224e+00
52420 1.138224e+00
52423 1.138224e+00
52426 1.138224e+00
52429 1.138224e+00
52432 1.138224e+00
52435 1.138224e+00
52438 1.138224e+00
52441 1.138224e+00
52444 1.138224e+00
52447 1.138224e+00
52450 1.138224e+00
52453 1.138224e+00
52456 1.138224e+00
52459 1.138224e+00
52462 1.138224e+00
52465 1.138224e+00
52468 1.138224e+00
52471 1.138224e+00
52474 1.138224e+00
52477 1.138224e+00
52480 1.138224e+00
52483 1.138224e+00
52486 1.138224e+00
52489 1.138224e+00
52492 1.138224e+00
52495 1.138224e+00
52498 1.138224e+00
52501 1.138224e+00
52504 1.138224e+00
52507 1.138224e+00
52510 1.138224e+00
52513 1.138224e+00
52516 1.138224e+00
52519 1.138224e+00
52522 1.138224e+00
52525 1.138224e+00
52528 1.138224e+00
52531 1.138224e+00
52534 1.138224e+00
52537 1.138224e+00
52540 1.138224e+00
52543 1.138224e+00
52546 1.138224e+00
52549 1.138224e+00
52552 1.138224e+00
52555 1.138224e+00
52558 1.138224e+00
52561 1.138224e+00
52564 1.138224e+00
52566 1.138193e+00
52567 1.138193e+00
52569 1.138077e+00
52584 1.138047e+00
52585 1.138047e+00
52588 1.138047e+00
52591 1.138047e+00
52594 1.138047e+00
52597 1.138047e+00
52600 1.138047e+00
52603 1.138047e+00
52606 1.138047e+00
52609 1.138047e+00
52612 1.138047e+00
52615 1.138047e+00
52618 1.138047e+00
52621 1.138047e+00
52624 1.138047e+00
52627 1.138047e+00
52630 1.138047e+00
52633 1.138047e+00
52636 1.138047e+00
52639 1.138047e+00
52642 1.138047e+00
52645 1.138047e+00
52648 1.138047e+00
52651 1.138047e+00
52654 1.138047e+00
52657 1.138047e+00
52660 1.138047e+00
52663 1.138047e+00
52666 1.138047e+00
52669 1.138047e+00
52672 1.138047e+00
52675 1.138047e+00
52678 1.138047e+00
52681 1.138047e+00
52684 1.138047e+00
52687 1.138047e+00
52690 1.138047e+00
52693 1.138047e+00
52696 1.138047e+00
52699 1.138047e+00
52702 1.138047e+00
52705 1.138047e+00
52708 1.138047e+00
52711 1.138047e+00
52714 1.138047e+00
52717 1.138047e+00
52720 1.138047e+00
52723 1.138047e+00
52726 1.138047e+00
52728 1.138030e+00
52729 1.138030e+00
52732 1.138030e+00
52733 1.138024e+00
52734 1.138024e+00
52737 1.138024e+00
52740 1.138024e+00
52743 1.138024e+00
52746 1.138024e+00
52749 1.138024e+00
52752 1.138024e+00
52754 1.138017e+00
52755 1.138017e+00
52758 1.138017e+00
52761 1.138017e+00
52763 1.137971e+00
52909 1.137941e+00
52911 1.137918e+00
52912 1.137918e+00
52915 1.137918e+00
52918 1.137918e+00
52921 1.137918e+00
52924 1.137918e+00
52927 1.137918e+00
52930 1.137918e+00
52933 1.137918e+00
52936 1.137918e+00
52939 1.137918e+00
52942 1.137918e+00
52945 1.137918e+00
52948 1.137918e+00
52951 1.137918e+00
52954 1.137918e+00
52957 1.137918e+00
52960 1.137918e+00
52963 1.137918e+00
52966 1.137918e+00
52969 1.137918e+00
52972 1.137918e+00
52975 1.137918e+00
52978 1.137918e+00
52981 1.137918e+00
52984 1.137918e+00
52987 1.137918e+00
52990 1.137918e+00
52992 1.137915e+00
53001 1.137887e+00
53107 1.137887e+00
55437 1.137885e+00
55452 1.137884e+00
55453 1.137884e+00
55456 1.137884e+00
55459 1.137884e+00
55462 1.137884e+00
55465 1.137884e+00
55468 1.137884e+00
55469 1.137883e+00
55471 1.137881e+00
55483 1.137880e+00
55489 1.137877e+00
55492 1.137874e+00
55493 1.137874e+00
55496 1.137874e+00
55499 1.137874e+00
55502 1.137874e+00
55505 1.137874e+00
55508 1.137874e+00
55511 1.137874e+00
55514 1.137874e+00
55517 1.137874e+00
55519 1.137870e+00
55561 1.137868e+00
55562 1.137868e+00
55565 1.137868e+00
55568 1.137868e+00
55571 1.137868e+00
55574 1.137868e+00
55575 1.137864e+00
55581 1.137857e+00
55692 1.137856e+00
55795 1.137856e+00
55807 1.137856e+00
55849 1.137856e+00
55852 1.137856e+00
55855 1.137856e+00
55858 1.137856e+00
55861 1.137856e+00
55864 1.137856e+00
55867 1.137856e+00
55870 1.137856e+00
55885 1.137856e+00
55975 1.137856e+00
55978 1.137856e+00
56026 1.137856e+00
56029 1.137856e+00
56032 1.137856e+00
56035 1.137856e+00
56038 1.137856e+00
56041 1.137856e+00
56044 1.137856e+00
56047 1.137856e+00
56050 1.137856e+00
56062 1.137856e+00
56065 1.137856e+00
56068 1.137856e+00
56071 1.137856e+00
56074 1.137856e+00
58350 1.137854e+00
58368 1.137854e+00
58369 1.137854e+00
58372 1.137854e+00
58375 1.137854e+00
58378 1.137854e+00
58381 1.137854e+00
58384 1.137854e+00
58387 1.137854e+00
58390 1.137854e+00
58393 1.137854e+00
58396 1.137854e+00
58399 1.137854e+00
58402 1.137854e+00
58405 1.137854e+00
58408 1.137854e+00
58411 1.137854e+00
58414 1.137854e+00
58417 1.137854e+00
58420 1.137854e+00
58423 1.137854e+00
58426 1.137854e+00
58428 1.137852e+00
58483 1.137852e+00
58486 1.137852e+00
58777 1.137852e+00
58780 1.137852e+00
58783 1.137852e+00
58786 1.137852e+00
58789 1.137852e+00
58792 1.137852e+00
58795 1.137852e+00
58798 1.137852e+00
58801 1.137852e+00
58804 1.137852e+00
58807 1.137852e+00
58810 1.137852e+00
58813 1.137852e+00
58816 1.137852e+00
58819 1.137852e+00
58822 1.137852e+00
58825 1.137852e+00
58837 1.137852e+00
58852 1.137852e+00
61170 1.137852e+00
61171 1.137852e+00
61174 1.137852e+00
61177 1.137852e+00
61179 1.137851e+00
61183 1.137851e+00
61186 1.137851e+00
61189 1.137851e+00
61192 1.137851e+00
61195 1.137851e+00
61198 1.137851e+00
61201 1.137851e+00
61204 1.137851e+00
61258 1.137851e+00
61261 1.137851e+00
61264 1.137851e+00
61267 1.137851e+00
61438 1.137851e+00
66491 1.137851e+00
66508 1.137851e+00
66517 1.137851e+00
66518 1.137851e+00
66521 1.137851e+00
66524 1.137851e+00
66527 1.137851e+00
66530 1.137851e+00
66533 1.137851e+00
66535 1.137851e+00
66538 1.137850e+00
66581 1.137850e+00
66605 1.137850e+00
66686 1.137850e+00
71893 1.137850e+00
71894 1.137850e+00
71897 1.137850e+00
71900 1.137850e+00
71903 1.137850e+00
71906 1.137850e+00
71909 1.137850e+00
71912 1.137850e+00
71915 1.137850e+00
71918 1.137850e+00
71921 1.137850e+00
71924 1.137850e+00
71927 1.137850e+00
71930 1.137850e+00
71933 1.137850e+00
71936 1.137850e+00
71939 1.137850e+00
71942 1.137850e+00
71944 1.137850e+00
71977 1.137849e+00
71978 1.137849e+00
71981 1.137849e+00
72005 1.137849e+00
72008 1.137849e+00
72011 1.137849e+00
72014 1.137849e+00
72017 1.137849e+00
72020 1.137849e+00
72023 1.137849e+00
72026 1.137849e+00
72029 1.137849e+00
72032 1.137849e+00
72035 1.137849e+00
72038 1.137849e+00
72041 1.137849e+00
72044 1.137849e+00
72047 1.137849e+00
72050 1.137849e+00
72053 1.137849e+00
72083 1.137849e+00
72086 1.137849e+00
84778 1.078735e+00
84814 1.025903e+00
84835 1.008878e+00
84904 9.130464e-01
84905 9.130464e-01
84908 9.130464e-01
84911 9.130464e-01
84914 9.130464e-01
84917 9.130464e-01
84920 9.130464e-01
84923 9.130464e-01
84926 9.130464e-01
84929 9.130464e-01
84932 9.130464e-01
84935 9.130464e-01
84938 9.130464e-01
84941 9.130464e-01
84944 9.130464e-01
84947 9.130464e-01
84950 9.130464e-01
84953 9.130464e-01
84956 9.130464e-01
84959 9.130464e-01
84962 9.130464e-01
84965 9.130464e-01
84968 9.130464e-01
84971 9.130464e-01
84974 9.130464e-01
84977 9.130464e-01
84980 9.130464e-01
84983 9.130464e-01
84986 9.130464e-01
84989 9.130464e-01
84992 9.130464e-01
84995 9.130464e-01
84998 9.130464e-01
85001 9.130464e-01
85004 9.130464e-01
85007 9.130464e-01
85010 9.130464e-01
85013 9.130464e-01
85016 9.130464e-01
85019 9.130464e-01
85022 9.130464e-01
85025 9.130464e-01
85028 9.130464e-01
85031 9.130464e-01
85034 9.130464e-01
85037 9.130464e-01
85040 9.130464e-01
85043 9.130464e-01
85046 9.130464e-01
85049 9.130464e-01
85052 9.130464e-01
85055 9.130464e-01
85058 9.130464e-01
85061 9.130464e-01
85064 9.130464e-01
85067 9.130464e-01
85070 9.130464e-01
85073 9.130464e-01
85076 9.130464e-01
85079 9.130464e-01
85082 9.130464e-01
85085 9.130464e-01
85088 9.130464e-01
85091 9.130464e-01
85094 9.130464e-01
85096 9.089607e-01
85097 9.089607e-01
85099 9.080062e-01
85100 9.080062e-01
85103 9.080062e-01
85106 9.080062e-01
85108 9.048089e-01
85109 9.048089e-01
85111 8.976384e-01
85138 8.967381e-01
85139 8.967381e-01
85142 8.967381e-01
85144 8.881750e-01
85145 8.881750e-01
85148 8.881750e-01
85151 8.881750e-01
85154 8.881750e-01
85157 8.881750e-01
85160 8.881750e-01
85163 8.881750e-01
85166 8.881750e-01
85169 8.881750e-01
85172 8.881750e-01
85175 8.881750e-01
85177 8.798024e-01
85183 8.635015e-01
85204 8.401197e-01
85466 8.401197e-01
85469 8.401197e-01
85472 8.401197e-01
85475 8.401197e-01
85478 8.401197e-01
85481 8.401197e-01
85484 8.401197e-01
85487 8.401197e-01
85490 8.401197e-01
85493 8.401197e-01
85496 8.401197e-01
85502 8.401197e-01
85505 8.401197e-01
85520 8.401197e-01
85529 8.401197e-01
85532 8.401197e-01
85682 8.401197e-01
85685 8.401197e-01
85688 8.401197e-01
85691 8.401197e-01
85694 8.401197e-01
85697 8.401197e-01
85700 8.401197e-01
85703 8.401197e-01
85706 8.401197e-01
85709 8.401197e-01
85733 8.401197e-01
85736 8.401197e-01
85739 8.401197e-01
85742 8.401197e-01
85745 8.401197e-01
85748 8.401197e-01
85751 8.401197e-01
85754 8.401197e-01
85757 8.401197e-01
85760 8.401197e-01
85763 8.401197e-01
85778 8.401197e-01
85802 8.401197e-01
85811 8.401197e-01
85862 8.401197e-01
86625 8.253445e-01
86626 8.253445e-01
86629 8.253445e-01
86632 8.253445e-01
86635 8.253445e-01
86638 8.253445e-01
86641 8.253445e-01
86642 8.234055e-01
86643 8.234055e-01
86645 8.150735e-01
86646 8.150735e-01
86649 8.150735e-01
86651 8.007163e-01
86652 8.007163e-01
86655 8.007163e-01
86657 7.940574e-01
86658 7.940574e-01
86661 7.940574e-01
86664 7.940574e-01
86667 7.940574e-01
86669 7.896597e-01
86699 7.866435e-01
86729 7.817982e-01
86730 7.817982e-01
86733 7.817982e-01
86736 7.817982e-01
86739 7.817982e-01
86742 7.817982e-01
86745 7.817982e-01
86748 7.817982e-01
86751 7.817982e-01
86754 7.817982e-01
86757 7.817982e-01
86760 7.817982e-01
86763 7.817982e-01
86766 7.817982e-01
86769 7.817982e-01
86772 7.817982e-01
86775 7.817982e-01
86778 7.817982e-01
86781 7.817982e-01
86784 7.817982e-01
86787 7.817982e-01
86790 7.817982e-01
86793 7.817982e-01
86796 7.817982e-01
86799 7.817982e-01
86802 7.817982e-01
86805 7.817982e-01
86808 7.817982e-01
86811 7.817982e-01
86814 7.817982e-01
86817 7.817982e-01
86820 7.817982e-01
86823 7.817982e-01
86826 7.817982e-01
86829 7.817982e-01
86832 7.817982e-01
86835 7.817982e-01
86838 7.817982e-01
86841 7.817982e-01
86844 7.817982e-01
86847 7.817982e-01
86850 7.817982e-01
86853 7.817982e-01
86856 7.817982e-01
86859 7.817982e-01
86862 7.817982e-01
86865 7.817982e-01
86868 7.817982e-01
86871 7.817982e-01
86874 7.817982e-01
86877 7.817982e-01
86880 7.817982e-01
86883 7.817982e-01
86886 7.817982e-01
86889 7.817982e-01
86892 7.817982e-01
86895 7.817982e-01
86898 7.817982e-01
86901 7.817982e-01
86904 7.817982e-01
86907 7.817982e-01
86910 7.817982e-01
86913 7.817982e-01
86916 7.817982e-01
86919 7.817982e-01
86921 7.808694e-01
86924 7.726748e-01
86925 7.726748e-01
86928 7.726748e-01
86931 7.726748e-01
86934 7.726748e-01
86937 7.726748e-01
86940 7.726748e-01
86943 7.726748e-01
86946 7.726748e-01
86949 7.726748e-01
86952 7.726748e-01
86955 7.726748e-01
86958 7.726748e-01
86961 7.726748e-01
86964 7.726748e-01
86967 7.726748e-01
86970 7.726748e-01
86973 7.726748e-01
86976 7.726748e-01
86979 7.726748e-01
86982 7.726748e-01
86985 7.726748e-01
86988 7.726748e-01
86991 7.726748e-01
86994 7.726748e-01
86997 7.726748e-01
87000 7.726748e-01
87003 7.726748e-01
87006 7.726748e-01
87009 7.726748e-01
87012 7.726748e-01
87015 7.726748e-01
87018 7.726748e-01
87021 7.726748e-01
87024 7.726748e-01
87027 7.726748e-01
87030 7.726748e-01
87033 7.726748e-01
87036 7.726748e-01
87039 7.726748e-01
87042 7.726748e-01
87045 7.726748e-01
87048 7.726748e-01
87051 7.726748e-01
87054 7.726748e-01
87057 7.726748e-01
87060 7.726748e-01
87063 7.726748e-01
87066 7.726748e-01
87069 7.726748e-01
87072 7.726748e-01
87075 7.726748e-01
87078 7.726748e-01
87081 7.726748e-01
87084 7.726748e-01
87087 7.726748e-01
87090 7.726748e-01
87093 7.726748e-01
87096 7.726748e-01
87099 7.726748e-01
87102 7.726748e-01
87105 7.726748e-01
87108 7.726748e-01
87111 7.726748e-01
87114 7.726748e-01
87116 7.710651e-01
87117 7.710651e-01
87120 7.710651e-01
87123 7.710651e-01
87126 7.710651e-01
87129 7.710651e-01
87132 7.710651e-01
87135 7.710651e-01
87138 7.710651e-01
87141 7.710651e-01
87144 7.710651e-01
87147 7.710651e-01
87150 7.710651e-01
87153 7.710651e-01
87156 7.710651e-01
87159 7.710651e-01
87162 7.710651e-01
87165 7.710651e-01
87168 7.710651e-01
87171 7.710651e-01
87174 7.710651e-01
87177 7.710651e-01
87180 7.710651e-01
87183 7.710651e-01
87186 7.710651e-01
87189 7.710651e-01
87192 7.710651e-01
87195 7.710651e-01
87198 7.710651e-01
87201 7.710651e-01
87204 7.710651e-01
87207 7.710651e-01
87210 7.710651e-01
87213 7.710651e-01
87216 7.710651e-01
87219 7.710651e-01
87222 7.710651e-01
87225 7.710651e-01
87228 7.710651e-01
87231 7.710651e-01
87234 7.710651e-01
87237 7.710651e-01
87240 7.710651e-01
87243 7.710651e-01
87246 7.710651e-01
87249 7.710651e-01
87252 7.710651e-01
87255 7.710651e-01
87257 7.697551e-01
87258 7.697551e-01
87259 7.671538e-01
87264 7.653949e-01
87265 7.653949e-01
87268 7.653949e-01
87271 7.653949e-01
87274 7.653949e-01
87277 7.653949e-01
87280 7.653949e-01
87283 7.653949e-01
87285 7.643572e-01
87300 7.643418e-01
87329 7.640768e-01
87341 7.636323e-01
87355 7.615968e-01
87445 7.611286e-01
87446 7.611286e-01
87449 7.611286e-01
87452 7.611286e-01
87455 7.611286e-01
87458 7.611286e-01
87461 7.611286e-01
87464 7.611286e-01
87467 7.611286e-01
87470 7.611286e-01
87473 7.611286e-01
87476 7.611286e-01
87478 7.610053e-01
87479 7.610053e-01
87482 7.610053e-01
87485 7.610053e-01
87488 7.610053e-01
87491 7.610053e-01
87494 7.610053e-01
87497 7.610053e-01
87500 7.610053e-01
87503 7.610053e-01
87506 7.610053e-01
87509 7.610053e-01
87512 7.610053e-01
87515 7.610053e-01
87518 7.610053e-01
87521 7.610053e-01
87524 7.610053e-01
87527 7.610053e-01
87530 7.610053e-01
87533 7.610053e-01
87536 7.610053e-01
87539 7.610053e-01
87542 7.610053e-01
87545 7.610053e-01
87548 7.610053e-01
87551 7.610053e-01
87554 7.610053e-01
87557 7.610053e-01
87560 7.610053e-01
87563 7.610053e-01
87566 7.610053e-01
87569 7.610053e-01
87572 7.610053e-01
87575 7.610053e-01
87578 7.610053e-01
87581 7.610053e-01
87584 7.610053e-01
87587 7.610053e-01
87590 7.610053e-01
87593 7.610053e-01
87596 7.610053e-01
87599 7.610053e-01
87602 7.610053e-01
87605 7.610053e-01
87608 7.610053e-01
87611 7.610053e-01
87614 7.610053e-01
87617 7.610053e-01
87620 7.610053e-01
87623 7.610053e-01
87625 7.609288e-01
87628 7.604901e-01
87629 7.604901e-01
87632 7.604901e-01
87635 7.604901e-01
87638 7.604901e-01
87641 7.604901e-01
87644 7.604901e-01
87647 7.604901e-01
87650 7.604901e-01
87653 7.604901e-01
87656 7.604901e-01
87659 7.604901e-01
87662 7.604901e-01
87665 7.604901e-01
87668 7.604901e-01
87671 7.604901e-01
87674 7.604901e-01
87677 7.604901e-01
87680 7.604901e-01
87683 7.604901e-01
87686 7.604901e-01
87689 7.604901e-01
87692 7.604901e-01
87695 7.604901e-01
87698 7.604901e-01
87701 7.604901e-01
87704 7.604901e-01
87707 7.604901e-01
87710 7.604901e-01
87713 7.604901e-01
87716 7.604901e-01
87719 7.604901e-01
87722 7.604901e-01
87725 7.604901e-01
87728 7.604901e-01
87731 7.604901e-01
87734 7.604901e-01
87737 7.604901e-01
87740 7.604901e-01
87743 7.604901e-01
87746 7.604901e-01
87749 7.604901e-01
87752 7.604901e-01
87755 7.604901e-01
87758 7.604901e-01
87761 7.604901e-01
87764 7.604901e-01
87767 7.604901e-01
87770 7.604901e-01
87773 7.604901e-01
87776 7.604901e-01
87779 7.604901e-01
87782 7.604901e-01
87785 7.604901e-01
87788 7.604901e-01
87791 7.604901e-01
87794 7.604901e-01
87797 7.604901e-01
87800 7.604901e-01
87803 7.604901e-01
87806 7.604901e-01
87809 7.604901e-01
87812 7.604901e-01
87815 7.604901e-01
87818 7.604901e-01
87821 7.604901e-01
87824 7.604901e-01
87827 7.604901e-01
87830 7.604901e-01
87833 7.604901e-01
87836 7.604901e-01
87839 7.604901e-01
87842 7.604901e-01
87844 7.602478e-01
87845 7.602478e-01
87848 7.602478e-01
87851 7.602478e-01
87854 7.602478e-01
87857 7.602478e-01
87860 7.602478e-01
87863 7.602478e-01
87866 7.602478e-01
87869 7.602478e-01
87872 7.602478e-01
87875 7.602478e-01
87878 7.602478e-01
87881 7.602478e-01
87884 7.602478e-01
87885 7.599604e-01
87886 7.599604e-01
87889 7.599604e-01
87892 7.599604e-01
87894 7.594706e-01
87896 7.586608e-01
87946 7.581759e-01
87952 7.579741e-01
87955 7.577488e-01
87956 7.577488e-01
87959 7.577488e-01
87962 7.577488e-01
87965 7.577488e-01
87968 7.577488e-01
87971 7.577488e-01
87974 7.577488e-01
87977 7.577488e-01
87980 7.577488e-01
87983 7.577488e-01
87986 7.577488e-01
87989 7.577488e-01
87992 7.577488e-01
87995 7.577488e-01
87998 7.577488e-01
88001 7.577488e-01
88004 7.577488e-01
88007 7.577488e-01
88010 7.577488e-01
88013 7.577488e-01
88016 7.577488e-01
88019 7.577488e-01
88022 7.577488e-01
88025 7.577488e-01
88028 7.577488e-01
88031 7.577488e-01
88034 7.577488e-01
88037 7.577488e-01
88040 7.577488e-01
88043 7.577488e-01
88046 7.577488e-01
88049 7.577488e-01
88052 7.577488e-01
88055 7.577488e-01
88058 7.577488e-01
88061 7.577488e-01
88064 7.577488e-01
88067 7.577488e-01
88070 7.577488e-01
88073 7.577488e-01
88076 7.577488e-01
88078 7.576474e-01
88079 7.576474e-01
88082 7.576474e-01
88085 7.576474e-01
88088 7.576474e-01
88091 7.576474e-01
88094 7.576474e-01
88097 7.576474e-01
88100 7.576474e-01
88103 7.576474e-01
88106 7.576474e-01
88109 7.576474e-01
88112 7.576474e-01
88115 7.576474e-01
88118 7.576474e-01
88121 7.576474e-01
88124 7.576474e-01
88127 7.576474e-01
88130 7.576474e-01
88133 7.576474e-01
88136 7.576474e-01
88139 7.576474e-01
88142 7.576474e-01
88145 7.576474e-01
88148 7.576474e-01
88151 7.576474e-01
88154 7.576474e-01
88157 7.576474e-01
88163 7.576474e-01
88169 7.576474e-01
88178 7.576474e-01
89947 7.575632e-01
89974 7.574522e-01
89975 7.574522e-01
89978 7.574522e-01
89980 7.573603e-01
89981 7.573603e-01
89984 7.573603e-01
89987 7.573603e-01
89990 7.573603e-01
89993 7.573603e-01
89996 7.573603e-01
89999 7.573603e-01
90002 7.573603e-01
90005 7.573603e-01
90008 7.573603e-01
90011 7.573603e-01
90029 7.573603e-01
90032 7.573603e-01
90035 7.573603e-01
90038 7.573603e-01
90041 7.573603e-01
90047 7.573603e-01
91810 7.573109e-01
91822 7.570802e-01
92005 7.570664e-01
92029 7.569599e-01
92030 7.569599e-01
92033 7.569599e-01
92036 7.569599e-01
92038 7.567685e-01
92077 7.566967e-01
92271 7.566942e-01
92272 7.566942e-01
92275 7.566942e-01
92278 7.566942e-01
92281 7.566942e-01
92284 7.566942e-01
92287 7.566942e-01
92290 7.566942e-01
92293 7.566942e-01
92295 7.566215e-01
92296 7.566215e-01
92299 7.566215e-01
92302 7.566215e-01
92305 7.566215e-01
92308 7.566215e-01
92311 7.566215e-01
92314 7.566215e-01
92317 7.566215e-01
92320 7.566215e-01
92323 7.566215e-01
92325 7.566112e-01
92326 7.566112e-01
92329 7.566112e-01
92332 7.566112e-01
92335 7.566112e-01
92338 7.566112e-01
92341 7.566112e-01
92344 7.566112e-01
92347 7.566112e-01
92350 7.566112e-01
92353 7.566112e-01
92356 7.566112e-01
92359 7.566112e-01
92362 7.566112e-01
92365 7.566112e-01
92368 7.566112e-01
92371 7.566112e-01
92374 7.566112e-01
92377 7.566112e-01
92380 7.566112e-01
92383 7.566112e-01
92386 7.566112e-01
92389 7.566112e-01
92392 7.566112e-01
92395 7.566112e-01
92398 7.566112e-01
92401 7.566112e-01
92404 7.566112e-01
92407 7.566112e-01
92410 7.566112e-01
92413 7.566112e-01
92416 7.566112e-01
92419 7.566112e-01
92422 7.566112e-01
92425 7.566112e-01
92428 7.566112e-01
92431 7.566112e-01
92434 7.566112e-01
92437 7.566112e-01
92440 7.566112e-01
92443 7.566112e-01
92446 7.566112e-01
92449 7.566112e-01
92452 7.566112e-01
92454 7.565904e-01
92475 7.565676e-01
92667 7.565586e-01
92668 7.565586e-01
92671 7.565586e-01
92674 7.565586e-01
92676 7.565457e-01
92684 7.565357e-01
92687 7.565325e-01
92724 7.565325e-01
92727 7.565325e-01
92745 7.565325e-01
94880 7.565290e-01
94881 7.565290e-01
94884 7.565290e-01
94887 7.565290e-01
94890 7.565290e-01
94893 7.565290e-01
94896 7.565290e-01
94899 7.565290e-01
94902 7.565290e-01
94905 7.565290e-01
94908 7.565290e-01
94911 7.565290e-01
94914 7.565290e-01
94917 7.565290e-01
94920 7.565290e-01
94923 7.565290e-01
94926 7.565290e-01
94929 7.565290e-01
94932 7.565290e-01
94935 7.565290e-01
94938 7.565290e-01
94941 7.565290e-01
94944 7.565290e-01
94947 7.565290e-01
94950 7.565290e-01
94953 7.565290e-01
94956 7.565290e-01
94959 7.565290e-01
94962 7.565290e-01
94965 7.565290e-01
94968 7.565290e-01
94971 7.565290e-01
94974 7.565290e-01
94977 7.565290e-01
94980 7.565290e-01
94983 7.565290e-01
94986 7.565290e-01
94989 7.565290e-01
94992 7.565290e-01
94995 7.565290e-01
94998 7.565290e-01
95001 7.565290e-01
95004 7.565290e-01
95007 7.565290e-01
95010 7.565290e-01
95013 7.565290e-01
95016 7.565290e-01
95019 7.565290e-01
95022 7.565290e-01
95025 7.565290e-01
95028 7.565290e-01
95031 7.565290e-01
95034 7.565290e-01
95037 7.565290e-01
95040 7.565290e-01
95041 7.565181e-01
95042 7.565181e-01
95044 7.564974e-01
95058 7.564971e-01
95066 7.564860e-01
95093 7.564855e-01
95110 7.564796e-01
95113 7.564698e-01
95116 7.564625e-01
95117 7.564625e-01
95120 7.564625e-01
95123 7.564625e-01
95126 7.564625e-01
95129 7.564625e-01
95132 7.564625e-01
95135 7.564625e-01
95138 7.564625e-01
95141 7.564625e-01
95144 7.564625e-01
95146 7.564611e-01
95147 7.564611e-01
95150 7.564611e-01
95153 7.564611e-01
95156 7.564611e-01
95159 7.564611e-01
95161 7.564553e-01
95194 7.564475e-01
95471 7.564475e-01
95474 7.564475e-01
95477 7.564475e-01
95480 7.564475e-01
95483 7.564475e-01
95486 7.564475e-01
95489 7.564475e-01
95534 7.564475e-01
95537 7.564475e-01
95540 7.564475e-01
95675 7.564475e-01
95708 7.564475e-01
95711 7.564475e-01
95714 7.564475e-01
95717 7.564475e-01
95720 7.564475e-01
95753 7.564475e-01
95756 7.564475e-01
95759 7.564475e-01
95762 7.564475e-01
95804 7.564475e-01
97738 7.564472e-01
97739 7.564472e-01
97742 7.564472e-01
97743 7.564460e-01
97744 7.564460e-01
97747 7.564460e-01
97748 7.564435e-01
97769 7.564427e-01
97770 7.564427e-01
97773 7.564427e-01
97776 7.564427e-01
97779 7.564427e-01
97782 7.564427e-01
97785 7.564427e-01
97788 7.564427e-01
97791 7.564427e-01
97794 7.564427e-01
97797 7.564427e-01
97800 7.564427e-01
97803 7.564427e-01
97806 7.564427e-01
97809 7.564427e-01
97812 7.564427e-01
97815 7.564427e-01
97818 7.564427e-01
97821 7.564427e-01
97824 7.564427e-01
97827 7.564427e-01
97830 7.564427e-01
97833 7.564427e-01
97836 7.564427e-01
97839 7.564427e-01
97842 7.564427e-01
97845 7.564427e-01
97847 7.564423e-01
97848 7.564423e-01
97851 7.564423e-01
97854 7.564423e-01
97857 7.564423e-01
97859 7.564411e-01
97860 7.564411e-01
97863 7.564411e-01
97866 7.564411e-01
97869 7.564411e-01
97872 7.564411e-01
97874 7.564407e-01
97875 7.564407e-01
97878 7.564407e-01
97881 7.564407e-01
97884 7.564407e-01
97887 7.564407e-01
97890 7.564407e-01
97893 7.564407e-01
97895 7.564405e-01
97900 7.564378e-01
97915 7.564377e-01
97963 7.564364e-01
98022 7.564360e-01
98023 7.564360e-01
98025 7.564325e-01
98026 7.564325e-01
98028 7.564316e-01
98029 7.564316e-01
98032 7.564316e-01
98034 7.564278e-01
98035 7.564278e-01
98038 7.564278e-01
98041 7.564278e-01
98044 7.564278e-01
98047 7.564278e-01
98050 7.564278e-01
98052 7.564264e-01
98095 7.564264e-01
98098 7.564264e-01
98101 7.564264e-01
98107 7.564264e-01
98113 7.564264e-01
98116 7.564264e-01
100626 7.564248e-01
100840 7.564248e-01
100843 7.564248e-01
100867 7.564248e-01
100873 7.564248e-01
100930 7.564248e-01
100933 7.564248e-01
100936 7.564248e-01
100939 7.564248e-01
100942 7.564248e-01
100945 7.564248e-01
100948 7.564248e-01
100951 7.564248e-01
100954 7.564248e-01
100957 7.564248e-01
100960 7.564248e-01
100963 7.564248e-01
100966 7.564248e-01
100969 7.564248e-01
100972 7.564248e-01
100975 7.564248e-01
100978 7.564248e-01
100981 7.564248e-01
100984 7.564248e-01
100987 7.564248e-01
100990 7.564248e-01
100993 7.564248e-01
100996 7.564248e-01
100999 7.564248e-01
101002 7.564248e-01
101005 7.564248e-01
101020 7.564248e-01
101050 7.564248e-01
101053 7.564248e-01
101056 7.564248e-01
101059 7.564248e-01
101062 7.564248e-01
101065 7.564248e-01
101068 7.564248e-01
101104 7.564248e-01
101107 7.564248e-01
101110 7.564248e-01
101113 7.564248e-01
101116 7.564248e-01
101200 7.564248e-01
103317 7.564243e-01
103318 7.564243e-01
103321 7.564243e-01
103324 7.564243e-01
103327 7.564243e-01
103330 7.564243e-01
103333 7.564243e-01
103336 7.564243e-01
103339 7.564243e-01
103342 7.564243e-01
103345 7.564243e-01
103348 7.564243e-01
103351 7.564243e-01
103354 7.564243e-01
103357 7.564243e-01
103360 7.564243e-01
103363 7.564243e-01
103366 7.564243e-01
103369 7.564243e-01
103372 7.564243e-01
103375 7.564243e-01
103378 7.564243e-01
103381 7.564243e-01
103384 7.564243e-01
103387 7.564243e-01
103390 7.564243e-01
103393 7.564243e-01
103396 7.564243e-01
103399 7.564243e-01
103402 7.564243e-01
103405 7.564243e-01
103408 7.564243e-01
103411 7.564243e-01
103414 7.564243e-01
103417 7.564243e-01
103420 7.564243e-01
103423 7.564243e-01
103426 7.564243e-01
103429 7.564243e-01
103432 7.564243e-01
103435 7.564243e-01
103438 7.564243e-01
103441 7.564243e-01
103444 7.564243e-01
103447 7.564243e-01
103450 7.564243e-01
103453 7.564243e-01
103456 7.564243e-01
103459 7.564243e-01
103462 7.564243e-01
103465 7.564243e-01
103468 7.564243e-01
103471 7.564243e-01
103474 7.564243e-01
103477 7.564243e-01
103480 7.564243e-01
103483 7.564243e-01
103486 7.564243e-01
103489 7.564243e-01
103492 7.564243e-01
103495 7.564243e-01
103498 7.564243e-01
103501 7.564243e-01
103543 7.564243e-01
103546 7.564243e-01
103549 7.564243e-01
103552 7.564243e-01
103555 7.564243e-01
103558 7.564243e-01
103561 7.564243e-01
103564 7.564243e-01
103567 7.564243e-01
103573 7.564243e-01
103576 7.564243e-01
103579 7.564243e-01
103582 7.564243e-01
103585 7.564243e-01
103588 7.564243e-01
103591 7.564243e-01
103594 7.564243e-01
103597 7.564243e-01
103600 7.564243e-01
103603 7.564243e-01
103606 7.564243e-01
103609 7.564243e-01
103612 7.564243e-01
103705 7.564243e-01
103708 7.564243e-01
103711 7.564243e-01
103714 7.564243e-01
103717 7.564243e-01
103720 7.564243e-01
103750 7.564243e-01
103804 7.564243e-01
103816 7.564243e-01
103900 7.564243e-01
106113 7.564242e-01
106114 7.564242e-01
106117 7.564242e-01
106120 7.564242e-01
106123 7.564242e-01
106125 7.564241e-01
106126 7.564241e-01
106129 7.564241e-01
106132 7.564241e-01
106135 7.564241e-01
106137 7.564237e-01
106158 7.564237e-01
106159 7.564237e-01
106162 7.564237e-01
106165 7.564237e-01
106168 7.564237e-01
106171 7.564237e-01
106174 7.564237e-01
106177 7.564237e-01
106178 7.564236e-01
106181 7.564235e-01
106203 7.564235e-01
106239 7.564235e-01
106242 7.564235e-01
106245 7.564235e-01
106248 7.564235e-01
106251 7.564235e-01
106254 7.564235e-01
106257 7.564235e-01
106260 7.564235e-01
106263 7.564235e-01
106272 7.564235e-01
106419 7.564235e-01
111515 7.564234e-01
111518 7.564232e-01
111603 7.564232e-01
111618 7.564232e-01
111621 7.564232e-01
111624 7.564232e-01
111627 7.564232e-01
111630 7.564232e-01
111639 7.564232e-01
111642 7.564232e-01
111666 7.564232e-01
111672 7.564232e-01
112005 7.564232e-01
112050 7.564232e-01
112053 7.564232e-01
112056 7.564232e-01
112059 7.564232e-01
112062 7.564232e-01
112065 7.564232e-01
112068 7.564232e-01
112071 7.564232e-01
112074 7.564232e-01
112077 7.564232e-01
112080 7.564232e-01
112083 7.564232e-01
112086 7.564232e-01
135537 7.530791e-01
135538 7.530791e-01
135541 7.530791e-01
135544 7.530791e-01
135547 7.530791e-01
135550 7.530791e-01
135553 7.530791e-01
135556 7.530791e-01
135559 7.530791e-01
135562 7.530791e-01
135565 7.530791e-01
135568 7.530791e-01
135571 7.530791e-01
135573 7.491205e-01
135606 7.368516e-01
135801 7.350627e-01
135802 7.350627e-01
135805 7.350627e-01
135808 7.350627e-01
135811 7.350627e-01
135814 7.350627e-01
135816 7.309473e-01
135817 7.309473e-01
135820 7.309473e-01
135823 7.309473e-01
135826 7.309473e-01
135829 7.309473e-01
135832 7.309473e-01
135835 7.309473e-01
135838 7.309473e-01
135841 7.309473e-01
135844 7.309473e-01
135847 7.309473e-01
135859 7.309473e-01
135862 7.309473e-01
135865 7.309473e-01
135868 7.309473e-01
135898 7.309473e-01
135913 7.309473e-01
135931 7.309473e-01
135964 7.309473e-01
137058 7.228663e-01
137059 7.228663e-01
137062 7.228663e-01
137065 7.228663e-01
137068 7.228663e-01
137071 7.228663e-01
137074 7.228663e-01
137077 7.228663e-01
137080 7.228663e-01
137083 7.228663e-01
137086 7.228663e-01
137089 7.228663e-01
137092 7.228663e-01
137095 7.228663e-01
137098 7.228663e-01
137101 7.228663e-01
137104 7.228663e-01
137107 7.228663e-01
137110 7.228663e-01
137113 7.228663e-01
137116 7.228663e-01
137119 7.228663e-01
137122 7.228663e-01
137125 7.228663e-01
137128 7.228663e-01
137131 7.228663e-01
137134 7.228663e-01
137137 7.228663e-01
137140 7.228663e-01
137143 7.228663e-01
137146 7.228663e-01
137149 7.228663e-01
137152 7.228663e-01
137155 7.228663e-01
137158 7.228663e-01
137161 7.228663e-01
137164 7.228663e-01
137167 7.228663e-01
137170 7.228663e-01
137173 7.228663e-01
137176 7.228663e-01
137179 7.228663e-01
137182 7.228663e-01
137185 7.228663e-01
137188 7.228663e-01
137191 7.228663e-01
137194 7.228663e-01
137196 7.175600e-01
137220 7.147708e-01
137221 7.147708e-01
137224 7.147708e-01
137227 7.147708e-01
137230 7.147708e-01
137233 7.147708e-01
137236 7.147708e-01
137239 7.147708e-01
137242 7.147708e-01
137245 7.147708e-01
137248 7.147708e-01
137251 7.147708e-01
137254 7.147708e-01
137257 7.147708e-01
137259 7.109927e-01
137260 7.109927e-01
137263 7.109927e-01
137266 7.109927e-01
137269 7.109927e-01
137272 7.109927e-01
137275 7.109927e-01
137278 7.109927e-01
137280 7.059658e-01
137331 7.023017e-01
137340 6.850164e-01
137341 6.850164e-01
137344 6.850164e-01
137347 6.850164e-01
137350 6.850164e-01
137353 6.850164e-01
137356 6.850164e-01
137359 6.850164e-01
137362 6.850164e-01
137365 6.850164e-01
137368 6.850164e-01
137371 6.850164e-01
137374 6.850164e-01
137377 6.850164e-01
137380 6.850164e-01
137383 6.850164e-01
137386 6.850164e-01
137389 6.850164e-01
137392 6.850164e-01
137395 6.850164e-01
137398 6.850164e-01
137401 6.850164e-01
137404 6.850164e-01
137407 6.850164e-01
137410 6.850164e-01
137413 6.850164e-01
137416 6.850164e-01
137419 6.850164e-01
137422 6.850164e-01
137425 6.850164e-01
137428 6.850164e-01
137431 6.850164e-01
137434 6.850164e-01
137437 6.850164e-01
137440 6.850164e-01
137443 6.850164e-01
137446 6.850164e-01
137449 6.850164e-01
137452 6.850164e-01
137455 6.850164e-01
137458 6.850164e-01
137461 6.850164e-01
137464 6.850164e-01
137467 6.850164e-01
137470 6.850164e-01
137473 6.850164e-01
137476 6.850164e-01
137479 6.850164e-01
137482 6.850164e-01
137485 6.850164e-01
137488 6.850164e-01
137491 6.850164e-01
137494 6.850164e-01
137497 6.850164e-01
137500 6.850164e-01
137503 6.850164e-01
137506 6.850164e-01
137509 6.850164e-01
137512 6.850164e-01
137515 6.850164e-01
137518 6.850164e-01
137521 6.850164e-01
137524 6.850164e-01
137527 6.850164e-01
137530 6.850164e-01
137533 6.850164e-01
137536 6.850164e-01
137539 6.850164e-01
137542 6.850164e-01
137545 6.850164e-01
137548 6.850164e-01
137551 6.850164e-01
137554 6.850164e-01
137557 6.850164e-01
137560 6.850164e-01
137561 6.797955e-01
137562 6.797955e-01
137565 6.797955e-01
137568 6.797955e-01
137571 6.797955e-01
137574 6.797955e-01
137577 6.797955e-01
137580 6.797955e-01
137583 6.797955e-01
137586 6.797955e-01
137589 6.797955e-01
137592 6.797955e-01
137595 6.797955e-01
137598 6.797955e-01
137601 6.797955e-01
137604 6.797955e-01
137607 6.797955e-01
137610 6.797955e-01
137613 6.797955e-01
137616 6.797955e-01
137618 6.785408e-01
137624 6.783817e-01
137625 6.783817e-01
137628 6.783817e-01
137631 6.783817e-01
137634 6.783817e-01
137637 6.783817e-01
137640 6.783817e-01
137643 6.783817e-01
137646 6.783817e-01
137649 6.783817e-01
137652 6.783817e-01
137655 6.783817e-01
137658 6.783817e-01
137661 6.783817e-01
137663 6.775358e-01
137684 6.767322e-01
137685 6.767322e-01
137688 6.767322e-01
137691 6.767322e-01
137694 6.767322e-01
137697 6.767322e-01
137700 6.767322e-01
137703 6.767322e-01
137706 6.767322e-01
137709 6.767322e-01
137712 6.767322e-01
137715 6.767322e-01
137718 6.767322e-01
137721 6.767322e-01
137724 6.767322e-01
137727 6.767322e-01
137730 6.767322e-01
137733 6.767322e-01
137735 6.760094e-01
137759 6.758573e-01
137760 6.758573e-01
137763 6.758573e-01
137765 6.756594e-01
137780 6.752349e-01
137781 6.752349e-01
137784 6.752349e-01
137787 6.752349e-01
137790 6.752349e-01
137793 6.752349e-01
137796 6.752349e-01
137799 6.752349e-01
137802 6.752349e-01
137805 6.752349e-01
137808 6.752349e-01
137811 6.752349e-01
137814 6.752349e-01
137817 6.752349e-01
137820 6.752349e-01
137823 6.752349e-01
137826 6.752349e-01
137829 6.752349e-01
137832 6.752349e-01
137835 6.752349e-01
137838 6.752349e-01
137841 6.752349e-01
137844 6.752349e-01
137847 6.752349e-01
137850 6.752349e-01
137853 6.752349e-01
137856 6.752349e-01
137859 6.752349e-01
137862 6.752349e-01
137864 6.750279e-01
137865 6.750279e-01
137868 6.750279e-01
137871 6.750279e-01
137874 6.750279e-01
137877 6.750279e-01
137880 6.750279e-01
137883 6.750279e-01
137885 6.748245e-01
137900 6.745470e-01
137901 6.745470e-01
137904 6.745470e-01
137907 6.745470e-01
137910 6.745470e-01
137913 6.745470e-01
137916 6.745470e-01
137919 6.745470e-01
137922 6.745470e-01
137925 6.745470e-01
137928 6.745470e-01
137931 6.745470e-01
137934 6.745470e-01
137937 6.745470e-01
137940 6.745470e-01
137943 6.745470e-01
137946 6.745470e-01
137949 6.745470e-01
137952 6.745470e-01
137955 6.745470e-01
137958 6.745470e-01
137961 6.745470e-01
137964 6.745470e-01
137967 6.745470e-01
137970 6.745470e-01
137973 6.745470e-01
137976 6.745470e-01
137979 6.745470e-01
137982 6.745470e-01
137985 6.745470e-01
137988 6.745470e-01
137991 6.745470e-01
137994 6.745470e-01
137997 6.745470e-01
138000 6.745470e-01
138002 6.742241e-01
138003 6.742241e-01
138006 6.742241e-01
138009 6.742241e-01
138012 6.742241e-01
138015 6.742241e-01
138018 6.742241e-01
138021 6.742241e-01
138024 6.742241e-01
138027 6.742241e-01
138030 6.742241e-01
138033 6.742241e-01
138035 6.738527e-01
138036 6.738527e-01
138039 6.738527e-01
138042 6.738527e-01
138044 6.727446e-01
138095 6.725563e-01
138149 6.725554e-01
138224 6.725446e-01
138225 6.725446e-01
138228 6.725446e-01
138230 6.724145e-01
138231 6.724145e-01
138234 6.724145e-01
138237 6.724145e-01
138240 6.724145e-01
138243 6.724145e-01
138246 6.724145e-01
138249 6.724145e-01
138252 6.724145e-01
138255 6.724145e-01
138258 6.724145e-01
138261 6.724145e-01
138264 6.724145e-01
138267 6.724145e-01
138270 6.724145e-01
138273 6.724145e-01
138275 6.722204e-01
138457 6.713803e-01
138465 6.712757e-01
138466 6.712757e-01
138467 6.710681e-01
138468 6.710681e-01
138471 6.710681e-01
138474 6.710681e-01
138477 6.710681e-01
138480 6.710681e-01
138481 6.709579e-01
138484 6.697832e-01
138505 6.694225e-01
138519 6.693491e-01
138520 6.693491e-01
138523 6.693491e-01
138524 6.685902e-01
138527 6.676496e-01
138537 6.676496e-01
138540 6.676496e-01
138543 6.676496e-01
138552 6.676496e-01
138570 6.676496e-01
138573 6.676496e-01
138594 6.676496e-01
138600 6.676496e-01
138603 6.676496e-01
138615 6.676496e-01
138618 6.676496e-01
138882 6.676496e-01
138885 6.676496e-01
138888 6.676496e-01
138981 6.676496e-01
139161 6.676496e-01
139194 6.676496e-01
140189 6.672185e-01
140204 6.667477e-01
140205 6.667477e-01
140208 6.667477e-01
140211 6.667477e-01
140214 6.667477e-01
140217 6.667477e-01
140220 6.667477e-01
140223 6.667477e-01
140226 6.667477e-01
140229 6.667477e-01
140232 6.667477e-01
140235 6.667477e-01
140238 6.667477e-01
140241 6.667477e-01
140244 6.667477e-01
140247 6.667477e-01
140250 6.667477e-01
140253 6.667477e-01
140256 6.667477e-01
140259 6.667477e-01
140262 6.667477e-01
140265 6.667477e-01
140268 6.667477e-01
140271 6.667477e-01
140274 6.667477e-01
140277 6.667477e-01
140280 6.667477e-01
140283 6.667477e-01
140286 6.667477e-01
140289 6.667477e-01
140292 6.667477e-01
140295 6.667477e-01
140298 6.667477e-01
140301 6.667477e-01
140304 6.667477e-01
140307 6.667477e-01
140310 6.667477e-01
140313 6.667477e-01
140316 6.667477e-01
140319 6.667477e-01
140322 6.667477e-01
140325 6.667477e-01
140328 6.667477e-01
140331 6.667477e-01
140334 6.667477e-01
140337 6.667477e-01
140340 6.667477e-01
140343 6.667477e-01
140346 6.667477e-01
140349 6.667477e-01
140352 6.667477e-01
140354 6.665411e-01
140357 6.665238e-01
140358 6.665238e-01
140361 6.665238e-01
140364 6.665238e-01
140367 6.665238e-01
140370 6.665238e-01
140373 6.665238e-01
140376 6.665238e-01
140379 6.665238e-01
140382 6.665238e-01
140385 6.665238e-01
140388 6.665238e-01
140391 6.665238e-01
140394 6.665238e-01
140397 6.665238e-01
140400 6.665238e-01
140402 6.664825e-01
140403 6.664825e-01
140405 6.663957e-01
140406 6.663957e-01
140409 6.663957e-01
140412 6.663957e-01
140413 6.663547e-01
140422 6.659431e-01
140430 6.656946e-01
140431 6.656946e-01
140434 6.656946e-01
140437 6.656946e-01
140440 6.656946e-01
140443 6.656946e-01
140446 6.656946e-01
140449 6.656946e-01
140451 6.656218e-01
140472 6.653725e-01
140487 6.650524e-01
140607 6.649764e-01
140618 6.648019e-01
140619 6.648019e-01
140622 6.648019e-01
140625 6.648019e-01
140628 6.648019e-01
140631 6.648019e-01
140634 6.648019e-01
140637 6.648019e-01
140640 6.648019e-01
140643 6.648019e-01
140645 6.647975e-01
140646 6.647975e-01
140649 6.647975e-01
140652 6.647975e-01
140655 6.647975e-01
140658 6.647975e-01
140661 6.647975e-01
140664 6.647975e-01
140666 6.647443e-01
140667 6.647443e-01
140670 6.647443e-01
140672 6.643526e-01
140675 6.642333e-01
140759 6.642123e-01
140950 6.641857e-01
140986 6.641678e-01
140987 6.641678e-01
140990 6.641678e-01
140992 6.640577e-01
140993 6.640577e-01
140996 6.640577e-01
140999 6.640577e-01
141002 6.640577e-01
141005 6.640577e-01
141008 6.640577e-01
141010 6.638121e-01
141011 6.638121e-01
141014 6.638121e-01
141017 6.638121e-01
141020 6.638121e-01
141023 6.638121e-01
141026 6.638121e-01
141029 6.638121e-01
141032 6.638121e-01
141035 6.638121e-01
141038 6.638121e-01
141041 6.638121e-01
141044 6.638121e-01
141047 6.638121e-01
141050 6.638121e-01
141053 6.638121e-01
141056 6.638121e-01
141059 6.638121e-01
141062 6.638121e-01
141065 6.638121e-01
141068 6.638121e-01
141071 6.638121e-01
141074 6.638121e-01
141077 6.638121e-01
141080 6.638121e-01
141083 6.638121e-01
141086 6.638121e-01
141089 6.638121e-01
141092 6.638121e-01
141095 6.638121e-01
141098 6.638121e-01
141100 6.637352e-01
141101 6.637352e-01
141104 6.637352e-01
141107 6.637352e-01
141110 6.637352e-01
141113 6.637352e-01
141116 6.637352e-01
141119 6.637352e-01
141122 6.637352e-01
141125 6.637352e-01
141128 6.637352e-01
141131 6.637352e-01
141134 6.637352e-01
141137 6.637352e-01
141140 6.637352e-01
141143 6.637352e-01
141146 6.637352e-01
141149 6.637352e-01
141152 6.637352e-01
141155 6.637352e-01
141158 6.637352e-01
141161 6.637352e-01
141164 6.637352e-01
141167 6.637352e-01
141170 6.637352e-01
141173 6.637352e-01
141176 6.637352e-01
141179 6.637352e-01
141182 6.637352e-01
141185 6.637352e-01
141188 6.637352e-01
141191 6.637352e-01
141194 6.637352e-01
141197 6.637352e-01
141200 6.637352e-01
141203 6.637352e-01
141206 6.637352e-01
141209 6.637352e-01
141212 6.637352e-01
141215 6.637352e-01
141218 6.637352e-01
141221 6.637352e-01
141224 6.637352e-01
141227 6.637352e-01
141230 6.637352e-01
141233 6.637352e-01
141236 6.637352e-01
141260 6.637352e-01
141263 6.637352e-01
141266 6.637352e-01
141269 6.637352e-01
141272 6.637352e-01
141275 6.637352e-01
141278 6.637352e-01
141305 6.637352e-01
141308 6.637352e-01
141311 6.637352e-01
141317 6.637352e-01
141473 6.637352e-01
141476 6.637352e-01
141479 6.637352e-01
141482 6.637352e-01
141485 6.637352e-01
141497 6.637352e-01
141500 6.637352e-01
141503 6.637352e-01
141506 6.637352e-01
141509 6.637352e-01
143122 6.637248e-01
143197 6.637164e-01
143198 6.637164e-01
143201 6.637164e-01
143204 6.637164e-01
143207 6.637164e-01
143210 6.637164e-01
143213 6.637164e-01
143216 6.637164e-01
143219 6.637164e-01
143222 6.637164e-01
143225 6.637164e-01
143228 6.637164e-01
143231 6.637164e-01
143234 6.637164e-01
143237 6.637164e-01
143240 6.637164e-01
143243 6.637164e-01
143246 6.637164e-01
143249 6.637164e-01
143252 6.637164e-01
143255 6.637164e-01
143258 6.637164e-01
143261 6.637164e-01
143264 6.637164e-01
143267 6.637164e-01
143270 6.637164e-01
143273 6.637164e-01
143276 6.637164e-01
143279 6.637164e-01
143282 6.637164e-01
143285 6.637164e-01
143288 6.637164e-01
143291 6.637164e-01
143294 6.637164e-01
143297 6.637164e-01
143300 6.637164e-01
143303 6.637164e-01
143306 6.637164e-01
143309 6.637164e-01
143312 6.637164e-01
143315 6.637164e-01
143318 6.637164e-01
143321 6.637164e-01
143324 6.637164e-01
143327 6.637164e-01
143330 6.637164e-01
143333 6.637164e-01
143334 6.637122e-01
143335 6.637122e-01
143338 6.637122e-01
143341 6.637122e-01
143344 6.637122e-01
143347 6.637122e-01
143350 6.637122e-01
143353 6.637122e-01
143356 6.637122e-01
143358 6.637024e-01
143359 6.637024e-01
143362 6.637024e-01
143365 6.637024e-01
143367 6.636874e-01
143368 6.636874e-01
143371 6.636874e-01
143374 6.636874e-01
143377 6.636874e-01
143378 6.636818e-01
143379 6.636818e-01
143382 6.636818e-01
143385 6.636818e-01
143388 6.636818e-01
143391 6.636818e-01
143394 6.636818e-01
143397 6.636818e-01
143400 6.636818e-01
143403 6.636818e-01
143406 6.636818e-01
143409 6.636818e-01
143412 6.636818e-01
143415 6.636818e-01
143418 6.636818e-01
143421 6.636818e-01
143424 6.636818e-01
143427 6.636818e-01
143430 6.636818e-01
143433 6.636818e-01
143436 6.636818e-01
143438 6.636771e-01
143447 6.636729e-01
143448 6.636729e-01
143451 6.636729e-01
143454 6.636729e-01
143457 6.636729e-01
143460 6.636729e-01
143463 6.636729e-01
143466 6.636729e-01
143469 6.636729e-01
143472 6.636729e-01
143475 6.636729e-01
143478 6.636729e-01
143480 6.636676e-01
143668 6.636656e-01
143669 6.636656e-01
143672 6.636656e-01
143675 6.636656e-01
143678 6.636656e-01
143681 6.636656e-01
143684 6.636656e-01
143687 6.636656e-01
143690 6.636656e-01
143693 6.636656e-01
143696 6.636656e-01
143699 6.636656e-01
143701 6.636454e-01
143702 6.636454e-01
143705 6.636454e-01
143706 6.635931e-01
143838 6.635909e-01
143839 6.635909e-01
143842 6.635909e-01
143845 6.635909e-01
143848 6.635909e-01
143851 6.635909e-01
143854 6.635909e-01
143857 6.635909e-01
143860 6.635909e-01
143863 6.635909e-01
143866 6.635909e-01
143869 6.635909e-01
143872 6.635909e-01
143875 6.635909e-01
143878 6.635909e-01
143881 6.635909e-01
143884 6.635909e-01
143887 6.635909e-01
143890 6.635909e-01
143893 6.635909e-01
143896 6.635909e-01
143899 6.635909e-01
143902 6.635909e-01
143905 6.635909e-01
143908 6.635909e-01
143911 6.635909e-01
143914 6.635909e-01
143917 6.635909e-01
143920 6.635909e-01
143923 6.635909e-01
143926 6.635909e-01
143953 6.635909e-01
143956 6.635909e-01
143959 6.635909e-01
143962 6.635909e-01
143965 6.635909e-01
143968 6.635909e-01
143971 6.635909e-01
143974 6.635909e-01
143977 6.635909e-01
143980 6.635909e-01
143983 6.635909e-01
144013 6.635909e-01
144016 6.635909e-01
144019 6.635909e-01
144022 6.635909e-01
144025 6.635909e-01
144028 6.635909e-01
144031 6.635909e-01
144034 6.635909e-01
144037 6.635909e-01
144040 6.635909e-01
144043 6.635909e-01
144046 6.635909e-01
146273 6.635888e-01
146284 6.635882e-01
146285 6.635882e-01
146288 6.635882e-01
146291 6.635882e-01
146294 6.635882e-01
146296 6.635831e-01
146297 6.635831e-01
146298 6.635811e-01
146299 6.635811e-01
146302 6.635811e-01
146303 6.635806e-01
146311 6.635789e-01
146329 6.635761e-01
146332 6.635716e-01
146333 6.635716e-01
146336 6.635716e-01
146339 6.635716e-01
146342 6.635716e-01
146345 6.635716e-01
146348 6.635716e-01
146351 6.635716e-01
146354 6.635716e-01
146357 6.635716e-01
146360 6.635716e-01
146363 6.635716e-01
146366 6.635716e-01
146368 6.635703e-01
146369 6.635703e-01
146372 6.635703e-01
146375 6.635703e-01
146378 6.635703e-01
146381 6.635703e-01
146384 6.635703e-01
146387 6.635703e-01
146390 6.635703e-01
146393 6.635703e-01
146396 6.635703e-01
146399 6.635703e-01
146402 6.635703e-01
146405 6.635703e-01
146408 6.635703e-01
146411 6.635703e-01
146414 6.635703e-01
146417 6.635703e-01
146419 6.635701e-01
146430 6.635682e-01
146480 6.635671e-01
146481 6.635671e-01
146484 6.635671e-01
146487 6.635671e-01
146489 6.635605e-01
146490 6.635605e-01
146493 6.635605e-01
146496 6.635605e-01
146499 6.635605e-01
146502 6.635605e-01
146505 6.635605e-01
146508 6.635605e-01
146511 6.635605e-01
146514 6.635605e-01
146517 6.635605e-01
146520 6.635605e-01
146523 6.635605e-01
146526 6.635605e-01
146529 6.635605e-01
146532 6.635605e-01
146535 6.635605e-01
146538 6.635605e-01
146541 6.635605e-01
146543 6.635580e-01
146544 6.635580e-01
146547 6.635580e-01
146550 6.635580e-01
146553 6.635580e-01
146556 6.635580e-01
146559 6.635580e-01
146562 6.635580e-01
146565 6.635580e-01
146568 6.635580e-01
146571 6.635580e-01
146574 6.635580e-01
146577 6.635580e-01
146580 6.635580e-01
146583 6.635580e-01
146586 6.635580e-01
146589 6.635580e-01
146592 6.635580e-01
146595 6.635580e-01
146598 6.635580e-01
146601 6.635580e-01
146604 6.635580e-01
146607 6.635580e-01
146610 6.635580e-01
146613 6.635580e-01
146616 6.635580e-01
146618 6.635559e-01
146619 6.635559e-01
146622 6.635559e-01
146625 6.635559e-01
149009 6.635545e-01
149010 6.635545e-01
149013 6.635545e-01
149016 6.635545e-01
149019 6.635545e-01
149022 6.635545e-01
149025 6.635545e-01
149028 6.635545e-01
149031 6.635545e-01
149034 6.635545e-01
149037 6.635545e-01
149040 6.635545e-01
149043 6.635545e-01
149046 6.635545e-01
149049 6.635545e-01
149052 6.635545e-01
149055 6.635545e-01
149058 6.635545e-01
149061 6.635545e-01
149064 6.635545e-01
149067 6.635545e-01
149070 6.635545e-01
149073 6.635545e-01
149076 6.635545e-01
149079 6.635545e-01
149082 6.635545e-01
149085 6.635545e-01
149088 6.635545e-01
149091 6.635545e-01
149094 6.635545e-01
149097 6.635545e-01
149100 6.635545e-01
149103 6.635545e-01
149106 6.635545e-01
149109 6.635545e-01
149112 6.635545e-01
149115 6.635545e-01
149118 6.635545e-01
149121 6.635545e-01
149124 6.635545e-01
149127 6.635545e-01
149130 6.635545e-01
149133 6.635545e-01
149136 6.635545e-01
149139 6.635545e-01
149140 6.635521e-01
149143 6.635516e-01
149144 6.635516e-01
149147 6.635516e-01
149150 6.635516e-01
149153 6.635516e-01
149156 6.635516e-01
149159 6.635516e-01
149162 6.635516e-01
149165 6.635516e-01
149167 6.635487e-01
149168 6.635487e-01
149171 6.635487e-01
149174 6.635487e-01
149177 6.635487e-01
149180 6.635487e-01
149183 6.635487e-01
149186 6.635487e-01
149188 6.635485e-01
149189 6.635485e-01
149192 6.635485e-01
149195 6.635485e-01
149198 6.635485e-01
149201 6.635485e-01
149204 6.635485e-01
149207 6.635485e-01
149210 6.635485e-01
149212 6.635483e-01
149213 6.635483e-01
149216 6.635483e-01
149219 6.635483e-01
149222 6.635483e-01
149225 6.635483e-01
149228 6.635483e-01
149231 6.635483e-01
149234 6.635483e-01
149237 6.635483e-01
149240 6.635483e-01
149243 6.635483e-01
149246 6.635483e-01
149249 6.635483e-01
149252 6.635483e-01
149255 6.635483e-01
149258 6.635483e-01
149261 6.635483e-01
149264 6.635483e-01
149267 6.635483e-01
149270 6.635483e-01
149273 6.635483e-01
149276 6.635483e-01
149279 6.635483e-01
149282 6.635483e-01
149285 6.635483e-01
149288 6.635483e-01
149291 6.635483e-01
149294 6.635483e-01
149297 6.635483e-01
149300 6.635483e-01
149303 6.635483e-01
149306 6.635483e-01
149309 6.635483e-01
149312 6.635483e-01
149315 6.635483e-01
149318 6.635483e-01
149321 6.635483e-01
149351 6.635483e-01
149354 6.635483e-01
149357 6.635483e-01
149360 6.635483e-01
149363 6.635483e-01
149366 6.635483e-01
149369 6.635483e-01
149372 6.635483e-01
149375 6.635483e-01
149378 6.635483e-01
149381 6.635483e-01
149384 6.635483e-01
149387 6.635483e-01
149390 6.635483e-01
149405 6.635483e-01
149408 6.635483e-01
149411 6.635483e-01
149414 6.635483e-01
149417 6.635483e-01
149420 6.635483e-01
149423 6.635483e-01
149426 6.635483e-01
149429 6.635483e-01
149432 6.635483e-01
149435 6.635483e-01
149438 6.635483e-01
151795 6.635481e-01
151797 6.635470e-01
151806 6.635461e-01
151839 6.635454e-01
151887 6.635447e-01
152047 6.635447e-01
152191 6.635447e-01
152209 6.635447e-01
154626 6.635440e-01
154627 6.635440e-01
154630 6.635440e-01
154633 6.635440e-01
154636 6.635440e-01
154639 6.635440e-01
154642 6.635440e-01
154645 6.635440e-01
154648 6.635440e-01
154651 6.635440e-01
154654 6.635440e-01
154657 6.635440e-01
154660 6.635440e-01
154663 6.635440e-01
154666 6.635440e-01
154669 6.635440e-01
154672 6.635440e-01
154675 6.635440e-01
154678 6.635440e-01
154681 6.635440e-01
154684 6.635440e-01
154686 6.635435e-01
154687 6.635435e-01
154690 6.635435e-01
154693 6.635435e-01
154696 6.635435e-01
154699 6.635435e-01
154702 6.635435e-01
154705 6.635435e-01
154708 6.635435e-01
154711 6.635435e-01
154714 6.635435e-01
154717 6.635435e-01
154720 6.635435e-01
154723 6.635435e-01
154726 6.635435e-01
154729 6.635435e-01
154732 6.635435e-01
154735 6.635435e-01
154738 6.635435e-01
154741 6.635435e-01
154744 6.635435e-01
154747 6.635435e-01
154840 6.635435e-01
154843 6.635435e-01
154846 6.635435e-01
154849 6.635435e-01
154852 6.635435e-01
154855 6.635435e-01
154858 6.635435e-01
154861 6.635435e-01
154864 6.635435e-01
154867 6.635435e-01
154870 6.635435e-01
154873 6.635435e-01
154876 6.635435e-01
154879 6.635435e-01
154882 6.635435e-01
154885 6.635435e-01
154888 6.635435e-01
154891 6.635435e-01
154894 6.635435e-01
154897 6.635435e-01
154900 6.635435e-01
154903 6.635435e-01
154906 6.635435e-01
154909 6.635435e-01
154912 6.635435e-01
154915 6.635435e-01
154918 6.635435e-01
154921 6.635435e-01
154924 6.635435e-01
154927 6.635435e-01
157450 6.635435e-01
157453 6.635435e-01
157456 6.635435e-01
157459 6.635435e-01
157462 6.635435e-01
157465 6.635435e-01
157468 6.635435e-01
157471 6.635435e-01
157474 6.635435e-01
157477 6.635435e-01
157480 6.635435e-01
157483 6.635435e-01
157486 6.635435e-01
157489 6.635435e-01
157504 6.635435e-01
160071 6.635435e-01
160147 6.635435e-01
160381 6.635435e-01
160384 6.635435e-01
160387 6.635435e-01
160390 6.635435e-01
160393 6.635435e-01
160396 6.635435e-01
165429 6.635432e-01
165547 6.635432e-01
165550 6.635432e-01
165553 6.635432e-01
165556 6.635432e-01
165559 6.635432e-01
165562 6.635432e-01
165754 6.635432e-01
165781 6.635432e-01
165799 6.635432e-01
178037 6.553030e-01
178038 6.553030e-01
178041 6.553030e-01
178044 6.553030e-01
178047 6.553030e-01
178050 6.553030e-01
178053 6.553030e-01
178056 6.553030e-01
178059 6.553030e-01
178062 6.553030e-01
178065 6.553030e-01
178068 6.553030e-01
178071 6.553030e-01
178072 6.449393e-01
178073 6.449393e-01
178076 6.449393e-01
178079 6.449393e-01
178082 6.449393e-01
178085 6.449393e-01
178087 6.423755e-01
178132 6.423571e-01
178267 6.412803e-01
178300 6.341237e-01
178363 6.133464e-01
178364 6.133464e-01
178367 6.133464e-01
178370 6.133464e-01
178373 6.133464e-01
178376 6.133464e-01
178379 6.133464e-01
178382 6.133464e-01
178385 6.133464e-01
178388 6.133464e-01
178391 6.133464e-01
178394 6.133464e-01
178397 6.133464e-01
178400 6.133464e-01
178403 6.133464e-01
178406 6.133464e-01
178409 6.133464e-01
178412 6.133464e-01
178415 6.133464e-01
178418 6.133464e-01
178421 6.133464e-01
178424 6.133464e-01
178427 6.133464e-01
178430 6.133464e-01
178433 6.133464e-01
178436 6.133464e-01
178439 6.133464e-01
178442 6.133464e-01
178445 6.133464e-01
178448 6.133464e-01
178451 6.133464e-01
178453 6.109806e-01
178539 6.058033e-01
178587 6.019661e-01
178588 6.019661e-01
178591 6.019661e-01
178594 6.019661e-01
178597 6.019661e-01
178600 6.019661e-01
178603 6.019661e-01
178606 6.019661e-01
178609 6.019661e-01
178612 6.019661e-01
178615 6.019661e-01
178618 6.019661e-01
178621 6.019661e-01
178624 6.019661e-01
178626 5.931441e-01
178627 5.931441e-01
178630 5.931441e-01
178633 5.931441e-01
178636 5.931441e-01
178639 5.931441e-01
178642 5.931441e-01
178645 5.931441e-01
178648 5.931441e-01
178651 5.931441e-01
178654 5.931441e-01
178657 5.931441e-01
178660 5.931441e-01
178663 5.931441e-01
178666 5.931441e-01
178669 5.931441e-01
178672 5.931441e-01
178675 5.931441e-01
178678 5.931441e-01
178681 5.931441e-01
178684 5.931441e-01
178687 5.931441e-01
178690 5.931441e-01
178693 5.931441e-01
178696 5.931441e-01
178699 5.931441e-01
178702 5.931441e-01
178705 5.931441e-01
178708 5.931441e-01
178711 5.931441e-01
178713 5.924552e-01
178714 5.924552e-01
178717 5.924552e-01
178720 5.924552e-01
178723 5.924552e-01
178726 5.924552e-01
178729 5.924552e-01
178732 5.924552e-01
178735 5.924552e-01
178738 5.924552e-01
178741 5.924552e-01
178744 5.924552e-01
178747 5.924552e-01
178750 5.924552e-01
178753 5.924552e-01
178756 5.924552e-01
178759 5.924552e-01
178762 5.924552e-01
178765 5.924552e-01
178768 5.924552e-01
178771 5.924552e-01
178774 5.924552e-01
178777 5.924552e-01
178780 5.924552e-01
178783 5.924552e-01
178786 5.924552e-01
178789 5.924552e-01
178792 5.924552e-01
178795 5.924552e-01
178798 5.924552e-01
178801 5.924552e-01
178804 5.924552e-01
178807 5.924552e-01
178810 5.924552e-01
178813 5.924552e-01
178816 5.924552e-01
178819 5.924552e-01
178822 5.924552e-01
178825 5.924552e-01
178828 5.924552e-01
178831 5.924552e-01
178834 5.924552e-01
178837 5.924552e-01
178840 5.924552e-01
178843 5.924552e-01
178846 5.924552e-01
178849 5.924552e-01
178852 5.924552e-01
178855 5.924552e-01
178858 5.924552e-01
178861 5.924552e-01
178864 5.924552e-01
178867 5.924552e-01
178870 5.924552e-01
178873 5.924552e-01
178876 5.924552e-01
178879 5.924552e-01
178882 5.924552e-01
178885 5.924552e-01
178888 5.924552e-01
178891 5.924552e-01
178894 5.924552e-01
178897 5.924552e-01
178898 5.887877e-01
178910 5.837212e-01
178919 5.798147e-01
178940 5.793092e-01
178941 5.793092e-01
178944 5.793092e-01
178946 5.772522e-01
178958 5.747436e-01
178959 5.747436e-01
178962 5.747436e-01
178965 5.747436e-01
178968 5.747436e-01
178970 5.732094e-01
178971 5.732094e-01
178974 5.732094e-01
178977 5.732094e-01
178980 5.732094e-01
178983 5.732094e-01
178986 5.732094e-01
178989 5.732094e-01
178998 5.732094e-01
179001 5.732094e-01
179016 5.732094e-01
179019 5.732094e-01
179022 5.732094e-01
179025 5.732094e-01
179028 5.732094e-01
179031 5.732094e-01
179034 5.732094e-01
179037 5.732094e-01
179040 5.732094e-01
179043 5.732094e-01
179046 5.732094e-01
179052 5.732094e-01
179055 5.732094e-01
179058 5.732094e-01
179061 5.732094e-01
179265 5.732094e-01
179274 5.732094e-01
179307 5.732094e-01
179310 5.732094e-01
179313 5.732094e-01
180155 5.697005e-01
180156 5.697005e-01
180158 5.688243e-01
180159 5.688243e-01
180162 5.688243e-01
180165 5.688243e-01
180168 5.688243e-01
180171 5.688243e-01
180174 5.688243e-01
180177 5.688243e-01
180180 5.688243e-01
180183 5.688243e-01
180186 5.688243e-01
180189 5.688243e-01
180192 5.688243e-01
180195 5.688243e-01
180198 5.688243e-01
180201 5.688243e-01
180204 5.688243e-01
180207 5.688243e-01
180210 5.688243e-01
180213 5.688243e-01
180216 5.688243e-01
180219 5.688243e-01
180222 5.688243e-01
180225 5.688243e-01
180228 5.688243e-01
180231 5.688243e-01
180234 5.688243e-01
180237 5.688243e-01
180240 5.688243e-01
180243 5.688243e-01
180246 5.688243e-01
180249 5.688243e-01
180252 5.688243e-01
180255 5.688243e-01
180258 5.688243e-01
180261 5.688243e-01
180264 5.688243e-01
180267 5.688243e-01
180270 5.688243e-01
180273 5.688243e-01
180276 5.688243e-01
180279 5.688243e-01
180282 5.688243e-01
180285 5.688243e-01
180288 5.688243e-01
180291 5.688243e-01
180294 5.688243e-01
180297 5.688243e-01
180300 5.688243e-01
180303 5.688243e-01
180306 5.688243e-01
180309 5.688243e-01
180312 5.688243e-01
180315 5.688243e-01
180318 5.688243e-01
180321 5.688243e-01
180324 5.688243e-01
180327 5.688243e-01
180330 5.688243e-01
180333 5.688243e-01
180334 5.529484e-01
180378 5.487418e-01
180420 5.456558e-01
180605 5.425293e-01
180606 5.425293e-01
180609 5.425293e-01
180612 5.425293e-01
180615 5.425293e-01
180618 5.425293e-01
180621 5.425293e-01
180624 5.425293e-01
180627 5.425293e-01
180630 5.425293e-01
180633 5.425293e-01
180636 5.425293e-01
180639 5.425293e-01
180642 5.425293e-01
180645 5.425293e-01
180648 5.425293e-01
180651 5.425293e-01
180654 5.425293e-01
180657 5.425293e-01
180660 5.425293e-01
180663 5.425293e-01
180666 5.425293e-01
180669 5.425293e-01
180672 5.425293e-01
180675 5.425293e-01
180678 5.425293e-01
180681 5.425293e-01
180684 5.425293e-01
180687 5.425293e-01
180690 5.425293e-01
180693 5.425293e-01
180696 5.425293e-01
180699 5.425293e-01
180702 5.425293e-01
180705 5.425293e-01
180708 5.425293e-01
180711 5.425293e-01
180714 5.425293e-01
180717 5.425293e-01
180720 5.425293e-01
180723 5.425293e-01
180726 5.425293e-01
180729 5.425293e-01
180732 5.425293e-01
180735 5.425293e-01
180738 5.425293e-01
180741 5.425293e-01
180744 5.425293e-01
180747 5.425293e-01
180750 5.425293e-01
180753 5.425293e-01
180756 5.425293e-01
180759 5.425293e-01
180762 5.425293e-01
180765 5.425293e-01
180768 5.425293e-01
180771 5.425293e-01
180774 5.425293e-01
180777 5.425293e-01
180780 5.425293e-01
180783 5.425293e-01
180786 5.425293e-01
180789 5.425293e-01
180792 5.425293e-01
180795 5.425293e-01
180798 5.425293e-01
180801 5.425293e-01
180804 5.425293e-01
180807 5.425293e-01
180810 5.425293e-01
180813 5.425293e-01
180816 5.425293e-01
180819 5.425293e-01
180822 5.425293e-01
180825 5.425293e-01
180826 5.404329e-01
180827 5.404329e-01
180830 5.404329e-01
180833 5.404329e-01
180836 5.404329e-01
180839 5.404329e-01
180842 5.404329e-01
180845 5.404329e-01
180848 5.404329e-01
180851 5.404329e-01
180854 5.404329e-01
180857 5.404329e-01
180860 5.404329e-01
180863 5.404329e-01
180866 5.404329e-01
180869 5.404329e-01
180872 5.404329e-01
180875 5.404329e-01
180878 5.404329e-01
180881 5.404329e-01
180884 5.404329e-01
180887 5.404329e-01
180890 5.404329e-01
180893 5.404329e-01
180896 5.404329e-01
180899 5.404329e-01
180902 5.404329e-01
180905 5.404329e-01
180908 5.404329e-01
180911 5.404329e-01
180914 5.404329e-01
180917 5.404329e-01
180920 5.404329e-01
180923 5.404329e-01
180926 5.404329e-01
180929 5.404329e-01
180932 5.404329e-01
180935 5.404329e-01
180938 5.404329e-01
180941 5.404329e-01
180944 5.404329e-01
180947 5.404329e-01
180950 5.404329e-01
180953 5.404329e-01
180956 5.404329e-01
180958 5.399984e-01
180959 5.399984e-01
180962 5.399984e-01
180965 5.399984e-01
180966 5.392727e-01
180981 5.390279e-01
180984 5.382920e-01
180990 5.378061e-01
180991 5.378061e-01
180994 5.378061e-01
180997 5.378061e-01
180999 5.375894e-01
181038 5.374388e-01
181039 5.374388e-01
181042 5.374388e-01
181045 5.374388e-01
181048 5.374388e-01
181051 5.374388e-01
181053 5.372558e-01
181071 5.371138e-01
181072 5.371138e-01
181074 5.370248e-01
181075 5.370248e-01
181078 5.370248e-01
181080 5.360654e-01
181089 5.349484e-01
181090 5.349484e-01
181093 5.349484e-01
181096 5.349484e-01
181099 5.349484e-01
181102 5.349484e-01
181105 5.349484e-01
181108 5.349484e-01
181111 5.349484e-01
181114 5.349484e-01
181117 5.349484e-01
181120 5.349484e-01
181123 5.349484e-01
181126 5.349484e-01
181129 5.349484e-01
181132 5.349484e-01
181135 5.349484e-01
181138 5.349484e-01
181141 5.349484e-01
181143 5.339233e-01
181164 5.335902e-01
181165 5.335902e-01
181168 5.335902e-01
181171 5.335902e-01
181174 5.335902e-01
181177 5.335902e-01
181180 5.335902e-01
181183 5.335902e-01
181185 5.335169e-01
181186 5.335169e-01
181189 5.335169e-01
181192 5.335169e-01
181195 5.335169e-01
181198 5.335169e-01
181201 5.335169e-01
181204 5.335169e-01
181207 5.335169e-01
181210 5.335169e-01
181213 5.335169e-01
181216 5.335169e-01
181219 5.335169e-01
181222 5.335169e-01
181225 5.335169e-01
181228 5.335169e-01
181231 5.335169e-01
181234 5.335169e-01
181237 5.335169e-01
181240 5.335169e-01
181243 5.335169e-01
181246 5.335169e-01
181249 5.335169e-01
181252 5.335169e-01
181255 5.335169e-01
181258 5.335169e-01
181261 5.335169e-01
181264 5.335169e-01
181267 5.335169e-01
181270 5.335169e-01
181273 5.335169e-01
181276 5.335169e-01
181279 5.335169e-01
181282 5.335169e-01
181285 5.335169e-01
181288 5.335169e-01
181291 5.335169e-01
181294 5.335169e-01
181297 5.335169e-01
181300 5.335169e-01
181303 5.335169e-01
181306 5.335169e-01
181309 5.335169e-01
181312 5.335169e-01
181315 5.335169e-01
181316 5.333242e-01
181322 5.325319e-01
181323 5.325319e-01
181326 5.325319e-01
181329 5.325319e-01
181331 5.322439e-01
181391 5.320282e-01
181412 5.317671e-01
181413 5.317671e-01
181416 5.317671e-01
181419 5.317671e-01
181422 5.317671e-01
181425 5.317671e-01
181428 5.317671e-01
181431 5.317671e-01
181434 5.317671e-01
181437 5.317671e-01
181440 5.317671e-01
181443 5.317671e-01
181446 5.317671e-01
181449 5.317671e-01
181452 5.317671e-01
181455 5.317671e-01
181458 5.317671e-01
181461 5.317671e-01
181464 5.317671e-01
181467 5.317671e-01
181470 5.317671e-01
181473 5.317671e-01
181476 5.317671e-01
181479 5.317671e-01
181482 5.317671e-01
181483 5.317431e-01
181484 5.317431e-01
181487 5.317431e-01
181490 5.317431e-01
181493 5.317431e-01
181496 5.317431e-01
181499 5.317431e-01
181502 5.317431e-01
181505 5.317431e-01
181508 5.317431e-01
181511 5.317431e-01
181514 5.317431e-01
181517 5.317431e-01
181520 5.317431e-01
181523 5.317431e-01
181526 5.317431e-01
181529 5.317431e-01
181532 5.317431e-01
181535 5.317431e-01
181538 5.317431e-01
181541 5.317431e-01
181544 5.317431e-01
181547 5.317431e-01
181550 5.317431e-01
181553 5.317431e-01
181556 5.317431e-01
181559 5.317431e-01
181562 5.317431e-01
181565 5.317431e-01
181568 5.317431e-01
181571 5.317431e-01
181573 5.317078e-01
181574 5.317078e-01
181577 5.317078e-01
181580 5.317078e-01
181583 5.317078e-01
181586 5.317078e-01
181589 5.317078e-01
181592 5.317078e-01
181595 5.317078e-01
181598 5.317078e-01
181601 5.317078e-01
181604 5.317078e-01
181607 5.317078e-01
181610 5.317078e-01
181613 5.317078e-01
181616 5.317078e-01
181619 5.317078e-01
181622 5.317078e-01
181625 5.317078e-01
181628 5.317078e-01
181631 5.317078e-01
181634 5.317078e-01
181637 5.317078e-01
181640 5.317078e-01
181643 5.317078e-01
181646 5.317078e-01
181649 5.317078e-01
181652 5.317078e-01
181655 5.317078e-01
181658 5.317078e-01
181661 5.317078e-01
181664 5.317078e-01
181667 5.317078e-01
181670 5.317078e-01
181673 5.317078e-01
181694 5.317078e-01
181745 5.317078e-01
181748 5.317078e-01
181751 5.317078e-01
181754 5.317078e-01
181763 5.317078e-01
181868 5.317078e-01
181871 5.317078e-01
181874 5.317078e-01
181877 5.317078e-01
181880 5.317078e-01
181883 5.317078e-01
181886 5.317078e-01
181889 5.317078e-01
181892 5.317078e-01
181895 5.317078e-01
181898 5.317078e-01
181901 5.317078e-01
181904 5.317078e-01
181907 5.317078e-01
181910 5.317078e-01
181955 5.317078e-01
183301 5.315788e-01
183316 5.313752e-01
183317 5.313752e-01
183320 5.313752e-01
183323 5.313752e-01
183326 5.313752e-01
183328 5.313685e-01
183329 5.313685e-01
183332 5.313685e-01
183334 5.313293e-01
183358 5.313232e-01
183359 5.313232e-01
183361 5.311440e-01
183362 5.311440e-01
183365 5.311440e-01
183368 5.311440e-01
183371 5.311440e-01
183372 5.309008e-01
183373 5.309008e-01
183376 5.309008e-01
183379 5.309008e-01
183382 5.309008e-01
183385 5.309008e-01
183387 5.307528e-01
183388 5.307528e-01
183391 5.307528e-01
183393 5.307466e-01
183408 5.307318e-01
183409 5.307318e-01
183412 5.307318e-01
183415 5.307318e-01
183417 5.303200e-01
183418 5.303200e-01
183421 5.303200e-01
183424 5.303200e-01
183427 5.303200e-01
183430 5.303200e-01
183433 5.303200e-01
183436 5.303200e-01
183439 5.303200e-01
183442 5.303200e-01
183445 5.303200e-01
183448 5.303200e-01
183451 5.303200e-01
183454 5.303200e-01
183457 5.303200e-01
183460 5.303200e-01
183463 5.303200e-01
183466 5.303200e-01
183469 5.303200e-01
183472 5.303200e-01
183475 5.303200e-01
183478 5.303200e-01
183481 5.303200e-01
183484 5.303200e-01
183487 5.303200e-01
183490 5.303200e-01
183493 5.303200e-01
183496 5.303200e-01
183499 5.303200e-01
183502 5.303200e-01
183505 5.303200e-01
183508 5.303200e-01
183511 5.303200e-01
183514 5.303200e-01
183517 5.303200e-01
183520 5.303200e-01
183523 5.303200e-01
183526 5.303200e-01
183529 5.303200e-01
183532 5.303200e-01
183535 5.303200e-01
183538 5.303200e-01
183541 5.303200e-01
183544 5.303200e-01
183547 5.303200e-01
183550 5.303200e-01
183553 5.303200e-01
183556 5.303200e-01
183559 5.303200e-01
183562 5.303200e-01
183565 5.303200e-01
183566 5.303166e-01
183572 5.302946e-01
183743 5.301940e-01
183788 5.301709e-01
183789 5.301709e-01
183790 5.301620e-01
183823 5.301538e-01
183840 5.301103e-01
183852 5.300604e-01
183853 5.300604e-01
183854 5.299676e-01
183869 5.298091e-01
183878 5.297750e-01
183879 5.297750e-01
183882 5.297750e-01
183885 5.297750e-01
183888 5.297750e-01
183891 5.297750e-01
183894 5.297750e-01
183897 5.297750e-01
183900 5.297750e-01
183903 5.297750e-01
183906 5.297750e-01
183909 5.297750e-01
183912 5.297750e-01
183915 5.297750e-01
183918 5.297750e-01
183921 5.297750e-01
183924 5.297750e-01
183927 5.297750e-01
183930 5.297750e-01
183933 5.297750e-01
183936 5.297750e-01
183939 5.297750e-01
183942 5.297750e-01
183945 5.297750e-01
183948 5.297750e-01
183951 5.297750e-01
183954 5.297750e-01
183957 5.297750e-01
183960 5.297750e-01
183963 5.297750e-01
183966 5.297750e-01
183969 5.297750e-01
183972 5.297750e-01
183975 5.297750e-01
183978 5.297750e-01
183981 5.297750e-01
183984 5.297750e-01
183987 5.297750e-01
183990 5.297750e-01
183993 5.297750e-01
183996 5.297750e-01
183999 5.297750e-01
184002 5.297750e-01
184005 5.297750e-01
184008 5.297750e-01
184011 5.297750e-01
184013 5.297714e-01
184058 5.297484e-01
184059 5.297484e-01
184062 5.297484e-01
184065 5.297484e-01
184067 5.297372e-01
184087 5.297317e-01
184088 5.297317e-01
184091 5.297317e-01
184094 5.297317e-01
184097 5.297317e-01
184100 5.297317e-01
184102 5.297145e-01
184103 5.297145e-01
184106 5.297145e-01
184108 5.297093e-01
184109 5.297093e-01
184112 5.297093e-01
184115 5.297093e-01
184118 5.297093e-01
184121 5.297093e-01
184124 5.297093e-01
184127 5.297093e-01
184130 5.297093e-01
184133 5.297093e-01
184136 5.297093e-01
184139 5.297093e-01
184142 5.297093e-01
184145 5.297093e-01
184147 5.296915e-01
184278 5.296849e-01
184279 5.296849e-01
184281 5.296730e-01
184282 5.296730e-01
184285 5.296730e-01
184288 5.296730e-01
184291 5.296730e-01
184294 5.296730e-01
184297 5.296730e-01
184300 5.296730e-01
184303 5.296730e-01
184306 5.296730e-01
184309 5.296730e-01
184312 5.296730e-01
184315 5.296730e-01
184318 5.296730e-01
184321 5.296730e-01
184324 5.296730e-01
184326 5.296466e-01
184369 5.296466e-01
184375 5.296466e-01
184378 5.296466e-01
184381 5.296466e-01
184384 5.296466e-01
184387 5.296466e-01
184390 5.296466e-01
184393 5.296466e-01
184396 5.296466e-01
184399 5.296466e-01
184402 5.296466e-01
184405 5.296466e-01
184408 5.296466e-01
186438 5.296425e-01
186441 5.296422e-01
186442 5.296422e-01
186445 5.296422e-01
186448 5.296422e-01
186451 5.296422e-01
186454 5.296422e-01
186457 5.296422e-01
186460 5.296422e-01
186463 5.296422e-01
186466 5.296422e-01
186469 5.296422e-01
186472 5.296422e-01
186475 5.296422e-01
186478 5.296422e-01
186481 5.296422e-01
186484 5.296422e-01
186486 5.296269e-01
186487 5.296269e-01
186490 5.296269e-01
186493 5.296269e-01
186496 5.296269e-01
186499 5.296269e-01
186502 5.296269e-01
186505 5.296269e-01
186508 5.296269e-01
186511 5.296269e-01
186514 5.296269e-01
186516 5.296223e-01
186517 5.296223e-01
186520 5.296223e-01
186523 5.296223e-01
186526 5.296223e-01
186529 5.296223e-01
186532 5.296223e-01
186535 5.296223e-01
186538 5.296223e-01
186541 5.296223e-01
186544 5.296223e-01
186547 5.296223e-01
186550 5.296223e-01
186553 5.296223e-01
186556 5.296223e-01
186559 5.296223e-01
186562 5.296223e-01
186565 5.296223e-01
186568 5.296223e-01
186571 5.296223e-01
186574 5.296223e-01
186577 5.296223e-01
186580 5.296223e-01
186583 5.296223e-01
186586 5.296223e-01
186589 5.296223e-01
186592 5.296223e-01
186595 5.296223e-01
186598 5.296223e-01
186601 5.296223e-01
186604 5.296223e-01
186607 5.296223e-01
186610 5.296223e-01
186613 5.296223e-01
186616 5.296223e-01
186619 5.296223e-01
186622 5.296223e-01
186625 5.296223e-01
186628 5.296223e-01
186631 5.296223e-01
186634 5.296223e-01
186637 5.296223e-01
186640 5.296223e-01
186643 5.296223e-01
186646 5.296223e-01
186649 5.296223e-01
186652 5.296223e-01
186655 5.296223e-01
186658 5.296223e-01
186661 5.296223e-01
186664 5.296223e-01
186667 5.296223e-01
186670 5.296223e-01
186673 5.296223e-01
186676 5.296223e-01
186679 5.296223e-01
186682 5.296223e-01
186685 5.296223e-01
186688 5.296223e-01
186691 5.296223e-01
186694 5.296223e-01
186697 5.296223e-01
186700 5.296223e-01
186703 5.296223e-01
186704 5.296193e-01
186705 5.296193e-01
186708 5.296193e-01
186711 5.296193e-01
186712 5.296140e-01
186713 5.296140e-01
186716 5.296140e-01
186719 5.296140e-01
186722 5.296140e-01
186725 5.296140e-01
186728 5.296140e-01
186731 5.296140e-01
186734 5.296140e-01
186737 5.296140e-01
186740 5.296140e-01
186743 5.296140e-01
186746 5.296140e-01
186749 5.296140e-01
186752 5.296140e-01
186755 5.296140e-01
186758 5.296140e-01
186761 5.296140e-01
186764 5.296140e-01
186767 5.296140e-01
186770 5.296140e-01
186773 5.296140e-01
186776 5.296140e-01
186779 5.296140e-01
186782 5.296140e-01
186785 5.296140e-01
186788 5.296140e-01
186791 5.296140e-01
186793 5.296064e-01
186802 5.296043e-01
186803 5.296043e-01
186806 5.296043e-01
186809 5.296043e-01
186812 5.296043e-01
186815 5.296043e-01
186818 5.296043e-01
186821 5.296043e-01
186824 5.296043e-01
186827 5.296043e-01
186830 5.296043e-01
186833 5.296043e-01
186836 5.296043e-01
186839 5.296043e-01
186842 5.296043e-01
186845 5.296043e-01
186848 5.296043e-01
186851 5.296043e-01
186854 5.296043e-01
186857 5.296043e-01
186860 5.296043e-01
186863 5.296043e-01
186866 5.296043e-01
186869 5.296043e-01
186872 5.296043e-01
186873 5.295965e-01
186874 5.295965e-01
186877 5.295965e-01
186880 5.295965e-01
186883 5.295965e-01
186886 5.295965e-01
186889 5.295965e-01
186892 5.295965e-01
186895 5.295965e-01
186898 5.295965e-01
186901 5.295965e-01
186904 5.295965e-01
186907 5.295965e-01
186910 5.295965e-01
186913 5.295965e-01
186916 5.295965e-01
186919 5.295965e-01
186922 5.295965e-01
186925 5.295965e-01
186928 5.295965e-01
186931 5.295965e-01
186934 5.295965e-01
186937 5.295965e-01
186940 5.295965e-01
186943 5.295965e-01
186946 5.295965e-01
186949 5.295965e-01
186952 5.295965e-01
186955 5.295965e-01
186958 5.295965e-01
186961 5.295965e-01
186963 5.295932e-01
186964 5.295932e-01
186967 5.295932e-01
186970 5.295932e-01
186973 5.295932e-01
186976 5.295932e-01
186979 5.295932e-01
186982 5.295932e-01
186985 5.295932e-01
186988 5.295932e-01
186991 5.295932e-01
186994 5.295932e-01
186997 5.295932e-01
187000 5.295932e-01
187003 5.295932e-01
187006 5.295932e-01
187009 5.295932e-01
187012 5.295932e-01
187015 5.295932e-01
187018 5.295932e-01
187021 5.295932e-01
187024 5.295932e-01
187027 5.295932e-01
187030 5.295932e-01
187033 5.295932e-01
187036 5.295932e-01
187039 5.295932e-01
187042 5.295932e-01
187045 5.295932e-01
187048 5.295932e-01
187051 5.295932e-01
187054 5.295932e-01
187057 5.295932e-01
187060 5.295932e-01
187063 5.295932e-01
187066 5.295932e-01
187069 5.295932e-01
187072 5.295932e-01
187138 5.295932e-01
187141 5.295932e-01
187144 5.295932e-01
187255 5.295932e-01
187258 5.295932e-01
187261 5.295932e-01
187264 5.295932e-01
187267 5.295932e-01
187270 5.295932e-01
187273 5.295932e-01
187276 5.295932e-01
187279 5.295932e-01
187282 5.295932e-01
187285 5.295932e-01
187288 5.295932e-01
187291 5.295932e-01
187294 5.295932e-01
187297 5.295932e-01
187300 5.295932e-01
187303 5.295932e-01
187306 5.295932e-01
187309 5.295932e-01
187312 5.295932e-01
187315 5.295932e-01
187318 5.295932e-01
187321 5.295932e-01
187324 5.295932e-01
187327 5.295932e-01
187330 5.295932e-01
187333 5.295932e-01
187336 5.295932e-01
187339 5.295932e-01
187354 5.295932e-01
187357 5.295932e-01
187360 5.295932e-01
187363 5.295932e-01
187366 5.295932e-01
187369 5.295932e-01
187372 5.295932e-01
187375 5.295932e-01
187378 5.295932e-01
187381 5.295932e-01
187384 5.295932e-01
187387 5.295932e-01
189228 5.295882e-01
189229 5.295882e-01
189232 5.295882e-01
189235 5.295882e-01
189238 5.295882e-01
189241 5.295882e-01
189244 5.295882e-01
189247 5.295882e-01
189250 5.295882e-01
189253 5.295882e-01
189256 5.295882e-01
189259 5.295882e-01
189262 5.295882e-01
189265 5.295882e-01
189268 5.295882e-01
189271 5.295882e-01
189274 5.295882e-01
189277 5.295882e-01
189280 5.295882e-01
189283 5.295882e-01
189286 5.295882e-01
189289 5.295882e-01
189291 5.295841e-01
189372 5.295832e-01
189373 5.295832e-01
189376 5.295832e-01
189379 5.295832e-01
189382 5.295832e-01
189385 5.295832e-01
189388 5.295832e-01
189391 5.295832e-01
189392 5.295806e-01
189393 5.295806e-01
189396 5.295806e-01
189399 5.295806e-01
189402 5.295806e-01
189405 5.295806e-01
189408 5.295806e-01
189411 5.295806e-01
189414 5.295806e-01
189417 5.295806e-01
189420 5.295806e-01
189423 5.295806e-01
189426 5.295806e-01
189429 5.295806e-01
189432 5.295806e-01
189435 5.295806e-01
189438 5.295806e-01
189441 5.295806e-01
189444 5.295806e-01
189447 5.295806e-01
189450 5.295806e-01
189453 5.295806e-01
189456 5.295806e-01
189458 5.295768e-01
189631 5.295729e-01
189661 5.295720e-01
189662 5.295720e-01
189665 5.295720e-01
189668 5.295720e-01
189671 5.295720e-01
189674 5.295720e-01
189677 5.295720e-01
189680 5.295720e-01
189683 5.295720e-01
189686 5.295720e-01
189689 5.295720e-01
189692 5.295720e-01
189695 5.295720e-01
189697 5.295713e-01
189698 5.295713e-01
189701 5.295713e-01
189704 5.295713e-01
189707 5.295713e-01
189710 5.295713e-01
189713 5.295713e-01
189716 5.295713e-01
189719 5.295713e-01
189722 5.295713e-01
189725 5.295713e-01
189728 5.295713e-01
189731 5.295713e-01
189734 5.295713e-01
189737 5.295713e-01
189740 5.295713e-01
189743 5.295713e-01
189746 5.295713e-01
189749 5.295713e-01
189752 5.295713e-01
189755 5.295713e-01
189758 5.295713e-01
189761 5.295713e-01
189764 5.295713e-01
189785 5.295713e-01
189833 5.295713e-01
189836 5.295713e-01
190046 5.295713e-01
190049 5.295713e-01
190052 5.295713e-01
190055 5.295713e-01
190058 5.295713e-01
190061 5.295713e-01
190064 5.295713e-01
190067 5.295713e-01
190070 5.295713e-01
190073 5.295713e-01
190076 5.295713e-01
190079 5.295713e-01
190082 5.295713e-01
190085 5.295713e-01
190088 5.295713e-01
192214 5.295704e-01
192241 5.295702e-01
192372 5.295700e-01
192373 5.295700e-01
192376 5.295700e-01
192379 5.295700e-01
192382 5.295700e-01
192385 5.295700e-01
192388 5.295700e-01
192391 5.295700e-01
192394 5.295700e-01
192397 5.295700e-01
192400 5.295700e-01
192403 5.295700e-01
192406 5.295700e-01
192409 5.295700e-01
192412 5.295700e-01
192415 5.295700e-01
192418 5.295700e-01
192421 5.295700e-01
192424 5.295700e-01
192427 5.295700e-01
192430 5.295700e-01
192433 5.295700e-01
192436 5.295700e-01
192437 5.295689e-01
192438 5.295689e-01
192441 5.295689e-01
192444 5.295689e-01
192447 5.295689e-01
192450 5.295689e-01
192453 5.295689e-01
192456 5.295689e-01
192459 5.295689e-01
192462 5.295689e-01
192510 5.295689e-01
192525 5.295689e-01
192528 5.295689e-01
192531 5.295689e-01
192534 5.295689e-01
192537 5.295689e-01
192540 5.295689e-01
192543 5.295689e-01
192546 5.295689e-01
192549 5.295689e-01
192741 5.295689e-01
192744 5.295689e-01
192753 5.295689e-01
192786 5.295689e-01
192789 5.295689e-01
192792 5.295689e-01
194999 5.295672e-01
197681 5.295672e-01
197686 5.295670e-01
197719 5.295666e-01
197727 5.295664e-01
197728 5.295664e-01
197731 5.295664e-01
197733 5.295662e-01
197754 5.295662e-01
197775 5.295660e-01
197776 5.295660e-01
197779 5.295660e-01
197782 5.295660e-01
197785 5.295660e-01
197788 5.295660e-01
197791 5.295660e-01
197794 5.295660e-01
197797 5.295660e-01
197800 5.295660e-01
197803 5.295660e-01
197806 5.295660e-01
197809 5.295660e-01
197812 5.295660e-01
197815 5.295660e-01
197818 5.295660e-01
197821 5.295660e-01
197824 5.295660e-01
197827 5.295660e-01
197830 5.295660e-01
197833 5.295660e-01
197835 5.295658e-01
197881 5.295658e-01
197908 5.295658e-01
197911 5.295658e-01
197914 5.295658e-01
197917 5.295658e-01
197920 5.295658e-01
197923 5.295658e-01
197929 5.295658e-01
198151 5.295658e-01
198154 5.295658e-01
198157 5.295658e-01
198160 5.295658e-01
198163 5.295658e-01
198166 5.295658e-01
198169 5.295658e-01
198172 5.295658e-01
198175 5.295658e-01
198178 5.295658e-01
198181 5.295658e-01
198184 5.295658e-01
198187 5.295658e-01
198190 5.295658e-01
203196 5.295658e-01
203197 5.295658e-01
203200 5.295658e-01
203203 5.295658e-01
203206 5.295658e-01
203208 5.295658e-01
203209 5.295658e-01
203212 5.295658e-01
203215 5.295658e-01
203218 5.295658e-01
203221 5.295658e-01
203224 5.295658e-01
203226 5.295657e-01
203227 5.295657e-01
203230 5.295657e-01
203233 5.295657e-01
203235 5.295657e-01
203236 5.295657e-01
203239 5.295657e-01
203241 5.295657e-01
203247 5.295656e-01
203248 5.295656e-01
203251 5.295656e-01
203254 5.295656e-01
203257 5.295656e-01
203260 5.295656e-01
203263 5.295656e-01
203266 5.295656e-01
203269 5.295656e-01
203272 5.295656e-01
203275 5.295656e-01
203278 5.295656e-01
203551 5.295656e-01
203554 5.295656e-01
203557 5.295656e-01
203560 5.295656e-01
203563 5.295656e-01
203566 5.295656e-01
203569 5.295656e-01
203572 5.295656e-01
203575 5.295656e-01
203578 5.295656e-01
203581 5.295656e-01
208572 5.295655e-01
208573 5.295655e-01
208576 5.295655e-01
208579 5.295655e-01
208582 5.295655e-01
208585 5.295655e-01
208588 5.295655e-01
208591 5.295655e-01
208594 5.295655e-01
208597 5.295655e-01
208600 5.295655e-01
208603 5.295655e-01
208606 5.295655e-01
208609 5.295655e-01
208612 5.295655e-01
208614 5.295652e-01
208615 5.295652e-01
208618 5.295652e-01
208621 5.295652e-01
208624 5.295652e-01
208627 5.295652e-01
208630 5.295652e-01
208633 5.295652e-01
208636 5.295652e-01
208639 5.295652e-01
208642 5.295652e-01
208645 5.295652e-01
208648 5.295652e-01
208651 5.295652e-01
208654 5.295652e-01
208657 5.295652e-01
208660 5.295652e-01
208663 5.295652e-01
208666 5.295652e-01
208669 5.295652e-01
208672 5.295652e-01
208675 5.295652e-01
208678 5.295652e-01
208723 5.295652e-01
208729 5.295652e-01
208951 5.295652e-01
208984 5.295652e-01
208987 5.295652e-01
208990 5.295652e-01
