1 1.262918e+04
16 8.162039e+03
263 7.280821e+03
289 6.423966e+03
387 5.739923e+03
432 4.781106e+03
501 4.332471e+03
513 4.166450e+03
546 3.849755e+03
603 3.642911e+03
623 3.499025e+03
654 3.354686e+03
682 2.998766e+03
746 2.967816e+03
796 2.878666e+03
797 2.775910e+03
817 2.772803e+03
832 2.639301e+03
914 2.603172e+03
979 2.522228e+03
1044 2.188102e+03
1120 2.135684e+03
1186 2.107957e+03
1228 2.028814e+03
1237 1.911477e+03
1298 1.872948e+03
1303 1.848187e+03
1353 1.816686e+03
1387 1.777628e+03
1420 1.605070e+03
1483 1.603265e+03
1531 1.536451e+03
1572 1.506145e+03
1619 1.443763e+03
1639 1.388590e+03
1713 1.313862e+03
1810 1.309743e+03
1812 1.264868e+03
1820 1.167953e+03
1887 1.149067e+03
1902 1.138762e+03
1909 1.136419e+03
2056 9.878162e+02
2180 9.610041e+02
2196 8.883863e+02
2214 8.871081e+02
2229 8.860312e+02
2243 8.494738e+02
2263 8.188137e+02
2302 8.179551e+02
2326 8.165570e+02
2340 7.753712e+02
2348 7.688626e+02
2376 7.494985e+02
2530 7.378547e+02
2557 7.240344e+02
2576 6.808474e+02
2582 6.650817e+02
2726 6.625780e+02
2738 6.519565e+02
2740 6.229188e+02
2775 6.147195e+02
2781 5.516438e+02
2837 5.424155e+02
2898 5.221323e+02
3019 4.965456e+02
3142 4.851883e+02
3157 4.750407e+02
3211 4.643839e+02
3255 4.537164e+02
3257 4.206855e+02
3492 4.149574e+02
3500 4.115533e+02
3634 4.109062e+02
3646 4.037847e+02
3663 4.023640e+02
3685 3.867040e+02
3758 3.832088e+02
3783 3.797705e+02
3854 3.720055e+02
3893 3.715926e+02
3896 3.709768e+02
3920 3.670129e+02
3962 3.648714e+02
3967 3.637551e+02
3992 3.634544e+02
4016 3.596011e+02
4017 3.530227e+02
4033 3.528455e+02
4074 3.522871e+02
4078 3.502246e+02
4091 3.473576e+02
4105 3.459445e+02
4137 3.453472e+02
4138 3.446223e+02
4149 3.420207e+02
4222 3.403974e+02
4263 3.387203e+02
4275 3.365909e+02
4292 3.365673e+02
4297 3.347744e+02
4330 3.346373e+02
4350 3.337178e+02
4352 3.258588e+02
4411 3.253801e+02
4436 3.235719e+02
4572 3.231184e+02
4581 3.228922e+02
4587 3.222778e+02
4606 3.222342e+02
4609 3.214906e+02
4653 3.176306e+02
4712 3.172172e+02
4726 3.169120e+02
4794 3.162093e+02
4849 3.155861e+02
4862 3.154383e+02
4866 3.152315e+02
4896 3.146401e+02
4916 3.145132e+02
4921 3.139794e+02
4928 3.135414e+02
4930 3.129242e+02
4967 3.117539e+02
5074 3.116093e+02
5087 3.107496e+02
5096 3.105672e+02
5131 3.100664e+02
5148 3.096128e+02
5186 3.087711e+02
5217 3.071647e+02
5336 3.060561e+02
5446 3.059015e+02
5543 3.057608e+02
5554 3.057453e+02
5559 3.055200e+02
5612 3.054825e+02
5637 3.050578e+02
5661 3.047714e+02
5684 3.043215e+02
5700 3.038981e+02
5888 3.037560e+02
5948 3.031980e+02
6004 3.030931e+02
6021 3.024521e+02
6187 3.023250e+02
6275 3.017669e+02
6420 3.016026e+02
6488 3.014714e+02
6551 3.014580e+02
6589 3.014292e+02
6593 3.013748e+02
6604 3.013397e+02
6626 3.011030e+02
6723 3.010575e+02
6736 3.008918e+02
6828 3.008391e+02
6839 3.008003e+02
6844 3.007883e+02
6895 3.007845e+02
6914 3.007745e+02
6918 3.007390e+02
6919 3.006891e+02
6933 3.005742e+02
7062 3.005670e+02
7068 3.005300e+02
7130 3.004924e+02
7132 3.004859e+02
7185 3.004201e+02
7231 3.003319e+02
7388 3.002776e+02
7465 3.002508e+02
7505 3.002365e+02
7579 3.002348e+02
7588 3.002227e+02
7628 3.001975e+02
7655 3.001712e+02
7710 3.001520e+02
7793 3.001519e+02
7849 3.001488e+02
7876 3.001459e+02
7884 3.001330e+02
7898 3.001164e+02
8031 3.001148e+02
8079 3.001054e+02
8103 3.000851e+02
8267 3.000851e+02
8277 3.000802e+02
8282 3.000768e+02
8298 3.000706e+02
8325 3.000699e+02
8348 3.000636e+02
8493 3.000592e+02
8530 3.000569e+02
8532 3.000512e+02
8592 3.000511e+02
8598 3.000478e+02
8630 3.000435e+02
8695 3.000395e+02
8729 3.000377e+02
8763 3.000333e+02
8854 3.000322e+02
8904 3.000269e+02
9024 3.000259e+02
9073 3.000259e+02
9082 3.000232e+02
9114 3.000222e+02
9129 3.000218e+02
9131 3.000199e+02
9212 3.000171e+02
9352 3.000160e+02
9441 3.000143e+02
9487 3.000142e+02
9504 3.000141e+02
9524 3.000114e+02
9563 3.000110e+02
9588 3.000093e+02
9598 3.000093e+02
9724 3.000091e+02
9740 3.000087e+02
9753 3.000083e+02
9770 3.000082e+02
9777 3.000080e+02
9799 3.000073e+02
9836 3.000072e+02
9838 3.000070e+02
9844 3.000062e+02
9933 3.000058e+02
9941 3.000057e+02
9968 3.000056e+02
9972 3.000055e+02
10022 3.000053e+02
10035 3.000045e+02
10186 3.000042e+02
10225 3.000040e+02
10229 3.000039e+02
10238 3.000037e+02
10341 3.000036e+02
10345 3.000034e+02
10370 3.000030e+02
10473 3.000029e+02
10499 3.000029e+02
10551 3.000028e+02
10559 3.000028e+02
10578 3.000027e+02
10583 3.000027e+02
10585 3.000026e+02
10588 3.000024e+02
10647 3.000022e+02
10695 3.000019e+02
10696 3.000017e+02
10740 3.000016e+02
10820 3.000016e+02
10825 3.000016e+02
10833 3.000015e+02
10904 3.000014e+02
10943 3.000014e+02
10946 3.000013e+02
10979 3.000013e+02
10998 3.000011e+02
11051 3.000011e+02
11090 3.000010e+02
11126 3.000010e+02
11131 3.000009e+02
11159 3.000008e+02
11232 3.000008e+02
11237 3.000008e+02
11276 3.000008e+02
11306 3.000007e+02
11348 3.000007e+02
11373 3.000007e+02
11387 3.000007e+02
11414 3.000007e+02
11425 3.000006e+02
11479 3.000006e+02
11487 3.000006e+02
11514 3.000005e+02
11588 3.000005e+02
11621 3.000005e+02
11636 3.000005e+02
11700 3.000005e+02
11704 3.000004e+02
11712 3.000004e+02
11769 3.000004e+02
11831 3.000004e+02
11849 3.000004e+02
11888 3.000003e+02
11914 3.000003e+02
12040 3.000003e+02
12041 3.000002e+02
12071 3.000002e+02
12127 3.000002e+02
12194 3.000002e+02
12207 3.000002e+02
12220 3.000002e+02
12287 3.000002e+02
12303 3.000002e+02
12337 3.000002e+02
12359 3.000002e+02
12378 3.000002e+02
12399 3.000002e+02
12460 3.000001e+02
12634 3.000001e+02
12638 3.000001e+02
12640 3.000001e+02
12674 3.000001e+02
12684 3.000001e+02
12735 3.000001e+02
12788 3.000001e+02
12811 3.000001e+02
12813 3.000001e+02
12826 3.000001e+02
12829 3.000001e+02
12832 3.000001e+02
12886 3.000001e+02
12962 3.000001e+02
13074 3.000001e+02
13085 3.000001e+02
13094 3.000001e+02
13103 3.000001e+02
13180 3.000001e+02
13221 3.000001e+02
13273 3.000000e+02
13292 3.000000e+02
13391 3.000000e+02
13415 3.000000e+02
13527 3.000000e+02
13552 3.000000e+02
13624 3.000000e+02
13679 3.000000e+02
13683 3.000000e+02
13723 3.000000e+02
13739 3.000000e+02
13753 3.000000e+02
13804 3.000000e+02
13820 3.000000e+02
13880 3.000000e+02
13895 3.000000e+02
13908 3.000000e+02
13919 3.000000e+02
13980 3.000000e+02
13997 3.000000e+02
14027 3.000000e+02
14079 3.000000e+02
14095 3.000000e+02
14140 3.000000e+02
14175 3.000000e+02
14275 3.000000e+02
14292 3.000000e+02
14300 3.000000e+02
14306 3.000000e+02
14326 3.000000e+02
14330 3.000000e+02
14413 3.000000e+02
14429 3.000000e+02
14518 3.000000e+02
14542 3.000000e+02
14606 3.000000e+02
14624 3.000000e+02
14657 3.000000e+02
14673 3.000000e+02
14675 3.000000e+02
14762 3.000000e+02
14765 3.000000e+02
14798 3.000000e+02
14845 3.000000e+02
14939 3.000000e+02
14944 3.000000e+02
14949 3.000000e+02
14956 3.000000e+02
14973 3.000000e+02
15087 3.000000e+02
15124 3.000000e+02
15149 3.000000e+02
15153 3.000000e+02
15284 3.000000e+02
15313 3.000000e+02
15365 3.000000e+02
15368 3.000000e+02
15415 3.000000e+02
15464 3.000000e+02
15514 3.000000e+02
15642 3.000000e+02
15733 3.000000e+02
15765 3.000000e+02
15791 3.000000e+02
15795 3.000000e+02
15829 3.000000e+02
15855 3.000000e+02
15895 3.000000e+02
15998 3.000000e+02
16020 3.000000e+02
16125 3.000000e+02
16147 3.000000e+02
16163 3.000000e+02
16195 3.000000e+02
16201 3.000000e+02
16365 3.000000e+02
16368 3.000000e+02
16431 3.000000e+02
16489 3.000000e+02
16502 3.000000e+02
16506 3.000000e+02
16562 3.000000e+02
16595 3.000000e+02
16634 3.000000e+02
16638 3.000000e+02
16683 3.000000e+02
16700 3.000000e+02
16741 3.000000e+02
16815 3.000000e+02
16863 3.000000e+02
16871 3.000000e+02
16887 3.000000e+02
16920 3.000000e+02
16954 3.000000e+02
16966 3.000000e+02
17062 3.000000e+02
17157 3.000000e+02
17163 3.000000e+02
17173 3.000000e+02
17263 3.000000e+02
17279 3.000000e+02
17354 3.000000e+02
17393 3.000000e+02
17506 3.000000e+02
17530 3.000000e+02
17571 3.000000e+02
17651 3.000000e+02
17815 3.000000e+02
17856 3.000000e+02
17882 3.000000e+02
17905 3.000000e+02
17928 3.000000e+02
17940 3.000000e+02
17941 3.000000e+02
17960 3.000000e+02
17970 3.000000e+02
17991 3.000000e+02
18103 3.000000e+02
18133 3.000000e+02
18149 3.000000e+02
18194 3.000000e+02
18209 3.000000e+02
18224 3.000000e+02
18261 3.000000e+02
18357 3.000000e+02
18388 3.000000e+02
18397 3.000000e+02
18401 3.000000e+02
18471 3.000000e+02
18541 3.000000e+02
18572 3.000000e+02
18576 3.000000e+02
18614 3.000000e+02
18615 3.000000e+02
18655 3.000000e+02
18659 3.000000e+02
18696 3.000000e+02
18736 3.000000e+02
18743 3.000000e+02
18761 3.000000e+02
18787 3.000000e+02
18859 3.000000e+02
18872 3.000000e+02
18932 3.000000e+02
18935 3.000000e+02
18947 3.000000e+02
18953 3.000000e+02
18957 3.000000e+02
18975 3.000000e+02
19059 3.000000e+02
19097 3.000000e+02
19226 3.000000e+02
19231 3.000000e+02
19253 3.000000e+02
19299 3.000000e+02
19375 3.000000e+02
19430 3.000000e+02
19492 3.000000e+02
19551 3.000000e+02
19672 3.000000e+02
19684 3.000000e+02
19700 3.000000e+02
19798 3.000000e+02
19851 3.000000e+02
19910 3.000000e+02
19970 3.000000e+02
20011 3.000000e+02
20265 3.000000e+02
20359 3.000000e+02
20481 3.000000e+02
20489 3.000000e+02
20574 3.000000e+02
20575 3.000000e+02
20576 3.000000e+02
20614 3.000000e+02
20670 3.000000e+02
20696 3.000000e+02
20749 3.000000e+02
20774 3.000000e+02
20814 3.000000e+02
20820 3.000000e+02
20827 3.000000e+02
20911 3.000000e+02
20960 3.000000e+02
20990 3.000000e+02
21053 3.000000e+02
21101 3.000000e+02
21115 3.000000e+02
21206 3.000000e+02
21213 3.000000e+02
21259 3.000000e+02
21299 3.000000e+02
21310 3.000000e+02
21311 3.000000e+02
21317 3.000000e+02
21370 3.000000e+02
21426 3.000000e+02
21473 3.000000e+02
