1 4.583827e+03
5 4.992652e+02
27 3.489082e+02
47 3.479255e+02
187 3.457374e+02
220 3.357851e+02
490 3.337878e+02
692 3.289710e+02
916 3.272104e+02
920 3.253101e+02
1004 3.246711e+02
1024 3.231228e+02
1058 3.223851e+02
1158 3.214418e+02
1244 3.189882e+02
1634 3.179116e+02
1728 3.165814e+02
1898 3.165729e+02
1939 3.159880e+02
1957 3.156016e+02
2092 3.153127e+02
2143 3.145161e+02
2152 3.143950e+02
2339 3.141886e+02
2351 3.136579e+02
2425 3.136263e+02
2558 3.132920e+02
2581 3.132753e+02
2588 3.132494e+02
2595 3.127486e+02
2724 3.126602e+02
2749 3.124488e+02
2813 3.122712e+02
2871 3.118525e+02
2902 3.117823e+02
2931 3.117569e+02
3009 3.115775e+02
3207 3.115505e+02
3250 3.114616e+02
3261 3.113293e+02
3288 3.112702e+02
3332 3.112522e+02
3438 3.112122e+02
3460 3.111822e+02
3467 3.110890e+02
3518 3.110641e+02
3525 3.110459e+02
3535 3.110033e+02
3553 3.109620e+02
3629 3.109473e+02
3644 3.109185e+02
3656 3.109049e+02
3661 3.108513e+02
3764 3.108135e+02
3789 3.108111e+02
3804 3.107955e+02
3814 3.107653e+02
3815 3.107550e+02
3839 3.107491e+02
3907 3.107283e+02
3943 3.107274e+02
3983 3.107121e+02
3989 3.107076e+02
3990 3.106838e+02
3991 3.106813e+02
4027 3.106198e+02
4167 3.105958e+02
4226 3.105882e+02
4272 3.105639e+02
4280 3.105551e+02
4375 3.105476e+02
4446 3.105327e+02
4531 3.105257e+02
4598 3.105193e+02
4609 3.105097e+02
4699 3.105032e+02
4776 3.104985e+02
4780 3.104871e+02
4852 3.104825e+02
4876 3.104798e+02
4906 3.104618e+02
4992 3.104602e+02
5050 3.104599e+02
5051 3.104553e+02
5079 3.104496e+02
5177 3.104495e+02
5183 3.104399e+02
5202 3.104391e+02
5245 3.104373e+02
5301 3.104291e+02
5471 3.104240e+02
5531 3.104201e+02
5677 3.104171e+02
5706 3.104157e+02
5801 3.104143e+02
5846 3.104142e+02
5852 3.104125e+02
5908 3.104093e+02
6025 3.104088e+02
6043 3.104082e+02
6174 3.104067e+02
6238 3.104064e+02
6315 3.104061e+02
6341 3.104059e+02
6351 3.104058e+02
6363 3.104057e+02
6368 3.104057e+02
6377 3.104048e+02
6390 3.104043e+02
6462 3.104040e+02
6480 3.104035e+02
6532 3.104032e+02
6553 3.104031e+02
6627 3.104031e+02
6635 3.104026e+02
6771 3.104022e+02
6833 3.104021e+02
6904 3.104019e+02
6933 3.104019e+02
6943 3.104016e+02
6995 3.104015e+02
7041 3.104014e+02
7070 3.104013e+02
7080 3.104012e+02
7163 3.104012e+02
7223 3.104011e+02
7262 3.104011e+02
7288 3.104011e+02
7290 3.104010e+02
7329 3.104009e+02
7393 3.104008e+02
7479 3.104008e+02
7507 3.104008e+02
7547 3.104008e+02
7553 3.104008e+02
7566 3.104008e+02
7672 3.104007e+02
7687 3.104007e+02
7742 3.104007e+02
7757 3.104007e+02
7810 3.104007e+02
7817 3.104007e+02
7844 3.104007e+02
7858 3.104007e+02
7868 3.104007e+02
7896 3.104007e+02
7914 3.104006e+02
8137 3.104006e+02
8174 3.104006e+02
8209 3.104006e+02
8225 3.104006e+02
8328 3.104006e+02
8366 3.104006e+02
8395 3.104006e+02
8403 3.104006e+02
8413 3.104006e+02
8430 3.104006e+02
8437 3.104006e+02
8439 3.104006e+02
8472 3.104006e+02
8475 3.104006e+02
8505 3.104006e+02
8526 3.104006e+02
8566 3.104006e+02
8638 3.104006e+02
8652 3.104006e+02
8684 3.104006e+02
8712 3.104006e+02
8726 3.104006e+02
8783 3.104006e+02
8797 3.104006e+02
8810 3.104006e+02
8829 3.104006e+02
8833 3.104006e+02
8904 3.104006e+02
8959 3.104006e+02
8986 3.104006e+02
8989 3.104006e+02
9098 3.104006e+02
9164 3.104006e+02
9175 3.104006e+02
9187 3.104006e+02
9205 3.104006e+02
9211 3.104006e+02
9222 3.104006e+02
9335 3.104006e+02
9354 3.104006e+02
9358 3.104006e+02
9450 3.104006e+02
9459 3.104006e+02
9543 3.104006e+02
9558 3.104006e+02
9598 3.104006e+02
9627 3.104006e+02
9757 3.104006e+02
9765 3.104006e+02
9821 3.104006e+02
9823 3.104006e+02
9834 3.104006e+02
9835 3.104006e+02
9844 3.104006e+02
9878 3.104006e+02
9916 3.104006e+02
9928 3.104006e+02
9977 3.104006e+02
9990 3.104006e+02
10067 3.104006e+02
10071 3.104006e+02
10075 3.104006e+02
10086 3.104006e+02
10163 3.104006e+02
10237 3.104006e+02
10357 3.104006e+02
10379 3.104006e+02
10843 2.645683e+02
10893 2.493887e+02
10993 2.238087e+02
11072 2.218140e+02
11113 1.873031e+02
11707 1.861606e+02
11899 1.754192e+02
11950 1.722634e+02
12047 1.711531e+02
12057 1.678619e+02
12072 1.656422e+02
12249 1.616928e+02
12343 1.496859e+02
12988 1.496136e+02
13038 1.415072e+02
14000 1.402390e+02
14105 1.310896e+02
46223 1.308852e+02
47177 1.295884e+02
47218 1.280856e+02
47442 1.278607e+02
47785 1.151284e+02
47885 1.102567e+02
48369 1.098464e+02
48397 1.070696e+02
48704 1.051615e+02
48880 1.036743e+02
49058 1.036502e+02
49162 1.035281e+02
49229 1.029855e+02
49330 1.025673e+02
49498 1.021543e+02
49911 1.021422e+02
49946 1.021204e+02
49957 1.021173e+02
50089 1.020870e+02
50108 1.020637e+02
50194 1.020526e+02
50302 1.020210e+02
50502 1.020178e+02
50521 1.020132e+02
50566 1.020039e+02
50607 1.019992e+02
50885 1.019986e+02
50898 1.019984e+02
50934 1.019962e+02
51014 1.019940e+02
51154 1.019929e+02
51191 1.019926e+02
51345 1.019926e+02
51368 1.019922e+02
51373 1.019917e+02
51404 1.019916e+02
51416 1.019915e+02
51459 1.019912e+02
51534 1.019909e+02
51607 1.019907e+02
51759 1.019905e+02
51863 1.019904e+02
51872 1.019904e+02
51885 1.019903e+02
51954 1.019902e+02
52006 1.019902e+02
52155 1.019901e+02
52265 1.019901e+02
52296 1.019901e+02
52368 1.019900e+02
52504 1.019900e+02
52516 1.019900e+02
52731 1.019900e+02
52877 1.019900e+02
52884 1.019899e+02
52927 1.019899e+02
52945 1.019899e+02
53095 1.019899e+02
53194 1.019899e+02
53219 1.019899e+02
53640 1.019899e+02
53669 1.019899e+02
53750 1.019899e+02
53813 1.019899e+02
53837 1.019899e+02
53847 1.019899e+02
53893 1.019899e+02
54084 1.019899e+02
54127 1.019899e+02
54298 1.019899e+02
54308 1.019899e+02
54355 1.019899e+02
54495 1.019899e+02
54546 1.019899e+02
54570 1.019899e+02
54779 1.019899e+02
54868 1.019899e+02
55117 1.019899e+02
55217 1.019899e+02
55520 1.019899e+02
55658 1.019899e+02
55717 1.019899e+02
55742 1.019899e+02
55949 1.019899e+02
55981 1.019899e+02
56108 1.019899e+02
56222 1.019899e+02
56271 1.019899e+02
56272 1.019899e+02
56417 1.019899e+02
56447 1.019899e+02
56680 1.019899e+02
57169 1.019899e+02
57225 1.019899e+02
57238 1.019899e+02
79575 1.019899e+02
79985 1.019899e+02
80013 1.019899e+02
80377 1.019899e+02
80711 1.019899e+02
80981 1.019899e+02
80998 1.019899e+02
81162 1.019899e+02
81163 1.019899e+02
81195 1.019899e+02
81382 1.019899e+02
81395 1.019899e+02
81574 1.019899e+02
81728 1.019899e+02
81782 1.019899e+02
81785 1.019899e+02
81993 1.019899e+02
82055 1.019899e+02
82196 1.019899e+02
82275 1.019899e+02
82368 1.019899e+02
82376 1.019899e+02
82723 1.019899e+02
82792 1.019899e+02
83078 1.019899e+02
83119 1.019899e+02
83173 1.019899e+02
83250 1.019899e+02
83387 1.019899e+02
83417 1.019899e+02
83553 1.019899e+02
83573 1.019899e+02
83615 1.019899e+02
83892 1.019899e+02
83969 1.019899e+02
84257 1.019899e+02
84702 1.019899e+02
84967 1.019899e+02
85085 1.019899e+02
85374 1.019899e+02
85499 1.019899e+02
85527 1.019899e+02
85584 1.019899e+02
