1 3.326036e+03
8 2.480002e+03
37 2.091137e+03
426 2.016847e+03
429 1.928966e+03
453 1.892337e+03
517 1.887102e+03
528 1.627586e+03
606 1.505996e+03
663 1.470006e+03
667 1.394950e+03
686 1.279575e+03
690 1.244697e+03
704 1.179126e+03
753 1.088082e+03
792 1.083498e+03
803 9.803713e+02
862 9.134334e+02
934 8.861312e+02
1007 8.581642e+02
1009 8.337173e+02
1069 8.192847e+02
1118 8.162043e+02
1128 6.906969e+02
1251 6.332837e+02
1375 6.166192e+02
1574 6.101490e+02
1580 6.043799e+02
1585 5.612148e+02
1894 5.565568e+02
1939 5.399023e+02
2071 5.150934e+02
2142 5.108614e+02
2314 5.103107e+02
2340 5.030698e+02
2429 4.977710e+02
2660 4.952004e+02
2698 4.879833e+02
2862 4.490446e+02
3138 4.462447e+02
3187 3.955727e+02
4984 3.922889e+02
5576 3.858872e+02
6157 3.841316e+02
6561 3.512022e+02
8130 3.260341e+02
8998 3.201659e+02
9081 3.096552e+02
9097 3.087751e+02
9144 3.026000e+02
9167 2.971580e+02
9169 2.740529e+02
9191 2.644432e+02
9224 2.494294e+02
9355 2.271073e+02
9475 2.224733e+02
9536 2.065113e+02
9573 2.037269e+02
9609 2.016357e+02
9680 1.737637e+02
9781 1.695571e+02
9815 1.645369e+02
9832 1.590618e+02
9943 1.563311e+02
9956 1.431971e+02
10056 1.310638e+02
10183 1.049248e+02
10253 1.033793e+02
10272 9.371692e+01
10386 9.342271e+01
10422 9.001050e+01
10472 8.960110e+01
10487 8.936555e+01
10549 8.738338e+01
10593 8.423979e+01
10603 8.002891e+01
10624 7.447090e+01
10662 6.983182e+01
10753 6.826262e+01
10816 6.545992e+01
10845 6.069108e+01
10914 6.005427e+01
10922 5.551123e+01
10959 5.469028e+01
11014 5.415230e+01
11042 5.115170e+01
11259 4.963698e+01
11284 4.956833e+01
11290 4.654003e+01
11314 4.598115e+01
11465 4.568611e+01
11519 4.396389e+01
11619 4.195110e+01
11687 4.087004e+01
11710 4.022421e+01
11785 3.942723e+01
11802 3.941138e+01
11823 3.853181e+01
11956 3.803891e+01
11999 3.787998e+01
12048 3.783186e+01
12074 3.714919e+01
12192 3.674556e+01
12280 3.674150e+01
12281 3.668869e+01
12289 3.662593e+01
12302 3.644137e+01
12323 3.633538e+01
12329 3.609972e+01
12346 3.588535e+01
12388 3.562108e+01
12539 3.550683e+01
12546 3.549373e+01
12560 3.541698e+01
12577 3.535938e+01
12597 3.513860e+01
12602 3.505694e+01
12768 3.474750e+01
12945 3.470582e+01
13011 3.456939e+01
13094 3.445480e+01
13183 3.442587e+01
13212 3.440633e+01
13258 3.435036e+01
13271 3.426590e+01
13318 3.425166e+01
13379 3.418114e+01
13402 3.415810e+01
13449 3.413347e+01
13507 3.410980e+01
13546 3.410186e+01
13564 3.407488e+01
13665 3.406876e+01
13743 3.406003e+01
13788 3.399913e+01
13894 3.395898e+01
13970 3.395012e+01
14084 3.392839e+01
14206 3.391335e+01
14241 3.391293e+01
14242 3.390582e+01
14269 3.390504e+01
14287 3.390398e+01
14307 3.389749e+01
14332 3.389528e+01
14343 3.388584e+01
14496 3.388084e+01
14500 3.387306e+01
14511 3.386413e+01
14552 3.386401e+01
14662 3.386257e+01
14757 3.386227e+01
14759 3.385914e+01
14789 3.385833e+01
14867 3.385791e+01
14978 3.385167e+01
15086 3.385012e+01
15100 3.384794e+01
15191 3.384529e+01
15236 3.384425e+01
15257 3.384371e+01
15261 3.384247e+01
15339 3.384240e+01
15346 3.384175e+01
15347 3.384066e+01
15395 3.384002e+01
15451 3.383897e+01
15471 3.383851e+01
15631 3.383831e+01
15682 3.383695e+01
15718 3.383690e+01
15743 3.383516e+01
15884 3.383470e+01
15898 3.383461e+01
15929 3.383454e+01
16068 3.383439e+01
16095 3.383418e+01
16105 3.383399e+01
16113 3.383346e+01
16126 3.383274e+01
16172 3.383212e+01
16293 3.383160e+01
16388 3.383156e+01
16406 3.383115e+01
16426 3.383115e+01
16461 3.383088e+01
16591 3.383078e+01
16613 3.383040e+01
16633 3.383018e+01
16668 3.382996e+01
16754 3.382980e+01
16842 3.382968e+01
16859 3.382961e+01
16912 3.382930e+01
16941 3.382923e+01
17003 3.382911e+01
17061 3.382908e+01
17232 3.382907e+01
17248 3.382905e+01
17323 3.382899e+01
17483 3.382893e+01
17488 3.382892e+01
17540 3.382890e+01
17562 3.382890e+01
17621 3.382882e+01
17844 3.382882e+01
17872 3.382880e+01
17896 3.382880e+01
17898 3.382879e+01
17902 3.382876e+01
17991 3.382876e+01
18005 3.382875e+01
18035 3.382875e+01
18074 3.382873e+01
18098 3.382872e+01
18134 3.382870e+01
18245 3.382870e+01
18300 3.382869e+01
18349 3.382869e+01
18471 3.382869e+01
18486 3.382868e+01
18511 3.382868e+01
18528 3.382868e+01
18536 3.382867e+01
18603 3.382866e+01
18625 3.382865e+01
18769 3.382864e+01
18771 3.382864e+01
18775 3.382864e+01
18908 3.382864e+01
18976 3.382863e+01
18994 3.382863e+01
18997 3.382863e+01
19000 3.382863e+01
19034 3.382863e+01
19050 3.382863e+01
19079 3.382863e+01
19128 3.382862e+01
19203 3.382862e+01
19204 3.382862e+01
19235 3.382862e+01
19243 3.382862e+01
19354 3.382861e+01
19615 3.382861e+01
19718 3.382861e+01
19781 3.382861e+01
19788 3.382861e+01
19822 3.382861e+01
19824 3.382861e+01
19843 3.382861e+01
19851 3.382860e+01
19949 3.382860e+01
19972 3.382860e+01
20036 3.382860e+01
20039 3.382860e+01
20049 3.382860e+01
20068 3.382860e+01
20162 3.382860e+01
20192 3.382860e+01
20228 3.382860e+01
20235 3.382860e+01
20238 3.382860e+01
20271 3.382860e+01
20318 3.382860e+01
20348 3.382860e+01
20367 3.382860e+01
20401 3.382860e+01
20437 3.382860e+01
20561 3.382860e+01
20564 3.382860e+01
20677 3.382860e+01
20695 3.382860e+01
20718 3.382860e+01
20728 3.382860e+01
20752 3.382860e+01
20799 3.382860e+01
20824 3.382860e+01
20883 3.382860e+01
20937 3.382860e+01
21018 3.382860e+01
21047 3.382860e+01
21102 3.382860e+01
21115 3.382860e+01
21189 3.382860e+01
21271 3.382860e+01
21492 3.382860e+01
21607 3.382860e+01
21627 3.382860e+01
21678 3.382860e+01
21681 3.382860e+01
21689 3.382860e+01
21702 3.382860e+01
21704 3.382860e+01
21705 3.382860e+01
21725 3.382860e+01
21758 3.382860e+01
21779 3.382860e+01
21783 3.382860e+01
21838 3.382860e+01
21897 3.382860e+01
21944 3.382860e+01
21969 3.382860e+01
22011 3.382860e+01
22019 3.382860e+01
22028 3.382860e+01
22075 3.382860e+01
22134 3.382860e+01
22161 3.382860e+01
22228 3.382860e+01
22240 3.382860e+01
22247 3.382860e+01
22281 3.382860e+01
22347 3.382860e+01
22474 3.382860e+01
22522 3.382860e+01
22551 3.382860e+01
22605 3.382860e+01
22653 3.382860e+01
22736 3.382860e+01
22738 3.382860e+01
22742 3.382860e+01
22769 3.382860e+01
22773 3.382860e+01
22784 3.382860e+01
22799 3.382860e+01
22952 3.382860e+01
22954 3.382860e+01
22976 3.382860e+01
22984 3.382860e+01
22993 3.382860e+01
23019 3.382860e+01
23116 3.382860e+01
23117 3.382860e+01
23180 3.382860e+01
23281 3.382860e+01
23289 3.382860e+01
23313 3.382860e+01
23335 3.382860e+01
23397 3.382860e+01
23425 3.382860e+01
23486 3.382860e+01
23528 3.382860e+01
23575 3.382860e+01
23581 3.382860e+01
23605 3.382860e+01
23623 3.382860e+01
23803 3.382860e+01
23881 3.382860e+01
23962 3.382860e+01
23980 3.382860e+01
24019 3.382860e+01
24021 3.382860e+01
24066 3.382860e+01
24073 3.382860e+01
24115 3.382860e+01
24127 3.382860e+01
24138 3.382860e+01
24404 3.382860e+01
24418 3.382860e+01
24542 3.382860e+01
24561 3.382860e+01
24621 3.382860e+01
24644 3.382860e+01
24664 3.382860e+01
24673 3.382860e+01
24703 3.382860e+01
24898 3.382860e+01
24913 3.382860e+01
24989 3.382860e+01
25039 3.382860e+01
25066 3.382860e+01
25080 3.382860e+01
25164 3.382860e+01
25198 3.382860e+01
25307 3.382860e+01
25320 3.382860e+01
25349 3.382860e+01
25423 3.382860e+01
25441 3.382860e+01
25445 3.382860e+01
25604 3.382860e+01
25611 3.382860e+01
25748 3.382860e+01
25808 3.382860e+01
25854 3.382860e+01
25917 3.382860e+01
25919 3.382860e+01
25966 3.382860e+01
25980 3.382860e+01
26008 3.382860e+01
26055 3.382860e+01
26088 3.382860e+01
26097 3.382860e+01
26099 3.382860e+01
26103 3.382860e+01
26116 3.382860e+01
26214 3.382860e+01
26237 3.382860e+01
26317 3.382860e+01
59093 3.350788e+01
59296 3.168884e+01
59525 3.037585e+01
59550 2.890001e+01
59691 2.883184e+01
59713 2.769306e+01
59746 2.768754e+01
59755 2.665073e+01
59764 2.454146e+01
59898 2.387876e+01
59956 2.280213e+01
60289 1.950094e+01
60946 1.697002e+01
61618 1.667484e+01
62181 1.664936e+01
62183 1.650716e+01
62215 1.646550e+01
62266 1.598981e+01
62614 1.534511e+01
62704 1.506627e+01
62945 1.502218e+01
63088 1.461829e+01
63516 1.441796e+01
63742 1.441255e+01
63874 1.416882e+01
64073 1.388474e+01
64308 1.384546e+01
64501 1.381731e+01
64527 1.371163e+01
64770 1.361608e+01
64820 1.359094e+01
64842 1.358631e+01
64843 1.356288e+01
64908 1.352566e+01
65010 1.352491e+01
65067 1.350233e+01
65077 1.346904e+01
65106 1.343715e+01
65151 1.340337e+01
65175 1.336432e+01
65301 1.333063e+01
65333 1.332401e+01
65588 1.326281e+01
65596 1.326177e+01
65862 1.324856e+01
65879 1.320054e+01
65974 1.318894e+01
65983 1.317182e+01
66014 1.315038e+01
66109 1.314381e+01
66125 1.314257e+01
66129 1.313739e+01
66152 1.313613e+01
66157 1.313599e+01
66250 1.313501e+01
66265 1.309781e+01
66363 1.307343e+01
66557 1.305897e+01
66709 1.305869e+01
66834 1.303356e+01
66922 1.302680e+01
67205 1.302650e+01
67252 1.302359e+01
67269 1.299995e+01
67571 1.299332e+01
67867 1.298483e+01
67968 1.298390e+01
67980 1.297602e+01
68057 1.297592e+01
68234 1.297591e+01
68252 1.296512e+01
68386 1.295871e+01
68616 1.295532e+01
68827 1.295208e+01
68960 1.295149e+01
69210 1.295123e+01
69316 1.295056e+01
69479 1.294799e+01
69810 1.294744e+01
69975 1.294559e+01
69988 1.294270e+01
70362 1.294139e+01
70849 1.294087e+01
71079 1.294080e+01
71087 1.294068e+01
71120 1.294053e+01
71199 1.293942e+01
71277 1.293927e+01
71291 1.293738e+01
71821 1.293691e+01
71867 1.293679e+01
71953 1.293673e+01
71957 1.293651e+01
72014 1.293633e+01
72041 1.293618e+01
72242 1.293604e+01
72382 1.293600e+01
72462 1.293577e+01
72630 1.293568e+01
72631 1.293556e+01
73016 1.293550e+01
73110 1.293544e+01
73183 1.293543e+01
73193 1.293533e+01
73202 1.293525e+01
73378 1.293505e+01
73743 1.293502e+01
73979 1.293499e+01
74007 1.293499e+01
74087 1.293496e+01
74093 1.293485e+01
74171 1.293478e+01
74386 1.293475e+01
74545 1.293475e+01
74554 1.293475e+01
74652 1.293471e+01
210978 1.237887e+01
211028 1.213605e+01
211358 1.207058e+01
211377 1.197812e+01
211403 1.139046e+01
212096 1.136632e+01
212146 1.135519e+01
212254 1.131481e+01
212285 1.126258e+01
212384 1.116548e+01
212393 1.106090e+01
212403 1.106077e+01
212473 1.104499e+01
212501 1.090737e+01
212528 1.085933e+01
212599 1.085243e+01
212642 1.081042e+01
212659 1.069065e+01
212917 1.063532e+01
213284 1.060665e+01
213298 1.060327e+01
213340 1.050652e+01
213459 1.050463e+01
213524 1.045098e+01
213576 1.044738e+01
213589 1.040894e+01
213633 1.040887e+01
213689 1.040585e+01
213766 1.040026e+01
213800 1.039242e+01
213818 1.039119e+01
213833 1.037185e+01
213912 1.033781e+01
213965 1.031479e+01
214011 1.026117e+01
214558 1.022415e+01
214651 1.013432e+01
214897 1.013154e+01
214944 1.010760e+01
215361 1.009588e+01
215428 1.008983e+01
215578 1.007664e+01
215584 1.005760e+01
215600 1.005534e+01
215942 1.004884e+01
216000 1.002068e+01
216153 1.001200e+01
216417 1.000632e+01
216813 9.996544e+00
216968 9.995191e+00
217130 9.991152e+00
217314 9.986501e+00
217361 9.985206e+00
217568 9.981717e+00
217621 9.981530e+00
217688 9.981305e+00
217702 9.980655e+00
217926 9.979780e+00
217949 9.976795e+00
217988 9.976049e+00
218005 9.976013e+00
218087 9.975031e+00
218140 9.973676e+00
218142 9.971957e+00
218257 9.971783e+00
218329 9.969243e+00
218413 9.966792e+00
218570 9.966322e+00
218577 9.965578e+00
218617 9.960778e+00
218907 9.959138e+00
219193 9.956795e+00
219432 9.955860e+00
219548 9.955772e+00
219638 9.955575e+00
219814 9.955465e+00
219816 9.955056e+00
219822 9.954936e+00
219928 9.954825e+00
219956 9.954457e+00
219962 9.953710e+00
220132 9.953487e+00
220276 9.952928e+00
220519 9.952671e+00
220528 9.952639e+00
220537 9.952545e+00
220555 9.952534e+00
220628 9.952310e+00
220704 9.951417e+00
220935 9.951197e+00
221046 9.951161e+00
221069 9.950876e+00
221287 9.950819e+00
221422 9.950662e+00
221788 9.950657e+00
221833 9.950644e+00
221915 9.950624e+00
221919 9.950604e+00
221937 9.950363e+00
222240 9.950341e+00
222504 9.950082e+00
223028 9.950057e+00
223048 9.950014e+00
223142 9.949994e+00
223292 9.949943e+00
223402 9.949939e+00
223413 9.949882e+00
223752 9.949873e+00
223919 9.949870e+00
224070 9.949869e+00
224090 9.949805e+00
224280 9.949794e+00
224362 9.949784e+00
224631 9.949768e+00
224632 9.949767e+00
224735 9.949742e+00
224867 9.949742e+00
224869 9.949724e+00
224995 9.949718e+00
225013 9.949697e+00
225292 9.949695e+00
225333 9.949686e+00
225696 9.949685e+00
225728 9.949673e+00
225796 9.949671e+00
225814 9.949669e+00
225817 9.949661e+00
225861 9.949658e+00
225988 9.949655e+00
226071 9.949653e+00
226119 9.949651e+00
226176 9.949649e+00
226184 9.949637e+00
226272 9.949633e+00
226596 9.949630e+00
226864 9.949630e+00
226870 9.949630e+00
226919 9.949626e+00
226995 9.949624e+00
227033 9.949624e+00
227065 9.949611e+00
227416 9.949610e+00
227569 9.949608e+00
227612 9.949604e+00
228165 9.949604e+00
228191 9.949604e+00
228210 9.949602e+00
228229 9.949601e+00
228454 9.949600e+00
228483 9.949600e+00
228508 9.949600e+00
228593 9.949600e+00
228611 9.949600e+00
228618 9.949598e+00
228684 9.949597e+00
228759 9.949597e+00
228988 9.949597e+00
229076 9.949597e+00
229229 9.949596e+00
229267 9.949595e+00
229485 9.949595e+00
229652 9.949595e+00
229706 9.949594e+00
229829 9.949594e+00
229941 9.949594e+00
230056 9.949594e+00
230159 9.949594e+00
230204 9.949594e+00
230254 9.949593e+00
230344 9.949593e+00
230383 9.949593e+00
230408 9.949593e+00
230417 9.949593e+00
230462 9.949593e+00
230516 9.949592e+00
230759 9.949592e+00
230982 9.949592e+00
231101 9.949592e+00
231395 9.949592e+00
231527 9.949592e+00
231542 9.949592e+00
231653 9.949591e+00
231744 9.949591e+00
231784 9.949591e+00
231992 9.949591e+00
232002 9.949591e+00
232222 9.949591e+00
232410 9.949591e+00
232593 9.949591e+00
232634 9.949591e+00
232939 9.949591e+00
232969 9.949591e+00
233005 9.949591e+00
233140 9.949591e+00
233916 9.949591e+00
234031 9.949591e+00
234133 9.949591e+00
234183 9.949591e+00
234253 9.949591e+00
234329 9.949591e+00
234371 9.949591e+00
234462 9.949591e+00
234491 9.949591e+00
234518 9.949591e+00
234520 9.949591e+00
234806 9.949591e+00
234892 9.949591e+00
234994 9.949591e+00
235128 9.949591e+00
235319 9.949591e+00
235453 9.949591e+00
235509 9.949591e+00
235615 9.949591e+00
235808 9.949591e+00
235922 9.949591e+00
235944 9.949591e+00
236051 9.949591e+00
236112 9.949591e+00
236270 9.949591e+00
236280 9.949591e+00
236292 9.949591e+00
236579 9.949591e+00
236765 9.949591e+00
236767 9.949591e+00
236818 9.949591e+00
236825 9.949591e+00
236899 9.949591e+00
236930 9.949591e+00
237137 9.949591e+00
237253 9.949591e+00
237290 9.949591e+00
237335 9.949591e+00
237570 9.949591e+00
237638 9.949591e+00
237668 9.949591e+00
238071 9.949591e+00
238128 9.949591e+00
238189 9.949591e+00
238467 9.949591e+00
238700 9.949591e+00
238705 9.949591e+00
238761 9.949591e+00
239071 9.949591e+00
239688 9.949591e+00
239782 9.949591e+00
239926 9.949591e+00
240044 9.949591e+00
240053 9.949591e+00
240085 9.949591e+00
240089 9.949591e+00
240224 9.949591e+00
240426 9.949591e+00
240431 9.949591e+00
240583 9.949591e+00
240666 9.949591e+00
240693 9.949591e+00
240870 9.949591e+00
241085 9.949591e+00
241189 9.949591e+00
241337 9.949591e+00
241710 9.949591e+00
241928 9.949591e+00
242048 9.949591e+00
242049 9.949591e+00
242509 9.949591e+00
242531 9.949591e+00
242564 9.949591e+00
242633 9.949591e+00
242863 9.949591e+00
242913 9.949591e+00
242983 9.949591e+00
243227 9.949591e+00
243342 9.949591e+00
244248 9.949591e+00
244427 9.949591e+00
244458 9.949591e+00
244480 9.949591e+00
244496 9.949591e+00
244559 9.949591e+00
244694 9.949591e+00
