1 3.283054e+03
2 1.039561e+03
109 9.247468e+02
189 7.520220e+02
261 7.424450e+02
305 7.295465e+02
371 7.238279e+02
379 7.076320e+02
384 6.991388e+02
412 6.664335e+02
478 6.575449e+02
483 6.136236e+02
583 6.131859e+02
617 5.792799e+02
695 5.733092e+02
738 5.662116e+02
753 5.138758e+02
855 5.121151e+02
864 5.014856e+02
879 4.935660e+02
939 4.603603e+02
948 4.100322e+02
1230 4.013416e+02
1392 3.996148e+02
1397 3.955018e+02
1474 3.929124e+02
1497 3.886508e+02
1505 3.858336e+02
1508 3.763251e+02
1541 3.595818e+02
1657 3.535972e+02
1735 3.490013e+02
1790 3.436636e+02
1864 3.373035e+02
1865 3.371375e+02
1874 3.364872e+02
1933 3.286529e+02
2081 3.269536e+02
2106 3.269417e+02
2117 3.229315e+02
2164 3.219258e+02
2200 3.198450e+02
2203 3.120326e+02
2413 3.094792e+02
2522 3.064375e+02
2863 3.058917e+02
2871 3.055730e+02
2913 3.055307e+02
2920 3.054493e+02
2969 3.038559e+02
3177 3.038055e+02
3207 3.036215e+02
3212 3.031864e+02
3251 3.031575e+02
3274 3.026693e+02
3321 3.024658e+02
3343 3.022340e+02
3348 3.016359e+02
3516 3.014816e+02
3676 3.011928e+02
3679 3.011236e+02
3716 3.009290e+02
3829 3.009028e+02
3877 3.006313e+02
4096 3.006295e+02
4121 3.006286e+02
4157 3.005750e+02
4178 3.005571e+02
4218 3.005214e+02
4221 3.004455e+02
4303 3.004054e+02
4334 3.003942e+02
4362 3.003295e+02
4479 3.003099e+02
4562 3.003073e+02
4573 3.002492e+02
4589 3.002079e+02
4659 3.002049e+02
4784 3.002042e+02
4798 3.002005e+02
4802 3.001980e+02
4808 3.001863e+02
4839 3.001415e+02
5034 3.001349e+02
5064 3.001288e+02
5079 3.001126e+02
5082 3.001063e+02
5179 3.001039e+02
5208 3.001008e+02
5234 3.000910e+02
5272 3.000896e+02
5279 3.000793e+02
5352 3.000750e+02
5370 3.000746e+02
5384 3.000724e+02
5472 3.000655e+02
5558 3.000638e+02
5559 3.000488e+02
5670 3.000398e+02
5797 3.000355e+02
5805 3.000271e+02
5929 3.000207e+02
6146 3.000207e+02
6275 3.000198e+02
6311 3.000187e+02
6343 3.000184e+02
6365 3.000167e+02
6382 3.000158e+02
6403 3.000156e+02
6455 3.000128e+02
6472 3.000125e+02
6540 3.000123e+02
6543 3.000108e+02
6616 3.000091e+02
6618 3.000089e+02
6804 3.000078e+02
6831 3.000074e+02
6867 3.000070e+02
6931 3.000058e+02
7073 3.000057e+02
7142 3.000057e+02
7241 3.000049e+02
7311 3.000046e+02
7372 3.000045e+02
7374 3.000045e+02
7386 3.000038e+02
7400 3.000032e+02
7451 3.000031e+02
7573 3.000030e+02
7581 3.000030e+02
7611 3.000028e+02
7648 3.000026e+02
7751 3.000025e+02
7765 3.000024e+02
7787 3.000024e+02
7829 3.000021e+02
7856 3.000021e+02
7906 3.000021e+02
7960 3.000017e+02
8048 3.000016e+02
8079 3.000015e+02
8224 3.000015e+02
8232 3.000014e+02
8247 3.000013e+02
8257 3.000013e+02
8266 3.000013e+02
8406 3.000013e+02
8423 3.000011e+02
8488 3.000011e+02
8536 3.000011e+02
8590 3.000010e+02
8672 3.000009e+02
8711 3.000008e+02
8720 3.000008e+02
8748 3.000007e+02
8910 3.000007e+02
8955 3.000007e+02
8999 3.000006e+02
9021 3.000006e+02
9142 3.000006e+02
9245 3.000005e+02
9462 3.000005e+02
9525 3.000005e+02
9556 3.000005e+02
9563 3.000005e+02
9576 3.000004e+02
9613 3.000004e+02
9632 3.000003e+02
9639 3.000003e+02
9699 3.000003e+02
9717 3.000003e+02
9725 3.000003e+02
9746 3.000002e+02
9858 3.000002e+02
9932 3.000002e+02
9954 3.000002e+02
9959 3.000002e+02
10000 3.000001e+02
10048 3.000001e+02
10064 3.000001e+02
10265 3.000001e+02
10422 3.000001e+02
10482 3.000000e+02
10583 3.000000e+02
10599 3.000000e+02
10601 3.000000e+02
10643 3.000000e+02
10689 3.000000e+02
10743 3.000000e+02
10749 3.000000e+02
10807 3.000000e+02
10831 3.000000e+02
10851 3.000000e+02
11010 3.000000e+02
11015 3.000000e+02
11103 3.000000e+02
11142 3.000000e+02
11161 3.000000e+02
11240 3.000000e+02
11254 3.000000e+02
11266 3.000000e+02
11278 3.000000e+02
11284 3.000000e+02
11326 3.000000e+02
11386 3.000000e+02
11405 3.000000e+02
11442 3.000000e+02
11535 3.000000e+02
11573 3.000000e+02
11609 3.000000e+02
11640 3.000000e+02
11658 3.000000e+02
11664 3.000000e+02
11665 3.000000e+02
11738 3.000000e+02
11766 3.000000e+02
11867 3.000000e+02
11908 3.000000e+02
11958 3.000000e+02
11981 3.000000e+02
12002 3.000000e+02
12131 3.000000e+02
12156 3.000000e+02
12180 3.000000e+02
12222 3.000000e+02
12359 3.000000e+02
12373 3.000000e+02
12380 3.000000e+02
12398 3.000000e+02
12428 3.000000e+02
12470 3.000000e+02
12512 3.000000e+02
12514 3.000000e+02
12535 3.000000e+02
12594 3.000000e+02
12655 3.000000e+02
12656 3.000000e+02
12662 3.000000e+02
12676 3.000000e+02
12728 3.000000e+02
12843 3.000000e+02
12858 3.000000e+02
12878 3.000000e+02
12883 3.000000e+02
12895 3.000000e+02
12911 3.000000e+02
13008 3.000000e+02
13016 3.000000e+02
13038 3.000000e+02
13043 3.000000e+02
13081 3.000000e+02
13101 3.000000e+02
13141 3.000000e+02
13177 3.000000e+02
13239 3.000000e+02
13246 3.000000e+02
13355 3.000000e+02
13386 3.000000e+02
13594 3.000000e+02
13673 3.000000e+02
13691 3.000000e+02
13699 3.000000e+02
13716 3.000000e+02
13870 3.000000e+02
13896 3.000000e+02
13904 3.000000e+02
13965 3.000000e+02
14019 3.000000e+02
14121 3.000000e+02
68222 3.000000e+02
68266 3.000000e+02
