1 6.294147e+02
13 4.222694e+02
41 3.357543e+02
42 3.047941e+02
46 3.039794e+02
49 2.207204e+02
98 2.122915e+02
99 1.993522e+02
134 1.746713e+02
146 1.215605e+02
283 9.319923e+01
331 7.416862e+01
441 6.988205e+01
725 6.531641e+01
821 4.899921e+01
1441 3.636982e+01
2177 3.551277e+01
2365 3.266049e+01
2377 3.235999e+01
2390 3.038421e+01
2432 2.914233e+01
2486 2.593411e+01
2503 2.347612e+01
2510 1.678428e+01
2593 1.544637e+01
2612 1.351809e+01
2667 1.177481e+01
2772 1.117544e+01
2783 1.098504e+01
2814 1.068360e+01
2826 9.987444e+00
2927 9.968599e+00
2931 9.842056e+00
2936 9.779755e+00
2948 9.747773e+00
2977 9.547158e+00
2993 9.453384e+00
2996 9.410322e+00
3112 9.342072e+00
3127 9.235762e+00
3160 9.213635e+00
3197 9.192631e+00
3208 9.087469e+00
3241 9.079313e+00
3260 9.056026e+00
3292 9.016893e+00
3345 9.000868e+00
3367 9.000417e+00
3371 8.998221e+00
3401 8.992215e+00
3402 8.972756e+00
3472 8.970414e+00
3473 8.967960e+00
3505 8.962432e+00
3513 8.959126e+00
3543 8.957559e+00
3635 8.957376e+00
3687 8.956376e+00
3707 8.956098e+00
3710 8.955837e+00
3771 8.955052e+00
3950 8.955035e+00
3966 8.954994e+00
3970 8.954975e+00
3975 8.954726e+00
4153 8.954683e+00
4178 8.954668e+00
4180 8.954667e+00
4255 8.954663e+00
4277 8.954635e+00
4391 8.954635e+00
4397 8.954632e+00
4475 8.954630e+00
4530 8.954629e+00
4551 8.954627e+00
4648 8.954627e+00
4661 8.954627e+00
4684 8.954627e+00
4716 8.954627e+00
4837 8.954627e+00
4852 8.954627e+00
4887 8.954627e+00
4923 8.954627e+00
4940 8.954627e+00
4948 8.954627e+00
5007 8.954627e+00
5030 8.954627e+00
5038 8.954627e+00
5061 8.954627e+00
5095 8.954626e+00
5187 8.954626e+00
5189 8.954626e+00
5239 8.954626e+00
5242 8.954626e+00
5302 8.954626e+00
5369 8.954626e+00
5376 8.954626e+00
5449 8.954626e+00
5453 8.954626e+00
5454 8.954626e+00
5473 8.954626e+00
5477 8.954626e+00
5480 8.954626e+00
5484 8.954626e+00
5494 8.954626e+00
5531 8.954626e+00
5584 8.954626e+00
5592 8.954626e+00
5606 8.954626e+00
5611 8.954626e+00
5664 8.954626e+00
5695 8.954626e+00
5702 8.954626e+00
5737 8.954626e+00
5740 8.954626e+00
5836 8.954626e+00
5838 8.954626e+00
5868 8.954626e+00
5879 8.954626e+00
5943 8.954626e+00
6003 8.954626e+00
6077 8.954626e+00
6101 8.954626e+00
6103 8.954626e+00
6141 8.954626e+00
14582 7.952324e+00
14757 7.323468e+00
14773 3.679262e+00
32501 3.606327e+00
32532 3.597501e+00
32551 3.551536e+00
32561 3.405250e+00
32599 3.397173e+00
32606 3.396367e+00
32616 3.350719e+00
32620 3.316862e+00
32628 3.231865e+00
32630 3.192149e+00
32636 3.186900e+00
32639 3.174117e+00
32676 3.117714e+00
32719 3.039107e+00
32773 3.006689e+00
32847 3.005770e+00
32921 3.003736e+00
32945 2.999913e+00
32969 2.999202e+00
32986 2.997929e+00
32992 2.996535e+00
33001 2.993916e+00
33015 2.992949e+00
33066 2.991696e+00
33126 2.991547e+00
33128 2.990280e+00
33129 2.986453e+00
33257 2.986044e+00
33312 2.985348e+00
33409 2.985300e+00
33455 2.985238e+00
33469 2.985139e+00
33494 2.985080e+00
33505 2.984995e+00
33590 2.984993e+00
33591 2.984971e+00
33611 2.984963e+00
33618 2.984945e+00
33625 2.984929e+00
33649 2.984921e+00
33677 2.984914e+00
33692 2.984912e+00
33697 2.984911e+00
33700 2.984909e+00
33724 2.984900e+00
33746 2.984894e+00
33769 2.984890e+00
33855 2.984888e+00
33871 2.984888e+00
33875 2.984887e+00
33891 2.984887e+00
33892 2.984885e+00
33906 2.984885e+00
33940 2.984882e+00
33954 2.984881e+00
33965 2.984880e+00
33984 2.984880e+00
34008 2.984880e+00
34035 2.984879e+00
34066 2.984878e+00
34136 2.984878e+00
34143 2.984878e+00
34245 2.984877e+00
34267 2.984877e+00
34315 2.984877e+00
34330 2.984877e+00
34347 2.984877e+00
34351 2.984877e+00
34381 2.984877e+00
34415 2.984877e+00
34426 2.984877e+00
34465 2.984877e+00
34531 2.984877e+00
34536 2.984877e+00
34541 2.984877e+00
34553 2.984877e+00
34583 2.984877e+00
34651 2.984877e+00
34706 2.984877e+00
34781 2.984877e+00
34822 2.984877e+00
34842 2.984877e+00
34883 2.984877e+00
34918 2.984877e+00
34940 2.984877e+00
34955 2.984877e+00
35020 2.984877e+00
35086 2.984877e+00
35110 2.984877e+00
35148 2.984877e+00
35168 2.984877e+00
35179 2.984877e+00
35187 2.984877e+00
35232 2.984877e+00
35262 2.984877e+00
35310 2.984877e+00
35336 2.984877e+00
35359 2.984877e+00
35367 2.984877e+00
35387 2.984877e+00
35407 2.984877e+00
35454 2.984877e+00
35467 2.984877e+00
42209 2.711325e+00
42281 2.460886e+00
42407 2.395554e+00
42477 2.301868e+00
42621 2.227164e+00
42727 2.216043e+00
42741 2.125997e+00
42899 2.116993e+00
42915 2.106219e+00
42937 2.095890e+00
42993 2.089189e+00
43049 2.038485e+00
43168 2.029058e+00
43268 2.027047e+00
43303 2.009596e+00
43484 2.009220e+00
43496 2.008314e+00
43511 1.999708e+00
43640 1.995487e+00
43772 1.995341e+00
43830 1.994678e+00
43856 1.993848e+00
43899 1.993078e+00
43975 1.992778e+00
43977 1.992203e+00
44041 1.990949e+00
44073 1.990935e+00
44149 1.990602e+00
44424 1.990506e+00
44468 1.990461e+00
44563 1.990460e+00
44634 1.990377e+00
44704 1.990234e+00
44740 1.990150e+00
44792 1.990146e+00
44896 1.990069e+00
44899 1.990005e+00
45009 1.989967e+00
45420 1.989944e+00
45583 1.989943e+00
45610 1.989940e+00
45672 1.989935e+00
45737 1.989934e+00
45747 1.989933e+00
45759 1.989931e+00
45775 1.989924e+00
46004 1.989921e+00
46092 1.989921e+00
46174 1.989920e+00
46316 1.989920e+00
46372 1.989919e+00
46403 1.989919e+00
46499 1.989919e+00
46516 1.989919e+00
46543 1.989919e+00
46570 1.989919e+00
46593 1.989919e+00
46597 1.989918e+00
46679 1.989918e+00
46775 1.989918e+00
46799 1.989918e+00
46888 1.989918e+00
47033 1.989918e+00
47057 1.989918e+00
47060 1.989918e+00
47118 1.989918e+00
47240 1.989918e+00
47248 1.989918e+00
47422 1.989918e+00
47473 1.989918e+00
47561 1.989918e+00
47611 1.989918e+00
47624 1.989918e+00
47638 1.989918e+00
47688 1.989918e+00
47905 1.989918e+00
47916 1.989918e+00
47945 1.989918e+00
47953 1.989918e+00
48014 1.989918e+00
48262 1.989918e+00
48342 1.989918e+00
48345 1.989918e+00
48466 1.989918e+00
48686 1.989918e+00
48771 1.989918e+00
48842 1.989918e+00
48922 1.989918e+00
49118 1.989918e+00
49388 1.989918e+00
49393 1.989918e+00
62324 1.903178e+00
62371 1.764611e+00
62409 1.585246e+00
62926 1.370373e+00
63147 1.116616e+00
64269 1.085437e+00
64431 1.084021e+00
64452 1.069732e+00
64454 1.069698e+00
64558 1.059912e+00
64559 1.057375e+00
64570 1.047957e+00
64724 1.045648e+00
64763 1.029325e+00
64906 1.008796e+00
65269 1.008657e+00
65334 1.003678e+00
65567 1.002448e+00
65730 1.001102e+00
65788 1.001078e+00
65806 9.998946e-01
65927 9.990741e-01
65936 9.985233e-01
66152 9.981214e-01
66269 9.978654e-01
66324 9.955742e-01
66677 9.955734e-01
66955 9.955331e-01
67092 9.954539e-01
67146 9.953230e-01
67343 9.952694e-01
67374 9.951879e-01
67491 9.951730e-01
67518 9.951493e-01
67638 9.951049e-01
67696 9.950904e-01
67741 9.950729e-01
67791 9.950537e-01
67934 9.950057e-01
68055 9.949875e-01
68345 9.949858e-01
68571 9.949836e-01
68607 9.949725e-01
68925 9.949682e-01
69049 9.949647e-01
69118 9.949623e-01
69343 9.949622e-01
69448 9.949612e-01
69619 9.949609e-01
69685 9.949608e-01
69719 9.949603e-01
70075 9.949603e-01
70108 9.949600e-01
70194 9.949598e-01
70244 9.949595e-01
70334 9.949593e-01
70457 9.949592e-01
70738 9.949592e-01
70843 9.949592e-01
70975 9.949592e-01
71008 9.949592e-01
71027 9.949591e-01
71063 9.949591e-01
71168 9.949591e-01
71421 9.949591e-01
71668 9.949591e-01
72059 9.949591e-01
72324 9.949591e-01
72366 9.949591e-01
72371 9.949591e-01
72529 9.949591e-01
72530 9.949591e-01
72738 9.949591e-01
73013 9.949591e-01
73020 9.949591e-01
73205 9.949591e-01
73215 9.949591e-01
73217 9.949591e-01
73320 9.949591e-01
73332 9.949591e-01
73398 9.949591e-01
73401 9.949591e-01
73546 9.949591e-01
73607 9.949591e-01
73724 9.949591e-01
73787 9.949591e-01
73793 9.949591e-01
73810 9.949591e-01
74005 9.949591e-01
74055 9.949591e-01
74194 9.949591e-01
74229 9.949591e-01
74234 9.949591e-01
74283 9.949591e-01
74335 9.949591e-01
74368 9.949591e-01
74539 9.949591e-01
74764 9.949591e-01
74834 9.949591e-01
74977 9.949591e-01
75022 9.949591e-01
75054 9.949591e-01
75154 9.949591e-01
75451 9.949591e-01
75569 9.949591e-01
75572 9.949591e-01
