1 9.028190e+02
4 5.900786e+02
5 2.415338e+02
20 2.401438e+02
50 1.641928e+02
149 1.473409e+02
173 1.444582e+02
185 1.305569e+02
223 1.185348e+02
311 1.178341e+02
328 1.131113e+02
331 1.121108e+02
332 1.076784e+02
333 8.986992e+01
377 8.563976e+01
477 8.280272e+01
498 5.685426e+01
750 5.153371e+01
1406 4.434834e+01
1520 3.850309e+01
2295 3.204115e+01
3051 3.034377e+01
3350 2.508260e+01
3526 2.048543e+01
3639 1.741821e+01
3642 1.678433e+01
3687 1.351380e+01
3713 1.095552e+01
3861 1.074434e+01
3894 1.073831e+01
3913 1.057175e+01
3916 9.812343e+00
3921 9.506906e+00
3924 9.449159e+00
3927 8.939039e+00
3979 8.654952e+00
3990 8.167940e+00
4050 7.841270e+00
4076 7.787623e+00
4141 7.637154e+00
4157 7.582865e+00
4172 7.498216e+00
4179 7.417281e+00
4184 7.379469e+00
4197 7.303320e+00
4254 7.290245e+00
4270 7.228894e+00
4280 7.225531e+00
4282 7.127268e+00
4296 7.103812e+00
4314 7.075391e+00
4322 7.061333e+00
4359 7.036689e+00
4402 7.026843e+00
4439 7.022107e+00
4444 7.017255e+00
4462 7.014487e+00
4496 7.001320e+00
4547 6.987732e+00
4577 6.981673e+00
4596 6.975292e+00
4675 6.972682e+00
4684 6.972381e+00
4696 6.971212e+00
4730 6.968440e+00
4732 6.967592e+00
4763 6.966121e+00
4878 6.965990e+00
4885 6.965413e+00
4943 6.965110e+00
5034 6.964967e+00
5062 6.964906e+00
5090 6.964895e+00
5093 6.964875e+00
5107 6.964825e+00
5115 6.964788e+00
5170 6.964780e+00
5220 6.964748e+00
5284 6.964745e+00
5296 6.964740e+00
5303 6.964739e+00
5307 6.964731e+00
5382 6.964730e+00
5385 6.964726e+00
5402 6.964723e+00
5407 6.964720e+00
5433 6.964718e+00
5453 6.964718e+00
5454 6.964717e+00
5455 6.964716e+00
5469 6.964714e+00
5519 6.964711e+00
5578 6.964710e+00
5583 6.964709e+00
5630 6.964709e+00
5670 6.964709e+00
5672 6.964709e+00
5682 6.964709e+00
5751 6.964709e+00
5760 6.964709e+00
5794 6.964709e+00
5835 6.964708e+00
5868 6.964708e+00
5869 6.964708e+00
5881 6.964708e+00
5917 6.964708e+00
5939 6.964708e+00
5985 6.964708e+00
6085 6.964708e+00
6112 6.964708e+00
6176 6.964708e+00
6203 6.964708e+00
6258 6.964708e+00
6287 6.964708e+00
6347 6.964708e+00
6422 6.964708e+00
6423 6.964708e+00
6488 6.964708e+00
6505 6.964708e+00
6620 6.964708e+00
6646 6.964708e+00
6707 6.964708e+00
6717 6.964708e+00
6721 6.964708e+00
6730 6.964708e+00
6734 6.964708e+00
6848 6.964708e+00
6911 6.964708e+00
6922 6.964708e+00
6939 6.964708e+00
13431 4.201310e+00
13562 4.084510e+00
13677 3.564387e+00
13724 3.291372e+00
13746 2.750779e+00
13764 2.553548e+00
13841 2.498393e+00
13882 2.260217e+00
13904 1.461567e+00
14180 1.411522e+00
14289 1.370484e+00
14390 1.354042e+00
14414 1.233896e+00
14449 1.226393e+00
14536 1.167135e+00
14574 1.155574e+00
14654 1.154396e+00
14658 1.089355e+00
14696 1.036986e+00
14965 1.036759e+00
67257 1.033647e+00
67374 1.033535e+00
67388 1.024603e+00
67447 1.013515e+00
67558 1.012714e+00
67607 1.011986e+00
67734 1.009119e+00
67812 1.004232e+00
68046 1.000459e+00
68188 9.983491e-01
68493 9.977511e-01
68632 9.970464e-01
68746 9.962803e-01
68969 9.956131e-01
69187 9.955783e-01
69397 9.955312e-01
69454 9.954773e-01
69672 9.954018e-01
69685 9.952345e-01
69766 9.952286e-01
69807 9.952177e-01
69905 9.952157e-01
69979 9.952112e-01
69985 9.951158e-01
70157 9.951158e-01
70218 9.950993e-01
70222 9.950199e-01
70594 9.950107e-01
70611 9.950037e-01
70777 9.949925e-01
70841 9.949863e-01
71010 9.949839e-01
71025 9.949780e-01
71120 9.949760e-01
71391 9.949725e-01
71454 9.949685e-01
71456 9.949684e-01
71571 9.949669e-01
71639 9.949655e-01
71769 9.949641e-01
71939 9.949624e-01
72161 9.949618e-01
72202 9.949603e-01
72588 9.949601e-01
72595 9.949600e-01
72726 9.949596e-01
73029 9.949595e-01
73079 9.949594e-01
73163 9.949594e-01
73192 9.949593e-01
73412 9.949591e-01
73719 9.949591e-01
73776 9.949591e-01
74040 9.949591e-01
74200 9.949591e-01
74406 9.949591e-01
74444 9.949591e-01
74584 9.949591e-01
74588 9.949591e-01
74606 9.949591e-01
74840 9.949591e-01
74847 9.949591e-01
74850 9.949591e-01
75181 9.949591e-01
75285 9.949591e-01
75325 9.949591e-01
75774 9.949591e-01
75808 9.949591e-01
75857 9.949591e-01
76026 9.949591e-01
76144 9.949591e-01
76174 9.949591e-01
76270 9.949591e-01
76332 9.949591e-01
76423 9.949591e-01
76528 9.949591e-01
76561 9.949591e-01
76619 9.949591e-01
76776 9.949591e-01
76852 9.949591e-01
76969 9.949591e-01
77151 9.949591e-01
77333 9.949591e-01
77362 9.949591e-01
77433 9.949591e-01
77477 9.949591e-01
77592 9.949591e-01
77648 9.949591e-01
77760 9.949591e-01
77765 9.949591e-01
77812 9.949591e-01
77865 9.949591e-01
78067 9.949591e-01
78180 9.949591e-01
78323 9.949591e-01
78389 9.949591e-01
78602 9.949591e-01
78677 9.949591e-01
90256 5.516160e-01
90826 4.245909e-01
91556 3.999373e-01
91663 3.619195e-01
91786 3.226225e-01
91793 3.215646e-01
91823 3.198950e-01
92000 1.857802e-01
92432 1.580515e-01
92461 1.270236e-01
92602 5.112695e-02
92999 3.630321e-02
93174 3.193404e-02
93374 2.906692e-02
93378 2.825309e-02
93426 1.430473e-02
93685 1.101312e-02
93953 1.029542e-02
93970 9.764000e-03
94016 6.760306e-03
94181 4.555076e-03
94246 2.401356e-03
94691 2.033974e-03
94767 1.499118e-03
94985 1.322620e-03
94989 1.083349e-03
95048 1.027679e-03
95123 1.002925e-03
95159 7.757406e-04
95182 7.462875e-04
95253 7.374600e-04
95293 6.738961e-04
95311 5.754559e-04
95413 4.767151e-04
95456 1.946743e-04
95789 1.780324e-04
95992 1.723463e-04
96094 1.023276e-04
96280 7.139791e-05
96347 4.753682e-05
96570 4.132375e-05
96697 3.891547e-05
96783 1.830201e-05
97082 1.576236e-05
97131 1.233276e-05
97286 8.939547e-06
97367 8.040510e-06
97479 5.739897e-06
97487 5.337075e-06
97586 3.700763e-06
97740 3.442208e-06
97758 3.166213e-06
97854 2.401791e-06
98003 2.314719e-06
98195 1.354603e-06
98205 1.286731e-06
98378 1.077451e-06
98442 7.488073e-07
98476 7.115582e-07
98666 5.773243e-07
98720 5.504384e-07
98721 2.973634e-07
99055 1.065236e-07
99540 7.716686e-08
99744 7.586371e-08
99762 6.777318e-08
99803 2.487034e-08
