1 4.493193e+28
4 1.145560e+25
5 8.983470e+23
20 1.009159e+23
39 3.214880e+22
43 4.166382e+21
54 8.427211e+19
85 7.898526e+15
395 5.861046e+13
537 1.498146e+13
567 1.019691e+13
595 5.970460e+12
641 2.112703e+11
644 1.472994e+11
778 1.247286e+11
849 1.010265e+11
860 4.430172e+10
1228 4.047177e+10
1270 4.035599e+10
1323 3.968641e+10
1333 3.522175e+10
1385 3.004191e+10
1403 2.734696e+10
1554 2.413999e+10
1624 2.300398e+10
1682 2.141065e+10
1700 1.546192e+10
1832 1.527936e+10
1877 1.333775e+10
1928 1.027541e+10
1938 9.215218e+09
2102 7.894774e+09
2133 7.497294e+09
2458 7.389318e+09
2537 5.251387e+09
2637 4.868070e+09
2772 4.690840e+09
2906 4.495278e+09
2933 3.792141e+09
2990 3.688241e+09
2991 3.657878e+09
3000 2.997675e+09
3106 2.855252e+09
3137 2.210337e+09
3283 2.173942e+09
3324 1.838862e+09
3342 1.650447e+09
3529 1.410006e+09
3820 1.239780e+09
3839 1.134060e+09
3859 1.127960e+09
3932 1.053401e+09
3944 8.545095e+08
3959 7.309934e+08
4132 7.205890e+08
4152 6.702827e+08
4158 6.476427e+08
4182 4.421074e+08
4282 3.292589e+08
4532 2.587346e+08
4539 2.403742e+08
4587 2.113751e+08
4605 1.825152e+08
4688 1.489720e+08
4901 1.477051e+08
4951 1.317468e+08
4960 1.178681e+08
5003 8.896694e+07
5083 7.752270e+07
5099 6.568136e+07
5148 6.206833e+07
5177 5.698454e+07
5340 4.956154e+07
5402 4.501854e+07
5484 4.382276e+07
5564 3.873185e+07
5586 3.708737e+07
5590 3.255235e+07
5646 2.238125e+07
5792 2.073095e+07
5850 2.071699e+07
5883 1.874973e+07
5946 1.608848e+07
6087 1.468240e+07
6131 1.442206e+07
6138 1.432256e+07
6165 1.253055e+07
6210 1.024629e+07
6382 9.405550e+06
6442 7.280779e+06
6490 6.788411e+06
6588 5.760486e+06
6810 5.690640e+06
6887 5.449307e+06
6894 4.481916e+06
7096 4.434563e+06
7147 4.252486e+06
7195 3.610386e+06
7272 3.421814e+06
7379 2.640932e+06
7488 2.394823e+06
7569 1.759541e+06
7739 1.718275e+06
7821 1.516728e+06
7931 1.315414e+06
8078 1.158004e+06
8223 1.114107e+06
8224 8.690530e+05
8389 7.600545e+05
8498 7.426431e+05
8513 7.359673e+05
8596 7.229191e+05
8604 6.371048e+05
8679 6.302047e+05
8712 5.738704e+05
8737 5.586150e+05
8748 4.651597e+05
8874 4.201785e+05
8936 3.974018e+05
8941 3.679939e+05
8969 3.629940e+05
9025 3.526506e+05
9085 3.131384e+05
9166 2.849195e+05
9212 2.594705e+05
9440 2.436103e+05
9455 2.125554e+05
9470 2.108434e+05
9676 1.983973e+05
9760 1.900858e+05
9860 1.692806e+05
9880 1.572879e+05
10046 1.498144e+05
10116 1.462032e+05
10122 1.446192e+05
10171 1.386828e+05
10221 1.291261e+05
10267 1.282210e+05
10277 1.183868e+05
10446 1.075422e+05
10714 1.068786e+05
10727 1.057160e+05
10777 1.045643e+05
10804 9.745047e+04
11068 9.621539e+04
11139 9.450853e+04
11186 9.351685e+04
11196 8.701879e+04
11231 8.504087e+04
11331 8.058806e+04
11419 7.622184e+04
11487 7.282648e+04
11673 7.253154e+04
11715 6.649973e+04
11763 6.226314e+04
11969 6.068563e+04
12126 6.036649e+04
12139 5.981092e+04
12181 5.907061e+04
12206 5.810414e+04
12233 5.795844e+04
12272 5.609687e+04
12382 5.509335e+04
12387 5.387089e+04
12400 5.253897e+04
12449 5.116550e+04
12469 4.802038e+04
12558 4.709505e+04
12655 4.306399e+04
12771 4.146749e+04
12862 3.781603e+04
13040 3.679920e+04
13284 3.376284e+04
13360 3.144194e+04
13493 3.101888e+04
13512 3.049463e+04
13564 3.025337e+04
13592 2.970660e+04
13625 2.799507e+04
13712 2.761387e+04
13741 2.415335e+04
14020 2.370565e+04
14199 2.240212e+04
14410 2.105419e+04
14500 2.102038e+04
14543 1.979094e+04
14738 1.891687e+04
14770 1.859221e+04
14975 1.824165e+04
15065 1.818863e+04
15067 1.671461e+04
15304 1.665690e+04
15314 1.643108e+04
15321 1.610017e+04
15325 1.567459e+04
15496 1.522481e+04
15498 1.486183e+04
15775 1.450106e+04
15876 1.401042e+04
15937 1.348738e+04
16041 1.304006e+04
16172 1.299343e+04
16218 1.244932e+04
16249 1.218621e+04
16455 1.184410e+04
16541 1.125498e+04
16775 1.122262e+04
16808 1.102016e+04
16841 1.095472e+04
17000 1.068520e+04
17017 1.066233e+04
17099 1.062875e+04
17123 1.040500e+04
17224 1.026292e+04
17333 1.022265e+04
17401 1.011047e+04
17425 9.975488e+03
17429 9.879114e+03
17504 9.873230e+03
17531 9.656463e+03
17532 9.432814e+03
17561 9.330894e+03
17626 9.328911e+03
17806 9.052411e+03
17966 8.956505e+03
18016 8.912561e+03
18093 8.866089e+03
18141 8.852534e+03
18208 8.819892e+03
18211 8.791274e+03
18238 8.770904e+03
18247 8.682882e+03
18387 8.643586e+03
18450 8.373190e+03
18559 8.366393e+03
18588 8.335082e+03
18596 8.284279e+03
18638 8.171263e+03
18944 7.963186e+03
18976 7.773253e+03
19401 7.670205e+03
19466 7.585637e+03
19516 7.519312e+03
19704 7.509771e+03
19729 7.414154e+03
19806 7.406402e+03
19810 7.328404e+03
19869 7.284329e+03
19899 7.283622e+03
19912 7.273701e+03
19965 7.249669e+03
19980 7.243442e+03
19996 7.224061e+03
20001 7.195152e+03
20020 7.184546e+03
20052 7.174744e+03
20121 6.960384e+03
20649 6.905966e+03
20669 6.867178e+03
20692 6.811624e+03
20710 6.805487e+03
20735 6.465853e+03
20975 6.450477e+03
20987 6.443638e+03
21044 6.370207e+03
21160 6.337430e+03
21190 6.295184e+03
21215 6.088735e+03
21323 6.075226e+03
21345 5.928695e+03
21399 5.735464e+03
21461 5.614054e+03
21659 5.348938e+03
21762 5.019801e+03
21850 4.924356e+03
21888 4.686813e+03
21905 4.524376e+03
21977 4.470444e+03
21989 4.169534e+03
22040 3.926595e+03
22291 3.892505e+03
22377 3.740330e+03
22480 3.359715e+03
22728 3.356289e+03
22783 2.828227e+03
23031 2.758345e+03
23123 2.632097e+03
23275 2.586880e+03
23307 2.452179e+03
23366 2.407420e+03
23405 2.324223e+03
23595 2.267354e+03
23642 2.204837e+03
23666 2.158231e+03
23806 1.911919e+03
23886 1.836410e+03
23903 1.762375e+03
23950 1.591386e+03
23958 1.575235e+03
24021 1.566235e+03
24059 1.437836e+03
24510 1.324456e+03
24646 1.250123e+03
24656 1.182081e+03
24676 1.102437e+03
24731 1.057770e+03
24775 9.725138e+02
24909 9.620973e+02
24929 9.414500e+02
25045 9.137720e+02
25095 7.231502e+02
25215 6.726314e+02
25224 6.359051e+02
25266 5.584842e+02
25385 5.283325e+02
25415 5.063831e+02
25487 4.154106e+02
25593 4.037059e+02
25665 3.527179e+02
25694 3.221245e+02
25707 2.809526e+02
25932 2.681297e+02
26064 2.117089e+02
26227 2.094265e+02
26259 2.082539e+02
26268 1.995227e+02
26300 1.813673e+02
26324 1.660913e+02
26390 1.587972e+02
26476 1.587917e+02
26495 1.447628e+02
26504 1.321208e+02
26529 1.309003e+02
26580 1.298162e+02
26587 1.174865e+02
26614 1.174195e+02
26649 1.051937e+02
26679 1.011175e+02
26703 9.086519e+01
26758 8.205145e+01
27079 8.063548e+01
27099 7.851100e+01
27115 7.454753e+01
27129 6.728634e+01
27135 6.710700e+01
27177 6.572898e+01
27237 6.442484e+01
27256 5.953919e+01
27348 5.915120e+01
27353 5.882318e+01
27436 5.034651e+01
27547 4.973988e+01
27583 4.795027e+01
27592 4.668656e+01
27619 4.411705e+01
27673 4.341432e+01
27676 4.072745e+01
27761 4.023395e+01
27764 3.398767e+01
28034 3.376908e+01
28097 3.173200e+01
28169 3.165747e+01
28219 3.116365e+01
28272 2.300551e+01
28541 2.210504e+01
28781 2.181740e+01
28796 1.964491e+01
28819 1.651675e+01
29146 1.641767e+01
29149 1.404641e+01
29521 1.315165e+01
29596 1.231095e+01
29608 1.198600e+01
29861 1.150570e+01
29942 1.109396e+01
29949 1.097451e+01
30027 8.805214e+00
30262 8.799731e+00
30521 7.857655e+00
30838 7.315280e+00
30946 6.710510e+00
31171 6.480685e+00
31272 6.231605e+00
31357 5.536275e+00
31418 5.036364e+00
31526 4.523224e+00
31741 4.423744e+00
31947 4.319013e+00
31963 4.301058e+00
32038 4.156946e+00
32162 3.888884e+00
32240 3.684216e+00
32542 3.606397e+00
32545 3.513789e+00
32576 3.406074e+00
32769 3.372774e+00
32775 3.192507e+00
32799 3.111511e+00
32870 3.094704e+00
33012 3.073806e+00
33030 3.033186e+00
33107 3.029155e+00
33122 2.999390e+00
33142 2.944359e+00
33145 2.826142e+00
33253 2.790142e+00
33346 2.742927e+00
33454 2.738871e+00
33480 2.663786e+00
33484 2.622238e+00
33587 2.569734e+00
33594 2.503274e+00
33647 2.417169e+00
33706 2.405711e+00
33786 2.350066e+00
34010 2.349993e+00
34058 2.334411e+00
34082 2.245226e+00
34145 2.229498e+00
34220 2.196907e+00
34224 2.166396e+00
34351 2.150516e+00
34368 2.007123e+00
34463 2.002538e+00
34509 1.924729e+00
34731 1.894889e+00
34793 1.894351e+00
34945 1.857433e+00
35045 1.828542e+00
35095 1.823573e+00
35134 1.805617e+00
35183 1.783454e+00
35204 1.744491e+00
35214 1.728808e+00
35494 1.728688e+00
35571 1.631426e+00
35708 1.630978e+00
35812 1.600203e+00
36093 1.554538e+00
36271 1.517379e+00
36586 1.504164e+00
36632 1.436789e+00
36715 1.424385e+00
36985 1.395925e+00
37024 1.393831e+00
37233 1.357417e+00
37384 1.356577e+00
37475 1.336646e+00
37545 1.332020e+00
37547 1.274119e+00
37835 1.271505e+00
37874 1.249887e+00
37935 1.244009e+00
38110 1.214010e+00
38362 1.205914e+00
38374 1.204807e+00
38375 1.199250e+00
38399 1.189044e+00
38452 1.174078e+00
38514 1.162340e+00
38657 1.161578e+00
38730 1.161004e+00
38756 1.156046e+00
38893 1.143326e+00
38900 1.143088e+00
39047 1.142256e+00
39071 1.111281e+00
39199 1.106892e+00
39321 1.103144e+00
39376 1.095877e+00
39381 1.095420e+00
39389 1.083776e+00
39418 1.068590e+00
39468 1.057978e+00
39489 1.054779e+00
39514 1.052357e+00
39539 1.031645e+00
39774 1.022435e+00
39813 1.018520e+00
39825 1.012946e+00
39868 1.002190e+00
40009 1.001171e+00
40037 9.983405e-01
40046 9.927683e-01
40076 9.777027e-01
40113 9.681414e-01
40146 9.639515e-01
40240 9.628262e-01
40263 9.539893e-01
40268 9.426038e-01
40291 9.359377e-01
40320 9.246192e-01
40326 9.245862e-01
40330 9.116295e-01
40388 9.080394e-01
40500 8.713855e-01
40720 8.119232e-01
41041 7.948573e-01
41075 7.623438e-01
41151 7.515165e-01
41152 7.386326e-01
41316 6.936389e-01
41365 6.896276e-01
41404 6.420551e-01
41478 6.377876e-01
41509 6.329671e-01
41544 6.183109e-01
41611 5.803543e-01
41644 5.432075e-01
41725 5.058476e-01
41788 4.969476e-01
41793 4.748757e-01
41838 4.601271e-01
41884 4.354891e-01
41977 3.873532e-01
42189 3.834857e-01
42387 2.991756e-01
42434 2.762293e-01
42546 2.609465e-01
42645 2.117597e-01
42905 1.961230e-01
42929 1.865081e-01
42974 1.849993e-01
43023 1.515388e-01
43084 1.286967e-01
43102 1.116791e-01
43220 1.110007e-01
43225 1.001055e-01
43437 9.828850e-02
43510 8.784527e-02
43689 8.705515e-02
43692 7.219533e-02
43854 6.986129e-02
43997 6.759775e-02
44029 6.352453e-02
44173 6.214473e-02
44276 6.009037e-02
44309 5.434812e-02
44348 5.217878e-02
44351 5.050950e-02
44440 3.833955e-02
44720 3.500548e-02
44929 3.377228e-02
44930 3.255766e-02
44960 3.195277e-02
172476 3.112737e-02
172590 3.023417e-02
172682 2.896241e-02
172918 2.823558e-02
172954 2.756424e-02
173010 2.741501e-02
173020 2.716293e-02
173090 2.620147e-02
173145 2.579853e-02
173186 2.545757e-02
173320 2.521641e-02
173398 2.458983e-02
173462 2.438460e-02
173474 2.437664e-02
173523 2.409979e-02
173600 2.385175e-02
173624 2.299265e-02
173860 2.291800e-02
173867 2.290631e-02
173896 2.232503e-02
173968 2.165785e-02
174109 2.142328e-02
174293 2.108311e-02
174387 2.091333e-02
174403 2.060876e-02
174428 1.994016e-02
174591 1.925014e-02
174625 1.869046e-02
174796 1.859103e-02
174841 1.855778e-02
174847 1.829503e-02
174862 1.758833e-02
174899 1.729391e-02
175000 1.698251e-02
175149 1.650630e-02
175274 1.567150e-02
175401 1.536004e-02
175408 1.527642e-02
175420 1.509056e-02
175456 1.309560e-02
175656 1.189443e-02
175877 1.161138e-02
175887 1.143536e-02
175898 1.101382e-02
175961 1.086250e-02
176109 1.064211e-02
176146 1.003066e-02
176184 9.612891e-03
176264 9.532960e-03
176339 8.349713e-03
176455 8.075141e-03
176488 7.275994e-03
176680 6.572964e-03
176696 5.452960e-03
176832 4.771035e-03
176850 4.722209e-03
177039 3.332977e-03
177319 2.825009e-03
177357 2.693678e-03
177409 2.211197e-03
177451 1.655405e-03
177619 1.509056e-03
177967 1.455986e-03
177969 1.178422e-03
178198 1.148305e-03
178208 1.103486e-03
178259 1.101920e-03
178267 1.068573e-03
178276 1.037437e-03
178292 1.027337e-03
178298 9.794085e-04
178313 8.785245e-04
178374 7.287199e-04
178378 6.658069e-04
178605 6.622644e-04
178610 5.332840e-04
178745 5.246290e-04
179009 4.708917e-04
179079 4.324123e-04
179107 3.722483e-04
179534 3.558954e-04
179719 3.401985e-04
179767 3.304364e-04
180023 3.295443e-04
180069 3.200049e-04
180082 3.111725e-04
180090 3.092108e-04
180163 2.991370e-04
180232 2.847428e-04
180254 2.820664e-04
180574 2.671808e-04
180783 2.665730e-04
180827 2.575666e-04
180953 2.551434e-04
181015 2.535938e-04
181048 2.532963e-04
181066 2.457735e-04
181226 2.413887e-04
181277 2.405373e-04
181340 2.402425e-04
181360 2.352442e-04
181505 2.340333e-04
181605 2.307590e-04
181691 2.264759e-04
181856 2.197516e-04
182149 2.171180e-04
182165 2.125897e-04
182246 2.096625e-04
182251 2.070963e-04
182336 2.059037e-04
182451 2.058463e-04
182510 2.052438e-04
182583 2.039821e-04
182613 2.010287e-04
182636 1.965924e-04
182827 1.963815e-04
182845 1.940059e-04
182872 1.933782e-04
182905 1.907589e-04
182963 1.904724e-04
183022 1.891041e-04
183037 1.874085e-04
183051 1.839079e-04
183554 1.829445e-04
183569 1.813217e-04
183663 1.805804e-04
183669 1.776873e-04
183820 1.746751e-04
183893 1.740157e-04
183900 1.740028e-04
183946 1.736231e-04
184001 1.699627e-04
184232 1.683747e-04
184260 1.627639e-04
184426 1.619099e-04
184458 1.605973e-04
184821 1.587190e-04
184825 1.572914e-04
184874 1.551503e-04
184960 1.529227e-04
185189 1.527932e-04
185191 1.477823e-04
185255 1.457224e-04
185296 1.428367e-04
185304 1.334568e-04
185649 1.301820e-04
185655 1.221058e-04
185698 1.220699e-04
185729 1.173218e-04
186017 1.171376e-04
186046 1.160459e-04
186073 1.152769e-04
186095 1.146737e-04
186123 1.016299e-04
186251 9.761959e-05
186262 9.559010e-05
186275 9.119236e-05
186382 8.265735e-05
186404 8.112961e-05
186423 7.462014e-05
186578 7.459918e-05
186601 6.377838e-05
186849 6.317434e-05
186893 6.205283e-05
186940 5.945747e-05
186953 5.934363e-05
186954 5.833836e-05
186971 5.739843e-05
186999 5.705119e-05
187003 5.532935e-05
187032 4.925354e-05
187115 4.808233e-05
187238 4.799911e-05
187240 4.409371e-05
187332 4.278110e-05
187387 4.194655e-05
187461 4.143299e-05
187624 4.056794e-05
187668 3.808651e-05
187706 3.667028e-05
187746 3.559350e-05
187826 3.555606e-05
187888 3.450048e-05
188016 3.257628e-05
188059 3.230944e-05
188204 3.166617e-05
188249 3.122601e-05
188286 2.994630e-05
188323 2.959017e-05
188441 2.912683e-05
188447 2.859705e-05
188546 2.826083e-05
188638 2.776025e-05
188687 2.761789e-05
188708 2.704439e-05
188782 2.658621e-05
189109 2.606120e-05
189213 2.581470e-05
189238 2.570800e-05
189305 2.495898e-05
189438 2.480702e-05
189508 2.382313e-05
189635 2.325374e-05
190010 2.322314e-05
190012 2.285959e-05
190130 2.251217e-05
190216 2.244206e-05
190240 2.227333e-05
190299 2.184335e-05
190325 2.163085e-05
190378 2.148308e-05
190436 2.147283e-05
190612 2.145130e-05
190618 2.142253e-05
190630 2.123459e-05
190650 2.082094e-05
190688 2.057044e-05
190917 2.040651e-05
190920 2.026058e-05
190921 1.994868e-05
191012 1.992390e-05
191023 1.986512e-05
191036 1.957570e-05
191096 1.943836e-05
191305 1.910283e-05
191574 1.891498e-05
191653 1.875318e-05
191739 1.835413e-05
191786 1.794424e-05
191905 1.757323e-05
191928 1.714300e-05
192067 1.706792e-05
192086 1.606965e-05
192262 1.601863e-05
192325 1.596448e-05
192352 1.569171e-05
192360 1.568438e-05
192403 1.551967e-05
192420 1.521325e-05
192450 1.505431e-05
192461 1.461597e-05
192466 1.406037e-05
192594 1.378152e-05
192712 1.326175e-05
192782 1.318734e-05
192793 1.259067e-05
192928 1.210626e-05
192996 1.207982e-05
192999 1.118806e-05
193182 1.068842e-05
193288 1.009873e-05
193347 1.007234e-05
193360 9.625385e-06
193388 9.251112e-06
193409 9.215518e-06
193415 9.180044e-06
193441 9.154601e-06
193463 8.545595e-06
193531 7.850732e-06
193546 7.504572e-06
193647 7.427845e-06
193720 6.454430e-06
193730 6.332036e-06
193987 6.290709e-06
194001 5.320880e-06
194066 5.275734e-06
194330 5.251423e-06
194371 5.158592e-06
194416 4.802799e-06
194512 4.358323e-06
194572 4.290190e-06
194636 4.201605e-06
194740 3.938868e-06
194758 3.896114e-06
194823 3.769380e-06
194961 3.577179e-06
195026 3.395518e-06
195221 3.350173e-06
195255 3.268529e-06
195314 3.267789e-06
195334 3.252884e-06
195365 3.252255e-06
195381 3.228899e-06
195396 3.106590e-06
195425 3.026186e-06
195455 3.007370e-06
195467 2.907739e-06
195684 2.794764e-06
195707 2.738969e-06
195763 2.726620e-06
195783 2.725969e-06
195801 2.699111e-06
195823 2.650504e-06
196090 2.585084e-06
196112 2.536204e-06
196153 2.480137e-06
196187 2.478225e-06
196251 2.473579e-06
196283 2.388162e-06
196320 2.300619e-06
196360 2.275522e-06
196432 2.141652e-06
196469 2.063149e-06
196693 2.050160e-06
196765 1.993530e-06
196811 1.940687e-06
196830 1.854997e-06
197214 1.741867e-06
197333 1.690695e-06
197349 1.652969e-06
197356 1.633238e-06
197477 1.613790e-06
197570 1.611493e-06
197573 1.572762e-06
197671 1.538108e-06
197715 1.442553e-06
197788 1.362224e-06
198020 1.331180e-06
198034 1.316192e-06
198072 1.277910e-06
198390 1.244580e-06
198399 1.149620e-06
198410 1.108674e-06
198452 1.068558e-06
198463 1.038671e-06
198763 9.127373e-07
198787 9.039954e-07
198810 7.414499e-07
198854 7.044704e-07
199156 6.977632e-07
199174 6.473315e-07
199257 5.443840e-07
199322 4.995493e-07
199556 4.411410e-07
199630 4.296788e-07
199707 3.048954e-07
199804 2.928102e-07
199831 2.767372e-07
199914 2.751337e-07
199926 2.600704e-07
199940 2.466108e-07
200021 2.030474e-07
200128 1.834166e-07
200143 1.796167e-07
200153 1.768930e-07
200163 1.268306e-07
200229 1.252684e-07
200323 1.250325e-07
200383 1.129006e-07
200414 1.127591e-07
200465 1.089761e-07
200467 1.042068e-07
200486 9.738039e-08
200541 9.631633e-08
200578 9.478055e-08
200627 9.458724e-08
200648 8.548497e-08
200851 6.883551e-08
200942 6.369954e-08
201000 6.264639e-08
201108 5.720616e-08
201157 4.983344e-08
201179 4.552161e-08
201403 4.313213e-08
201425 4.055444e-08
201463 4.041433e-08
201534 3.465810e-08
201631 2.943667e-08
202015 2.875155e-08
202021 2.315973e-08
202213 2.198226e-08
202292 1.885611e-08
202478 1.877226e-08
202502 1.867903e-08
202512 1.805231e-08
202623 1.758880e-08
202664 1.724088e-08
202688 1.700181e-08
202754 1.630062e-08
202766 1.448709e-08
202972 1.359909e-08
203038 1.346474e-08
203045 1.266577e-08
203243 1.098272e-08
203413 1.046991e-08
203450 1.046127e-08
203454 1.041696e-08
203484 1.034579e-08
203508 1.019377e-08
203519 8.987188e-09
