1 1.036359e+08
5 7.997507e+07
6 1.665546e+07
81 1.023812e+07
132 4.557731e+06
365 4.128680e+06
423 1.680765e+06
544 1.548591e+06
561 1.251453e+06
575 5.699864e+05
621 3.232251e+05
624 9.130538e+04
922 5.101885e+04
1004 3.741035e+04
1083 2.927533e+04
1116 5.768415e+03
1237 2.456946e+03
1292 1.814606e+03
1362 8.511295e+02
1396 6.050607e+02
1523 2.848850e+02
1578 1.333450e+02
1782 8.672713e+01
1843 7.597223e+01
1849 6.804570e+01
1856 4.291115e+01
1912 3.719709e+01
2050 2.911897e+01
2249 2.690718e+01
2326 2.349730e+01
2603 1.703123e+01
5267 1.510972e+01
7481 1.490237e+01
8677 1.407059e+01
8961 1.381813e+01
9587 1.317422e+01
9707 1.310002e+01
9729 1.093978e+01
9943 1.017732e+01
10135 8.836784e+00
10288 8.031559e+00
10701 7.853486e+00
11094 7.784754e+00
11281 7.662188e+00
11345 7.077202e+00
11375 6.936417e+00
11507 6.891588e+00
11510 6.275985e+00
11512 5.837881e+00
11588 5.176236e+00
11614 4.932586e+00
11628 4.798194e+00
11994 4.010793e+00
12248 3.938864e+00
12443 3.866709e+00
12486 3.677134e+00
12620 3.629029e+00
12671 3.463160e+00
12798 3.461590e+00
12840 3.389030e+00
12869 3.340195e+00
13007 3.268099e+00
13101 3.170323e+00
13356 3.145205e+00
13527 3.064507e+00
13657 2.962035e+00
13899 2.941200e+00
13968 2.939786e+00
13994 2.919971e+00
14010 2.814538e+00
14116 2.812665e+00
14283 2.779259e+00
14627 2.777019e+00
14671 2.771764e+00
14733 2.765107e+00
14737 2.678412e+00
15069 2.663105e+00
15074 2.659713e+00
15149 2.653743e+00
15165 2.652498e+00
15226 2.649846e+00
15227 2.642579e+00
15249 2.624433e+00
15255 2.622973e+00
15475 2.611467e+00
15520 2.595349e+00
15556 2.593597e+00
15651 2.591063e+00
15709 2.582248e+00
15720 2.576579e+00
15807 2.570888e+00
15810 2.561665e+00
15963 2.560611e+00
16025 2.556042e+00
16059 2.549185e+00
16100 2.548270e+00
16110 2.536770e+00
16290 2.535778e+00
16470 2.531225e+00
16486 2.522780e+00
16549 2.517475e+00
16716 2.513458e+00
16772 2.507669e+00
16865 2.497880e+00
17125 2.496706e+00
17149 2.494621e+00
17205 2.492054e+00
17228 2.490677e+00
17239 2.483296e+00
17351 2.483161e+00
17404 2.480824e+00
17423 2.479423e+00
17457 2.479201e+00
17481 2.477502e+00
17556 2.473754e+00
17634 2.473008e+00
17637 2.472481e+00
17661 2.471998e+00
17671 2.471417e+00
17693 2.470767e+00
17741 2.468922e+00
17821 2.467880e+00
17937 2.460688e+00
18169 2.459732e+00
18213 2.459722e+00
18234 2.457239e+00
18266 2.456589e+00
18333 2.455910e+00
18346 2.454241e+00
18388 2.451126e+00
18526 2.450002e+00
18531 2.448833e+00
18633 2.445557e+00
18732 2.442822e+00
18794 2.442376e+00
18835 2.442132e+00
18848 2.442106e+00
18882 2.440930e+00
18891 2.440814e+00
18900 2.439179e+00
18949 2.438575e+00
19082 2.437511e+00
19195 2.435722e+00
19245 2.435229e+00
19252 2.435040e+00
19259 2.434733e+00
19261 2.434140e+00
19343 2.434008e+00
19370 2.433404e+00
19416 2.432808e+00
19490 2.432058e+00
19523 2.429783e+00
19663 2.429399e+00
19664 2.429360e+00
19669 2.428093e+00
19738 2.427444e+00
19801 2.426198e+00
19915 2.425742e+00
19917 2.425664e+00
19934 2.424564e+00
19937 2.424199e+00
19942 2.421647e+00
20046 2.421376e+00
20157 2.420214e+00
20206 2.419283e+00
20387 2.417286e+00
20505 2.416194e+00
20617 2.415053e+00
20646 2.415003e+00
20657 2.411238e+00
20731 2.409527e+00
20997 2.408699e+00
21110 2.407352e+00
21135 2.405208e+00
21258 2.404799e+00
21295 2.404277e+00
21332 2.403550e+00
21473 2.402524e+00
21486 2.402239e+00
21494 2.402132e+00
21499 2.400830e+00
21600 2.399787e+00
21721 2.399132e+00
21820 2.398753e+00
21979 2.397992e+00
22000 2.397901e+00
22022 2.397530e+00
22040 2.397173e+00
22067 2.396982e+00
22094 2.396383e+00
22158 2.396345e+00
22178 2.396325e+00
22192 2.396097e+00
22199 2.396073e+00
22215 2.395239e+00
22220 2.394230e+00
22346 2.393889e+00
22443 2.393866e+00
22501 2.393467e+00
22525 2.392970e+00
22630 2.392942e+00
22646 2.391924e+00
22777 2.391536e+00
22842 2.390519e+00
22871 2.390377e+00
23048 2.390226e+00
23063 2.390061e+00
23122 2.389962e+00
23157 2.389710e+00
23205 2.389357e+00
23220 2.388899e+00
23260 2.388094e+00
23502 2.387935e+00
23504 2.387771e+00
23614 2.387743e+00
23644 2.387531e+00
23650 2.387455e+00
23683 2.387183e+00
23717 2.387067e+00
23762 2.386822e+00
23775 2.386396e+00
24076 2.386350e+00
24123 2.386239e+00
24182 2.386232e+00
24208 2.385812e+00
24253 2.385551e+00
24523 2.385438e+00
24620 2.385252e+00
24780 2.384963e+00
24817 2.384889e+00
24824 2.384825e+00
24895 2.384603e+00
24956 2.384501e+00
25004 2.384462e+00
25015 2.384408e+00
25069 2.384388e+00
25099 2.384268e+00
25129 2.384229e+00
25145 2.384211e+00
25177 2.384200e+00
25194 2.384139e+00
25196 2.384102e+00
25273 2.384083e+00
25290 2.384067e+00
25294 2.384048e+00
25354 2.383987e+00
25448 2.383902e+00
25518 2.383821e+00
25578 2.383790e+00
25580 2.383666e+00
25742 2.383630e+00
25749 2.383614e+00
25812 2.383603e+00
25830 2.383581e+00
25850 2.383539e+00
25866 2.383539e+00
25930 2.383510e+00
25933 2.383491e+00
25941 2.383480e+00
25974 2.383460e+00
25997 2.383360e+00
26044 2.383335e+00
26131 2.383329e+00
26133 2.383291e+00
26195 2.383272e+00
26232 2.383232e+00
26445 2.383168e+00
26533 2.383161e+00
26563 2.383149e+00
26620 2.383140e+00
26623 2.383100e+00
26687 2.383084e+00
26729 2.383027e+00
26991 2.383008e+00
27088 2.383002e+00
27146 2.382998e+00
27171 2.382980e+00
27179 2.382966e+00
27199 2.382941e+00
27201 2.382938e+00
27318 2.382930e+00
27390 2.382917e+00
27391 2.382910e+00
27437 2.382905e+00
27484 2.382885e+00
27618 2.382882e+00
27644 2.382875e+00
27789 2.382860e+00
27801 2.382853e+00
27890 2.382853e+00
27902 2.382841e+00
27910 2.382836e+00
27956 2.382832e+00
28008 2.382829e+00
28043 2.382822e+00
28090 2.382822e+00
28123 2.382819e+00
28124 2.382809e+00
28268 2.382807e+00
28292 2.382799e+00
28389 2.382796e+00
28418 2.382789e+00
28446 2.382782e+00
28678 2.382782e+00
28702 2.382782e+00
28739 2.382776e+00
28755 2.382774e+00
28834 2.382773e+00
28841 2.382771e+00
28891 2.382769e+00
28941 2.382765e+00
29064 2.382764e+00
29098 2.382764e+00
29133 2.382761e+00
29164 2.382758e+00
29195 2.382755e+00
29229 2.382755e+00
29282 2.382754e+00
29308 2.382751e+00
29375 2.382750e+00
29457 2.382749e+00
29490 2.382749e+00
29491 2.382749e+00
29493 2.382749e+00
29494 2.382748e+00
29544 2.382748e+00
29553 2.382747e+00
29565 2.382747e+00
29685 2.382745e+00
29874 2.382745e+00
29921 2.382745e+00
29924 2.382743e+00
29970 2.382743e+00
29981 2.382742e+00
30032 2.382742e+00
30064 2.382742e+00
30182 2.382741e+00
30217 2.382741e+00
30220 2.382741e+00
30299 2.382741e+00
30348 2.382740e+00
30381 2.382740e+00
30385 2.382740e+00
30479 2.382740e+00
30503 2.382740e+00
30551 2.382740e+00
30592 2.382740e+00
30644 2.382739e+00
30678 2.382739e+00
30761 2.382739e+00
30840 2.382739e+00
30887 2.382739e+00
30960 2.382739e+00
30977 2.382738e+00
31255 2.382738e+00
31323 2.382738e+00
31409 2.382738e+00
31492 2.382738e+00
31561 2.382738e+00
31615 2.382738e+00
31660 2.382738e+00
31679 2.382738e+00
31822 2.382738e+00
31860 2.382738e+00
31921 2.382738e+00
31966 2.382738e+00
32023 2.382738e+00
32037 2.382738e+00
32059 2.382738e+00
32084 2.382738e+00
32180 2.382738e+00
32230 2.382738e+00
32237 2.382738e+00
32256 2.382738e+00
32316 2.382738e+00
32366 2.382738e+00
32465 2.382738e+00
32470 2.382738e+00
32525 2.382738e+00
32557 2.382738e+00
32578 2.382738e+00
32583 2.382738e+00
32593 2.382738e+00
32615 2.382738e+00
32623 2.382738e+00
32652 2.382738e+00
32681 2.382738e+00
32793 2.382738e+00
32806 2.382737e+00
32892 2.382737e+00
32933 2.382737e+00
32950 2.382737e+00
32971 2.382737e+00
32988 2.382737e+00
33091 2.382737e+00
33109 2.382737e+00
33127 2.382737e+00
33193 2.382737e+00
33239 2.382737e+00
33298 2.382737e+00
33478 2.382737e+00
33489 2.382737e+00
33496 2.382737e+00
33535 2.382737e+00
33607 2.382737e+00
33658 2.382737e+00
33748 2.382737e+00
33797 2.382737e+00
33808 2.382737e+00
33811 2.382737e+00
33837 2.382737e+00
33994 2.382737e+00
33999 2.382737e+00
34168 2.382737e+00
34169 2.382737e+00
34199 2.382737e+00
34270 2.382737e+00
34447 2.382737e+00
34526 2.382737e+00
34538 2.382737e+00
34570 2.382737e+00
34702 2.382737e+00
34722 2.382737e+00
34736 2.382737e+00
34741 2.382737e+00
34803 2.382737e+00
34834 2.382737e+00
35063 2.382737e+00
35103 2.382737e+00
35104 2.382737e+00
35174 2.382737e+00
35319 2.382737e+00
35413 2.382737e+00
35424 2.382737e+00
35435 2.382737e+00
35437 2.382737e+00
35474 2.382737e+00
35500 2.382737e+00
35672 2.382737e+00
35688 2.382737e+00
35745 2.382737e+00
35755 2.382737e+00
35772 2.382737e+00
