1 4.577589e+03
2 2.848418e+03
17 1.442306e+03
5969 1.370032e+03
6077 1.368273e+03
6171 1.357575e+03
6187 1.085126e+03
6246 9.241152e+02
6317 8.754067e+02
6398 8.661534e+02
6449 8.648396e+02
6453 8.573636e+02
6463 8.443090e+02
6478 8.275766e+02
6501 7.882352e+02
6509 7.770116e+02
6533 7.681853e+02
6588 7.341690e+02
6607 7.253075e+02
6658 7.238300e+02
6661 7.018994e+02
6679 7.000002e+02
6793 6.867663e+02
6858 6.823700e+02
6864 6.821047e+02
6923 6.731330e+02
6945 6.722518e+02
6972 6.721244e+02
7023 6.702413e+02
7099 6.681766e+02
7111 6.656317e+02
7146 6.640053e+02
7147 6.632935e+02
7189 6.628184e+02
7211 6.625341e+02
7216 6.619377e+02
7226 6.616797e+02
7256 6.590233e+02
7327 6.588791e+02
7357 6.588261e+02
7362 6.587633e+02
7373 6.580246e+02
7392 6.576269e+02
7425 6.571078e+02
7481 6.569749e+02
7557 6.569054e+02
7591 6.566922e+02
7650 6.566786e+02
7685 6.565783e+02
7709 6.565640e+02
7750 6.564959e+02
7842 6.564957e+02
7872 6.564879e+02
7884 6.564846e+02
7899 6.564844e+02
7927 6.564821e+02
7943 6.564777e+02
7953 6.564775e+02
8003 6.564732e+02
8073 6.564726e+02
8083 6.564694e+02
8092 6.564690e+02
8154 6.564678e+02
8214 6.564676e+02
8217 6.564670e+02
8278 6.564669e+02
8308 6.564662e+02
8309 6.564661e+02
8339 6.564660e+02
8361 6.564657e+02
8395 6.564653e+02
8403 6.564650e+02
8431 6.564648e+02
8512 6.564647e+02
8523 6.564646e+02
8541 6.564646e+02
8635 6.564646e+02
8669 6.564645e+02
8678 6.564645e+02
8733 6.564644e+02
8796 6.564644e+02
8841 6.564644e+02
8869 6.564644e+02
8879 6.564644e+02
8914 6.564644e+02
8918 6.564644e+02
8966 6.564644e+02
9011 6.564644e+02
9068 6.564644e+02
9089 6.564644e+02
9099 6.564644e+02
9118 6.564644e+02
9159 6.564644e+02
9233 6.564644e+02
9242 6.564644e+02
9244 6.564644e+02
9255 6.564644e+02
9285 6.564644e+02
9321 6.564644e+02
9347 6.564644e+02
9355 6.564644e+02
9379 6.564644e+02
9403 6.564644e+02
9453 6.564644e+02
9458 6.564644e+02
9493 6.564644e+02
9506 6.564644e+02
9513 6.564644e+02
9530 6.564644e+02
9533 6.564644e+02
9585 6.564644e+02
9610 6.564644e+02
9790 6.564644e+02
9792 6.564644e+02
9803 6.564644e+02
9824 6.564644e+02
9856 6.564644e+02
9896 6.564644e+02
9912 6.564644e+02
9971 6.564644e+02
10003 6.564644e+02
10112 6.564644e+02
10128 6.564644e+02
10146 6.564644e+02
10187 6.564644e+02
10214 6.564644e+02
10234 6.564644e+02
10323 6.564644e+02
10329 6.564644e+02
10347 6.564644e+02
10349 6.564644e+02
10415 6.564644e+02
10438 6.564644e+02
10517 6.564644e+02
10543 6.564644e+02
10599 6.564644e+02
10603 6.564644e+02
10647 6.564644e+02
10655 6.564644e+02
10656 6.564644e+02
36466 6.077236e+02
36665 6.007894e+02
36793 6.005178e+02
36801 6.000342e+02
36806 5.840432e+02
36841 5.803453e+02
36879 5.776143e+02
36915 5.673900e+02
36997 5.610195e+02
37104 5.608009e+02
37131 5.604188e+02
37179 5.591065e+02
37201 5.586755e+02
37248 5.574173e+02
37266 5.550591e+02
37347 5.547829e+02
37407 5.546243e+02
37411 5.536332e+02
37471 5.530199e+02
37494 5.526323e+02
37569 5.522759e+02
37594 5.518369e+02
37664 5.516037e+02
37699 5.511755e+02
37796 5.510420e+02
37800 5.509373e+02
37816 5.508682e+02
37835 5.508441e+02
37887 5.508041e+02
37898 5.508020e+02
37943 5.507287e+02
38048 5.507198e+02
38065 5.506318e+02
38116 5.506103e+02
38150 5.506060e+02
38166 5.505961e+02
38179 5.505611e+02
38253 5.505515e+02
38298 5.505156e+02
38374 5.505114e+02
38376 5.505099e+02
38393 5.505069e+02
38421 5.504994e+02
38502 5.504961e+02
38531 5.504935e+02
38545 5.504924e+02
38668 5.504911e+02
38723 5.504898e+02
38854 5.504897e+02
38859 5.504894e+02
38912 5.504894e+02
39001 5.504893e+02
39007 5.504892e+02
39059 5.504892e+02
39089 5.504892e+02
39157 5.504892e+02
39172 5.504892e+02
39228 5.504892e+02
39234 5.504892e+02
39245 5.504892e+02
39292 5.504892e+02
39325 5.504892e+02
39345 5.504892e+02
39369 5.504891e+02
39379 5.504891e+02
39414 5.504891e+02
39479 5.504891e+02
39496 5.504891e+02
39552 5.504891e+02
39625 5.504891e+02
39629 5.504891e+02
39633 5.504891e+02
39636 5.504891e+02
39702 5.504891e+02
39739 5.504891e+02
39751 5.504891e+02
39754 5.504891e+02
39767 5.504891e+02
39782 5.504891e+02
39846 5.504891e+02
39886 5.504891e+02
39911 5.504891e+02
39932 5.504891e+02
39979 5.504891e+02
39994 5.504891e+02
39998 5.504891e+02
40083 5.504891e+02
40118 5.504891e+02
40142 5.504891e+02
40143 5.504891e+02
40186 5.504891e+02
40204 5.504891e+02
40248 5.504891e+02
40251 5.504891e+02
40319 5.504891e+02
40337 5.504891e+02
40350 5.504891e+02
40383 5.504891e+02
40405 5.504891e+02
40432 5.504891e+02
40454 5.504891e+02
40466 5.504891e+02
40507 5.504891e+02
40528 5.504891e+02
40535 5.504891e+02
40589 5.504891e+02
40645 5.504891e+02
40646 5.504891e+02
40716 5.504891e+02
40736 5.504891e+02
40807 5.504891e+02
40851 5.504891e+02
40887 5.504891e+02
40893 5.504891e+02
52130 4.506591e+02
53179 4.248154e+02
53533 3.847830e+02
53889 3.841079e+02
53948 3.418427e+02
54005 3.265622e+02
54035 3.134818e+02
54042 2.785444e+02
54418 2.604459e+02
54868 2.594941e+02
55089 2.549448e+02
55839 2.511642e+02
56172 2.502479e+02
56581 2.496391e+02
56689 2.475129e+02
56801 2.464761e+02
57195 2.441108e+02
57427 2.417662e+02
57498 2.416113e+02
57982 2.415063e+02
58008 2.411130e+02
58164 2.410917e+02
58186 2.407275e+02
58665 2.407024e+02
58734 2.405861e+02
58893 2.405644e+02
58986 2.405359e+02
59081 2.405197e+02
59382 2.405144e+02
59429 2.405105e+02
59431 2.405086e+02
59475 2.405040e+02
59492 2.404987e+02
59573 2.404985e+02
59588 2.404979e+02
59603 2.404952e+02
59661 2.404937e+02
59717 2.404936e+02
59722 2.404933e+02
59760 2.404918e+02
59789 2.404915e+02
59810 2.404902e+02
59965 2.404896e+02
59982 2.404887e+02
60003 2.404887e+02
60113 2.404886e+02
60170 2.404883e+02
60200 2.404877e+02
60274 2.404872e+02
60315 2.404870e+02
60461 2.404869e+02
60497 2.404869e+02
60510 2.404869e+02
60579 2.404868e+02
60611 2.404868e+02
60641 2.404867e+02
60714 2.404867e+02
60894 2.404866e+02
60897 2.404865e+02
61340 2.404865e+02
61357 2.404865e+02
61437 2.404865e+02
61518 2.404865e+02
61638 2.404865e+02
61678 2.404865e+02
61764 2.404865e+02
61845 2.404865e+02
61931 2.404864e+02
62026 2.404864e+02
62097 2.404864e+02
62175 2.404864e+02
62361 2.404864e+02
62389 2.404864e+02
62452 2.404864e+02
62690 2.404864e+02
62789 2.404864e+02
62904 2.404864e+02
63079 2.404864e+02
63085 2.404864e+02
63106 2.404864e+02
63148 2.404864e+02
63157 2.404864e+02
63294 2.404864e+02
63332 2.404864e+02
63618 2.404864e+02
63789 2.404864e+02
63874 2.404864e+02
63901 2.404864e+02
64007 2.404864e+02
64032 2.404864e+02
64132 2.404864e+02
64275 2.404864e+02
64406 2.404864e+02
64449 2.404864e+02
64695 2.404864e+02
64766 2.404864e+02
64785 2.404864e+02
65036 2.404864e+02
65192 2.404864e+02
65306 2.404864e+02
65328 2.404864e+02
65412 2.404864e+02
65559 2.404864e+02
65759 2.404864e+02
90401 2.196504e+02
91525 2.181813e+02
91895 9.888350e+01
91934 6.409099e+01
93902 5.917669e+01
97296 3.405773e+01
