1 4.274101e+03
2 4.065826e+03
3 3.068207e+03
5 2.757677e+03
72 2.421850e+03
281 2.368165e+03
537 2.180758e+03
2083 1.745882e+03
2641 1.724248e+03
2754 1.395024e+03
2878 8.610658e+02
2988 7.771091e+02
3060 7.163738e+02
3088 5.027501e+02
3152 4.390247e+02
3229 4.209809e+02
3295 2.978944e+02
3469 2.873927e+02
3508 2.828212e+02
3520 2.776721e+02
3539 2.764629e+02
3593 2.711039e+02
3683 2.709026e+02
3691 2.687823e+02
3720 2.674998e+02
3727 2.668441e+02
3771 2.665527e+02
3778 2.664643e+02
3825 2.659725e+02
3841 2.651872e+02
3894 2.650934e+02
3926 2.650748e+02
3942 2.648496e+02
3944 2.643861e+02
3963 2.643633e+02
4000 2.641935e+02
4001 2.640187e+02
4098 2.639848e+02
4123 2.639740e+02
4252 2.639102e+02
4369 2.639080e+02
4381 2.639074e+02
4441 2.639021e+02
4476 2.639019e+02
4484 2.639015e+02
4512 2.639013e+02
4514 2.638978e+02
4533 2.638974e+02
4538 2.638974e+02
4547 2.638966e+02
4589 2.638956e+02
4627 2.638953e+02
4645 2.638945e+02
4659 2.638944e+02
4682 2.638943e+02
4741 2.638940e+02
4779 2.638938e+02
4855 2.638937e+02
4862 2.638937e+02
4875 2.638934e+02
4934 2.638934e+02
4992 2.638933e+02
4996 2.638933e+02
5016 2.638932e+02
5038 2.638932e+02
5065 2.638932e+02
5081 2.638931e+02
5118 2.638931e+02
5194 2.638931e+02
5281 2.638931e+02
5318 2.638931e+02
5397 2.638931e+02
5453 2.638931e+02
5483 2.638931e+02
5554 2.638931e+02
5559 2.638931e+02
5563 2.638931e+02
5589 2.638931e+02
5596 2.638931e+02
5598 2.638931e+02
5620 2.638931e+02
5633 2.638931e+02
5645 2.638931e+02
5657 2.638931e+02
5687 2.638931e+02
5771 2.638931e+02
5793 2.638931e+02
5810 2.638931e+02
5838 2.638931e+02
5839 2.638931e+02
5854 2.638931e+02
5951 2.638931e+02
5990 2.638931e+02
6100 2.638931e+02
6102 2.638931e+02
6160 2.638931e+02
6244 2.638931e+02
6288 2.638931e+02
6290 2.638931e+02
6311 2.638931e+02
6324 2.638931e+02
6354 2.638931e+02
6375 2.638931e+02
6409 2.638931e+02
6490 2.638931e+02
6542 2.638931e+02
6570 2.638931e+02
6592 2.638931e+02
6620 2.638931e+02
6656 2.638931e+02
6692 2.638931e+02
6694 2.638931e+02
6707 2.638931e+02
6729 2.638931e+02
6741 2.638931e+02
6748 2.638931e+02
6777 2.638931e+02
6779 2.638931e+02
6897 2.638931e+02
6910 2.638931e+02
6929 2.638931e+02
6944 2.638931e+02
7037 2.638931e+02
7038 2.638931e+02
7094 2.638931e+02
78926 2.268733e+02
79313 2.044036e+02
80832 1.704184e+02
80976 1.632051e+02
81774 1.605464e+02
82128 1.576489e+02
82563 1.557387e+02
82658 1.515301e+02
82912 1.427611e+02
84808 1.425520e+02
85050 1.419817e+02
85094 1.415732e+02
85272 1.396259e+02
85384 1.388751e+02
85828 1.382013e+02
86012 1.378239e+02
86167 1.372529e+02
86181 1.368951e+02
86313 1.368648e+02
86417 1.346913e+02
86580 1.340479e+02
86798 1.338893e+02
86836 1.330141e+02
86858 1.319618e+02
87295 1.314633e+02
87312 1.314570e+02
87363 1.302298e+02
87381 1.290974e+02
87640 1.275163e+02
87962 1.273991e+02
88057 1.272275e+02
88262 1.269575e+02
88436 1.268776e+02
88484 1.267015e+02
88541 1.266977e+02
88575 1.262650e+02
88618 1.261626e+02
88936 1.261474e+02
88962 1.256502e+02
89213 1.255398e+02
89547 1.255275e+02
89589 1.254914e+02
89619 1.254518e+02
89690 1.254289e+02
89750 1.253565e+02
89967 1.253555e+02
90017 1.253233e+02
90054 1.252873e+02
90174 1.252770e+02
90207 1.252769e+02
90224 1.252616e+02
90238 1.252302e+02
90773 1.252272e+02
90900 1.252233e+02
90918 1.252153e+02
91344 1.252080e+02
91997 1.252080e+02
92042 1.252079e+02
92071 1.252068e+02
92414 1.252068e+02
92458 1.252066e+02
92579 1.252065e+02
92661 1.252061e+02
92900 1.252060e+02
93139 1.252060e+02
93175 1.252060e+02
93184 1.252060e+02
93310 1.252059e+02
93428 1.252059e+02
93552 1.252059e+02
93585 1.252059e+02
93742 1.252058e+02
93924 1.252058e+02
94233 1.252058e+02
94527 1.252058e+02
94563 1.252058e+02
94588 1.252058e+02
94606 1.252058e+02
94741 1.252058e+02
94749 1.252058e+02
94952 1.252058e+02
94964 1.252058e+02
94988 1.252058e+02
95052 1.252058e+02
95076 1.252058e+02
95320 1.252058e+02
95335 1.252058e+02
95339 1.252058e+02
95538 1.252058e+02
95755 1.252058e+02
95869 1.252058e+02
95947 1.252058e+02
95979 1.252058e+02
96156 1.252058e+02
96272 1.252058e+02
96371 1.252058e+02
96386 1.252058e+02
96496 1.252058e+02
96529 1.252058e+02
96765 1.252058e+02
96818 1.252058e+02
96927 1.252058e+02
97381 1.252058e+02
97490 1.252058e+02
97789 1.252058e+02
97802 1.252058e+02
97862 1.252058e+02
98355 1.252058e+02
98411 1.252058e+02
98772 1.252058e+02
98821 1.252058e+02
98982 1.252058e+02
99207 1.252058e+02
99396 1.252058e+02
99780 1.252058e+02
99809 1.252058e+02
99987 1.252058e+02
99992 1.252058e+02
