1 1.218726e+04
2 8.499090e+03
4 8.273742e+03
6 7.563032e+03
12 7.516734e+03
17 3.248787e+03
35 1.607935e+03
78 1.484125e+03
123 7.830823e+02
153 5.470006e+02
158 4.804911e+02
234 2.967716e+02
242 2.916781e+02
249 1.650987e+02
404 1.440737e+02
408 1.270858e+02
412 6.269235e+01
441 6.119782e+01
442 5.699526e+01
556 3.680319e+01
591 3.489303e+01
630 3.278759e+01
682 3.067249e+01
685 2.910435e+01
701 2.573494e+01
713 2.223330e+01
743 2.168557e+01
761 2.054512e+01
778 1.928882e+01
846 1.879342e+01
849 1.855543e+01
881 1.541128e+01
931 1.430912e+01
937 1.239584e+01
961 1.156678e+01
1031 1.154372e+01
1032 1.009152e+01
1208 9.907416e+00
1376 9.904672e+00
1425 9.850631e+00
1469 9.815429e+00
1506 9.772870e+00
1590 9.758803e+00
1612 9.745180e+00
1648 9.739454e+00
1669 9.736889e+00
1711 9.725625e+00
1759 9.698208e+00
1771 9.646182e+00
1774 9.639650e+00
1797 9.596513e+00
1815 9.582380e+00
1835 9.562843e+00
1865 9.476383e+00
1885 9.288628e+00
1929 9.053159e+00
1930 8.980682e+00
1961 8.904992e+00
1962 8.854758e+00
1963 7.747678e+00
2002 7.681389e+00
2003 7.014950e+00
2004 6.615532e+00
2042 6.536425e+00
2044 5.827841e+00
2099 5.177502e+00
2102 4.380547e+00
2194 4.300753e+00
2200 3.454757e+00
2222 2.893350e+00
2292 2.580091e+00
2354 2.348784e+00
2412 2.309412e+00
2437 2.147781e+00
2562 2.020704e+00
2603 1.963781e+00
2614 1.819547e+00
2637 1.760178e+00
2644 1.721701e+00
2692 1.700962e+00
2706 1.677011e+00
2742 1.661501e+00
2788 1.651243e+00
2803 1.649344e+00
2820 1.634734e+00
2841 1.619273e+00
2931 1.588753e+00
3089 1.579012e+00
3100 1.573383e+00
3163 1.565135e+00
3221 1.563858e+00
3223 1.560135e+00
3243 1.558724e+00
3269 1.553825e+00
3329 1.553429e+00
3365 1.544922e+00
3369 1.540975e+00
3399 1.538540e+00
3412 1.535185e+00
3462 1.533647e+00
3514 1.524875e+00
3548 1.521238e+00
3552 1.508470e+00
3566 1.501646e+00
3590 1.458694e+00
3640 1.425002e+00
3665 1.415675e+00
3763 1.352688e+00
3794 1.349383e+00
3839 1.330973e+00
3867 1.320714e+00
3877 1.280627e+00
3894 1.251339e+00
3962 1.218202e+00
3964 1.209234e+00
3969 1.184775e+00
4001 1.176022e+00
4023 1.058844e+00
4115 1.033864e+00
4190 9.629960e-01
4238 7.607372e-01
4349 7.244623e-01
4389 6.416901e-01
4465 6.154600e-01
4468 6.070974e-01
4469 5.457813e-01
4489 5.223434e-01
4500 5.158025e-01
4564 4.634722e-01
4636 4.551336e-01
4681 4.156991e-01
4713 4.142842e-01
4726 4.078524e-01
4727 3.865128e-01
4739 3.405153e-01
4771 3.382120e-01
4812 3.316883e-01
4844 3.306001e-01
4854 3.146821e-01
4858 2.758294e-01
4941 2.393975e-01
4974 2.241992e-01
5003 2.126799e-01
5004 2.065173e-01
5074 2.008079e-01
5082 1.772926e-01
5164 1.750650e-01
5191 1.736573e-01
5202 1.705593e-01
5203 1.589300e-01
5245 1.441252e-01
5251 1.407215e-01
5269 1.401202e-01
5309 1.332164e-01
5350 1.292684e-01
5355 1.289348e-01
5357 1.256056e-01
5369 1.201290e-01
5378 1.141981e-01
5397 1.066768e-01
5406 1.057467e-01
5437 1.017931e-01
5469 9.698113e-02
5476 9.647392e-02
5504 8.301889e-02
5558 7.334346e-02
5577 6.015785e-02
5620 5.536970e-02
5761 4.834272e-02
5772 4.565116e-02
5784 3.457274e-02
5875 3.117757e-02
5885 2.636587e-02
6023 2.576927e-02
6028 2.168322e-02
6076 1.966042e-02
6115 1.947849e-02
6123 1.764234e-02
6182 1.686283e-02
6190 1.516628e-02
6234 1.424816e-02
6253 1.311327e-02
6262 1.236900e-02
6289 1.060297e-02
6295 8.458298e-03
6382 6.054144e-03
6402 4.641692e-03
6506 3.511122e-03
6585 2.744216e-03
6586 2.354171e-03
6590 2.325705e-03
6605 1.822897e-03
6653 1.696957e-03
6655 1.408596e-03
6761 1.190847e-03
6798 9.188676e-04
6812 8.166385e-04
6813 6.806531e-04
6835 4.986822e-04
6856 2.536213e-04
6858 2.381436e-04
6944 2.298678e-04
6967 2.048688e-04
6980 1.093458e-04
7019 8.820325e-05
7054 7.267659e-05
7131 6.462844e-05
7158 5.340378e-05
7170 4.978240e-05
7172 3.092768e-05
7205 2.547964e-05
7241 1.625493e-05
7288 1.167599e-05
7290 8.105972e-06
7295 6.445326e-06
7320 4.855515e-06
7331 3.989723e-06
7376 3.394007e-06
7381 2.501845e-06
7403 1.610603e-06
7454 1.513511e-06
7459 1.442604e-06
7470 9.512611e-07
7489 9.096086e-07
7497 5.223438e-07
7571 2.799137e-07
7606 2.414539e-07
7638 2.279392e-07
7667 1.094256e-07
7732 6.029541e-08
7828 5.432110e-08
7839 2.277247e-08
7867 2.073563e-08
7925 1.679112e-08
7967 1.076794e-08
7972 9.871471e-09
7977 5.830197e-09
