1 1.447687e+01
3 1.134778e+01
5 7.174853e+00
36 6.628903e+00
57 5.546342e+00
82 4.956971e+00
110 4.436740e+00
441 4.346812e+00
489 2.263345e+00
2545 1.617619e+00
22405 1.407860e+00
22406 1.407860e+00
22409 1.407860e+00
22412 1.407860e+00
22415 1.407860e+00
22418 1.407860e+00
22421 1.407860e+00
22424 1.407860e+00
22427 1.407860e+00
22429 9.665784e-01
22451 9.665784e-01
23014 9.526674e-01
82403 7.943722e-01
82404 7.943722e-01
82407 7.943722e-01
82410 7.943722e-01
82413 7.943722e-01
82416 7.943722e-01
82419 7.943722e-01
82422 7.943722e-01
82425 7.943722e-01
82428 7.943722e-01
82431 7.943722e-01
