1 2.094036e+04
3 1.985520e+04
7 1.915330e+04
9 1.892477e+04
38 1.875102e+04
63 1.837876e+04
96 1.732519e+04
223 1.729693e+04
409 1.729454e+04
671 1.695184e+04
694 1.685374e+04
785 1.665909e+04
852 1.618949e+04
1645 1.605944e+04
2076 1.470016e+04
4749 1.422199e+04
6712 1.352571e+04
7018 1.338897e+04
7301 1.290965e+04
8367 1.276171e+04
8383 1.271216e+04
8407 1.256130e+04
8532 1.248816e+04
8753 1.238110e+04
8815 1.224354e+04
8828 1.141731e+04
9141 9.749330e+03
9619 9.585244e+03
9640 9.455271e+03
9717 9.452827e+03
9813 9.236234e+03
9878 9.102509e+03
9896 8.888661e+03
9980 8.828491e+03
9986 8.406774e+03
10014 7.897784e+03
10096 7.724448e+03
10098 7.534476e+03
10139 7.367884e+03
10173 7.314789e+03
10184 7.202547e+03
10261 6.857706e+03
10284 6.613963e+03
10372 6.573139e+03
10383 6.342140e+03
10419 5.868416e+03
10546 5.648744e+03
10718 5.613951e+03
10719 5.252026e+03
10759 4.882944e+03
10878 4.620438e+03
10986 4.590632e+03
11023 4.404821e+03
11085 4.358540e+03
11134 4.222907e+03
11194 4.058174e+03
11291 3.863043e+03
11428 3.856568e+03
11430 3.772906e+03
11435 3.712850e+03
11443 3.701191e+03
11460 3.638014e+03
11503 3.605695e+03
11537 3.496317e+03
11617 3.478470e+03
11686 3.478169e+03
11704 3.441571e+03
11736 3.436483e+03
11750 3.411541e+03
11756 3.353016e+03
11801 3.332009e+03
11810 3.328229e+03
11833 3.305590e+03
11842 3.287897e+03
11856 3.286618e+03
11973 3.243330e+03
12049 3.229585e+03
12058 3.210474e+03
12169 3.176159e+03
12182 3.173082e+03
12192 3.158630e+03
12213 3.156713e+03
12271 3.153353e+03
12280 3.147536e+03
12324 3.141770e+03
12331 3.138465e+03
12374 3.133322e+03
12377 3.127343e+03
12397 3.126637e+03
12426 3.104500e+03
12434 3.099699e+03
12537 3.097269e+03
12577 3.096806e+03
12641 3.088637e+03
12651 3.086767e+03
12678 3.084079e+03
12717 3.069915e+03
12744 3.069785e+03
12774 3.066957e+03
12807 3.066521e+03
12811 3.061167e+03
12832 3.054386e+03
12933 3.044805e+03
12982 3.043892e+03
13023 3.042707e+03
13092 3.034222e+03
13107 3.032770e+03
13118 3.032616e+03
13147 3.031381e+03
13193 3.029341e+03
13221 3.028250e+03
13227 3.028058e+03
13246 3.027851e+03
13278 3.024294e+03
13291 3.021272e+03
13296 3.020939e+03
13317 3.015835e+03
13673 3.015751e+03
13707 3.015496e+03
13709 3.012788e+03
13754 3.008684e+03
13834 3.007246e+03
13854 3.005500e+03
13933 3.004651e+03
13965 3.003084e+03
14027 3.002741e+03
14177 3.002683e+03
14180 3.002325e+03
14266 3.000777e+03
14405 2.999912e+03
14456 2.999364e+03
14460 2.999330e+03
14477 2.998263e+03
14516 2.998242e+03
14550 2.998115e+03
14553 2.997647e+03
14576 2.997520e+03
14584 2.997188e+03
14613 2.996942e+03
14655 2.996672e+03
14706 2.996413e+03
14722 2.996389e+03
14732 2.996269e+03
14777 2.995992e+03
14889 2.995628e+03
14966 2.995409e+03
15014 2.995401e+03
15017 2.995397e+03
15029 2.995171e+03
15044 2.995138e+03
15066 2.995057e+03
15090 2.994862e+03
15130 2.994841e+03
15183 2.994702e+03
15371 2.994483e+03
15387 2.994457e+03
15415 2.994457e+03
15429 2.994363e+03
15613 2.994282e+03
15695 2.994237e+03
15729 2.994198e+03
15774 2.994181e+03
15790 2.994130e+03
15797 2.994128e+03
15798 2.994105e+03
15843 2.994058e+03
15872 2.994035e+03
15918 2.993949e+03
16017 2.993940e+03
16030 2.993926e+03
16056 2.993908e+03
16139 2.993900e+03
16219 2.993895e+03
16245 2.993881e+03
16258 2.993869e+03
16279 2.993862e+03
16339 2.993847e+03
16345 2.993785e+03
16491 2.993777e+03
16583 2.993773e+03
16595 2.993763e+03
16639 2.993752e+03
16676 2.993712e+03
16802 2.993708e+03
16804 2.993705e+03
16844 2.993702e+03
16861 2.993697e+03
16866 2.993690e+03
16876 2.993683e+03
17055 2.993682e+03
17089 2.993677e+03
17099 2.993670e+03
17187 2.993663e+03
17193 2.993654e+03
17244 2.993651e+03
17358 2.993651e+03
17366 2.993649e+03
17370 2.993648e+03
17461 2.993646e+03
17464 2.993638e+03
17513 2.993635e+03
17681 2.993633e+03
17707 2.993632e+03
17717 2.993631e+03
17739 2.993625e+03
17818 2.993621e+03
18018 2.993621e+03
18055 2.993619e+03
18071 2.993619e+03
18079 2.993619e+03
18109 2.993619e+03
18115 2.993617e+03
18139 2.993616e+03
18200 2.993616e+03
18203 2.993616e+03
18213 2.993616e+03
18234 2.993613e+03
18443 2.993613e+03
18660 2.993613e+03
18749 2.993613e+03
18761 2.993612e+03
18919 2.993612e+03
18929 2.993611e+03
19014 2.993611e+03
19056 2.993611e+03
19181 2.993611e+03
19232 2.993610e+03
19240 2.993610e+03
19275 2.993610e+03
19317 2.993610e+03
19424 2.993610e+03
19430 2.993610e+03
19449 2.993610e+03
19533 2.993610e+03
19615 2.993610e+03
19633 2.993610e+03
19788 2.993610e+03
19815 2.993610e+03
19856 2.993610e+03
19857 2.993609e+03
19879 2.993609e+03
19900 2.993609e+03
19932 2.993609e+03
20059 2.993609e+03
20070 2.993609e+03
20238 2.993609e+03
20335 2.993609e+03
20455 2.993609e+03
20675 2.993609e+03
20685 2.993609e+03
20786 2.993609e+03
20799 2.993609e+03
20820 2.993609e+03
20833 2.993609e+03
20905 2.993609e+03
20934 2.993609e+03
21260 2.993609e+03
21311 2.993609e+03
21358 2.993609e+03
21365 2.993609e+03
21385 2.993609e+03
21411 2.993609e+03
21728 2.993609e+03
21923 2.993609e+03
22007 2.993609e+03
22073 2.993609e+03
22138 2.993609e+03
22252 2.993609e+03
22275 2.993609e+03
22307 2.993609e+03
22318 2.993609e+03
22371 2.993609e+03
22372 2.993609e+03
22400 2.993609e+03
22414 2.993609e+03
22486 2.993609e+03
22515 2.993609e+03
22561 2.993609e+03
22666 2.993609e+03
22689 2.993609e+03
22712 2.993609e+03
22735 2.993609e+03
22781 2.993609e+03
22844 2.993609e+03
22876 2.993609e+03
22887 2.993609e+03
22912 2.993609e+03
22933 2.993609e+03
23043 2.993609e+03
23087 2.993609e+03
23088 2.993609e+03
23120 2.993609e+03
23203 2.993609e+03
23221 2.993609e+03
23280 2.993609e+03
23283 2.993609e+03
23317 2.993609e+03
23394 2.993609e+03
23423 2.993609e+03
23463 2.993609e+03
23476 2.993609e+03
23505 2.993609e+03
23562 2.993609e+03
23639 2.993609e+03
23659 2.993609e+03
23673 2.993609e+03
23676 2.993609e+03
23755 2.993609e+03
23836 2.993609e+03
23849 2.993609e+03
23907 2.993609e+03
23928 2.993609e+03
23953 2.993609e+03
23980 2.993609e+03
23997 2.993609e+03
24034 2.993609e+03
24057 2.993609e+03
24152 2.993609e+03
24188 2.993609e+03
24224 2.993609e+03
24252 2.993609e+03
24331 2.993609e+03
24333 2.993609e+03
24363 2.993609e+03
24466 2.993609e+03
24546 2.993609e+03
24580 2.993609e+03
24614 2.993609e+03
24726 2.993609e+03
24735 2.993609e+03
24864 2.993609e+03
24904 2.993609e+03
24906 2.993609e+03
24907 2.993609e+03
24932 2.993609e+03
25023 2.993609e+03
25088 2.993609e+03
25241 2.993609e+03
25309 2.993609e+03
25330 2.993609e+03
25421 2.993609e+03
25454 2.993609e+03
25470 2.993609e+03
25486 2.993609e+03
25601 2.993609e+03
25814 2.993609e+03
25851 2.993609e+03
25895 2.993609e+03
25899 2.993609e+03
25966 2.993609e+03
25975 2.993609e+03
25985 2.993609e+03
26123 2.993609e+03
26143 2.993609e+03
26188 2.993609e+03
26203 2.993609e+03
26207 2.993609e+03
26254 2.993609e+03
26279 2.993609e+03
26288 2.993609e+03
26312 2.993609e+03
26332 2.993609e+03
26357 2.993609e+03
26374 2.993609e+03
26513 2.993609e+03
26606 2.993609e+03
26611 2.993609e+03
26719 2.993609e+03
26805 2.993609e+03
26827 2.993609e+03
26835 2.993609e+03
26889 2.993609e+03
26913 2.993609e+03
27006 2.993609e+03
27015 2.993609e+03
27041 2.993609e+03
27076 2.993609e+03
27136 2.993609e+03
27240 2.993609e+03
27276 2.993609e+03
27295 2.993609e+03
27361 2.993609e+03
27366 2.993609e+03
27413 2.993609e+03
27446 2.993609e+03
27589 2.993609e+03
27600 2.993609e+03
27605 2.993609e+03
27664 2.993609e+03
27745 2.993609e+03
27896 2.993609e+03
27919 2.993609e+03
27922 2.993609e+03
27979 2.993609e+03
27998 2.993609e+03
28045 2.993609e+03
28121 2.993609e+03
28131 2.993609e+03
28193 2.993609e+03
28195 2.993609e+03
28275 2.993609e+03
28298 2.993609e+03
28314 2.993609e+03
28397 2.993609e+03
28544 2.993609e+03
28630 2.993609e+03
28774 2.993609e+03
28882 2.993609e+03
28971 2.993609e+03
29068 2.993609e+03
64682 2.991931e+03
65413 2.493745e+03
66126 2.457109e+03
66148 2.334554e+03
66217 2.075357e+03
66367 1.856810e+03
66846 1.676294e+03
66856 1.535906e+03
67103 1.454708e+03
67298 1.404635e+03
67695 1.341298e+03
68221 1.338366e+03
68239 1.337127e+03
68253 1.325606e+03
68375 1.309478e+03
68449 1.305587e+03
68461 1.275151e+03
68467 1.199906e+03
68549 1.171489e+03
68767 1.117939e+03
68871 1.104303e+03
68972 1.098382e+03
68980 1.069442e+03
69256 1.062227e+03
69471 1.034104e+03
69669 1.032964e+03
69687 1.025848e+03
69752 1.024185e+03
69816 1.020629e+03
69879 1.015313e+03
69908 9.838632e+02
70251 9.797059e+02
70414 9.676611e+02
70452 9.670274e+02
70854 9.651668e+02
70886 9.599072e+02
71108 9.499052e+02
71245 9.495526e+02
71426 9.467126e+02
71439 9.421161e+02
71518 9.419592e+02
71634 9.374085e+02
71642 9.327355e+02
72348 9.258183e+02
72458 9.247816e+02
72497 9.220067e+02
72807 9.195610e+02
72910 9.187417e+02
72961 9.181142e+02
72993 9.158132e+02
73148 9.137351e+02
73265 9.126491e+02
73424 9.112139e+02
73510 9.110669e+02
73578 9.107771e+02
73590 9.106338e+02
73660 9.078522e+02
73872 9.073400e+02
73995 9.063589e+02
74256 9.060664e+02
74377 9.052120e+02
74957 9.051371e+02
220526 8.863482e+02
220894 8.849472e+02
221061 8.751026e+02
221530 8.748878e+02
221549 8.703286e+02
221635 8.702582e+02
221755 8.663566e+02
221806 8.586875e+02
222029 8.566420e+02
222075 8.498036e+02
222165 8.463634e+02
222216 8.371703e+02
222654 8.368675e+02
222847 8.350633e+02
223007 8.331241e+02
223066 8.323494e+02
223104 8.316939e+02
223105 8.287330e+02
223211 8.269415e+02
223454 8.268076e+02
223626 8.244883e+02
223728 8.239437e+02
223734 8.236853e+02
223814 8.215051e+02
224071 8.176722e+02
224425 8.172641e+02
224548 8.169428e+02
224628 8.165933e+02
224759 8.162114e+02
224842 8.161725e+02
224844 8.157862e+02
224903 8.157317e+02
224936 8.157028e+02
224981 8.151520e+02
225090 8.149865e+02
225156 8.149275e+02
225172 8.147022e+02
225232 8.146531e+02
225346 8.142637e+02
225436 8.142161e+02
225575 8.134641e+02
225733 8.128234e+02
226193 8.127767e+02
226364 8.123424e+02
226381 8.122186e+02
226507 8.114462e+02
227073 8.113851e+02
227074 8.111478e+02
227124 8.111430e+02
227352 8.110868e+02
227425 8.108781e+02
227632 8.106581e+02
227706 8.102552e+02
227974 8.101966e+02
228004 8.100803e+02
228054 8.097692e+02
228395 8.097629e+02
228832 8.095973e+02
228951 8.095486e+02
228954 8.095083e+02
229225 8.095001e+02
229363 8.092929e+02
229748 8.092821e+02
230007 8.092712e+02
230095 8.092634e+02
230139 8.092062e+02
230227 8.092062e+02
230398 8.092055e+02
230480 8.091919e+02
230703 8.091744e+02
231063 8.091688e+02
231069 8.091322e+02
231193 8.091226e+02
231217 8.090947e+02
231357 8.090927e+02
231424 8.090862e+02
231644 8.090847e+02
231751 8.090712e+02
231825 8.090679e+02
232002 8.090672e+02
232026 8.090643e+02
232095 8.090643e+02
232096 8.090585e+02
232171 8.090445e+02
232411 8.090422e+02
232485 8.090327e+02
232527 8.090286e+02
232934 8.090241e+02
232939 8.090204e+02
233088 8.090199e+02
233143 8.090145e+02
233189 8.090130e+02
233332 8.090120e+02
233346 8.090117e+02
233459 8.089989e+02
233604 8.089956e+02
234090 8.089952e+02
234172 8.089952e+02
234188 8.089907e+02
234611 8.089892e+02
234825 8.089888e+02
234881 8.089857e+02
235198 8.089844e+02
235287 8.089844e+02
235469 8.089820e+02
235898 8.089817e+02
236014 8.089811e+02
236138 8.089805e+02
236426 8.089804e+02
236719 8.089800e+02
236762 8.089795e+02
236920 8.089795e+02
236922 8.089794e+02
236931 8.089791e+02
236976 8.089790e+02
237006 8.089788e+02
237102 8.089787e+02
237132 8.089782e+02
237606 8.089781e+02
237708 8.089779e+02
237717 8.089779e+02
237718 8.089778e+02
237826 8.089774e+02
237853 8.089773e+02
237986 8.089773e+02
238121 8.089770e+02
238647 8.089768e+02
239166 8.089765e+02
239335 8.089764e+02
239458 8.089762e+02
239651 8.089762e+02
239758 8.089761e+02
239844 8.089759e+02
240137 8.089758e+02
240325 8.089758e+02
240396 8.089758e+02
240527 8.089758e+02
240530 8.089757e+02
240608 8.089757e+02
240685 8.089756e+02
241100 8.089756e+02
241305 8.089756e+02
241350 8.089756e+02
241521 8.089755e+02
241829 8.089755e+02
241981 8.089755e+02
242257 8.089755e+02
242479 8.089755e+02
242597 8.089755e+02
242644 8.089755e+02
242723 8.089755e+02
243316 8.089755e+02
243418 8.089755e+02
243547 8.089754e+02
243566 8.089754e+02
243585 8.089754e+02
243692 8.089754e+02
243745 8.089754e+02
243846 8.089754e+02
244196 8.089754e+02
244244 8.089754e+02
244273 8.089754e+02
244307 8.089754e+02
244699 8.089754e+02
245012 8.089754e+02
245098 8.089754e+02
245152 8.089754e+02
245306 8.089754e+02
245469 8.089754e+02
245625 8.089754e+02
245646 8.089754e+02
245721 8.089754e+02
245792 8.089754e+02
245854 8.089754e+02
246034 8.089754e+02
246119 8.089754e+02
246147 8.089754e+02
246195 8.089754e+02
246248 8.089754e+02
246387 8.089754e+02
246488 8.089754e+02
246508 8.089754e+02
246619 8.089754e+02
246630 8.089754e+02
246767 8.089754e+02
246782 8.089754e+02
246902 8.089754e+02
247040 8.089754e+02
247068 8.089754e+02
247275 8.089754e+02
247282 8.089754e+02
247303 8.089754e+02
247330 8.089754e+02
247363 8.089754e+02
247414 8.089754e+02
247568 8.089754e+02
247759 8.089754e+02
247972 8.089754e+02
247982 8.089754e+02
247994 8.089754e+02
248302 8.089754e+02
248307 8.089754e+02
248312 8.089754e+02
248320 8.089754e+02
248493 8.089754e+02
248617 8.089754e+02
248631 8.089754e+02
248649 8.089754e+02
248858 8.089754e+02
249005 8.089754e+02
249145 8.089754e+02
249424 8.089754e+02
249515 8.089754e+02
249638 8.089754e+02
249691 8.089754e+02
249873 8.089754e+02
249905 8.089754e+02
250033 8.089754e+02
250352 8.089754e+02
250476 8.089754e+02
250529 8.089754e+02
250624 8.089754e+02
250906 8.089754e+02
250946 8.089754e+02
250961 8.089754e+02
251059 8.089754e+02
251457 8.089754e+02
251604 8.089754e+02
251635 8.089754e+02
251682 8.089754e+02
252136 8.089754e+02
252279 8.089754e+02
252286 8.089754e+02
252315 8.089754e+02
252603 8.089754e+02
252604 8.089754e+02
252803 8.089754e+02
252871 8.089754e+02
252878 8.089754e+02
253039 8.089754e+02
253075 8.089754e+02
253121 8.089754e+02
253167 8.089754e+02
253285 8.089754e+02
253547 8.089754e+02
253572 8.089754e+02
253597 8.089754e+02
253727 8.089754e+02
253813 8.089754e+02
253843 8.089754e+02
253890 8.089754e+02
253916 8.089754e+02
253918 8.089754e+02
254214 8.089754e+02
254292 8.089754e+02
254752 8.089754e+02
254786 8.089754e+02
254824 8.089754e+02
254902 8.089754e+02
254907 8.089754e+02
254968 8.089754e+02
254999 8.089754e+02
255010 8.089754e+02
255051 8.089754e+02
255140 8.089754e+02
255359 8.089754e+02
255375 8.089754e+02
255828 8.089754e+02
255865 8.089754e+02
255916 8.089754e+02
256004 8.089754e+02
256209 8.089754e+02
256229 8.089754e+02
256470 8.089754e+02
256568 8.089754e+02
256583 8.089754e+02
256613 8.089754e+02
257098 8.089754e+02
257133 8.089754e+02
257146 8.089754e+02
257163 8.089754e+02
257184 8.089754e+02
257269 8.089754e+02
257370 8.089754e+02
257642 8.089754e+02
257929 8.089754e+02
258052 8.089754e+02
258134 8.089754e+02
258261 8.089754e+02
258334 8.089754e+02
258532 8.089754e+02
258623 8.089754e+02
258697 8.089754e+02
258977 8.089754e+02
259009 8.089754e+02
259041 8.089754e+02
259093 8.089754e+02
259541 8.089754e+02
259553 8.089754e+02
259735 8.089754e+02
259787 8.089754e+02
259813 8.089754e+02
259839 8.089754e+02
260033 8.089754e+02
335302 7.963598e+02
336065 7.687488e+02
336204 7.162304e+02
336377 7.092529e+02
336861 6.651628e+02
337237 6.403524e+02
337297 6.284739e+02
337357 6.033885e+02
337710 5.897233e+02
337897 5.888864e+02
338077 5.788224e+02
338111 5.547940e+02
338539 5.338556e+02
339216 5.322945e+02
339245 5.267545e+02
339293 5.193789e+02
339426 5.182804e+02
339795 5.103364e+02
340131 4.993446e+02
340410 4.916712e+02
340697 4.838486e+02
340702 4.797409e+02
341058 4.795551e+02
341307 4.793304e+02
341392 4.784117e+02
341602 4.709633e+02
342158 4.702040e+02
342317 4.692176e+02
342375 4.681064e+02
342445 4.672217e+02
342487 4.667847e+02
342533 4.617516e+02
342849 4.598435e+02
343196 4.582004e+02
343543 4.576850e+02
343626 4.552703e+02
343895 4.549831e+02
344186 4.529302e+02
344257 4.509852e+02
344342 4.481128e+02
344891 4.476299e+02
345169 4.472537e+02
345638 4.465302e+02
345717 4.464354e+02
345833 4.461853e+02
345920 4.457113e+02
346042 4.455438e+02
346068 4.454592e+02
346078 4.453727e+02
346085 4.452981e+02
346103 4.439115e+02
346104 4.437612e+02
346415 4.436760e+02
346526 4.429979e+02
346796 4.418659e+02
347711 4.418640e+02
347858 4.415485e+02
347916 4.413553e+02
348360 4.410907e+02
348441 4.410866e+02
348629 4.408147e+02
348640 4.407840e+02
348694 4.406754e+02
349113 4.406207e+02
349326 4.405042e+02
349429 4.402297e+02
350110 4.401600e+02
350166 4.401204e+02
350240 4.400789e+02
350261 4.399971e+02
350334 4.399573e+02
350495 4.398393e+02
350719 4.398056e+02
350835 4.396388e+02
350919 4.395891e+02
351198 4.395859e+02
351237 4.393944e+02
351952 4.393638e+02
351977 4.393370e+02
352127 4.393194e+02
352228 4.392942e+02
352340 4.392187e+02
352395 4.391800e+02
352812 4.391021e+02
352878 4.389895e+02
353891 4.389632e+02
354123 4.389631e+02
354212 4.389606e+02
354267 4.389181e+02
354595 4.389130e+02
354657 4.389000e+02
354913 4.388958e+02
354939 4.388937e+02
354976 4.388837e+02
355088 4.388670e+02
355419 4.388657e+02
355509 4.388492e+02
355731 4.388480e+02
355887 4.388474e+02
355908 4.388360e+02
356078 4.388139e+02
356655 4.388129e+02
356915 4.388049e+02
357011 4.387939e+02
357659 4.387911e+02
358290 4.387895e+02
358307 4.387891e+02
358389 4.387884e+02
358674 4.387843e+02
358860 4.387832e+02
358903 4.387830e+02
358982 4.387830e+02
359015 4.387800e+02
359046 4.387784e+02
359422 4.387774e+02
359655 4.387759e+02
359841 4.387754e+02
360105 4.387751e+02
360146 4.387747e+02
360168 4.387734e+02
360289 4.387728e+02
360477 4.387723e+02
360497 4.387722e+02
360866 4.387712e+02
360961 4.387709e+02
361112 4.387706e+02
361137 4.387700e+02
361413 4.387691e+02
361769 4.387691e+02
361770 4.387688e+02
361898 4.387682e+02
362001 4.387676e+02
362528 4.387675e+02
362711 4.387665e+02
363071 4.387663e+02
363298 4.387663e+02
363472 4.387656e+02
363661 4.387655e+02
363848 4.387655e+02
363849 4.387655e+02
363918 4.387653e+02
364202 4.387652e+02
364623 4.387652e+02
364630 4.387652e+02
364718 4.387651e+02
364785 4.387650e+02
365060 4.387648e+02
365117 4.387647e+02
365262 4.387646e+02
365469 4.387645e+02
365483 4.387644e+02
365743 4.387644e+02
365852 4.387644e+02
365875 4.387643e+02
366069 4.387643e+02
366083 4.387643e+02
366177 4.387641e+02
366943 4.387641e+02
367442 4.387640e+02
367580 4.387640e+02
368065 4.387639e+02
368622 4.387639e+02
368769 4.387638e+02
369485 4.387638e+02
369572 4.387638e+02
369652 4.387638e+02
369694 4.387638e+02
369729 4.387638e+02
369851 4.387638e+02
369970 4.387638e+02
369979 4.387638e+02
370376 4.387638e+02
370454 4.387638e+02
370517 4.387638e+02
371145 4.387638e+02
371254 4.387637e+02
371277 4.387637e+02
371394 4.387637e+02
371589 4.387637e+02
371668 4.387637e+02
371770 4.387637e+02
371949 4.387637e+02
372066 4.387637e+02
372254 4.387637e+02
372269 4.387637e+02
372376 4.387637e+02
372430 4.387637e+02
372547 4.387637e+02
372550 4.387637e+02
372579 4.387637e+02
372680 4.387637e+02
372820 4.387637e+02
372961 4.387637e+02
373101 4.387637e+02
373167 4.387637e+02
373902 4.387637e+02
374052 4.387637e+02
374904 4.387637e+02
375222 4.387637e+02
375409 4.387637e+02
375412 4.387637e+02
375467 4.387637e+02
375661 4.387637e+02
375834 4.387637e+02
375918 4.387637e+02
376144 4.387637e+02
376318 4.387637e+02
376421 4.387637e+02
376945 4.387637e+02
377452 4.387637e+02
377473 4.387637e+02
377491 4.387637e+02
377533 4.387637e+02
377617 4.387637e+02
377657 4.387637e+02
378139 4.387637e+02
378618 4.387637e+02
379239 4.387637e+02
379274 4.387637e+02
379340 4.387637e+02
379469 4.387637e+02
379547 4.387637e+02
379680 4.387637e+02
379693 4.387637e+02
379709 4.387637e+02
379779 4.387637e+02
380020 4.387637e+02
380195 4.387637e+02
380236 4.387637e+02
380678 4.387637e+02
380791 4.387637e+02
380832 4.387637e+02
381462 4.387637e+02
381498 4.387637e+02
381607 4.387637e+02
381666 4.387637e+02
381697 4.387637e+02
381908 4.387637e+02
382060 4.387637e+02
382218 4.387637e+02
382585 4.387637e+02
382591 4.387637e+02
382654 4.387637e+02
382699 4.387637e+02
382964 4.387637e+02
382984 4.387637e+02
383364 4.387637e+02
383643 4.387637e+02
383745 4.387637e+02
383753 4.387637e+02
383873 4.387637e+02
384242 4.387637e+02
384574 4.387637e+02
384883 4.387637e+02
384991 4.387637e+02
385033 4.387637e+02
385266 4.387637e+02
385457 4.387637e+02
385575 4.387637e+02
385662 4.387637e+02
385696 4.387637e+02
385738 4.387637e+02
385778 4.387637e+02
386230 4.387637e+02
386315 4.387637e+02
386394 4.387637e+02
386699 4.387637e+02
386897 4.387637e+02
387094 4.387637e+02
387401 4.387637e+02
387784 4.387637e+02
388017 4.387637e+02
388095 4.387637e+02
388314 4.387637e+02
388325 4.387637e+02
388340 4.387637e+02
388672 4.387637e+02
388674 4.387637e+02
388801 4.387637e+02
388895 4.387637e+02
389035 4.387637e+02
389111 4.387637e+02
389289 4.387637e+02
389360 4.387637e+02
389467 4.387637e+02
389544 4.387637e+02
390069 4.387637e+02
390095 4.387637e+02
390333 4.387637e+02
390341 4.387637e+02
390528 4.387637e+02
390547 4.387637e+02
390654 4.387637e+02
390664 4.387637e+02
390684 4.387637e+02
390842 4.387637e+02
391069 4.387637e+02
391167 4.387637e+02
391177 4.387637e+02
391226 4.387637e+02
391285 4.387637e+02
391496 4.387637e+02
391529 4.387637e+02
391856 4.387637e+02
391995 4.387637e+02
392212 4.387637e+02
392599 4.387637e+02
392677 4.387637e+02
392806 4.387637e+02
392922 4.387637e+02
392942 4.387637e+02
393180 4.387637e+02
393264 4.387637e+02
393388 4.387637e+02
393462 4.387637e+02
393561 4.387637e+02
393617 4.387637e+02
393654 4.387637e+02
394353 4.387637e+02
394418 4.387637e+02
394433 4.387637e+02
394603 4.387637e+02
394701 4.387637e+02
394779 4.387637e+02
395278 4.387637e+02
395898 4.387637e+02
396004 4.387637e+02
