1 5.671230e+12
2 1.254586e+12
3 3.205492e+09
10 4.192091e+08
14 3.511162e+08
17 2.162468e+08
26 8.941851e+07
114 7.054259e+07
140 2.070480e+07
159 1.462051e+07
160 8.643015e+06
180 6.618559e+06
208 1.616420e+06
248 1.093928e+06
306 1.115830e+05
506 1.061808e+04
588 5.168129e+03
648 1.484106e+03
711 7.827758e+02
759 7.476201e+02
839 7.344448e+02
843 6.594096e+02
902 4.634892e+02
927 2.593511e+02
1105 2.098791e+02
1195 1.973307e+02
1295 1.541004e+02
1644 1.200244e+02
1761 1.123206e+02
1998 1.084636e+02
2074 1.056788e+02
2081 1.039552e+02
2086 1.032206e+02
2135 1.007756e+02
2189 9.890896e+01
2248 9.890523e+01
2254 8.178842e+01
2439 7.927254e+01
2455 7.502721e+01
2517 6.855590e+01
2521 6.741921e+01
2647 6.479413e+01
2760 6.199451e+01
2906 4.785886e+01
3024 4.686229e+01
3129 4.301676e+01
3383 4.081479e+01
3525 3.241509e+01
3556 3.025713e+01
3681 2.966545e+01
3712 2.807375e+01
3832 2.751881e+01
3900 2.636565e+01
3994 2.493466e+01
4178 2.485933e+01
4204 2.471822e+01
4273 2.368915e+01
4276 2.350425e+01
4367 2.114641e+01
4446 2.064382e+01
4456 2.032652e+01
4500 1.957607e+01
4534 1.815629e+01
4569 1.678584e+01
4987 1.661544e+01
4997 1.636580e+01
5104 1.478419e+01
5140 1.363257e+01
5173 1.288425e+01
5458 1.286553e+01
5473 1.269335e+01
5502 1.221592e+01
5508 1.220871e+01
5568 1.180784e+01
5576 1.174660e+01
5589 1.163711e+01
5606 1.107232e+01
5641 1.015916e+01
5648 9.813307e+00
5663 9.656285e+00
5784 9.651584e+00
5837 9.611875e+00
5903 8.555530e+00
5995 8.277858e+00
6161 6.693106e+00
6508 6.489743e+00
6678 5.904811e+00
6848 5.418878e+00
6982 5.186793e+00
7102 5.000860e+00
7208 4.501607e+00
7461 4.477894e+00
7679 4.463040e+00
7736 4.376143e+00
7821 4.238149e+00
7822 4.182616e+00
7931 4.041150e+00
7992 3.931493e+00
8070 3.484291e+00
9051 3.330789e+00
9472 3.268547e+00
9522 3.170369e+00
9654 2.645672e+00
9777 2.568252e+00
10033 2.146518e+00
10750 2.052161e+00
10994 2.047245e+00
11029 1.945709e+00
11135 1.864729e+00
11203 1.788030e+00
11359 1.745943e+00
11388 1.564083e+00
11425 1.536716e+00
11782 1.478264e+00
12334 1.416127e+00
12354 1.276588e+00
12572 1.198493e+00
12747 1.092323e+00
13139 1.083375e+00
13230 1.058851e+00
13316 1.056778e+00
13333 1.049744e+00
13421 1.028337e+00
13508 1.014672e+00
13565 9.876082e-01
13705 9.874222e-01
13744 9.635905e-01
13880 9.009208e-01
13985 8.682022e-01
14590 8.619605e-01
14819 8.425845e-01
15193 8.365057e-01
15325 8.342367e-01
15366 8.152183e-01
15630 8.104808e-01
15799 7.979079e-01
15835 7.849251e-01
16056 7.803845e-01
16239 7.671562e-01
16486 7.670425e-01
16523 7.581576e-01
16896 7.570114e-01
17103 7.536233e-01
17277 7.438112e-01
17482 7.393901e-01
17607 7.375756e-01
17710 7.372678e-01
17776 7.367656e-01
17810 7.328241e-01
17908 7.277080e-01
17997 7.271336e-01
18391 7.215341e-01
18698 7.208330e-01
18869 7.194667e-01
19332 7.170848e-01
19649 7.163940e-01
19723 7.152597e-01
19872 7.143666e-01
20030 7.142855e-01
20062 7.131375e-01
20257 7.109390e-01
20672 7.105985e-01
20719 7.101759e-01
20820 7.095196e-01
20919 7.093869e-01
21463 7.093366e-01
21682 7.087966e-01
22208 7.087549e-01
22277 7.082408e-01
22290 7.079868e-01
22351 7.075561e-01
22378 7.070111e-01
22825 7.062072e-01
23275 7.061460e-01
23317 7.060454e-01
23722 7.060293e-01
23732 7.059048e-01
23946 7.057934e-01
24009 7.057901e-01
24275 7.057552e-01
24306 7.055122e-01
24626 7.053032e-01
24950 7.052426e-01
25366 7.050169e-01
26168 7.050054e-01
26431 7.048959e-01
27096 7.046461e-01
27641 7.045072e-01
27769 7.044455e-01
28124 7.042634e-01
28280 7.041962e-01
28599 7.041225e-01
28647 7.041075e-01
28656 7.040723e-01
28781 7.040679e-01
28796 7.040223e-01
28927 7.040034e-01
28966 7.039859e-01
28986 7.039627e-01
29076 7.038854e-01
29209 7.038759e-01
29359 7.038449e-01
29597 7.038304e-01
29602 7.038279e-01
29607 7.038242e-01
29983 7.038226e-01
30170 7.038089e-01
30278 7.037818e-01
30646 7.037643e-01
30754 7.037586e-01
30766 7.037551e-01
30956 7.037414e-01
31257 7.037405e-01
31745 7.037301e-01
31746 7.037169e-01
31765 7.037165e-01
31789 7.037148e-01
32108 7.037130e-01
32152 7.036988e-01
32188 7.036959e-01
32365 7.036912e-01
32539 7.036788e-01
32662 7.036696e-01
32879 7.036546e-01
32945 7.036479e-01
33037 7.036415e-01
33229 7.036359e-01
33265 7.035990e-01
33270 7.035949e-01
33758 7.035945e-01
33843 7.035760e-01
33900 7.035678e-01
33921 7.035677e-01
34097 7.035659e-01
34127 7.035576e-01
34149 7.035560e-01
34162 7.035263e-01
34264 7.035242e-01
34306 7.035153e-01
34643 7.035137e-01
34765 7.035015e-01
34913 7.034933e-01
34982 7.034898e-01
34992 7.034800e-01
35866 7.034746e-01
35970 7.034652e-01
36193 7.034628e-01
36361 7.034607e-01
36407 7.034597e-01
36512 7.034595e-01
36513 7.034561e-01
36657 7.034517e-01
37065 7.034499e-01
37326 7.034484e-01
37330 7.034461e-01
37739 7.034416e-01
37892 7.034407e-01
37972 7.034404e-01
38457 7.034381e-01
38632 7.034365e-01
38666 7.034365e-01
38726 7.034328e-01
38805 7.034325e-01
39090 7.034315e-01
39183 7.034310e-01
39287 7.034307e-01
39453 7.034294e-01
39554 7.034291e-01
39584 7.034275e-01
39908 7.034274e-01
39957 7.034273e-01
39965 7.034271e-01
39966 7.034268e-01
40000 7.034265e-01
40052 7.034252e-01
40294 7.034251e-01
40391 7.034240e-01
40440 7.034238e-01
40521 7.034237e-01
40541 7.034237e-01
40563 7.034236e-01
40676 7.034236e-01
40710 7.034229e-01
40849 7.034228e-01
41133 7.034227e-01
41146 7.034223e-01
41342 7.034217e-01
41669 7.034216e-01
41800 7.034214e-01
42345 7.034214e-01
42362 7.034213e-01
42363 7.034211e-01
42573 7.034210e-01
42810 7.034210e-01
42895 7.034209e-01
43078 7.034207e-01
43604 7.034205e-01
44437 7.034205e-01
44653 7.034205e-01
44739 7.034204e-01
44762 7.034204e-01
44921 7.034204e-01
44955 7.034203e-01
101274 6.926302e-01
101349 6.530776e-01
101589 6.432446e-01
101666 6.327232e-01
101704 6.287816e-01
101720 5.536125e-01
102360 5.050479e-01
102363 4.978345e-01
102792 4.776906e-01
102983 4.706771e-01
103075 4.680444e-01
103140 4.621262e-01
103232 4.519810e-01
103296 4.492290e-01
103382 4.474138e-01
103574 4.452754e-01
103613 4.393214e-01
103648 4.351186e-01
103706 4.277908e-01
103825 4.214381e-01
103934 4.157048e-01
104055 4.141603e-01
104060 4.092240e-01
104296 4.078972e-01
104438 4.000162e-01
104560 3.960275e-01
104577 3.929648e-01
104596 3.927448e-01
104660 3.909368e-01
104831 3.898847e-01
104878 3.875141e-01
104983 3.875076e-01
105016 3.843427e-01
105108 3.828243e-01
105271 3.728659e-01
105694 3.715607e-01
105748 3.690413e-01
106063 3.683776e-01
106174 3.664607e-01
106246 3.660414e-01
106365 3.639982e-01
106510 3.638654e-01
106523 3.613634e-01
106552 3.613236e-01
106689 3.603283e-01
107027 3.595945e-01
107208 3.587982e-01
107251 3.568164e-01
107631 3.562186e-01
107809 3.560411e-01
107913 3.544692e-01
108152 3.542174e-01
108163 3.537757e-01
108224 3.535209e-01
108357 3.534990e-01
108441 3.524253e-01
108473 3.522490e-01
108492 3.521737e-01
108652 3.516302e-01
108814 3.512961e-01
108919 3.510180e-01
109115 3.508503e-01
109164 3.502405e-01
109420 3.500263e-01
109528 3.493885e-01
109758 3.493845e-01
109773 3.493326e-01
109867 3.492723e-01
109938 3.491294e-01
110029 3.489727e-01
110111 3.488619e-01
110210 3.488550e-01
110272 3.488121e-01
110333 3.487525e-01
110445 3.486244e-01
110530 3.486083e-01
110568 3.485473e-01
110663 3.485362e-01
110794 3.485052e-01
110920 3.484601e-01
110950 3.483750e-01
111500 3.481947e-01
112002 3.481555e-01
112194 3.480324e-01
112305 3.480069e-01
112654 3.479786e-01
112906 3.478121e-01
113371 3.478074e-01
113496 3.477756e-01
113611 3.477592e-01
113630 3.475385e-01
114105 3.475126e-01
114188 3.472883e-01
114221 3.472661e-01
114363 3.472654e-01
114475 3.472588e-01
114566 3.472477e-01
114599 3.472228e-01
114620 3.472157e-01
114645 3.472021e-01
114678 3.471894e-01
114700 3.471873e-01
114703 3.471601e-01
114707 3.471508e-01
114744 3.471028e-01
114944 3.471016e-01
115009 3.470978e-01
115013 3.470971e-01
115043 3.470871e-01
115045 3.470585e-01
115537 3.470552e-01
115580 3.470053e-01
116151 3.469977e-01
116245 3.469689e-01
116944 3.469508e-01
117174 3.469124e-01
117518 3.469122e-01
117803 3.468991e-01
118103 3.468987e-01
118161 3.468929e-01
118302 3.468922e-01
118342 3.468874e-01
118356 3.468831e-01
118518 3.468767e-01
118520 3.468741e-01
118556 3.468708e-01
118576 3.468665e-01
118700 3.468620e-01
118867 3.468520e-01
118935 3.468518e-01
119057 3.468347e-01
119392 3.468346e-01
119518 3.468320e-01
119572 3.468266e-01
119577 3.468263e-01
119592 3.468204e-01
120390 3.468194e-01
120429 3.468174e-01
120671 3.468170e-01
120751 3.468101e-01
120791 3.468095e-01
121321 3.468084e-01
121507 3.468068e-01
121510 3.468065e-01
121530 3.468051e-01
121532 3.468019e-01
121555 3.467972e-01
121647 3.467965e-01
121698 3.467953e-01
121914 3.467945e-01
122122 3.467920e-01
122214 3.467917e-01
122255 3.467916e-01
122369 3.467913e-01
122564 3.467893e-01
122734 3.467891e-01
122775 3.467871e-01
122978 3.467870e-01
123004 3.467863e-01
123038 3.467863e-01
123091 3.467861e-01
123116 3.467856e-01
123121 3.467844e-01
123244 3.467838e-01
123401 3.467837e-01
123518 3.467819e-01
123652 3.467816e-01
123711 3.467810e-01
123900 3.467806e-01
123954 3.467806e-01
123964 3.467805e-01
124021 3.467804e-01
124029 3.467802e-01
124084 3.467796e-01
124097 3.467794e-01
124164 3.467791e-01
124234 3.467786e-01
124260 3.467784e-01
124274 3.467778e-01
124453 3.467776e-01
124464 3.467775e-01
124492 3.467775e-01
124564 3.467775e-01
124614 3.467769e-01
124726 3.467768e-01
124727 3.467766e-01
124729 3.467764e-01
124888 3.467761e-01
124926 3.467756e-01
125010 3.467755e-01
125143 3.467755e-01
125172 3.467753e-01
125176 3.467750e-01
125391 3.467744e-01
125836 3.467744e-01
126003 3.467743e-01
126019 3.467743e-01
126022 3.467742e-01
126057 3.467740e-01
126218 3.467740e-01
126284 3.467739e-01
126312 3.467739e-01
126336 3.467738e-01
126339 3.467738e-01
126352 3.467738e-01
126436 3.467736e-01
126496 3.467736e-01
126615 3.467735e-01
126665 3.467734e-01
126824 3.467734e-01
126941 3.467731e-01
127196 3.467730e-01
127413 3.467730e-01
127478 3.467729e-01
127610 3.467728e-01
127684 3.467728e-01
127710 3.467728e-01
127892 3.467727e-01
128099 3.467727e-01
128283 3.467726e-01
128466 3.467725e-01
128523 3.467725e-01
128549 3.467725e-01
128602 3.467724e-01
128698 3.467724e-01
128865 3.467724e-01
128883 3.467723e-01
129064 3.467723e-01
129168 3.467723e-01
129233 3.467723e-01
129379 3.467723e-01
129423 3.467723e-01
129488 3.467723e-01
129525 3.467722e-01
129578 3.467722e-01
129716 3.467722e-01
129817 3.467722e-01
129831 3.467722e-01
129860 3.467722e-01
129863 3.467722e-01
129878 3.467722e-01
130013 3.467722e-01
130022 3.467722e-01
130041 3.467722e-01
130044 3.467721e-01
130164 3.467721e-01
130186 3.467721e-01
130235 3.467721e-01
130242 3.467721e-01
130301 3.467721e-01
130375 3.467721e-01
130409 3.467721e-01
130533 3.467721e-01
130660 3.467721e-01
130665 3.467721e-01
130738 3.467721e-01
130785 3.467721e-01
130802 3.467721e-01
131000 3.467721e-01
131103 3.467720e-01
131108 3.467720e-01
131170 3.467720e-01
131284 3.467720e-01
131490 3.467720e-01
160535 3.398977e-01
160686 2.989641e-01
161302 2.949442e-01
161439 2.773485e-01
161486 2.370147e-01
161753 2.351982e-01
162034 2.321712e-01
162045 2.188214e-01
162245 1.905474e-01
162481 1.822441e-01
162595 1.725347e-01
162711 1.605298e-01
163303 1.480203e-01
163367 1.362270e-01
163488 1.358278e-01
163925 1.229657e-01
163969 9.925928e-02
164756 9.332139e-02
164967 8.851005e-02
165196 8.841305e-02
165281 7.336344e-02
165312 7.068968e-02
165560 6.612302e-02
166066 6.041238e-02
166356 6.017906e-02
166394 5.835679e-02
166481 5.473727e-02
166575 5.318085e-02
166577 4.965277e-02
166876 4.805566e-02
166917 4.781117e-02
166922 4.257891e-02
166952 3.963553e-02
167396 3.858073e-02
167465 3.713336e-02
167485 3.343115e-02
167660 2.973879e-02
168420 2.894482e-02
168470 2.797454e-02
168760 2.608383e-02
169081 2.593019e-02
169135 2.398181e-02
169214 2.372472e-02
169370 2.258940e-02
169374 2.139702e-02
169465 1.958819e-02
169600 1.693681e-02
170827 1.523767e-02
170951 1.437029e-02
171045 1.403978e-02
171093 1.326812e-02
171193 1.324183e-02
171344 1.296778e-02
171469 1.111314e-02
171750 1.081724e-02
171843 1.073560e-02
172144 1.036997e-02
172237 9.779439e-03
172288 9.139628e-03
172305 8.364991e-03
172840 6.402520e-03
173102 6.111427e-03
173375 5.964815e-03
173702 5.959850e-03
173746 5.728675e-03
173811 3.902997e-03
174821 3.522540e-03
174989 3.311165e-03
175119 3.165561e-03
175256 2.988023e-03
175838 2.750225e-03
175977 1.857528e-03
176748 1.704244e-03
176825 1.649368e-03
177219 1.542555e-03
177222 1.509327e-03
177383 1.239978e-03
177806 1.187285e-03
177808 1.044430e-03
178233 1.033770e-03
178785 8.653430e-04
179161 8.123652e-04
179626 7.647234e-04
179905 7.582277e-04
179938 7.557313e-04
180094 7.305189e-04
180192 6.809039e-04
180334 4.539317e-04
180961 3.886199e-04
181333 3.073818e-04
181950 3.035265e-04
182269 2.930741e-04
182296 2.664902e-04
182749 2.539440e-04
182943 2.510777e-04
183016 2.506060e-04
183064 2.347349e-04
183137 2.203319e-04
183159 2.010787e-04
183758 1.792452e-04
183981 1.699997e-04
184719 1.594140e-04
185177 1.548090e-04
185751 1.185532e-04
186577 1.088599e-04
186803 9.331595e-05
187153 8.372836e-05
187181 7.989672e-05
187322 7.755707e-05
187349 6.703930e-05
187384 5.410343e-05
187858 4.921697e-05
188363 4.760462e-05
188415 4.698212e-05
188419 4.225150e-05
188439 3.895351e-05
188783 3.036968e-05
189297 3.034565e-05
189418 2.964584e-05
189683 2.921613e-05
189712 2.896650e-05
189732 2.831058e-05
189897 2.751554e-05
189960 2.606879e-05
190185 2.596810e-05
190260 2.591501e-05
190550 2.577394e-05
190700 2.428045e-05
190768 1.826315e-05
194305 1.816538e-05
194306 1.663386e-05
194419 1.616179e-05
194939 1.441425e-05
195239 1.101523e-05
195362 1.020248e-05
195704 9.608572e-06
196233 8.829875e-06
196540 7.754817e-06
196922 7.271523e-06
197059 7.045105e-06
197349 6.996196e-06
197539 6.869349e-06
197635 6.072396e-06
197983 4.631819e-06
198707 3.361933e-06
199299 3.133526e-06
199530 2.719829e-06
199708 2.563835e-06
199989 2.407282e-06
200328 2.335203e-06
200666 2.115258e-06
200991 2.028796e-06
201135 1.561815e-06
201496 1.555173e-06
201580 1.399842e-06
201901 1.352587e-06
201982 1.323911e-06
201998 1.301458e-06
202092 1.027620e-06
202949 8.668282e-07
203378 8.540462e-07
203742 8.410214e-07
203896 8.298724e-07
203919 7.950577e-07
204404 7.895094e-07
204407 7.886269e-07
204438 7.833314e-07
204612 7.735869e-07
204626 7.370302e-07
204703 7.057143e-07
204906 7.038602e-07
204913 6.901408e-07
205086 6.751684e-07
205099 6.610905e-07
205395 6.405706e-07
205670 6.373739e-07
206053 6.272404e-07
206128 6.163816e-07
206474 6.005959e-07
206544 5.954366e-07
206609 5.799289e-07
206941 5.788421e-07
206958 5.773637e-07
207006 5.571257e-07
207310 5.263181e-07
207547 5.005238e-07
207717 4.929061e-07
208189 4.916302e-07
208317 4.874069e-07
208452 4.571583e-07
208824 4.524398e-07
208882 4.498765e-07
209097 4.479848e-07
209273 4.266332e-07
209350 4.151233e-07
209959 4.140145e-07
210099 4.032338e-07
210307 3.820789e-07
210668 3.704436e-07
210875 3.596465e-07
210922 3.570357e-07
211011 3.435673e-07
211434 3.414058e-07
211726 3.068464e-07
212641 2.745118e-07
212967 2.535590e-07
214024 2.421876e-07
214109 2.403447e-07
214317 2.387737e-07
214385 2.373605e-07
214482 2.304540e-07
214564 2.217658e-07
214683 2.078654e-07
215012 2.075489e-07
215035 2.031767e-07
215192 1.950695e-07
215349 1.863625e-07
215497 1.807758e-07
216302 1.792946e-07
216367 1.740946e-07
216896 1.606363e-07
217851 1.595982e-07
217852 1.569722e-07
217866 1.531763e-07
218108 1.489931e-07
218159 1.473483e-07
218436 1.437101e-07
218446 1.421557e-07
218522 1.418066e-07
218660 1.351448e-07
218934 1.333917e-07
218972 1.304526e-07
219027 1.296207e-07
219174 1.253576e-07
219351 1.248437e-07
219599 1.238232e-07
219616 1.184300e-07
220170 1.162817e-07
220235 1.155191e-07
220267 1.149622e-07
220283 1.105716e-07
220397 1.071068e-07
220895 1.057265e-07
221500 1.037332e-07
221630 1.026634e-07
221766 1.004317e-07
221818 1.002764e-07
221909 9.976637e-08
221929 9.883943e-08
222032 9.708712e-08
222271 9.225794e-08
222504 9.188766e-08
222743 8.969513e-08
222751 8.904780e-08
222946 8.750095e-08
223086 8.642692e-08
223171 8.623886e-08
223188 8.549871e-08
223439 8.410918e-08
223819 8.408766e-08
223827 8.404071e-08
223857 8.294081e-08
224338 8.227172e-08
224341 8.185570e-08
224482 8.089471e-08
224680 8.053795e-08
224798 8.050486e-08
224812 7.981617e-08
224858 7.879264e-08
224968 7.836781e-08
225159 7.821651e-08
225302 7.716039e-08
225788 7.699337e-08
225816 7.655806e-08
225873 7.653492e-08
226024 7.641029e-08
226056 7.635222e-08
226089 7.587453e-08
226153 7.549806e-08
226220 7.535280e-08
226232 7.505017e-08
226321 7.489916e-08
226346 7.433148e-08
226455 7.401815e-08
226499 7.372424e-08
226776 7.318561e-08
226919 7.278841e-08
227080 7.230988e-08
227733 7.205133e-08
227748 7.198477e-08
227828 7.155559e-08
228217 7.126424e-08
228406 7.089960e-08
229139 7.069368e-08
229389 7.066237e-08
229580 7.037134e-08
229694 7.028123e-08
229818 7.018863e-08
229857 7.008362e-08
229880 7.000983e-08
229923 6.993853e-08
229948 6.977921e-08
229957 6.976519e-08
229988 6.966529e-08
230075 6.957932e-08
230077 6.945806e-08
230370 6.885134e-08
230723 6.859727e-08
231073 6.834963e-08
231080 6.823060e-08
231578 6.803305e-08
231737 6.802173e-08
232118 6.801163e-08
232176 6.755334e-08
232360 6.735554e-08
232852 6.724255e-08
233203 6.709396e-08
233761 6.708143e-08
233773 6.703806e-08
233857 6.686923e-08
233995 6.684383e-08
234100 6.683514e-08
234213 6.681122e-08
234247 6.678712e-08
234333 6.662485e-08
234640 6.662062e-08
234782 6.657688e-08
234844 6.657347e-08
235056 6.636223e-08
235375 6.631359e-08
235400 6.626109e-08
