1 1.013862e+03
3 8.665703e+02
6 5.091212e+02
200 4.593170e+02
204 4.442021e+02
214 3.536381e+02
221 2.083695e+02
319 1.812099e+02
354 1.621701e+02
373 1.577835e+02
401 1.352041e+02
438 1.117104e+02
476 8.355036e+01
628 6.958820e+01
1060 5.707513e+01
2267 4.671917e+01
3305 3.444497e+01
3671 2.676174e+01
4104 2.529391e+01
4135 2.526417e+01
4218 2.408868e+01
4222 2.276226e+01
4294 2.089077e+01
4295 2.057410e+01
4309 1.975120e+01
4355 1.848691e+01
4453 1.649184e+01
4505 1.627231e+01
4510 1.604207e+01
4677 1.575923e+01
4781 1.518807e+01
4782 1.509216e+01
4800 1.503850e+01
4814 1.480272e+01
4917 1.452362e+01
4984 1.447191e+01
5016 1.429912e+01
5034 1.414898e+01
5097 1.412363e+01
5125 1.399169e+01
5150 1.397924e+01
5165 1.394498e+01
5190 1.385624e+01
5197 1.377306e+01
5198 1.367386e+01
5241 1.355556e+01
5271 1.352996e+01
5288 1.349492e+01
5397 1.346141e+01
5421 1.333253e+01
5446 1.332720e+01
5481 1.331349e+01
5591 1.330195e+01
5605 1.328765e+01
5667 1.328629e+01
5695 1.327916e+01
5709 1.327733e+01
5722 1.327283e+01
5799 1.326540e+01
5860 1.326300e+01
5916 1.326287e+01
5917 1.325942e+01
5920 1.325940e+01
5964 1.325887e+01
6010 1.325637e+01
6045 1.325284e+01
6122 1.325220e+01
6138 1.325129e+01
6232 1.325109e+01
6266 1.325100e+01
6286 1.325089e+01
6290 1.325077e+01
6348 1.325066e+01
6370 1.325065e+01
6422 1.325064e+01
6424 1.325059e+01
6434 1.325050e+01
6516 1.325048e+01
6615 1.325048e+01
6623 1.325047e+01
6683 1.325047e+01
6743 1.325047e+01
6762 1.325047e+01
6774 1.325046e+01
6803 1.325046e+01
6817 1.325046e+01
6833 1.325046e+01
6981 1.325046e+01
7001 1.325046e+01
7003 1.325046e+01
7011 1.325046e+01
7012 1.325046e+01
7013 1.325046e+01
7063 1.325046e+01
7067 1.325046e+01
7084 1.325046e+01
7129 1.325046e+01
7239 1.325046e+01
7261 1.325046e+01
7275 1.325046e+01
7314 1.325046e+01
7412 1.325046e+01
7480 1.325046e+01
7574 1.325046e+01
7585 1.325046e+01
7588 1.325046e+01
7617 1.325046e+01
7639 1.325046e+01
7644 1.325046e+01
7708 1.325046e+01
7719 1.325046e+01
7786 1.325046e+01
7809 1.325046e+01
7914 1.325046e+01
7921 1.325046e+01
8018 1.325046e+01
8053 1.325046e+01
8125 1.325046e+01
8149 1.325046e+01
8157 1.325046e+01
8232 1.325046e+01
8294 1.325046e+01
8329 1.325046e+01
8364 1.325046e+01
8377 1.325046e+01
8425 1.325046e+01
54704 1.301780e+01
54787 1.240346e+01
55123 1.218692e+01
55212 1.216387e+01
55257 1.212959e+01
55269 1.206646e+01
55306 1.195072e+01
55313 1.192564e+01
55371 1.192024e+01
55421 1.186727e+01
55530 1.169393e+01
55641 1.164118e+01
55713 1.154465e+01
55827 1.146401e+01
55907 1.145912e+01
55985 1.139391e+01
56203 1.138679e+01
56262 1.135462e+01
56487 1.134748e+01
56510 1.134422e+01
56522 1.133209e+01
56588 1.131991e+01
56607 1.130847e+01
56644 1.129418e+01
56721 1.128999e+01
56850 1.128547e+01
56853 1.128530e+01
56922 1.128216e+01
57053 1.128176e+01
57060 1.128173e+01
57098 1.127793e+01
57127 1.127360e+01
57251 1.127322e+01
57284 1.127284e+01
57399 1.127096e+01
57519 1.127037e+01
57533 1.126972e+01
57693 1.126932e+01
57698 1.126925e+01
57869 1.126922e+01
57896 1.126910e+01
57917 1.126904e+01
57932 1.126885e+01
57945 1.126871e+01
58023 1.126848e+01
58149 1.126837e+01
58216 1.126836e+01
58237 1.126835e+01
58238 1.126829e+01
58305 1.126828e+01
58354 1.126828e+01
58417 1.126825e+01
58489 1.126825e+01
58551 1.126824e+01
58606 1.126824e+01
58623 1.126817e+01
58719 1.126813e+01
58899 1.126813e+01
58938 1.126812e+01
59032 1.126812e+01
59138 1.126811e+01
59266 1.126811e+01
59306 1.126811e+01
59398 1.126811e+01
59399 1.126811e+01
59489 1.126811e+01
59695 1.126811e+01
59772 1.126811e+01
60078 1.126811e+01
60189 1.126810e+01
60283 1.126810e+01
60286 1.126810e+01
60405 1.126810e+01
60536 1.126810e+01
60623 1.126810e+01
60678 1.126810e+01
60685 1.126810e+01
60688 1.126810e+01
60711 1.126810e+01
60824 1.126810e+01
60869 1.126810e+01
61081 1.126810e+01
61234 1.126810e+01
61245 1.126810e+01
61447 1.126810e+01
61669 1.126810e+01
61690 1.126810e+01
61723 1.126810e+01
61740 1.126810e+01
61908 1.126810e+01
61949 1.126810e+01
61978 1.126810e+01
62196 1.126810e+01
62276 1.126810e+01
62339 1.126810e+01
62541 1.126810e+01
62636 1.126810e+01
62843 1.126810e+01
62866 1.126810e+01
62877 1.126810e+01
62913 1.126810e+01
