1 1.485669e+03
2 1.084259e+03
3 9.424731e+02
5 6.164202e+02
114 6.104257e+02
139 3.685637e+02
251 3.665439e+02
259 2.729594e+02
297 2.647256e+02
299 9.805187e+01
609 9.755973e+01
645 9.365320e+01
688 8.896093e+01
713 8.439919e+01
800 5.479547e+01
1498 4.933295e+01
3122 4.719556e+01
3143 4.492229e+01
3506 4.203596e+01
7352 3.904009e+01
10401 3.809355e+01
10624 3.599455e+01
10642 3.410247e+01
10701 3.227314e+01
10795 3.061510e+01
10819 2.834093e+01
10853 2.619352e+01
10965 2.523255e+01
11064 2.083978e+01
11251 1.814858e+01
11318 1.754029e+01
11391 1.736855e+01
11408 1.686908e+01
11419 1.665284e+01
11437 1.643092e+01
11454 1.636782e+01
11458 1.558885e+01
11540 1.520389e+01
11564 1.497363e+01
11640 1.495123e+01
11642 1.442050e+01
11667 1.410879e+01
11707 1.391859e+01
11766 1.384667e+01
11859 1.368001e+01
11881 1.353647e+01
11953 1.346363e+01
12013 1.325617e+01
12049 1.320447e+01
12064 1.319648e+01
12084 1.317946e+01
12113 1.310236e+01
12194 1.309656e+01
12205 1.309536e+01
12210 1.307701e+01
12217 1.307165e+01
12218 1.304117e+01
12268 1.297300e+01
12438 1.296743e+01
12446 1.295195e+01
12472 1.292855e+01
12601 1.292282e+01
12634 1.292192e+01
12734 1.291798e+01
12745 1.291658e+01
12763 1.291297e+01
12831 1.290850e+01
12837 1.290673e+01
12865 1.290321e+01
12910 1.290184e+01
12912 1.290173e+01
12915 1.290166e+01
12925 1.289466e+01
13066 1.289363e+01
13068 1.289017e+01
13085 1.288930e+01
13092 1.288822e+01
13130 1.288482e+01
13288 1.288401e+01
13318 1.288399e+01
13320 1.288365e+01
13325 1.288310e+01
13366 1.288258e+01
13403 1.288186e+01
13439 1.288127e+01
13446 1.288117e+01
13493 1.288107e+01
13496 1.288085e+01
13498 1.288080e+01
13503 1.288063e+01
13557 1.288056e+01
13586 1.288042e+01
13591 1.288042e+01
13621 1.288027e+01
13643 1.288025e+01
13647 1.288025e+01
13669 1.288023e+01
13679 1.288017e+01
13724 1.288013e+01
13796 1.288008e+01
13846 1.288008e+01
13932 1.288008e+01
13952 1.288007e+01
13954 1.288007e+01
13959 1.288007e+01
14008 1.288006e+01
14064 1.288006e+01
14068 1.288006e+01
14071 1.288006e+01
14088 1.288006e+01
14089 1.288006e+01
14104 1.288006e+01
14115 1.288006e+01
14159 1.288006e+01
14183 1.288006e+01
14277 1.288005e+01
14289 1.288005e+01
14364 1.288005e+01
14387 1.288005e+01
14408 1.288005e+01
14468 1.288005e+01
14509 1.288005e+01
14512 1.288005e+01
14558 1.288005e+01
14615 1.288005e+01
14624 1.288005e+01
14630 1.288005e+01
14633 1.288005e+01
14660 1.288005e+01
14696 1.288005e+01
14820 1.288005e+01
14893 1.288005e+01
14906 1.288005e+01
14928 1.288005e+01
14942 1.288005e+01
