1 2.161334e+04
2 1.910685e+04
5 1.785216e+04
65 1.488637e+04
8260 1.456593e+04
10597 1.450042e+04
13436 1.424699e+04
13679 1.381170e+04
13885 1.378731e+04
14254 1.325308e+04
15141 1.263475e+04
15186 1.223988e+04
15344 1.215247e+04
15886 1.208728e+04
15942 1.206605e+04
16066 1.180030e+04
16118 1.179060e+04
16303 1.141361e+04
16357 1.115395e+04
16442 1.103378e+04
16520 1.057928e+04
16680 9.587520e+03
16921 9.270196e+03
17069 8.872914e+03
17086 8.500267e+03
17210 8.382782e+03
17261 7.474693e+03
17370 7.215439e+03
17483 7.031384e+03
17525 6.968422e+03
17534 6.952574e+03
17541 6.926868e+03
17624 6.779012e+03
17649 6.503170e+03
17734 6.175518e+03
17858 5.858693e+03
17888 5.618216e+03
18012 5.577396e+03
18079 5.558126e+03
18095 5.529445e+03
18240 5.350213e+03
18243 5.290222e+03
18306 5.266214e+03
18334 5.148395e+03
18341 4.804416e+03
18357 4.680720e+03
18415 4.521727e+03
18544 4.465462e+03
18625 4.442344e+03
18640 4.185247e+03
18757 4.149086e+03
18767 4.067808e+03
18853 3.925656e+03
18930 3.891048e+03
18951 3.602275e+03
19147 3.581101e+03
19209 3.493475e+03
19253 3.463945e+03
19322 3.437775e+03
19349 3.434780e+03
19381 3.312305e+03
19565 3.293992e+03
19580 3.227179e+03
19654 3.197450e+03
19710 3.166977e+03
19810 3.125542e+03
20233 3.065258e+03
20246 3.020281e+03
20447 3.019403e+03
20559 3.006063e+03
20766 2.984395e+03
20848 2.983184e+03
20874 2.980357e+03
20923 2.971714e+03
21044 2.966077e+03
21073 2.963226e+03
21098 2.961792e+03
21099 2.960245e+03
21169 2.954052e+03
21258 2.918997e+03
21787 2.890301e+03
22095 2.878496e+03
22308 2.855074e+03
23195 2.849358e+03
23573 2.843966e+03
23688 2.840506e+03
23897 2.835252e+03
23938 2.831978e+03
24059 2.822221e+03
24586 2.820011e+03
24637 2.816520e+03
25441 2.814541e+03
25475 2.809162e+03
26335 2.802867e+03
26487 2.795876e+03
26684 2.790698e+03
27278 2.789771e+03
27671 2.789097e+03
27737 2.786118e+03
28097 2.784652e+03
29416 2.783085e+03
29643 2.782522e+03
29683 2.780130e+03
30818 2.776912e+03
31489 2.775848e+03
31615 2.775844e+03
31816 2.775549e+03
32108 2.772864e+03
32930 2.772819e+03
33059 2.771819e+03
33614 2.771578e+03
34048 2.771074e+03
34147 2.770475e+03
34240 2.770407e+03
34721 2.770391e+03
34835 2.770259e+03
35150 2.769573e+03
35180 2.769265e+03
35206 2.769198e+03
35869 2.768828e+03
35968 2.768792e+03
36052 2.768405e+03
36090 2.768068e+03
36470 2.767660e+03
36768 2.766968e+03
37018 2.766786e+03
37414 2.766702e+03
37580 2.766524e+03
37835 2.765974e+03
38159 2.765757e+03
38694 2.765544e+03
38742 2.765347e+03
38813 2.765008e+03
39188 2.764833e+03
39603 2.764572e+03
39669 2.764525e+03
39670 2.764275e+03
39880 2.763699e+03
41269 2.763671e+03
41459 2.763663e+03
41596 2.763489e+03
41661 2.763399e+03
41808 2.763377e+03
42031 2.763066e+03
42724 2.763038e+03
42825 2.763037e+03
42974 2.762928e+03
43482 2.762758e+03
43885 2.762668e+03
44388 2.762649e+03
44448 2.762626e+03
44535 2.762609e+03
44545 2.762599e+03
44620 2.762599e+03
44709 2.762598e+03
44895 2.762534e+03
45045 2.762426e+03
45396 2.762408e+03
45817 2.762384e+03
46018 2.762310e+03
46121 2.762295e+03
46146 2.762205e+03
46458 2.762120e+03
46592 2.762085e+03
46727 2.761900e+03
47377 2.761866e+03
47458 2.761811e+03
47816 2.761710e+03
47896 2.761616e+03
48139 2.761611e+03
48306 2.761600e+03
48321 2.761497e+03
48588 2.761414e+03
48654 2.761334e+03
48657 2.761269e+03
48774 2.761264e+03
48783 2.761210e+03
49130 2.761207e+03
49435 2.761113e+03
49647 2.760981e+03
50710 2.760947e+03
50735 2.760873e+03
50811 2.760776e+03
51394 2.760768e+03
51432 2.760755e+03
51435 2.760728e+03
51473 2.760720e+03
51535 2.760676e+03
52061 2.760576e+03
52189 2.760567e+03
52747 2.760539e+03
53167 2.760519e+03
53705 2.760412e+03
54665 2.760339e+03
54978 2.760326e+03
55015 2.760306e+03
55229 2.760297e+03
55846 2.760258e+03
56150 2.760246e+03
56318 2.760245e+03
56324 2.760206e+03
56715 2.760185e+03
57142 2.760178e+03
57170 2.760174e+03
57529 2.760170e+03
57548 2.760158e+03
57673 2.760155e+03
57932 2.760151e+03
57962 2.760139e+03
57983 2.760138e+03
58053 2.760120e+03
58432 2.760114e+03
58645 2.760110e+03
58726 2.760109e+03
58994 2.760089e+03
59129 2.760083e+03
59549 2.760079e+03
59724 2.760075e+03
59749 2.760075e+03
59880 2.760075e+03
59929 2.760073e+03
60047 2.760064e+03
60147 2.760051e+03
60913 2.760044e+03
60917 2.760044e+03
60950 2.760043e+03
61000 2.760024e+03
61126 2.760016e+03
61404 2.760010e+03
61732 2.759999e+03
61902 2.759995e+03
62264 2.759993e+03
62423 2.759993e+03
62460 2.759974e+03
62663 2.759970e+03
62666 2.759963e+03
63281 2.759957e+03
63317 2.759946e+03
63356 2.759945e+03
63484 2.759918e+03
64345 2.759908e+03
64501 2.759905e+03
64519 2.759894e+03
64594 2.759886e+03
64920 2.759886e+03
64967 2.759884e+03
65084 2.759873e+03
65330 2.759864e+03
65689 2.759858e+03
65774 2.759840e+03
66150 2.759837e+03
66240 2.759835e+03
66502 2.759829e+03
66574 2.759824e+03
66581 2.759810e+03
67079 2.759793e+03
67648 2.759791e+03
67707 2.759788e+03
67765 2.759783e+03
67877 2.759783e+03
68093 2.759778e+03
68499 2.759778e+03
68558 2.759778e+03
68655 2.759775e+03
68832 2.759765e+03
68857 2.759761e+03
69228 2.759751e+03
69740 2.759743e+03
69943 2.759733e+03
70071 2.759724e+03
70360 2.759720e+03
70769 2.759720e+03
70953 2.759713e+03
71201 2.759706e+03
71291 2.759698e+03
72779 2.759690e+03
73363 2.759689e+03
73786 2.759685e+03
73954 2.759684e+03
73967 2.759679e+03
74494 2.759674e+03
74575 2.759671e+03
74822 2.759670e+03
242977 2.454601e+03
243023 2.384426e+03
243427 2.259339e+03
243775 2.222079e+03
243984 2.219494e+03
244024 2.198241e+03
244160 2.170266e+03
244363 2.158595e+03
244574 2.144211e+03
244575 2.129013e+03
244697 2.094165e+03
245100 2.069058e+03
245185 2.050809e+03
245315 2.012498e+03
245482 1.992049e+03
245560 1.978139e+03
245603 1.977441e+03
245678 1.956880e+03
245840 1.937853e+03
245856 1.907289e+03
246374 1.896528e+03
246641 1.882659e+03
246744 1.876839e+03
246770 1.866674e+03
246773 1.858640e+03
247187 1.851673e+03
247274 1.851110e+03
247288 1.848116e+03
247370 1.846351e+03
247439 1.833820e+03
247479 1.832882e+03
247596 1.832137e+03
247699 1.830033e+03
247833 1.827751e+03
247846 1.822792e+03
247858 1.818969e+03
247894 1.812307e+03
248429 1.811073e+03
248611 1.810018e+03
248745 1.806674e+03
249171 1.804299e+03
249189 1.803696e+03
249324 1.803194e+03
249340 1.800736e+03
249416 1.799094e+03
249431 1.797982e+03
249508 1.793530e+03
250002 1.793012e+03
250210 1.789855e+03
250349 1.786472e+03
250428 1.785844e+03
250886 1.785840e+03
250975 1.785706e+03
251018 1.785134e+03
251198 1.785066e+03
251331 1.784843e+03
251670 1.784453e+03
251739 1.783777e+03
251795 1.782491e+03
252085 1.781911e+03
252106 1.781477e+03
252266 1.781114e+03
252301 1.780851e+03
252352 1.780744e+03
252695 1.780611e+03
252812 1.780429e+03
252896 1.780150e+03
253024 1.779882e+03
253090 1.779811e+03
253280 1.779698e+03
253306 1.779638e+03
253334 1.779611e+03
253357 1.779111e+03
253429 1.778998e+03
253487 1.778980e+03
253551 1.778709e+03
253815 1.778660e+03
253821 1.778041e+03
253965 1.778010e+03
254109 1.777894e+03
254207 1.777809e+03
254241 1.777533e+03
254733 1.777526e+03
254776 1.777465e+03
254934 1.777422e+03
254994 1.777350e+03
255218 1.777183e+03
255342 1.777117e+03
255480 1.777002e+03
255663 1.776950e+03
255890 1.776947e+03
256002 1.776940e+03
256021 1.776897e+03
256075 1.776804e+03
256392 1.776800e+03
256609 1.776743e+03
257522 1.776734e+03
257612 1.776707e+03
257690 1.776684e+03
257866 1.776668e+03
258033 1.776662e+03
258187 1.776615e+03
258859 1.776608e+03
258866 1.776608e+03
258931 1.776605e+03
258957 1.776596e+03
258991 1.776589e+03
259003 1.776576e+03
259298 1.776565e+03
259541 1.776559e+03
259569 1.776554e+03
259682 1.776552e+03
259839 1.776551e+03
259876 1.776540e+03
260316 1.776535e+03
260419 1.776534e+03
260452 1.776531e+03
260593 1.776521e+03
260763 1.776519e+03
260874 1.776517e+03
260979 1.776513e+03
261259 1.776510e+03
261954 1.776509e+03
261990 1.776509e+03
262052 1.776507e+03
262291 1.776507e+03
262515 1.776506e+03
262544 1.776505e+03
262742 1.776505e+03
262769 1.776505e+03
262977 1.776505e+03
263124 1.776505e+03
263257 1.776504e+03
263928 1.776504e+03
264041 1.776504e+03
264051 1.776503e+03
264089 1.776503e+03
264175 1.776503e+03
264224 1.776503e+03
264353 1.776503e+03
264409 1.776503e+03
264444 1.776503e+03
264480 1.776503e+03
264566 1.776503e+03
264681 1.776503e+03
264744 1.776502e+03
264933 1.776502e+03
264993 1.776502e+03
265050 1.776502e+03
265116 1.776502e+03
265118 1.776502e+03
265154 1.776502e+03
265226 1.776502e+03
265254 1.776502e+03
265312 1.776502e+03
265318 1.776502e+03
265326 1.776502e+03
265384 1.776502e+03
265587 1.776502e+03
265661 1.776502e+03
265776 1.776502e+03
265824 1.776502e+03
266072 1.776502e+03
266130 1.776502e+03
266306 1.776502e+03
266319 1.776502e+03
266363 1.776502e+03
266584 1.776502e+03
266626 1.776502e+03
266843 1.776502e+03
266919 1.776502e+03
266932 1.776502e+03
267034 1.776502e+03
267135 1.776502e+03
267234 1.776502e+03
267254 1.776502e+03
267316 1.776502e+03
267318 1.776502e+03
267408 1.776502e+03
267508 1.776502e+03
267615 1.776502e+03
267642 1.776502e+03
267824 1.776502e+03
267923 1.776502e+03
267948 1.776502e+03
267984 1.776502e+03
268086 1.776502e+03
268226 1.776502e+03
268232 1.776502e+03
268257 1.776502e+03
268569 1.776502e+03
269095 1.776502e+03
269114 1.776502e+03
269203 1.776502e+03
269241 1.776502e+03
269274 1.776502e+03
269285 1.776502e+03
269350 1.776502e+03
269381 1.776502e+03
269836 1.776502e+03
270290 1.776502e+03
270430 1.776502e+03
270647 1.776502e+03
270806 1.776502e+03
270817 1.776502e+03
270830 1.776502e+03
270865 1.776502e+03
270887 1.776502e+03
270948 1.776502e+03
271208 1.776502e+03
271381 1.776502e+03
271746 1.776502e+03
271793 1.776502e+03
271955 1.776502e+03
272026 1.776502e+03
272159 1.776502e+03
272228 1.776502e+03
272273 1.776502e+03
272400 1.776502e+03
272459 1.776502e+03
272562 1.776502e+03
273001 1.776502e+03
273086 1.776502e+03
273098 1.776502e+03
273233 1.776502e+03
273487 1.776502e+03
273546 1.776502e+03
273607 1.776502e+03
273834 1.776502e+03
273899 1.776502e+03
273940 1.776502e+03
274199 1.776502e+03
274206 1.776502e+03
274286 1.776502e+03
274310 1.776502e+03
274464 1.776502e+03
274488 1.776502e+03
274497 1.776502e+03
274602 1.776502e+03
274690 1.776502e+03
274990 1.776502e+03
275044 1.776502e+03
275087 1.776502e+03
275192 1.776502e+03
275257 1.776502e+03
275274 1.776502e+03
275393 1.776502e+03
275516 1.776502e+03
275532 1.776502e+03
275620 1.776502e+03
275651 1.776502e+03
275654 1.776502e+03
276209 1.776502e+03
276278 1.776502e+03
276371 1.776502e+03
276455 1.776502e+03
276533 1.776502e+03
276545 1.776502e+03
276617 1.776502e+03
276626 1.776502e+03
276628 1.776502e+03
276814 1.776502e+03
276979 1.776502e+03
277076 1.776502e+03
277090 1.776502e+03
277210 1.776502e+03
277228 1.776502e+03
277241 1.776502e+03
277365 1.776502e+03
277486 1.776502e+03
277494 1.776502e+03
277497 1.776502e+03
277536 1.776502e+03
277570 1.776502e+03
277653 1.776502e+03
277884 1.776502e+03
278607 1.776502e+03
278646 1.776502e+03
278804 1.776502e+03
279097 1.776502e+03
279166 1.776502e+03
279380 1.776502e+03
279480 1.776502e+03
279531 1.776502e+03
279556 1.776502e+03
279883 1.776502e+03
279906 1.776502e+03
279949 1.776502e+03
280034 1.776502e+03
280335 1.776502e+03
280412 1.776502e+03
280436 1.776502e+03
280741 1.776502e+03
280804 1.776502e+03
280814 1.776502e+03
280935 1.776502e+03
281003 1.776502e+03
281258 1.776502e+03
281370 1.776502e+03
281384 1.776502e+03
281513 1.776502e+03
281640 1.776502e+03
281653 1.776502e+03
281766 1.776502e+03
281874 1.776502e+03
281882 1.776502e+03
281954 1.776502e+03
282004 1.776502e+03
282015 1.776502e+03
282048 1.776502e+03
282146 1.776502e+03
282263 1.776502e+03
282396 1.776502e+03
282501 1.776502e+03
282701 1.776502e+03
282926 1.776502e+03
282934 1.776502e+03
282950 1.776502e+03
282969 1.776502e+03
283018 1.776502e+03
283067 1.776502e+03
283077 1.776502e+03
283241 1.776502e+03
283374 1.776502e+03
283633 1.776502e+03
283692 1.776502e+03
283803 1.776502e+03
283811 1.776502e+03
283858 1.776502e+03
283935 1.776502e+03
284048 1.776502e+03
284049 1.776502e+03
284199 1.776502e+03
284200 1.776502e+03
284268 1.776502e+03
284472 1.776502e+03
284483 1.776502e+03
284561 1.776502e+03
284599 1.776502e+03
284633 1.776502e+03
284767 1.776502e+03
284790 1.776502e+03
284830 1.776502e+03
284835 1.776502e+03
284853 1.776502e+03
284927 1.776502e+03
285056 1.776502e+03
285241 1.776502e+03
285242 1.776502e+03
285354 1.776502e+03
