1 1.836649e+10
2 2.851398e+09
4 3.502836e+07
8 8.911565e+06
14 1.880512e+06
150 1.790446e+06
195 5.314395e+05
294 3.876724e+05
359 2.458277e+05
755 1.726697e+05
1003 1.549834e+05
1320 1.514252e+05
1347 1.139492e+05
1374 1.035392e+05
7593 1.019562e+05
8081 1.006544e+05
8536 9.588515e+04
8607 9.464588e+04
8656 8.105196e+04
10162 7.870231e+04
10455 7.490886e+04
10906 7.413406e+04
10942 7.077823e+04
11127 6.976008e+04
11195 6.955573e+04
11214 6.939503e+04
11300 6.566467e+04
11308 6.390239e+04
11385 6.352354e+04
11429 6.009662e+04
11450 5.972914e+04
11646 5.857564e+04
11699 5.688708e+04
11756 5.626401e+04
11821 5.498445e+04
11892 5.301060e+04
11917 5.221320e+04
11965 5.056288e+04
12017 4.650128e+04
12306 4.634953e+04
12403 4.460754e+04
12430 4.170259e+04
12456 3.914068e+04
12580 3.829037e+04
12686 3.820767e+04
12789 3.644782e+04
12790 3.556410e+04
12835 3.533016e+04
12874 3.441265e+04
12897 3.153700e+04
13024 3.054540e+04
13071 2.980323e+04
13077 2.889512e+04
13109 2.799768e+04
13179 2.653208e+04
13220 2.476749e+04
13340 2.434759e+04
13353 2.142153e+04
13390 2.028904e+04
13555 1.993919e+04
13674 1.853454e+04
13834 1.771863e+04
14029 1.493436e+04
14156 1.301784e+04
14593 1.266393e+04
14676 1.059400e+04
15165 9.675532e+03
15312 9.347898e+03
15342 8.498120e+03
15401 8.191658e+03
15579 7.692702e+03
15734 7.295493e+03
15752 6.715755e+03
15771 6.061371e+03
15791 5.657077e+03
15868 5.011986e+03
15946 4.170377e+03
15956 4.056682e+03
15974 3.754505e+03
16190 3.528237e+03
16270 2.980255e+03
16411 2.642121e+03
16485 2.346425e+03
16632 2.104477e+03
16777 2.068434e+03
16828 2.041291e+03
16878 2.020278e+03
16903 1.899261e+03
16925 1.786641e+03
16977 1.638950e+03
16991 1.479005e+03
17034 1.367086e+03
17137 1.253293e+03
17230 1.231950e+03
17247 1.210613e+03
17500 1.019676e+03
17653 1.008239e+03
17730 9.977811e+02
17789 9.441038e+02
17817 8.360547e+02
17819 7.424411e+02
17904 6.965786e+02
17912 6.963739e+02
18078 6.273346e+02
18119 5.569923e+02
18149 4.829178e+02
18299 4.674738e+02
18439 4.125072e+02
18513 3.356041e+02
18670 3.238302e+02
18771 2.952725e+02
18868 2.936239e+02
18874 2.605415e+02
18879 2.334148e+02
18938 2.195605e+02
19060 2.140488e+02
19085 2.037918e+02
19166 1.895982e+02
19186 1.712063e+02
19212 1.690643e+02
19257 1.308057e+02
19267 9.556406e+01
19767 9.230307e+01
19877 8.095033e+01
20002 8.010883e+01
20059 7.446847e+01
20076 6.349174e+01
20101 5.778275e+01
20148 4.724055e+01
20239 3.796485e+01
20347 3.159020e+01
20523 2.998565e+01
20683 2.619221e+01
20779 2.100264e+01
20854 2.067485e+01
20883 1.969229e+01
21014 1.902422e+01
21065 1.649309e+01
21080 1.549181e+01
21086 1.464626e+01
21114 1.387303e+01
21179 1.378617e+01
21217 1.296491e+01
21228 1.168005e+01
21266 1.004824e+01
21377 9.182491e+00
21463 6.340751e+00
21662 6.081165e+00
21664 5.178377e+00
21763 5.146288e+00
21765 4.410420e+00
21824 3.155712e+00
21856 2.822484e+00
21940 2.648440e+00
21947 2.635408e+00
22047 2.548958e+00
22081 2.522177e+00
22097 2.300160e+00
22138 2.259651e+00
22155 2.152595e+00
22175 2.093747e+00
22191 2.013331e+00
22211 2.005298e+00
22218 1.895004e+00
22224 1.714229e+00
22247 1.683483e+00
22296 1.593559e+00
22361 1.559616e+00
22379 1.440452e+00
22407 1.267230e+00
22418 6.242866e-01
22559 4.379921e-01
22750 4.214990e-01
22821 4.023477e-01
22870 3.756366e-01
22907 3.280593e-01
22915 3.227791e-01
22945 2.787291e-01
23001 2.584145e-01
23203 2.427498e-01
23218 1.744103e-01
23282 1.363750e-01
23313 1.140652e-01
23375 1.031810e-01
23424 9.321668e-02
23433 9.026574e-02
23441 7.866800e-02
23487 7.523118e-02
23516 5.784001e-02
23579 5.451671e-02
23598 4.765509e-02
23640 4.721894e-02
23659 4.095358e-02
23730 2.926453e-02
23887 2.799538e-02
23918 2.708045e-02
23979 1.715193e-02
24165 1.424778e-02
24239 1.091658e-02
24338 9.869495e-03
24358 9.209705e-03
24374 7.815051e-03
24378 7.278347e-03
24504 5.909713e-03
24610 5.447368e-03
24645 4.200511e-03
24721 3.543150e-03
24798 3.112361e-03
24811 3.053950e-03
24857 2.810629e-03
24899 2.366144e-03
24950 2.362767e-03
24960 2.157306e-03
24984 1.951352e-03
25053 1.357398e-03
25186 1.295894e-03
25224 1.148138e-03
25280 1.094517e-03
25396 8.244837e-04
25417 7.416153e-04
25448 6.111754e-04
25530 5.549687e-04
25560 5.161449e-04
25675 4.672506e-04
25723 3.007607e-04
25878 2.514740e-04
25955 2.095920e-04
25984 1.697421e-04
26032 1.649184e-04
26049 1.316768e-04
26134 1.199075e-04
26175 1.168533e-04
26198 9.565848e-05
26216 9.121671e-05
26236 8.052199e-05
26289 7.763825e-05
26304 6.900333e-05
26353 6.008415e-05
26387 5.575921e-05
26389 4.871822e-05
26452 3.811773e-05
26598 2.876603e-05
26642 2.578154e-05
26758 2.403429e-05
26909 2.388984e-05
26922 2.244547e-05
26925 2.037896e-05
26961 1.924350e-05
26964 1.767639e-05
26970 1.671990e-05
27006 1.401618e-05
27065 1.071918e-05
27122 1.059693e-05
27126 9.569088e-06
27145 9.236508e-06
27206 6.355490e-06
27358 5.989811e-06
27397 5.158074e-06
27404 4.423043e-06
27438 4.066810e-06
27510 3.094039e-06
27565 3.068721e-06
27615 2.993209e-06
27693 2.983468e-06
27695 2.522076e-06
27755 2.404055e-06
27788 1.482107e-06
27931 1.296020e-06
27959 1.269493e-06
27973 1.161001e-06
27978 1.045788e-06
28063 9.855819e-07
28081 7.864232e-07
28085 5.628738e-07
28140 5.622285e-07
28208 5.224847e-07
28210 4.510283e-07
28300 4.478913e-07
28342 3.885992e-07
28364 3.753926e-07
28367 3.705549e-07
28375 3.468427e-07
28422 3.450259e-07
28487 3.300333e-07
28492 2.901157e-07
28505 2.888560e-07
28527 2.065063e-07
28604 2.030499e-07
28699 2.014241e-07
28727 1.930761e-07
28740 1.291101e-07
28846 1.237063e-07
28904 8.772733e-08
28923 8.575158e-08
28941 8.444427e-08
29049 7.924629e-08
29087 6.158605e-08
29162 6.157399e-08
29176 5.323988e-08
29199 5.032723e-08
29202 4.091055e-08
29253 4.019423e-08
29259 4.012847e-08
29268 3.626702e-08
29278 2.726023e-08
29454 2.065655e-08
29589 1.580310e-08
29622 1.126017e-08
29770 1.054937e-08
29782 9.977999e-09
119282 9.788748e-09
164033 9.225066e-09
234363 8.732543e-09
