1 2.505201e+03
10 1.990288e+03
11 1.701846e+03
97 1.614476e+03
154 1.577386e+03
316 1.354792e+03
449 9.870522e+02
508 9.311870e+02
546 7.522065e+02
601 7.165563e+02
637 6.622853e+02
724 5.698688e+02
767 5.422813e+02
794 5.157473e+02
951 4.458635e+02
1136 4.253493e+02
1140 4.200205e+02
1324 3.933158e+02
1337 3.695536e+02
1383 3.304686e+02
1525 3.122225e+02
1643 2.688421e+02
1775 2.627749e+02
1935 2.477977e+02
2363 2.407454e+02
2715 2.337908e+02
3092 2.298366e+02
3443 2.281233e+02
3533 2.235912e+02
3692 2.196847e+02
3695 1.977182e+02
3901 1.908812e+02
4545 1.874540e+02
4565 1.854281e+02
4605 1.829813e+02
4621 1.786069e+02
4645 1.673618e+02
4690 1.615260e+02
4868 1.490176e+02
4902 1.435634e+02
4934 1.392236e+02
5093 1.361681e+02
5111 1.200971e+02
5159 1.003910e+02
5314 9.456514e+01
5348 9.158940e+01
5373 7.385987e+01
5404 7.005331e+01
5439 6.409707e+01
5452 6.104146e+01
5458 6.032721e+01
5588 5.348973e+01
5648 5.214997e+01
5688 5.133179e+01
5707 4.745452e+01
5725 4.568654e+01
5743 4.566949e+01
5763 4.118997e+01
5789 4.062065e+01
5804 3.901624e+01
5822 3.826602e+01
5837 3.619749e+01
5877 3.179465e+01
6073 2.973691e+01
6105 2.830597e+01
6159 2.798313e+01
6341 2.786270e+01
6343 2.720307e+01
6454 2.675072e+01
6460 2.583062e+01
6544 2.541530e+01
6559 2.539921e+01
6575 2.500484e+01
6608 2.464493e+01
6649 2.434080e+01
6676 2.401605e+01
6796 2.382071e+01
6882 2.280330e+01
7029 2.274941e+01
7100 2.274475e+01
7141 2.268974e+01
7207 2.260503e+01
7211 2.257552e+01
7236 2.237501e+01
7290 2.234528e+01
7307 2.223338e+01
7370 2.219381e+01
7467 2.218902e+01
7468 2.218828e+01
7530 2.211710e+01
7610 2.210961e+01
7631 2.210593e+01
7668 2.209218e+01
7721 2.205358e+01
7753 2.204934e+01
7814 2.203035e+01
7818 2.199953e+01
7913 2.198576e+01
7922 2.195933e+01
8000 2.195613e+01
8061 2.194903e+01
8064 2.193365e+01
8356 2.192418e+01
8365 2.192147e+01
8385 2.191837e+01
8432 2.191725e+01
8460 2.191641e+01
8476 2.191640e+01
8499 2.191215e+01
8632 2.190649e+01
8636 2.190622e+01
8676 2.190491e+01
8748 2.190409e+01
8759 2.190236e+01
8785 2.190215e+01
8801 2.189901e+01
8843 2.189893e+01
8847 2.189568e+01
9033 2.189566e+01
9034 2.189546e+01
9058 2.189541e+01
9113 2.189398e+01
9154 2.189253e+01
9248 2.189204e+01
9297 2.189177e+01
9336 2.189066e+01
9506 2.189058e+01
9527 2.189013e+01
9563 2.188997e+01
9591 2.188988e+01
9618 2.188986e+01
9664 2.188971e+01
9726 2.188969e+01
9763 2.188963e+01
9780 2.188949e+01
9794 2.188949e+01
9935 2.188948e+01
9978 2.188948e+01
10006 2.188943e+01
10016 2.188936e+01
10072 2.188936e+01
10078 2.188934e+01
10155 2.188930e+01
10190 2.188927e+01
10374 2.188926e+01
10394 2.188920e+01
10520 2.188920e+01
10525 2.188920e+01
10553 2.188916e+01
10599 2.188916e+01
10671 2.188915e+01
10689 2.188914e+01
10710 2.188914e+01
10795 2.188914e+01
10797 2.188913e+01
10801 2.188912e+01
10836 2.188912e+01
10965 2.188912e+01
11029 2.188912e+01
11036 2.188912e+01
11042 2.188912e+01
11051 2.188911e+01
11118 2.188911e+01
11198 2.188910e+01
11276 2.188910e+01
11281 2.188910e+01
11364 2.188910e+01
11411 2.188910e+01
11427 2.188910e+01
11480 2.188910e+01
11588 2.188910e+01
11607 2.188910e+01
11672 2.188910e+01
11702 2.188910e+01
11757 2.188910e+01
11804 2.188910e+01
11886 2.188910e+01
11888 2.188910e+01
11899 2.188910e+01
11948 2.188910e+01
11968 2.188909e+01
12002 2.188909e+01
12145 2.188909e+01
12265 2.188909e+01
12273 2.188909e+01
12289 2.188909e+01
12477 2.188909e+01
12485 2.188909e+01
12524 2.188909e+01
12701 2.188909e+01
12740 2.188909e+01
12745 2.188909e+01
12809 2.188909e+01
12838 2.188909e+01
12860 2.188909e+01
12893 2.188909e+01
13054 2.188909e+01
13140 2.188909e+01
13147 2.188909e+01
13149 2.188909e+01
13253 2.188909e+01
13278 2.188909e+01
13294 2.188909e+01
13334 2.188909e+01
13363 2.188909e+01
13430 2.188909e+01
13468 2.188909e+01
13469 2.188909e+01
13500 2.188909e+01
13506 2.188909e+01
13507 2.188909e+01
13561 2.188909e+01
13569 2.188909e+01
13643 2.188909e+01
13829 2.188909e+01
13843 2.188909e+01
13877 2.188909e+01
13892 2.188909e+01
13896 2.188909e+01
14009 2.188909e+01
14070 2.188909e+01
14110 2.188909e+01
14133 2.188909e+01
14143 2.188909e+01
14157 2.188909e+01
14166 2.188909e+01
14190 2.188909e+01
14192 2.188909e+01
14205 2.188909e+01
14218 2.188909e+01
14220 2.188909e+01
14257 2.188909e+01
14297 2.188909e+01
14410 2.188909e+01
14478 2.188909e+01
14484 2.188909e+01
14509 2.188909e+01
14527 2.188909e+01
14537 2.188909e+01
14539 2.188909e+01
14542 2.188909e+01
14579 2.188909e+01
14669 2.188909e+01
14697 2.188909e+01
14770 2.188909e+01
14827 2.188909e+01
14851 2.188909e+01
14959 2.188909e+01
15018 2.188909e+01
15024 2.188909e+01
15046 2.188909e+01
15072 2.188909e+01
15099 2.188909e+01
15158 2.188909e+01
15241 2.188909e+01
15270 2.188909e+01
15346 2.188909e+01
15353 2.188909e+01
15367 2.188909e+01
15431 2.188909e+01
15476 2.188909e+01
15535 2.188909e+01
15573 2.188909e+01
37138 2.183098e+01
37288 2.059473e+01
37315 1.705528e+01
37704 1.447962e+01
38014 1.411938e+01
38162 1.411253e+01
38218 1.281559e+01
38507 1.275894e+01
38577 1.275340e+01
38589 1.218844e+01
38657 1.140756e+01
38739 1.071094e+01
39285 1.046024e+01
39405 1.040355e+01
39414 9.774185e+00
40024 9.608726e+00
40108 9.371144e+00
40666 9.315078e+00
40735 9.309725e+00
40738 9.276054e+00
40794 9.251403e+00
41045 9.234751e+00
41050 9.230927e+00
41056 9.161147e+00
41174 9.153907e+00
41321 9.149325e+00
41345 9.147301e+00
41374 9.101275e+00
41460 9.100241e+00
41480 9.099645e+00
41523 9.070804e+00
41606 9.070321e+00
41643 9.064016e+00
41654 9.055176e+00
41759 9.049353e+00
41764 9.002424e+00
42309 8.998555e+00
42555 8.992630e+00
42788 8.982421e+00
43102 8.981813e+00
43157 8.980651e+00
43185 8.979807e+00
43232 8.978293e+00
43404 8.976220e+00
43490 8.970639e+00
43592 8.970006e+00
43649 8.966686e+00
43881 8.964352e+00
44059 8.962779e+00
44169 8.961649e+00
44335 8.960822e+00
44406 8.960232e+00
44430 8.959875e+00
44493 8.959791e+00
44700 8.959756e+00
44763 8.958353e+00
44823 8.957868e+00
44987 8.957062e+00
136416 8.588913e+00
136577 8.561070e+00
136609 8.517837e+00
136621 8.467705e+00
136958 8.386385e+00
137347 8.240712e+00
137487 8.170482e+00
137694 8.150433e+00
137975 8.124554e+00
138057 8.103931e+00
138304 8.067877e+00
138410 8.054419e+00
138503 8.040712e+00
138870 8.040095e+00
138888 8.032679e+00
139081 8.025619e+00
139156 8.022627e+00
139159 8.021305e+00
139167 8.008640e+00
139278 8.005091e+00
139341 8.003800e+00
139465 7.998946e+00
139538 7.992245e+00
139617 7.992224e+00
140028 7.989077e+00
140044 7.988100e+00
140088 7.985260e+00
140093 7.983530e+00
140129 7.979145e+00
140405 7.978774e+00
140409 7.978725e+00
140412 7.976066e+00
140500 7.974142e+00
140602 7.971342e+00
140837 7.968993e+00
141106 7.968935e+00
141376 7.966663e+00
141636 7.966618e+00
141731 7.965353e+00
141756 7.964904e+00
141816 7.964642e+00
141832 7.964331e+00
141888 7.963408e+00
142027 7.963109e+00
142038 7.962987e+00
142129 7.962842e+00
142197 7.962441e+00
142272 7.962232e+00
142343 7.961839e+00
142384 7.961795e+00
142447 7.961180e+00
142464 7.961069e+00
142520 7.961027e+00
142695 7.960966e+00
142730 7.960647e+00
142927 7.960639e+00
142933 7.960592e+00
142934 7.960428e+00
143076 7.960424e+00
143119 7.960147e+00
143636 7.960126e+00
143825 7.960062e+00
143956 7.960010e+00
144032 7.959927e+00
144134 7.959883e+00
144541 7.959857e+00
144909 7.959848e+00
144950 7.959846e+00
144960 7.959819e+00
145096 7.959810e+00
145126 7.959806e+00
145218 7.959781e+00
145225 7.959759e+00
145293 7.959758e+00
145342 7.959757e+00
145352 7.959744e+00
145520 7.959744e+00
145583 7.959744e+00
145601 7.959728e+00
145669 7.959728e+00
145717 7.959724e+00
145814 7.959718e+00
145823 7.959714e+00
145839 7.959704e+00
146017 7.959703e+00
146119 7.959700e+00
146145 7.959699e+00
146192 7.959694e+00
146227 7.959689e+00
146935 7.959687e+00
147016 7.959687e+00
147047 7.959686e+00
147117 7.959685e+00
147119 7.959684e+00
147210 7.959684e+00
147223 7.959682e+00
147362 7.959681e+00
147365 7.959679e+00
147480 7.959678e+00
147563 7.959676e+00
147953 7.959676e+00
148085 7.959676e+00
148115 7.959675e+00
148269 7.959675e+00
148415 7.959674e+00
148857 7.959674e+00
148928 7.959674e+00
149112 7.959674e+00
149126 7.959674e+00
149212 7.959674e+00
149421 7.959673e+00
149545 7.959673e+00
149553 7.959673e+00
149827 7.959673e+00
149839 7.959673e+00
149944 7.959673e+00
149977 7.959673e+00
149994 7.959673e+00
150005 7.959673e+00
150015 7.959673e+00
150285 7.959673e+00
150389 7.959673e+00
150720 7.959673e+00
150827 7.959673e+00
151127 7.959673e+00
151136 7.959673e+00
151169 7.959673e+00
151177 7.959673e+00
151192 7.959673e+00
151240 7.959673e+00
151683 7.959673e+00
151802 7.959673e+00
152087 7.959673e+00
152117 7.959673e+00
152190 7.959673e+00
152220 7.959673e+00
152237 7.959673e+00
152262 7.959673e+00
152266 7.959673e+00
152431 7.959673e+00
152549 7.959672e+00
152562 7.959672e+00
152651 7.959672e+00
152679 7.959672e+00
152776 7.959672e+00
152777 7.959672e+00
153051 7.959672e+00
153099 7.959672e+00
153251 7.959672e+00
153464 7.959672e+00
153477 7.959672e+00
153558 7.959672e+00
153576 7.959672e+00
153722 7.959672e+00
153819 7.959672e+00
153950 7.959672e+00
154167 7.959672e+00
154279 7.959672e+00
154461 7.959672e+00
154604 7.959672e+00
154835 7.959672e+00
155012 7.959672e+00
155291 7.959672e+00
155433 7.959672e+00
155635 7.959672e+00
155675 7.959672e+00
155692 7.959672e+00
155722 7.959672e+00
155789 7.959672e+00
155851 7.959672e+00
155969 7.959672e+00
156002 7.959672e+00
156128 7.959672e+00
156201 7.959672e+00
156270 7.959672e+00
156405 7.959672e+00
156544 7.959672e+00
156776 7.959672e+00
157082 7.959672e+00
157278 7.959672e+00
227150 7.928153e+00
227287 6.910566e+00
227606 5.409264e+00
228202 4.946782e+00
228739 4.770724e+00
229122 4.474753e+00
229592 4.423064e+00
229692 4.105365e+00
229743 3.929957e+00
230501 3.756417e+00
230537 3.564996e+00
230792 3.444708e+00
231315 3.357721e+00
232034 3.330820e+00
232456 3.321386e+00
232706 3.302003e+00
232814 3.280438e+00
232851 3.152800e+00
233888 3.152071e+00
233933 3.077000e+00
234772 3.076486e+00
234898 3.074604e+00
234936 3.063158e+00
235074 3.059415e+00
235345 3.049557e+00
235465 3.046548e+00
235635 3.042270e+00
235947 3.025952e+00
235966 3.014741e+00
236817 3.014468e+00
236819 3.013753e+00
236933 3.013000e+00
236942 3.009705e+00
237095 3.009184e+00
237140 3.008175e+00
237159 3.008170e+00
237410 3.001366e+00
237416 3.000688e+00
237919 2.995302e+00
238643 2.995257e+00
238872 2.992012e+00
238926 2.991718e+00
239162 2.991569e+00
239318 2.988907e+00
239401 2.988337e+00
240207 2.988307e+00
240367 2.988081e+00
240538 2.987770e+00
240577 2.987769e+00
240587 2.987763e+00
240702 2.987251e+00
240719 2.987165e+00
240737 2.987109e+00
240775 2.987104e+00
240965 2.986876e+00
241084 2.986798e+00
241194 2.986526e+00
241507 2.986419e+00
241621 2.986327e+00
241647 2.986264e+00
241754 2.986231e+00
241882 2.986063e+00
241944 2.985928e+00
242058 2.985883e+00
242125 2.985792e+00
242711 2.985761e+00
242903 2.985740e+00
242918 2.985730e+00
242944 2.985627e+00
243108 2.985397e+00
243247 2.985388e+00
243339 2.985298e+00
243761 2.985280e+00
244086 2.985259e+00
244342 2.985199e+00
244518 2.985187e+00
244530 2.985177e+00
244545 2.985167e+00
244566 2.985152e+00
244712 2.985088e+00
244930 2.985070e+00
245227 2.985064e+00
245378 2.985041e+00
245513 2.985023e+00
245546 2.985022e+00
245656 2.984984e+00
245864 2.984983e+00
245912 2.984978e+00
245946 2.984974e+00
246340 2.984957e+00
246755 2.984957e+00
246887 2.984941e+00
247554 2.984939e+00
247619 2.984938e+00
247764 2.984936e+00
247858 2.984931e+00
248025 2.984928e+00
248028 2.984928e+00
248251 2.984928e+00
248325 2.984923e+00
248373 2.984922e+00
248524 2.984921e+00
248550 2.984919e+00
248617 2.984904e+00
248955 2.984899e+00
249041 2.984896e+00
249838 2.984894e+00
250083 2.984892e+00
250204 2.984890e+00
250307 2.984889e+00
250368 2.984888e+00
250369 2.984887e+00
250554 2.984886e+00
250614 2.984885e+00
251164 2.984885e+00
251179 2.984884e+00
251316 2.984884e+00
251338 2.984884e+00
251412 2.984882e+00
251538 2.984881e+00
251842 2.984881e+00
251887 2.984880e+00
252365 2.984880e+00
252398 2.984880e+00
252511 2.984879e+00
252857 2.984879e+00
253198 2.984879e+00
253296 2.984879e+00
253385 2.984878e+00
253455 2.984878e+00
253605 2.984878e+00
254414 2.984878e+00
254617 2.984878e+00
254768 2.984878e+00
254829 2.984878e+00
255386 2.984878e+00
255429 2.984878e+00
255606 2.984877e+00
255708 2.984877e+00
256235 2.984877e+00
256504 2.984877e+00
256621 2.984877e+00
256949 2.984877e+00
257319 2.984877e+00
257333 2.984877e+00
257365 2.984877e+00
257469 2.984877e+00
257913 2.984877e+00
258656 2.984877e+00
258831 2.984877e+00
258942 2.984877e+00
259034 2.984877e+00
259062 2.984877e+00
259078 2.984877e+00
259382 2.984877e+00
259423 2.984877e+00
259868 2.984877e+00
259953 2.984877e+00
259988 2.984877e+00
260298 2.984877e+00
260718 2.984877e+00
261027 2.984877e+00
261147 2.984877e+00
261224 2.984877e+00
261356 2.984877e+00
261415 2.984877e+00
261459 2.984877e+00
261693 2.984877e+00
261732 2.984877e+00
261871 2.984877e+00
261936 2.984877e+00
262825 2.984877e+00
262875 2.984877e+00
263139 2.984877e+00
263299 2.984877e+00
263353 2.984877e+00
263494 2.984877e+00
263734 2.984877e+00
263907 2.984877e+00
264242 2.984877e+00
264459 2.984877e+00
264652 2.984877e+00
264928 2.984877e+00
264929 2.984877e+00
264954 2.984877e+00
265103 2.984877e+00
265120 2.984877e+00
265352 2.984877e+00
265916 2.984877e+00
266249 2.984877e+00
266900 2.984877e+00
267120 2.984877e+00
