1 7.112503e+04
2 5.464186e+04
5 4.175078e+04
15 3.141413e+04
18 2.924968e+04
24 2.714963e+04
69 1.790674e+04
485 1.778974e+04
577 1.775581e+04
579 1.491492e+04
616 1.456006e+04
625 1.447147e+04
671 1.141604e+04
738 1.104783e+04
800 7.990998e+03
831 6.635174e+03
963 6.563775e+03
981 5.610824e+03
1133 4.601124e+03
1165 3.439819e+03
1428 3.284061e+03
1501 2.669386e+03
1558 2.650604e+03
1639 2.634986e+03
1647 2.522234e+03
1655 2.147397e+03
1703 2.125295e+03
1729 1.943071e+03
1783 1.892301e+03
1784 1.700180e+03
1864 1.647835e+03
1878 1.521476e+03
1892 1.299735e+03
2019 1.026824e+03
2086 1.021731e+03
2267 8.008855e+02
2472 7.942159e+02
2492 7.729285e+02
2542 7.531731e+02
2605 7.324186e+02
2611 6.985548e+02
2615 6.628692e+02
2647 6.296392e+02
2670 6.057313e+02
2728 5.351302e+02
2841 5.335235e+02
2873 5.007620e+02
2922 4.855348e+02
2974 4.674485e+02
2976 4.406532e+02
2994 4.233145e+02
3141 3.883455e+02
3474 3.653622e+02
3677 3.299645e+02
3725 3.252627e+02
3811 3.032287e+02
3856 3.010248e+02
3896 2.743965e+02
3934 2.656925e+02
3992 2.505606e+02
4123 2.262111e+02
4280 1.977794e+02
4413 1.911092e+02
4415 1.569798e+02
4573 1.521543e+02
4613 1.345354e+02
4654 1.127066e+02
4898 1.079420e+02
4916 1.068233e+02
4924 1.031981e+02
4947 1.010105e+02
4961 9.578280e+01
5104 9.577271e+01
5112 8.480771e+01
5116 8.467704e+01
5188 8.086013e+01
5218 7.916129e+01
5227 6.798396e+01
5275 6.538496e+01
5319 6.097284e+01
5763 4.756110e+01
5893 4.456910e+01
5894 4.374505e+01
5929 4.324170e+01
5961 3.292038e+01
6294 3.000233e+01
6459 2.920973e+01
6511 2.916413e+01
6567 2.635773e+01
6622 2.474821e+01
6627 2.376569e+01
6768 2.066167e+01
6809 1.915864e+01
6897 1.796204e+01
6969 1.456238e+01
7141 1.325046e+01
7208 1.307658e+01
7214 1.259069e+01
7293 1.093808e+01
7332 1.079338e+01
7357 1.050727e+01
7463 9.727759e+00
7518 9.061370e+00
7527 9.031328e+00
7598 8.703789e+00
7638 7.787959e+00
7697 7.598370e+00
7709 6.644877e+00
7910 6.422666e+00
7925 5.942057e+00
8017 5.916117e+00
8043 5.044182e+00
8150 4.428356e+00
8171 4.247398e+00
8376 3.908425e+00
8389 3.769015e+00
8445 3.763167e+00
8543 3.326337e+00
8689 3.112792e+00
8851 3.105944e+00
8854 3.026442e+00
8979 2.949833e+00
9009 2.717435e+00
9054 2.495292e+00
9241 2.399424e+00
9324 2.198122e+00
9378 2.182570e+00
9460 2.051643e+00
9613 1.965704e+00
9668 1.873348e+00
9702 1.860536e+00
9785 1.850530e+00
9795 1.757418e+00
9912 1.728641e+00
10061 1.707524e+00
10069 1.646854e+00
10142 1.591625e+00
10179 1.500845e+00
10239 1.467453e+00
10289 1.422172e+00
10808 1.403089e+00
10820 1.389193e+00
10826 1.378358e+00
10849 1.377467e+00
10887 1.320794e+00
11156 1.319482e+00
11191 1.311474e+00
11192 1.285154e+00
11211 1.274436e+00
11308 1.262409e+00
11310 1.245788e+00
11330 1.214334e+00
11361 1.177590e+00
11567 1.167943e+00
11794 1.151391e+00
11899 1.140565e+00
11918 1.137528e+00
11926 1.127651e+00
11931 1.117731e+00
12094 1.103212e+00
12162 1.101915e+00
12238 1.087435e+00
12252 1.085170e+00
12271 1.070076e+00
12543 1.067173e+00
12578 1.063745e+00
12728 1.052490e+00
12777 1.048300e+00
12877 1.031072e+00
12980 1.028208e+00
13125 1.024397e+00
13134 1.022376e+00
13152 1.021526e+00
13165 1.018269e+00
13196 1.002456e+00
13199 9.963438e-01
13258 9.947051e-01
13266 9.900862e-01
13281 9.710767e-01
13336 9.275869e-01
13390 9.115890e-01
13532 8.665548e-01
13649 8.389684e-01
13807 8.388008e-01
13889 8.144337e-01
13975 7.654070e-01
14131 7.059185e-01
14163 6.876548e-01
14236 6.551902e-01
14289 6.190231e-01
14368 5.959149e-01
14378 5.337972e-01
14479 4.804387e-01
14537 4.592308e-01
14563 4.217970e-01
14587 4.101236e-01
14639 3.960002e-01
14740 3.669552e-01
14750 3.451825e-01
14775 2.699932e-01
15041 2.650905e-01
15061 2.623424e-01
15102 2.437367e-01
15136 2.217534e-01
15176 2.196822e-01
15185 2.192575e-01
15186 2.175929e-01
15187 1.880196e-01
15241 1.657427e-01
15509 1.335164e-01
15599 1.304284e-01
15634 1.152780e-01
15665 1.127180e-01
15714 9.134609e-02
15831 8.361025e-02
16021 7.189945e-02
16126 6.571785e-02
16172 6.474239e-02
16206 5.701908e-02
16248 5.686321e-02
16257 5.473582e-02
16258 4.739924e-02
16333 4.415690e-02
16375 4.404267e-02
16399 4.364833e-02
16463 4.221886e-02
16584 4.163334e-02
16587 3.895257e-02
16620 3.669490e-02
16702 3.277320e-02
16733 3.017086e-02
16859 2.843474e-02
16952 2.842209e-02
16998 2.810237e-02
17008 2.692896e-02
17054 2.670627e-02
17059 2.661772e-02
17069 2.546709e-02
17071 2.500436e-02
17095 2.436344e-02
17114 2.430562e-02
17120 2.314417e-02
17206 2.286747e-02
17207 2.231248e-02
17209 2.144726e-02
17223 2.083390e-02
17249 2.080582e-02
17279 2.054904e-02
17298 2.033470e-02
17309 2.023943e-02
17327 2.019892e-02
17336 1.984554e-02
17374 1.947444e-02
17402 1.846632e-02
17497 1.775246e-02
17673 1.746601e-02
17698 1.720887e-02
17737 1.714786e-02
17782 1.701461e-02
17788 1.667751e-02
17863 1.646820e-02
17880 1.637602e-02
17938 1.633351e-02
18036 1.627506e-02
18061 1.618058e-02
18090 1.606345e-02
18112 1.594346e-02
18151 1.582943e-02
18210 1.573719e-02
18275 1.572269e-02
18291 1.564285e-02
18296 1.541122e-02
18496 1.540977e-02
18502 1.533954e-02
18584 1.531884e-02
18614 1.528689e-02
18619 1.523010e-02
18730 1.516774e-02
18776 1.512264e-02
18792 1.504690e-02
18830 1.501545e-02
18851 1.498843e-02
19058 1.496861e-02
19070 1.494017e-02
19116 1.492866e-02
19164 1.491551e-02
19219 1.491364e-02
19229 1.491286e-02
19263 1.490667e-02
19282 1.490538e-02
19293 1.489453e-02
19323 1.488359e-02
19365 1.487560e-02
19386 1.486586e-02
19447 1.481852e-02
19737 1.481344e-02
19978 1.480800e-02
19982 1.480672e-02
20018 1.480605e-02
20024 1.480413e-02
20279 1.480183e-02
20296 1.479964e-02
20301 1.479954e-02
20350 1.479864e-02
20381 1.479736e-02
20387 1.479384e-02
20516 1.479366e-02
20527 1.478957e-02
20544 1.478826e-02
20621 1.478770e-02
20737 1.478752e-02
20777 1.478689e-02
20808 1.478685e-02
20864 1.478596e-02
20998 1.478556e-02
21000 1.478486e-02
21031 1.478470e-02
21036 1.478468e-02
21084 1.478415e-02
21109 1.478393e-02
21140 1.478354e-02
21172 1.478338e-02
21182 1.478327e-02
21215 1.478267e-02
21271 1.478225e-02
21289 1.478211e-02
21328 1.478153e-02
21525 1.478146e-02
21568 1.478136e-02
21606 1.478114e-02
21621 1.478107e-02
21637 1.478107e-02
21689 1.478060e-02
21830 1.478059e-02
21921 1.478059e-02
21949 1.478056e-02
21961 1.478048e-02
21969 1.478048e-02
21970 1.478046e-02
22001 1.478041e-02
22036 1.478041e-02
22040 1.478032e-02
22072 1.478026e-02
22097 1.478017e-02
22118 1.478011e-02
22204 1.478011e-02
22283 1.478005e-02
22335 1.478003e-02
22354 1.478002e-02
22360 1.477997e-02
22368 1.477993e-02
22563 1.477992e-02
22611 1.477991e-02
22617 1.477990e-02
22667 1.477990e-02
22712 1.477990e-02
22714 1.477989e-02
22799 1.477989e-02
22806 1.477986e-02
23025 1.477985e-02
23066 1.477985e-02
23092 1.477984e-02
23171 1.477984e-02
23187 1.477983e-02
23230 1.477983e-02
23256 1.477983e-02
23285 1.477983e-02
23305 1.477982e-02
23411 1.477982e-02
23428 1.477981e-02
23465 1.477981e-02
23476 1.477980e-02
23502 1.477980e-02
23557 1.477980e-02
23609 1.477980e-02
23715 1.477979e-02
23784 1.477979e-02
23832 1.477979e-02
23846 1.477979e-02
23882 1.477979e-02
23915 1.477979e-02
24012 1.477978e-02
24178 1.477978e-02
24331 1.477978e-02
24453 1.477978e-02
24466 1.477978e-02
24479 1.477978e-02
24481 1.477978e-02
24495 1.477978e-02
24693 1.477978e-02
24807 1.477978e-02
24956 1.477978e-02
24961 1.477978e-02
25000 1.477978e-02
25018 1.477978e-02
25028 1.477978e-02
25035 1.477978e-02
25063 1.477978e-02
25067 1.477978e-02
25075 1.477978e-02
25112 1.477978e-02
25113 1.477978e-02
25208 1.477978e-02
25236 1.477978e-02
25323 1.477978e-02
25357 1.477978e-02
25402 1.477978e-02
25442 1.477978e-02
25455 1.477978e-02
25511 1.477978e-02
25559 1.477978e-02
25641 1.477978e-02
25658 1.477978e-02
25756 1.477978e-02
25763 1.477978e-02
25810 1.477978e-02
25814 1.477978e-02
25994 1.477978e-02
26013 1.477978e-02
26053 1.477978e-02
26089 1.477978e-02
26105 1.477978e-02
26129 1.477978e-02
26139 1.477978e-02
26183 1.477978e-02
26212 1.477978e-02
26334 1.477978e-02
26336 1.477978e-02
26386 1.477978e-02
26428 1.477978e-02
26503 1.477978e-02
26536 1.477978e-02
26562 1.477978e-02
26591 1.477978e-02
26603 1.477978e-02
26622 1.477978e-02
26640 1.477978e-02
26670 1.477978e-02
26721 1.477978e-02
26788 1.477978e-02
26831 1.477978e-02
26871 1.477978e-02
26886 1.477978e-02
26895 1.477978e-02
26903 1.477978e-02
27153 1.477978e-02
27198 1.477978e-02
63312 1.476975e-02
63479 1.404821e-02
63559 1.374221e-02
63648 1.352001e-02
63710 1.064265e-02
63994 9.485974e-03
64207 8.736727e-03
64217 8.518427e-03
64219 7.179139e-03
64463 6.142052e-03
64782 6.003206e-03
64837 5.212687e-03
65110 4.735588e-03
65298 4.583304e-03
65338 3.886719e-03
65375 3.759861e-03
65723 3.746368e-03
65746 3.246476e-03
65827 2.706394e-03
66072 2.311370e-03
66234 2.168974e-03
66325 1.923291e-03
66369 1.869943e-03
66474 1.790521e-03
66497 1.667651e-03
66552 1.659581e-03
66645 1.383854e-03
66709 1.277925e-03
66809 1.258374e-03
66873 1.192696e-03
67028 1.054306e-03
67056 9.668575e-04
67192 8.927220e-04
67196 8.892248e-04
67282 8.182837e-04
67349 7.605548e-04
67405 7.432344e-04
67433 6.872927e-04
67740 5.924725e-04
67806 5.564135e-04
67861 5.341390e-04
67943 5.178037e-04
68035 4.884880e-04
68137 4.810210e-04
68144 4.746527e-04
68200 4.543194e-04
68225 4.217735e-04
68248 3.421200e-04
68341 3.288439e-04
68374 3.058558e-04
68401 2.971039e-04
68482 2.775121e-04
68652 2.695686e-04
68700 2.677787e-04
68703 2.435930e-04
68929 2.400866e-04
68971 2.337669e-04
68988 2.311800e-04
69050 1.922470e-04
69068 1.869812e-04
69155 1.201488e-04
69677 1.177483e-04
69742 1.118342e-04
69744 9.886365e-05
69797 8.786438e-05
70126 8.576005e-05
70151 8.368006e-05
70161 7.189991e-05
70415 7.118371e-05
70454 5.700749e-05
70532 5.186512e-05
71328 5.017849e-05
71335 4.847577e-05
71366 4.252955e-05
71534 4.133100e-05
71538 4.112208e-05
71546 3.741922e-05
71552 3.046908e-05
71560 2.930791e-05
71630 2.891923e-05
71712 2.172932e-05
72030 2.016181e-05
72098 1.890525e-05
72281 1.843706e-05
72340 1.666468e-05
72449 1.307738e-05
72900 1.030883e-05
73288 8.969752e-06
73295 8.125078e-06
73357 7.910404e-06
73521 7.690945e-06
73538 6.693272e-06
73893 5.380119e-06
74001 5.007403e-06
74226 4.825550e-06
74317 4.550851e-06
74406 4.304440e-06
74480 4.039247e-06
74755 3.784119e-06
74760 3.235354e-06
74778 2.978250e-06
74862 2.676608e-06
225658 2.512651e-06
225796 2.228908e-06
225877 2.163156e-06
225917 1.960722e-06
226047 1.358945e-06
226265 1.287136e-06
226367 9.966126e-07
226716 9.964806e-07
226779 9.433523e-07
226792 8.628583e-07
226845 7.885864e-07
226871 7.393945e-07
226918 7.254950e-07
226964 7.178634e-07
226992 7.018883e-07
227010 6.857138e-07
227045 6.542251e-07
227051 6.092169e-07
227131 4.873932e-07
227152 4.176701e-07
227533 4.133107e-07
227661 3.858078e-07
227766 3.710806e-07
228171 3.179726e-07
228217 3.061584e-07
228326 2.492521e-07
228745 2.397498e-07
228775 2.271948e-07
228860 2.239179e-07
228915 2.208601e-07
229184 2.125157e-07
229379 2.060327e-07
229383 1.758154e-07
229511 1.714055e-07
229514 1.619226e-07
229529 1.607006e-07
229611 1.430470e-07
229691 1.364403e-07
229986 1.314999e-07
230174 1.283136e-07
230184 1.221411e-07
230226 1.043331e-07
230307 9.673104e-08
230426 9.624704e-08
230476 7.764993e-08
230686 7.122216e-08
230706 6.565773e-08
230783 6.240690e-08
231010 5.428834e-08
231106 5.342875e-08
231275 5.203267e-08
231287 4.716987e-08
231324 4.228446e-08
231335 4.195690e-08
231421 3.795486e-08
231628 3.500747e-08
231722 3.412977e-08
231756 3.235905e-08
231955 2.396638e-08
232113 2.396211e-08
232300 2.338699e-08
232348 1.795275e-08
232726 1.439962e-08
232963 1.321728e-08
232978 1.295511e-08
232983 1.096169e-08
233257 8.953357e-09
396595 6.748555e-09
396730 6.649681e-09
