1 4.445284e+03
4 2.235918e+03
14 8.672738e+02
78 7.973792e+02
150 7.210691e+02
428 6.901684e+02
582 6.738296e+02
617 6.653447e+02
680 6.609319e+02
767 6.455609e+02
814 6.406925e+02
856 6.327112e+02
889 6.029652e+02
1109 5.890441e+02
1174 5.878778e+02
1226 5.798418e+02
1265 5.756299e+02
1320 5.734850e+02
1341 5.593742e+02
1478 5.553018e+02
1506 5.529458e+02
1553 5.437639e+02
1630 5.426698e+02
1642 5.370045e+02
1706 5.364161e+02
1775 5.309716e+02
1830 5.292818e+02
1855 5.286399e+02
1891 5.252324e+02
2023 5.220842e+02
2093 5.210667e+02
2098 5.207925e+02
2167 5.201405e+02
2180 5.201108e+02
2218 5.197412e+02
2234 5.187293e+02
2239 5.180420e+02
2240 5.137089e+02
2420 5.132827e+02
2464 5.130308e+02
2470 5.127621e+02
2475 5.125811e+02
2480 5.120717e+02
2503 5.103854e+02
2719 5.096633e+02
2880 5.092446e+02
2920 5.091731e+02
2922 5.088151e+02
2954 5.074939e+02
3074 5.074868e+02
3075 5.074123e+02
3080 5.068976e+02
3114 5.064669e+02
3183 5.063230e+02
3229 5.063061e+02
3258 5.061595e+02
3309 5.060500e+02
3324 5.059351e+02
3327 5.057894e+02
3353 5.057149e+02
3411 5.054977e+02
3445 5.054613e+02
3525 5.054193e+02
3576 5.053803e+02
3578 5.051825e+02
3610 5.051270e+02
3628 5.051040e+02
3681 5.050600e+02
3708 5.050238e+02
3712 5.050171e+02
3843 5.050055e+02
3853 5.049989e+02
3858 5.049749e+02
3864 5.048320e+02
3888 5.047888e+02
3889 5.047270e+02
3923 5.047040e+02
3946 5.046152e+02
4152 5.045695e+02
4170 5.045206e+02
4250 5.045121e+02
4255 5.044614e+02
4261 5.044488e+02
4277 5.044249e+02
4316 5.043676e+02
4438 5.043162e+02
4495 5.043032e+02
4552 5.042848e+02
4588 5.042630e+02
4623 5.042565e+02
4733 5.042469e+02
4750 5.042274e+02
4845 5.042182e+02
4903 5.041910e+02
4960 5.041881e+02
4978 5.041871e+02
4980 5.041779e+02
5095 5.041710e+02
5140 5.041704e+02
5157 5.041653e+02
5191 5.041650e+02
5202 5.041584e+02
5204 5.041458e+02
5316 5.041457e+02
5325 5.041447e+02
5352 5.041429e+02
5404 5.041425e+02
5408 5.041409e+02
5411 5.041347e+02
5564 5.041340e+02
5591 5.041326e+02
5610 5.041300e+02
5735 5.041280e+02
5802 5.041276e+02
5818 5.041272e+02
5875 5.041268e+02
5990 5.041267e+02
6014 5.041257e+02
6024 5.041256e+02
6040 5.041256e+02
6047 5.041248e+02
6065 5.041221e+02
6148 5.041215e+02
6184 5.041212e+02
6238 5.041211e+02
6262 5.041208e+02
6282 5.041204e+02
6344 5.041203e+02
6354 5.041200e+02
6369 5.041198e+02
6391 5.041197e+02
6396 5.041193e+02
6486 5.041187e+02
6540 5.041186e+02
6683 5.041182e+02
6721 5.041177e+02
6760 5.041176e+02
6801 5.041170e+02
6882 5.041169e+02
6935 5.041169e+02
6985 5.041168e+02
7003 5.041166e+02
7066 5.041166e+02
7203 5.041165e+02
7292 5.041164e+02
7353 5.041162e+02
7481 5.041162e+02
7512 5.041161e+02
7526 5.041161e+02
7530 5.041159e+02
7590 5.041158e+02
7673 5.041158e+02
7694 5.041158e+02
7731 5.041157e+02
7792 5.041157e+02
7821 5.041157e+02
7899 5.041156e+02
8000 5.041156e+02
8008 5.041156e+02
8077 5.041156e+02
8082 5.041156e+02
8125 5.041156e+02
8135 5.041156e+02
8225 5.041156e+02
8240 5.041156e+02
8271 5.041156e+02
8276 5.041156e+02
8289 5.041156e+02
8341 5.041156e+02
8349 5.041156e+02
8407 5.041156e+02
8437 5.041156e+02
8459 5.041156e+02
8498 5.041156e+02
8632 5.041156e+02
8696 5.041156e+02
8708 5.041156e+02
8721 5.041156e+02
8731 5.041156e+02
8774 5.041156e+02
8783 5.041156e+02
8805 5.041156e+02
8826 5.041156e+02
8890 5.041156e+02
8899 5.041156e+02
8907 5.041156e+02
8931 5.041156e+02
8947 5.041156e+02
8957 5.041156e+02
8973 5.041156e+02
8985 5.041156e+02
9003 5.041156e+02
9033 5.041156e+02
9071 5.041156e+02
9113 5.041156e+02
9129 5.041156e+02
9170 5.041156e+02
9217 5.041156e+02
9245 5.041156e+02
9266 5.041156e+02
9270 5.041156e+02
9309 5.041156e+02
9359 5.041156e+02
9373 5.041156e+02
9387 5.041156e+02
9395 5.041156e+02
9456 5.041156e+02
9469 5.041156e+02
9471 5.041156e+02
9546 5.041156e+02
9596 5.041156e+02
9668 5.041156e+02
9712 5.041156e+02
18090 5.030973e+02
18091 5.030973e+02
18094 5.030973e+02
18097 5.030973e+02
18100 5.030973e+02
18103 5.030973e+02
18106 5.030973e+02
18109 5.030973e+02
18112 5.030973e+02
18115 5.030973e+02
18118 5.030973e+02
18121 5.030973e+02
18124 5.030973e+02
18127 5.030973e+02
18130 5.030973e+02
18133 5.030973e+02
18136 5.030973e+02
18139 5.030973e+02
18142 5.030973e+02
18145 5.030973e+02
18148 5.030973e+02
18151 5.030973e+02
18154 5.030973e+02
18162 4.705500e+02
18172 4.705500e+02
18208 4.705500e+02
18211 4.705500e+02
18214 4.705500e+02
18217 4.705500e+02
18220 4.705500e+02
18223 4.705500e+02
18226 4.705500e+02
18229 4.705500e+02
18232 4.705500e+02
18234 4.696825e+02
18332 4.677504e+02
18338 4.615937e+02
18341 4.256118e+02
18342 4.256118e+02
18345 4.256118e+02
18348 4.256118e+02
18362 4.191319e+02
18363 4.191319e+02
18366 4.191319e+02
18369 4.191319e+02
18448 4.046589e+02
18449 4.046589e+02
18450 3.888200e+02
18451 3.888200e+02
18454 3.888200e+02
18457 3.888200e+02
18460 3.888200e+02
18462 3.865553e+02
18463 3.865553e+02
18466 3.865553e+02
18469 3.865553e+02
18472 3.865553e+02
18475 3.865553e+02
18478 3.865553e+02
18481 3.865553e+02
18484 3.865553e+02
18487 3.865553e+02
18490 3.865553e+02
18491 3.843263e+02
18549 3.843263e+02
18552 3.843263e+02
18710 3.757761e+02
18728 3.754171e+02
18733 3.741811e+02
18747 3.714882e+02
18807 3.692905e+02
18809 3.668465e+02
18815 3.668294e+02
18816 3.668294e+02
18818 3.636229e+02
19112 3.624512e+02
19113 3.624512e+02
19116 3.624512e+02
19119 3.624512e+02
19122 3.624512e+02
19125 3.624512e+02
19128 3.624512e+02
19131 3.624512e+02
19134 3.624512e+02
19137 3.624512e+02
19140 3.624512e+02
19143 3.624512e+02
19236 3.624512e+02
19239 3.624512e+02
19242 3.624512e+02
19287 3.624512e+02
19290 3.624512e+02
19293 3.624512e+02
19296 3.624512e+02
19299 3.624512e+02
19302 3.624512e+02
19305 3.624512e+02
19308 3.624512e+02
19311 3.624512e+02
19314 3.624512e+02
19317 3.624512e+02
19320 3.624512e+02
19323 3.624512e+02
19326 3.624512e+02
19329 3.624512e+02
19332 3.624512e+02
19335 3.624512e+02
19338 3.624512e+02
19341 3.624512e+02
19344 3.624512e+02
19347 3.624512e+02
19350 3.624512e+02
19353 3.624512e+02
19356 3.624512e+02
19359 3.624512e+02
19362 3.624512e+02
19365 3.624512e+02
19368 3.624512e+02
19371 3.624512e+02
19374 3.624512e+02
19377 3.624512e+02
19378 3.616598e+02
19379 3.616598e+02
19382 3.616598e+02
19385 3.616598e+02
19388 3.616598e+02
19391 3.616598e+02
19394 3.616598e+02
19397 3.616598e+02
19400 3.616598e+02
19403 3.616598e+02
19406 3.616598e+02
19408 3.597168e+02
19544 3.597168e+02
19550 3.597168e+02
19553 3.597168e+02
19556 3.597168e+02
19716 3.595382e+02
19717 3.595382e+02
19720 3.595382e+02
19723 3.595382e+02
19726 3.595382e+02
19729 3.595382e+02
19732 3.595382e+02
19735 3.595382e+02
19738 3.595382e+02
19741 3.595382e+02
20016 3.594921e+02
20017 3.594921e+02
20020 3.594921e+02
20023 3.594921e+02
20026 3.594921e+02
20029 3.594921e+02
20032 3.594921e+02
20035 3.594921e+02
20038 3.594921e+02
20041 3.594921e+02
20134 3.594921e+02
20137 3.594921e+02
20140 3.594921e+02
20185 3.594921e+02
20188 3.594921e+02
20191 3.594921e+02
20194 3.594921e+02
20197 3.594921e+02
20200 3.594921e+02
20203 3.594921e+02
20206 3.594921e+02
20209 3.594921e+02
20212 3.594921e+02
20215 3.594921e+02
20218 3.594921e+02
20221 3.594921e+02
20224 3.594921e+02
20227 3.594921e+02
20230 3.594921e+02
20233 3.594921e+02
20236 3.594921e+02
20239 3.594921e+02
20242 3.594921e+02
20245 3.594921e+02
20248 3.594921e+02
20251 3.594921e+02
20254 3.594921e+02
20257 3.594921e+02
20260 3.594921e+02
20263 3.594921e+02
20266 3.594921e+02
20269 3.594921e+02
20272 3.594921e+02
20275 3.594921e+02
20278 3.594921e+02
20281 3.594921e+02
20284 3.594921e+02
20287 3.594921e+02
20290 3.594921e+02
20293 3.594921e+02
20296 3.594921e+02
20299 3.594921e+02
20302 3.594921e+02
20305 3.594921e+02
20308 3.594921e+02
20311 3.594921e+02
20314 3.594921e+02
20317 3.594921e+02
20320 3.594921e+02
20323 3.594921e+02
30002 3.594921e+02
30005 3.594921e+02
30008 3.594921e+02
30011 3.594921e+02
30014 3.594921e+02
30017 3.594921e+02
30110 3.594921e+02
30113 3.594921e+02
30116 3.594921e+02
30161 3.594921e+02
30164 3.594921e+02
30167 3.594921e+02
30170 3.594921e+02
30173 3.594921e+02
30176 3.594921e+02
30179 3.594921e+02
30182 3.594921e+02
30185 3.594921e+02
30188 3.594921e+02
30191 3.594921e+02
30194 3.594921e+02
30197 3.594921e+02
30200 3.594921e+02
30203 3.594921e+02
30206 3.594921e+02
30209 3.594921e+02
30212 3.594921e+02
30215 3.594921e+02
30218 3.594921e+02
30221 3.594921e+02
30224 3.594921e+02
30227 3.594921e+02
30230 3.594921e+02
30233 3.594921e+02
30236 3.594921e+02
30239 3.594921e+02
30242 3.594921e+02
30245 3.594921e+02
30248 3.594921e+02
30251 3.594921e+02
30254 3.594921e+02
30257 3.594921e+02
30260 3.594921e+02
30263 3.594921e+02
30266 3.594921e+02
30269 3.594921e+02
30272 3.594921e+02
30275 3.594921e+02
30278 3.594921e+02
30281 3.594921e+02
30284 3.594921e+02
30287 3.594921e+02
30290 3.594921e+02
30293 3.594921e+02
30296 3.594921e+02
30299 3.594921e+02
