1 2.420718e+03
2 1.834116e+03
5 7.645911e+02
127 7.552452e+02
130 7.344246e+02
306 7.241669e+02
309 6.633287e+02
639 6.555505e+02
718 6.160984e+02
758 6.104383e+02
902 6.063739e+02
1019 5.977305e+02
1040 5.880764e+02
1069 5.735345e+02
1122 5.646891e+02
1280 5.611968e+02
1368 5.555654e+02
1450 5.507706e+02
1498 5.438940e+02
1547 5.432633e+02
1601 5.271330e+02
1624 5.216515e+02
1836 5.189039e+02
1950 5.158020e+02
1988 5.132434e+02
2014 5.130524e+02
2017 5.118464e+02
2081 5.093481e+02
2133 5.072932e+02
2169 5.072855e+02
2194 5.042289e+02
2425 5.020404e+02
2447 5.002688e+02
2473 4.975247e+02
2523 4.967233e+02
2661 4.966714e+02
2701 4.948238e+02
2742 4.940784e+02
2756 4.934951e+02
2771 4.934483e+02
2833 4.933419e+02
2879 4.922726e+02
2959 4.917572e+02
2975 4.914498e+02
2982 4.909950e+02
3038 4.908300e+02
3174 4.907541e+02
3197 4.904806e+02
3239 4.899838e+02
3435 4.899759e+02
3438 4.892400e+02
3557 4.890588e+02
3579 4.890398e+02
3584 4.887598e+02
3644 4.886780e+02
3673 4.886017e+02
3687 4.882938e+02
3837 4.881978e+02
3898 4.878817e+02
3982 4.878505e+02
4120 4.878433e+02
4122 4.877080e+02
4354 4.877000e+02
4364 4.876807e+02
4379 4.876600e+02
4407 4.875172e+02
4545 4.875163e+02
4567 4.875053e+02
4594 4.875027e+02
4604 4.874973e+02
4622 4.874664e+02
4655 4.874318e+02
4755 4.873928e+02
4817 4.873727e+02
4898 4.873671e+02
4901 4.873547e+02
4972 4.873440e+02
5084 4.873268e+02
5141 4.873195e+02
5321 4.873163e+02
5349 4.873021e+02
5384 4.872878e+02
5396 4.872852e+02
5496 4.872773e+02
5527 4.872738e+02
5546 4.872605e+02
5666 4.872600e+02
5735 4.872463e+02
5823 4.872423e+02
5845 4.872319e+02
5922 4.872303e+02
5954 4.872198e+02
6013 4.872170e+02
6062 4.872159e+02
6133 4.872134e+02
6155 4.872116e+02
6170 4.872108e+02
6211 4.872103e+02
6229 4.872024e+02
6403 4.872024e+02
6417 4.872020e+02
6444 4.871974e+02
6472 4.871965e+02
6537 4.871961e+02
6538 4.871953e+02
6612 4.871945e+02
6646 4.871933e+02
6777 4.871930e+02
6811 4.871923e+02
6838 4.871919e+02
6853 4.871916e+02
6917 4.871911e+02
6985 4.871907e+02
7048 4.871906e+02
7069 4.871897e+02
7113 4.871894e+02
7168 4.871892e+02
7182 4.871888e+02
7202 4.871882e+02
7333 4.871881e+02
7342 4.871873e+02
7393 4.871871e+02
7479 4.871870e+02
7521 4.871870e+02
7530 4.871868e+02
7556 4.871867e+02
7563 4.871867e+02
7601 4.871867e+02
7612 4.871865e+02
7613 4.871864e+02
7645 4.871864e+02
7708 4.871864e+02
7736 4.871864e+02
7742 4.871863e+02
7749 4.871862e+02
7774 4.871862e+02
7816 4.871862e+02
7842 4.871859e+02
7910 4.871857e+02
8033 4.871857e+02
8038 4.871857e+02
8095 4.871856e+02
8111 4.871856e+02
8218 4.871855e+02
8291 4.871855e+02
8295 4.871855e+02
8321 4.871855e+02
8336 4.871855e+02
8359 4.871855e+02
8386 4.871854e+02
8413 4.871854e+02
8464 4.871854e+02
8486 4.871854e+02
8506 4.871854e+02
8547 4.871854e+02
8573 4.871854e+02
8606 4.871854e+02
8651 4.871854e+02
8687 4.871854e+02
8743 4.871854e+02
8758 4.871854e+02
8767 4.871854e+02
8781 4.871854e+02
8827 4.871854e+02
8842 4.871854e+02
8866 4.871854e+02
8869 4.871854e+02
8908 4.871854e+02
8927 4.871854e+02
8958 4.871854e+02
9002 4.871854e+02
9078 4.871854e+02
9097 4.871854e+02
9113 4.871854e+02
9139 4.871854e+02
9142 4.871854e+02
9152 4.871854e+02
9158 4.871854e+02
9180 4.871854e+02
9217 4.871854e+02
9386 4.871854e+02
9425 4.871854e+02
9504 4.871854e+02
9506 4.871854e+02
9536 4.871854e+02
9582 4.871854e+02
9618 4.871854e+02
9697 4.871854e+02
9713 4.871854e+02
9717 4.871854e+02
9720 4.871854e+02
9751 4.871854e+02
9770 4.871854e+02
9779 4.871854e+02
9793 4.871854e+02
9816 4.871854e+02
9905 4.871854e+02
9947 4.871854e+02
9960 4.871854e+02
10023 4.871854e+02
10029 4.871854e+02
10035 4.871854e+02
10036 4.871854e+02
10150 4.871854e+02
10235 4.871854e+02
10265 4.871854e+02
13415 4.817480e+02
13456 4.732537e+02
13581 4.676444e+02
13687 4.612959e+02
13796 4.592542e+02
13859 4.557981e+02
13908 4.436685e+02
13916 4.345234e+02
14012 4.294313e+02
14051 4.196686e+02
14175 4.186040e+02
14234 4.183878e+02
14269 4.160182e+02
14288 3.896122e+02
14411 3.889612e+02
14443 3.840969e+02
14460 3.833865e+02
14575 3.796709e+02
14766 3.707778e+02
14817 3.649132e+02
14888 3.591133e+02
14930 3.585149e+02
14937 3.519383e+02
14962 3.510967e+02
45012 3.506487e+02
45107 3.500604e+02
45249 3.496973e+02
45295 3.482954e+02
45296 3.476547e+02
45339 3.374774e+02
45381 3.365427e+02
45527 3.324122e+02
45716 3.299112e+02
45825 3.296195e+02
45850 3.247733e+02
45933 3.208514e+02
46102 3.201638e+02
46180 3.190682e+02
46277 3.173677e+02
46426 3.163654e+02
46547 3.159411e+02
46551 3.155993e+02
46559 3.144156e+02
46675 3.141529e+02
46815 3.118739e+02
47068 3.101701e+02
47243 3.100837e+02
47314 3.099792e+02
47350 3.097238e+02
47385 3.085535e+02
47434 3.063368e+02
47781 3.058859e+02
48039 3.057051e+02
48108 3.055871e+02
48162 3.054709e+02
48211 3.052102e+02
48230 3.050137e+02
48284 3.031145e+02
48873 3.025969e+02
49248 3.025507e+02
49262 3.022049e+02
49645 3.015953e+02
49851 3.015578e+02
49926 3.014814e+02
50021 3.013030e+02
50230 3.012367e+02
50259 3.011736e+02
50346 3.011513e+02
50350 3.010793e+02
50653 3.009655e+02
50780 3.009054e+02
50845 3.008975e+02
50977 3.007580e+02
51085 3.007024e+02
51191 3.006684e+02
51247 3.005045e+02
51581 3.004618e+02
51654 3.004615e+02
51734 3.004266e+02
51757 3.004133e+02
51797 3.003910e+02
51873 3.003651e+02
51875 3.003348e+02
51921 3.002921e+02
52078 3.002819e+02
52317 3.002775e+02
52333 3.002444e+02
52342 3.001835e+02
52681 3.001220e+02
53129 3.001117e+02
53425 3.001072e+02
53458 3.001044e+02
53502 3.001002e+02
53622 3.000768e+02
53889 3.000659e+02
54417 3.000544e+02
54501 3.000495e+02
54541 3.000478e+02
54672 3.000337e+02
55103 3.000311e+02
55279 3.000226e+02
55706 3.000180e+02
55857 3.000178e+02
56039 3.000152e+02
56264 3.000134e+02
56383 3.000128e+02
56441 3.000118e+02
56518 3.000101e+02
56602 3.000096e+02
56699 3.000094e+02
56720 3.000094e+02
56773 3.000065e+02
56898 3.000063e+02
57491 3.000058e+02
57569 3.000045e+02
57852 3.000045e+02
57882 3.000040e+02
58013 3.000029e+02
58347 3.000026e+02
58513 3.000023e+02
58522 3.000016e+02
59069 3.000014e+02
59386 3.000013e+02
59492 3.000012e+02
59526 3.000011e+02
59527 3.000010e+02
59930 3.000010e+02
59978 3.000008e+02
60051 3.000006e+02
60325 3.000005e+02
60599 3.000004e+02
60949 3.000003e+02
61015 3.000003e+02
61022 3.000003e+02
61138 3.000003e+02
61341 3.000002e+02
61405 3.000002e+02
61466 3.000001e+02
61989 3.000001e+02
62041 3.000001e+02
62075 3.000001e+02
62208 3.000001e+02
62218 3.000001e+02
62229 3.000000e+02
62556 3.000000e+02
62610 3.000000e+02
62704 3.000000e+02
63042 3.000000e+02
63364 3.000000e+02
63402 3.000000e+02
63424 3.000000e+02
63449 3.000000e+02
63541 3.000000e+02
63701 3.000000e+02
63896 3.000000e+02
63988 3.000000e+02
64237 3.000000e+02
64525 3.000000e+02
64541 3.000000e+02
64572 3.000000e+02
64652 3.000000e+02
64790 3.000000e+02
64835 3.000000e+02
64998 3.000000e+02
65174 3.000000e+02
65219 3.000000e+02
65254 3.000000e+02
65296 3.000000e+02
65337 3.000000e+02
65838 3.000000e+02
65893 3.000000e+02
65906 3.000000e+02
65988 3.000000e+02
66006 3.000000e+02
66105 3.000000e+02
66442 3.000000e+02
66535 3.000000e+02
66590 3.000000e+02
66619 3.000000e+02
66669 3.000000e+02
66817 3.000000e+02
66928 3.000000e+02
66976 3.000000e+02
67028 3.000000e+02
67209 3.000000e+02
67247 3.000000e+02
67252 3.000000e+02
67267 3.000000e+02
67315 3.000000e+02
67380 3.000000e+02
67412 3.000000e+02
67527 3.000000e+02
67697 3.000000e+02
67777 3.000000e+02
