1 6.846224e+01
2 5.551587e+01
5 5.513637e+01
15 5.392339e+01
19 5.261391e+01
60 5.257833e+01
67 5.180317e+01
124 4.752773e+01
233 4.741898e+01
247 4.628446e+01
996 4.330284e+01
1399 4.283453e+01
2049 4.119427e+01
2236 3.931129e+01
2293 3.903550e+01
2528 3.897436e+01
2954 3.566180e+01
3101 3.336368e+01
3206 3.009319e+01
3489 2.947288e+01
3763 2.734515e+01
4014 2.462194e+01
4465 2.313272e+01
4677 2.306095e+01
4697 2.273611e+01
4717 2.134225e+01
4781 2.086069e+01
4971 2.066957e+01
5144 2.024868e+01
5181 1.930766e+01
5402 1.846741e+01
5527 1.823544e+01
5567 1.605928e+01
5997 1.479483e+01
6295 1.416102e+01
6637 1.404130e+01
6693 1.400973e+01
6700 1.369433e+01
6865 1.364256e+01
6874 1.361109e+01
6908 1.328767e+01
6911 1.322678e+01
7022 1.303480e+01
7066 1.264610e+01
7111 1.236012e+01
7197 1.149053e+01
7434 1.114904e+01
7783 1.098296e+01
7813 1.076804e+01
7916 1.075299e+01
7925 1.005796e+01
8478 9.831935e+00
8537 9.551693e+00
8545 9.383854e+00
8872 9.212390e+00
8877 9.075118e+00
8956 9.045067e+00
9157 8.995553e+00
9239 8.736326e+00
9352 8.727254e+00
9365 8.702641e+00
9367 8.682949e+00
9402 8.555377e+00
9535 8.507608e+00
9654 8.479696e+00
9763 8.414850e+00
9775 8.164966e+00
9860 8.134194e+00
10060 8.104218e+00
10186 8.032055e+00
10467 8.023322e+00
10482 7.961574e+00
10514 7.915174e+00
10746 7.902345e+00
11023 7.880397e+00
11041 7.839394e+00
11145 7.806221e+00
11227 7.796207e+00
11231 7.750106e+00
11252 7.724667e+00
11439 7.702716e+00
11456 7.697547e+00
11466 7.680422e+00
11485 7.670788e+00
11493 7.630305e+00
11499 7.537660e+00
11581 7.524974e+00
11683 7.507804e+00
11703 7.487033e+00
11707 7.454739e+00
11799 7.425300e+00
12140 7.407423e+00
12153 7.386842e+00
12171 7.380923e+00
12226 7.371005e+00
12283 7.357737e+00
12323 7.332104e+00
12395 7.326965e+00
12422 7.311248e+00
12593 7.292143e+00
12799 7.271568e+00
12835 7.261186e+00
12858 7.245497e+00
12886 7.239834e+00
12960 7.235718e+00
12991 7.230977e+00
13051 7.190330e+00
13114 7.153679e+00
13429 7.153638e+00
13454 7.140949e+00
13496 7.140147e+00
13557 7.136787e+00
13630 7.131490e+00
13672 7.116682e+00
13692 7.115407e+00
13715 7.109383e+00
13747 7.103139e+00
13763 7.101406e+00
13785 7.087044e+00
13794 7.083487e+00
13827 7.082597e+00
13883 7.082256e+00
13907 7.081337e+00
13945 7.079596e+00
13967 7.066921e+00
14008 7.053181e+00
14044 7.049614e+00
14069 7.040486e+00
14093 7.031481e+00
14524 7.031086e+00
14629 7.029750e+00
14687 7.026423e+00
14696 7.017860e+00
14736 7.016480e+00
14824 7.008894e+00
15039 7.006721e+00
15113 6.997801e+00
15231 6.991563e+00
15705 6.981063e+00
16147 6.980933e+00
16161 6.980238e+00
16262 6.979497e+00
16266 6.972556e+00
16353 6.971766e+00
16398 6.967029e+00
16545 6.966925e+00
16682 6.966712e+00
16692 6.966551e+00
16715 6.966203e+00
16725 6.963747e+00
16770 6.958043e+00
16992 6.957773e+00
17011 6.957209e+00
17204 6.956803e+00
17207 6.956573e+00
17211 6.956056e+00
17274 6.955624e+00
17326 6.954446e+00
17448 6.954167e+00
17449 6.952187e+00
17471 6.950546e+00
17632 6.949646e+00
17741 6.945890e+00
17899 6.943965e+00
18015 6.943678e+00
18050 6.943191e+00
18094 6.942593e+00
18139 6.941159e+00
18209 6.940077e+00
18225 6.938267e+00
18358 6.937542e+00
18444 6.936805e+00
18587 6.935895e+00
18657 6.935850e+00
18701 6.935345e+00
18794 6.935337e+00
18830 6.934125e+00
18919 6.933754e+00
19067 6.933423e+00
19081 6.932821e+00
19110 6.932212e+00
19159 6.932195e+00
19234 6.931923e+00
19268 6.931617e+00
19370 6.931259e+00
19410 6.931229e+00
19416 6.931213e+00
19428 6.931195e+00
19431 6.930344e+00
19585 6.929583e+00
19745 6.928656e+00
20017 6.928336e+00
20239 6.927870e+00
20261 6.927856e+00
20303 6.927705e+00
20313 6.927598e+00
20320 6.927549e+00
20328 6.927486e+00
20356 6.927432e+00
20376 6.927266e+00
20416 6.927232e+00
20450 6.927068e+00
20478 6.926864e+00
20484 6.926787e+00
20517 6.926548e+00
20547 6.926447e+00
20609 6.926086e+00
20701 6.926082e+00
20768 6.926030e+00
20828 6.925641e+00
20985 6.925436e+00
21076 6.925080e+00
21272 6.924987e+00
21280 6.924912e+00
21403 6.924544e+00
21577 6.924485e+00
21713 6.924194e+00
21853 6.924146e+00
21954 6.924124e+00
21966 6.924013e+00
22001 6.924011e+00
22099 6.923967e+00
22123 6.923948e+00
22197 6.923894e+00
22241 6.923875e+00
22279 6.923796e+00
22351 6.923778e+00
22397 6.923765e+00
22449 6.923709e+00
22468 6.923667e+00
22545 6.923655e+00
22562 6.923646e+00
22574 6.923641e+00
22578 6.923452e+00
22787 6.923383e+00
22861 6.923314e+00
23240 6.923178e+00
23736 6.923114e+00
23820 6.923100e+00
23827 6.923094e+00
23886 6.923085e+00
23915 6.923080e+00
23923 6.923044e+00
23985 6.922985e+00
24039 6.922971e+00
24104 6.922955e+00
24123 6.922904e+00
24156 6.922890e+00
24282 6.922878e+00
24284 6.922852e+00
24410 6.922825e+00
24470 6.922807e+00
24499 6.922804e+00
24559 6.922771e+00
24675 6.922752e+00
24708 6.922740e+00
24761 6.922706e+00
24809 6.922666e+00
24845 6.922665e+00
24857 6.922664e+00
24926 6.922651e+00
25022 6.922645e+00
25036 6.922627e+00
25118 6.922613e+00
25232 6.922609e+00
25251 6.922605e+00
25288 6.922599e+00
25307 6.922596e+00
25343 6.922575e+00
25359 6.922565e+00
25386 6.922546e+00
25600 6.922535e+00
25619 6.922527e+00
25743 6.922518e+00
25849 6.922514e+00
25912 6.922509e+00
25916 6.922508e+00
25933 6.922508e+00
25949 6.922501e+00
26033 6.922497e+00
26110 6.922493e+00
26114 6.922489e+00
26196 6.922488e+00
26281 6.922485e+00
26303 6.922474e+00
26386 6.922469e+00
26444 6.922469e+00
26498 6.922461e+00
26546 6.922453e+00
26650 6.922448e+00
26709 6.922447e+00
26831 6.922446e+00
26859 6.922445e+00
26913 6.922445e+00
26943 6.922443e+00
26961 6.922441e+00
27017 6.922441e+00
27070 6.922439e+00
27077 6.922438e+00
27127 6.922432e+00
27225 6.922431e+00
27277 6.922428e+00
27341 6.922426e+00
27364 6.922423e+00
27573 6.922419e+00
27574 6.922417e+00
27769 6.922416e+00
27787 6.922416e+00
27918 6.922416e+00
27949 6.922416e+00
28017 6.922416e+00
28021 6.922415e+00
28040 6.922415e+00
28079 6.922414e+00
28118 6.922414e+00
28122 6.922414e+00
28184 6.922414e+00
28187 6.922413e+00
28194 6.922413e+00
28246 6.922413e+00
28437 6.922413e+00
28439 6.922413e+00
28456 6.922413e+00
28480 6.922413e+00
28550 6.922413e+00
28554 6.922413e+00
28578 6.922413e+00
28602 6.922413e+00
28608 6.922413e+00
28626 6.922412e+00
28650 6.922412e+00
28660 6.922412e+00
28676 6.922412e+00
28724 6.922412e+00
28734 6.922412e+00
28736 6.922412e+00
28810 6.922412e+00
28854 6.922412e+00
28871 6.922412e+00
28884 6.922412e+00
28914 6.922412e+00
29126 6.922412e+00
29191 6.922412e+00
29226 6.922412e+00
29231 6.922412e+00
29261 6.922412e+00
29266 6.922412e+00
29273 6.922412e+00
29293 6.922412e+00
29302 6.922412e+00
29384 6.922412e+00
29466 6.922412e+00
29476 6.922412e+00
29549 6.922412e+00
29591 6.922412e+00
29593 6.922412e+00
29608 6.922412e+00
29697 6.922412e+00
29820 6.922412e+00
29893 6.922412e+00
29958 6.922412e+00
29980 6.922412e+00
30020 6.922412e+00
30060 6.922412e+00
30091 6.922412e+00
30108 6.922412e+00
30182 6.922412e+00
30185 6.922412e+00
30214 6.922412e+00
30262 6.922412e+00
30288 6.922412e+00
30338 6.922412e+00
30391 6.922412e+00
30436 6.922412e+00
30820 6.922412e+00
30825 6.922412e+00
30891 6.922412e+00
30952 6.922412e+00
30962 6.922412e+00
31009 6.922412e+00
31041 6.922412e+00
31050 6.922412e+00
31061 6.922412e+00
31110 6.922412e+00
31116 6.922412e+00
31227 6.922412e+00
31268 6.922412e+00
31320 6.922412e+00
31333 6.922412e+00
31358 6.922412e+00
31475 6.922412e+00
31533 6.922412e+00
31682 6.922412e+00
31777 6.922412e+00
31793 6.922412e+00
31860 6.922412e+00
31868 6.922412e+00
32081 6.922412e+00
32134 6.922412e+00
32181 6.922412e+00
32268 6.922412e+00
32373 6.922412e+00
32491 6.922412e+00
32572 6.922412e+00
32597 6.922412e+00
155826 6.908864e+00
156071 6.811712e+00
156397 6.635608e+00
157422 6.599504e+00
157430 6.570928e+00
157594 6.535529e+00
157824 6.495087e+00
158079 6.417402e+00
158501 6.413059e+00
158548 6.373045e+00
158597 6.354108e+00
158605 6.221036e+00
158628 6.198354e+00
158838 6.189724e+00
158858 6.164161e+00
159281 6.058568e+00
159505 6.053410e+00
159509 6.032834e+00
159613 6.009120e+00
160174 6.003316e+00
160206 5.984005e+00
160328 5.979991e+00
160523 5.972069e+00
160546 5.955865e+00
160631 5.935773e+00
160636 5.817330e+00
160756 5.816547e+00
161547 5.791360e+00
162046 5.755379e+00
162176 5.747387e+00
162410 5.700864e+00
162747 5.683124e+00
162844 5.664485e+00
162903 5.605896e+00
163500 5.567258e+00
163940 5.561576e+00
163993 5.537732e+00
164940 5.514260e+00
164941 5.513841e+00
165084 5.490411e+00
165266 5.484725e+00
165398 5.469252e+00
165515 5.442119e+00
165559 5.418224e+00
165777 5.392296e+00
165848 5.381673e+00
166083 5.375757e+00
166418 5.341311e+00
166763 5.329625e+00
166815 5.299990e+00
167715 5.271085e+00
167793 5.271041e+00
167921 5.268148e+00
168085 5.268065e+00
168196 5.265984e+00
168216 5.262219e+00
168246 5.256847e+00
168565 5.254170e+00
168575 5.247617e+00
168629 5.238900e+00
168749 5.219552e+00
168827 5.216340e+00
168984 5.206129e+00
169295 5.201860e+00
169543 5.197405e+00
169550 5.178016e+00
169967 5.172211e+00
170000 5.157233e+00
170207 5.146337e+00
170478 5.136860e+00
170873 5.136331e+00
170878 5.135723e+00
170891 5.131531e+00
170963 5.129550e+00
171047 5.126405e+00
171067 5.115261e+00
171369 5.107524e+00
171407 5.105508e+00
171759 5.090141e+00
172337 5.083500e+00
172594 5.078180e+00
172599 5.073909e+00
173069 5.069281e+00
173255 5.067542e+00
173504 5.063262e+00
173652 5.061364e+00
173694 5.057542e+00
173712 5.053821e+00
173849 5.051889e+00
174566 5.051629e+00
174783 5.051589e+00
174871 5.051098e+00
174901 5.048339e+00
174931 5.048080e+00
175039 5.047572e+00
175053 5.047231e+00
175058 5.046560e+00
175064 5.046405e+00
175084 5.045151e+00
175153 5.040479e+00
175250 5.036787e+00
175475 5.036037e+00
175821 5.035635e+00
175901 5.034811e+00
175971 5.034625e+00
176218 5.033706e+00
176271 5.032900e+00
176454 5.030506e+00
176515 5.029525e+00
176557 5.024924e+00
177334 5.024837e+00
177425 5.024072e+00
177466 5.023417e+00
177557 5.023219e+00
177568 5.019464e+00
177705 5.016952e+00
177899 5.015011e+00
178042 5.014590e+00
178135 5.014320e+00
178288 5.012916e+00
178580 5.011752e+00
178642 5.011670e+00
178837 5.011531e+00
178941 5.010655e+00
178961 5.009123e+00
179070 5.007737e+00
179231 5.007250e+00
179331 5.006325e+00
179443 5.004902e+00
179696 5.004275e+00
180240 5.004121e+00
180255 5.001934e+00
180960 5.001508e+00
181024 5.001369e+00
181134 5.000794e+00
181311 5.000545e+00
181555 5.000516e+00
181778 5.000281e+00
181846 4.999799e+00
181948 4.999398e+00
182080 4.999245e+00
182198 4.998889e+00
182490 4.998158e+00
182562 4.997571e+00
182669 4.997368e+00
182784 4.997279e+00
182945 4.996586e+00
183008 4.996457e+00
183386 4.996100e+00
183464 4.995383e+00
183609 4.995350e+00
183616 4.994988e+00
183854 4.994945e+00
184038 4.994738e+00
184039 4.994365e+00
184524 4.994270e+00
184544 4.994264e+00
184620 4.993623e+00
184766 4.993365e+00
184791 4.993304e+00
185096 4.993039e+00
185112 4.992916e+00
185327 4.992819e+00
185333 4.992658e+00
185660 4.992285e+00
185751 4.992213e+00
185835 4.992199e+00
186131 4.992010e+00
186164 4.991965e+00
186228 4.991935e+00
186250 4.991230e+00
186548 4.991118e+00
186987 4.990763e+00
188086 4.990633e+00
188336 4.990591e+00
188436 4.990484e+00
188444 4.990422e+00
188447 4.990406e+00
188530 4.990282e+00
189222 4.990165e+00
189641 4.990143e+00
189695 4.990059e+00
189947 4.990044e+00
190078 4.989521e+00
190703 4.989329e+00
190933 4.989214e+00
191134 4.988901e+00
191271 4.988859e+00
191528 4.988814e+00
191708 4.988482e+00
192101 4.988358e+00
192312 4.988246e+00
192447 4.988204e+00
192541 4.988066e+00
192699 4.987898e+00
192870 4.987880e+00
192877 4.987846e+00
193025 4.987834e+00
193053 4.987673e+00
193355 4.987598e+00
193386 4.987567e+00
193685 4.987455e+00
193975 4.987442e+00
194024 4.987392e+00
194292 4.987286e+00
194354 4.987100e+00
194732 4.986984e+00
195167 4.986917e+00
195327 4.986907e+00
195342 4.986887e+00
195413 4.986821e+00
195583 4.986804e+00
195710 4.986767e+00
195736 4.986715e+00
195783 4.986697e+00
196038 4.986695e+00
196065 4.986664e+00
196167 4.986642e+00
196231 4.986625e+00
196233 4.986620e+00
196429 4.986554e+00
196540 4.986539e+00
196579 4.986482e+00
196597 4.986466e+00
196734 4.986422e+00
196990 4.986370e+00
197174 4.986332e+00
197933 4.986330e+00
198010 4.986315e+00
198069 4.986309e+00
198072 4.986300e+00
198126 4.986294e+00
198399 4.986281e+00
198435 4.986268e+00
198598 4.986243e+00
198949 4.986237e+00
199127 4.986233e+00
199190 4.986197e+00
199192 4.986179e+00
199515 4.986165e+00
199640 4.986124e+00
200127 4.986123e+00
200193 4.986122e+00
200344 4.986107e+00
200475 4.986104e+00
200555 4.986081e+00
201128 4.986080e+00
201219 4.986065e+00
201232 4.986063e+00
201632 4.986043e+00
201838 4.986042e+00
201939 4.986041e+00
201979 4.986037e+00
201981 4.986033e+00
202040 4.986028e+00
202259 4.986027e+00
202403 4.986025e+00
202427 4.986023e+00
202470 4.986021e+00
202499 4.986021e+00
202565 4.986018e+00
202644 4.986013e+00
202672 4.986005e+00
202681 4.986004e+00
202691 4.986002e+00
202849 4.985994e+00
203210 4.985989e+00
203552 4.985988e+00
203576 4.985984e+00
203588 4.985980e+00
203888 4.985976e+00
204010 4.985975e+00
204056 4.985970e+00
204162 4.985966e+00
204383 4.985966e+00
204420 4.985966e+00
204433 4.985960e+00
204482 4.985956e+00
204631 4.985955e+00
204855 4.985954e+00
205052 4.985952e+00
205090 4.985947e+00
205553 4.985945e+00
205865 4.985937e+00
206113 4.985936e+00
206418 4.985936e+00
206449 4.985935e+00
206455 4.985933e+00
206535 4.985930e+00
206910 4.985928e+00
206933 4.985928e+00
207046 4.985927e+00
207219 4.985927e+00
207339 4.985926e+00
207379 4.985925e+00
207626 4.985924e+00
207654 4.985924e+00
207672 4.985924e+00
208042 4.985924e+00
208100 4.985923e+00
208439 4.985923e+00
208530 4.985923e+00
208627 4.985923e+00
208764 4.985922e+00
208785 4.985922e+00
208857 4.985922e+00
208883 4.985922e+00
209064 4.985922e+00
209124 4.985922e+00
209208 4.985922e+00
209224 4.985922e+00
209245 4.985922e+00
209400 4.985922e+00
209473 4.985922e+00
209797 4.985921e+00
210333 4.985921e+00
210570 4.985921e+00
210615 4.985921e+00
210655 4.985921e+00
210668 4.985921e+00
210721 4.985921e+00
210735 4.985921e+00
211196 4.985921e+00
211198 4.985921e+00
211232 4.985921e+00
211269 4.985921e+00
211288 4.985921e+00
211328 4.985921e+00
211450 4.985921e+00
211478 4.985921e+00
211516 4.985921e+00
212083 4.985921e+00
212334 4.985921e+00
212415 4.985921e+00
212447 4.985921e+00
212727 4.985921e+00
213094 4.985921e+00
213189 4.985921e+00
213287 4.985921e+00
213349 4.985921e+00
213399 4.985921e+00
213438 4.985921e+00
213529 4.985921e+00
213640 4.985921e+00
213682 4.985921e+00
213702 4.985921e+00
213728 4.985921e+00
213748 4.985921e+00
213971 4.985921e+00
213984 4.985921e+00
214338 4.985921e+00
214450 4.985921e+00
214550 4.985921e+00
214680 4.985921e+00
214713 4.985921e+00
214764 4.985921e+00
214937 4.985921e+00
214997 4.985921e+00
215023 4.985921e+00
215055 4.985921e+00
215060 4.985921e+00
215141 4.985921e+00
215260 4.985921e+00
215307 4.985921e+00
215392 4.985921e+00
215418 4.985921e+00
215462 4.985921e+00
215810 4.985921e+00
215842 4.985921e+00
215877 4.985921e+00
216011 4.985921e+00
216080 4.985921e+00
216348 4.985921e+00
216353 4.985921e+00
216429 4.985921e+00
216588 4.985921e+00
216758 4.985921e+00
216791 4.985921e+00
216930 4.985921e+00
217040 4.985921e+00
