1 4.202174e+03
2 3.801182e+03
5 3.716003e+03
10 3.670636e+03
13 3.594827e+03
52 3.492588e+03
63 3.280279e+03
64 3.163984e+03
75 3.122552e+03
98 2.737342e+03
504 2.661975e+03
514 2.575927e+03
636 2.312069e+03
899 2.217914e+03
1031 2.070426e+03
1511 2.019416e+03
1623 1.659221e+03
1734 1.517573e+03
2704 1.138989e+03
2869 8.546839e+02
3589 6.856148e+02
3660 6.794210e+02
3703 6.421940e+02
3717 5.915424e+02
3788 5.884752e+02
3811 4.170128e+02
3868 3.875649e+02
3898 3.867472e+02
3925 3.699362e+02
3936 3.487814e+02
3964 3.377337e+02
4053 3.350656e+02
4068 3.284547e+02
4072 3.161078e+02
4089 3.129396e+02
4090 3.117507e+02
4128 3.100840e+02
4175 2.995340e+02
4208 2.892805e+02
4260 2.858273e+02
4277 2.843541e+02
4284 2.823127e+02
4291 2.822445e+02
4315 2.794053e+02
4393 2.763771e+02
4448 2.752915e+02
4514 2.741357e+02
4557 2.734957e+02
4565 2.730236e+02
4588 2.729947e+02
4642 2.721169e+02
4764 2.717641e+02
4776 2.717086e+02
4777 2.710110e+02
5037 2.709810e+02
5082 2.709489e+02
5118 2.709438e+02
5122 2.709379e+02
5127 2.709073e+02
5189 2.708925e+02
5194 2.708722e+02
5316 2.708710e+02
5353 2.708553e+02
5359 2.708482e+02
5399 2.708454e+02
5440 2.708444e+02
5455 2.708336e+02
5661 2.708334e+02
5676 2.708329e+02
5689 2.708329e+02
5698 2.708326e+02
5723 2.708325e+02
5734 2.708324e+02
5765 2.708323e+02
5770 2.708321e+02
5783 2.708319e+02
5825 2.708319e+02
5849 2.708318e+02
5866 2.708318e+02
5873 2.708318e+02
5895 2.708317e+02
5898 2.708316e+02
5941 2.708316e+02
5953 2.708315e+02
6031 2.708315e+02
6043 2.708315e+02
6066 2.708315e+02
6070 2.708315e+02
6088 2.708315e+02
6109 2.708314e+02
6131 2.708314e+02
6150 2.708314e+02
6174 2.708314e+02
6246 2.708314e+02
6254 2.708314e+02
6273 2.708314e+02
6278 2.708314e+02
6279 2.708314e+02
6297 2.708314e+02
6298 2.708314e+02
6313 2.708314e+02
6325 2.708314e+02
6360 2.708314e+02
6403 2.708314e+02
6422 2.708314e+02
6432 2.708314e+02
6485 2.708314e+02
6544 2.708314e+02
6588 2.708314e+02
6683 2.708314e+02
6797 2.708314e+02
6853 2.708314e+02
6861 2.708314e+02
6932 2.708314e+02
7025 2.708314e+02
7040 2.708314e+02
7056 2.708314e+02
7110 2.708314e+02
7111 2.708314e+02
7184 2.708314e+02
7187 2.708314e+02
7204 2.708314e+02
7242 2.708314e+02
7346 2.708314e+02
7358 2.708314e+02
7382 2.708314e+02
7385 2.708314e+02
7396 2.708314e+02
7429 2.708314e+02
7448 2.708314e+02
7533 2.708314e+02
7550 2.708314e+02
7659 2.708314e+02
7671 2.708314e+02
7758 2.708314e+02
48582 2.422363e+02
48992 2.224129e+02
49130 2.185796e+02
49136 1.584185e+02
49278 1.191336e+02
49493 1.110933e+02
49894 1.031303e+02
50057 9.827934e+01
50059 9.729417e+01
50075 9.318334e+01
50176 9.105447e+01
50219 8.769200e+01
50238 8.573625e+01
50273 8.220244e+01
50404 8.216712e+01
50455 8.044499e+01
50500 8.029125e+01
50663 8.014386e+01
50730 7.737049e+01
50761 7.728233e+01
50826 7.625685e+01
51079 7.624265e+01
51133 7.587465e+01
51163 7.532026e+01
51247 7.507997e+01
51468 7.480193e+01
51579 7.478215e+01
51632 7.464502e+01
51694 7.462663e+01
51926 7.461691e+01
51979 7.461072e+01
52019 7.460463e+01
52024 7.453996e+01
52223 7.450531e+01
52397 7.449208e+01
52672 7.449183e+01
52770 7.449082e+01
52797 7.449021e+01
52856 7.448986e+01
52887 7.448811e+01
52927 7.448725e+01
53146 7.448649e+01
53221 7.448576e+01
53268 7.448549e+01
53463 7.448537e+01
53528 7.448534e+01
53557 7.448529e+01
53576 7.448516e+01
53860 7.448514e+01
53891 7.448513e+01
53897 7.448512e+01
53921 7.448508e+01
53965 7.448504e+01
54037 7.448499e+01
54204 7.448498e+01
54318 7.448498e+01
54451 7.448498e+01
54468 7.448497e+01
54476 7.448497e+01
54555 7.448497e+01
54616 7.448497e+01
54653 7.448497e+01
54775 7.448496e+01
54789 7.448496e+01
54823 7.448496e+01
54838 7.448496e+01
55031 7.448496e+01
55061 7.448496e+01
55072 7.448496e+01
55108 7.448496e+01
55121 7.448496e+01
55199 7.448496e+01
55200 7.448496e+01
55207 7.448496e+01
55285 7.448496e+01
55464 7.448496e+01
55618 7.448496e+01
55647 7.448496e+01
55682 7.448496e+01
55897 7.448496e+01
55936 7.448496e+01
55937 7.448496e+01
56000 7.448496e+01
56022 7.448496e+01
56043 7.448496e+01
56152 7.448496e+01
56161 7.448496e+01
56168 7.448496e+01
56231 7.448496e+01
56359 7.448496e+01
56375 7.448496e+01
56468 7.448496e+01
56482 7.448496e+01
56511 7.448496e+01
56601 7.448496e+01
56686 7.448496e+01
56912 7.448496e+01
57060 7.448496e+01
57076 7.448496e+01
57085 7.448496e+01
57141 7.448496e+01
57417 7.448496e+01
57501 7.448496e+01
57628 7.448496e+01
57765 7.448496e+01
58059 7.448496e+01
58060 7.448496e+01
58145 7.448496e+01
58236 7.448496e+01
58267 7.448496e+01
58319 7.448496e+01
58371 7.448496e+01
58395 7.448496e+01
58408 7.448496e+01
58412 7.448496e+01
58413 7.448496e+01
58424 7.448496e+01
58440 7.448496e+01
58588 7.448496e+01
58651 7.448496e+01
58728 7.448496e+01
58736 7.448496e+01
58763 7.448496e+01
58787 7.448496e+01
58808 7.448496e+01
58817 7.448496e+01
59059 7.448496e+01
59088 7.448496e+01
59124 7.448496e+01
77439 7.436038e+01
77694 7.396222e+01
77745 7.348322e+01
77988 7.323595e+01
78358 7.310270e+01
78565 7.300018e+01
78963 7.299626e+01
79060 7.296837e+01
79234 7.296056e+01
79379 7.295956e+01
79385 7.294037e+01
79522 7.293291e+01
79562 7.292980e+01
79786 7.292894e+01
79797 7.292346e+01
79817 7.292147e+01
79948 7.291637e+01
80065 7.291290e+01
80181 7.291044e+01
80197 7.290928e+01
80465 7.290911e+01
80574 7.290799e+01
80834 7.290782e+01
81077 7.290775e+01
81178 7.290768e+01
81211 7.290747e+01
81238 7.290728e+01
81250 7.290712e+01
81498 7.290695e+01
81552 7.290685e+01
81566 7.290679e+01
81782 7.290674e+01
81783 7.290669e+01
81822 7.290669e+01
81925 7.290657e+01
82141 7.290654e+01
82288 7.290652e+01
82387 7.290651e+01
82427 7.290651e+01
82433 7.290649e+01
82478 7.290646e+01
82940 7.290645e+01
82970 7.290643e+01
83510 7.290643e+01
83559 7.290643e+01
83591 7.290643e+01
83740 7.290642e+01
83756 7.290642e+01
83830 7.290642e+01
84114 7.290642e+01
84136 7.290642e+01
84210 7.290642e+01
84295 7.290642e+01
84563 7.290642e+01
84571 7.290642e+01
84784 7.290642e+01
85051 7.290642e+01
85147 7.290642e+01
85205 7.290642e+01
85323 7.290642e+01
85455 7.290642e+01
85503 7.290642e+01
85791 7.290642e+01
85817 7.290642e+01
85862 7.290642e+01
86188 7.290642e+01
86350 7.290642e+01
86463 7.290642e+01
86614 7.290642e+01
86646 7.290642e+01
86659 7.290642e+01
86722 7.290642e+01
86834 7.290642e+01
86852 7.290642e+01
87025 7.290642e+01
87289 7.290642e+01
87573 7.290642e+01
87594 7.290642e+01
87637 7.290642e+01
87654 7.290642e+01
87723 7.290642e+01
87765 7.290642e+01
87863 7.290642e+01
87991 7.290642e+01
88063 7.290642e+01
88210 7.290642e+01
88274 7.290642e+01
88384 7.290642e+01
88617 7.290642e+01
88713 7.290642e+01
88849 7.290642e+01
88966 7.290642e+01
88972 7.290642e+01
89157 7.290642e+01
89247 7.290642e+01
89379 7.290642e+01
89701 7.290642e+01
89811 7.290642e+01
89949 7.290642e+01
