1 4.380538e+03
3 4.114874e+03
4 3.740926e+03
23 2.907707e+03
96 2.619327e+03
910 2.433372e+03
947 2.298586e+03
2335 2.135735e+03
2530 2.132951e+03
3374 2.081846e+03
3407 2.081151e+03
3504 1.682216e+03
3768 1.407968e+03
3929 1.322345e+03
4082 1.180760e+03
4154 1.083191e+03
4235 1.061340e+03
4286 1.014597e+03
4292 9.217735e+02
4394 8.760181e+02
4461 8.760114e+02
4488 8.222635e+02
4513 8.036908e+02
4529 7.971084e+02
4562 7.751709e+02
4572 7.704404e+02
4592 7.622471e+02
4642 7.593848e+02
4681 7.432197e+02
4731 7.401770e+02
4811 7.271253e+02
4837 7.217875e+02
4857 7.057990e+02
5000 7.017623e+02
5082 6.968945e+02
5106 6.933711e+02
5238 6.927561e+02
5239 6.899826e+02
5359 6.892934e+02
5366 6.886033e+02
5520 6.885662e+02
5530 6.885375e+02
5539 6.884358e+02
5549 6.882471e+02
5554 6.882008e+02
5565 6.881098e+02
5586 6.880699e+02
5620 6.880233e+02
5623 6.880008e+02
5629 6.879784e+02
5642 6.879630e+02
5652 6.879609e+02
5655 6.878744e+02
5680 6.878674e+02
5689 6.878573e+02
5694 6.878551e+02
5699 6.878456e+02
5728 6.877954e+02
5766 6.877691e+02
5849 6.877668e+02
5856 6.877532e+02
5878 6.877530e+02
5885 6.877489e+02
5892 6.877475e+02
5900 6.877427e+02
5949 6.877420e+02
5952 6.877352e+02
5997 6.877323e+02
6026 6.877314e+02
6033 6.877301e+02
6079 6.877296e+02
6083 6.877292e+02
6091 6.877289e+02
6118 6.877282e+02
6151 6.877275e+02
6158 6.877267e+02
6206 6.877262e+02
6261 6.877256e+02
6311 6.877256e+02
6357 6.877255e+02
6383 6.877255e+02
6437 6.877255e+02
6440 6.877254e+02
6443 6.877254e+02
6451 6.877254e+02
6465 6.877254e+02
6574 6.877254e+02
6605 6.877254e+02
6616 6.877254e+02
6626 6.877253e+02
6669 6.877253e+02
6674 6.877253e+02
6685 6.877253e+02
6738 6.877253e+02
6758 6.877253e+02
6761 6.877253e+02
6768 6.877253e+02
6784 6.877253e+02
6815 6.877253e+02
6873 6.877253e+02
6928 6.877253e+02
6981 6.877253e+02
6991 6.877253e+02
7000 6.877253e+02
7027 6.877253e+02
7090 6.877253e+02
7192 6.877253e+02
7238 6.877253e+02
7273 6.877253e+02
7422 6.877253e+02
7505 6.877253e+02
7548 6.877253e+02
7553 6.877253e+02
7558 6.877253e+02
7567 6.877253e+02
7687 6.877253e+02
7713 6.877253e+02
7734 6.877253e+02
7754 6.877253e+02
7866 6.877253e+02
7868 6.877253e+02
7885 6.877253e+02
7928 6.877253e+02
7942 6.877253e+02
7948 6.877253e+02
7958 6.877253e+02
7969 6.877253e+02
7987 6.877253e+02
8012 6.877253e+02
8018 6.877253e+02
8031 6.877253e+02
8083 6.877253e+02
8104 6.877253e+02
8131 6.877253e+02
8210 6.877253e+02
8250 6.877253e+02
8263 6.877253e+02
17921 6.790404e+02
17928 6.790404e+02
17931 6.790404e+02
17934 6.790404e+02
17937 6.790404e+02
17940 6.790404e+02
17943 6.790404e+02
17946 6.790404e+02
18057 6.790404e+02
18060 6.790404e+02
18063 6.790404e+02
18066 6.790404e+02
18069 6.790404e+02
18072 6.790404e+02
18075 6.790404e+02
18078 6.790404e+02
18081 6.790404e+02
18084 6.790404e+02
18086 5.861958e+02
18087 5.861958e+02
18090 5.861958e+02
18093 5.861958e+02
18095 4.613342e+02
18162 4.613342e+02
18165 4.613342e+02
18168 4.613342e+02
18170 4.612286e+02
18171 4.612286e+02
18173 4.608031e+02
18178 4.574428e+02
18187 4.503783e+02
18188 4.503783e+02
18191 4.503783e+02
18194 4.503783e+02
18197 4.503783e+02
18200 4.503783e+02
18203 4.503783e+02
18206 4.503783e+02
18208 4.425183e+02
18209 4.425183e+02
18212 4.425183e+02
18215 4.425183e+02
18218 4.425183e+02
18221 4.425183e+02
18224 4.425183e+02
18227 4.425183e+02
18230 4.425183e+02
18245 4.425183e+02
18248 4.425183e+02
18481 4.415099e+02
18483 4.284435e+02
18484 4.284435e+02
18487 4.284435e+02
18489 4.231956e+02
18491 4.034810e+02
18492 4.034810e+02
18495 4.034810e+02
18498 4.034810e+02
18501 4.034810e+02
18504 4.034810e+02
18507 4.034810e+02
18510 4.034810e+02
18513 4.034810e+02
18516 4.034810e+02
18519 4.034810e+02
18522 4.034810e+02
18525 4.034810e+02
18528 4.034810e+02
18531 4.034810e+02
18534 4.034810e+02
18552 4.034810e+02
18555 4.034810e+02
18558 4.034810e+02
18561 4.034810e+02
18564 4.034810e+02
18567 4.034810e+02
18570 4.034810e+02
18573 4.034810e+02
18576 4.034810e+02
18579 4.034810e+02
18582 4.034810e+02
18585 4.034810e+02
18588 4.034810e+02
18591 4.034810e+02
18594 4.034810e+02
18597 4.034810e+02
18600 4.034810e+02
18603 4.034810e+02
18606 4.034810e+02
18609 4.034810e+02
18612 4.034810e+02
18615 4.034810e+02
18618 4.034810e+02
18621 4.034810e+02
18763 4.027049e+02
18764 4.027049e+02
18765 4.016455e+02
18766 4.016455e+02
18767 4.004156e+02
18768 4.004156e+02
18769 3.998467e+02
18770 3.998467e+02
18773 3.998467e+02
18776 3.998467e+02
18779 3.998467e+02
18780 3.982472e+02
18781 3.982472e+02
18784 3.982472e+02
18786 3.968545e+02
18798 3.966745e+02
18810 3.961838e+02
18916 3.961838e+02
18919 3.961838e+02
18922 3.961838e+02
18925 3.961838e+02
18928 3.961838e+02
18931 3.961838e+02
18934 3.961838e+02
18937 3.961838e+02
18940 3.961838e+02
18943 3.961838e+02
18946 3.961838e+02
30002 3.961838e+02
30011 3.961838e+02
30014 3.961838e+02
30017 3.961838e+02
30020 3.961838e+02
30023 3.961838e+02
30026 3.961838e+02
30029 3.961838e+02
30032 3.961838e+02
30035 3.961838e+02
30038 3.961838e+02
30041 3.961838e+02
30044 3.961838e+02
30047 3.961838e+02
30050 3.961838e+02
30053 3.961838e+02
30056 3.961838e+02
30059 3.961838e+02
30062 3.961838e+02
30065 3.961838e+02
30068 3.961838e+02
30071 3.961838e+02
30074 3.961838e+02
30077 3.961838e+02
30080 3.961838e+02
30083 3.961838e+02
30086 3.961838e+02
30089 3.961838e+02
30092 3.961838e+02
30095 3.961838e+02
30098 3.961838e+02
30101 3.961838e+02
30104 3.961838e+02
30107 3.961838e+02
30110 3.961838e+02
30113 3.961838e+02
30116 3.961838e+02
30119 3.961838e+02
30122 3.961838e+02
30125 3.961838e+02
30128 3.961838e+02
30131 3.961838e+02
30134 3.961838e+02
30137 3.961838e+02
30140 3.961838e+02
30143 3.961838e+02
30146 3.961838e+02
30149 3.961838e+02
30152 3.961838e+02
30155 3.961838e+02
30158 3.961838e+02
30161 3.961838e+02
30164 3.961838e+02
30167 3.961838e+02
30170 3.961838e+02
30173 3.961838e+02
30176 3.961838e+02
30179 3.961838e+02
30182 3.961838e+02
30185 3.961838e+02
30188 3.961838e+02
30191 3.961838e+02
30194 3.961838e+02
30197 3.961838e+02
30200 3.961838e+02
30203 3.961838e+02
30206 3.961838e+02
30209 3.961838e+02
30212 3.961838e+02
30215 3.961838e+02
30218 3.961838e+02
30221 3.961838e+02
30224 3.961838e+02
30227 3.961838e+02
30230 3.961838e+02
30233 3.961838e+02
30236 3.961838e+02
30239 3.961838e+02
30242 3.961838e+02
30245 3.961838e+02
30248 3.961838e+02
30251 3.961838e+02
30254 3.961838e+02
30257 3.961838e+02
30260 3.961838e+02
30263 3.961838e+02
30266 3.961838e+02
30269 3.961838e+02
30272 3.961838e+02
30275 3.961838e+02
30278 3.961838e+02
30281 3.961838e+02
30284 3.961838e+02
30287 3.961838e+02
30290 3.961838e+02
30293 3.961838e+02
30296 3.961838e+02
30299 3.961838e+02
