name="EBOwithCMAR CEC17";
dim=10;
bound=2;
testID=27;
(*--------*)
min=393.81876;
max=393.81876;
median=393.81876;
mean=393.81876;
std=0.;
(*--------*)
data={393.81876, 393.81876, 393.81876, 393.81876, 393.81876, 393.81876, 393.81876, 393.81876, 393.81876, 393.81876, 393.81876, 393.81876, 393.81876, 393.81876, 393.81876, 393.81876, 393.81876, 393.81876, 393.81876, 393.81876, 393.81876, 393.81876, 393.81876, 393.81876, 393.81876, 393.81876, 393.81876, 393.81876, 393.81876, 393.81876, 393.81876, 393.81876, 393.81876, 393.81876, 393.81876, 393.81876, 393.81876, 393.81876, 393.81876, 393.81876, 393.81876, 393.81876, 393.81876, 393.81876, 393.81876, 393.81876, 393.81876, 393.81876, 393.81876, 393.81876, 393.81876};