1 3.968605e+03
2 3.937657e+03
4 3.801928e+03
6 3.546570e+03
7 3.108524e+03
25 2.713725e+03
40 2.694689e+03
41 2.200620e+03
265 2.120082e+03
363 2.107444e+03
364 1.627663e+03
395 1.579957e+03
409 1.450946e+03
428 1.367394e+03
434 1.266079e+03
464 1.253394e+03
470 1.145719e+03
580 1.096088e+03
582 1.080489e+03
590 9.552141e+02
598 9.462818e+02
613 8.478347e+02
619 8.065863e+02
649 6.989139e+02
710 6.878773e+02
728 6.415663e+02
779 6.225665e+02
862 6.125176e+02
904 5.969204e+02
939 4.705475e+02
1053 4.612095e+02
1169 4.282883e+02
1226 4.167563e+02
1231 4.029182e+02
1235 3.874774e+02
1294 2.964035e+02
1921 2.932438e+02
2010 2.742122e+02
2368 2.630130e+02
2905 2.621223e+02
3175 2.302552e+02
4069 2.214812e+02
8797 2.184240e+02
9710 2.154742e+02
13459 2.133624e+02
19989 2.127713e+02
21303 2.082109e+02
23578 2.044063e+02
24042 2.029119e+02
24147 1.904041e+02
24202 1.851843e+02
24292 1.831766e+02
24376 1.602970e+02
24590 1.519579e+02
24617 1.466746e+02
24654 1.319776e+02
25044 1.227504e+02
25060 1.104461e+02
25137 1.056372e+02
25165 1.021734e+02
25213 1.007504e+02
25227 9.689761e+01
25240 9.389617e+01
25255 9.150664e+01
25319 7.854347e+01
25464 7.492956e+01
25500 7.417821e+01
25514 7.358855e+01
25652 7.129149e+01
25746 6.996619e+01
25761 6.645168e+01
25840 6.540204e+01
25863 6.493334e+01
26012 6.291632e+01
26118 6.196577e+01
26149 6.119848e+01
26190 6.062864e+01
26200 6.028594e+01
26242 5.934447e+01
26309 5.572070e+01
26574 5.554807e+01
26602 5.538711e+01
26625 5.481359e+01
26667 5.371315e+01
26755 5.295327e+01
26825 5.225483e+01
26887 5.162921e+01
26955 5.153413e+01
26968 5.126689e+01
27002 5.122773e+01
27046 5.078126e+01
27079 5.062307e+01
27083 5.002263e+01
27179 5.000175e+01
27189 4.986204e+01
27324 4.978585e+01
27342 4.977900e+01
27368 4.881330e+01
27446 4.877759e+01
27498 4.853722e+01
27531 4.853103e+01
27564 4.843847e+01
27577 4.770487e+01
27708 4.740899e+01
27717 4.739288e+01
27804 4.725143e+01
27812 4.720184e+01
27830 4.713143e+01
27838 4.691720e+01
27842 4.621532e+01
27948 4.619139e+01
28089 4.581622e+01
28354 4.577814e+01
28376 4.575802e+01
28384 4.563230e+01
28390 4.550467e+01
28392 4.540777e+01
28504 4.511743e+01
28517 4.509768e+01
28605 4.508661e+01
28670 4.478850e+01
29014 4.468389e+01
29035 4.453677e+01
29149 4.449536e+01
29179 4.441373e+01
29204 4.438483e+01
29364 4.435167e+01
29428 4.424112e+01
29535 4.419330e+01
29733 4.417007e+01
29753 4.414284e+01
29785 4.413658e+01
29802 4.411587e+01
29808 4.411463e+01
29813 4.404634e+01
29830 4.403495e+01
29833 4.401358e+01
29876 4.392805e+01
29950 4.391590e+01
29999 4.388260e+01
30033 4.385375e+01
30077 4.384200e+01
30107 4.379877e+01
30287 4.376225e+01
30370 4.373875e+01
30490 4.369443e+01
30531 4.362078e+01
30781 4.361970e+01
30801 4.359627e+01
30858 4.358283e+01
30901 4.356953e+01
30924 4.356769e+01
31022 4.356591e+01
31030 4.355461e+01
31036 4.355194e+01
31091 4.354310e+01
31266 4.353740e+01
31404 4.353245e+01
31459 4.352851e+01
31505 4.351521e+01
31534 4.350979e+01
31571 4.350422e+01
31584 4.350322e+01
31620 4.350121e+01
31636 4.349993e+01
31639 4.349813e+01
31689 4.349684e+01
31729 4.349661e+01
31756 4.349423e+01
31761 4.348520e+01
31789 4.348483e+01
31890 4.348436e+01
31897 4.348366e+01
31925 4.348066e+01
31941 4.347829e+01
31977 4.347614e+01
32008 4.347497e+01
32050 4.347395e+01
32058 4.347316e+01
32144 4.347313e+01
32180 4.347093e+01
32191 4.346764e+01
32315 4.346732e+01
32502 4.346692e+01
32545 4.346505e+01
32596 4.346492e+01
32621 4.346483e+01
32627 4.346382e+01
32688 4.346351e+01
32732 4.346241e+01
32796 4.346215e+01
32799 4.346169e+01
32823 4.346165e+01
32923 4.346087e+01
33064 4.346064e+01
33073 4.346041e+01
33203 4.346037e+01
33239 4.346015e+01
33252 4.346009e+01
33266 4.345989e+01
33286 4.345979e+01
33300 4.345943e+01
33476 4.345927e+01
33657 4.345917e+01
33682 4.345913e+01
33690 4.345912e+01
33709 4.345912e+01
33789 4.345911e+01
33795 4.345898e+01
33839 4.345886e+01
33905 4.345885e+01
33960 4.345876e+01
33980 4.345875e+01
34001 4.345871e+01
34052 4.345870e+01
34057 4.345865e+01
34121 4.345863e+01
34170 4.345861e+01
34215 4.345861e+01
34235 4.345860e+01
34248 4.345854e+01
34289 4.345853e+01
34324 4.345853e+01
34330 4.345852e+01
34375 4.345851e+01
34420 4.345847e+01
34498 4.345847e+01
34514 4.345846e+01
34602 4.345845e+01
34628 4.345844e+01
34788 4.345843e+01
34800 4.345843e+01
34890 4.345842e+01
34947 4.345841e+01
34993 4.345841e+01
35036 4.345840e+01
35049 4.345840e+01
35112 4.345840e+01
35135 4.345840e+01
35196 4.345840e+01
35213 4.345839e+01
35334 4.345838e+01
35349 4.345838e+01
35539 4.345837e+01
35678 4.345837e+01
35681 4.345837e+01
35688 4.345837e+01
35730 4.345837e+01
35949 4.345837e+01
35961 4.345837e+01
36006 4.345837e+01
36034 4.345837e+01
36063 4.345837e+01
36215 4.345837e+01
36228 4.345837e+01
36231 4.345837e+01
36248 4.345837e+01
36268 4.345837e+01
36350 4.345837e+01
36362 4.345837e+01
36364 4.345837e+01
36390 4.345837e+01
36416 4.345837e+01
36444 4.345837e+01
36476 4.345837e+01
36485 4.345837e+01
36687 4.345837e+01
36727 4.345836e+01
36757 4.345836e+01
36766 4.345836e+01
36812 4.345836e+01
36863 4.345836e+01
36866 4.345836e+01
36871 4.345836e+01
36872 4.345836e+01
36887 4.345836e+01
36896 4.345836e+01
37009 4.345836e+01
37125 4.345836e+01
37150 4.345836e+01
37152 4.345836e+01
37153 4.345836e+01
37325 4.345836e+01
37365 4.345836e+01
37381 4.345836e+01
37387 4.345836e+01
37411 4.345836e+01
37448 4.345836e+01
37590 4.345836e+01
37696 4.345836e+01
37729 4.345836e+01
37748 4.345836e+01
37773 4.345836e+01
37781 4.345836e+01
37784 4.345836e+01
37804 4.345836e+01
37831 4.345836e+01
37857 4.345836e+01
37875 4.345836e+01
37918 4.345836e+01
37954 4.345836e+01
37976 4.345836e+01
37997 4.345836e+01
38031 4.345836e+01
38037 4.345836e+01
38130 4.345836e+01
38187 4.345836e+01
38254 4.345836e+01
38271 4.345836e+01
38307 4.345836e+01
38349 4.345836e+01
38383 4.345836e+01
38401 4.345836e+01
38410 4.345836e+01
38471 4.345836e+01
38514 4.345836e+01
38557 4.345836e+01
38741 4.345836e+01
38986 4.345836e+01
38988 4.345836e+01
39018 4.345836e+01
39050 4.345836e+01
39097 4.345836e+01
39115 4.345836e+01
39120 4.345836e+01
39157 4.345836e+01
39173 4.345836e+01
39229 4.345836e+01
39249 4.345836e+01
39313 4.345836e+01
39376 4.345836e+01
39387 4.345836e+01
39393 4.345836e+01
39431 4.345836e+01
39481 4.345836e+01
39574 4.345836e+01
39592 4.345836e+01
39595 4.345836e+01
39607 4.345836e+01
39640 4.345836e+01
39664 4.345836e+01
39761 4.345836e+01
39763 4.345836e+01
39815 4.345836e+01
39816 4.345836e+01
39888 4.345836e+01
39893 4.345836e+01
39934 4.345836e+01
39953 4.345836e+01
39981 4.345836e+01
40102 4.345836e+01
40133 4.345836e+01
40161 4.345836e+01
40185 4.345836e+01
40191 4.345836e+01
40287 4.345836e+01
40333 4.345836e+01
40374 4.345836e+01
40395 4.345836e+01
40444 4.345836e+01
40460 4.345836e+01
40587 4.345836e+01
40681 4.345836e+01
40732 4.345836e+01
40742 4.345836e+01
107227 4.299606e+01
107598 4.260291e+01
107616 4.253544e+01
107628 4.212192e+01
107690 4.124584e+01
108080 4.120307e+01
108192 4.112420e+01
108195 4.110708e+01
108249 4.067689e+01
108442 4.064044e+01
108477 4.057241e+01
108573 4.050025e+01
108665 4.049685e+01
108716 4.044745e+01
108725 4.039699e+01
108799 4.031308e+01
108842 4.027591e+01
109099 4.027311e+01
109155 4.027280e+01
109157 4.026487e+01
109194 4.019020e+01
109233 4.013886e+01
109559 4.006720e+01
109569 4.005281e+01
109645 4.004614e+01
109702 4.004132e+01
109725 4.003015e+01
109733 3.998809e+01
109783 3.996512e+01
109807 3.995344e+01
109841 3.992001e+01
110003 3.990552e+01
110055 3.988636e+01
110153 3.986205e+01
110205 3.985940e+01
110249 3.985896e+01
110254 3.985607e+01
110300 3.985550e+01
110322 3.983797e+01
110337 3.983617e+01
110341 3.982382e+01
110351 3.981563e+01
110423 3.981281e+01
110451 3.980332e+01
110507 3.980045e+01
110531 3.979945e+01
110628 3.977681e+01
110818 3.977387e+01
110854 3.976834e+01
110864 3.976691e+01
110891 3.976609e+01
110893 3.976076e+01
110935 3.975104e+01
110990 3.974595e+01
111030 3.974341e+01
111122 3.973669e+01
111151 3.973265e+01
111356 3.972570e+01
111507 3.972477e+01
111540 3.972351e+01
111571 3.972180e+01
111608 3.971971e+01
111654 3.971841e+01
111938 3.971779e+01
111950 3.971762e+01
112009 3.971559e+01
112033 3.971516e+01
112262 3.971445e+01
112319 3.971385e+01
112349 3.971368e+01
112364 3.971353e+01
112413 3.971260e+01
112431 3.971253e+01
112517 3.971174e+01
112623 3.971156e+01
112706 3.971144e+01
112720 3.971120e+01
112721 3.971110e+01
112764 3.971100e+01
112765 3.971083e+01
112982 3.971082e+01
112995 3.971065e+01
113082 3.971054e+01
113122 3.971050e+01
113219 3.971037e+01
113282 3.971034e+01
113305 3.971028e+01
113412 3.971022e+01
113466 3.971021e+01
113479 3.971021e+01
113548 3.971019e+01
113551 3.971013e+01
113552 3.971010e+01
113636 3.971009e+01
113664 3.971009e+01
113760 3.971009e+01
113762 3.971009e+01
113800 3.971008e+01
113801 3.971007e+01
113840 3.971004e+01
113891 3.971004e+01
113921 3.971003e+01
113929 3.971001e+01
113940 3.971001e+01
113948 3.971001e+01
114095 3.971000e+01
114164 3.971000e+01
114166 3.971000e+01
114172 3.970999e+01
114194 3.970999e+01
114207 3.970998e+01
114231 3.970997e+01
114448 3.970996e+01
114522 3.970996e+01
114679 3.970996e+01
114734 3.970996e+01
114735 3.970996e+01
114777 3.970996e+01
114784 3.970996e+01
114811 3.970995e+01
114844 3.970995e+01
114914 3.970995e+01
115021 3.970995e+01
115179 3.970995e+01
115282 3.970995e+01
115315 3.970995e+01
115384 3.970995e+01
115487 3.970995e+01
115691 3.970995e+01
115749 3.970995e+01
115760 3.970995e+01
115775 3.970995e+01
115789 3.970995e+01
115897 3.970995e+01
115947 3.970995e+01
116082 3.970995e+01
116114 3.970995e+01
116251 3.970995e+01
116287 3.970995e+01
116301 3.970995e+01
116310 3.970995e+01
116376 3.970995e+01
116383 3.970995e+01
116445 3.970995e+01
116524 3.970995e+01
116550 3.970995e+01
116554 3.970995e+01
116601 3.970995e+01
116616 3.970995e+01
116656 3.970995e+01
116674 3.970995e+01
116817 3.970995e+01
116857 3.970995e+01
116939 3.970995e+01
117042 3.970995e+01
117232 3.970995e+01
117249 3.970995e+01
117347 3.970995e+01
117436 3.970995e+01
117616 3.970995e+01
117675 3.970995e+01
117688 3.970995e+01
117810 3.970995e+01
117842 3.970995e+01
117843 3.970995e+01
117845 3.970995e+01
117918 3.970995e+01
118112 3.970995e+01
118131 3.970995e+01
118344 3.970995e+01
118414 3.970995e+01
118430 3.970995e+01
118487 3.970995e+01
118501 3.970995e+01
118547 3.970995e+01
118554 3.970995e+01
118638 3.970995e+01
118850 3.970995e+01
118941 3.970995e+01
119005 3.970995e+01
119038 3.970995e+01
119054 3.970995e+01
119089 3.970995e+01
119095 3.970995e+01
119232 3.970995e+01
119249 3.970995e+01
119273 3.970995e+01
119278 3.970995e+01
119395 3.970995e+01
119423 3.970995e+01
119490 3.970995e+01
119498 3.970995e+01
119631 3.970995e+01
119652 3.970995e+01
119727 3.970995e+01
180490 3.949079e+01
180522 3.944117e+01
180568 3.891260e+01
180708 3.798445e+01
181126 3.795118e+01
181150 3.774839e+01
181226 3.753722e+01
181240 3.737241e+01
181399 3.711679e+01
181636 3.710426e+01
181702 3.706870e+01
181707 3.670852e+01
182049 3.658374e+01
182152 3.655781e+01
182154 3.637659e+01
182271 3.616910e+01
182388 3.608082e+01
183025 3.607468e+01
183202 3.605364e+01
183271 3.589014e+01
183423 3.586506e+01
183510 3.572557e+01
183519 3.569019e+01
183887 3.562560e+01
184185 3.558083e+01
184331 3.556492e+01
184409 3.548266e+01
184437 3.547911e+01
184452 3.544913e+01
184503 3.543753e+01
184513 3.538949e+01
184588 3.535212e+01
184793 3.528862e+01
185071 3.524189e+01
185165 3.523031e+01
185258 3.521736e+01
185501 3.519208e+01
185750 3.517286e+01
185866 3.516520e+01
185980 3.516380e+01
186314 3.515593e+01
186332 3.515207e+01
186361 3.514674e+01
186372 3.511271e+01
186896 3.511154e+01
187359 3.510450e+01
187361 3.509881e+01
187488 3.509453e+01
187586 3.509384e+01
187818 3.509231e+01
187860 3.508580e+01
187896 3.508545e+01
187908 3.508509e+01
187944 3.508477e+01
188104 3.508472e+01
188140 3.508369e+01
188195 3.508216e+01
188210 3.508215e+01
188214 3.507909e+01
188360 3.507521e+01
188837 3.507508e+01
188932 3.507484e+01
188992 3.507372e+01
188997 3.507348e+01
189010 3.507134e+01
189213 3.507124e+01
189571 3.507108e+01
189647 3.507090e+01
189649 3.507050e+01
189696 3.507003e+01
189746 3.506936e+01
189750 3.506930e+01
189817 3.506893e+01
189916 3.506832e+01
189927 3.506823e+01
189980 3.506820e+01
190005 3.506820e+01
190009 3.506782e+01
190230 3.506768e+01
190364 3.506761e+01
190385 3.506736e+01
190553 3.506728e+01
190575 3.506707e+01
190626 3.506694e+01
190643 3.506680e+01
190670 3.506679e+01
190701 3.506667e+01
191019 3.506643e+01
191233 3.506631e+01
191335 3.506604e+01
191501 3.506594e+01
191574 3.506584e+01
191641 3.506552e+01
191809 3.506548e+01
191838 3.506544e+01
191935 3.506542e+01
191946 3.506533e+01
192043 3.506530e+01
192329 3.506517e+01
192685 3.506516e+01
192942 3.506515e+01
192965 3.506515e+01
193083 3.506514e+01
193187 3.506514e+01
193189 3.506512e+01
193209 3.506511e+01
193322 3.506509e+01
193450 3.506507e+01
193567 3.506506e+01
193570 3.506506e+01
193699 3.506506e+01
193760 3.506504e+01
193824 3.506504e+01
193894 3.506503e+01
193983 3.506503e+01
193999 3.506501e+01
194329 3.506501e+01
194379 3.506501e+01
194394 3.506500e+01
194882 3.506499e+01
194949 3.506499e+01
194962 3.506499e+01
195091 3.506499e+01
195126 3.506499e+01
195168 3.506498e+01
195279 3.506498e+01
195380 3.506498e+01
195426 3.506498e+01
195484 3.506498e+01
195503 3.506498e+01
195649 3.506498e+01
195774 3.506498e+01
195778 3.506498e+01
195875 3.506497e+01
195964 3.506497e+01
196068 3.506497e+01
196136 3.506497e+01
196197 3.506497e+01
196422 3.506497e+01
196770 3.506497e+01
197068 3.506497e+01
197259 3.506497e+01
197314 3.506497e+01
197392 3.506497e+01
197467 3.506497e+01
197603 3.506497e+01
197680 3.506497e+01
197835 3.506497e+01
197853 3.506497e+01
197855 3.506497e+01
197904 3.506497e+01
197960 3.506497e+01
198157 3.506497e+01
198169 3.506497e+01
198578 3.506497e+01
198818 3.506497e+01
198955 3.506497e+01
198994 3.506497e+01
199021 3.506497e+01
199037 3.506497e+01
199086 3.506497e+01
199150 3.506497e+01
199208 3.506497e+01
199209 3.506497e+01
199220 3.506497e+01
199313 3.506497e+01
199491 3.506497e+01
199592 3.506497e+01
199663 3.506497e+01
199903 3.506497e+01
200068 3.506497e+01
200286 3.506497e+01
200325 3.506497e+01
200345 3.506497e+01
200380 3.506497e+01
200441 3.506497e+01
200502 3.506497e+01
200710 3.506497e+01
200762 3.506497e+01
200861 3.506497e+01
200868 3.506497e+01
200963 3.506497e+01
200964 3.506497e+01
201178 3.506497e+01
201319 3.506497e+01
201409 3.506497e+01
201413 3.506497e+01
201538 3.506497e+01
201636 3.506497e+01
202022 3.506497e+01
202031 3.506497e+01
202112 3.506497e+01
202220 3.506497e+01
202372 3.506497e+01
202679 3.506497e+01
202747 3.506497e+01
202909 3.506497e+01
202916 3.506497e+01
202943 3.506497e+01
202946 3.506497e+01
202974 3.506497e+01
203037 3.506497e+01
203079 3.506497e+01
203144 3.506497e+01
203202 3.506497e+01
203215 3.506497e+01
203380 3.506497e+01
203519 3.506497e+01
203546 3.506497e+01
203598 3.506497e+01
203637 3.506497e+01
203878 3.506497e+01
203977 3.506497e+01
204219 3.506497e+01
204497 3.506497e+01
204607 3.506497e+01
204808 3.506497e+01
205257 3.506497e+01
205279 3.506497e+01
205389 3.506497e+01
205535 3.506497e+01
