1 4.479758e+03
2 3.898138e+03
6 3.093452e+03
33 2.955038e+03
48 2.707382e+03
181 2.705939e+03
221 2.657056e+03
266 2.519782e+03
289 2.492289e+03
323 1.959475e+03
374 1.769680e+03
416 1.685718e+03
429 1.599708e+03
455 1.569512e+03
464 1.082600e+03
549 1.071703e+03
621 1.033284e+03
654 8.226174e+02
767 7.668060e+02
773 7.346025e+02
794 6.101970e+02
874 5.895773e+02
896 5.709296e+02
926 5.144940e+02
950 4.961769e+02
970 4.303181e+02
1132 3.810374e+02
1198 3.640360e+02
1340 3.559369e+02
1350 3.407189e+02
1389 3.316937e+02
1474 3.144026e+02
1538 3.138879e+02
1636 3.064290e+02
1766 2.777141e+02
1775 2.699224e+02
1947 2.651532e+02
2007 2.576413e+02
2050 2.460648e+02
2073 2.214660e+02
3640 2.191084e+02
4457 2.183828e+02
5333 2.125652e+02
6987 2.099713e+02
8837 1.964472e+02
13222 1.960571e+02
13243 1.815122e+02
13263 1.814241e+02
13416 1.702248e+02
13489 1.623293e+02
13581 1.588944e+02
13638 1.545176e+02
13689 1.505393e+02
13693 1.430848e+02
13743 1.216648e+02
13902 1.205893e+02
13969 1.186369e+02
14058 1.100120e+02
14137 1.078603e+02
14186 1.040737e+02
14222 9.680371e+01
14345 9.037460e+01
14485 8.888443e+01
14503 8.857387e+01
14592 8.655858e+01
14598 8.366686e+01
14664 8.057640e+01
14699 7.969810e+01
14700 7.591025e+01
14829 7.418337e+01
14850 7.129406e+01
14906 6.947321e+01
14931 6.885784e+01
15044 6.804888e+01
15066 6.754074e+01
15170 6.547789e+01
15196 6.378787e+01
15238 6.201603e+01
15305 6.114713e+01
15378 6.049994e+01
15388 5.903301e+01
15394 5.898796e+01
15411 5.866124e+01
15443 5.800072e+01
15513 5.581440e+01
15531 5.553249e+01
15566 5.530022e+01
15683 5.523098e+01
15748 5.464913e+01
15826 5.463535e+01
15852 5.390504e+01
15918 5.337170e+01
15937 5.319791e+01
15999 5.303916e+01
16075 5.158725e+01
16127 5.127187e+01
16160 5.031867e+01
16290 4.930320e+01
16378 4.907807e+01
16537 4.892505e+01
16538 4.833351e+01
16556 4.826368e+01
16664 4.792593e+01
16689 4.745726e+01
16718 4.700785e+01
16747 4.631552e+01
16989 4.585588e+01
17061 4.513124e+01
17076 4.482203e+01
17368 4.473770e+01
17386 4.468071e+01
17403 4.438458e+01
17470 4.438328e+01
17523 4.433124e+01
17570 4.430878e+01
17589 4.427546e+01
17634 4.404205e+01
17677 4.403542e+01
17679 4.401846e+01
17680 4.389459e+01
17695 4.379975e+01
17736 4.377893e+01
17778 4.374578e+01
17880 4.369823e+01
17919 4.360104e+01
17947 4.339084e+01
18033 4.337426e+01
18104 4.334463e+01
18191 4.332593e+01
18215 4.332540e+01
18219 4.324926e+01
18231 4.320671e+01
18287 4.304144e+01
18384 4.299993e+01
18498 4.295606e+01
18517 4.286313e+01
18723 4.286305e+01
18758 4.283631e+01
18834 4.282022e+01
18848 4.277791e+01
18931 4.276212e+01
18953 4.275656e+01
19022 4.270339e+01
19071 4.268903e+01
19141 4.268517e+01
19159 4.264085e+01
19198 4.259686e+01
19303 4.258769e+01
19328 4.258367e+01
19416 4.257409e+01
19441 4.255930e+01
19477 4.255595e+01
19528 4.254283e+01
19547 4.254183e+01
19584 4.254068e+01
19662 4.253166e+01
19706 4.252487e+01
19733 4.252159e+01
19748 4.252040e+01
19798 4.251123e+01
19871 4.250360e+01
19916 4.249764e+01
19999 4.249648e+01
20013 4.248333e+01
20062 4.248328e+01
20095 4.247388e+01
20166 4.246658e+01
20242 4.246636e+01
20315 4.246547e+01
20390 4.246040e+01
20499 4.245937e+01
20588 4.245408e+01
20676 4.245209e+01
20733 4.245153e+01
20756 4.244989e+01
20757 4.244940e+01
20773 4.244908e+01
20813 4.244742e+01
20915 4.244539e+01
20937 4.244488e+01
20960 4.244281e+01
21155 4.244054e+01
21256 4.244052e+01
21263 4.243909e+01
21380 4.243859e+01
21387 4.243797e+01
21401 4.243758e+01
21421 4.243734e+01
21515 4.243687e+01
21531 4.243683e+01
21539 4.243680e+01
21556 4.243628e+01
21611 4.243577e+01
21663 4.243572e+01
21739 4.243565e+01
21811 4.243533e+01
21885 4.243511e+01
21899 4.243501e+01
21958 4.243500e+01
21972 4.243496e+01
22009 4.243495e+01
22042 4.243486e+01
22093 4.243482e+01
22109 4.243469e+01
22244 4.243455e+01
22288 4.243453e+01
22309 4.243451e+01
22346 4.243450e+01
22356 4.243441e+01
22365 4.243439e+01
22461 4.243438e+01
22491 4.243438e+01
22502 4.243437e+01
22510 4.243434e+01
22535 4.243431e+01
22568 4.243429e+01
22573 4.243429e+01
22574 4.243426e+01
22599 4.243426e+01
22610 4.243424e+01
22659 4.243424e+01
22688 4.243423e+01
22691 4.243419e+01
22826 4.243418e+01
22834 4.243417e+01
22903 4.243417e+01
22923 4.243416e+01
22936 4.243415e+01
22976 4.243414e+01
23088 4.243413e+01
23113 4.243413e+01
23144 4.243413e+01
23155 4.243413e+01
23198 4.243412e+01
23226 4.243412e+01
23340 4.243412e+01
23371 4.243411e+01
23445 4.243411e+01
23468 4.243411e+01
23474 4.243411e+01
23526 4.243411e+01
23550 4.243411e+01
23561 4.243411e+01
23598 4.243411e+01
23717 4.243411e+01
23756 4.243410e+01
23985 4.243410e+01
23986 4.243410e+01
23992 4.243410e+01
24044 4.243410e+01
24053 4.243410e+01
24163 4.243410e+01
24187 4.243410e+01
24194 4.243410e+01
24208 4.243410e+01
24256 4.243410e+01
24320 4.243410e+01
24350 4.243410e+01
24355 4.243410e+01
24382 4.243410e+01
24387 4.243410e+01
24447 4.243410e+01
24602 4.243410e+01
24632 4.243410e+01
24635 4.243410e+01
24662 4.243410e+01
24746 4.243410e+01
24765 4.243410e+01
24785 4.243410e+01
24896 4.243410e+01
25020 4.243410e+01
25038 4.243410e+01
25041 4.243410e+01
25053 4.243410e+01
25056 4.243410e+01
25118 4.243410e+01
25176 4.243410e+01
25203 4.243410e+01
25236 4.243410e+01
25317 4.243410e+01
25348 4.243410e+01
25377 4.243410e+01
25503 4.243410e+01
25567 4.243410e+01
25702 4.243410e+01
25765 4.243410e+01
25782 4.243410e+01
25856 4.243410e+01
25867 4.243410e+01
25898 4.243410e+01
26010 4.243410e+01
26036 4.243410e+01
26134 4.243410e+01
26279 4.243410e+01
26321 4.243410e+01
26349 4.243410e+01
26460 4.243410e+01
26471 4.243410e+01
26497 4.243410e+01
26522 4.243410e+01
26524 4.243410e+01
26536 4.243410e+01
26556 4.243410e+01
26589 4.243410e+01
26636 4.243410e+01
26647 4.243410e+01
26665 4.243410e+01
26753 4.243410e+01
26800 4.243410e+01
26855 4.243410e+01
26906 4.243410e+01
26940 4.243410e+01
27026 4.243410e+01
27029 4.243410e+01
27032 4.243410e+01
27034 4.243410e+01
27111 4.243410e+01
27118 4.243410e+01
27215 4.243410e+01
27260 4.243410e+01
27274 4.243410e+01
27331 4.243410e+01
27337 4.243410e+01
27363 4.243410e+01
27419 4.243410e+01
27421 4.243410e+01
27451 4.243410e+01
27473 4.243410e+01
27501 4.243410e+01
27512 4.243410e+01
27623 4.243410e+01
27756 4.243410e+01
27764 4.243410e+01
27792 4.243410e+01
27871 4.243410e+01
27878 4.243410e+01
27900 4.243410e+01
27907 4.243410e+01
27989 4.243410e+01
28009 4.243410e+01
28012 4.243410e+01
28200 4.243410e+01
28221 4.243410e+01
28281 4.243410e+01
203564 4.223415e+01
203692 4.199183e+01
203770 4.176930e+01
204011 4.174912e+01
204098 4.160665e+01
204184 4.123331e+01
204314 4.121367e+01
204323 4.108819e+01
204338 4.107089e+01
204452 4.096866e+01
204512 4.074304e+01
204618 4.070174e+01
204635 4.026432e+01
205416 4.024917e+01
205421 4.015474e+01
205471 4.006853e+01
205494 3.994555e+01
205524 3.986278e+01
205658 3.968933e+01
206038 3.939804e+01
206282 3.929320e+01
206396 3.927548e+01
206549 3.924433e+01
206593 3.920600e+01
206718 3.896638e+01
207185 3.889554e+01
207503 3.887445e+01
207509 3.885761e+01
207575 3.876985e+01
207854 3.875495e+01
207866 3.874166e+01
207900 3.866841e+01
207965 3.866551e+01
208083 3.865596e+01
208130 3.864834e+01
208204 3.863568e+01
208325 3.858896e+01
208809 3.856986e+01
208825 3.856162e+01
208889 3.855208e+01
208993 3.855178e+01
209022 3.854729e+01
209314 3.854213e+01
209347 3.853553e+01
209420 3.852215e+01
209552 3.850849e+01
209860 3.850388e+01
209901 3.849485e+01
210354 3.849417e+01
210599 3.848510e+01
211131 3.848148e+01
211240 3.847298e+01
211332 3.847133e+01
211679 3.847009e+01
211686 3.846979e+01
211827 3.846825e+01
211831 3.846608e+01
211926 3.846160e+01
212023 3.845797e+01
212135 3.845786e+01
212222 3.845712e+01
212496 3.845594e+01
212543 3.845456e+01
212549 3.845320e+01
212758 3.845269e+01
212974 3.845100e+01
213409 3.845035e+01
213660 3.845015e+01
213748 3.844962e+01
213945 3.844956e+01
214288 3.844951e+01
214527 3.844948e+01
214556 3.844942e+01
214708 3.844935e+01
214757 3.844925e+01
214813 3.844922e+01
214815 3.844914e+01
214913 3.844911e+01
215155 3.844903e+01
215553 3.844903e+01
215580 3.844902e+01
215584 3.844900e+01
215876 3.844900e+01
215911 3.844899e+01
215972 3.844899e+01
216068 3.844893e+01
216479 3.844892e+01
216606 3.844891e+01
216667 3.844891e+01
216691 3.844890e+01
216748 3.844889e+01
216820 3.844889e+01
216832 3.844889e+01
216924 3.844888e+01
216950 3.844888e+01
216956 3.844888e+01
217137 3.844887e+01
217196 3.844887e+01
217480 3.844887e+01
217526 3.844887e+01
217861 3.844886e+01
218057 3.844886e+01
218181 3.844886e+01
218287 3.844885e+01
218304 3.844885e+01
218436 3.844885e+01
218523 3.844885e+01
218765 3.844885e+01
219018 3.844885e+01
219030 3.844885e+01
219081 3.844885e+01
219091 3.844885e+01
219148 3.844885e+01
219365 3.844885e+01
219649 3.844885e+01
219667 3.844884e+01
219763 3.844884e+01
219797 3.844884e+01
219847 3.844884e+01
219924 3.844884e+01
220129 3.844884e+01
220169 3.844884e+01
220210 3.844884e+01
220707 3.844884e+01
220730 3.844884e+01
220742 3.844884e+01
220890 3.844884e+01
220993 3.844884e+01
221083 3.844884e+01
221121 3.844884e+01
221123 3.844884e+01
221298 3.844884e+01
221313 3.844884e+01
221453 3.844884e+01
221466 3.844884e+01
221666 3.844884e+01
221732 3.844884e+01
221740 3.844884e+01
221818 3.844884e+01
221820 3.844884e+01
221844 3.844884e+01
221904 3.844884e+01
221943 3.844884e+01
222075 3.844884e+01
222211 3.844884e+01
222507 3.844884e+01
222583 3.844884e+01
222607 3.844884e+01
222702 3.844884e+01
222797 3.844884e+01
222811 3.844884e+01
222859 3.844884e+01
223050 3.844884e+01
223055 3.844884e+01
223146 3.844884e+01
223399 3.844884e+01
223416 3.844884e+01
223514 3.844884e+01
223520 3.844884e+01
223902 3.844884e+01
224053 3.844884e+01
224391 3.844884e+01
224712 3.844884e+01
224888 3.844884e+01
225006 3.844884e+01
225183 3.844884e+01
225189 3.844884e+01
225279 3.844884e+01
225322 3.844884e+01
225363 3.844884e+01
225508 3.844884e+01
226104 3.844884e+01
226178 3.844884e+01
226183 3.844884e+01
226430 3.844884e+01
226597 3.844884e+01
226664 3.844884e+01
226749 3.844884e+01
226873 3.844884e+01
226878 3.844884e+01
226984 3.844884e+01
226988 3.844884e+01
227018 3.844884e+01
227021 3.844884e+01
227186 3.844884e+01
227335 3.844884e+01
227457 3.844884e+01
227497 3.844884e+01
227569 3.844884e+01
227626 3.844884e+01
227643 3.844884e+01
227794 3.844884e+01
227848 3.844884e+01
228031 3.844884e+01
228076 3.844884e+01
228087 3.844884e+01
228269 3.844884e+01
228290 3.844884e+01
228309 3.844884e+01
228322 3.844884e+01
228918 3.844884e+01
