1 4.002526e+03
7 3.974803e+03
10 2.742183e+03
125 2.541950e+03
152 2.535079e+03
169 2.393902e+03
727 1.949443e+03
861 1.885376e+03
1102 1.643769e+03
1726 1.629375e+03
1896 1.512776e+03
2221 1.028826e+03
2709 7.306094e+02
2770 4.823303e+02
2846 3.983917e+02
2873 3.582484e+02
2909 2.208314e+02
2980 2.088027e+02
3040 1.800167e+02
3067 1.462252e+02
3117 1.157946e+02
3140 8.820106e+01
3246 7.939036e+01
3321 7.845222e+01
3332 6.812724e+01
3340 6.600237e+01
3388 6.495541e+01
3396 6.383108e+01
3423 6.256189e+01
3457 5.956203e+01
3532 5.820935e+01
3534 5.802009e+01
3589 5.702870e+01
3656 5.673404e+01
3682 5.665087e+01
3760 5.657945e+01
3762 5.646370e+01
3792 5.627038e+01
3805 5.583438e+01
3810 5.567893e+01
3862 5.560636e+01
3874 5.541914e+01
3903 5.535205e+01
3914 5.527011e+01
3927 5.518343e+01
4017 5.517623e+01
4042 5.515234e+01
4066 5.512490e+01
4098 5.507165e+01
4102 5.505770e+01
4169 5.504031e+01
4171 5.496702e+01
4307 5.496588e+01
4311 5.496258e+01
4330 5.494970e+01
4367 5.493881e+01
4402 5.493680e+01
4488 5.493614e+01
4538 5.493482e+01
4542 5.493092e+01
4554 5.492804e+01
4643 5.492776e+01
4662 5.492762e+01
4674 5.492752e+01
4678 5.492741e+01
4697 5.492718e+01
4729 5.492623e+01
4770 5.492612e+01
4778 5.492611e+01
4779 5.492568e+01
4818 5.492567e+01
4855 5.492554e+01
4859 5.492527e+01
4863 5.492520e+01
4874 5.492513e+01
4964 5.492507e+01
5005 5.492501e+01
5061 5.492499e+01
5082 5.492498e+01
5112 5.492497e+01
5114 5.492495e+01
5116 5.492492e+01
5240 5.492492e+01
5246 5.492491e+01
5315 5.492491e+01
5340 5.492491e+01
5356 5.492491e+01
5366 5.492491e+01
5394 5.492491e+01
5429 5.492491e+01
5446 5.492490e+01
5456 5.492490e+01
5464 5.492490e+01
5475 5.492490e+01
5520 5.492490e+01
5595 5.492490e+01
5606 5.492490e+01
5617 5.492490e+01
5621 5.492490e+01
5654 5.492490e+01
5663 5.492490e+01
5670 5.492490e+01
5689 5.492490e+01
5719 5.492490e+01
5762 5.492490e+01
5810 5.492490e+01
5828 5.492490e+01
5947 5.492490e+01
5961 5.492490e+01
5980 5.492490e+01
6034 5.492490e+01
6078 5.492490e+01
6084 5.492490e+01
6094 5.492490e+01
6112 5.492490e+01
6156 5.492490e+01
6220 5.492490e+01
6283 5.492490e+01
6302 5.492490e+01
6346 5.492490e+01
6357 5.492490e+01
6358 5.492490e+01
6387 5.492490e+01
6422 5.492490e+01
6485 5.492490e+01
6496 5.492490e+01
6507 5.492490e+01
6546 5.492490e+01
6582 5.492490e+01
6601 5.492490e+01
6604 5.492490e+01
6685 5.492490e+01
6723 5.492490e+01
6750 5.492490e+01
6765 5.492490e+01
6776 5.492490e+01
6868 5.492490e+01
6934 5.492490e+01
6965 5.492490e+01
6996 5.492490e+01
7024 5.492490e+01
7035 5.492490e+01
47327 5.465971e+01
47797 5.337142e+01
48020 4.762063e+01
48081 4.068094e+01
48458 4.043999e+01
48543 3.843290e+01
48549 3.650423e+01
48589 3.184256e+01
48635 3.130353e+01
48805 3.055748e+01
48974 2.764120e+01
49015 2.651239e+01
49389 2.528408e+01
49515 2.485952e+01
49541 2.379544e+01
49592 2.299575e+01
49727 2.255867e+01
49817 2.245823e+01
50063 2.239755e+01
50104 2.233482e+01
50226 2.209173e+01
50451 2.207218e+01
50467 2.201386e+01
50621 2.199643e+01
50770 2.197861e+01
50869 2.197502e+01
50905 2.197356e+01
50969 2.195592e+01
51391 2.195486e+01
51439 2.195407e+01
51473 2.195362e+01
51559 2.195217e+01
51581 2.195185e+01
51657 2.195145e+01
51749 2.195100e+01
51828 2.195072e+01
51839 2.195069e+01
51863 2.195032e+01
51877 2.195001e+01
51966 2.194976e+01
52004 2.194973e+01
52255 2.194970e+01
52363 2.194961e+01
52502 2.194958e+01
52530 2.194956e+01
52608 2.194953e+01
52829 2.194953e+01
52954 2.194951e+01
53176 2.194951e+01
53282 2.194950e+01
53296 2.194950e+01
53343 2.194950e+01
53412 2.194950e+01
53465 2.194950e+01
53571 2.194950e+01
53743 2.194950e+01
53756 2.194950e+01
53827 2.194950e+01
53880 2.194950e+01
53976 2.194950e+01
54236 2.194950e+01
54311 2.194950e+01
54569 2.194950e+01
54715 2.194950e+01
54758 2.194950e+01
54801 2.194950e+01
54924 2.194950e+01
54928 2.194950e+01
54987 2.194950e+01
55257 2.194950e+01
55438 2.194950e+01
55459 2.194950e+01
55504 2.194950e+01
55602 2.194950e+01
55612 2.194950e+01
55615 2.194950e+01
55704 2.194950e+01
55768 2.194950e+01
55784 2.194950e+01
55806 2.194950e+01
55821 2.194950e+01
55855 2.194950e+01
55892 2.194950e+01
55942 2.194950e+01
56076 2.194950e+01
56132 2.194950e+01
56240 2.194950e+01
56263 2.194950e+01
56310 2.194950e+01
56359 2.194950e+01
56408 2.194950e+01
56502 2.194950e+01
56574 2.194950e+01
56588 2.194950e+01
56736 2.194950e+01
56819 2.194950e+01
56883 2.194950e+01
56889 2.194950e+01
56944 2.194950e+01
56998 2.194950e+01
57015 2.194950e+01
57095 2.194950e+01
57156 2.194950e+01
78329 1.840260e+01
78934 1.028496e+01
79740 1.006101e+01
79747 9.720832e+00
79851 9.535980e+00
79897 8.273440e+00
80328 8.244531e+00
80346 8.177731e+00
80460 7.932003e+00
80546 7.731785e+00
80585 7.497051e+00
80711 7.348825e+00
81081 7.105685e+00
81659 7.088848e+00
81683 7.002003e+00
81783 6.990501e+00
81866 6.968060e+00
82065 6.964688e+00
82101 6.960489e+00
82106 6.953958e+00
82234 6.938281e+00
82343 6.921777e+00
82348 6.912867e+00
82458 6.906957e+00
82874 6.900408e+00
82900 6.898059e+00
83470 6.896772e+00
83662 6.895943e+00
83775 6.895102e+00
83840 6.894302e+00
83881 6.894227e+00
84053 6.894192e+00
84096 6.894127e+00
84134 6.893961e+00
84196 6.893637e+00
84220 6.893468e+00
84264 6.893274e+00
84464 6.892559e+00
85013 6.892556e+00
85082 6.892555e+00
85092 6.892552e+00
85142 6.892531e+00
85236 6.892524e+00
85268 6.892514e+00
85298 6.892464e+00
85321 6.892460e+00
85457 6.892411e+00
85720 6.892409e+00
85911 6.892400e+00
86058 6.892397e+00
86146 6.892388e+00
86406 6.892386e+00
86543 6.892385e+00
86637 6.892384e+00
86638 6.892383e+00
86688 6.892379e+00
87015 6.892379e+00
87109 6.892378e+00
87234 6.892378e+00
87261 6.892377e+00
87444 6.892377e+00
87669 6.892376e+00
87737 6.892376e+00
87843 6.892376e+00
88030 6.892376e+00
88043 6.892376e+00
88085 6.892376e+00
88090 6.892376e+00
88105 6.892376e+00
88337 6.892376e+00
88544 6.892376e+00
88666 6.892376e+00
88973 6.892376e+00
89099 6.892376e+00
89123 6.892376e+00
89306 6.892376e+00
89595 6.892376e+00
89681 6.892376e+00
89740 6.892376e+00
89765 6.892376e+00
89826 6.892376e+00
89840 6.892376e+00
90038 6.892376e+00
90292 6.892376e+00
90432 6.892376e+00
90442 6.892376e+00
90531 6.892376e+00
90780 6.892376e+00
90834 6.892376e+00
90883 6.892376e+00
90989 6.892376e+00
91212 6.892376e+00
91746 6.892376e+00
92043 6.892376e+00
92081 6.892376e+00
92151 6.892376e+00
92242 6.892376e+00
92305 6.892376e+00
92327 6.892376e+00
92451 6.892376e+00
92537 6.892376e+00
92619 6.892376e+00
92635 6.892376e+00
92837 6.892376e+00
93000 6.892376e+00
93085 6.892376e+00
