1 4.066850e+03
2 3.660952e+03
3 2.974246e+03
78 2.730457e+03
164 2.590376e+03
562 2.407795e+03
607 2.355994e+03
802 2.126171e+03
1548 1.706792e+03
2553 1.578943e+03
2734 1.568393e+03
2875 1.491880e+03
3003 1.481349e+03
3085 1.423730e+03
3105 1.361416e+03
3125 1.336603e+03
3165 1.253914e+03
3239 1.214768e+03
3243 1.190712e+03
3298 1.188877e+03
3299 1.151892e+03
3325 1.063076e+03
3352 9.995554e+02
3430 9.926942e+02
3445 9.467999e+02
3539 9.120657e+02
3572 8.662032e+02
3583 8.619769e+02
3604 8.598894e+02
3621 8.347175e+02
3629 8.122865e+02
3724 7.988965e+02
3797 7.924961e+02
3818 7.895061e+02
3820 7.801059e+02
3902 7.779740e+02
3949 7.774697e+02
3998 7.762124e+02
4005 7.756789e+02
4022 7.750390e+02
4058 7.738402e+02
4091 7.738314e+02
4095 7.737980e+02
4104 7.737138e+02
4115 7.735584e+02
4127 7.731134e+02
4135 7.729870e+02
4152 7.729752e+02
4167 7.725178e+02
4302 7.722993e+02
4322 7.716851e+02
4391 7.715300e+02
4449 7.714717e+02
4566 7.714568e+02
4624 7.714247e+02
4654 7.714246e+02
4673 7.714188e+02
4696 7.714092e+02
4732 7.714072e+02
4750 7.713965e+02
4829 7.713878e+02
4849 7.713812e+02
4948 7.713807e+02
4987 7.713765e+02
5007 7.713716e+02
5032 7.713692e+02
5051 7.713682e+02
5095 7.713677e+02
5105 7.713672e+02
5114 7.713671e+02
5120 7.713668e+02
5190 7.713666e+02
5198 7.713662e+02
5203 7.713659e+02
5268 7.713658e+02
5279 7.713657e+02
5296 7.713656e+02
5349 7.713656e+02
5402 7.713655e+02
5425 7.713655e+02
5444 7.713655e+02
5498 7.713655e+02
5506 7.713655e+02
5538 7.713655e+02
5540 7.713655e+02
5560 7.713654e+02
5568 7.713654e+02
5580 7.713654e+02
5593 7.713654e+02
5605 7.713654e+02
5682 7.713654e+02
5688 7.713654e+02
5823 7.713654e+02
5828 7.713654e+02
5938 7.713654e+02
5972 7.713654e+02
5988 7.713654e+02
6000 7.713654e+02
6075 7.713654e+02
6153 7.713654e+02
6167 7.713654e+02
6185 7.713654e+02
6194 7.713654e+02
6261 7.713654e+02
6263 7.713654e+02
6296 7.713654e+02
6298 7.713654e+02
6350 7.713654e+02
6362 7.713654e+02
6434 7.713654e+02
6454 7.713654e+02
6462 7.713654e+02
6472 7.713654e+02
6486 7.713654e+02
6543 7.713654e+02
6567 7.713654e+02
6645 7.713654e+02
6693 7.713654e+02
6694 7.713654e+02
6712 7.713654e+02
6747 7.713654e+02
6755 7.713654e+02
6781 7.713654e+02
6784 7.713654e+02
6803 7.713654e+02
6828 7.713654e+02
6868 7.713654e+02
6870 7.713654e+02
6915 7.713654e+02
6929 7.713654e+02
6953 7.713654e+02
6982 7.713654e+02
6988 7.713654e+02
7054 7.713654e+02
7055 7.713654e+02
7103 7.713654e+02
7179 7.713654e+02
7192 7.713654e+02
7201 7.713654e+02
7222 7.713654e+02
7246 7.713654e+02
7304 7.713654e+02
7312 7.713654e+02
7354 7.713654e+02
7369 7.713654e+02
7378 7.713654e+02
7402 7.713654e+02
33602 6.281856e+02
33832 5.764436e+02
33882 5.053941e+02
33959 4.211671e+02
34249 4.116211e+02
34312 4.027363e+02
34314 4.020001e+02
34345 3.980073e+02
34409 3.973202e+02
34450 3.972841e+02
34481 3.952383e+02
34524 3.948730e+02
34525 3.935547e+02
34600 3.933052e+02
34605 3.920987e+02
34668 3.916212e+02
34740 3.911774e+02
34761 3.911494e+02
34799 3.909884e+02
34814 3.909826e+02
34874 3.909439e+02
34917 3.906804e+02
35007 3.906139e+02
35052 3.905668e+02
35067 3.905530e+02
35090 3.905263e+02
35104 3.904954e+02
35140 3.904907e+02
35180 3.904596e+02
35188 3.904371e+02
35193 3.904285e+02
35252 3.904247e+02
35272 3.904240e+02
35282 3.904212e+02
35286 3.904145e+02
35355 3.904101e+02
35395 3.904083e+02
35415 3.904047e+02
35438 3.904031e+02
35558 3.904029e+02
35575 3.904016e+02
35595 3.904008e+02
35649 3.904006e+02
35655 3.904005e+02
35677 3.904005e+02
35678 3.904004e+02
35707 3.904003e+02
35722 3.904003e+02
35729 3.903998e+02
35772 3.903998e+02
35782 3.903997e+02
35841 3.903997e+02
35878 3.903997e+02
35891 3.903996e+02
35906 3.903995e+02
35918 3.903995e+02
35955 3.903995e+02
35962 3.903994e+02
35978 3.903994e+02
36065 3.903994e+02
36126 3.903994e+02
36157 3.903994e+02
36165 3.903994e+02
36168 3.903994e+02
36173 3.903993e+02
36184 3.903993e+02
36288 3.903993e+02
36352 3.903993e+02
36413 3.903993e+02
36452 3.903993e+02
36458 3.903993e+02
36499 3.903993e+02
36506 3.903993e+02
36557 3.903993e+02
36584 3.903993e+02
36632 3.903993e+02
36635 3.903993e+02
36650 3.903993e+02
36664 3.903993e+02
36683 3.903993e+02
36702 3.903993e+02
36777 3.903993e+02
36818 3.903993e+02
36842 3.903993e+02
36846 3.903993e+02
36858 3.903993e+02
36860 3.903993e+02
36905 3.903993e+02
36978 3.903993e+02
37025 3.903993e+02
37045 3.903993e+02
37060 3.903993e+02
37076 3.903993e+02
37085 3.903993e+02
37112 3.903993e+02
37158 3.903993e+02
37174 3.903993e+02
37216 3.903993e+02
37241 3.903993e+02
37268 3.903993e+02
37289 3.903993e+02
37354 3.903993e+02
37362 3.903993e+02
37392 3.903993e+02
37421 3.903993e+02
37466 3.903993e+02
37496 3.903993e+02
37510 3.903993e+02
37538 3.903993e+02
37565 3.903993e+02
37581 3.903993e+02
37586 3.903993e+02
37626 3.903993e+02
37636 3.903993e+02
37659 3.903993e+02
37726 3.903993e+02
37752 3.903993e+02
37765 3.903993e+02
37777 3.903993e+02
37778 3.903993e+02
37783 3.903993e+02
37792 3.903993e+02
37809 3.903993e+02
37835 3.903993e+02
37859 3.903993e+02
37860 3.903993e+02
37909 3.903993e+02
37922 3.903993e+02
37925 3.903993e+02
50581 3.758823e+02
50593 3.587515e+02
50620 3.347147e+02
50796 3.317352e+02
50812 2.982211e+02
51136 2.876361e+02
51190 2.861258e+02
51201 2.841180e+02
51254 2.749522e+02
51331 2.702056e+02
51376 2.683051e+02
51385 2.581270e+02
51463 2.567230e+02
51602 2.528426e+02
51613 2.517661e+02
51618 2.494806e+02
51889 2.490894e+02
51948 2.469564e+02
51994 2.438258e+02
52302 2.435120e+02
52380 2.431290e+02
52473 2.422908e+02
52624 2.420866e+02
52684 2.418153e+02
52994 2.417905e+02
53019 2.417736e+02
53125 2.417488e+02
53253 2.417421e+02
53260 2.417102e+02
53299 2.417029e+02
53306 2.416587e+02
53384 2.416575e+02
53419 2.416439e+02
53422 2.416437e+02
53434 2.416124e+02
53477 2.415872e+02
53508 2.415855e+02
53566 2.415760e+02
53672 2.415660e+02
53912 2.415649e+02
53982 2.415573e+02
54270 2.415572e+02
54275 2.415554e+02
54330 2.415550e+02
54340 2.415544e+02
54348 2.415523e+02
54586 2.415523e+02
54681 2.415521e+02
54689 2.415519e+02
54737 2.415516e+02
54759 2.415515e+02
54889 2.415514e+02
54925 2.415513e+02
54991 2.415513e+02
55127 2.415513e+02
55246 2.415512e+02
55263 2.415512e+02
55264 2.415512e+02
55272 2.415512e+02
55325 2.415512e+02
55371 2.415511e+02
55376 2.415511e+02
55398 2.415511e+02
55413 2.415511e+02
55598 2.415510e+02
55677 2.415510e+02
55819 2.415510e+02
55863 2.415510e+02
55899 2.415510e+02
56039 2.415510e+02
56162 2.415510e+02
56351 2.415510e+02
56542 2.415510e+02
56843 2.415510e+02
56846 2.415510e+02
57101 2.415510e+02
57109 2.415510e+02
57192 2.415510e+02
57202 2.415510e+02
57367 2.415510e+02
57396 2.415510e+02
57476 2.415510e+02
57520 2.415510e+02
57547 2.415510e+02
57680 2.415510e+02
57767 2.415510e+02
57783 2.415510e+02
57950 2.415510e+02
57963 2.415510e+02
57989 2.415510e+02
58034 2.415510e+02
58039 2.415510e+02
58044 2.415510e+02
58100 2.415510e+02
58684 2.415510e+02
58780 2.415510e+02
58827 2.415510e+02
58949 2.415510e+02
58951 2.415510e+02
59060 2.415510e+02
59238 2.415510e+02
59243 2.415510e+02
59392 2.415510e+02
59442 2.415510e+02
59443 2.415510e+02
59574 2.415510e+02
59939 2.415510e+02
60055 2.415510e+02
83818 2.339379e+02
84372 2.295012e+02
84442 1.946153e+02
84774 1.917618e+02
84951 1.832875e+02
85082 1.785847e+02
85304 1.758362e+02
85524 1.733141e+02
85839 1.624005e+02
87113 1.591287e+02
87425 1.583505e+02
87591 1.578145e+02
87864 1.570555e+02
88037 1.553569e+02
88526 1.542776e+02
88843 1.537397e+02
88983 1.530727e+02
89000 1.519388e+02
90143 1.517900e+02
90242 1.517862e+02
90354 1.517343e+02
90409 1.516765e+02
90539 1.516354e+02
90548 1.516312e+02
90735 1.515350e+02
90831 1.515075e+02
90932 1.514961e+02
91119 1.514628e+02
91212 1.514624e+02
91225 1.514136e+02
91718 1.513980e+02
91758 1.513834e+02
92177 1.513804e+02
92208 1.513796e+02
92514 1.513792e+02
92545 1.513787e+02
92753 1.513777e+02
92789 1.513768e+02
92921 1.513763e+02
92930 1.513761e+02
92942 1.513756e+02
92993 1.513755e+02
93277 1.513754e+02
93322 1.513753e+02
93341 1.513752e+02
93359 1.513744e+02
93520 1.513743e+02
93674 1.513741e+02
93946 1.513741e+02
93982 1.513740e+02
94014 1.513740e+02
94077 1.513739e+02
94126 1.513739e+02
94173 1.513739e+02
94202 1.513739e+02
94230 1.513738e+02
94314 1.513738e+02
94317 1.513738e+02
94381 1.513738e+02
94386 1.513738e+02
94424 1.513738e+02
94448 1.513738e+02
94551 1.513737e+02
94597 1.513737e+02
94652 1.513737e+02
94938 1.513737e+02
94962 1.513737e+02
95142 1.513737e+02
95163 1.513737e+02
95301 1.513737e+02
95332 1.513737e+02
95333 1.513737e+02
95531 1.513737e+02
95605 1.513737e+02
95712 1.513737e+02
95725 1.513737e+02
95758 1.513737e+02
95954 1.513737e+02
96157 1.513737e+02
96322 1.513737e+02
96415 1.513737e+02
96497 1.513737e+02
96556 1.513737e+02
96592 1.513737e+02
96740 1.513737e+02
96766 1.513737e+02
96767 1.513737e+02
96943 1.513737e+02
96964 1.513737e+02
97194 1.513737e+02
97274 1.513737e+02
97311 1.513737e+02
97314 1.513737e+02
97328 1.513737e+02
97363 1.513737e+02
97515 1.513737e+02
97530 1.513737e+02
97769 1.513737e+02
97974 1.513737e+02
98122 1.513737e+02
98137 1.513737e+02
98331 1.513737e+02
98596 1.513737e+02
98876 1.513737e+02
98934 1.513737e+02
98981 1.513737e+02
99046 1.513737e+02
99116 1.513737e+02
99117 1.513737e+02
99163 1.513737e+02
99199 1.513737e+02
99522 1.513737e+02
99608 1.513737e+02
99688 1.513737e+02
99971 1.513737e+02
