1 4.978923e+03
2 4.565558e+03
3 4.192254e+03
7 4.073503e+03
8 3.837887e+03
13 3.806970e+03
15 3.357228e+03
23 2.649791e+03
98 2.427908e+03
426 2.405069e+03
991 2.187165e+03
1595 2.152008e+03
1930 2.122193e+03
2166 2.113220e+03
2175 2.103069e+03
2262 2.055413e+03
2321 2.029745e+03
2397 1.907262e+03
2789 1.800951e+03
2810 1.551185e+03
2854 1.229914e+03
3067 1.170128e+03
3094 1.166827e+03
3103 8.382296e+02
3249 8.332982e+02
3255 5.328033e+02
3293 5.325069e+02
3474 4.613763e+02
3496 4.067352e+02
3504 3.051042e+02
3664 2.895161e+02
3677 2.863661e+02
3705 2.316999e+02
3736 2.245331e+02
3782 2.033542e+02
3811 2.015025e+02
3825 1.945352e+02
3864 1.940212e+02
3879 1.893802e+02
3996 1.858186e+02
4049 1.808103e+02
4093 1.800432e+02
4114 1.735547e+02
4314 1.693686e+02
4363 1.686577e+02
4446 1.685304e+02
4455 1.677946e+02
4564 1.676029e+02
4581 1.670393e+02
4638 1.668266e+02
4775 1.668070e+02
4780 1.667349e+02
4799 1.667209e+02
4856 1.666794e+02
4895 1.666694e+02
4898 1.666125e+02
4978 1.666081e+02
4986 1.666063e+02
5014 1.666029e+02
5028 1.666026e+02
5047 1.665999e+02
5069 1.665983e+02
5088 1.665919e+02
5111 1.665884e+02
5194 1.665880e+02
5196 1.665868e+02
5217 1.665866e+02
5222 1.665862e+02
5226 1.665856e+02
5251 1.665836e+02
5259 1.665836e+02
5288 1.665826e+02
5321 1.665825e+02
5324 1.665820e+02
5452 1.665817e+02
5507 1.665816e+02
5571 1.665815e+02
5574 1.665814e+02
5608 1.665814e+02
5628 1.665814e+02
5661 1.665813e+02
5721 1.665813e+02
5735 1.665813e+02
5774 1.665813e+02
5815 1.665813e+02
5865 1.665813e+02
5872 1.665813e+02
5885 1.665813e+02
5904 1.665813e+02
5957 1.665813e+02
5970 1.665813e+02
5985 1.665813e+02
5995 1.665813e+02
6013 1.665813e+02
6028 1.665813e+02
6073 1.665813e+02
6115 1.665813e+02
6125 1.665813e+02
6164 1.665813e+02
6204 1.665813e+02
6247 1.665813e+02
6257 1.665813e+02
6282 1.665813e+02
6350 1.665813e+02
6406 1.665813e+02
6448 1.665813e+02
6532 1.665813e+02
6622 1.665813e+02
6644 1.665813e+02
6654 1.665813e+02
6724 1.665813e+02
6726 1.665813e+02
6779 1.665813e+02
6822 1.665813e+02
6828 1.665813e+02
6851 1.665813e+02
6883 1.665813e+02
6977 1.665813e+02
7015 1.665813e+02
7035 1.665813e+02
7116 1.665813e+02
7129 1.665813e+02
7146 1.665813e+02
7178 1.665813e+02
7179 1.665813e+02
7180 1.665813e+02
7223 1.665813e+02
7240 1.665813e+02
7248 1.665813e+02
7289 1.665813e+02
7412 1.665813e+02
7420 1.665813e+02
7430 1.665813e+02
7453 1.665813e+02
7456 1.665813e+02
7519 1.665813e+02
7528 1.665813e+02
7533 1.665813e+02
7611 1.665813e+02
34077 1.375031e+02
34104 1.209363e+02
34163 1.151298e+02
34204 9.930104e+01
34231 9.509298e+01
34243 8.130754e+01
34291 7.951607e+01
34297 6.919912e+01
34304 4.963410e+01
34353 4.514476e+01
34369 4.481940e+01
34428 4.330713e+01
34440 3.728326e+01
34550 3.310747e+01
34632 3.031185e+01
34665 3.022363e+01
34789 2.983242e+01
34797 2.968903e+01
34798 2.895254e+01
34875 2.846985e+01
34900 2.811779e+01
34904 2.800945e+01
34907 2.758848e+01
34923 2.753590e+01
34968 2.744365e+01
34973 2.732200e+01
35042 2.724719e+01
35096 2.720912e+01
35097 2.714085e+01
35106 2.710234e+01
35111 2.709436e+01
35152 2.708302e+01
35184 2.706816e+01
35186 2.701809e+01
35240 2.701168e+01
35250 2.700869e+01
35281 2.699426e+01
35297 2.698601e+01
35314 2.696600e+01
35395 2.696496e+01
35410 2.695861e+01
35425 2.695640e+01
35442 2.695372e+01
35562 2.695174e+01
35621 2.695142e+01
35651 2.695113e+01
35661 2.695100e+01
35677 2.695037e+01
35731 2.695029e+01
35738 2.695008e+01
35741 2.694953e+01
35832 2.694946e+01
35893 2.694941e+01
35947 2.694931e+01
35970 2.694922e+01
36049 2.694918e+01
36063 2.694915e+01
36194 2.694913e+01
36220 2.694913e+01
36247 2.694912e+01
36298 2.694912e+01
36300 2.694912e+01
36319 2.694912e+01
36327 2.694911e+01
36333 2.694911e+01
36354 2.694911e+01
36426 2.694911e+01
36428 2.694911e+01
36539 2.694910e+01
36588 2.694910e+01
36590 2.694910e+01
36612 2.694910e+01
36658 2.694910e+01
36711 2.694910e+01
36714 2.694910e+01
36752 2.694910e+01
36766 2.694910e+01
36771 2.694910e+01
36818 2.694910e+01
36841 2.694910e+01
36855 2.694910e+01
36873 2.694910e+01
36964 2.694910e+01
36977 2.694910e+01
36978 2.694910e+01
36991 2.694910e+01
36996 2.694910e+01
37087 2.694910e+01
37111 2.694910e+01
37115 2.694910e+01
37155 2.694910e+01
37158 2.694910e+01
37169 2.694910e+01
37185 2.694910e+01
37190 2.694910e+01
37206 2.694910e+01
37213 2.694910e+01
37341 2.694910e+01
37389 2.694910e+01
37410 2.694910e+01
37419 2.694910e+01
37446 2.694910e+01
37501 2.694910e+01
37509 2.694910e+01
37601 2.694910e+01
37659 2.694910e+01
37712 2.694910e+01
37775 2.694910e+01
37811 2.694910e+01
37859 2.694910e+01
37880 2.694910e+01
37915 2.694910e+01
38020 2.694910e+01
38047 2.694910e+01
48918 2.519747e+01
48998 2.383603e+01
49028 2.071673e+01
49223 1.720633e+01
49340 1.709767e+01
49365 1.626620e+01
49414 1.382800e+01
49435 1.104540e+01
49558 9.179169e+00
49683 8.733281e+00
49897 8.654413e+00
49962 8.513296e+00
49963 7.920769e+00
50077 7.843855e+00
50149 7.821684e+00
50169 7.636485e+00
50206 7.506294e+00
50328 7.482863e+00
50444 7.482263e+00
50445 7.369685e+00
50554 7.201866e+00
50629 7.157141e+00
50679 7.110406e+00
50683 7.031818e+00
50919 7.007293e+00
50925 7.002644e+00
50995 6.997458e+00
51040 6.995752e+00
51122 6.994416e+00
51124 6.982845e+00
51153 6.981877e+00
51178 6.981778e+00
51217 6.974202e+00
51254 6.969328e+00
51336 6.969144e+00
51367 6.968443e+00
51505 6.966104e+00
51607 6.958755e+00
51952 6.958026e+00
52022 6.957672e+00
52050 6.957626e+00
52140 6.957519e+00
52152 6.957236e+00
52241 6.957142e+00
52268 6.957010e+00
52289 6.955673e+00
52545 6.955221e+00
52766 6.955146e+00
52809 6.955067e+00
52850 6.954957e+00
53094 6.954930e+00
53116 6.954899e+00
53352 6.954878e+00
53361 6.954859e+00
53423 6.954853e+00
53480 6.954848e+00
53607 6.954847e+00
53624 6.954845e+00
53766 6.954843e+00
53779 6.954841e+00
53785 6.954840e+00
53789 6.954838e+00
53807 6.954837e+00
54020 6.954833e+00
54055 6.954833e+00
54194 6.954832e+00
54317 6.954832e+00
54342 6.954831e+00
54419 6.954831e+00
54452 6.954831e+00
54468 6.954831e+00
54491 6.954831e+00
54580 6.954830e+00
54904 6.954830e+00
54944 6.954830e+00
54959 6.954830e+00
55041 6.954830e+00
55231 6.954830e+00
55273 6.954830e+00
55284 6.954830e+00
55428 6.954830e+00
55522 6.954830e+00
55572 6.954830e+00
55645 6.954830e+00
55738 6.954830e+00
55936 6.954830e+00
56130 6.954830e+00
56196 6.954830e+00
56303 6.954830e+00
56319 6.954830e+00
56337 6.954830e+00
56421 6.954830e+00
56482 6.954830e+00
56553 6.954830e+00
56564 6.954830e+00
56585 6.954830e+00
56691 6.954830e+00
56717 6.954830e+00
56721 6.954830e+00
56897 6.954830e+00
56965 6.954830e+00
56982 6.954830e+00
57017 6.954830e+00
57087 6.954830e+00
57219 6.954830e+00
57398 6.954830e+00
57411 6.954830e+00
57433 6.954830e+00
57581 6.954830e+00
