1 4.973282e+03
2 4.733665e+03
3 4.330071e+03
4 4.106712e+03
7 3.525222e+03
44 3.365562e+03
60 3.363677e+03
68 3.122951e+03
123 2.862535e+03
164 2.646249e+03
195 2.566208e+03
197 2.405500e+03
210 2.347610e+03
533 2.328764e+03
546 1.928104e+03
787 1.662090e+03
1421 1.644353e+03
1611 1.573531e+03
1783 1.278412e+03
2008 1.193198e+03
2052 7.328337e+02
2251 5.488267e+02
2431 2.721514e+02
2623 1.780555e+02
2692 1.446864e+02
2708 1.054445e+02
2833 1.015653e+02
2911 1.008222e+02
2924 8.252176e+01
2958 6.344021e+01
3054 5.307072e+01
3104 5.142124e+01
3108 5.004451e+01
3116 4.130457e+01
3168 4.024092e+01
3203 3.776864e+01
3294 3.736053e+01
3301 3.527394e+01
3325 3.458121e+01
3339 3.380217e+01
3395 3.363496e+01
3426 3.358382e+01
3451 3.332427e+01
3453 3.267466e+01
3492 3.220482e+01
3579 3.214404e+01
3679 3.211791e+01
3690 3.207580e+01
3713 3.202250e+01
3737 3.199265e+01
3793 3.197613e+01
3794 3.195255e+01
3867 3.194417e+01
3872 3.191831e+01
3906 3.191200e+01
3970 3.189765e+01
4011 3.189240e+01
4100 3.189097e+01
4129 3.188974e+01
4194 3.188927e+01
4196 3.188849e+01
4222 3.188761e+01
4255 3.188754e+01
4273 3.188743e+01
4311 3.188739e+01
4341 3.188727e+01
4346 3.188714e+01
4385 3.188708e+01
4395 3.188687e+01
4413 3.188649e+01
4438 3.188641e+01
4556 3.188637e+01
4591 3.188634e+01
4616 3.188633e+01
4644 3.188630e+01
4706 3.188628e+01
4747 3.188627e+01
4779 3.188627e+01
4786 3.188626e+01
4810 3.188626e+01
4854 3.188626e+01
4855 3.188626e+01
4923 3.188625e+01
4969 3.188625e+01
4976 3.188625e+01
4978 3.188625e+01
5006 3.188625e+01
5039 3.188625e+01
5042 3.188625e+01
5132 3.188625e+01
5174 3.188625e+01
5176 3.188625e+01
5186 3.188625e+01
5242 3.188625e+01
5246 3.188625e+01
5330 3.188625e+01
5362 3.188625e+01
5394 3.188625e+01
5400 3.188625e+01
5404 3.188625e+01
5419 3.188625e+01
5429 3.188625e+01
5480 3.188625e+01
5491 3.188625e+01
5497 3.188625e+01
5522 3.188625e+01
5569 3.188625e+01
5575 3.188625e+01
5589 3.188625e+01
5645 3.188625e+01
5676 3.188625e+01
5678 3.188625e+01
5680 3.188625e+01
5682 3.188625e+01
5742 3.188625e+01
5778 3.188625e+01
5818 3.188625e+01
5838 3.188625e+01
5961 3.188625e+01
5986 3.188625e+01
5987 3.188625e+01
6023 3.188625e+01
6093 3.188625e+01
6121 3.188625e+01
6125 3.188625e+01
6159 3.188625e+01
6203 3.188625e+01
6224 3.188625e+01
6277 3.188625e+01
6290 3.188625e+01
