1 8.917266e+03
2 5.813329e+03
22 5.699432e+03
218 5.333839e+03
258 5.277978e+03
264 5.176224e+03
317 5.099892e+03
338 4.707452e+03
385 3.999408e+03
452 3.834407e+03
475 3.017261e+03
592 2.819738e+03
637 2.748758e+03
673 2.504633e+03
689 2.478802e+03
773 2.261394e+03
800 2.167329e+03
819 2.166836e+03
879 1.822793e+03
889 1.772714e+03
938 1.654385e+03
956 1.503931e+03
1004 1.399060e+03
1020 1.321524e+03
1158 1.312152e+03
1162 1.157533e+03
1228 1.121669e+03
1267 1.121468e+03
1285 9.670031e+02
1337 9.410889e+02
1401 8.931106e+02
1430 8.762960e+02
1444 8.324032e+02
1461 8.114571e+02
1575 7.209166e+02
1674 7.040464e+02
1752 6.578912e+02
1858 6.298089e+02
1876 6.240914e+02
1939 6.234182e+02
2042 5.771025e+02
2232 5.728872e+02
2257 5.576740e+02
2262 4.899743e+02
2343 4.639033e+02
4154 4.370126e+02
4368 4.268594e+02
9007 4.109430e+02
15798 4.100028e+02
15843 4.030394e+02
16630 4.008418e+02
16637 3.998281e+02
17298 3.936577e+02
17715 3.858208e+02
17788 3.842474e+02
17927 3.809918e+02
17963 3.710760e+02
18299 3.564862e+02
18410 3.321364e+02
18791 3.228904e+02
18829 3.206288e+02
18853 2.914686e+02
19313 2.736155e+02
19927 2.536338e+02
19986 2.315918e+02
20049 2.315321e+02
20158 2.204267e+02
20261 1.714928e+02
20892 1.682850e+02
20908 1.562941e+02
20985 1.345231e+02
21267 1.344284e+02
21331 1.300602e+02
21359 1.293371e+02
21376 1.288495e+02
21399 1.259955e+02
21426 1.211582e+02
21464 1.202359e+02
21622 1.151241e+02
21639 1.136543e+02
21671 1.098562e+02
21876 1.043732e+02
22083 1.018978e+02
22118 1.015125e+02
22194 9.759576e+01
22375 9.656671e+01
22607 9.340388e+01
22779 9.243171e+01
22799 9.077389e+01
22989 8.938947e+01
23126 8.861646e+01
23204 8.820184e+01
23235 8.786267e+01
23290 8.766865e+01
23319 8.746087e+01
23390 8.709199e+01
23392 8.659185e+01
23573 8.651717e+01
23603 8.595454e+01
23756 8.558718e+01
23851 8.558687e+01
23879 8.539245e+01
23883 8.527676e+01
23896 8.521410e+01
23965 8.471046e+01
24121 8.465691e+01
24170 8.458292e+01
24191 8.456105e+01
24204 8.453542e+01
24227 8.448829e+01
24256 8.448603e+01
24310 8.431235e+01
24311 8.429302e+01
24331 8.410983e+01
24598 8.409344e+01
24606 8.395443e+01
24829 8.389539e+01
24854 8.389231e+01
24873 8.370538e+01
24962 8.370196e+01
24963 8.370116e+01
24977 8.359219e+01
25030 8.353488e+01
25111 8.347088e+01
25263 8.345788e+01
25271 8.339439e+01
25292 8.335675e+01
25349 8.335560e+01
25463 8.328892e+01
25529 8.328200e+01
25612 8.327062e+01
25621 8.312116e+01
25642 8.309319e+01
25911 8.296498e+01
25997 8.295791e+01
26056 8.295326e+01
26134 8.290513e+01
26156 8.283616e+01
26207 8.283011e+01
26236 8.282238e+01
26314 8.282046e+01
26328 8.272648e+01
26468 8.272253e+01
26519 8.263016e+01
26843 8.257903e+01
26941 8.256990e+01
27026 8.256458e+01
27048 8.255054e+01
27052 8.254997e+01
27078 8.247747e+01
27238 8.246880e+01
27280 8.246512e+01
27308 8.242401e+01
27384 8.237781e+01
27675 8.235763e+01
27836 8.235228e+01
27874 8.233616e+01
27888 8.231710e+01
27957 8.231397e+01
27988 8.231132e+01
27991 8.230394e+01
28015 8.229634e+01
28020 8.229412e+01
28041 8.226724e+01
28043 8.225212e+01
28398 8.224076e+01
28526 8.223558e+01
28578 8.223020e+01
28596 8.222217e+01
28654 8.221895e+01
28702 8.221766e+01
28719 8.220414e+01
28767 8.219923e+01
28775 8.219487e+01
28929 8.218138e+01
29045 8.218136e+01
29083 8.217952e+01
29085 8.217056e+01
29210 8.216883e+01
29264 8.216352e+01
29403 8.215020e+01
29615 8.214949e+01
29668 8.214828e+01
29707 8.214786e+01
29712 8.214701e+01
29765 8.214254e+01
29849 8.214183e+01
29850 8.213823e+01
29864 8.213218e+01
29947 8.213178e+01
29991 8.213087e+01
30006 8.213075e+01
30020 8.212939e+01
30109 8.212737e+01
30218 8.212614e+01
30357 8.212353e+01
30429 8.212263e+01
30479 8.212238e+01
30496 8.211743e+01
30580 8.211631e+01
30771 8.211346e+01
30955 8.211307e+01
31018 8.211160e+01
31019 8.211145e+01
31396 8.211122e+01
31514 8.211120e+01
31556 8.210948e+01
31629 8.210574e+01
31974 8.210566e+01
32085 8.210534e+01
32106 8.210483e+01
32191 8.210372e+01
32295 8.210369e+01
32346 8.210329e+01
32432 8.210325e+01
32483 8.210319e+01
32606 8.210294e+01
32609 8.210294e+01
32652 8.210279e+01
32676 8.210267e+01
32697 8.210254e+01
32715 8.210249e+01
32751 8.210242e+01
32772 8.210231e+01
32842 8.210212e+01
32905 8.210200e+01
32945 8.210183e+01
32980 8.210165e+01
33020 8.210155e+01
33111 8.210138e+01
33189 8.210137e+01
33194 8.210130e+01
33232 8.210129e+01
33239 8.210120e+01
33296 8.210104e+01
33312 8.210091e+01
33377 8.210083e+01
33493 8.210079e+01
33522 8.210068e+01
33628 8.210067e+01
33708 8.210058e+01
33875 8.210040e+01
33887 8.210035e+01
33938 8.210018e+01
34222 8.210017e+01
34251 8.210014e+01
34264 8.210009e+01
34317 8.210005e+01
34330 8.209997e+01
34379 8.209995e+01
34430 8.209995e+01
34583 8.209993e+01
34605 8.209986e+01
34685 8.209984e+01
34731 8.209979e+01
34957 8.209976e+01
35003 8.209972e+01
35089 8.209970e+01
35111 8.209956e+01
35217 8.209955e+01
35497 8.209947e+01
35714 8.209947e+01
35911 8.209944e+01
35928 8.209940e+01
36214 8.209939e+01
36256 8.209939e+01
36265 8.209938e+01
36320 8.209936e+01
36391 8.209935e+01
36452 8.209933e+01
36544 8.209932e+01
36626 8.209932e+01
36639 8.209931e+01
36750 8.209931e+01
36806 8.209930e+01
36982 8.209930e+01
36989 8.209930e+01
37020 8.209929e+01
37053 8.209928e+01
37204 8.209928e+01
37210 8.209928e+01
37261 8.209928e+01
37336 8.209928e+01
37359 8.209928e+01
37406 8.209927e+01
37438 8.209927e+01
37511 8.209926e+01
37543 8.209926e+01
37615 8.209925e+01
37645 8.209925e+01
37647 8.209925e+01
37800 8.209924e+01
37917 8.209924e+01
37945 8.209924e+01
38057 8.209924e+01
38102 8.209924e+01
38236 8.209923e+01
38311 8.209923e+01
38313 8.209923e+01
38357 8.209923e+01
38381 8.209923e+01
38414 8.209923e+01
38650 8.209923e+01
38652 8.209923e+01
38699 8.209923e+01
38765 8.209922e+01
38779 8.209922e+01
38988 8.209922e+01
39347 8.209922e+01
39363 8.209922e+01
39453 8.209922e+01
39461 8.209922e+01
39462 8.209922e+01
39544 8.209922e+01
39626 8.209922e+01
39663 8.209922e+01
39671 8.209922e+01
39948 8.209922e+01
40063 8.209922e+01
40093 8.209922e+01
40101 8.209922e+01
40202 8.209922e+01
40244 8.209922e+01
40320 8.209922e+01
40402 8.209922e+01
40461 8.209922e+01
40500 8.209922e+01
40519 8.209922e+01
40525 8.209922e+01
40569 8.209922e+01
40630 8.209922e+01
40643 8.209922e+01
40767 8.209922e+01
40773 8.209922e+01
40784 8.209922e+01
40871 8.209922e+01
40872 8.209922e+01
40958 8.209922e+01
41175 8.209922e+01
41367 8.209922e+01
41427 8.209922e+01
41472 8.209922e+01
41542 8.209922e+01
41577 8.209922e+01
41815 8.209922e+01
41821 8.209922e+01
41920 8.209922e+01
41938 8.209922e+01
41957 8.209922e+01
42033 8.209922e+01
42042 8.209922e+01
42108 8.209922e+01
42285 8.209922e+01
42320 8.209922e+01
42329 8.209922e+01
42364 8.209922e+01
42547 8.209922e+01
42567 8.209922e+01
42653 8.209922e+01
42682 8.209922e+01
42820 8.209922e+01
42834 8.209922e+01
42854 8.209922e+01
42899 8.209922e+01
42906 8.209922e+01
42942 8.209922e+01
43001 8.209922e+01
43051 8.209922e+01
43144 8.209922e+01
43184 8.209922e+01
43273 8.209922e+01
43315 8.209922e+01
43361 8.209922e+01
43407 8.209922e+01
43463 8.209922e+01
43501 8.209922e+01
43564 8.209922e+01
43684 8.209922e+01
43685 8.209922e+01
43714 8.209922e+01
43772 8.209922e+01
43802 8.209922e+01
43934 8.209922e+01
44062 8.209922e+01
44254 8.209922e+01
44396 8.209922e+01
44400 8.209922e+01
44404 8.209922e+01
44597 8.209922e+01
44720 8.209922e+01
44723 8.209922e+01
44924 8.209922e+01
44955 8.209922e+01
44996 8.209922e+01
45033 8.209922e+01
45073 8.209922e+01
45123 8.209922e+01
45175 8.209922e+01
45185 8.209922e+01
45214 8.209922e+01
45224 8.209922e+01
45241 8.209922e+01
45264 8.209922e+01
45286 8.209922e+01
45331 8.209922e+01
45439 8.209922e+01
45483 8.209922e+01
45494 8.209922e+01
45565 8.209922e+01
45614 8.209922e+01
45653 8.209922e+01
45691 8.209922e+01
45724 8.209922e+01
45775 8.209922e+01
45816 8.209922e+01
45914 8.209922e+01
46042 8.209922e+01
46056 8.209922e+01
46122 8.209922e+01
46141 8.209922e+01
46147 8.209922e+01
46244 8.209922e+01
46358 8.209922e+01
46362 8.209922e+01
46365 8.209922e+01
46372 8.209922e+01
46375 8.209922e+01
46387 8.209922e+01
46425 8.209922e+01
46466 8.209922e+01
46471 8.209922e+01
46490 8.209922e+01
46520 8.209922e+01
46652 8.209922e+01
46688 8.209922e+01
46720 8.209922e+01
46746 8.209922e+01
46755 8.209922e+01
46803 8.209922e+01
46861 8.209922e+01
46911 8.209922e+01
46955 8.209922e+01
47131 8.209922e+01
47252 8.209922e+01
47265 8.209922e+01
47281 8.209922e+01
239395 7.975677e+01
239611 7.841614e+01
239655 7.360876e+01
239759 7.281085e+01
239985 7.228886e+01
240242 6.911586e+01
240725 6.783855e+01
241061 6.779151e+01
241384 6.708107e+01
241685 6.558004e+01
241787 6.540896e+01
242289 6.429929e+01
242424 6.428354e+01
242737 6.420295e+01
242764 6.306688e+01
243158 6.302228e+01
243277 6.212149e+01
243432 6.189313e+01
243520 6.170848e+01
243972 6.147924e+01
244339 6.114938e+01
244400 6.088537e+01
244511 6.063965e+01
244859 6.045300e+01
245083 6.029546e+01
245175 6.006491e+01
245548 5.999603e+01
245565 5.987130e+01
246076 5.965746e+01
246293 5.963636e+01
246325 5.961096e+01
246440 5.956876e+01
246890 5.951252e+01
247538 5.945175e+01
247788 5.932614e+01
248400 5.932612e+01
248618 5.929615e+01
249225 5.927755e+01
249394 5.924087e+01
249453 5.923894e+01
249784 5.923628e+01
249864 5.922417e+01
249898 5.921402e+01
249903 5.917455e+01
250037 5.915795e+01
250045 5.913798e+01
250247 5.913527e+01
250411 5.911388e+01
250629 5.911171e+01
250681 5.910053e+01
250684 5.905825e+01
251414 5.904648e+01
251632 5.902161e+01
251867 5.901651e+01
251947 5.901182e+01
252154 5.900408e+01
252164 5.897454e+01
252272 5.896419e+01
252472 5.894779e+01
252686 5.894202e+01
252780 5.894079e+01
253115 5.893004e+01
253131 5.892443e+01
253302 5.891834e+01
253348 5.891399e+01
253887 5.890515e+01
254068 5.889808e+01
254349 5.889426e+01
254427 5.888978e+01
254626 5.888868e+01
254784 5.888729e+01
255007 5.888406e+01
255094 5.887507e+01
255129 5.887323e+01
255509 5.887231e+01
255806 5.887190e+01
255889 5.887094e+01
255935 5.887023e+01
255987 5.886700e+01
256681 5.886689e+01
256902 5.886595e+01
256960 5.886412e+01
257204 5.885923e+01
257264 5.885891e+01
257334 5.885814e+01
257510 5.885622e+01
257871 5.885591e+01
257880 5.885487e+01
258053 5.885389e+01
258171 5.885181e+01
258572 5.885092e+01
258660 5.885084e+01
258666 5.884982e+01
258681 5.884845e+01
259425 5.884758e+01
259604 5.884623e+01
259645 5.884589e+01
259897 5.884522e+01
260159 5.884504e+01
260278 5.884498e+01
260298 5.884362e+01
260526 5.884334e+01
260703 5.884321e+01
260705 5.884303e+01
260807 5.884285e+01
261164 5.884285e+01
261284 5.884263e+01
261329 5.884254e+01
261331 5.884229e+01
261378 5.884206e+01
261441 5.884196e+01
261712 5.884169e+01
261856 5.884150e+01
261926 5.884119e+01
262081 5.884091e+01
262368 5.884086e+01
262503 5.884071e+01
262574 5.884061e+01
262904 5.884049e+01
263174 5.884036e+01
263497 5.884035e+01
263647 5.884025e+01
263654 5.884018e+01
263684 5.884013e+01
264076 5.883997e+01
264107 5.883994e+01
264318 5.883983e+01
264528 5.883967e+01
265075 5.883954e+01
265145 5.883945e+01
265222 5.883939e+01
265361 5.883938e+01
265434 5.883935e+01
265494 5.883915e+01
266234 5.883912e+01
266465 5.883903e+01
266688 5.883901e+01
267127 5.883896e+01
267445 5.883892e+01
267485 5.883885e+01
267777 5.883883e+01
267860 5.883878e+01
268247 5.883877e+01
268381 5.883871e+01
268756 5.883871e+01
268825 5.883871e+01
268850 5.883868e+01
269089 5.883866e+01
269204 5.883865e+01
269588 5.883865e+01
269845 5.883864e+01
269849 5.883864e+01
269870 5.883864e+01
269931 5.883863e+01
270079 5.883860e+01
270559 5.883860e+01
270702 5.883859e+01
270758 5.883858e+01
271081 5.883858e+01
271166 5.883858e+01
271196 5.883857e+01
271309 5.883857e+01
271324 5.883857e+01
271553 5.883857e+01
271596 5.883857e+01
271628 5.883857e+01
271646 5.883857e+01
271670 5.883856e+01
271804 5.883856e+01
271852 5.883856e+01
271873 5.883856e+01
271875 5.883856e+01
272013 5.883855e+01
272080 5.883855e+01
272135 5.883855e+01
272243 5.883855e+01
272245 5.883855e+01
272254 5.883855e+01
272281 5.883855e+01
272906 5.883855e+01
272908 5.883855e+01
273022 5.883855e+01
273030 5.883855e+01
273101 5.883854e+01
273116 5.883854e+01
273242 5.883854e+01
273380 5.883854e+01
273522 5.883854e+01
273598 5.883854e+01
273719 5.883854e+01
273726 5.883854e+01
273758 5.883854e+01
273769 5.883854e+01
273788 5.883854e+01
273858 5.883854e+01
273882 5.883854e+01
273962 5.883854e+01
274158 5.883854e+01
274257 5.883854e+01
274323 5.883854e+01
274416 5.883854e+01
274758 5.883854e+01
274863 5.883854e+01
274984 5.883854e+01
275165 5.883854e+01
275301 5.883854e+01
275516 5.883854e+01
276021 5.883854e+01
276489 5.883854e+01
276523 5.883854e+01
276584 5.883854e+01
276641 5.883854e+01
276812 5.883854e+01
277253 5.883854e+01
277282 5.883854e+01
277536 5.883854e+01
277753 5.883854e+01
277872 5.883854e+01
277892 5.883854e+01
277912 5.883854e+01
278251 5.883854e+01
278463 5.883854e+01
278546 5.883854e+01
278575 5.883854e+01
278725 5.883854e+01
279361 5.883854e+01
279820 5.883854e+01
279987 5.883854e+01
280121 5.883854e+01
280157 5.883854e+01
280239 5.883854e+01
280324 5.883854e+01
280352 5.883854e+01
281149 5.883854e+01
281204 5.883854e+01
281278 5.883854e+01
281454 5.883854e+01
281462 5.883854e+01
281536 5.883854e+01
281690 5.883854e+01
281715 5.883854e+01
281814 5.883854e+01
281854 5.883854e+01
281894 5.883854e+01
282111 5.883854e+01
282227 5.883854e+01
282283 5.883854e+01
282510 5.883854e+01
282592 5.883854e+01
282844 5.883854e+01
282869 5.883854e+01
282953 5.883854e+01
283010 5.883854e+01
283262 5.883854e+01
283498 5.883854e+01
283535 5.883854e+01
283636 5.883854e+01
283778 5.883854e+01
283827 5.883854e+01
283960 5.883854e+01
284064 5.883854e+01
284074 5.883854e+01
284078 5.883854e+01
284128 5.883854e+01
284222 5.883854e+01
284462 5.883854e+01
284688 5.883854e+01
285313 5.883854e+01
285339 5.883854e+01
285447 5.883854e+01
285467 5.883854e+01
285524 5.883854e+01
285548 5.883854e+01
285674 5.883854e+01
285786 5.883854e+01
285815 5.883854e+01
285834 5.883854e+01
285980 5.883854e+01
286200 5.883854e+01
286355 5.883854e+01
286488 5.883854e+01
286607 5.883854e+01
286621 5.883854e+01
286665 5.883854e+01
286683 5.883854e+01
286741 5.883854e+01
286772 5.883854e+01
286910 5.883854e+01
286983 5.883854e+01
287054 5.883854e+01
287089 5.883854e+01
287137 5.883854e+01
287168 5.883854e+01
287185 5.883854e+01
287242 5.883854e+01
287249 5.883854e+01
287261 5.883854e+01
287281 5.883854e+01
287291 5.883854e+01
287594 5.883854e+01
287665 5.883854e+01
287714 5.883854e+01
287876 5.883854e+01
287893 5.883854e+01
287970 5.883854e+01
288509 5.883854e+01
288544 5.883854e+01
288574 5.883854e+01
288597 5.883854e+01
288729 5.883854e+01
288744 5.883854e+01
288746 5.883854e+01
288754 5.883854e+01
288809 5.883854e+01
288857 5.883854e+01
288894 5.883854e+01
288896 5.883854e+01
288997 5.883854e+01
465247 5.871566e+01
465606 5.859405e+01
465743 5.850308e+01
465990 5.839105e+01
466459 5.836219e+01
467396 5.830043e+01
467597 5.814877e+01
467760 5.806871e+01
467839 5.804368e+01
467866 5.800748e+01
467919 5.787808e+01
468670 5.787635e+01
468925 5.780307e+01
468946 5.759718e+01
470054 5.748983e+01
470312 5.747480e+01
471312 5.745169e+01
471630 5.738577e+01
471674 5.738277e+01
471774 5.737680e+01
471811 5.736364e+01
471952 5.734905e+01
472035 5.734011e+01
472117 5.726313e+01
472454 5.724836e+01
472532 5.723253e+01
472670 5.721685e+01
472738 5.719949e+01
472759 5.716536e+01
472782 5.714243e+01
472798 5.710341e+01
472822 5.702678e+01
473269 5.701517e+01
473638 5.699797e+01
474566 5.696520e+01
474740 5.690845e+01
475695 5.685666e+01
476076 5.683290e+01
478042 5.683166e+01
478273 5.682786e+01
478374 5.682328e+01
478974 5.681629e+01
478994 5.680069e+01
479724 5.677053e+01
480102 5.671842e+01
480397 5.669799e+01
480947 5.666975e+01
481467 5.666809e+01
481615 5.663524e+01
483140 5.663159e+01
483154 5.663111e+01
483432 5.662283e+01
483550 5.659526e+01
483731 5.658605e+01
484266 5.658595e+01
484376 5.657871e+01
484476 5.657764e+01
484682 5.657738e+01
484727 5.657453e+01
484810 5.656040e+01
485029 5.654680e+01
485051 5.654184e+01
485436 5.653774e+01
486669 5.653675e+01
486752 5.653671e+01
486793 5.653379e+01
486964 5.652961e+01
487579 5.651064e+01
489639 5.650239e+01
489648 5.649895e+01
489804 5.649371e+01
490261 5.649357e+01
490649 5.649329e+01
490704 5.648881e+01
490927 5.648469e+01
491803 5.648202e+01
491852 5.648193e+01
492010 5.648186e+01
492034 5.648071e+01
492172 5.647745e+01
492541 5.647511e+01
492554 5.647399e+01
492838 5.647195e+01
493346 5.647173e+01
493601 5.647133e+01
493648 5.647123e+01
493823 5.647006e+01
494015 5.647005e+01
494061 5.646981e+01
494089 5.646944e+01
494218 5.646931e+01
494246 5.646931e+01
494253 5.646918e+01
494291 5.646805e+01
494555 5.646723e+01
494722 5.646694e+01
495107 5.646688e+01
495830 5.646603e+01
497334 5.646602e+01
497688 5.646545e+01
498027 5.646539e+01
498391 5.646521e+01
498811 5.646513e+01
498879 5.646511e+01
498895 5.646476e+01
499147 5.646446e+01
499399 5.646403e+01
