1 1.211879e+04
3 1.115701e+04
19 1.099876e+04
33 1.032587e+04
102 1.025123e+04
227 9.659440e+03
1589 9.565624e+03
2061 8.965029e+03
2666 8.457315e+03
3599 8.090285e+03
7812 8.015708e+03
8659 7.861777e+03
8974 7.563587e+03
9546 7.403977e+03
9874 7.197373e+03
10118 6.760982e+03
10212 6.582240e+03
10807 6.199190e+03
11029 5.550196e+03
11352 5.546819e+03
11520 4.819945e+03
11715 4.564206e+03
11807 4.381095e+03
11808 4.245635e+03
11847 3.965421e+03
11874 3.945902e+03
11907 3.570834e+03
11908 3.338922e+03
12082 3.299161e+03
12149 3.259171e+03
12158 2.810026e+03
12303 2.503255e+03
12317 2.475194e+03
12349 2.357711e+03
12354 2.356002e+03
12358 2.310278e+03
12424 2.300997e+03
12455 2.253913e+03
12470 2.221918e+03
12558 2.096518e+03
12598 2.055502e+03
12673 2.051909e+03
12704 1.993752e+03
12724 1.993743e+03
12786 1.912639e+03
12819 1.850659e+03
12900 1.789092e+03
13124 1.762147e+03
13158 1.726885e+03
13162 1.718116e+03
13210 1.687333e+03
13299 1.674338e+03
13321 1.633657e+03
13332 1.612544e+03
13442 1.596260e+03
13522 1.571941e+03
13601 1.553816e+03
13631 1.535458e+03
13834 1.533965e+03
13875 1.532851e+03
13895 1.522543e+03
13897 1.520838e+03
13925 1.509979e+03
13971 1.504800e+03
14097 1.499750e+03
14114 1.493183e+03
14264 1.491789e+03
14302 1.488353e+03
14370 1.482333e+03
14381 1.482087e+03
14402 1.481777e+03
14452 1.481509e+03
14525 1.475516e+03
14768 1.474055e+03
14879 1.473835e+03
14917 1.473537e+03
14927 1.472046e+03
14978 1.471931e+03
14990 1.471692e+03
15048 1.470674e+03
15165 1.470488e+03
15215 1.470478e+03
15236 1.470185e+03
15300 1.469981e+03
15308 1.469673e+03
15432 1.469310e+03
15478 1.469237e+03
15489 1.469042e+03
15568 1.468891e+03
15780 1.468744e+03
15924 1.468617e+03
15996 1.468503e+03
16000 1.468499e+03
16036 1.468458e+03
16099 1.468335e+03
16196 1.468329e+03
16250 1.468328e+03
16301 1.468297e+03
16318 1.468262e+03
16353 1.468256e+03
16419 1.468233e+03
16453 1.468215e+03
16503 1.468205e+03
16576 1.468197e+03
16620 1.468196e+03
16649 1.468190e+03
16676 1.468187e+03
16677 1.468164e+03
16754 1.468163e+03
16782 1.468149e+03
16896 1.468144e+03
16910 1.468135e+03
16959 1.468132e+03
17055 1.468131e+03
17064 1.468127e+03
17094 1.468127e+03
17107 1.468125e+03
17232 1.468124e+03
17249 1.468121e+03
17320 1.468121e+03
17339 1.468119e+03
17346 1.468119e+03
17364 1.468117e+03
17418 1.468116e+03
17454 1.468115e+03
17507 1.468115e+03
17519 1.468115e+03
17533 1.468112e+03
17700 1.468112e+03
17812 1.468112e+03
17929 1.468112e+03
17931 1.468111e+03
17953 1.468111e+03
17965 1.468111e+03
18013 1.468111e+03
18042 1.468110e+03
18091 1.468110e+03
18126 1.468110e+03
18160 1.468109e+03
18197 1.468109e+03
18317 1.468109e+03
18320 1.468109e+03
18323 1.468109e+03
18359 1.468109e+03
18417 1.468109e+03
18510 1.468108e+03
18562 1.468108e+03
18718 1.468108e+03
18723 1.468108e+03
18759 1.468108e+03
18776 1.468108e+03
18861 1.468108e+03
18872 1.468108e+03
18878 1.468108e+03
18888 1.468108e+03
18901 1.468108e+03
18923 1.468108e+03
18983 1.468108e+03
19057 1.468108e+03
19062 1.468108e+03
19190 1.468108e+03
19253 1.468108e+03
19268 1.468108e+03
19293 1.468108e+03
19306 1.468108e+03
19333 1.468108e+03
19376 1.468108e+03
19400 1.468108e+03
19408 1.468108e+03
19424 1.468108e+03
19431 1.468108e+03
19518 1.468108e+03
19636 1.468108e+03
19691 1.468108e+03
19696 1.468108e+03
19705 1.468108e+03
19713 1.468108e+03
19820 1.468108e+03
19839 1.468108e+03
19869 1.468108e+03
19875 1.468108e+03
19914 1.468108e+03
19929 1.468108e+03
20141 1.468108e+03
20170 1.468108e+03
20179 1.468108e+03
20239 1.468108e+03
20286 1.468108e+03
20296 1.468108e+03
20409 1.468108e+03
20462 1.468108e+03
20655 1.468108e+03
20673 1.468108e+03
20816 1.468108e+03
20886 1.468108e+03
20919 1.468108e+03
20924 1.468108e+03
20946 1.468108e+03
21021 1.468108e+03
21058 1.468108e+03
21070 1.468108e+03
21097 1.468108e+03
21118 1.468108e+03
21233 1.468108e+03
21240 1.468108e+03
21283 1.468108e+03
21309 1.468108e+03
21356 1.468108e+03
21451 1.468108e+03
21523 1.468108e+03
21549 1.468108e+03
21563 1.468108e+03
21597 1.468108e+03
21683 1.468108e+03
21709 1.468108e+03
21740 1.468108e+03
21817 1.468108e+03
21885 1.468108e+03
21896 1.468108e+03
21923 1.468108e+03
21977 1.468108e+03
22064 1.468108e+03
22082 1.468108e+03
22095 1.468108e+03
22140 1.468108e+03
22172 1.468108e+03
22291 1.468108e+03
22327 1.468108e+03
22400 1.468108e+03
22436 1.468108e+03
22566 1.468108e+03
22619 1.468108e+03
22694 1.468108e+03
22722 1.468108e+03
22749 1.468108e+03
22760 1.468108e+03
22783 1.468108e+03
22848 1.468108e+03
23001 1.468108e+03
23013 1.468108e+03
23063 1.468108e+03
23151 1.468108e+03
23172 1.468108e+03
23228 1.468108e+03
23271 1.468108e+03
23303 1.468108e+03
23396 1.468108e+03
23439 1.468108e+03
23474 1.468108e+03
23493 1.468108e+03
23570 1.468108e+03
23597 1.468108e+03
23635 1.468108e+03
23743 1.468108e+03
23773 1.468108e+03
23791 1.468108e+03
23796 1.468108e+03
23829 1.468108e+03
23849 1.468108e+03
23853 1.468108e+03
23955 1.468108e+03
24011 1.468108e+03
24103 1.468108e+03
24144 1.468108e+03
24176 1.468108e+03
24224 1.468108e+03
24238 1.468108e+03
24274 1.468108e+03
24307 1.468108e+03
24341 1.468108e+03
24357 1.468108e+03
24377 1.468108e+03
24381 1.468108e+03
24399 1.468108e+03
199547 1.365241e+03
199808 1.341935e+03
199912 1.289935e+03
199979 1.223712e+03
200006 1.136737e+03
200195 1.095196e+03
200207 1.056919e+03
200447 9.202703e+02
200698 9.164246e+02
200718 8.966355e+02
200789 8.830151e+02
200825 8.634273e+02
200995 7.839169e+02
201529 7.627459e+02
201690 7.569717e+02
201947 7.520925e+02
201963 7.263005e+02
202016 7.237934e+02
202276 7.171380e+02
202285 7.151615e+02
202420 7.080275e+02
203123 7.058613e+02
203125 6.752217e+02
203465 6.669501e+02
203759 6.627177e+02
204028 6.561291e+02
204418 6.560248e+02
204511 6.544586e+02
204606 6.505846e+02
204687 6.505055e+02
204715 6.504843e+02
204734 6.472300e+02
204791 6.459853e+02
204994 6.431019e+02
205155 6.404141e+02
205499 6.394462e+02
205837 6.389620e+02
205850 6.377652e+02
205896 6.373147e+02
206103 6.365142e+02
206122 6.360940e+02
206253 6.352336e+02
206374 6.345730e+02
206612 6.342542e+02
206637 6.342440e+02
206666 6.339306e+02
206697 6.331357e+02
206803 6.327576e+02
207033 6.323726e+02
207131 6.323458e+02
207284 6.320268e+02
207309 6.314910e+02
207598 6.314650e+02
207751 6.314287e+02
207782 6.310532e+02
207913 6.306017e+02
207930 6.305309e+02
208113 6.304187e+02
208141 6.303884e+02
208226 6.303420e+02
208312 6.301271e+02
208570 6.300611e+02
208592 6.299066e+02
208664 6.298957e+02
208930 6.298643e+02
208975 6.296898e+02
209149 6.296762e+02
209325 6.296331e+02
209355 6.295934e+02
209435 6.295437e+02
209437 6.295344e+02
209575 6.295234e+02
209580 6.294938e+02
209675 6.293996e+02
209892 6.293782e+02
209915 6.293641e+02
209965 6.293571e+02
210053 6.293537e+02
210065 6.293450e+02
210175 6.293009e+02
210466 6.292845e+02
210605 6.292672e+02
210612 6.292601e+02
210638 6.292568e+02
210653 6.292545e+02
210729 6.292500e+02
210777 6.292218e+02
211245 6.292051e+02
211258 6.292044e+02
211298 6.292021e+02
211456 6.292009e+02
211530 6.292003e+02
211604 6.291957e+02
211708 6.291934e+02
211873 6.291903e+02
212069 6.291902e+02
212105 6.291893e+02
212158 6.291872e+02
212191 6.291870e+02
212210 6.291867e+02
212215 6.291848e+02
212240 6.291837e+02
212278 6.291833e+02
212318 6.291829e+02
212399 6.291828e+02
212408 6.291824e+02
212502 6.291824e+02
212565 6.291818e+02
212587 6.291793e+02
212685 6.291774e+02
212870 6.291774e+02
212937 6.291765e+02
213014 6.291758e+02
213229 6.291754e+02
213263 6.291739e+02
213663 6.291734e+02
213682 6.291724e+02
213903 6.291720e+02
214022 6.291715e+02
214162 6.291709e+02
214265 6.291709e+02
214479 6.291708e+02
214483 6.291702e+02
214779 6.291702e+02
214951 6.291702e+02
214953 6.291701e+02
215022 6.291698e+02
215295 6.291698e+02
215602 6.291697e+02
215665 6.291697e+02
215671 6.291697e+02
215740 6.291697e+02
215762 6.291696e+02
216074 6.291696e+02
216172 6.291696e+02
216244 6.291696e+02
216248 6.291695e+02
216388 6.291695e+02
216622 6.291695e+02
216689 6.291694e+02
216928 6.291694e+02
216930 6.291694e+02
217002 6.291694e+02
217033 6.291694e+02
217135 6.291694e+02
217161 6.291694e+02
217382 6.291694e+02
217564 6.291694e+02
217576 6.291694e+02
217646 6.291694e+02
217979 6.291694e+02
218009 6.291694e+02
218081 6.291694e+02
218089 6.291694e+02
218199 6.291694e+02
218201 6.291694e+02
218227 6.291694e+02
218268 6.291694e+02
218281 6.291694e+02
218385 6.291694e+02
218390 6.291694e+02
218455 6.291694e+02
218571 6.291694e+02
218572 6.291694e+02
218686 6.291694e+02
218742 6.291694e+02
218774 6.291694e+02
219028 6.291694e+02
219200 6.291693e+02
219312 6.291693e+02
219386 6.291693e+02
219417 6.291693e+02
219583 6.291693e+02
219584 6.291693e+02
219826 6.291693e+02
219961 6.291693e+02
220073 6.291693e+02
220176 6.291693e+02
220200 6.291693e+02
220217 6.291693e+02
220492 6.291693e+02
220656 6.291693e+02
221301 6.291693e+02
221376 6.291693e+02
221510 6.291693e+02
221548 6.291693e+02
221556 6.291693e+02
221573 6.291693e+02
221721 6.291693e+02
221880 6.291693e+02
222108 6.291693e+02
222230 6.291693e+02
222301 6.291693e+02
222376 6.291693e+02
222636 6.291693e+02
222824 6.291693e+02
223093 6.291693e+02
223140 6.291693e+02
223211 6.291693e+02
223215 6.291693e+02
223330 6.291693e+02
223541 6.291693e+02
223709 6.291693e+02
223748 6.291693e+02
223774 6.291693e+02
223934 6.291693e+02
224005 6.291693e+02
224017 6.291693e+02
224159 6.291693e+02
224276 6.291693e+02
224349 6.291693e+02
224594 6.291693e+02
225071 6.291693e+02
225232 6.291693e+02
225266 6.291693e+02
225354 6.291693e+02
225407 6.291693e+02
225424 6.291693e+02
225426 6.291693e+02
225439 6.291693e+02
225510 6.291693e+02
225584 6.291693e+02
225653 6.291693e+02
225695 6.291693e+02
225832 6.291693e+02
225857 6.291693e+02
225872 6.291693e+02
225895 6.291693e+02
226104 6.291693e+02
226156 6.291693e+02
226291 6.291693e+02
226805 6.291693e+02
226900 6.291693e+02
226948 6.291693e+02
227112 6.291693e+02
227164 6.291693e+02
227280 6.291693e+02
227353 6.291693e+02
227507 6.291693e+02
227586 6.291693e+02
227645 6.291693e+02
227753 6.291693e+02
228072 6.291693e+02
228309 6.291693e+02
228556 6.291693e+02
228682 6.291693e+02
228825 6.291693e+02
228845 6.291693e+02
228887 6.291693e+02
228963 6.291693e+02
229003 6.291693e+02
229014 6.291693e+02
229117 6.291693e+02
