1 2.634791e+03
5 8.341594e+02
47 5.873022e+02
147 4.979590e+02
244 4.754133e+02
319 4.672546e+02
547 4.647750e+02
590 4.507880e+02
593 4.411806e+02
676 4.392385e+02
728 4.377078e+02
744 4.228084e+02
903 4.174989e+02
1285 4.154683e+02
1321 4.147192e+02
1337 4.053049e+02
1452 4.033475e+02
1561 4.017349e+02
1571 3.963738e+02
1618 3.953156e+02
1718 3.943275e+02
1739 3.805592e+02
1816 3.789275e+02
2132 3.779390e+02
2158 3.746368e+02
2233 3.734178e+02
2314 3.665640e+02
2433 3.626000e+02
2531 3.612741e+02
2578 3.573911e+02
2823 3.570500e+02
2850 3.560203e+02
2961 3.540598e+02
2975 3.536876e+02
2986 3.522220e+02
3225 3.457218e+02
3557 3.390858e+02
3704 3.358235e+02
3905 3.344178e+02
3939 3.326276e+02
4077 3.309456e+02
4212 3.290201e+02
4244 3.283526e+02
4369 3.262249e+02
4492 3.239218e+02
4580 3.233456e+02
4642 3.162620e+02
4802 3.150600e+02
4978 3.122862e+02
5564 3.084829e+02
5665 3.082489e+02
5723 3.035939e+02
6402 3.035275e+02
6417 2.998348e+02
6650 2.995620e+02
6767 2.994658e+02
6790 2.991594e+02
6795 2.990626e+02
6820 2.967939e+02
6859 2.951339e+02
7466 2.892835e+02
7796 2.880360e+02
8140 2.879850e+02
8167 2.856573e+02
8427 2.853514e+02
8439 2.844293e+02
8647 2.829057e+02
8686 2.823518e+02
8802 2.815760e+02
8917 2.804980e+02
9091 2.800921e+02
9324 2.787429e+02
9575 2.773698e+02
9900 2.772801e+02
9904 2.767612e+02
9982 2.758870e+02
10065 2.752918e+02
10340 2.750796e+02
10385 2.750349e+02
10436 2.747435e+02
10523 2.746014e+02
10531 2.743278e+02
10759 2.741478e+02
10764 2.741413e+02
10882 2.741185e+02
10925 2.740049e+02
10935 2.736199e+02
11029 2.735439e+02
11040 2.735377e+02
11047 2.729316e+02
11273 2.727090e+02
11322 2.726651e+02
11332 2.725772e+02
11391 2.725010e+02
11458 2.721531e+02
11489 2.720055e+02
11614 2.717454e+02
11770 2.716946e+02
11938 2.716102e+02
11987 2.715932e+02
12092 2.715131e+02
12112 2.711929e+02
12222 2.711416e+02
12300 2.711289e+02
12359 2.711248e+02
12365 2.709890e+02
12445 2.708621e+02
12461 2.708198e+02
12499 2.707601e+02
12521 2.705864e+02
12565 2.704877e+02
12634 2.703556e+02
12722 2.703127e+02
12824 2.700400e+02
13114 2.700130e+02
13217 2.698064e+02
13433 2.696694e+02
13485 2.696085e+02
13510 2.695918e+02
13531 2.695270e+02
13559 2.694698e+02
13605 2.693980e+02
13610 2.693889e+02
13643 2.692909e+02
13727 2.691696e+02
13849 2.690194e+02
14071 2.690076e+02
14099 2.689005e+02
14156 2.687841e+02
14226 2.687529e+02
14490 2.687174e+02
14495 2.686731e+02
14538 2.686626e+02
14578 2.686472e+02
14585 2.685595e+02
14651 2.685576e+02
14697 2.684790e+02
14742 2.682912e+02
15108 2.682069e+02
15253 2.681173e+02
15475 2.681165e+02
15515 2.681068e+02
15540 2.680900e+02
15572 2.680262e+02
15677 2.679930e+02
15728 2.679518e+02
15889 2.679366e+02
16034 2.679204e+02
16056 2.678363e+02
16188 2.678055e+02
16338 2.677687e+02
16579 2.676845e+02
16869 2.676729e+02
16990 2.676683e+02
17021 2.676578e+02
17062 2.676401e+02
17288 2.676265e+02
17298 2.675905e+02
17339 2.675418e+02
17466 2.675370e+02
17631 2.675357e+02
17651 2.675237e+02
17652 2.675218e+02
17662 2.675093e+02
17696 2.675058e+02
17713 2.674939e+02
17720 2.674882e+02
17788 2.674857e+02
17806 2.674252e+02
17978 2.674234e+02
17985 2.674175e+02
18082 2.674154e+02
18109 2.673978e+02
18141 2.673896e+02
18195 2.673846e+02
18223 2.673759e+02
18228 2.673462e+02
18350 2.673397e+02
18442 2.673079e+02
18587 2.672990e+02
18591 2.672928e+02
18765 2.672858e+02
19064 2.672563e+02
19083 2.672187e+02
19092 2.672170e+02
19254 2.672161e+02
19293 2.672114e+02
19304 2.671843e+02
19433 2.671771e+02
19506 2.671593e+02
19540 2.671516e+02
19613 2.671449e+02
19620 2.671430e+02
19712 2.671371e+02
19848 2.671344e+02
19906 2.671286e+02
19966 2.671166e+02
19967 2.671136e+02
20004 2.671036e+02
20075 2.670876e+02
20158 2.670850e+02
20236 2.670836e+02
20242 2.670757e+02
20272 2.670580e+02
20389 2.670453e+02
20477 2.670452e+02
20531 2.670213e+02
20727 2.670096e+02
20799 2.669923e+02
21020 2.669834e+02
21123 2.669773e+02
21367 2.669767e+02
21378 2.669767e+02
21386 2.669739e+02
21421 2.669641e+02
21536 2.669607e+02
21725 2.669519e+02
21924 2.669484e+02
22014 2.669444e+02
22035 2.669438e+02
22126 2.669435e+02
22182 2.669370e+02
22220 2.669324e+02
22322 2.669291e+02
22399 2.669245e+02
22479 2.669231e+02
22573 2.669230e+02
22585 2.669198e+02
22602 2.669159e+02
22672 2.669054e+02
23285 2.669032e+02
23404 2.668990e+02
23487 2.668964e+02
23591 2.668956e+02
23787 2.668932e+02
23816 2.668919e+02
24007 2.668900e+02
24133 2.668872e+02
24297 2.668867e+02
24300 2.668863e+02
24311 2.668853e+02
24355 2.668833e+02
24532 2.668827e+02
24564 2.668803e+02
24658 2.668775e+02
24996 2.668737e+02
25106 2.668733e+02
25108 2.668709e+02
25124 2.668701e+02
25321 2.668697e+02
25370 2.668696e+02
25442 2.668689e+02
25658 2.668687e+02
25680 2.668660e+02
25742 2.668657e+02
25779 2.668652e+02
25793 2.668650e+02
25812 2.668628e+02
26015 2.668627e+02
26039 2.668612e+02
26100 2.668599e+02
26234 2.668599e+02
26502 2.668580e+02
26637 2.668577e+02
26861 2.668573e+02
26867 2.668569e+02
26877 2.668560e+02
26931 2.668560e+02
26964 2.668558e+02
26975 2.668557e+02
27050 2.668553e+02
27139 2.668551e+02
27141 2.668542e+02
27319 2.668535e+02
27332 2.668535e+02
27367 2.668531e+02
27372 2.668531e+02
27382 2.668529e+02
27565 2.668508e+02
27971 2.668505e+02
28043 2.668504e+02
28082 2.668500e+02
28144 2.668496e+02
28207 2.668495e+02
28226 2.668493e+02
28334 2.668493e+02
28347 2.668485e+02
28570 2.668484e+02
28571 2.668477e+02
28702 2.668476e+02
28787 2.668473e+02
28850 2.668472e+02
28920 2.668465e+02
28928 2.668464e+02
29090 2.668459e+02
29348 2.668459e+02
29368 2.668456e+02
29384 2.668456e+02
29449 2.668454e+02
29455 2.668450e+02
29488 2.668449e+02
29597 2.668448e+02
29768 2.668447e+02
29849 2.668444e+02
29943 2.668441e+02
30122 2.668441e+02
30173 2.668438e+02
30270 2.668436e+02
30288 2.668432e+02
30564 2.668432e+02
30698 2.668430e+02
30782 2.668428e+02
31180 2.668427e+02
31214 2.668423e+02
31452 2.668423e+02
31570 2.668422e+02
31591 2.668422e+02
31654 2.668421e+02
31742 2.668421e+02
31789 2.668420e+02
31805 2.668420e+02
31820 2.668420e+02
31922 2.668419e+02
31979 2.668418e+02
32012 2.668416e+02
32081 2.668415e+02
32113 2.668415e+02
32255 2.668414e+02
32361 2.668414e+02
32400 2.668414e+02
32514 2.668413e+02
32577 2.668411e+02
32733 2.668411e+02
32759 2.668410e+02
32895 2.668410e+02
32997 2.668410e+02
33027 2.668410e+02
33036 2.668410e+02
33037 2.668410e+02
33054 2.668410e+02
33059 2.668409e+02
33078 2.668408e+02
33321 2.668408e+02
33365 2.668407e+02
33409 2.668407e+02
33452 2.668407e+02
33453 2.668407e+02
33469 2.668407e+02
33510 2.668407e+02
33553 2.668406e+02
33556 2.668406e+02
33615 2.668406e+02
33631 2.668406e+02
33836 2.668406e+02
33929 2.668405e+02
34000 2.668405e+02
34042 2.668405e+02
34070 2.668405e+02
34073 2.668405e+02
34130 2.668404e+02
34239 2.668404e+02
34306 2.668403e+02
34401 2.668403e+02
34583 2.668403e+02
34749 2.668402e+02
34818 2.668402e+02
34866 2.668402e+02
34957 2.668401e+02
35124 2.668401e+02
35149 2.668401e+02
35252 2.668401e+02
35457 2.668400e+02
35466 2.668400e+02
35537 2.668400e+02
35756 2.668399e+02
35757 2.668399e+02
35898 2.668399e+02
35989 2.668399e+02
36026 2.668399e+02
36080 2.668399e+02
36096 2.668398e+02
36117 2.668398e+02
36347 2.668398e+02
36642 2.668398e+02
36741 2.668397e+02
36841 2.668397e+02
37043 2.668397e+02
37077 2.668397e+02
37298 2.668397e+02
37330 2.668396e+02
37445 2.668396e+02
37489 2.668396e+02
37591 2.668396e+02
37698 2.668396e+02
37850 2.668396e+02
37917 2.668396e+02
38023 2.668396e+02
38047 2.668396e+02
38388 2.668396e+02
38503 2.668396e+02
38530 2.668396e+02
38567 2.668396e+02
38652 2.668396e+02
38698 2.668395e+02
38870 2.668395e+02
38889 2.668395e+02
38971 2.668395e+02
39019 2.668395e+02
39078 2.668395e+02
39081 2.668395e+02
39086 2.668395e+02
39142 2.668395e+02
39195 2.668395e+02
39239 2.668395e+02
39383 2.668395e+02
39395 2.668395e+02
39433 2.668395e+02
39494 2.668395e+02
39513 2.668395e+02
39542 2.668395e+02
39554 2.668395e+02
39680 2.668395e+02
39730 2.668395e+02
39753 2.668395e+02
39905 2.668395e+02
40059 2.668395e+02
40075 2.668395e+02
40103 2.668395e+02
40142 2.668395e+02
40344 2.668395e+02
40377 2.668395e+02
40416 2.668395e+02
40421 2.668395e+02
40432 2.668395e+02
40759 2.668395e+02
40785 2.668395e+02
40866 2.668395e+02
40942 2.668395e+02
40995 2.668395e+02
41079 2.668395e+02
41291 2.668395e+02
41347 2.668395e+02
41390 2.668395e+02
41537 2.668394e+02
41748 2.668394e+02
41905 2.668394e+02
41924 2.668394e+02
41959 2.668394e+02
41972 2.668394e+02
42044 2.668394e+02
42108 2.668394e+02
42196 2.668394e+02
42415 2.668394e+02
42581 2.668394e+02
42597 2.668394e+02
42612 2.668394e+02
42649 2.668394e+02
42696 2.668394e+02
42703 2.668394e+02
42768 2.668394e+02
42828 2.668394e+02
42866 2.668394e+02
42897 2.668394e+02
42927 2.668394e+02
42981 2.668394e+02
43020 2.668394e+02
43150 2.668394e+02
43227 2.668394e+02
43294 2.668394e+02
43389 2.668394e+02
43460 2.668394e+02
43649 2.668394e+02
43667 2.668394e+02
43680 2.668394e+02
43808 2.668394e+02
44054 2.668394e+02
44341 2.668394e+02
44552 2.668394e+02
44556 2.668394e+02
44568 2.668394e+02
44649 2.668394e+02
44775 2.668394e+02
44804 2.668394e+02
44857 2.668394e+02
44916 2.668394e+02
45138 2.668394e+02
45161 2.668394e+02
45237 2.668394e+02
45278 2.668394e+02
45305 2.668394e+02
45369 2.668394e+02
45398 2.668394e+02
45537 2.668394e+02
45607 2.668394e+02
45648 2.668394e+02
45661 2.668394e+02
45686 2.668394e+02
45746 2.668394e+02
45783 2.668394e+02
45832 2.668394e+02
45854 2.668394e+02
45923 2.668394e+02
45928 2.668394e+02
45937 2.668394e+02
45973 2.668394e+02
46159 2.668394e+02
46169 2.668394e+02
46241 2.668394e+02
46283 2.668394e+02
46371 2.668394e+02
46404 2.668394e+02
46431 2.668394e+02
46566 2.668394e+02
46590 2.668394e+02
46592 2.668394e+02
46752 2.668394e+02
46796 2.668394e+02
46908 2.668394e+02
46944 2.668394e+02
47181 2.668394e+02
47350 2.668394e+02
47378 2.668394e+02
47415 2.668394e+02
47483 2.668394e+02
47539 2.668394e+02
47657 2.668394e+02
47713 2.668394e+02
47910 2.668394e+02
48057 2.668394e+02
48124 2.668394e+02
48302 2.668394e+02
48472 2.668394e+02
48619 2.668394e+02
48637 2.668394e+02
48754 2.668394e+02
48763 2.668394e+02
48862 2.668394e+02
48936 2.668394e+02
48961 2.668394e+02
49010 2.668394e+02
49206 2.668394e+02
49291 2.668394e+02
49398 2.668394e+02
49428 2.668394e+02
49476 2.668394e+02
49491 2.668394e+02
49557 2.668394e+02
49618 2.668394e+02
49690 2.668394e+02
49802 2.668394e+02
49807 2.668394e+02
49861 2.668394e+02
49968 2.668394e+02
49985 2.668394e+02
49999 2.668394e+02
50001 2.668394e+02
50085 2.668394e+02
50116 2.668394e+02
50123 2.668394e+02
50170 2.668394e+02
50229 2.668394e+02
50243 2.668394e+02
50490 2.668394e+02
50637 2.668394e+02
50647 2.668394e+02
50671 2.668394e+02
50783 2.668394e+02
50864 2.668394e+02
51006 2.668394e+02
51154 2.668394e+02
51268 2.668394e+02
51293 2.668394e+02
51497 2.668394e+02
51546 2.668394e+02
51761 2.668394e+02
51845 2.668394e+02
51867 2.668394e+02
51889 2.668394e+02
51940 2.668394e+02
51948 2.668394e+02
52022 2.668394e+02
52093 2.668394e+02
52136 2.668394e+02
52166 2.668394e+02
52211 2.668394e+02
52217 2.668394e+02
52257 2.668394e+02
52290 2.668394e+02
52295 2.668394e+02
52527 2.668394e+02
52602 2.668394e+02
52606 2.668394e+02
52687 2.668394e+02
52742 2.668394e+02
52751 2.668394e+02
52760 2.668394e+02
52788 2.668394e+02
52870 2.668394e+02
52904 2.668394e+02
52974 2.668394e+02
53064 2.668394e+02
53083 2.668394e+02
53150 2.668394e+02
53229 2.668394e+02
53242 2.668394e+02
53264 2.668394e+02
53287 2.668394e+02
53312 2.668394e+02
53321 2.668394e+02
53371 2.668394e+02
53453 2.668394e+02
53475 2.668394e+02
53503 2.668394e+02
53519 2.668394e+02
53529 2.668394e+02
53530 2.668394e+02
53544 2.668394e+02
53562 2.668394e+02
53615 2.668394e+02
53766 2.668394e+02
53813 2.668394e+02
53894 2.668394e+02
54000 2.668394e+02
54010 2.668394e+02
54070 2.668394e+02
54078 2.668394e+02
54097 2.668394e+02
54152 2.668394e+02
54199 2.668394e+02
54204 2.668394e+02
54213 2.668394e+02
54329 2.668394e+02
54335 2.668394e+02
54347 2.668394e+02
54466 2.668394e+02
54476 2.668394e+02
54511 2.668394e+02
54544 2.668394e+02
54573 2.668394e+02
54594 2.668394e+02
54677 2.668394e+02
54731 2.668394e+02
54746 2.668394e+02
54855 2.668394e+02
54862 2.668394e+02
54889 2.668394e+02
55018 2.668394e+02
55020 2.668394e+02
55033 2.668394e+02
55204 2.668394e+02
55264 2.668394e+02
55413 2.668394e+02
55429 2.668394e+02
55496 2.668394e+02
55581 2.668394e+02
55631 2.668394e+02
55700 2.668394e+02
55717 2.668394e+02
55739 2.668394e+02
55803 2.668394e+02
55828 2.668394e+02
55863 2.668394e+02
55876 2.668394e+02
55902 2.668394e+02
55932 2.668394e+02
56036 2.668394e+02
56102 2.668394e+02
56146 2.668394e+02
56232 2.668394e+02
56238 2.668394e+02
56392 2.668394e+02
56555 2.668394e+02
56693 2.668394e+02
56730 2.668394e+02
56763 2.668394e+02
56830 2.668394e+02
56844 2.668394e+02
56858 2.668394e+02
56932 2.668394e+02
57002 2.668394e+02
57085 2.668394e+02
57139 2.668394e+02
57184 2.668394e+02
57249 2.668394e+02
57258 2.668394e+02
57422 2.668394e+02
57428 2.668394e+02
57515 2.668394e+02
57606 2.668394e+02
57824 2.668394e+02
58149 2.668394e+02
58283 2.668394e+02
58302 2.668394e+02
58356 2.668394e+02
58403 2.668394e+02
58421 2.668394e+02
58496 2.668394e+02
58501 2.668394e+02
58667 2.668394e+02
58688 2.668394e+02
58796 2.668394e+02
58857 2.668394e+02
58877 2.668394e+02
59127 2.668394e+02
59276 2.668394e+02
59333 2.668394e+02
59381 2.668394e+02
59440 2.668394e+02
59512 2.668394e+02
59514 2.668394e+02
59529 2.668394e+02
59545 2.668394e+02
59587 2.668394e+02
59652 2.668394e+02
59667 2.668394e+02
59676 2.668394e+02
59954 2.668394e+02
59967 2.668394e+02
59982 2.668394e+02
59991 2.668394e+02
60075 2.668394e+02
60119 2.668394e+02
60125 2.668394e+02
60161 2.668394e+02
60235 2.668394e+02
60261 2.668394e+02
60329 2.668394e+02
60338 2.668394e+02
60351 2.668394e+02
60387 2.668394e+02
60389 2.668394e+02
60411 2.668394e+02
60479 2.668394e+02
60486 2.668394e+02
60569 2.668394e+02
60600 2.668394e+02
60620 2.668394e+02
60636 2.668394e+02
60671 2.668394e+02
60796 2.668394e+02
60909 2.668394e+02
60993 2.668394e+02
61022 2.668394e+02
61131 2.668394e+02
61183 2.668394e+02
61185 2.668394e+02
61263 2.668394e+02
61329 2.668394e+02
61475 2.668394e+02
61668 2.668394e+02
61733 2.668394e+02
61844 2.668394e+02
61876 2.668394e+02
61936 2.668394e+02
61976 2.668394e+02
62068 2.668394e+02
62072 2.668394e+02
62167 2.668394e+02
62197 2.668394e+02
62231 2.668394e+02
62351 2.668394e+02
62517 2.668394e+02
62575 2.668394e+02
62618 2.668394e+02
62663 2.668394e+02
62672 2.668394e+02
62756 2.668394e+02
62955 2.668394e+02
62984 2.668394e+02
63143 2.668394e+02
63180 2.668394e+02
63267 2.668394e+02
63403 2.668394e+02
63515 2.668394e+02
63602 2.668394e+02
63621 2.668394e+02
63635 2.668394e+02
63721 2.668394e+02
63757 2.668394e+02
63758 2.668394e+02
63809 2.668394e+02
63886 2.668394e+02
63934 2.668394e+02
64016 2.668394e+02
64121 2.668394e+02
64135 2.668394e+02
64277 2.668394e+02
64376 2.668394e+02
64381 2.668394e+02
64557 2.668394e+02
64581 2.668394e+02
64601 2.668394e+02
64640 2.668394e+02
64668 2.668394e+02
64674 2.668394e+02
64710 2.668394e+02
64783 2.668394e+02
64790 2.668394e+02
65080 2.668394e+02
65121 2.668394e+02
65151 2.668394e+02
65202 2.668394e+02
65290 2.668394e+02
65490 2.668394e+02
65706 2.668394e+02
65764 2.668394e+02
66036 2.668394e+02
66072 2.668394e+02
66149 2.668394e+02
66234 2.668394e+02
66242 2.668394e+02
66256 2.668394e+02
66257 2.668394e+02
66279 2.668394e+02
66378 2.668394e+02
66439 2.668394e+02
66473 2.668394e+02
66475 2.668394e+02
66552 2.668394e+02
66588 2.668394e+02
66628 2.668394e+02
66670 2.668394e+02
66699 2.668394e+02
66710 2.668394e+02
66716 2.668394e+02
66864 2.668394e+02
66937 2.668394e+02
67023 2.668394e+02
67057 2.668394e+02
67060 2.668394e+02
67098 2.668394e+02
67147 2.668394e+02
67202 2.668394e+02
67218 2.668394e+02
67319 2.668394e+02
67336 2.668394e+02
67390 2.668394e+02
67667 2.668394e+02
67676 2.668394e+02
68320 2.668394e+02
68341 2.668394e+02
68360 2.668394e+02
68485 2.668394e+02
68496 2.668394e+02
68526 2.668394e+02
68583 2.668394e+02
68631 2.668394e+02
68687 2.668394e+02
68730 2.668394e+02
68881 2.668394e+02
68942 2.668394e+02
68945 2.668394e+02
69019 2.668394e+02
69034 2.668394e+02
69117 2.668394e+02
69270 2.668394e+02
69271 2.668394e+02
69289 2.668394e+02
69367 2.668394e+02
69389 2.668394e+02
69453 2.668394e+02
69479 2.668394e+02
69560 2.668394e+02
69686 2.668394e+02
69729 2.668394e+02
69752 2.668394e+02
69765 2.668394e+02
69800 2.668394e+02
69865 2.668394e+02
69893 2.668394e+02
69937 2.668394e+02
69999 2.668394e+02
70049 2.668394e+02
70091 2.668394e+02
70164 2.668394e+02
70203 2.668394e+02
70307 2.668394e+02
70491 2.668394e+02
70536 2.668394e+02
70538 2.668394e+02
70561 2.668394e+02
70622 2.668394e+02
70646 2.668394e+02
70653 2.668394e+02
70661 2.668394e+02
70719 2.668394e+02
70821 2.668394e+02
70822 2.668394e+02
70938 2.668394e+02
70958 2.668394e+02
70961 2.668394e+02
71220 2.668394e+02
71221 2.668394e+02
71290 2.668394e+02
71291 2.668394e+02
71310 2.668394e+02
71316 2.668394e+02
71330 2.668394e+02
71401 2.668394e+02
71407 2.668394e+02
71483 2.668394e+02
71526 2.668394e+02
71579 2.668394e+02
71661 2.668394e+02
71758 2.668394e+02
71771 2.668394e+02
71782 2.668394e+02
71870 2.668394e+02
71983 2.668394e+02
71989 2.668394e+02
72028 2.668394e+02
72043 2.668394e+02
72076 2.668394e+02
72088 2.668394e+02
72115 2.668394e+02
72143 2.668394e+02
72165 2.668394e+02
72212 2.668394e+02
72299 2.668394e+02
72416 2.668394e+02
72616 2.668394e+02
72631 2.668394e+02
72738 2.668394e+02
72746 2.668394e+02
72887 2.668394e+02
72889 2.668394e+02
72958 2.668394e+02
73112 2.668394e+02
73114 2.668394e+02
73126 2.668394e+02
73143 2.668394e+02
73155 2.668394e+02
73217 2.668394e+02
73228 2.668394e+02
73232 2.668394e+02
73256 2.668394e+02
73333 2.668394e+02
73360 2.668394e+02
73497 2.668394e+02
73519 2.668394e+02
73552 2.668394e+02
73564 2.668394e+02
73587 2.668394e+02
73608 2.668394e+02
73625 2.668394e+02
73735 2.668394e+02
73739 2.668394e+02
73760 2.668394e+02
73866 2.668394e+02
74010 2.668394e+02
74017 2.668394e+02
74138 2.668394e+02
157118 2.653090e+02
157241 2.637132e+02
157475 2.624839e+02
157575 2.612492e+02
157626 2.610072e+02
157644 2.595515e+02
158002 2.591284e+02
158030 2.578356e+02
158172 2.573873e+02
158259 2.572815e+02
158261 2.571736e+02
158293 2.566459e+02
158326 2.557310e+02
158349 2.556206e+02
158391 2.553076e+02
158442 2.548206e+02
158631 2.544311e+02
158659 2.541558e+02
158674 2.534148e+02
158693 2.521458e+02
158893 2.520849e+02
158960 2.514081e+02
158972 2.511092e+02
159057 2.510808e+02
159093 2.507008e+02
159143 2.501847e+02
159183 2.499865e+02
159189 2.484305e+02
159468 2.477454e+02
159694 2.476736e+02
159718 2.474373e+02
159779 2.472652e+02
159796 2.468705e+02
159937 2.468109e+02
159963 2.457914e+02
160382 2.449044e+02
160590 2.446216e+02
160694 2.445862e+02
160798 2.442255e+02
160872 2.438822e+02
161032 2.436431e+02
161042 2.430059e+02
161161 2.427755e+02
161306 2.421526e+02
161518 2.419204e+02
161529 2.418276e+02
161569 2.414427e+02
161598 2.414095e+02
161612 2.413984e+02
161621 2.411576e+02
162103 2.411271e+02
162172 2.408457e+02
162187 2.407383e+02
162251 2.407067e+02
162415 2.400066e+02
162417 2.399294e+02
162593 2.395403e+02
162735 2.395402e+02
162874 2.394062e+02
162888 2.391436e+02
162917 2.390220e+02
162964 2.389633e+02
163021 2.387603e+02
163039 2.387297e+02
163054 2.386702e+02
163160 2.384579e+02
163402 2.381766e+02
163700 2.380963e+02
163728 2.380451e+02
163822 2.377342e+02
163897 2.376783e+02
163911 2.375937e+02
163983 2.375684e+02
164011 2.375524e+02
164039 2.372034e+02
164184 2.369288e+02
164433 2.368490e+02
164474 2.368478e+02
164517 2.367749e+02
164555 2.367527e+02
164699 2.365814e+02
165047 2.365596e+02
165075 2.364961e+02
165488 2.364945e+02
165500 2.363731e+02
165587 2.363376e+02
165631 2.362228e+02
165788 2.362174e+02
166205 2.362024e+02
166213 2.361958e+02
166320 2.361324e+02
166347 2.361264e+02
166409 2.361250e+02
166465 2.361030e+02
166518 2.360156e+02
166521 2.359616e+02
166561 2.359430e+02
166773 2.358961e+02
166814 2.358660e+02
166859 2.358549e+02
166879 2.358353e+02
166970 2.358250e+02
166975 2.357701e+02
167151 2.357567e+02
167262 2.357076e+02
167299 2.357065e+02
167357 2.356317e+02
167440 2.356236e+02
167478 2.356171e+02
167519 2.355810e+02
167560 2.355728e+02
167709 2.355221e+02
167814 2.355006e+02
167871 2.354834e+02
168061 2.354245e+02
168117 2.354176e+02
168163 2.354167e+02
168448 2.353996e+02
168492 2.353833e+02
168509 2.353565e+02
168535 2.353232e+02
168585 2.352475e+02
168736 2.352338e+02
168844 2.352009e+02
169303 2.351702e+02
169305 2.351673e+02
169542 2.351526e+02
169662 2.351453e+02
169735 2.351417e+02
169760 2.351240e+02
169816 2.351193e+02
169856 2.351147e+02
170013 2.351059e+02
170045 2.351025e+02
170118 2.350885e+02
170119 2.350871e+02
170143 2.350857e+02
170207 2.350584e+02
170218 2.350567e+02
170359 2.350489e+02
170425 2.350406e+02
170436 2.350403e+02
170588 2.350365e+02
170609 2.350106e+02
170787 2.350060e+02
170823 2.349994e+02
170838 2.349959e+02
170906 2.349935e+02
171080 2.349803e+02
171112 2.349800e+02
171116 2.349795e+02
171137 2.349768e+02
171157 2.349735e+02
171192 2.349725e+02
171305 2.349526e+02
171371 2.349440e+02
171467 2.349396e+02
171472 2.349279e+02
171723 2.349161e+02
171874 2.349041e+02
171953 2.349027e+02
171976 2.349026e+02
172037 2.348687e+02
172357 2.348548e+02
172555 2.348465e+02
172699 2.348394e+02
172802 2.348304e+02
173100 2.348301e+02
173115 2.348277e+02
173161 2.348271e+02
173266 2.348223e+02
173297 2.348192e+02
173298 2.348125e+02
173360 2.348061e+02
173668 2.348047e+02
173817 2.348024e+02
173883 2.348005e+02
173890 2.347924e+02
174250 2.347884e+02
174364 2.347879e+02
174474 2.347854e+02
174515 2.347773e+02
174677 2.347768e+02
174772 2.347753e+02
174915 2.347710e+02
174955 2.347689e+02
175088 2.347656e+02
175208 2.347565e+02
175461 2.347562e+02
175491 2.347516e+02
175532 2.347504e+02
175630 2.347485e+02
175723 2.347473e+02
175726 2.347468e+02
175774 2.347456e+02
175837 2.347437e+02
175961 2.347406e+02
176090 2.347401e+02
176182 2.347391e+02
176213 2.347386e+02
176256 2.347369e+02
176355 2.347359e+02
176386 2.347343e+02
176426 2.347319e+02
176479 2.347316e+02
176669 2.347302e+02
176720 2.347265e+02
176992 2.347235e+02
177046 2.347211e+02
177269 2.347181e+02
177465 2.347165e+02
177675 2.347146e+02
177766 2.347144e+02
177831 2.347142e+02
177973 2.347117e+02
178356 2.347115e+02
178375 2.347095e+02
178403 2.347091e+02
178710 2.347081e+02
178754 2.347063e+02
178827 2.347061e+02
178883 2.347055e+02
178910 2.347035e+02
178959 2.347033e+02
179091 2.347032e+02
179103 2.347018e+02
179214 2.347014e+02
179266 2.347002e+02
179405 2.346977e+02
179898 2.346970e+02
179959 2.346957e+02
180196 2.346950e+02
180346 2.346940e+02
180385 2.346938e+02
180661 2.346933e+02
180670 2.346930e+02
180734 2.346929e+02
180823 2.346923e+02
181059 2.346920e+02
181171 2.346918e+02
181198 2.346916e+02
181348 2.346914e+02
181396 2.346911e+02
181399 2.346909e+02
181543 2.346900e+02
181930 2.346899e+02
181949 2.346895e+02
182243 2.346894e+02
182246 2.346891e+02
182302 2.346890e+02
182392 2.346890e+02
182399 2.346889e+02
182412 2.346887e+02
182464 2.346886e+02
182540 2.346886e+02
182588 2.346885e+02
182631 2.346883e+02
182680 2.346878e+02
183009 2.346878e+02
183011 2.346873e+02
183132 2.346873e+02
183224 2.346871e+02
183568 2.346870e+02
183581 2.346869e+02
183728 2.346869e+02
183751 2.346868e+02
183769 2.346866e+02
183877 2.346865e+02
183966 2.346865e+02
183991 2.346863e+02
184113 2.346863e+02
184143 2.346863e+02
184200 2.346862e+02
184263 2.346855e+02
184624 2.346855e+02
184664 2.346854e+02
184790 2.346853e+02
184885 2.346852e+02
185202 2.346852e+02
185226 2.346850e+02
185309 2.346850e+02
185529 2.346850e+02
185577 2.346850e+02
185600 2.346848e+02
185873 2.346847e+02
185920 2.346845e+02
186301 2.346844e+02
186445 2.346844e+02
186486 2.346843e+02
186629 2.346843e+02
186740 2.346843e+02
186772 2.346842e+02
186971 2.346841e+02
187027 2.346841e+02
187056 2.346841e+02
187282 2.346841e+02
187304 2.346840e+02
187608 2.346839e+02
187783 2.346839e+02
187869 2.346839e+02
187971 2.346838e+02
188023 2.346838e+02
188135 2.346837e+02
188275 2.346837e+02
188304 2.346836e+02
188648 2.346836e+02
188839 2.346835e+02
188931 2.346835e+02
188969 2.346835e+02
188993 2.346835e+02
189018 2.346834e+02
189342 2.346834e+02
189350 2.346833e+02
189665 2.346833e+02
189703 2.346833e+02
190114 2.346833e+02
190119 2.346833e+02
190151 2.346833e+02
190152 2.346833e+02
190219 2.346833e+02
190273 2.346832e+02
190318 2.346832e+02
190441 2.346832e+02
190744 2.346832e+02
190815 2.346832e+02
190857 2.346832e+02
190991 2.346832e+02
191005 2.346832e+02
191021 2.346832e+02
191034 2.346831e+02
191276 2.346831e+02
191278 2.346831e+02
191337 2.346831e+02
191397 2.346831e+02
191419 2.346831e+02
191425 2.346831e+02
191544 2.346831e+02
191708 2.346831e+02
191743 2.346831e+02
191793 2.346831e+02
191922 2.346830e+02
191994 2.346830e+02
192068 2.346830e+02
192193 2.346830e+02
192315 2.346830e+02
192522 2.346830e+02
192570 2.346830e+02
192641 2.346830e+02
192705 2.346830e+02
192810 2.346830e+02
192857 2.346830e+02
192941 2.346830e+02
192948 2.346830e+02
192954 2.346829e+02
192970 2.346829e+02
193016 2.346829e+02
193036 2.346829e+02
193459 2.346829e+02
193465 2.346829e+02
193471 2.346829e+02
193559 2.346829e+02
193565 2.346829e+02
193677 2.346829e+02
193696 2.346829e+02
193758 2.346829e+02
193759 2.346829e+02
193794 2.346829e+02
193826 2.346829e+02
193893 2.346829e+02
194004 2.346829e+02
194085 2.346829e+02
194162 2.346829e+02
194205 2.346829e+02
194254 2.346829e+02
194353 2.346829e+02
194377 2.346829e+02
194432 2.346829e+02
194501 2.346829e+02
194581 2.346829e+02
194643 2.346829e+02
194714 2.346829e+02
194719 2.346829e+02
194720 2.346829e+02
194783 2.346829e+02
194873 2.346829e+02
194882 2.346829e+02
194919 2.346829e+02
194947 2.346829e+02
194976 2.346829e+02
195093 2.346829e+02
195254 2.346829e+02
195383 2.346829e+02
195490 2.346829e+02
195531 2.346829e+02
195564 2.346829e+02
195580 2.346829e+02
195697 2.346829e+02
195776 2.346829e+02
195822 2.346829e+02
195910 2.346829e+02
195923 2.346829e+02
196015 2.346829e+02
196095 2.346829e+02
196144 2.346829e+02
196182 2.346829e+02
196280 2.346829e+02
196281 2.346829e+02
196342 2.346829e+02
196582 2.346829e+02
196711 2.346829e+02
196723 2.346829e+02
196844 2.346829e+02
196888 2.346829e+02
196941 2.346829e+02
196949 2.346829e+02
196968 2.346829e+02
196989 2.346829e+02
197042 2.346829e+02
197064 2.346829e+02
197300 2.346829e+02
197310 2.346829e+02
197318 2.346829e+02
197328 2.346829e+02
197401 2.346829e+02
197433 2.346829e+02
197448 2.346829e+02
197489 2.346829e+02
197497 2.346829e+02
197541 2.346829e+02
197799 2.346829e+02
198007 2.346829e+02
198021 2.346829e+02
198118 2.346829e+02
198124 2.346829e+02
198238 2.346829e+02
198242 2.346829e+02
198282 2.346829e+02
198361 2.346829e+02
198422 2.346829e+02
198579 2.346829e+02
198617 2.346829e+02
198675 2.346829e+02
198713 2.346829e+02
198814 2.346829e+02
198948 2.346829e+02
198993 2.346829e+02
199094 2.346829e+02
199115 2.346829e+02
199136 2.346829e+02
199187 2.346829e+02
199197 2.346829e+02
199205 2.346829e+02
199329 2.346829e+02
199348 2.346829e+02
199411 2.346829e+02
199454 2.346829e+02
199498 2.346829e+02
199505 2.346829e+02
199507 2.346829e+02
199598 2.346829e+02
199641 2.346829e+02
199696 2.346829e+02
199808 2.346829e+02
199950 2.346829e+02
199986 2.346829e+02
200352 2.346829e+02
200392 2.346829e+02
200418 2.346829e+02
200566 2.346829e+02
200750 2.346829e+02
200765 2.346829e+02
200836 2.346829e+02
200874 2.346829e+02
200898 2.346829e+02
200909 2.346829e+02
201079 2.346829e+02
201119 2.346829e+02
201243 2.346829e+02
201339 2.346829e+02
201417 2.346829e+02
201497 2.346829e+02
201548 2.346829e+02
201635 2.346829e+02
201675 2.346829e+02
201750 2.346829e+02
201758 2.346829e+02
201795 2.346829e+02
201820 2.346829e+02
201836 2.346829e+02
201890 2.346829e+02
201893 2.346829e+02
201925 2.346829e+02
202095 2.346829e+02
202133 2.346829e+02
202282 2.346829e+02
202344 2.346829e+02
202422 2.346829e+02
202515 2.346829e+02
202552 2.346829e+02
202566 2.346829e+02
202594 2.346829e+02
202676 2.346829e+02
202692 2.346829e+02
202859 2.346829e+02
202924 2.346829e+02
202925 2.346829e+02
202991 2.346829e+02
203004 2.346829e+02
203028 2.346829e+02
203063 2.346829e+02
203123 2.346829e+02
203204 2.346829e+02
203248 2.346829e+02
203271 2.346829e+02
203297 2.346829e+02
203321 2.346829e+02
203376 2.346829e+02
203519 2.346829e+02
203550 2.346829e+02
203554 2.346829e+02
203653 2.346829e+02
203685 2.346829e+02
203712 2.346829e+02
203813 2.346829e+02
203844 2.346829e+02
203911 2.346829e+02
203923 2.346829e+02
203960 2.346829e+02
204102 2.346829e+02
204171 2.346829e+02
204192 2.346829e+02
204302 2.346829e+02
204433 2.346829e+02
204461 2.346829e+02
204494 2.346829e+02
204784 2.346829e+02
204832 2.346829e+02
204878 2.346829e+02
204968 2.346829e+02
204970 2.346829e+02
204983 2.346829e+02
204994 2.346829e+02
205058 2.346829e+02
205123 2.346829e+02
205191 2.346829e+02
205241 2.346829e+02
205341 2.346829e+02
205380 2.346829e+02
205418 2.346829e+02
205581 2.346829e+02
205695 2.346829e+02
205704 2.346829e+02
205778 2.346829e+02
205817 2.346829e+02
205852 2.346829e+02
205911 2.346829e+02
205940 2.346829e+02
206035 2.346829e+02
206057 2.346829e+02
206075 2.346829e+02
206087 2.346829e+02
206139 2.346829e+02
206142 2.346829e+02
206186 2.346829e+02
206188 2.346829e+02
206283 2.346829e+02
206342 2.346829e+02
206433 2.346829e+02
206508 2.346829e+02
206597 2.346829e+02
206640 2.346829e+02
206706 2.346829e+02
206888 2.346829e+02
206988 2.346829e+02
207002 2.346829e+02
207061 2.346829e+02
207087 2.346829e+02
207124 2.346829e+02
207132 2.346829e+02
207148 2.346829e+02
207170 2.346829e+02
207230 2.346829e+02
207338 2.346829e+02
207364 2.346829e+02
207378 2.346829e+02
208038 2.346829e+02
208111 2.346829e+02
208152 2.346829e+02
208221 2.346829e+02
208252 2.346829e+02
208549 2.346829e+02
208582 2.346829e+02
208616 2.346829e+02
208632 2.346829e+02
208650 2.346829e+02
208682 2.346829e+02
208894 2.346829e+02
209001 2.346829e+02
209113 2.346829e+02
209195 2.346829e+02
209290 2.346829e+02
209329 2.346829e+02
209435 2.346829e+02
209456 2.346829e+02
209531 2.346829e+02
209550 2.346829e+02
209557 2.346829e+02
209580 2.346829e+02
209617 2.346829e+02
209772 2.346829e+02
209807 2.346829e+02
209811 2.346829e+02
209908 2.346829e+02
209927 2.346829e+02
209987 2.346829e+02
210045 2.346829e+02
210052 2.346829e+02
210215 2.346829e+02
210360 2.346829e+02
210419 2.346829e+02
210517 2.346829e+02
210656 2.346829e+02
210699 2.346829e+02
210731 2.346829e+02
210749 2.346829e+02
210761 2.346829e+02
210765 2.346829e+02
210839 2.346829e+02
210942 2.346829e+02
211010 2.346829e+02
211057 2.346829e+02
211099 2.346829e+02
211220 2.346829e+02
211261 2.346829e+02
211384 2.346829e+02
211504 2.346829e+02
211592 2.346829e+02
211628 2.346829e+02
211685 2.346829e+02
211691 2.346829e+02
211721 2.346829e+02
211758 2.346829e+02
211762 2.346829e+02
211779 2.346829e+02
211855 2.346829e+02
211886 2.346829e+02
211941 2.346829e+02
212018 2.346829e+02
212022 2.346829e+02
212108 2.346829e+02
212111 2.346829e+02
212138 2.346829e+02
212212 2.346829e+02
212213 2.346829e+02
212257 2.346829e+02
212300 2.346829e+02
212354 2.346829e+02
212415 2.346829e+02
212468 2.346829e+02
212502 2.346829e+02
212613 2.346829e+02
212655 2.346829e+02
212658 2.346829e+02
212724 2.346829e+02
212895 2.346829e+02
212900 2.346829e+02
212903 2.346829e+02
212905 2.346829e+02
212951 2.346829e+02
213010 2.346829e+02
213014 2.346829e+02
213074 2.346829e+02
213324 2.346829e+02
213353 2.346829e+02
213389 2.346829e+02
213437 2.346829e+02
213470 2.346829e+02
213532 2.346829e+02
213568 2.346829e+02
213571 2.346829e+02
213697 2.346829e+02
213908 2.346829e+02
213953 2.346829e+02
214112 2.346829e+02
214174 2.346829e+02
214286 2.346829e+02
214291 2.346829e+02
214355 2.346829e+02
214438 2.346829e+02
214545 2.346829e+02
214670 2.346829e+02
214740 2.346829e+02
214858 2.346829e+02
214859 2.346829e+02
214973 2.346829e+02
214975 2.346829e+02
215013 2.346829e+02
215063 2.346829e+02
215167 2.346829e+02
215297 2.346829e+02
215457 2.346829e+02
215533 2.346829e+02
215697 2.346829e+02
215703 2.346829e+02
215714 2.346829e+02
215727 2.346829e+02
215735 2.346829e+02
215757 2.346829e+02
215813 2.346829e+02
215862 2.346829e+02
215998 2.346829e+02
216056 2.346829e+02
216099 2.346829e+02
216119 2.346829e+02
216133 2.346829e+02
216187 2.346829e+02
216228 2.346829e+02
216342 2.346829e+02
216388 2.346829e+02
216402 2.346829e+02
216459 2.346829e+02
216487 2.346829e+02
216606 2.346829e+02
216613 2.346829e+02
216649 2.346829e+02
216654 2.346829e+02
216666 2.346829e+02
216677 2.346829e+02
216779 2.346829e+02
216952 2.346829e+02
216958 2.346829e+02
216996 2.346829e+02
217056 2.346829e+02
217118 2.346829e+02
217168 2.346829e+02
217213 2.346829e+02
217340 2.346829e+02
217343 2.346829e+02
217371 2.346829e+02
217450 2.346829e+02
217522 2.346829e+02
217611 2.346829e+02
217718 2.346829e+02
217882 2.346829e+02
217932 2.346829e+02
217948 2.346829e+02
218010 2.346829e+02
218245 2.346829e+02
218350 2.346829e+02
218369 2.346829e+02
218386 2.346829e+02
218397 2.346829e+02
218400 2.346829e+02
218567 2.346829e+02
218637 2.346829e+02
218641 2.346829e+02
218813 2.346829e+02
218947 2.346829e+02
218984 2.346829e+02
219006 2.346829e+02
219130 2.346829e+02
219220 2.346829e+02
219274 2.346829e+02
219295 2.346829e+02
219313 2.346829e+02
219403 2.346829e+02
219426 2.346829e+02
219429 2.346829e+02
219473 2.346829e+02
219510 2.346829e+02
219690 2.346829e+02
219766 2.346829e+02
219817 2.346829e+02
219956 2.346829e+02
220030 2.346829e+02
220114 2.346829e+02
220217 2.346829e+02
220420 2.346829e+02
220436 2.346829e+02
220447 2.346829e+02
220486 2.346829e+02
220574 2.346829e+02
220669 2.346829e+02
220673 2.346829e+02
220701 2.346829e+02
220751 2.346829e+02
220791 2.346829e+02
220852 2.346829e+02
220882 2.346829e+02
220906 2.346829e+02
220911 2.346829e+02
221019 2.346829e+02
221173 2.346829e+02
221241 2.346829e+02
221266 2.346829e+02
221286 2.346829e+02
221311 2.346829e+02
221336 2.346829e+02
221433 2.346829e+02
221460 2.346829e+02
221588 2.346829e+02
221611 2.346829e+02
221650 2.346829e+02
221679 2.346829e+02
221721 2.346829e+02
221806 2.346829e+02
221822 2.346829e+02
221925 2.346829e+02
222019 2.346829e+02
222086 2.346829e+02
222093 2.346829e+02
222200 2.346829e+02
222240 2.346829e+02
222249 2.346829e+02
222254 2.346829e+02
222266 2.346829e+02
222283 2.346829e+02
222287 2.346829e+02
222300 2.346829e+02
222336 2.346829e+02
222346 2.346829e+02
222461 2.346829e+02
222464 2.346829e+02
222482 2.346829e+02
222521 2.346829e+02
222566 2.346829e+02
222665 2.346829e+02
222668 2.346829e+02
222696 2.346829e+02
222726 2.346829e+02
222756 2.346829e+02
222839 2.346829e+02
222865 2.346829e+02
222908 2.346829e+02
223036 2.346829e+02
223064 2.346829e+02
223115 2.346829e+02
223121 2.346829e+02
223200 2.346829e+02
223253 2.346829e+02
223259 2.346829e+02
223277 2.346829e+02
223310 2.346829e+02
223575 2.346829e+02
223583 2.346829e+02
223638 2.346829e+02
223661 2.346829e+02
223723 2.346829e+02
223741 2.346829e+02
223772 2.346829e+02
223816 2.346829e+02
223952 2.346829e+02
223976 2.346829e+02
223977 2.346829e+02
223991 2.346829e+02
224002 2.346829e+02
224033 2.346829e+02
224090 2.346829e+02
224120 2.346829e+02
224173 2.346829e+02
224232 2.346829e+02
224441 2.346829e+02
224517 2.346829e+02
224520 2.346829e+02
224625 2.346829e+02
224630 2.346829e+02
224656 2.346829e+02
244766 2.327216e+02
245318 2.321789e+02
245478 2.321439e+02
245638 2.308885e+02
245980 2.306068e+02
246176 2.304874e+02
246385 2.303832e+02
246391 2.293727e+02
246485 2.274877e+02
246722 2.272493e+02
246825 2.246605e+02
247139 2.240012e+02
248091 2.229070e+02
248249 2.222254e+02
248272 2.213752e+02
248406 2.207136e+02
249070 2.198926e+02
249423 2.195069e+02
249477 2.183420e+02
249771 2.180197e+02
249819 2.170130e+02
250220 2.166919e+02
250704 2.164280e+02
251091 2.163200e+02
251141 2.160307e+02
251153 2.158706e+02
251277 2.153254e+02
251292 2.150024e+02
251486 2.147056e+02
251571 2.138717e+02
251708 2.130039e+02
251811 2.126257e+02
251952 2.123555e+02
252109 2.119309e+02
252254 2.113508e+02
252359 2.108017e+02
252914 2.097784e+02
253730 2.097057e+02
253758 2.092395e+02
253842 2.083802e+02
254588 2.082851e+02
254834 2.081243e+02
254923 2.078990e+02
255234 2.076001e+02
255520 2.071596e+02
255717 2.066829e+02
255950 2.063747e+02
256448 2.059269e+02
256703 2.059038e+02
257022 2.058138e+02
257126 2.055479e+02
257352 2.051366e+02
257788 2.049692e+02
257888 2.049117e+02
257917 2.049108e+02
257932 2.046443e+02
258193 2.043756e+02
258446 2.041884e+02
258798 2.041237e+02
259021 2.040198e+02
259057 2.038617e+02
259088 2.037319e+02
259361 2.037254e+02
259520 2.035629e+02
259692 2.034718e+02
259802 2.033428e+02
259908 2.033181e+02
260092 2.033058e+02
260262 2.032134e+02
260340 2.031229e+02
260369 2.029889e+02
260665 2.029313e+02
260698 2.028986e+02
260924 2.028562e+02
260959 2.027969e+02
261269 2.026515e+02
261472 2.025112e+02
261888 2.023986e+02
261903 2.023807e+02
262129 2.023595e+02
262368 2.022607e+02
262488 2.022349e+02
262497 2.021411e+02
262835 2.021225e+02
263220 2.020979e+02
263310 2.020478e+02
263526 2.020154e+02
263566 2.019880e+02
263622 2.019015e+02
263655 2.016457e+02
263982 2.016452e+02
264444 2.016324e+02
264577 2.015334e+02
264627 2.014657e+02
265037 2.014304e+02
265127 2.014117e+02
265161 2.013939e+02
265185 2.013527e+02
265282 2.012731e+02
265477 2.012615e+02
265815 2.012525e+02
265951 2.012239e+02
266010 2.011523e+02
266192 2.011508e+02
266455 2.011428e+02
266536 2.011217e+02
266652 2.010303e+02
266656 2.009918e+02
267079 2.009614e+02
267569 2.009200e+02
267708 2.008896e+02
267906 2.008660e+02
268666 2.008585e+02
268753 2.008344e+02
268956 2.008100e+02
269103 2.007810e+02
269457 2.007532e+02
269776 2.007297e+02
270301 2.007258e+02
270394 2.007101e+02
270585 2.007068e+02
270642 2.006982e+02
270781 2.005993e+02
271480 2.005671e+02
271718 2.005390e+02
272751 2.005332e+02
272962 2.004987e+02
273101 2.004673e+02
273319 2.004179e+02
273366 2.004178e+02
273903 2.003910e+02
274323 2.003874e+02
274447 2.003862e+02
274472 2.003847e+02
274473 2.003643e+02
274539 2.003507e+02
274675 2.003287e+02
274921 2.003286e+02
275039 2.003208e+02
275160 2.003193e+02
275241 2.003127e+02
275282 2.002826e+02
275567 2.002790e+02
275835 2.002786e+02
275896 2.002588e+02
275905 2.002579e+02
276625 2.002551e+02
276795 2.002537e+02
276934 2.002393e+02
277016 2.002231e+02
277492 2.002192e+02
277606 2.002122e+02
277628 2.002106e+02
277824 2.002099e+02
277991 2.002085e+02
278051 2.002019e+02
278115 2.001785e+02
278403 2.001729e+02
278561 2.001703e+02
278690 2.001664e+02
278982 2.001520e+02
279695 2.001518e+02
279755 2.001447e+02
280530 2.001429e+02
280577 2.001365e+02
280645 2.001362e+02
280649 2.001360e+02
280665 2.001323e+02
280727 2.001300e+02
281058 2.001241e+02
281535 2.001134e+02
282478 2.001119e+02
282663 2.001095e+02
283130 2.001069e+02
283203 2.000979e+02
283451 2.000932e+02
283682 2.000885e+02
284064 2.000878e+02
284129 2.000875e+02
284173 2.000811e+02
284684 2.000806e+02
284687 2.000747e+02
284751 2.000745e+02
284941 2.000741e+02
285361 2.000728e+02
285363 2.000719e+02
285600 2.000708e+02
285645 2.000698e+02
286113 2.000697e+02
286131 2.000687e+02
286141 2.000659e+02
286148 2.000657e+02
286166 2.000635e+02
286224 2.000615e+02
286280 2.000611e+02
286383 2.000595e+02
286452 2.000584e+02
286865 2.000543e+02
286982 2.000531e+02
287130 2.000507e+02
287230 2.000464e+02
287990 2.000453e+02
288398 2.000429e+02
288522 2.000412e+02
288839 2.000407e+02
288905 2.000375e+02
288994 2.000360e+02
289336 2.000355e+02
289456 2.000354e+02
289541 2.000353e+02
289570 2.000345e+02
289683 2.000323e+02
290094 2.000300e+02
291044 2.000293e+02
291069 2.000283e+02
291302 2.000257e+02
291719 2.000216e+02
292594 2.000213e+02
292639 2.000213e+02
293178 2.000207e+02
293342 2.000191e+02
294034 2.000190e+02
294065 2.000184e+02
294091 2.000179e+02
294135 2.000170e+02
294377 2.000164e+02
295333 2.000162e+02
295336 2.000156e+02
295516 2.000154e+02
295564 2.000150e+02
295573 2.000142e+02
295758 2.000139e+02
295863 2.000139e+02
295903 2.000138e+02
296095 2.000130e+02
296273 2.000120e+02
296573 2.000119e+02
296755 2.000116e+02
296973 2.000115e+02
297144 2.000109e+02
297626 2.000103e+02
298310 2.000096e+02
298629 2.000096e+02
298777 2.000089e+02
299103 2.000085e+02
299334 2.000085e+02
299526 2.000081e+02
299612 2.000079e+02
299681 2.000074e+02
300246 2.000073e+02
300479 2.000069e+02
300760 2.000069e+02
300762 2.000064e+02
301189 2.000064e+02
301222 2.000062e+02
301414 2.000060e+02
301557 2.000059e+02
301626 2.000054e+02
301873 2.000051e+02
302746 2.000051e+02
302874 2.000051e+02
302961 2.000047e+02
303264 2.000047e+02
303274 2.000047e+02
303319 2.000043e+02
303338 2.000041e+02
303639 2.000041e+02
303948 2.000041e+02
303996 2.000040e+02
304081 2.000040e+02
304121 2.000039e+02
304122 2.000038e+02
304154 2.000038e+02
304245 2.000038e+02
304361 2.000037e+02
304464 2.000035e+02
304484 2.000034e+02
304501 2.000032e+02
304950 2.000032e+02
304955 2.000031e+02
305203 2.000030e+02
305264 2.000028e+02
305431 2.000028e+02
305584 2.000028e+02
305617 2.000027e+02
305626 2.000027e+02
305718 2.000026e+02
305734 2.000026e+02
305908 2.000026e+02
306079 2.000025e+02
306658 2.000025e+02
306780 2.000024e+02
306991 2.000024e+02
307068 2.000024e+02
307192 2.000023e+02
307286 2.000022e+02
307390 2.000021e+02
307500 2.000021e+02
307675 2.000021e+02
307713 2.000021e+02
307790 2.000020e+02
307890 2.000020e+02
307904 2.000020e+02
308125 2.000020e+02
308203 2.000019e+02
308222 2.000019e+02
308403 2.000019e+02
308410 2.000018e+02
308517 2.000018e+02
308608 2.000017e+02
308766 2.000015e+02
309278 2.000013e+02
309701 2.000013e+02
309711 2.000012e+02
309939 2.000011e+02
310514 2.000011e+02
310582 2.000010e+02
311345 2.000010e+02
311373 2.000010e+02
311830 2.000009e+02
311971 2.000008e+02
312569 2.000008e+02
312732 2.000008e+02
312747 2.000008e+02
312844 2.000008e+02
312932 2.000008e+02
312933 2.000008e+02
312937 2.000007e+02
313874 2.000007e+02
313884 2.000006e+02
313956 2.000006e+02
315229 2.000006e+02
315372 2.000006e+02
315521 2.000006e+02
315780 2.000006e+02
315818 2.000005e+02
315905 2.000005e+02
317109 2.000004e+02
317227 2.000004e+02
317401 2.000004e+02
317475 2.000004e+02
317560 2.000003e+02
317675 2.000003e+02
317768 2.000003e+02
317780 2.000003e+02
318240 2.000003e+02
318303 2.000003e+02
318541 2.000003e+02
318595 2.000003e+02
318652 2.000003e+02
318817 2.000002e+02
319224 2.000002e+02
319295 2.000002e+02
319485 2.000002e+02
319613 2.000002e+02
319697 2.000002e+02
319716 2.000002e+02
319799 2.000002e+02
320154 2.000002e+02
320310 2.000002e+02
320500 2.000002e+02
320528 2.000002e+02
320880 2.000002e+02
320973 2.000002e+02
321139 2.000002e+02
321359 2.000002e+02
321645 2.000001e+02
322005 2.000001e+02
322032 2.000001e+02
322363 2.000001e+02
322709 2.000001e+02
322958 2.000001e+02
323111 2.000001e+02
323282 2.000001e+02
323527 2.000001e+02
323536 2.000001e+02
323654 2.000001e+02
323781 2.000001e+02
323846 2.000001e+02
323889 2.000001e+02
323897 2.000001e+02
324087 2.000001e+02
324456 2.000001e+02
324554 2.000001e+02
324950 2.000001e+02
324956 2.000000e+02
325098 2.000000e+02
325246 2.000000e+02
325352 2.000000e+02
325390 2.000000e+02
325501 2.000000e+02
325620 2.000000e+02
325637 2.000000e+02
325698 2.000000e+02
326256 2.000000e+02
326295 2.000000e+02
326298 2.000000e+02
326611 2.000000e+02
326864 2.000000e+02
327239 2.000000e+02
327539 2.000000e+02
327632 2.000000e+02
327809 2.000000e+02
327843 2.000000e+02
328202 2.000000e+02
328278 2.000000e+02
328432 2.000000e+02
329071 2.000000e+02
329759 2.000000e+02
330298 2.000000e+02
330535 2.000000e+02
330583 2.000000e+02
330645 2.000000e+02
330723 2.000000e+02
330841 2.000000e+02
330857 2.000000e+02
330940 2.000000e+02
331025 2.000000e+02
331062 2.000000e+02
331357 2.000000e+02
331433 2.000000e+02
331894 2.000000e+02
332331 2.000000e+02
332665 2.000000e+02
333456 2.000000e+02
333523 2.000000e+02
333729 2.000000e+02
333987 2.000000e+02
334342 2.000000e+02
334647 2.000000e+02
334705 2.000000e+02
334808 2.000000e+02
335168 2.000000e+02
335216 2.000000e+02
335357 2.000000e+02
335498 2.000000e+02
335504 2.000000e+02
335519 2.000000e+02
335752 2.000000e+02
336004 2.000000e+02
336166 2.000000e+02
336223 2.000000e+02
336710 2.000000e+02
337219 2.000000e+02
337351 2.000000e+02
337417 2.000000e+02
337853 2.000000e+02
339367 2.000000e+02
339709 2.000000e+02
339732 2.000000e+02
339736 2.000000e+02
339824 2.000000e+02
339889 2.000000e+02
339945 2.000000e+02
340468 2.000000e+02
340604 2.000000e+02
340661 2.000000e+02
340720 2.000000e+02
340729 2.000000e+02
340828 2.000000e+02
340863 2.000000e+02
340971 2.000000e+02
341172 2.000000e+02
341179 2.000000e+02
341310 2.000000e+02
341566 2.000000e+02
341628 2.000000e+02
341726 2.000000e+02
341896 2.000000e+02
342105 2.000000e+02
342132 2.000000e+02
342266 2.000000e+02
342311 2.000000e+02
342579 2.000000e+02
342779 2.000000e+02
342925 2.000000e+02
343156 2.000000e+02
343183 2.000000e+02
343188 2.000000e+02
343351 2.000000e+02
343405 2.000000e+02
343465 2.000000e+02
343733 2.000000e+02
343880 2.000000e+02
343884 2.000000e+02
343948 2.000000e+02
343976 2.000000e+02
344002 2.000000e+02
344124 2.000000e+02
344158 2.000000e+02
344197 2.000000e+02
344201 2.000000e+02
344335 2.000000e+02
344772 2.000000e+02
344785 2.000000e+02
344892 2.000000e+02
345011 2.000000e+02
345310 2.000000e+02
345705 2.000000e+02
346008 2.000000e+02
346179 2.000000e+02
346412 2.000000e+02
346630 2.000000e+02
