1 2.077288e+04
2 1.999107e+04
11 1.935424e+04
16 1.928413e+04
17 1.840120e+04
23 1.527864e+04
3259 1.492596e+04
7261 1.472019e+04
9366 1.464182e+04
9700 1.448441e+04
9872 1.443378e+04
10030 1.410975e+04
10157 1.291788e+04
10783 1.199323e+04
10937 1.146063e+04
11040 1.126664e+04
11115 1.095326e+04
11532 1.062745e+04
11719 9.824793e+03
11755 9.555281e+03
11775 8.550167e+03
12270 7.820498e+03
12600 7.712224e+03
12607 7.110178e+03
12790 7.092069e+03
12877 6.884821e+03
12994 6.575021e+03
13008 6.568035e+03
13047 6.131506e+03
13117 5.880581e+03
13274 5.656798e+03
13295 5.472161e+03
13410 5.359226e+03
13425 5.348330e+03
13493 5.310260e+03
13590 5.222864e+03
13636 5.043417e+03
13719 5.033496e+03
13748 5.032081e+03
13774 5.027084e+03
13791 5.012513e+03
13800 4.891433e+03
13881 4.887991e+03
13893 4.842073e+03
13903 4.813231e+03
13913 4.684707e+03
14024 4.664256e+03
14129 4.607386e+03
14175 4.578702e+03
14246 4.560945e+03
14268 4.499860e+03
14334 4.495784e+03
14364 4.475917e+03
14426 4.465981e+03
14456 4.448541e+03
14521 4.442519e+03
14550 4.435752e+03
14557 4.433467e+03
14660 4.389905e+03
14818 4.387053e+03
14850 4.375516e+03
14907 4.372661e+03
14934 4.369203e+03
14968 4.368427e+03
14987 4.368426e+03
15037 4.366410e+03
15058 4.358237e+03
15060 4.353195e+03
15155 4.345179e+03
15201 4.343774e+03
15265 4.343741e+03
15297 4.340200e+03
15346 4.339311e+03
15383 4.332792e+03
15420 4.331575e+03
15575 4.326943e+03
15590 4.326903e+03
15600 4.322897e+03
15601 4.320135e+03
15634 4.318726e+03
15708 4.317539e+03
15829 4.316697e+03
15847 4.316686e+03
15907 4.315658e+03
15936 4.315586e+03
15985 4.314597e+03
16037 4.314051e+03
16053 4.313430e+03
16130 4.313034e+03
16134 4.312208e+03
16262 4.310776e+03
16350 4.310219e+03
16359 4.310122e+03
16367 4.309670e+03
16409 4.308325e+03
16417 4.307898e+03
16484 4.307724e+03
16559 4.306518e+03
16779 4.306343e+03
16912 4.305244e+03
17177 4.304990e+03
17246 4.304611e+03
17251 4.304595e+03
17269 4.304449e+03
17280 4.304296e+03
17409 4.304020e+03
17443 4.303851e+03
17520 4.303829e+03
17584 4.303826e+03
17608 4.303738e+03
17638 4.303664e+03
17642 4.303613e+03
17669 4.303605e+03
17683 4.303493e+03
17730 4.303456e+03
17738 4.303440e+03
17740 4.303335e+03
17786 4.303325e+03
17833 4.303212e+03
17975 4.303172e+03
17976 4.303112e+03
18056 4.303081e+03
18095 4.302969e+03
18160 4.302861e+03
18255 4.302847e+03
18266 4.302807e+03
18290 4.302804e+03
18308 4.302775e+03
18464 4.302759e+03
18475 4.302747e+03
18504 4.302695e+03
18506 4.302621e+03
18657 4.302603e+03
18675 4.302598e+03
18694 4.302583e+03
18749 4.302548e+03
18845 4.302544e+03
18925 4.302536e+03
18939 4.302495e+03
19129 4.302489e+03
19184 4.302487e+03
19224 4.302481e+03
19243 4.302479e+03
19244 4.302471e+03
19446 4.302461e+03
19587 4.302453e+03
19767 4.302453e+03
19789 4.302449e+03
19833 4.302448e+03
19891 4.302446e+03
19943 4.302443e+03
19952 4.302442e+03
20038 4.302440e+03
20108 4.302437e+03
20170 4.302435e+03
20312 4.302435e+03
20317 4.302435e+03
20321 4.302435e+03
20323 4.302432e+03
20354 4.302431e+03
20529 4.302430e+03
20554 4.302429e+03
20563 4.302427e+03
20638 4.302426e+03
20748 4.302425e+03
20915 4.302425e+03
20916 4.302424e+03
21167 4.302423e+03
21212 4.302423e+03
21227 4.302423e+03
21275 4.302423e+03
21325 4.302423e+03
21341 4.302422e+03
21519 4.302422e+03
21632 4.302422e+03
21760 4.302422e+03
21783 4.302422e+03
21996 4.302422e+03
22127 4.302421e+03
22139 4.302421e+03
22142 4.302421e+03
22402 4.302421e+03
22411 4.302421e+03
22442 4.302421e+03
22490 4.302421e+03
22501 4.302421e+03
22514 4.302421e+03
22564 4.302421e+03
22583 4.302421e+03
22628 4.302421e+03
22647 4.302421e+03
22736 4.302421e+03
22740 4.302421e+03
22768 4.302421e+03
22776 4.302421e+03
22889 4.302421e+03
22909 4.302421e+03
22951 4.302421e+03
22987 4.302421e+03
23052 4.302421e+03
23115 4.302421e+03
23135 4.302421e+03
23146 4.302421e+03
23256 4.302421e+03
23265 4.302421e+03
23281 4.302421e+03
23346 4.302421e+03
23431 4.302421e+03
23530 4.302421e+03
23554 4.302421e+03
23569 4.302421e+03
23581 4.302421e+03
23654 4.302421e+03
23673 4.302421e+03
23714 4.302421e+03
23738 4.302421e+03
23747 4.302421e+03
23755 4.302421e+03
23804 4.302421e+03
23815 4.302421e+03
23907 4.302421e+03
23920 4.302421e+03
23975 4.302421e+03
24075 4.302421e+03
24089 4.302421e+03
24146 4.302421e+03
24148 4.302421e+03
24171 4.302421e+03
24331 4.302421e+03
24374 4.302421e+03
24462 4.302421e+03
24579 4.302421e+03
24672 4.302421e+03
24696 4.302421e+03
24757 4.302421e+03
24766 4.302421e+03
24869 4.302421e+03
24886 4.302421e+03
24902 4.302421e+03
24997 4.302421e+03
25026 4.302421e+03
25066 4.302421e+03
25085 4.302421e+03
25087 4.302421e+03
25114 4.302421e+03
25170 4.302421e+03
25179 4.302421e+03
25187 4.302421e+03
25244 4.302421e+03
25298 4.302421e+03
25336 4.302421e+03
25380 4.302421e+03
25463 4.302421e+03
25603 4.302421e+03
25758 4.302421e+03
25759 4.302421e+03
25765 4.302421e+03
25800 4.302421e+03
25808 4.302421e+03
25850 4.302421e+03
25932 4.302421e+03
25951 4.302421e+03
25952 4.302421e+03
26010 4.302421e+03
26088 4.302421e+03
26104 4.302421e+03
26150 4.302421e+03
26258 4.302421e+03
26302 4.302421e+03
26372 4.302421e+03
26396 4.302421e+03
26757 4.302421e+03
26761 4.302421e+03
26799 4.302421e+03
26875 4.302421e+03
26919 4.302421e+03
26937 4.302421e+03
26977 4.302421e+03
26988 4.302421e+03
27040 4.302421e+03
27075 4.302421e+03
27090 4.302421e+03
27200 4.302421e+03
27208 4.302421e+03
27250 4.302421e+03
27367 4.302421e+03
27442 4.302421e+03
27449 4.302421e+03
27491 4.302421e+03
27505 4.302421e+03
27518 4.302421e+03
27529 4.302421e+03
27547 4.302421e+03
27565 4.302421e+03
27597 4.302421e+03
27599 4.302421e+03
27649 4.302421e+03
27751 4.302421e+03
27905 4.302421e+03
27987 4.302421e+03
28045 4.302421e+03
28202 4.302421e+03
28239 4.302421e+03
28267 4.302421e+03
28301 4.302421e+03
28553 4.302421e+03
28589 4.302421e+03
28590 4.302421e+03
28928 4.302421e+03
28958 4.302421e+03
29011 4.302421e+03
29094 4.302421e+03
29130 4.302421e+03
29179 4.302421e+03
29299 4.302421e+03
29306 4.302421e+03
29331 4.302421e+03
29333 4.302421e+03
29375 4.302421e+03
29445 4.302421e+03
29464 4.302421e+03
29507 4.302421e+03
29566 4.302421e+03
29568 4.302421e+03
29590 4.302421e+03
29638 4.302421e+03
29681 4.302421e+03
29721 4.302421e+03
29754 4.302421e+03
29784 4.302421e+03
29794 4.302421e+03
29882 4.302421e+03
29998 4.302421e+03
30110 4.302421e+03
30249 4.302421e+03
30288 4.302421e+03
30294 4.302421e+03
30299 4.302421e+03
30375 4.302421e+03
30400 4.302421e+03
30478 4.302421e+03
30500 4.302421e+03
30507 4.302421e+03
30516 4.302421e+03
30527 4.302421e+03
30573 4.302421e+03
30590 4.302421e+03
30618 4.302421e+03
30644 4.302421e+03
30717 4.302421e+03
30787 4.302421e+03
30816 4.302421e+03
30844 4.302421e+03
30883 4.302421e+03
30968 4.302421e+03
31025 4.302421e+03
31041 4.302421e+03
31051 4.302421e+03
31148 4.302421e+03
31152 4.302421e+03
31171 4.302421e+03
31237 4.302421e+03
31260 4.302421e+03
31317 4.302421e+03
165656 4.207057e+03
165742 4.151315e+03
165800 4.031505e+03
165857 3.870451e+03
166128 3.843705e+03
166130 3.815074e+03
166160 3.804698e+03
166191 3.778543e+03
166199 3.705873e+03
166276 3.684863e+03
166278 3.650116e+03
166310 3.644544e+03
166324 3.605754e+03
166535 3.589205e+03
166568 3.564207e+03
166669 3.560756e+03
166700 3.560563e+03
166713 3.547561e+03
166728 3.545298e+03
166741 3.508813e+03
166803 3.503119e+03
166921 3.496035e+03
166975 3.467419e+03
167115 3.443381e+03
167196 3.441204e+03
167219 3.432827e+03
167336 3.420339e+03
167380 3.416007e+03
167393 3.398976e+03
167402 3.381586e+03
167646 3.374665e+03
167728 3.371917e+03
167796 3.363775e+03
167838 3.358557e+03
167900 3.355645e+03
167926 3.352765e+03
168014 3.351199e+03
168016 3.348509e+03
168083 3.346119e+03
168110 3.345284e+03
168153 3.342295e+03
168258 3.337300e+03
168338 3.336831e+03
168509 3.336122e+03
168552 3.335556e+03
168607 3.334045e+03
168636 3.333858e+03
168709 3.333330e+03
168714 3.332315e+03
168720 3.330376e+03
168935 3.329921e+03
169175 3.327692e+03
169288 3.327563e+03
169348 3.327460e+03
169366 3.326975e+03
169396 3.326300e+03
169407 3.325678e+03
169537 3.325591e+03
169715 3.325325e+03
169811 3.325313e+03
169820 3.325203e+03
169856 3.325147e+03
169897 3.325092e+03
169922 3.324904e+03
169940 3.324782e+03
169974 3.324682e+03
170016 3.324579e+03
170046 3.324111e+03
170056 3.324073e+03
170058 3.323837e+03
170065 3.323828e+03
170146 3.323725e+03
170273 3.323716e+03
170389 3.323665e+03
170391 3.323465e+03
170445 3.323122e+03
170449 3.323085e+03
170462 3.322823e+03
170479 3.322712e+03
170504 3.322590e+03
170634 3.322570e+03
170667 3.322545e+03
170669 3.322524e+03
170677 3.322444e+03
170716 3.322348e+03
170728 3.322245e+03
170755 3.322110e+03
170932 3.322100e+03
170942 3.322079e+03
170959 3.322074e+03
170987 3.322072e+03
171016 3.321941e+03
171244 3.321891e+03
171291 3.321871e+03
171315 3.321823e+03
171387 3.321757e+03
171456 3.321751e+03
171469 3.321718e+03
171594 3.321716e+03
171611 3.321675e+03
171773 3.321663e+03
171851 3.321661e+03
171899 3.321657e+03
172029 3.321656e+03
172092 3.321647e+03
172095 3.321636e+03
172141 3.321627e+03
172174 3.321626e+03
172231 3.321622e+03
172311 3.321612e+03
172352 3.321605e+03
172514 3.321605e+03
172524 3.321605e+03
172538 3.321605e+03
172557 3.321605e+03
172572 3.321604e+03
172594 3.321597e+03
172634 3.321595e+03
172713 3.321595e+03
172720 3.321593e+03
172723 3.321589e+03
172794 3.321588e+03
172839 3.321588e+03
172882 3.321585e+03
172901 3.321582e+03
173026 3.321581e+03
173045 3.321580e+03
173085 3.321580e+03
173096 3.321580e+03
173130 3.321577e+03
173183 3.321576e+03
173246 3.321575e+03
173332 3.321575e+03
173407 3.321574e+03
173474 3.321574e+03
173495 3.321572e+03
173626 3.321572e+03
173646 3.321572e+03
173690 3.321571e+03
173697 3.321571e+03
173791 3.321571e+03
173859 3.321570e+03
173919 3.321570e+03
174009 3.321570e+03
174115 3.321569e+03
174233 3.321569e+03
174247 3.321569e+03
174254 3.321568e+03
174412 3.321568e+03
174547 3.321568e+03
174623 3.321568e+03
174657 3.321568e+03
174704 3.321568e+03
174722 3.321568e+03
174796 3.321568e+03
174845 3.321568e+03
175023 3.321568e+03
175064 3.321568e+03
175263 3.321568e+03
175330 3.321568e+03
175393 3.321568e+03
175480 3.321568e+03
175550 3.321568e+03
175585 3.321568e+03
175623 3.321568e+03
175628 3.321567e+03
175657 3.321567e+03
175711 3.321567e+03
175795 3.321567e+03
175882 3.321567e+03
175935 3.321567e+03
175969 3.321567e+03
176005 3.321567e+03
176091 3.321567e+03
176100 3.321567e+03
176116 3.321567e+03
176243 3.321567e+03
176283 3.321567e+03
176291 3.321567e+03
176403 3.321567e+03
176433 3.321567e+03
176453 3.321567e+03
176492 3.321567e+03
176512 3.321567e+03
176530 3.321567e+03
176579 3.321567e+03
176585 3.321567e+03
176727 3.321567e+03
176784 3.321567e+03
176889 3.321567e+03
176905 3.321567e+03
176987 3.321567e+03
177007 3.321567e+03
177025 3.321567e+03
177062 3.321567e+03
177204 3.321567e+03
177211 3.321567e+03
177243 3.321567e+03
177361 3.321567e+03
177413 3.321567e+03
177559 3.321567e+03
177631 3.321567e+03
177643 3.321567e+03
177684 3.321567e+03
177995 3.321567e+03
178092 3.321567e+03
178109 3.321567e+03
178201 3.321567e+03
178217 3.321567e+03
178251 3.321567e+03
178369 3.321567e+03
178640 3.321567e+03
178659 3.321567e+03
178771 3.321567e+03
178784 3.321567e+03
178795 3.321567e+03
178803 3.321567e+03
178851 3.321567e+03
178920 3.321567e+03
178946 3.321567e+03
179044 3.321567e+03
179088 3.321567e+03
179129 3.321567e+03
179283 3.321567e+03
179325 3.321567e+03
179474 3.321567e+03
179532 3.321567e+03
179536 3.321567e+03
179588 3.321567e+03
179610 3.321567e+03
179642 3.321567e+03
179708 3.321567e+03
179809 3.321567e+03
179814 3.321567e+03
179845 3.321567e+03
179852 3.321567e+03
179858 3.321567e+03
179862 3.321567e+03
180204 3.321567e+03
180212 3.321567e+03
180249 3.321567e+03
180483 3.321567e+03
180506 3.321567e+03
180523 3.321567e+03
180557 3.321567e+03
180601 3.321567e+03
180633 3.321567e+03
180667 3.321567e+03
180871 3.321567e+03
180924 3.321567e+03
180989 3.321567e+03
181001 3.321567e+03
181050 3.321567e+03
181186 3.321567e+03
181216 3.321567e+03
181228 3.321567e+03
181322 3.321567e+03
181326 3.321567e+03
181363 3.321567e+03
181369 3.321567e+03
181402 3.321567e+03
181435 3.321567e+03
181659 3.321567e+03
181672 3.321567e+03
181752 3.321567e+03
181795 3.321567e+03
181801 3.321567e+03
181818 3.321567e+03
181889 3.321567e+03
181950 3.321567e+03
182088 3.321567e+03
182105 3.321567e+03
182126 3.321567e+03
182210 3.321567e+03
182226 3.321567e+03
182304 3.321567e+03
182332 3.321567e+03
182335 3.321567e+03
182355 3.321567e+03
182358 3.321567e+03
182366 3.321567e+03
182377 3.321567e+03
182387 3.321567e+03
182411 3.321567e+03
182419 3.321567e+03
182446 3.321567e+03
182506 3.321567e+03
182602 3.321567e+03
182651 3.321567e+03
182672 3.321567e+03
182684 3.321567e+03
182853 3.321567e+03
182898 3.321567e+03
182929 3.321567e+03
182930 3.321567e+03
182990 3.321567e+03
183012 3.321567e+03
183094 3.321567e+03
183128 3.321567e+03
183145 3.321567e+03
183170 3.321567e+03
183214 3.321567e+03
183417 3.321567e+03
183471 3.321567e+03
183584 3.321567e+03
183613 3.321567e+03
183624 3.321567e+03
183649 3.321567e+03
183689 3.321567e+03
183691 3.321567e+03
183708 3.321567e+03
183775 3.321567e+03
183793 3.321567e+03
183809 3.321567e+03
183918 3.321567e+03
184032 3.321567e+03
184102 3.321567e+03
184148 3.321567e+03
184183 3.321567e+03
184248 3.321567e+03
184258 3.321567e+03
184324 3.321567e+03
184383 3.321567e+03
184390 3.321567e+03
184428 3.321567e+03
184532 3.321567e+03
184537 3.321567e+03
184570 3.321567e+03
184650 3.321567e+03
184703 3.321567e+03
184765 3.321567e+03
184795 3.321567e+03
228975 3.284771e+03
229319 2.820374e+03
229584 2.762971e+03
229912 2.529054e+03
230270 2.448684e+03
230516 2.282943e+03
230595 2.229810e+03
230688 2.156806e+03
230697 2.013084e+03
231088 1.950749e+03
231448 1.914666e+03
231457 1.526278e+03
232203 1.508793e+03
232228 1.487546e+03
232541 1.472790e+03
232656 1.459349e+03
232697 1.431390e+03
232775 1.416307e+03
232776 1.346395e+03
233063 1.339882e+03
233079 1.339771e+03
233111 1.303681e+03
233589 1.277563e+03
234094 1.241790e+03
234095 1.203759e+03
234389 1.198625e+03
234512 1.183788e+03
234575 1.169647e+03
234930 1.164321e+03
235186 1.162071e+03
235290 1.159507e+03
235439 1.148558e+03
235531 1.128850e+03
235819 1.128227e+03
235824 1.126100e+03
235858 1.113304e+03
236089 1.111793e+03
236204 1.110424e+03
236206 1.106258e+03
236300 1.104668e+03
236377 1.093660e+03
236467 1.093070e+03
236606 1.091720e+03
236616 1.088113e+03
236756 1.087906e+03
236768 1.083738e+03
236898 1.083629e+03
236901 1.080076e+03
236926 1.078213e+03
236941 1.073843e+03
237441 1.069080e+03
237855 1.067651e+03
237872 1.067149e+03
238075 1.066458e+03
238309 1.065202e+03
238391 1.065130e+03
238453 1.065041e+03
238480 1.064764e+03
238485 1.062050e+03
238659 1.061794e+03
238862 1.061251e+03
238886 1.060524e+03
238952 1.059780e+03
239004 1.058864e+03
239022 1.058670e+03
239176 1.058220e+03
239503 1.057903e+03
239601 1.057048e+03
239969 1.056509e+03
240224 1.056377e+03
240336 1.056087e+03
240391 1.055996e+03
240396 1.055779e+03
240405 1.055301e+03
240465 1.055169e+03
240542 1.055087e+03
240726 1.055062e+03
240733 1.054750e+03
240755 1.054442e+03
240810 1.054040e+03
240848 1.053424e+03
240881 1.053333e+03
241323 1.053323e+03
241392 1.053085e+03
241432 1.052856e+03
241547 1.052740e+03
241682 1.052691e+03
241742 1.052463e+03
241908 1.052454e+03
242026 1.052432e+03
242079 1.052387e+03
242089 1.051880e+03
242214 1.051851e+03
242248 1.051814e+03
242324 1.051791e+03
242405 1.051752e+03
242437 1.051729e+03
242517 1.051680e+03
242679 1.051675e+03
242768 1.051646e+03
242868 1.051532e+03
242998 1.051496e+03
243269 1.051451e+03
243277 1.051422e+03
243294 1.051305e+03
243407 1.051247e+03
243506 1.051194e+03
243589 1.051193e+03
243662 1.051161e+03
243837 1.051107e+03
243940 1.050984e+03
244046 1.050913e+03
244148 1.050880e+03
244187 1.050879e+03
244224 1.050858e+03
244389 1.050842e+03
244548 1.050819e+03
244581 1.050805e+03
244625 1.050756e+03
244643 1.050733e+03
244730 1.050715e+03
244994 1.050689e+03
245240 1.050673e+03
245256 1.050646e+03
245263 1.050637e+03
245516 1.050628e+03
245568 1.050592e+03
245829 1.050563e+03
246058 1.050561e+03
246197 1.050555e+03
246207 1.050549e+03
246288 1.050547e+03
246315 1.050541e+03
246413 1.050539e+03
246454 1.050535e+03
246462 1.050517e+03
246520 1.050505e+03
246905 1.050504e+03
246968 1.050504e+03
247130 1.050498e+03
247253 1.050486e+03
247491 1.050486e+03
247542 1.050482e+03
247780 1.050480e+03
247879 1.050480e+03
247898 1.050474e+03
248032 1.050471e+03
248055 1.050470e+03
248171 1.050465e+03
248275 1.050464e+03
248389 1.050464e+03
248432 1.050463e+03
248538 1.050463e+03
248592 1.050458e+03
248694 1.050458e+03
248750 1.050454e+03
249092 1.050453e+03
249274 1.050451e+03
249392 1.050449e+03
249731 1.050449e+03
249969 1.050449e+03
250024 1.050448e+03
250045 1.050447e+03
250205 1.050447e+03
250296 1.050447e+03
250321 1.050446e+03
250468 1.050446e+03
250589 1.050446e+03
250591 1.050445e+03
250721 1.050445e+03
250732 1.050445e+03
250846 1.050444e+03
250912 1.050444e+03
251086 1.050443e+03
251089 1.050443e+03
251149 1.050443e+03
251378 1.050443e+03
251397 1.050443e+03
251545 1.050442e+03
251584 1.050442e+03
251750 1.050442e+03
251898 1.050442e+03
251918 1.050442e+03
252154 1.050442e+03
252208 1.050442e+03
252422 1.050442e+03
252475 1.050442e+03
252638 1.050441e+03
252702 1.050441e+03
252833 1.050441e+03
253115 1.050441e+03
253272 1.050441e+03
253384 1.050441e+03
253451 1.050441e+03
253639 1.050441e+03
253655 1.050441e+03
253767 1.050441e+03
253800 1.050441e+03
253807 1.050441e+03
253872 1.050441e+03
253941 1.050440e+03
254081 1.050440e+03
254224 1.050440e+03
254410 1.050440e+03
254814 1.050440e+03
254871 1.050440e+03
254878 1.050440e+03
254954 1.050440e+03
255093 1.050440e+03
255219 1.050440e+03
255501 1.050440e+03
255515 1.050440e+03
255569 1.050440e+03
255602 1.050440e+03
255640 1.050440e+03
256057 1.050440e+03
256113 1.050440e+03
256187 1.050440e+03
256315 1.050440e+03
256488 1.050440e+03
256501 1.050440e+03
256672 1.050440e+03
256702 1.050440e+03
256843 1.050440e+03
256949 1.050440e+03
257232 1.050440e+03
257471 1.050440e+03
257485 1.050440e+03
257614 1.050440e+03
257739 1.050440e+03
257860 1.050440e+03
258041 1.050440e+03
258136 1.050440e+03
258156 1.050440e+03
258193 1.050440e+03
258202 1.050440e+03
258266 1.050440e+03
258272 1.050440e+03
258354 1.050440e+03
258362 1.050440e+03
258488 1.050440e+03
258701 1.050440e+03
259110 1.050440e+03
259135 1.050440e+03
259216 1.050440e+03
259244 1.050440e+03
259493 1.050440e+03
259577 1.050440e+03
259620 1.050440e+03
259691 1.050440e+03
259742 1.050440e+03
259804 1.050440e+03
259891 1.050440e+03
259941 1.050440e+03
259972 1.050440e+03
260069 1.050440e+03
260108 1.050440e+03
260180 1.050440e+03
260264 1.050440e+03
260278 1.050440e+03
260405 1.050440e+03
260471 1.050440e+03
260749 1.050440e+03
260766 1.050440e+03
260829 1.050440e+03
260993 1.050440e+03
261019 1.050440e+03
261175 1.050440e+03
261372 1.050440e+03
261534 1.050440e+03
261708 1.050440e+03
261783 1.050440e+03
262413 1.050440e+03
262619 1.050440e+03
262643 1.050440e+03
262665 1.050440e+03
262861 1.050440e+03
262944 1.050440e+03
263294 1.050440e+03
263423 1.050440e+03
263542 1.050440e+03
263702 1.050440e+03
263748 1.050440e+03
263929 1.050440e+03
264284 1.050440e+03
264300 1.050440e+03
264326 1.050440e+03
264332 1.050440e+03
264486 1.050440e+03
264750 1.050440e+03
265050 1.050440e+03
265265 1.050440e+03
265379 1.050440e+03
265593 1.050440e+03
265674 1.050440e+03
265728 1.050440e+03
265750 1.050440e+03
265817 1.050440e+03
265854 1.050440e+03
265888 1.050440e+03
265904 1.050440e+03
266012 1.050440e+03
266048 1.050440e+03
266123 1.050440e+03
266227 1.050440e+03
266737 1.050440e+03
266795 1.050440e+03
266891 1.050440e+03
266919 1.050440e+03
266920 1.050440e+03
267095 1.050440e+03
267182 1.050440e+03
267317 1.050440e+03
267372 1.050440e+03
267460 1.050440e+03
267765 1.050440e+03
267778 1.050440e+03
267866 1.050440e+03
268376 1.050440e+03
268404 1.050440e+03
268538 1.050440e+03
268599 1.050440e+03
268650 1.050440e+03
268652 1.050440e+03
268813 1.050440e+03
268862 1.050440e+03
268882 1.050440e+03
269020 1.050440e+03
269269 1.050440e+03
269577 1.050440e+03
269714 1.050440e+03
269820 1.050440e+03
269881 1.050440e+03
269969 1.050440e+03
269994 1.050440e+03
270002 1.050440e+03
270025 1.050440e+03
270035 1.050440e+03
270087 1.050440e+03
270106 1.050440e+03
270285 1.050440e+03
270332 1.050440e+03
270334 1.050440e+03
270386 1.050440e+03
270571 1.050440e+03
270734 1.050440e+03
270774 1.050440e+03
270775 1.050440e+03
270838 1.050440e+03
270870 1.050440e+03
271210 1.050440e+03
271305 1.050440e+03
271310 1.050440e+03
271638 1.050440e+03
271717 1.050440e+03
271768 1.050440e+03
272414 1.050440e+03
272478 1.050440e+03
272727 1.050440e+03
272782 1.050440e+03
272788 1.050440e+03
272904 1.050440e+03
273082 1.050440e+03
273190 1.050440e+03
273311 1.050440e+03
273338 1.050440e+03
273633 1.050440e+03
273703 1.050440e+03
273843 1.050440e+03
274034 1.050440e+03
274068 1.050440e+03
339976 1.032171e+03
340037 9.866055e+02
340151 9.109441e+02
340190 8.971366e+02
340789 8.963368e+02
340802 8.812829e+02
341130 8.734604e+02
341211 8.606001e+02
341295 8.094521e+02
341398 7.649989e+02
342077 7.005859e+02
342678 6.916643e+02
343116 6.462380e+02
343943 6.444255e+02
344154 6.396000e+02
344198 6.346963e+02
344545 6.201976e+02
344623 6.132136e+02
344915 6.073878e+02
345136 6.022367e+02
345145 5.996674e+02
345201 5.866372e+02
345578 5.712325e+02
346139 5.673254e+02
346250 5.654720e+02
346313 5.556278e+02
346430 5.496976e+02
346754 5.471255e+02
346810 5.463576e+02
347080 5.456512e+02
347418 5.436969e+02
347552 5.409643e+02
347740 5.408253e+02
347921 5.389474e+02
347945 5.301805e+02
348137 5.246993e+02
348520 5.212534e+02
349185 5.174916e+02
349715 5.166134e+02
349993 5.142282e+02
350010 5.123316e+02
350317 5.114094e+02
350545 5.106371e+02
350708 5.093447e+02
351534 5.082505e+02
351631 5.076770e+02
351909 5.059179e+02
351914 5.057976e+02
352326 5.057860e+02
352524 5.048448e+02
352600 5.046277e+02
352832 5.032095e+02
352992 5.029374e+02
353173 5.026820e+02
353898 5.023984e+02
353978 5.023344e+02
353994 5.012987e+02
354294 5.012129e+02
354854 5.010463e+02
354918 5.008287e+02
355438 5.008137e+02
355471 5.005556e+02
355661 5.004314e+02
355733 5.004079e+02
356107 5.003839e+02
356164 5.001629e+02
356419 4.998661e+02
356852 4.997355e+02
357110 4.997039e+02
357125 4.996818e+02
357150 4.995956e+02
357894 4.994976e+02
358126 4.994706e+02
359064 4.994319e+02
359115 4.994203e+02
359120 4.994008e+02
359125 4.993894e+02
359129 4.993778e+02
359137 4.993735e+02
359162 4.993673e+02
359213 4.993074e+02
359350 4.991877e+02
359578 4.991270e+02
360114 4.990921e+02
360737 4.990855e+02
360796 4.990762e+02
360815 4.990644e+02
360882 4.990489e+02
361069 4.990225e+02
361722 4.989801e+02
362582 4.989732e+02
363312 4.989712e+02
363419 4.989694e+02
363558 4.989679e+02
363566 4.989642e+02
364010 4.989632e+02
364104 4.989518e+02
364368 4.989471e+02
364399 4.989444e+02
364510 4.989398e+02
364519 4.989338e+02
364550 4.989318e+02
364608 4.989312e+02
364730 4.989262e+02
364924 4.989249e+02
365099 4.989112e+02
365562 4.989092e+02
365683 4.989082e+02
365741 4.989062e+02
365858 4.989019e+02
365944 4.989015e+02
365953 4.988994e+02
366516 4.988966e+02
366692 4.988947e+02
366714 4.988915e+02
367118 4.988890e+02
367134 4.988821e+02
367646 4.988818e+02
367747 4.988812e+02
367882 4.988791e+02
367948 4.988776e+02
367957 4.988766e+02
368109 4.988758e+02
368330 4.988746e+02
368597 4.988742e+02
368599 4.988727e+02
368798 4.988723e+02
369084 4.988722e+02
369121 4.988719e+02
369140 4.988714e+02
369559 4.988710e+02
369627 4.988705e+02
369990 4.988705e+02
370032 4.988693e+02
370495 4.988680e+02
371151 4.988678e+02
371310 4.988675e+02
371523 4.988672e+02
371661 4.988672e+02
371714 4.988672e+02
371746 4.988669e+02
371768 4.988668e+02
372004 4.988667e+02
372203 4.988666e+02
372414 4.988666e+02
372450 4.988666e+02
372519 4.988665e+02
372758 4.988664e+02
372870 4.988662e+02
372934 4.988662e+02
373170 4.988656e+02
373446 4.988656e+02
373705 4.988655e+02
373932 4.988654e+02
373936 4.988653e+02
374201 4.988653e+02
374242 4.988653e+02
374257 4.988652e+02
374298 4.988651e+02
374318 4.988651e+02
374992 4.988650e+02
375535 4.988650e+02
375557 4.988649e+02
375577 4.988649e+02
375708 4.988649e+02
376309 4.988649e+02
376442 4.988649e+02
376483 4.988649e+02
376594 4.988648e+02
377766 4.988648e+02
377913 4.988648e+02
378015 4.988647e+02
378108 4.988647e+02
378390 4.988647e+02
378707 4.988647e+02
378788 4.988647e+02
378867 4.988647e+02
378901 4.988647e+02
379144 4.988647e+02
379339 4.988647e+02
379422 4.988647e+02
379527 4.988647e+02
379619 4.988647e+02
379762 4.988647e+02
379791 4.988646e+02
380057 4.988646e+02
380155 4.988646e+02
380159 4.988646e+02
380262 4.988646e+02
380782 4.988646e+02
381203 4.988646e+02
381333 4.988646e+02
381339 4.988646e+02
381355 4.988646e+02
381531 4.988646e+02
381721 4.988646e+02
381907 4.988646e+02
381909 4.988646e+02
382073 4.988646e+02
382209 4.988646e+02
382238 4.988646e+02
382343 4.988646e+02
382784 4.988646e+02
382915 4.988646e+02
383009 4.988646e+02
383061 4.988646e+02
383210 4.988646e+02
383534 4.988646e+02
383661 4.988646e+02
383702 4.988646e+02
383731 4.988646e+02
383860 4.988646e+02
384343 4.988646e+02
384512 4.988646e+02
384829 4.988646e+02
384974 4.988646e+02
385806 4.988646e+02
385858 4.988646e+02
386966 4.988646e+02
387311 4.988646e+02
387341 4.988646e+02
387361 4.988646e+02
387468 4.988646e+02
387493 4.988646e+02
387785 4.988646e+02
387910 4.988646e+02
387949 4.988646e+02
388005 4.988646e+02
388011 4.988646e+02
388110 4.988646e+02
388759 4.988646e+02
388969 4.988646e+02
388976 4.988646e+02
389042 4.988646e+02
389093 4.988646e+02
389695 4.988646e+02
390376 4.988646e+02
390715 4.988646e+02
390747 4.988646e+02
390749 4.988646e+02
391317 4.988646e+02
391509 4.988646e+02
391511 4.988646e+02
391535 4.988646e+02
391716 4.988646e+02
391774 4.988646e+02
391884 4.988646e+02
391912 4.988646e+02
392332 4.988646e+02
392585 4.988646e+02
392640 4.988646e+02
393307 4.988646e+02
393343 4.988646e+02
393406 4.988646e+02
393577 4.988646e+02
393754 4.988646e+02
394155 4.988646e+02
394464 4.988646e+02
394510 4.988646e+02
394677 4.988646e+02
395115 4.988646e+02
395297 4.988646e+02
395336 4.988646e+02
395386 4.988646e+02
395433 4.988646e+02
395792 4.988646e+02
396014 4.988646e+02
396125 4.988646e+02
396298 4.988646e+02
396427 4.988646e+02
396660 4.988646e+02
396910 4.988646e+02
396941 4.988646e+02
397036 4.988646e+02
397104 4.988646e+02
397303 4.988646e+02
397310 4.988646e+02
397381 4.988646e+02
397643 4.988646e+02
398303 4.988646e+02
398419 4.988646e+02
398629 4.988646e+02
399151 4.988646e+02
399745 4.988646e+02
399945 4.988646e+02
400099 4.988646e+02
400155 4.988646e+02
400475 4.988646e+02
400804 4.988646e+02
400811 4.988646e+02
400927 4.988646e+02
401130 4.988646e+02
401204 4.988646e+02
401326 4.988646e+02
401560 4.988646e+02
401737 4.988646e+02
401903 4.988646e+02
402137 4.988646e+02
402146 4.988646e+02
402181 4.988646e+02
402343 4.988646e+02
402410 4.988646e+02
402414 4.988646e+02
402541 4.988646e+02
402714 4.988646e+02
402971 4.988646e+02
403108 4.988646e+02
403151 4.988646e+02
403356 4.988646e+02
403538 4.988646e+02
403671 4.988646e+02
403726 4.988646e+02
403770 4.988646e+02
403790 4.988646e+02
404031 4.988646e+02
404144 4.988646e+02
404464 4.988646e+02
404847 4.988646e+02
404967 4.988646e+02
404979 4.988646e+02
