1 2.094686e+04
2 1.993780e+04
5 1.970200e+04
11 1.958494e+04
15 1.854784e+04
38 1.817426e+04
86 1.772939e+04
144 1.764589e+04
251 1.734257e+04
482 1.691703e+04
917 1.633167e+04
1036 1.629366e+04
1284 1.570278e+04
2375 1.475510e+04
5658 1.469508e+04
6292 1.440724e+04
7315 1.433269e+04
7676 1.424856e+04
7935 1.391897e+04
8076 1.378418e+04
8165 1.326447e+04
8333 1.313678e+04
8367 1.201564e+04
8899 1.170309e+04
8934 1.139358e+04
9180 1.111762e+04
9200 1.076929e+04
9244 1.066809e+04
9519 9.412087e+03
9629 9.373045e+03
9825 9.207400e+03
9948 9.195053e+03
10034 8.743721e+03
10081 8.234105e+03
10247 8.191930e+03
10298 8.149786e+03
10306 8.042692e+03
10426 8.026571e+03
10460 7.884528e+03
10517 7.793951e+03
10542 7.668908e+03
10587 7.500133e+03
10603 7.412624e+03
10619 7.395374e+03
10625 7.249041e+03
10667 6.830596e+03
10705 6.828285e+03
10806 6.803907e+03
10843 6.613132e+03
10863 6.355163e+03
10938 6.229543e+03
10998 6.041995e+03
11053 5.948488e+03
11083 5.871064e+03
11131 5.702391e+03
11322 5.522949e+03
11428 5.518652e+03
11501 5.498020e+03
11525 5.448736e+03
11662 5.415997e+03
11666 5.333014e+03
11720 5.302454e+03
11828 5.268711e+03
11869 5.241277e+03
11996 5.205909e+03
12048 5.205647e+03
12092 5.191534e+03
12140 5.179213e+03
12191 5.177118e+03
12192 5.120065e+03
12232 5.103665e+03
12341 5.089711e+03
12429 5.063688e+03
12500 5.063661e+03
12544 5.033944e+03
12614 5.014751e+03
12798 5.013710e+03
12897 5.011281e+03
12905 5.008970e+03
12913 5.007686e+03
12928 5.001375e+03
13006 5.000306e+03
13036 4.996664e+03
13073 4.985074e+03
13094 4.984842e+03
13153 4.977237e+03
13162 4.972401e+03
13196 4.972104e+03
13237 4.965360e+03
13276 4.963620e+03
13304 4.956881e+03
13413 4.956153e+03
13472 4.947847e+03
13488 4.941687e+03
13597 4.940765e+03
13884 4.939721e+03
14055 4.938211e+03
14064 4.935966e+03
14093 4.935961e+03
14135 4.934684e+03
14178 4.932341e+03
14213 4.931555e+03
14276 4.928823e+03
14300 4.927230e+03
14372 4.924869e+03
14430 4.924260e+03
14442 4.921226e+03
14570 4.917867e+03
15367 4.916613e+03
15433 4.915666e+03
15556 4.914691e+03
15566 4.914379e+03
15608 4.913966e+03
15758 4.911535e+03
16154 4.910428e+03
16946 4.909933e+03
17046 4.909370e+03
17327 4.908200e+03
18219 4.908116e+03
19023 4.907597e+03
19111 4.907585e+03
19573 4.907531e+03
19761 4.907373e+03
19966 4.907220e+03
20009 4.907133e+03
20141 4.906975e+03
20153 4.906810e+03
20215 4.906666e+03
20424 4.906656e+03
20533 4.906582e+03
20544 4.906316e+03
20671 4.906277e+03
20779 4.906175e+03
20927 4.906134e+03
20957 4.905547e+03
22540 4.905509e+03
22578 4.905423e+03
22764 4.905380e+03
22773 4.905315e+03
22944 4.905298e+03
23006 4.905227e+03
23183 4.905140e+03
23240 4.905100e+03
23674 4.905079e+03
23887 4.905040e+03
23896 4.905029e+03
24087 4.905000e+03
24156 4.904982e+03
24161 4.904965e+03
24382 4.904853e+03
24929 4.904787e+03
24949 4.904786e+03
25452 4.904754e+03
25548 4.904658e+03
26033 4.904610e+03
26708 4.904605e+03
27101 4.904542e+03
27179 4.904535e+03
27526 4.904530e+03
27827 4.904525e+03
27913 4.904517e+03
28014 4.904514e+03
28041 4.904466e+03
28150 4.904446e+03
28569 4.904437e+03
28584 4.904424e+03
28889 4.904363e+03
29376 4.904336e+03
30278 4.904327e+03
30463 4.904318e+03
30758 4.904317e+03
30790 4.904310e+03
30935 4.904306e+03
31332 4.904304e+03
31340 4.904300e+03
31378 4.904294e+03
31504 4.904271e+03
32389 4.904264e+03
32572 4.904259e+03
32664 4.904258e+03
32975 4.904237e+03
33138 4.904232e+03
33559 4.904225e+03
33604 4.904215e+03
34001 4.904210e+03
34094 4.904208e+03
34322 4.904206e+03
34323 4.904205e+03
34394 4.904202e+03
34470 4.904200e+03
34492 4.904199e+03
34851 4.904197e+03
34941 4.904188e+03
35408 4.904185e+03
35446 4.904177e+03
35788 4.904174e+03
35851 4.904169e+03
35868 4.904164e+03
36014 4.904159e+03
36376 4.904156e+03
36390 4.904153e+03
36703 4.904147e+03
37128 4.904147e+03
37135 4.904142e+03
37381 4.904141e+03
37725 4.904139e+03
37799 4.904135e+03
38273 4.904133e+03
38331 4.904128e+03
38897 4.904125e+03
39058 4.904124e+03
39068 4.904121e+03
39133 4.904120e+03
39213 4.904119e+03
39525 4.904118e+03
39597 4.904116e+03
40040 4.904116e+03
40043 4.904113e+03
40113 4.904112e+03
40135 4.904111e+03
40276 4.904110e+03
40337 4.904105e+03
40403 4.904102e+03
40423 4.904099e+03
40465 4.904098e+03
40536 4.904097e+03
40633 4.904093e+03
40858 4.904088e+03
40859 4.904088e+03
41016 4.904086e+03
41258 4.904085e+03
41300 4.904084e+03
41350 4.904083e+03
41422 4.904082e+03
41503 4.904081e+03
41655 4.904081e+03
41672 4.904080e+03
41699 4.904074e+03
41741 4.904071e+03
42393 4.904071e+03
42396 4.904070e+03
42419 4.904070e+03
42435 4.904070e+03
42442 4.904066e+03
42884 4.904063e+03
43213 4.904058e+03
43315 4.904055e+03
43446 4.904054e+03
43518 4.904053e+03
43632 4.904053e+03
43834 4.904050e+03
44087 4.904050e+03
44117 4.904046e+03
44329 4.904046e+03
44693 4.904045e+03
44747 4.904044e+03
44776 4.904042e+03
44898 4.904038e+03
45101 4.904036e+03
45425 4.904035e+03
45482 4.904035e+03
45534 4.904028e+03
45660 4.904027e+03
46082 4.904027e+03
46543 4.904025e+03
46854 4.904022e+03
46927 4.904022e+03
46955 4.904020e+03
47212 4.904020e+03
47919 4.904017e+03
48202 4.904013e+03
49160 4.904013e+03
49198 4.904012e+03
49310 4.904010e+03
49574 4.904009e+03
49882 4.904008e+03
49991 4.904008e+03
50019 4.904007e+03
50103 4.904006e+03
50411 4.904006e+03
50725 4.904006e+03
50816 4.904003e+03
50953 4.904003e+03
51252 4.904002e+03
51519 4.904001e+03
51599 4.904000e+03
52055 4.904000e+03
52137 4.903998e+03
53392 4.903998e+03
53425 4.903997e+03
53664 4.903997e+03
54111 4.903996e+03
54440 4.903996e+03
54666 4.903996e+03
54696 4.903996e+03
54747 4.903995e+03
54832 4.903995e+03
54924 4.903995e+03
56307 4.903994e+03
56313 4.903994e+03
56772 4.903994e+03
57102 4.903994e+03
58070 4.903994e+03
58727 4.903993e+03
58925 4.903993e+03
58946 4.903993e+03
58961 4.903993e+03
59273 4.903993e+03
59380 4.903993e+03
59515 4.903993e+03
59557 4.903993e+03
59590 4.903993e+03
59674 4.903993e+03
59765 4.903993e+03
59819 4.903993e+03
59937 4.903993e+03
59940 4.903993e+03
60598 4.903993e+03
60880 4.903993e+03
61053 4.903993e+03
61245 4.903992e+03
61456 4.903992e+03
62066 4.903992e+03
62457 4.903992e+03
62580 4.903992e+03
62663 4.903992e+03
62944 4.903992e+03
63141 4.903992e+03
63196 4.903992e+03
63686 4.903992e+03
63692 4.903992e+03
63810 4.903992e+03
64430 4.903992e+03
64574 4.903992e+03
64635 4.903992e+03
64747 4.903992e+03
64799 4.903992e+03
65455 4.903992e+03
65515 4.903992e+03
65840 4.903992e+03
66571 4.903992e+03
66604 4.903992e+03
66765 4.903992e+03
66845 4.903992e+03
66913 4.903992e+03
66967 4.903992e+03
67262 4.903992e+03
67301 4.903992e+03
67695 4.903992e+03
68172 4.903992e+03
68320 4.903992e+03
68339 4.903992e+03
68386 4.903992e+03
69077 4.903992e+03
69143 4.903992e+03
69155 4.903992e+03
69508 4.903992e+03
70407 4.903992e+03
70887 4.903992e+03
70918 4.903992e+03
71241 4.903992e+03
71595 4.903992e+03
72126 4.903992e+03
72707 4.903992e+03
73018 4.903992e+03
73493 4.903992e+03
73572 4.903992e+03
73722 4.903992e+03
73772 4.903992e+03
73818 4.903992e+03
74719 4.903992e+03
74812 4.903992e+03
160720 4.866296e+03
160882 4.748445e+03
161059 4.592665e+03
161135 4.554555e+03
161173 4.457799e+03
161197 4.314030e+03
161311 4.113961e+03
161451 4.076927e+03
161460 3.829788e+03
161562 3.724938e+03
161736 3.649161e+03
161852 3.639245e+03
161908 3.582534e+03
161966 3.563539e+03
161975 3.490305e+03
161981 3.473630e+03
162030 3.339741e+03
162129 3.242528e+03
162225 3.179551e+03
162402 3.155382e+03
162439 3.126771e+03
162578 3.112001e+03
162679 3.084571e+03
162759 3.075570e+03
162784 3.067289e+03
162791 3.045696e+03
162829 2.998443e+03
162839 2.998301e+03
162899 2.970943e+03
162971 2.947316e+03
163093 2.928875e+03
163176 2.921796e+03
163189 2.916971e+03
163198 2.910316e+03
163298 2.906217e+03
163440 2.896285e+03
163476 2.890274e+03
163491 2.886155e+03
163593 2.873686e+03
163665 2.870454e+03
163707 2.867791e+03
163750 2.865413e+03
163842 2.864594e+03
163896 2.859713e+03
163904 2.852979e+03
164136 2.852819e+03
164337 2.844082e+03
164525 2.841132e+03
164531 2.835866e+03
164784 2.827850e+03
165119 2.825004e+03
165339 2.823479e+03
165350 2.818934e+03
165486 2.816048e+03
165568 2.807749e+03
166939 2.803276e+03
167595 2.802565e+03
167664 2.799135e+03
168048 2.798016e+03
168464 2.797905e+03
168562 2.797479e+03
168778 2.796339e+03
168827 2.795629e+03
169025 2.794766e+03
169487 2.793305e+03
169605 2.793098e+03
169700 2.793026e+03
169927 2.791608e+03
170064 2.791437e+03
170111 2.789961e+03
170303 2.789956e+03
170760 2.789593e+03
170930 2.789309e+03
170958 2.789210e+03
171145 2.788095e+03
171268 2.787195e+03
173266 2.786942e+03
173754 2.786925e+03
173891 2.786811e+03
173928 2.786485e+03
174201 2.786467e+03
174573 2.786296e+03
174610 2.786136e+03
174792 2.786130e+03
174988 2.786069e+03
175123 2.785838e+03
175952 2.785800e+03
176160 2.785741e+03
176526 2.785716e+03
176573 2.785701e+03
176642 2.785667e+03
176650 2.785606e+03
176951 2.785455e+03
177086 2.785372e+03
177148 2.785246e+03
177820 2.785170e+03
178108 2.785158e+03
178411 2.785141e+03
179227 2.785107e+03
179271 2.784940e+03
179422 2.784905e+03
179719 2.784837e+03
179818 2.784810e+03
180392 2.784587e+03
180439 2.784427e+03
180687 2.784288e+03
181191 2.784282e+03
181482 2.784229e+03
181499 2.784178e+03
181703 2.784006e+03
181917 2.783994e+03
181975 2.783958e+03
182277 2.783944e+03
182360 2.783919e+03
182684 2.783902e+03
182812 2.783842e+03
182836 2.783776e+03
183602 2.783751e+03
184692 2.783740e+03
184735 2.783724e+03
185394 2.783718e+03
185406 2.783661e+03
186040 2.783652e+03
186291 2.783634e+03
186333 2.783623e+03
186809 2.783579e+03
187056 2.783577e+03
187081 2.783569e+03
187158 2.783563e+03
187430 2.783521e+03
187549 2.783514e+03
187885 2.783504e+03
188095 2.783501e+03
188381 2.783483e+03
188567 2.783477e+03
188671 2.783470e+03
188942 2.783461e+03
189124 2.783455e+03
189218 2.783446e+03
189361 2.783421e+03
189578 2.783401e+03
189864 2.783398e+03
190563 2.783396e+03
190867 2.783376e+03
191256 2.783375e+03
191308 2.783371e+03
191324 2.783370e+03
191495 2.783336e+03
191537 2.783332e+03
191937 2.783304e+03
193200 2.783297e+03
193377 2.783296e+03
193432 2.783294e+03
193995 2.783289e+03
194073 2.783261e+03
194176 2.783259e+03
194878 2.783249e+03
194898 2.783242e+03
195203 2.783233e+03
195315 2.783233e+03
195375 2.783218e+03
196084 2.783207e+03
196115 2.783203e+03
197006 2.783200e+03
197050 2.783198e+03
197132 2.783193e+03
198054 2.783186e+03
198267 2.783186e+03
198306 2.783180e+03
198379 2.783179e+03
198413 2.783179e+03
198943 2.783178e+03
199042 2.783176e+03
199351 2.783171e+03
199820 2.783169e+03
199897 2.783168e+03
200084 2.783166e+03
200248 2.783165e+03
200408 2.783164e+03
200460 2.783164e+03
200477 2.783162e+03
200512 2.783162e+03
200547 2.783159e+03
200551 2.783157e+03
200684 2.783157e+03
200769 2.783155e+03
200841 2.783152e+03
201060 2.783152e+03
201186 2.783148e+03
201570 2.783147e+03
201573 2.783147e+03
201592 2.783141e+03
201774 2.783139e+03
201811 2.783135e+03
202312 2.783133e+03
202540 2.783132e+03
202557 2.783130e+03
202970 2.783129e+03
203002 2.783129e+03
203306 2.783128e+03
203311 2.783127e+03
203388 2.783127e+03
203440 2.783126e+03
203445 2.783124e+03
203479 2.783123e+03
203541 2.783122e+03
204099 2.783120e+03
204291 2.783118e+03
204684 2.783116e+03
204904 2.783115e+03
205316 2.783115e+03
205507 2.783111e+03
205744 2.783111e+03
205804 2.783110e+03
206295 2.783109e+03
206482 2.783108e+03
206610 2.783108e+03
206635 2.783107e+03
206681 2.783105e+03
206749 2.783104e+03
207286 2.783104e+03
207313 2.783101e+03
207414 2.783101e+03
207553 2.783101e+03
207835 2.783100e+03
208012 2.783097e+03
208231 2.783096e+03
209294 2.783095e+03
209772 2.783094e+03
210222 2.783092e+03
211286 2.783092e+03
212016 2.783092e+03
212047 2.783091e+03
212187 2.783091e+03
212445 2.783091e+03
212667 2.783091e+03
212945 2.783091e+03
212993 2.783090e+03
213492 2.783089e+03
213685 2.783089e+03
213687 2.783089e+03
213830 2.783089e+03
214459 2.783089e+03
214498 2.783089e+03
215035 2.783088e+03
215533 2.783088e+03
215602 2.783087e+03
215762 2.783087e+03
215868 2.783087e+03
216547 2.783087e+03
216838 2.783086e+03
217411 2.783086e+03
217433 2.783086e+03
217445 2.783086e+03
217517 2.783086e+03
217976 2.783085e+03
218519 2.783085e+03
218714 2.783085e+03
218925 2.783085e+03
219169 2.783085e+03
219261 2.783084e+03
219774 2.783084e+03
220075 2.783084e+03
220439 2.783084e+03
220671 2.783084e+03
221718 2.783084e+03
221759 2.783083e+03
221765 2.783083e+03
221837 2.783083e+03
221893 2.783083e+03
222122 2.783083e+03
222377 2.783083e+03
222547 2.783083e+03
222623 2.783083e+03
222637 2.783083e+03
223071 2.783083e+03
223242 2.783083e+03
223270 2.783082e+03
223445 2.783082e+03
223557 2.783082e+03
223663 2.783082e+03
224101 2.783082e+03
224600 2.783082e+03
224709 2.783082e+03
224996 2.783082e+03
225160 2.783082e+03
225750 2.783082e+03
225850 2.783082e+03
226110 2.783082e+03
226247 2.783082e+03
226280 2.783081e+03
226323 2.783081e+03
226405 2.783081e+03
226767 2.783081e+03
227158 2.783081e+03
227252 2.783081e+03
227812 2.783081e+03
227944 2.783081e+03
228122 2.783081e+03
228385 2.783081e+03
228413 2.783081e+03
228548 2.783081e+03
228680 2.783081e+03
228684 2.783081e+03
229020 2.783081e+03
229068 2.783081e+03
229094 2.783081e+03
229917 2.783081e+03
230125 2.783081e+03
230422 2.783081e+03
230512 2.783081e+03
230597 2.783081e+03
231118 2.783081e+03
231367 2.783081e+03
231472 2.783081e+03
231584 2.783081e+03
231754 2.783081e+03
231850 2.783081e+03
231963 2.783081e+03
232260 2.783081e+03
232410 2.783081e+03
233241 2.783081e+03
233544 2.783081e+03
233974 2.783081e+03
234001 2.783081e+03
234854 2.783081e+03
234930 2.783080e+03
235873 2.783080e+03
235969 2.783080e+03
236376 2.783080e+03
236714 2.783080e+03
236938 2.783080e+03
237173 2.783080e+03
237252 2.783080e+03
237477 2.783080e+03
237499 2.783080e+03
237800 2.783080e+03
237905 2.783080e+03
237950 2.783080e+03
238110 2.783080e+03
238442 2.783080e+03
238651 2.783080e+03
239074 2.783080e+03
239161 2.783080e+03
239255 2.783080e+03
239734 2.783080e+03
239848 2.783080e+03
239996 2.783080e+03
240118 2.783080e+03
240412 2.783080e+03
240613 2.783080e+03
241158 2.783080e+03
241219 2.783080e+03
241253 2.783080e+03
241394 2.783080e+03
241454 2.783080e+03
241587 2.783080e+03
242528 2.783080e+03
242882 2.783080e+03
243372 2.783080e+03
243594 2.783080e+03
243910 2.783080e+03
244021 2.783080e+03
244282 2.783080e+03
244412 2.783080e+03
244587 2.783080e+03
244680 2.783080e+03
244879 2.783080e+03
244959 2.783080e+03
245151 2.783080e+03
245267 2.783080e+03
245285 2.783080e+03
245641 2.783080e+03
245667 2.783080e+03
246021 2.783080e+03
246147 2.783080e+03
246568 2.783080e+03
246900 2.783080e+03
247226 2.783080e+03
247306 2.783080e+03
247362 2.783080e+03
247439 2.783080e+03
247536 2.783080e+03
247728 2.783080e+03
247736 2.783080e+03
248272 2.783080e+03
248645 2.783080e+03
248965 2.783080e+03
249012 2.783080e+03
249220 2.783080e+03
249627 2.783080e+03
249809 2.783080e+03
250108 2.783080e+03
250633 2.783080e+03
250673 2.783080e+03
250705 2.783080e+03
250714 2.783080e+03
250738 2.783080e+03
250829 2.783080e+03
250980 2.783080e+03
251280 2.783080e+03
251425 2.783080e+03
251454 2.783080e+03
251578 2.783080e+03
251629 2.783080e+03
252082 2.783080e+03
252373 2.783080e+03
252431 2.783080e+03
252489 2.783080e+03
252497 2.783080e+03
252519 2.783080e+03
252541 2.783080e+03
252680 2.783080e+03
252682 2.783080e+03
252791 2.783080e+03
253043 2.783080e+03
253161 2.783080e+03
253177 2.783080e+03
253601 2.783080e+03
253938 2.783080e+03
253991 2.783080e+03
254072 2.783080e+03
254124 2.783080e+03
254145 2.783080e+03
254428 2.783080e+03
254432 2.783080e+03
254483 2.783080e+03
255039 2.783080e+03
255174 2.783080e+03
255919 2.783080e+03
257082 2.783080e+03
257561 2.783080e+03
257568 2.783080e+03
257623 2.783080e+03
257775 2.783080e+03
257815 2.783080e+03
257909 2.783080e+03
257947 2.783080e+03
258051 2.783080e+03
258131 2.783080e+03
258374 2.783080e+03
258711 2.783080e+03
258810 2.783080e+03
258933 2.783080e+03
259092 2.783080e+03
259630 2.783080e+03
259725 2.783080e+03
259769 2.783080e+03
259782 2.783080e+03
260068 2.783080e+03
260182 2.783080e+03
260420 2.783080e+03
260445 2.783080e+03
260624 2.783080e+03
260826 2.783080e+03
260878 2.783080e+03
260882 2.783080e+03
260930 2.783080e+03
261041 2.783080e+03
261055 2.783080e+03
261335 2.783080e+03
261456 2.783080e+03
261534 2.783080e+03
261549 2.783080e+03
261710 2.783080e+03
261727 2.783080e+03
261769 2.783080e+03
261849 2.783080e+03
261879 2.783080e+03
262162 2.783080e+03
263064 2.783080e+03
263285 2.783080e+03
263326 2.783080e+03
263351 2.783080e+03
263368 2.783080e+03
263448 2.783080e+03
263482 2.783080e+03
263567 2.783080e+03
263651 2.783080e+03
263725 2.783080e+03
263726 2.783080e+03
264122 2.783080e+03
264330 2.783080e+03
264387 2.783080e+03
264602 2.783080e+03
264839 2.783080e+03
264894 2.783080e+03
265315 2.783080e+03
265367 2.783080e+03
265628 2.783080e+03
265826 2.783080e+03
266168 2.783080e+03
266402 2.783080e+03
266508 2.783080e+03
266767 2.783080e+03
266953 2.783080e+03
266992 2.783080e+03
267201 2.783080e+03
267264 2.783080e+03
267398 2.783080e+03
267551 2.783080e+03
267715 2.783080e+03
267724 2.783080e+03
267947 2.783080e+03
268052 2.783080e+03
269021 2.783080e+03
269142 2.783080e+03
269389 2.783080e+03
269489 2.783080e+03
269562 2.783080e+03
269619 2.783080e+03
269662 2.783080e+03
269822 2.783080e+03
269831 2.783080e+03
269873 2.783080e+03
269956 2.783080e+03
269996 2.783080e+03
270187 2.783080e+03
270269 2.783080e+03
270405 2.783080e+03
270541 2.783080e+03
270666 2.783080e+03
270806 2.783080e+03
270916 2.783080e+03
271052 2.783080e+03
271109 2.783080e+03
271250 2.783080e+03
271323 2.783080e+03
271370 2.783080e+03
271727 2.783080e+03
271790 2.783080e+03
271900 2.783080e+03
272220 2.783080e+03
272513 2.783080e+03
272614 2.783080e+03
272869 2.783080e+03
272900 2.783080e+03
273066 2.783080e+03
273110 2.783080e+03
273168 2.783080e+03
273409 2.783080e+03
273595 2.783080e+03
273891 2.783080e+03
274345 2.783080e+03
274350 2.783080e+03
274474 2.783080e+03
274523 2.783080e+03
274550 2.783080e+03
274571 2.783080e+03
275025 2.783080e+03
275188 2.783080e+03
275674 2.783080e+03
275687 2.783080e+03
275689 2.783080e+03
275907 2.783080e+03
276188 2.783080e+03
276282 2.783080e+03
276444 2.783080e+03
276735 2.783080e+03
277041 2.783080e+03
277079 2.783080e+03
277240 2.783080e+03
277241 2.783080e+03
277669 2.783080e+03
277683 2.783080e+03
277937 2.783080e+03
278762 2.783080e+03
278998 2.783080e+03
279183 2.783080e+03
280295 2.783080e+03
280501 2.783080e+03
280627 2.783080e+03
280775 2.783080e+03
281300 2.783080e+03
281396 2.783080e+03
281404 2.783080e+03
281426 2.783080e+03
281528 2.783080e+03
281552 2.783080e+03
281862 2.783080e+03
282080 2.783080e+03
282383 2.783080e+03
282644 2.783080e+03
282768 2.783080e+03
282802 2.783080e+03
282821 2.783080e+03
282946 2.783080e+03
283336 2.783080e+03
283559 2.783080e+03
283779 2.783080e+03
283829 2.783080e+03
283850 2.783080e+03
284044 2.783080e+03
284261 2.783080e+03
284601 2.783080e+03
284605 2.783080e+03
284715 2.783080e+03
284775 2.783080e+03
284783 2.783080e+03
284918 2.783080e+03
285063 2.783080e+03
286037 2.783080e+03
286094 2.783080e+03
286486 2.783080e+03
286495 2.783080e+03
286609 2.783080e+03
286676 2.783080e+03
286796 2.783080e+03
287139 2.783080e+03
287290 2.783080e+03
287308 2.783080e+03
287665 2.783080e+03
287729 2.783080e+03
287787 2.783080e+03
287804 2.783080e+03
287871 2.783080e+03
288104 2.783080e+03
288149 2.783080e+03
288549 2.783080e+03
288620 2.783080e+03
288887 2.783080e+03
289392 2.783080e+03
289735 2.783080e+03
289751 2.783080e+03
290040 2.783080e+03
290041 2.783080e+03
290130 2.783080e+03
290367 2.783080e+03
290531 2.783080e+03
290866 2.783080e+03
291265 2.783080e+03
291570 2.783080e+03
291719 2.783080e+03
291977 2.783080e+03
291986 2.783080e+03
292301 2.783080e+03
292482 2.783080e+03
292494 2.783080e+03
292655 2.783080e+03
292904 2.783080e+03
293205 2.783080e+03
293289 2.783080e+03
293475 2.783080e+03
293804 2.783080e+03
293982 2.783080e+03
294090 2.783080e+03
294135 2.783080e+03
294675 2.783080e+03
294855 2.783080e+03
294996 2.783080e+03
295023 2.783080e+03
295024 2.783080e+03
295072 2.783080e+03
295344 2.783080e+03
295503 2.783080e+03
295599 2.783080e+03
295735 2.783080e+03
296087 2.783080e+03
296237 2.783080e+03
296380 2.783080e+03
296784 2.783080e+03
296939 2.783080e+03
296989 2.783080e+03
297055 2.783080e+03
297138 2.783080e+03
297729 2.783080e+03
298617 2.783080e+03
298635 2.783080e+03
299241 2.783080e+03
299533 2.783080e+03
300031 2.783080e+03
300169 2.783080e+03
300271 2.783080e+03
300354 2.783080e+03
300363 2.783080e+03
300554 2.783080e+03
301011 2.783080e+03
301024 2.783080e+03
301409 2.783080e+03
301672 2.783080e+03
301743 2.783080e+03
301834 2.783080e+03
301926 2.783080e+03
302291 2.783080e+03
302372 2.783080e+03
302373 2.783080e+03
302449 2.783080e+03
302515 2.783080e+03
302796 2.783080e+03
302933 2.783080e+03
303070 2.783080e+03
303072 2.783080e+03
303173 2.783080e+03
303308 2.783080e+03
303353 2.783080e+03
303412 2.783080e+03
303565 2.783080e+03
303820 2.783080e+03
303905 2.783080e+03
303940 2.783080e+03
304099 2.783080e+03
304347 2.783080e+03
304388 2.783080e+03
304569 2.783080e+03
304599 2.783080e+03
304675 2.783080e+03
304678 2.783080e+03
304875 2.783080e+03
304906 2.783080e+03
304910 2.783080e+03
304983 2.783080e+03
305293 2.783080e+03
305481 2.783080e+03
305534 2.783080e+03
305732 2.783080e+03
306110 2.783080e+03
306319 2.783080e+03
306400 2.783080e+03
306536 2.783080e+03
306901 2.783080e+03
307269 2.783080e+03
307442 2.783080e+03
307556 2.783080e+03
307868 2.783080e+03
308033 2.783080e+03
308094 2.783080e+03
308442 2.783080e+03
308949 2.783080e+03
308965 2.783080e+03
309076 2.783080e+03
309170 2.783080e+03
309451 2.783080e+03
309710 2.783080e+03
309861 2.783080e+03
309864 2.783080e+03
310670 2.783080e+03
310786 2.783080e+03
310789 2.783080e+03
311235 2.783080e+03
311261 2.783080e+03
311526 2.783080e+03
311690 2.783080e+03
311774 2.783080e+03
311811 2.783080e+03
311930 2.783080e+03
311995 2.783080e+03
312069 2.783080e+03
312146 2.783080e+03
312294 2.783080e+03
312305 2.783080e+03
313702 2.783080e+03
313907 2.783080e+03
314538 2.783080e+03
314675 2.783080e+03
314723 2.783080e+03
315031 2.783080e+03
315178 2.783080e+03
315352 2.783080e+03
315479 2.783080e+03
316248 2.783080e+03
316502 2.783080e+03
317037 2.783080e+03
317418 2.783080e+03
317547 2.783080e+03
317818 2.783080e+03
318020 2.783080e+03
318321 2.783080e+03
318541 2.783080e+03
318829 2.783080e+03
319184 2.783080e+03
319308 2.783080e+03
319891 2.783080e+03
319949 2.783080e+03
320117 2.783080e+03
320141 2.783080e+03
320161 2.783080e+03
320956 2.783080e+03
320968 2.783080e+03
321019 2.783080e+03
321160 2.783080e+03
321164 2.783080e+03
321320 2.783080e+03
321468 2.783080e+03
321577 2.783080e+03
321602 2.783080e+03
321740 2.783080e+03
321887 2.783080e+03
321920 2.783080e+03
322041 2.783080e+03
322082 2.783080e+03
322214 2.783080e+03
322622 2.783080e+03
322862 2.783080e+03
323062 2.783080e+03
323244 2.783080e+03
323367 2.783080e+03
323668 2.783080e+03
323781 2.783080e+03
323928 2.783080e+03
324213 2.783080e+03
324667 2.783080e+03
324670 2.783080e+03
324792 2.783080e+03
324907 2.783080e+03
325087 2.783080e+03
325593 2.783080e+03
325642 2.783080e+03
325928 2.783080e+03
326110 2.783080e+03
326385 2.783080e+03
326636 2.783080e+03
326956 2.783080e+03
326996 2.783080e+03
327285 2.783080e+03
327438 2.783080e+03
327465 2.783080e+03
328164 2.783080e+03
328316 2.783080e+03
328500 2.783080e+03
328576 2.783080e+03
328630 2.783080e+03
328798 2.783080e+03
329110 2.783080e+03
329264 2.783080e+03
329543 2.783080e+03
329737 2.783080e+03
330464 2.783080e+03
330469 2.783080e+03
330839 2.783080e+03
330898 2.783080e+03
330923 2.783080e+03
330985 2.783080e+03
331095 2.783080e+03
331177 2.783080e+03
331266 2.783080e+03
331299 2.783080e+03
331360 2.783080e+03
331544 2.783080e+03
331669 2.783080e+03
331850 2.783080e+03
332100 2.783080e+03
332157 2.783080e+03
332639 2.783080e+03
332663 2.783080e+03
332945 2.783080e+03
333228 2.783080e+03
333316 2.783080e+03
333354 2.783080e+03
333466 2.783080e+03
333485 2.783080e+03
333934 2.783080e+03
334001 2.783080e+03
334538 2.783080e+03
334739 2.783080e+03
334789 2.783080e+03
335160 2.783080e+03
335452 2.783080e+03
335705 2.783080e+03
336372 2.783080e+03
337202 2.783080e+03
337629 2.783080e+03
337673 2.783080e+03
337690 2.783080e+03
337754 2.783080e+03
337852 2.783080e+03
337854 2.783080e+03
338257 2.783080e+03
338341 2.783080e+03
338565 2.783080e+03
338591 2.783080e+03
338866 2.783080e+03
339327 2.783080e+03
339386 2.783080e+03
339674 2.783080e+03
339710 2.783080e+03
340078 2.783080e+03
340102 2.783080e+03
340458 2.783080e+03
340712 2.783080e+03
341221 2.783080e+03
341824 2.783080e+03
342017 2.783080e+03
342214 2.783080e+03
342351 2.783080e+03
342398 2.783080e+03
342613 2.783080e+03
342708 2.783080e+03
342956 2.783080e+03
343240 2.783080e+03
343316 2.783080e+03
344409 2.783080e+03
344514 2.783080e+03
345543 2.783080e+03
345609 2.783080e+03
345639 2.783080e+03
345782 2.783080e+03
346148 2.783080e+03
346153 2.783080e+03
346357 2.783080e+03
346389 2.783080e+03
346462 2.783080e+03
346484 2.783080e+03
346628 2.783080e+03
347019 2.783080e+03
347257 2.783080e+03
347399 2.783080e+03
347604 2.783080e+03
390318 2.596424e+03
390555 2.505851e+03
390570 2.453901e+03
390614 2.256585e+03
390719 2.229355e+03
390807 2.136297e+03
390857 2.040605e+03
390981 1.990883e+03
391262 1.887450e+03
391269 1.852296e+03
391483 1.781542e+03
391528 1.672005e+03
391881 1.565614e+03
391984 1.537769e+03
392068 1.471024e+03
392287 1.467078e+03
392344 1.463126e+03
392351 1.341119e+03
392491 1.312572e+03
392610 1.304691e+03
392723 1.256147e+03
392815 1.240401e+03
392915 1.229639e+03
393012 1.200513e+03
393110 1.160642e+03
393380 1.154512e+03
393633 1.129976e+03
393789 1.125662e+03
393831 1.120417e+03
393970 1.107338e+03
394201 1.098799e+03
394253 1.059757e+03
394594 1.052680e+03
394774 1.052016e+03
394883 1.044713e+03
394896 1.036779e+03
394974 1.034427e+03
395104 1.024237e+03
395253 1.021787e+03
395287 1.016472e+03
395434 1.015565e+03
395539 1.012624e+03
395613 9.996462e+02
396075 9.930502e+02
396542 9.892773e+02
396758 9.880719e+02
396796 9.876255e+02
397275 9.859531e+02
397289 9.858629e+02
397380 9.836281e+02
397391 9.791822e+02
397646 9.784199e+02
397768 9.766683e+02
397853 9.739980e+02
398414 9.727676e+02
398493 9.722145e+02
398576 9.711702e+02
398867 9.707964e+02
398920 9.690039e+02
399071 9.683451e+02
399494 9.679737e+02
399581 9.677695e+02
399613 9.676354e+02
399809 9.673212e+02
399948 9.666458e+02
400065 9.652595e+02
400174 9.652480e+02
400320 9.650649e+02
400604 9.641692e+02
400760 9.640377e+02
401090 9.637587e+02
401225 9.636787e+02
401238 9.636068e+02
401409 9.635088e+02
401809 9.633981e+02
401928 9.633847e+02
401937 9.633353e+02
401942 9.632836e+02
402029 9.631908e+02
402031 9.631886e+02
402033 9.630731e+02
402040 9.630066e+02
402184 9.629593e+02
402232 9.628457e+02
402289 9.628083e+02
402330 9.627847e+02
402354 9.626403e+02
402629 9.625078e+02
402631 9.625001e+02
402723 9.624926e+02
402828 9.624613e+02
402944 9.624542e+02
402991 9.624378e+02
403055 9.624126e+02
403072 9.623193e+02
403554 9.622945e+02
403802 9.622708e+02
404057 9.622680e+02
404060 9.622589e+02
404149 9.622493e+02
404154 9.622304e+02
404241 9.622287e+02
404287 9.622052e+02
404321 9.621708e+02
404366 9.621613e+02
404424 9.621373e+02
404442 9.621231e+02
404592 9.620820e+02
404844 9.620729e+02
404967 9.620580e+02
405218 9.620398e+02
405250 9.620397e+02
405378 9.620382e+02
405692 9.620244e+02
405970 9.620063e+02
406020 9.620049e+02
406248 9.620037e+02
406299 9.619953e+02
406486 9.619912e+02
406593 9.619865e+02
406810 9.619842e+02
406944 9.619836e+02
406961 9.619834e+02
407011 9.619824e+02
407100 9.619802e+02
407240 9.619802e+02
407249 9.619794e+02
407341 9.619780e+02
407364 9.619769e+02
407477 9.619739e+02
407652 9.619651e+02
408435 9.619636e+02
408536 9.619624e+02
408673 9.619623e+02
408878 9.619615e+02
408964 9.619599e+02
409078 9.619590e+02
409125 9.619566e+02
409361 9.619564e+02
409460 9.619564e+02
409484 9.619556e+02
409512 9.619553e+02
409519 9.619548e+02
409774 9.619545e+02
409866 9.619545e+02
409986 9.619530e+02
410547 9.619528e+02
410621 9.619525e+02
410676 9.619515e+02
411326 9.619510e+02
411539 9.619509e+02
411601 9.619508e+02
411714 9.619506e+02
411955 9.619504e+02
412167 9.619503e+02
412228 9.619502e+02
412357 9.619502e+02
412402 9.619502e+02
412419 9.619501e+02
412547 9.619500e+02
412605 9.619500e+02
412741 9.619499e+02
412796 9.619499e+02
412846 9.619498e+02
412875 9.619498e+02
412938 9.619497e+02
413130 9.619496e+02
413634 9.619495e+02
413653 9.619495e+02
413725 9.619495e+02
413984 9.619495e+02
414200 9.619494e+02
414212 9.619494e+02
414225 9.619494e+02
414346 9.619494e+02
414420 9.619494e+02
414470 9.619493e+02
414638 9.619493e+02
414657 9.619493e+02
414675 9.619493e+02
414834 9.619493e+02
414955 9.619493e+02
414996 9.619492e+02
415069 9.619492e+02
415103 9.619492e+02
415146 9.619492e+02
415172 9.619492e+02
415274 9.619492e+02
415326 9.619492e+02
415353 9.619492e+02
415795 9.619492e+02
415814 9.619492e+02
415855 9.619492e+02
416296 9.619492e+02
416305 9.619492e+02
416368 9.619492e+02
416583 9.619492e+02
416826 9.619491e+02
417378 9.619491e+02
417529 9.619491e+02
417606 9.619491e+02
417638 9.619491e+02
417679 9.619491e+02
417755 9.619491e+02
417767 9.619491e+02
417877 9.619491e+02
418068 9.619491e+02
418078 9.619491e+02
418187 9.619491e+02
418379 9.619491e+02
418653 9.619491e+02
418695 9.619491e+02
418696 9.619491e+02
419118 9.619491e+02
419153 9.619491e+02
419166 9.619491e+02
419332 9.619491e+02
419416 9.619491e+02
420026 9.619491e+02
420078 9.619491e+02
420095 9.619491e+02
420096 9.619491e+02
420258 9.619491e+02
420293 9.619491e+02
420326 9.619491e+02
420429 9.619491e+02
420512 9.619491e+02
420572 9.619491e+02
420626 9.619491e+02
420627 9.619491e+02
420705 9.619491e+02
420708 9.619491e+02
420711 9.619491e+02
420838 9.619491e+02
420990 9.619491e+02
421125 9.619491e+02
421309 9.619491e+02
421329 9.619491e+02
421441 9.619491e+02
421479 9.619491e+02
421537 9.619491e+02
421661 9.619491e+02
421706 9.619491e+02
421910 9.619491e+02
421988 9.619491e+02
422019 9.619491e+02
422055 9.619491e+02
422143 9.619491e+02
422748 9.619491e+02
422825 9.619491e+02
422910 9.619491e+02
422942 9.619491e+02
423037 9.619491e+02
423118 9.619491e+02
423233 9.619491e+02
423493 9.619491e+02
423593 9.619491e+02
423747 9.619491e+02
423753 9.619491e+02
423916 9.619491e+02
423992 9.619491e+02
424116 9.619491e+02
424155 9.619491e+02
424254 9.619491e+02
424277 9.619491e+02
424425 9.619491e+02
424432 9.619491e+02
424605 9.619491e+02
425168 9.619491e+02
425221 9.619491e+02
425317 9.619491e+02
425394 9.619491e+02
425400 9.619491e+02
425456 9.619491e+02
425598 9.619491e+02
425731 9.619491e+02
425842 9.619491e+02
425946 9.619491e+02
426032 9.619491e+02
426098 9.619491e+02
426196 9.619491e+02
426233 9.619491e+02
426584 9.619491e+02
426896 9.619491e+02
426932 9.619491e+02
427068 9.619491e+02
427165 9.619491e+02
427183 9.619491e+02
427195 9.619491e+02
427367 9.619491e+02
427617 9.619491e+02
427680 9.619491e+02
427833 9.619491e+02
427842 9.619491e+02
427849 9.619491e+02
427870 9.619491e+02
427892 9.619491e+02
427988 9.619491e+02
428097 9.619491e+02
428256 9.619491e+02
428388 9.619491e+02
428498 9.619491e+02
428692 9.619491e+02
429164 9.619491e+02
429285 9.619491e+02
429323 9.619491e+02
429334 9.619491e+02
429380 9.619491e+02
429500 9.619491e+02
429503 9.619491e+02
429646 9.619491e+02
429880 9.619491e+02
429919 9.619491e+02
430146 9.619491e+02
430509 9.619491e+02
430569 9.619491e+02
430582 9.619491e+02
430590 9.619491e+02
430741 9.619491e+02
430752 9.619491e+02
431112 9.619491e+02
431253 9.619491e+02
431535 9.619491e+02
431562 9.619491e+02
431574 9.619491e+02
431589 9.619491e+02
431594 9.619491e+02
431678 9.619491e+02
431686 9.619491e+02
431769 9.619491e+02
431834 9.619491e+02
431872 9.619491e+02
431970 9.619491e+02
432411 9.619491e+02
432483 9.619491e+02
432604 9.619491e+02
432663 9.619491e+02
432790 9.619491e+02
432808 9.619491e+02
432839 9.619491e+02
432907 9.619491e+02
432916 9.619491e+02
432931 9.619491e+02
432937 9.619491e+02
432993 9.619491e+02
433139 9.619491e+02
433140 9.619491e+02
433174 9.619491e+02
433178 9.619491e+02
433301 9.619491e+02
433843 9.619491e+02
433914 9.619491e+02
433916 9.619491e+02
