1 2.276770e+03
4 2.098392e+03
5 1.541926e+03
8 2.968453e+02
114 2.402206e+02
15057 2.105100e+02
15062 2.095102e+02
15063 2.095102e+02
15066 2.095102e+02
15069 2.095102e+02
15072 2.095102e+02
15075 2.095102e+02
15078 2.095102e+02
15081 2.095102e+02
15084 2.095102e+02
15087 2.095102e+02
15090 2.095102e+02
15092 2.048337e+02
15154 2.014374e+02
15169 2.014138e+02
15172 2.013370e+02
15173 2.013370e+02
15176 2.013370e+02
15179 2.013370e+02
15182 2.013370e+02
15185 2.013370e+02
15188 2.013370e+02
15191 2.013370e+02
15194 2.013370e+02
15197 2.013370e+02
15200 2.013370e+02
15203 2.013370e+02
15206 2.013370e+02
15209 2.013370e+02
15212 2.013370e+02
15215 2.013370e+02
15218 2.013370e+02
15221 2.013370e+02
15224 2.013370e+02
15227 2.013370e+02
15230 2.013370e+02
15233 2.013370e+02
15236 2.013370e+02
15239 2.013370e+02
15240 2.012783e+02
15241 2.012783e+02
15244 2.012783e+02
15247 2.012783e+02
15250 2.012783e+02
15253 2.012783e+02
15256 2.012783e+02
15259 2.012783e+02
15262 2.012783e+02
15263 2.012744e+02
15268 2.011540e+02
15269 2.011540e+02
15272 2.011540e+02
15275 2.011540e+02
15278 2.011540e+02
15280 2.011479e+02
15288 2.010532e+02
15298 2.010532e+02
15301 2.010532e+02
15304 2.010532e+02
15307 2.010532e+02
15310 2.010532e+02
15313 2.010532e+02
15316 2.010532e+02
15319 2.010532e+02
15322 2.010532e+02
15325 2.010532e+02
15328 2.010532e+02
15331 2.010532e+02
15334 2.010532e+02
15337 2.010532e+02
15340 2.010532e+02
15343 2.010532e+02
15346 2.010532e+02
15349 2.010532e+02
15352 2.010532e+02
15355 2.010532e+02
15358 2.010532e+02
15361 2.010532e+02
15364 2.010532e+02
15367 2.010532e+02
15369 2.009844e+02
15370 2.009844e+02
15373 2.009844e+02
15376 2.009844e+02
15379 2.009844e+02
15382 2.009844e+02
15385 2.009844e+02
15388 2.009844e+02
15391 2.009844e+02
15394 2.009844e+02
15397 2.009844e+02
15400 2.009844e+02
15403 2.009844e+02
15406 2.009844e+02
15409 2.009844e+02
15412 2.009844e+02
15415 2.009844e+02
15418 2.009844e+02
15421 2.009844e+02
15424 2.009844e+02
15458 2.008836e+02
15476 2.008453e+02
15477 2.008453e+02
15480 2.008453e+02
15483 2.008453e+02
15486 2.008453e+02
15487 2.008382e+02
15505 2.007856e+02
15506 2.007856e+02
15508 2.007830e+02
15576 2.007753e+02
15584 2.007736e+02
15586 2.006695e+02
15707 2.006695e+02
15710 2.006695e+02
15713 2.006695e+02
15716 2.006695e+02
15719 2.006695e+02
15722 2.006695e+02
15725 2.006695e+02
15728 2.006695e+02
15731 2.006695e+02
15734 2.006695e+02
15737 2.006695e+02
15740 2.006695e+02
15743 2.006695e+02
15745 2.006672e+02
15746 2.006672e+02
15749 2.006672e+02
15752 2.006672e+02
15755 2.006672e+02
15758 2.006672e+02
15761 2.006672e+02
15762 2.006584e+02
15763 2.006584e+02
15766 2.006584e+02
15769 2.006584e+02
15771 2.005990e+02
15772 2.005990e+02
15775 2.005990e+02
15778 2.005990e+02
15781 2.005990e+02
15783 2.005833e+02
15801 2.005819e+02
15807 2.005729e+02
15808 2.005729e+02
15811 2.005729e+02
15814 2.005729e+02
15817 2.005729e+02
15820 2.005729e+02
15823 2.005729e+02
15826 2.005729e+02
15829 2.005729e+02
15832 2.005729e+02
15835 2.005729e+02
15838 2.005729e+02
15841 2.005729e+02
15844 2.005729e+02
15847 2.005729e+02
15850 2.005729e+02
15853 2.005729e+02
15856 2.005729e+02
15859 2.005729e+02
15862 2.005729e+02
15865 2.005729e+02
15868 2.005729e+02
15871 2.005729e+02
15874 2.005729e+02
15877 2.005729e+02
15880 2.005729e+02
15881 2.005696e+02
15882 2.005696e+02
15883 2.005646e+02
15886 2.005631e+02
15887 2.005631e+02
15890 2.005631e+02
15893 2.005631e+02
15896 2.005631e+02
15899 2.005631e+02
15902 2.005631e+02
15905 2.005631e+02
15908 2.005631e+02
15911 2.005631e+02
15914 2.005631e+02
15917 2.005631e+02
15920 2.005631e+02
15923 2.005631e+02
15926 2.005631e+02
15929 2.005631e+02
15932 2.005631e+02
15935 2.005631e+02
15938 2.005631e+02
15941 2.005631e+02
15944 2.005631e+02
15947 2.005631e+02
15950 2.005631e+02
15953 2.005631e+02
15956 2.005631e+02
15959 2.005631e+02
15962 2.005631e+02
15965 2.005631e+02
15968 2.005631e+02
15971 2.005631e+02
15974 2.005631e+02
15977 2.005631e+02
15980 2.005631e+02
15983 2.005631e+02
15986 2.005631e+02
15989 2.005631e+02
15992 2.005631e+02
15995 2.005631e+02
15998 2.005631e+02
16001 2.005631e+02
16004 2.005631e+02
16007 2.005631e+02
16010 2.005631e+02
16013 2.005631e+02
16016 2.005631e+02
16019 2.005631e+02
16022 2.005631e+02
16025 2.005631e+02
16028 2.005631e+02
16031 2.005631e+02
16034 2.005631e+02
16037 2.005631e+02
16039 2.005475e+02
16040 2.005475e+02
16043 2.005475e+02
16046 2.005475e+02
16049 2.005475e+02
16052 2.005475e+02
16055 2.005475e+02
16058 2.005475e+02
16061 2.005475e+02
16064 2.005475e+02
16067 2.005475e+02
16070 2.005475e+02
16073 2.005475e+02
16076 2.005475e+02
16079 2.005475e+02
16082 2.005475e+02
16085 2.005475e+02
16088 2.005475e+02
16091 2.005475e+02
16094 2.005475e+02
16097 2.005475e+02
16100 2.005475e+02
16103 2.005475e+02
16106 2.005475e+02
16109 2.005475e+02
16112 2.005475e+02
16115 2.005475e+02
16117 2.005459e+02
16118 2.005459e+02
16121 2.005459e+02
16124 2.005459e+02
16127 2.005459e+02
16129 2.005423e+02
16149 2.005398e+02
16150 2.005398e+02
16153 2.005398e+02
16156 2.005398e+02
16158 2.005291e+02
16159 2.005291e+02
16162 2.005291e+02
16165 2.005291e+02
16168 2.005291e+02
16170 2.005287e+02
16428 2.005285e+02
16429 2.005285e+02
16432 2.005285e+02
16434 2.005285e+02
16437 2.005276e+02
16438 2.005276e+02
16439 2.005270e+02
16442 2.005249e+02
16445 2.005248e+02
16447 2.005239e+02
16449 2.005199e+02
16450 2.005199e+02
16453 2.005199e+02
16456 2.005199e+02
16459 2.005199e+02
16462 2.005199e+02
16464 2.005183e+02
16466 2.005183e+02
16469 2.005166e+02
16470 2.005166e+02
16472 2.005163e+02
16474 2.005152e+02
16476 2.005118e+02
16701 2.005117e+02
16715 2.005093e+02
16716 2.005093e+02
16719 2.005093e+02
16720 2.005069e+02
16740 2.005047e+02
16741 2.005047e+02
16742 2.005023e+02
16743 2.005023e+02
16745 2.005022e+02
16748 2.004987e+02
16749 2.004987e+02
16752 2.004987e+02
16755 2.004987e+02
16758 2.004987e+02
16761 2.004987e+02
16764 2.004987e+02
16767 2.004987e+02
16770 2.004987e+02
16773 2.004987e+02
16776 2.004987e+02
16779 2.004987e+02
16782 2.004987e+02
16785 2.004987e+02
16788 2.004987e+02
16791 2.004987e+02
16794 2.004987e+02
16797 2.004987e+02
16800 2.004987e+02
16803 2.004987e+02
16806 2.004987e+02
16809 2.004987e+02
16812 2.004987e+02
16815 2.004987e+02
16818 2.004987e+02
16821 2.004987e+02
16824 2.004987e+02
16827 2.004987e+02
16830 2.004987e+02
16833 2.004987e+02
16836 2.004987e+02
16839 2.004987e+02
16842 2.004987e+02
16845 2.004987e+02
16848 2.004987e+02
16851 2.004987e+02
16854 2.004987e+02
16857 2.004987e+02
16860 2.004987e+02
16863 2.004987e+02
16866 2.004987e+02
16869 2.004987e+02
16872 2.004987e+02
16875 2.004987e+02
16878 2.004987e+02
16881 2.004987e+02
16884 2.004987e+02
16887 2.004987e+02
16890 2.004987e+02
16893 2.004987e+02
16896 2.004987e+02
16899 2.004987e+02
16902 2.004987e+02
16905 2.004987e+02
16908 2.004987e+02
16911 2.004987e+02
16914 2.004987e+02
16917 2.004987e+02
16920 2.004987e+02
16923 2.004987e+02
16926 2.004987e+02
16929 2.004987e+02
16932 2.004987e+02
16935 2.004987e+02
16938 2.004987e+02
16941 2.004987e+02
16944 2.004987e+02
16947 2.004987e+02
16950 2.004987e+02
16953 2.004987e+02
16956 2.004987e+02
16959 2.004987e+02
16962 2.004987e+02
16965 2.004987e+02
16968 2.004987e+02
16971 2.004987e+02
16974 2.004987e+02
16977 2.004987e+02
16980 2.004987e+02
16983 2.004987e+02
16986 2.004987e+02
16988 2.004977e+02
16999 2.004975e+02
17017 2.004965e+02
17026 2.004964e+02
17037 2.004945e+02
17038 2.004945e+02
17039 2.004846e+02
17063 2.004836e+02
17064 2.004836e+02
17067 2.004836e+02
17070 2.004836e+02
17073 2.004836e+02
17076 2.004836e+02
17079 2.004836e+02
17082 2.004836e+02
17085 2.004836e+02
17088 2.004836e+02
17091 2.004836e+02
17094 2.004836e+02
17097 2.004836e+02
17100 2.004836e+02
17103 2.004836e+02
17106 2.004836e+02
17109 2.004836e+02
17112 2.004836e+02
17115 2.004836e+02
17118 2.004836e+02
17121 2.004836e+02
17124 2.004836e+02
17127 2.004836e+02
17130 2.004836e+02
17133 2.004836e+02
17136 2.004836e+02
17139 2.004836e+02
17142 2.004836e+02
17145 2.004836e+02
17148 2.004836e+02
17151 2.004836e+02
17154 2.004836e+02
17157 2.004836e+02
17160 2.004836e+02
17163 2.004836e+02
17166 2.004836e+02
17169 2.004836e+02
17172 2.004836e+02
17175 2.004836e+02
17178 2.004836e+02
17181 2.004836e+02
17184 2.004836e+02
17187 2.004836e+02
17190 2.004836e+02
17193 2.004836e+02
17196 2.004836e+02
17199 2.004836e+02
17202 2.004836e+02
17205 2.004836e+02
17208 2.004836e+02
17211 2.004836e+02
17214 2.004836e+02
17217 2.004836e+02
17220 2.004836e+02
17223 2.004836e+02
17226 2.004836e+02
17229 2.004836e+02
17232 2.004836e+02
17235 2.004836e+02
17238 2.004836e+02
17241 2.004836e+02
17244 2.004836e+02
17247 2.004836e+02
17250 2.004836e+02
17253 2.004836e+02
17255 2.004826e+02
17273 2.004809e+02
17274 2.004809e+02
17277 2.004809e+02
17280 2.004809e+02
17283 2.004809e+02
17285 2.004791e+02
17296 2.004791e+02
17314 2.004774e+02
17315 2.004774e+02
17318 2.004774e+02
17321 2.004774e+02
17324 2.004774e+02
17327 2.004774e+02
17330 2.004774e+02
17333 2.004774e+02
17336 2.004774e+02
17339 2.004774e+02
17342 2.004774e+02
17345 2.004774e+02
17348 2.004774e+02
17351 2.004774e+02
17354 2.004774e+02
17357 2.004774e+02
17360 2.004774e+02
17363 2.004774e+02
17366 2.004774e+02
17369 2.004774e+02
17372 2.004774e+02
17375 2.004774e+02
17378 2.004774e+02
17381 2.004774e+02
17384 2.004774e+02
17387 2.004774e+02
17390 2.004774e+02
17393 2.004774e+02
17396 2.004774e+02
17399 2.004774e+02
17402 2.004774e+02
17405 2.004774e+02
17408 2.004774e+02
17411 2.004774e+02
17414 2.004774e+02
17417 2.004774e+02
17420 2.004774e+02
17423 2.004774e+02
17426 2.004774e+02
17429 2.004774e+02
17432 2.004774e+02
17435 2.004774e+02
17438 2.004774e+02
17441 2.004774e+02
17444 2.004774e+02
17447 2.004774e+02
17450 2.004774e+02
17453 2.004774e+02
17456 2.004774e+02
17459 2.004774e+02
17462 2.004774e+02
17465 2.004774e+02
17468 2.004774e+02
17471 2.004774e+02
17474 2.004774e+02
17477 2.004774e+02
17480 2.004774e+02
17483 2.004774e+02
17486 2.004774e+02
17489 2.004774e+02
17492 2.004774e+02
17495 2.004774e+02
17498 2.004774e+02
17501 2.004774e+02
17504 2.004774e+02
17507 2.004774e+02
17510 2.004774e+02
17513 2.004774e+02
17516 2.004774e+02
17519 2.004774e+02
17522 2.004774e+02
17525 2.004774e+02
17528 2.004774e+02
17531 2.004774e+02
17534 2.004774e+02
17537 2.004774e+02
17540 2.004774e+02
17543 2.004774e+02
17546 2.004774e+02
17549 2.004774e+02
17552 2.004774e+02
17555 2.004774e+02
17558 2.004774e+02
17561 2.004774e+02
17564 2.004774e+02
17567 2.004774e+02
17570 2.004774e+02
17572 2.004760e+02
17573 2.004760e+02
17576 2.004760e+02
17579 2.004760e+02
17582 2.004760e+02
17585 2.004760e+02
17588 2.004760e+02
17591 2.004760e+02
17594 2.004760e+02
17596 2.004759e+02
17597 2.004759e+02
17600 2.004759e+02
17603 2.004759e+02
17604 2.004743e+02
17605 2.004743e+02
17606 2.004709e+02
17609 2.004702e+02
17612 2.004682e+02
17613 2.004682e+02
17616 2.004682e+02
17619 2.004682e+02
17622 2.004682e+02
17625 2.004682e+02
17628 2.004682e+02
17631 2.004682e+02
17634 2.004682e+02
17637 2.004682e+02
17640 2.004682e+02
17643 2.004682e+02
17646 2.004682e+02
17649 2.004682e+02
17652 2.004682e+02
17655 2.004682e+02
17658 2.004682e+02
17661 2.004682e+02
17664 2.004682e+02
17667 2.004682e+02
17670 2.004682e+02
17673 2.004682e+02
17676 2.004682e+02
17679 2.004682e+02
17682 2.004682e+02
17685 2.004682e+02
17688 2.004682e+02
17691 2.004682e+02
17694 2.004682e+02
17697 2.004682e+02
17700 2.004682e+02
17703 2.004682e+02
17706 2.004682e+02
17709 2.004682e+02
17712 2.004682e+02
17715 2.004682e+02
17718 2.004682e+02
17721 2.004682e+02
17724 2.004682e+02
17727 2.004682e+02
17730 2.004682e+02
17733 2.004682e+02
17736 2.004682e+02
17739 2.004682e+02
17742 2.004682e+02
17745 2.004682e+02
17748 2.004682e+02
17751 2.004682e+02
17754 2.004682e+02
17757 2.004682e+02
17760 2.004682e+02
17763 2.004682e+02
17766 2.004682e+02
17769 2.004682e+02
17772 2.004682e+02
17775 2.004682e+02
17778 2.004682e+02
17781 2.004682e+02
17784 2.004682e+02
17787 2.004682e+02
17790 2.004682e+02
17793 2.004682e+02
17796 2.004682e+02
17799 2.004682e+02
17802 2.004682e+02
17805 2.004682e+02
17808 2.004682e+02
17811 2.004682e+02
17814 2.004682e+02
17817 2.004682e+02
17820 2.004682e+02
17823 2.004682e+02
17826 2.004682e+02
17829 2.004682e+02
17832 2.004682e+02
17835 2.004682e+02
17838 2.004682e+02
17841 2.004682e+02
17844 2.004682e+02
17847 2.004682e+02
17850 2.004682e+02
17853 2.004682e+02
17856 2.004682e+02
17859 2.004682e+02
17862 2.004682e+02
17865 2.004682e+02
17868 2.004682e+02
17871 2.004682e+02
17874 2.004682e+02
17877 2.004682e+02
17880 2.004682e+02
17882 2.004682e+02
17883 2.004682e+02
17886 2.004682e+02
17889 2.004682e+02
17891 2.004671e+02
17892 2.004671e+02
17895 2.004671e+02
17898 2.004671e+02
17901 2.004671e+02
17902 2.004657e+02
17903 2.004657e+02
17904 2.004616e+02
17919 2.004612e+02
17925 2.004609e+02
17928 2.004601e+02
17930 2.004572e+02
17931 2.004572e+02
17932 2.004548e+02
17937 2.004547e+02
17942 2.004544e+02
17943 2.004544e+02
17945 2.004522e+02
17956 2.004505e+02
17958 2.004482e+02
18192 2.004474e+02
18193 2.004474e+02
18196 2.004474e+02
18199 2.004474e+02
18202 2.004474e+02
18204 2.004463e+02
18222 2.004463e+02
18234 2.004450e+02
18235 2.004450e+02
18238 2.004450e+02
18241 2.004450e+02
18244 2.004450e+02
18247 2.004450e+02
18250 2.004450e+02
18253 2.004450e+02
18256 2.004450e+02
18259 2.004450e+02
18262 2.004450e+02
18265 2.004450e+02
18268 2.004450e+02
18271 2.004450e+02
18274 2.004450e+02
18277 2.004450e+02
18280 2.004450e+02
18283 2.004450e+02
18286 2.004450e+02
18289 2.004450e+02
18292 2.004450e+02
18295 2.004450e+02
18298 2.004450e+02
18301 2.004450e+02
18304 2.004450e+02
18307 2.004450e+02
18310 2.004450e+02
18313 2.004450e+02
18316 2.004450e+02
18319 2.004450e+02
18322 2.004450e+02
18325 2.004450e+02
18328 2.004450e+02
18331 2.004450e+02
18334 2.004450e+02
18337 2.004450e+02
18340 2.004450e+02
18343 2.004450e+02
18346 2.004450e+02
18349 2.004450e+02
18352 2.004450e+02
18355 2.004450e+02
18358 2.004450e+02
18361 2.004450e+02
18364 2.004450e+02
18367 2.004450e+02
18370 2.004450e+02
18373 2.004450e+02
18376 2.004450e+02
18379 2.004450e+02
18382 2.004450e+02
18385 2.004450e+02
18388 2.004450e+02
18391 2.004450e+02
18394 2.004450e+02
18397 2.004450e+02
18400 2.004450e+02
18403 2.004450e+02
18406 2.004450e+02
18409 2.004450e+02
18412 2.004450e+02
18415 2.004450e+02
18418 2.004450e+02
18421 2.004450e+02
18424 2.004450e+02
18427 2.004450e+02
18430 2.004450e+02
18433 2.004450e+02
18436 2.004450e+02
18439 2.004450e+02
18442 2.004450e+02
18445 2.004450e+02
18448 2.004450e+02
18451 2.004450e+02
18454 2.004450e+02
18457 2.004450e+02
18460 2.004450e+02
18463 2.004450e+02
18466 2.004450e+02
18469 2.004450e+02
18472 2.004450e+02
18475 2.004450e+02
18478 2.004450e+02
18481 2.004450e+02
18484 2.004450e+02
18487 2.004450e+02
18490 2.004450e+02
18493 2.004450e+02
18496 2.004450e+02
18499 2.004450e+02
18502 2.004450e+02
18505 2.004450e+02
18506 2.004447e+02
18512 2.004431e+02
18518 2.004428e+02
18521 2.004416e+02
18522 2.004416e+02
18523 2.004393e+02
18524 2.004393e+02
18525 2.004381e+02
18526 2.004381e+02
18529 2.004381e+02
18530 2.004377e+02
18531 2.004377e+02
18534 2.004377e+02
18537 2.004377e+02
18539 2.004367e+02
18540 2.004367e+02
18542 2.004365e+02
18543 2.004365e+02
18545 2.004360e+02
18546 2.004360e+02
18548 2.004350e+02
18550 2.004327e+02
18552 2.004310e+02
18786 2.004296e+02
18798 2.004293e+02
18799 2.004293e+02
18802 2.004293e+02
18805 2.004293e+02
18808 2.004293e+02
18809 2.004292e+02
18810 2.004292e+02
18813 2.004292e+02
18816 2.004292e+02
18819 2.004292e+02
18822 2.004292e+02
18825 2.004292e+02
18827 2.004289e+02
18845 2.004280e+02
19067 2.004276e+02
19085 2.004274e+02
19086 2.004274e+02
19089 2.004274e+02
19092 2.004274e+02
19095 2.004274e+02
19097 2.004269e+02
19098 2.004269e+02
19101 2.004269e+02
19104 2.004269e+02
19107 2.004269e+02
19110 2.004269e+02
19113 2.004269e+02
19116 2.004269e+02
19119 2.004269e+02
19122 2.004269e+02
19125 2.004269e+02
19128 2.004269e+02
19131 2.004269e+02
19134 2.004269e+02
19137 2.004269e+02
19140 2.004269e+02
19143 2.004269e+02
19146 2.004269e+02
19149 2.004269e+02
19152 2.004269e+02
19155 2.004269e+02
19158 2.004269e+02
19161 2.004269e+02
19164 2.004269e+02
19167 2.004269e+02
19170 2.004269e+02
19173 2.004269e+02
19176 2.004269e+02
19179 2.004269e+02
19182 2.004269e+02
19185 2.004269e+02
19188 2.004269e+02
19191 2.004269e+02
19194 2.004269e+02
19197 2.004269e+02
19200 2.004269e+02
19203 2.004269e+02
19206 2.004269e+02
19209 2.004269e+02
19212 2.004269e+02
19215 2.004269e+02
19218 2.004269e+02
19221 2.004269e+02
19224 2.004269e+02
19227 2.004269e+02
19230 2.004269e+02
19233 2.004269e+02
19236 2.004269e+02
19239 2.004269e+02
19242 2.004269e+02
19245 2.004269e+02
19248 2.004269e+02
19251 2.004269e+02
19254 2.004269e+02
19257 2.004269e+02
19260 2.004269e+02
19263 2.004269e+02
19266 2.004269e+02
19269 2.004269e+02
19272 2.004269e+02
19275 2.004269e+02
19278 2.004269e+02
19281 2.004269e+02
19284 2.004269e+02
19287 2.004269e+02
19290 2.004269e+02
19293 2.004269e+02
19296 2.004269e+02
19299 2.004269e+02
19302 2.004269e+02
19305 2.004269e+02
19308 2.004269e+02
19311 2.004269e+02
19314 2.004269e+02
19317 2.004269e+02
19320 2.004269e+02
19323 2.004269e+02
19326 2.004269e+02
19329 2.004269e+02
19332 2.004269e+02
19335 2.004269e+02
19338 2.004269e+02
19341 2.004269e+02
19344 2.004269e+02
19347 2.004269e+02
19350 2.004269e+02
19353 2.004269e+02
19356 2.004269e+02
19359 2.004269e+02
19362 2.004269e+02
19365 2.004269e+02
19368 2.004269e+02
19369 2.004262e+02
19375 2.004247e+02
19386 2.004237e+02
19388 2.004201e+02
19397 2.004199e+02
19398 2.004199e+02
19401 2.004199e+02
19404 2.004199e+02
19407 2.004199e+02
19410 2.004199e+02
19412 2.004196e+02
19413 2.004196e+02
19416 2.004196e+02
19417 2.004187e+02
19420 2.004185e+02
19428 2.004177e+02
19429 2.004177e+02
19431 2.004166e+02
19433 2.004164e+02
19434 2.004164e+02
19436 2.004162e+02
19439 2.004153e+02
19441 2.004129e+02
19443 2.004113e+02
19677 2.004099e+02
19678 2.004099e+02
19681 2.004099e+02
19684 2.004099e+02
19687 2.004099e+02
19689 2.004097e+02
19707 2.004092e+02
19708 2.004092e+02
19711 2.004092e+02
19714 2.004092e+02
19717 2.004092e+02
19719 2.004089e+02
19720 2.004089e+02
19723 2.004089e+02
19726 2.004089e+02
19729 2.004089e+02
19732 2.004089e+02
19735 2.004089e+02
19738 2.004089e+02
19739 2.004081e+02
19741 2.004059e+02
19744 2.004036e+02
19939 2.004029e+02
19940 2.004029e+02
19943 2.004029e+02
19946 2.004029e+02
19949 2.004029e+02
19952 2.004029e+02
19955 2.004029e+02
19958 2.004029e+02
19961 2.004029e+02
19964 2.004029e+02
19967 2.004029e+02
19970 2.004029e+02
19973 2.004029e+02
19976 2.004029e+02
19979 2.004029e+02
19982 2.004029e+02
19985 2.004029e+02
19988 2.004029e+02
19991 2.004029e+02
19994 2.004029e+02
19997 2.004029e+02
20000 2.004029e+02
20003 2.004029e+02
20006 2.004029e+02
20009 2.004029e+02
20012 2.004029e+02
20015 2.004029e+02
20018 2.004029e+02
20021 2.004029e+02
20022 2.004029e+02
20023 2.004029e+02
20025 2.004006e+02
20026 2.004006e+02
20027 2.004000e+02
20038 2.003991e+02
20039 2.003991e+02
20041 2.003990e+02
20289 2.003985e+02
20292 2.003978e+02
20293 2.003978e+02
20294 2.003971e+02
20297 2.003968e+02
20300 2.003958e+02
20302 2.003933e+02
20303 2.003933e+02
20304 2.003918e+02
20309 2.003918e+02
20321 2.003918e+02
20327 2.003916e+02
20332 2.003912e+02
20335 2.003909e+02
20548 2.003906e+02
20559 2.003905e+02
20560 2.003905e+02
20563 2.003905e+02
20566 2.003905e+02
20569 2.003905e+02
20572 2.003905e+02
20575 2.003905e+02
20577 2.003903e+02
20595 2.003890e+02
20596 2.003890e+02
20599 2.003890e+02
20602 2.003890e+02
20605 2.003890e+02
20607 2.003887e+02
20608 2.003887e+02
20611 2.003887e+02
20614 2.003887e+02
20617 2.003887e+02
20620 2.003887e+02
20623 2.003887e+02
20625 2.003882e+02
20626 2.003882e+02
20629 2.003882e+02
20632 2.003882e+02
20635 2.003882e+02
20638 2.003882e+02
20641 2.003882e+02
20644 2.003882e+02
20647 2.003882e+02
20650 2.003882e+02
20653 2.003882e+02
20656 2.003882e+02
20659 2.003882e+02
20662 2.003882e+02
20665 2.003882e+02
20668 2.003882e+02
20671 2.003882e+02
20674 2.003882e+02
20677 2.003882e+02
20680 2.003882e+02
20683 2.003882e+02
20686 2.003882e+02
20689 2.003882e+02
20692 2.003882e+02
20695 2.003882e+02
20698 2.003882e+02
20701 2.003882e+02
20704 2.003882e+02
20707 2.003882e+02
20710 2.003882e+02
20713 2.003882e+02
20716 2.003882e+02
20719 2.003882e+02
20722 2.003882e+02
20725 2.003882e+02
20728 2.003882e+02
20731 2.003882e+02
20734 2.003882e+02
20737 2.003882e+02
20740 2.003882e+02
20743 2.003882e+02
20746 2.003882e+02
20749 2.003882e+02
20752 2.003882e+02
20755 2.003882e+02
20758 2.003882e+02
20761 2.003882e+02
20764 2.003882e+02
20767 2.003882e+02
20770 2.003882e+02
20773 2.003882e+02
20776 2.003882e+02
20779 2.003882e+02
20782 2.003882e+02
20785 2.003882e+02
20788 2.003882e+02
20791 2.003882e+02
20794 2.003882e+02
20797 2.003882e+02
20800 2.003882e+02
20803 2.003882e+02
20806 2.003882e+02
20809 2.003882e+02
20812 2.003882e+02
20815 2.003882e+02
20818 2.003882e+02
20821 2.003882e+02
20824 2.003882e+02
20827 2.003882e+02
20830 2.003882e+02
20833 2.003882e+02
20836 2.003882e+02
20839 2.003882e+02
20842 2.003882e+02
20845 2.003882e+02
20847 2.003878e+02
20867 2.003867e+02
20868 2.003867e+02
20869 2.003846e+02
20872 2.003826e+02
20875 2.003813e+02
21154 2.003810e+02
21155 2.003810e+02
21157 2.003809e+02
21160 2.003808e+02
21163 2.003800e+02
21164 2.003800e+02
21165 2.003776e+02
21166 2.003776e+02
21167 2.003754e+02
21172 2.003750e+02
21177 2.003750e+02
21178 2.003750e+02
21180 2.003727e+02
21181 2.003727e+02
21184 2.003727e+02
21187 2.003727e+02
21190 2.003727e+02
21191 2.003716e+02
21192 2.003716e+02
21193 2.003694e+02
21205 2.003693e+02
21208 2.003688e+02
21209 2.003688e+02
21212 2.003688e+02
21214 2.003682e+02
21215 2.003682e+02
21217 2.003675e+02
21218 2.003675e+02
21219 2.003653e+02
21221 2.003634e+02
21455 2.003626e+02
21456 2.003626e+02
21459 2.003626e+02
21462 2.003626e+02
21465 2.003626e+02
21467 2.003623e+02
21468 2.003623e+02
21471 2.003623e+02
21474 2.003623e+02
21477 2.003623e+02
21480 2.003623e+02
21483 2.003623e+02
21485 2.003622e+02
21497 2.003617e+02
21508 2.003617e+02
21736 2.003612e+02
21798 2.003612e+02
21801 2.003611e+02
21804 2.003599e+02
21805 2.003599e+02
21808 2.003599e+02
21810 2.003599e+02
21813 2.003591e+02
21815 2.003571e+02
21817 2.003552e+02
22051 2.003540e+02
22052 2.003540e+02
22055 2.003540e+02
22058 2.003540e+02
22061 2.003540e+02
22064 2.003540e+02
22067 2.003540e+02
22070 2.003540e+02
22073 2.003540e+02
22075 2.003538e+02
22338 2.003535e+02
22339 2.003535e+02
22341 2.003518e+02
22342 2.003518e+02
22343 2.003515e+02
22351 2.003510e+02
22353 2.003477e+02
22362 2.003477e+02
22377 2.003476e+02
22382 2.003471e+02
22383 2.003471e+02
22385 2.003466e+02
22386 2.003466e+02
22388 2.003466e+02
22389 2.003466e+02
22392 2.003466e+02
22395 2.003466e+02
22398 2.003466e+02
22401 2.003466e+02
22404 2.003466e+02
22406 2.003464e+02
22408 2.003461e+02
22409 2.003461e+02
22410 2.003429e+02
22411 2.003429e+02
22414 2.003429e+02
22417 2.003429e+02
22420 2.003429e+02
22423 2.003429e+02
22426 2.003429e+02
22429 2.003429e+02
22432 2.003429e+02
22435 2.003429e+02
22438 2.003429e+02
22441 2.003429e+02
22444 2.003429e+02
22447 2.003429e+02
22450 2.003429e+02
22453 2.003429e+02
22456 2.003429e+02
22459 2.003429e+02
22462 2.003429e+02
22465 2.003429e+02
22468 2.003429e+02
22471 2.003429e+02
22474 2.003429e+02
22477 2.003429e+02
22480 2.003429e+02
22483 2.003429e+02
22486 2.003429e+02
22489 2.003429e+02
22492 2.003429e+02
22495 2.003429e+02
22498 2.003429e+02
22501 2.003429e+02
22504 2.003429e+02
22507 2.003429e+02
22510 2.003429e+02
22513 2.003429e+02
22516 2.003429e+02
22519 2.003429e+02
22522 2.003429e+02
22525 2.003429e+02
22528 2.003429e+02
22531 2.003429e+02
22534 2.003429e+02
22537 2.003429e+02
22540 2.003429e+02
22543 2.003429e+02
22546 2.003429e+02
22549 2.003429e+02
22552 2.003429e+02
22555 2.003429e+02
22558 2.003429e+02
22561 2.003429e+02
22564 2.003429e+02
22567 2.003429e+02
22570 2.003429e+02
22573 2.003429e+02
22576 2.003429e+02
22579 2.003429e+02
22582 2.003429e+02
22585 2.003429e+02
22588 2.003429e+02
22591 2.003429e+02
22594 2.003429e+02
22597 2.003429e+02
22600 2.003429e+02
22603 2.003429e+02
22606 2.003429e+02
22609 2.003429e+02
22612 2.003429e+02
22615 2.003429e+02
22618 2.003429e+02
22621 2.003429e+02
22624 2.003429e+02
22627 2.003429e+02
22630 2.003429e+02
22633 2.003429e+02
22636 2.003429e+02
22639 2.003429e+02
22642 2.003429e+02
22645 2.003429e+02
22648 2.003429e+02
22651 2.003429e+02
22654 2.003429e+02
22657 2.003429e+02
22660 2.003429e+02
22663 2.003429e+02
22665 2.003414e+02
22666 2.003414e+02
22668 2.003413e+02
22676 2.003405e+02
22678 2.003376e+02
22679 2.003376e+02
22682 2.003376e+02
22685 2.003376e+02
22688 2.003376e+02
22691 2.003376e+02
22693 2.003366e+02
22694 2.003366e+02
22697 2.003366e+02
22700 2.003366e+02
22703 2.003366e+02
22704 2.003357e+02
22705 2.003357e+02
22706 2.003327e+02
22961 2.003320e+02
22962 2.003320e+02
22965 2.003320e+02
22967 2.003319e+02
22968 2.003319e+02
22970 2.003310e+02
22972 2.003286e+02
22974 2.003274e+02
22979 2.003274e+02
22991 2.003274e+02
22997 2.003273e+02
22998 2.003273e+02
23001 2.003273e+02
23002 2.003272e+02
23003 2.003272e+02
23005 2.003267e+02
23006 2.003267e+02
23009 2.003267e+02
23012 2.003267e+02
23015 2.003267e+02
23018 2.003267e+02
23021 2.003267e+02
23024 2.003267e+02
23027 2.003267e+02
23030 2.003267e+02
23033 2.003267e+02
23036 2.003267e+02
23039 2.003267e+02
23042 2.003267e+02
23045 2.003267e+02
23048 2.003267e+02
23051 2.003267e+02
23054 2.003267e+02
23057 2.003267e+02
23060 2.003267e+02
23063 2.003267e+02
23066 2.003267e+02
23069 2.003267e+02
23072 2.003267e+02
23075 2.003267e+02
23078 2.003267e+02
23081 2.003267e+02
23084 2.003267e+02
23087 2.003267e+02
23090 2.003267e+02
23093 2.003267e+02
23096 2.003267e+02
23099 2.003267e+02
23102 2.003267e+02
23105 2.003267e+02
23108 2.003267e+02
23111 2.003267e+02
23114 2.003267e+02
23117 2.003267e+02
23120 2.003267e+02
23123 2.003267e+02
23126 2.003267e+02
23129 2.003267e+02
23132 2.003267e+02
23135 2.003267e+02
23138 2.003267e+02
23141 2.003267e+02
23144 2.003267e+02
23147 2.003267e+02
23150 2.003267e+02
23153 2.003267e+02
23156 2.003267e+02
23159 2.003267e+02
23162 2.003267e+02
23165 2.003267e+02
23168 2.003267e+02
23171 2.003267e+02
23174 2.003267e+02
23177 2.003267e+02
23180 2.003267e+02
23183 2.003267e+02
23186 2.003267e+02
23189 2.003267e+02
23192 2.003267e+02
23195 2.003267e+02
23198 2.003267e+02
23201 2.003267e+02
23204 2.003267e+02
23207 2.003267e+02
23210 2.003267e+02
23213 2.003267e+02
23216 2.003267e+02
23218 2.003265e+02
23229 2.003262e+02
23247 2.003260e+02
23267 2.003249e+02
23268 2.003249e+02
23271 2.003249e+02
23274 2.003249e+02
23276 2.003231e+02
23277 2.003231e+02
23279 2.003230e+02
23288 2.003229e+02
23289 2.003229e+02
23292 2.003229e+02
23295 2.003229e+02
23298 2.003229e+02
23301 2.003229e+02
23304 2.003229e+02
23307 2.003229e+02
23310 2.003229e+02
23313 2.003229e+02
23316 2.003229e+02
23319 2.003229e+02
23322 2.003229e+02
23325 2.003229e+02
23328 2.003229e+02
23331 2.003229e+02
23334 2.003229e+02
23337 2.003229e+02
23340 2.003229e+02
23343 2.003229e+02
23346 2.003229e+02
23349 2.003229e+02
23352 2.003229e+02
23355 2.003229e+02
23358 2.003229e+02
23361 2.003229e+02
23364 2.003229e+02
23367 2.003229e+02
23370 2.003229e+02
23373 2.003229e+02
23376 2.003229e+02
23379 2.003229e+02
23382 2.003229e+02
23385 2.003229e+02
23388 2.003229e+02
23391 2.003229e+02
23394 2.003229e+02
23397 2.003229e+02
23400 2.003229e+02
23403 2.003229e+02
23406 2.003229e+02
23409 2.003229e+02
23412 2.003229e+02
23415 2.003229e+02
23418 2.003229e+02
23421 2.003229e+02
23424 2.003229e+02
23427 2.003229e+02
23430 2.003229e+02
23433 2.003229e+02
23436 2.003229e+02
23439 2.003229e+02
23442 2.003229e+02
23445 2.003229e+02
23448 2.003229e+02
23451 2.003229e+02
23454 2.003229e+02
23457 2.003229e+02
23460 2.003229e+02
23463 2.003229e+02
23466 2.003229e+02
23469 2.003229e+02
23472 2.003229e+02
23475 2.003229e+02
23478 2.003229e+02
23481 2.003229e+02
23484 2.003229e+02
23487 2.003229e+02
23490 2.003229e+02
23493 2.003229e+02
23496 2.003229e+02
23499 2.003229e+02
23502 2.003229e+02
23505 2.003229e+02
23508 2.003229e+02
23511 2.003229e+02
23514 2.003229e+02
23517 2.003229e+02
23520 2.003229e+02
23523 2.003229e+02
23526 2.003229e+02
23529 2.003229e+02
23532 2.003229e+02
23535 2.003229e+02
23538 2.003229e+02
23541 2.003229e+02
23544 2.003229e+02
23547 2.003229e+02
23548 2.003227e+02
23549 2.003227e+02
23551 2.003224e+02
23552 2.003224e+02
23554 2.003208e+02
23560 2.003203e+02
23561 2.003203e+02
23563 2.003197e+02
23564 2.003197e+02
23565 2.003188e+02
23566 2.003188e+02
23567 2.003168e+02
23579 2.003167e+02
23580 2.003167e+02
23582 2.003158e+02
23593 2.003155e+02
23594 2.003155e+02
23595 2.003116e+02
23850 2.003115e+02
23851 2.003115e+02
23854 2.003115e+02
23856 2.003109e+02
23857 2.003109e+02
23860 2.003109e+02
23861 2.003081e+02
23862 2.003081e+02
23865 2.003081e+02
23868 2.003081e+02
23871 2.003081e+02
23874 2.003081e+02
23875 2.003078e+02
23878 2.003065e+02
23880 2.003061e+02
23881 2.003061e+02
23883 2.003060e+02
23888 2.003036e+02
23997 2.003036e+02
24000 2.003036e+02
24003 2.003036e+02
24006 2.003036e+02
24009 2.003036e+02
24012 2.003036e+02
24015 2.003036e+02
24018 2.003036e+02
24021 2.003036e+02
24024 2.003036e+02
24027 2.003036e+02
24030 2.003036e+02
24033 2.003036e+02
24036 2.003036e+02
24039 2.003036e+02
24042 2.003036e+02
24045 2.003036e+02
24048 2.003036e+02
24051 2.003036e+02
24054 2.003036e+02
24057 2.003036e+02
24060 2.003036e+02
24063 2.003036e+02
24066 2.003036e+02
24069 2.003036e+02
24072 2.003036e+02
24075 2.003036e+02
24078 2.003036e+02
24081 2.003036e+02
24084 2.003036e+02
24087 2.003036e+02
24090 2.003036e+02
24093 2.003036e+02
24096 2.003036e+02
24099 2.003036e+02
24102 2.003036e+02
24105 2.003036e+02
24108 2.003036e+02
24111 2.003036e+02
24114 2.003036e+02
24117 2.003036e+02
24120 2.003036e+02
24123 2.003036e+02
24126 2.003036e+02
24129 2.003036e+02
24132 2.003036e+02
24135 2.003036e+02
24138 2.003036e+02
24141 2.003036e+02
24144 2.003036e+02
24147 2.003036e+02
24150 2.003036e+02
24153 2.003036e+02
24156 2.003036e+02
24159 2.003036e+02
24162 2.003036e+02
24165 2.003036e+02
24167 2.003036e+02
24176 2.003029e+02
24182 2.003029e+02
24183 2.003029e+02
24185 2.003026e+02
24186 2.003026e+02
24187 2.003018e+02
24189 2.003010e+02
24190 2.003010e+02
24193 2.003010e+02
24196 2.003010e+02
24199 2.003010e+02
24202 2.003010e+02
24295 2.003010e+02
24298 2.003010e+02
24301 2.003010e+02
24304 2.003010e+02
24307 2.003010e+02
24310 2.003010e+02
24313 2.003010e+02
24316 2.003010e+02
24319 2.003010e+02
24322 2.003010e+02
24325 2.003010e+02
24328 2.003010e+02
24331 2.003010e+02
24334 2.003010e+02
24337 2.003010e+02
24340 2.003010e+02
24343 2.003010e+02
24346 2.003010e+02
24349 2.003010e+02
24352 2.003010e+02
24355 2.003010e+02
24358 2.003010e+02
24361 2.003010e+02
24364 2.003010e+02
24367 2.003010e+02
24370 2.003010e+02
24373 2.003010e+02
24376 2.003010e+02
24379 2.003010e+02
24382 2.003010e+02
24385 2.003010e+02
24388 2.003010e+02
24391 2.003010e+02
24394 2.003010e+02
24397 2.003010e+02
24400 2.003010e+02
24403 2.003010e+02
24406 2.003010e+02
24409 2.003010e+02
24412 2.003010e+02
24415 2.003010e+02
24418 2.003010e+02
24421 2.003010e+02
24424 2.003010e+02
24427 2.003010e+02
24430 2.003010e+02
24433 2.003010e+02
24436 2.003010e+02
24439 2.003010e+02
24442 2.003010e+02
24444 2.003004e+02
24455 2.002995e+02
24457 2.002961e+02
24458 2.002961e+02
24461 2.002961e+02
24464 2.002961e+02
24467 2.002961e+02
24470 2.002961e+02
24473 2.002961e+02
24474 2.002961e+02
24732 2.002961e+02
24741 2.002954e+02
24752 2.002946e+02
24754 2.002914e+02
24769 2.002913e+02
24775 2.002912e+02
24776 2.002912e+02
24779 2.002912e+02
24780 2.002879e+02
25034 2.002878e+02
25035 2.002878e+02
25037 2.002868e+02
25038 2.002868e+02
25039 2.002865e+02
25040 2.002865e+02
25043 2.002865e+02
25046 2.002865e+02
25047 2.002862e+02
25049 2.002832e+02
25058 2.002830e+02
25075 2.002828e+02
25077 2.002817e+02
25078 2.002817e+02
25080 2.002815e+02
25081 2.002815e+02
25084 2.002815e+02
25087 2.002815e+02
25090 2.002815e+02
25093 2.002815e+02
25096 2.002815e+02
25099 2.002815e+02
25102 2.002815e+02
25105 2.002815e+02
25108 2.002815e+02
25111 2.002815e+02
25114 2.002815e+02
25117 2.002815e+02
25120 2.002815e+02
25123 2.002815e+02
25126 2.002815e+02
25129 2.002815e+02
25132 2.002815e+02
25135 2.002815e+02
25138 2.002815e+02
25141 2.002815e+02
25144 2.002815e+02
25147 2.002815e+02
25150 2.002815e+02
25153 2.002815e+02
25156 2.002815e+02
25159 2.002815e+02
25162 2.002815e+02
25165 2.002815e+02
25168 2.002815e+02
25171 2.002815e+02
25174 2.002815e+02
25177 2.002815e+02
25180 2.002815e+02
25183 2.002815e+02
25186 2.002815e+02
25189 2.002815e+02
25192 2.002815e+02
25195 2.002815e+02
25198 2.002815e+02
25201 2.002815e+02
25204 2.002815e+02
25207 2.002815e+02
25210 2.002815e+02
25213 2.002815e+02
25216 2.002815e+02
25219 2.002815e+02
25222 2.002815e+02
25225 2.002815e+02
25228 2.002815e+02
25231 2.002815e+02
25234 2.002815e+02
25237 2.002815e+02
25240 2.002815e+02
25243 2.002815e+02
25246 2.002815e+02
25249 2.002815e+02
25252 2.002815e+02
25255 2.002815e+02
25258 2.002815e+02
25261 2.002815e+02
25264 2.002815e+02
25267 2.002815e+02
25270 2.002815e+02
25273 2.002815e+02
25275 2.002813e+02
25276 2.002813e+02
25279 2.002813e+02
25282 2.002813e+02
25285 2.002813e+02
25288 2.002813e+02
25291 2.002813e+02
25294 2.002813e+02
25297 2.002813e+02
25300 2.002813e+02
25303 2.002813e+02
25306 2.002813e+02
25309 2.002813e+02
25312 2.002813e+02
25315 2.002813e+02
25318 2.002813e+02
25321 2.002813e+02
25324 2.002813e+02
25327 2.002813e+02
25330 2.002813e+02
25333 2.002813e+02
25336 2.002813e+02
25339 2.002813e+02
25342 2.002813e+02
25345 2.002813e+02
25348 2.002813e+02
25351 2.002813e+02
25354 2.002813e+02
25357 2.002813e+02
25360 2.002813e+02
25363 2.002813e+02
25364 2.002810e+02
25622 2.002809e+02
25623 2.002809e+02
25626 2.002809e+02
25629 2.002809e+02
25631 2.002806e+02
25642 2.002798e+02
25643 2.002798e+02
25644 2.002766e+02
25645 2.002766e+02
25648 2.002766e+02
25651 2.002766e+02
25654 2.002766e+02
25657 2.002766e+02
25660 2.002766e+02
25661 2.002766e+02
25662 2.002766e+02
25665 2.002766e+02
25668 2.002766e+02
25671 2.002766e+02
25674 2.002766e+02
25677 2.002766e+02
25680 2.002766e+02
25683 2.002766e+02
25686 2.002766e+02
25689 2.002766e+02
25692 2.002766e+02
25695 2.002766e+02
25698 2.002766e+02
25701 2.002766e+02
25704 2.002766e+02
25707 2.002766e+02
25710 2.002766e+02
25713 2.002766e+02
25716 2.002766e+02
25719 2.002766e+02
25722 2.002766e+02
25725 2.002766e+02
25728 2.002766e+02
25731 2.002766e+02
25734 2.002766e+02
25737 2.002766e+02
25740 2.002766e+02
25743 2.002766e+02
25746 2.002766e+02
25749 2.002766e+02
25752 2.002766e+02
25755 2.002766e+02
25758 2.002766e+02
25761 2.002766e+02
25764 2.002766e+02
25767 2.002766e+02
25770 2.002766e+02
25773 2.002766e+02
25776 2.002766e+02
25779 2.002766e+02
25782 2.002766e+02
25785 2.002766e+02
25788 2.002766e+02
25791 2.002766e+02
25794 2.002766e+02
25797 2.002766e+02
25800 2.002766e+02
25803 2.002766e+02
25806 2.002766e+02
25809 2.002766e+02
25812 2.002766e+02
25815 2.002766e+02
25818 2.002766e+02
25821 2.002766e+02
25824 2.002766e+02
25827 2.002766e+02
25830 2.002766e+02
25833 2.002766e+02
25836 2.002766e+02
25839 2.002766e+02
25842 2.002766e+02
25845 2.002766e+02
25848 2.002766e+02
25851 2.002766e+02
25854 2.002766e+02
25857 2.002766e+02
25860 2.002766e+02
25863 2.002766e+02
25866 2.002766e+02
25869 2.002766e+02
25872 2.002766e+02
25875 2.002766e+02
25878 2.002766e+02
25881 2.002766e+02
25884 2.002766e+02
25887 2.002766e+02
25890 2.002766e+02
25893 2.002766e+02
25896 2.002766e+02
25899 2.002766e+02
25902 2.002766e+02
25905 2.002766e+02
25908 2.002766e+02
25911 2.002766e+02
25914 2.002766e+02
25917 2.002766e+02
25919 2.002764e+02
25920 2.002764e+02
25923 2.002764e+02
25926 2.002764e+02
25928 2.002760e+02
25934 2.002759e+02
25939 2.002728e+02
25940 2.002728e+02
25943 2.002728e+02
25946 2.002728e+02
25949 2.002728e+02
25952 2.002728e+02
25955 2.002728e+02
25958 2.002728e+02
25961 2.002728e+02
25964 2.002728e+02
25967 2.002728e+02
25968 2.002726e+02
25970 2.002710e+02
25971 2.002710e+02
25974 2.002710e+02
25977 2.002710e+02
25980 2.002710e+02
25983 2.002710e+02
25986 2.002710e+02
25989 2.002710e+02
25992 2.002710e+02
25995 2.002710e+02
25998 2.002710e+02
26001 2.002710e+02
26004 2.002710e+02
26007 2.002710e+02
26010 2.002710e+02
26013 2.002710e+02
26016 2.002710e+02
26019 2.002710e+02
26022 2.002710e+02
26025 2.002710e+02
26028 2.002710e+02
26031 2.002710e+02
26034 2.002710e+02
26037 2.002710e+02
26040 2.002710e+02
26043 2.002710e+02
26046 2.002710e+02
26049 2.002710e+02
26052 2.002710e+02
26055 2.002710e+02
26058 2.002710e+02
26061 2.002710e+02
26064 2.002710e+02
26067 2.002710e+02
26070 2.002710e+02
26073 2.002710e+02
26076 2.002710e+02
26079 2.002710e+02
26082 2.002710e+02
26085 2.002710e+02
26088 2.002710e+02
26091 2.002710e+02
26094 2.002710e+02
26097 2.002710e+02
26100 2.002710e+02
26103 2.002710e+02
26106 2.002710e+02
26109 2.002710e+02
26112 2.002710e+02
26115 2.002710e+02
26118 2.002710e+02
26121 2.002710e+02
26124 2.002710e+02
26127 2.002710e+02
26130 2.002710e+02
26133 2.002710e+02
26136 2.002710e+02
26139 2.002710e+02
26142 2.002710e+02
26145 2.002710e+02
26148 2.002710e+02
26151 2.002710e+02
26154 2.002710e+02
26157 2.002710e+02
26160 2.002710e+02
26163 2.002710e+02
26166 2.002710e+02
26169 2.002710e+02
26172 2.002710e+02
26175 2.002710e+02
26178 2.002710e+02
26181 2.002710e+02
26184 2.002710e+02
26187 2.002710e+02
26189 2.002710e+02
26190 2.002710e+02
26193 2.002710e+02
26196 2.002710e+02
26199 2.002710e+02
26202 2.002710e+02
26205 2.002710e+02
26208 2.002710e+02
26211 2.002710e+02
26214 2.002710e+02
26217 2.002710e+02
26220 2.002710e+02
26223 2.002710e+02
26226 2.002710e+02
26229 2.002710e+02
26232 2.002710e+02
26235 2.002710e+02
26238 2.002710e+02
26241 2.002710e+02
26244 2.002710e+02
26247 2.002710e+02
26250 2.002710e+02
26253 2.002710e+02
26255 2.002709e+02
26266 2.002700e+02
26267 2.002700e+02
26268 2.002665e+02
26269 2.002665e+02
26272 2.002665e+02
26275 2.002665e+02
26278 2.002665e+02
26281 2.002665e+02
26284 2.002665e+02
26287 2.002665e+02
26290 2.002665e+02
26293 2.002665e+02
26296 2.002665e+02
26299 2.002665e+02
26302 2.002665e+02
26305 2.002665e+02
26308 2.002665e+02
26311 2.002665e+02
26314 2.002665e+02
26317 2.002665e+02
26320 2.002665e+02
26323 2.002665e+02
26326 2.002665e+02
26329 2.002665e+02
26332 2.002665e+02
26335 2.002665e+02
26338 2.002665e+02
26341 2.002665e+02
26344 2.002665e+02
26347 2.002665e+02
26350 2.002665e+02
26353 2.002665e+02
26356 2.002665e+02
26359 2.002665e+02
26362 2.002665e+02
26365 2.002665e+02
26368 2.002665e+02
26371 2.002665e+02
26374 2.002665e+02
26377 2.002665e+02
26380 2.002665e+02
26383 2.002665e+02
26386 2.002665e+02
26389 2.002665e+02
26392 2.002665e+02
26395 2.002665e+02
26398 2.002665e+02
26401 2.002665e+02
26404 2.002665e+02
26407 2.002665e+02
26410 2.002665e+02
26413 2.002665e+02
26416 2.002665e+02
26419 2.002665e+02
26422 2.002665e+02
26425 2.002665e+02
26428 2.002665e+02
26431 2.002665e+02
26434 2.002665e+02
26437 2.002665e+02
26440 2.002665e+02
26443 2.002665e+02
26446 2.002665e+02
26449 2.002665e+02
26452 2.002665e+02
26455 2.002665e+02
26458 2.002665e+02
26461 2.002665e+02
26464 2.002665e+02
26467 2.002665e+02
26470 2.002665e+02
26473 2.002665e+02
26476 2.002665e+02
26479 2.002665e+02
26482 2.002665e+02
26485 2.002665e+02
26488 2.002665e+02
26491 2.002665e+02
26494 2.002665e+02
26497 2.002665e+02
26500 2.002665e+02
26503 2.002665e+02
26506 2.002665e+02
26509 2.002665e+02
26512 2.002665e+02
26515 2.002665e+02
26518 2.002665e+02
26521 2.002665e+02
26524 2.002665e+02
26527 2.002665e+02
26530 2.002665e+02
26533 2.002665e+02
26534 2.002661e+02
26535 2.002661e+02
26536 2.002654e+02
26539 2.002648e+02
26540 2.002648e+02
26542 2.002643e+02
26551 2.002642e+02
26552 2.002642e+02
26554 2.002642e+02
26555 2.002642e+02
26557 2.002641e+02
26562 2.002613e+02
26822 2.002612e+02
26833 2.002608e+02
26836 2.002602e+02
26837 2.002602e+02
26839 2.002600e+02
26840 2.002600e+02
26843 2.002600e+02
26846 2.002600e+02
26849 2.002600e+02
26850 2.002600e+02
27108 2.002598e+02
27128 2.002594e+02
27130 2.002592e+02
27133 2.002581e+02
27134 2.002581e+02
27136 2.002577e+02
27145 2.002570e+02
27146 2.002570e+02
27148 2.002570e+02
27149 2.002570e+02
27152 2.002570e+02
27155 2.002570e+02
27156 2.002568e+02
27158 2.002536e+02
27159 2.002536e+02
27162 2.002536e+02
27165 2.002536e+02
27168 2.002536e+02
27171 2.002536e+02
27174 2.002536e+02
27177 2.002536e+02
27180 2.002536e+02
27183 2.002536e+02
27186 2.002536e+02
27189 2.002536e+02
27192 2.002536e+02
27195 2.002536e+02
27198 2.002536e+02
27201 2.002536e+02
27204 2.002536e+02
27207 2.002536e+02
27210 2.002536e+02
27213 2.002536e+02
27216 2.002536e+02
27219 2.002536e+02
27222 2.002536e+02
27225 2.002536e+02
27228 2.002536e+02
27231 2.002536e+02
27234 2.002536e+02
27237 2.002536e+02
27240 2.002536e+02
27243 2.002536e+02
27246 2.002536e+02
27249 2.002536e+02
27252 2.002536e+02
27255 2.002536e+02
27258 2.002536e+02
27261 2.002536e+02
27264 2.002536e+02
27267 2.002536e+02
27270 2.002536e+02
27273 2.002536e+02
27276 2.002536e+02
27279 2.002536e+02
27282 2.002536e+02
27285 2.002536e+02
27288 2.002536e+02
27291 2.002536e+02
27294 2.002536e+02
27297 2.002536e+02
27300 2.002536e+02
27303 2.002536e+02
27306 2.002536e+02
27309 2.002536e+02
27312 2.002536e+02
27315 2.002536e+02
27318 2.002536e+02
27321 2.002536e+02
27324 2.002536e+02
27327 2.002536e+02
27330 2.002536e+02
27333 2.002536e+02
27336 2.002536e+02
27339 2.002536e+02
27342 2.002536e+02
27345 2.002536e+02
27348 2.002536e+02
27351 2.002536e+02
27354 2.002536e+02
27357 2.002536e+02
27360 2.002536e+02
27363 2.002536e+02
27366 2.002536e+02
27369 2.002536e+02
27372 2.002536e+02
27375 2.002536e+02
27378 2.002536e+02
27381 2.002536e+02
27384 2.002536e+02
27387 2.002536e+02
27390 2.002536e+02
27393 2.002536e+02
27396 2.002536e+02
27399 2.002536e+02
27402 2.002536e+02
27405 2.002536e+02
27408 2.002536e+02
27411 2.002536e+02
27413 2.002534e+02
27419 2.002531e+02
27420 2.002531e+02
27423 2.002531e+02
27424 2.002504e+02
27425 2.002504e+02
27428 2.002504e+02
27431 2.002504e+02
27434 2.002504e+02
27437 2.002504e+02
27440 2.002504e+02
27443 2.002504e+02
27446 2.002504e+02
27449 2.002504e+02
27452 2.002504e+02
27455 2.002504e+02
27458 2.002504e+02
27461 2.002504e+02
27464 2.002504e+02
27467 2.002504e+02
27470 2.002504e+02
27473 2.002504e+02
27476 2.002504e+02
27479 2.002504e+02
27482 2.002504e+02
27485 2.002504e+02
27488 2.002504e+02
27491 2.002504e+02
27494 2.002504e+02
27497 2.002504e+02
27500 2.002504e+02
27503 2.002504e+02
27506 2.002504e+02
27509 2.002504e+02
27512 2.002504e+02
27515 2.002504e+02
27518 2.002504e+02
27521 2.002504e+02
27524 2.002504e+02
27527 2.002504e+02
27530 2.002504e+02
27533 2.002504e+02
27536 2.002504e+02
27539 2.002504e+02
27542 2.002504e+02
27545 2.002504e+02
27548 2.002504e+02
27551 2.002504e+02
27554 2.002504e+02
27557 2.002504e+02
27560 2.002504e+02
27563 2.002504e+02
27566 2.002504e+02
27569 2.002504e+02
27572 2.002504e+02
27575 2.002504e+02
27578 2.002504e+02
27581 2.002504e+02
27584 2.002504e+02
27587 2.002504e+02
27590 2.002504e+02
27593 2.002504e+02
27596 2.002504e+02
27599 2.002504e+02
27602 2.002504e+02
27605 2.002504e+02
27608 2.002504e+02
27611 2.002504e+02
27614 2.002504e+02
27617 2.002504e+02
27620 2.002504e+02
27623 2.002504e+02
27626 2.002504e+02
27629 2.002504e+02
27632 2.002504e+02
27635 2.002504e+02
27638 2.002504e+02
27641 2.002504e+02
27644 2.002504e+02
27647 2.002504e+02
27650 2.002504e+02
27653 2.002504e+02
27656 2.002504e+02
27659 2.002504e+02
27662 2.002504e+02
27665 2.002504e+02
27668 2.002504e+02
27671 2.002504e+02
27674 2.002504e+02
27677 2.002504e+02
27680 2.002504e+02
27683 2.002504e+02
27686 2.002504e+02
27689 2.002504e+02
27692 2.002504e+02
27695 2.002504e+02
27698 2.002504e+02
27701 2.002504e+02
27703 2.002504e+02
27714 2.002502e+02
27715 2.002502e+02
27718 2.002502e+02
27721 2.002502e+02
27722 2.002500e+02
27724 2.002492e+02
27725 2.002492e+02
27728 2.002492e+02
27731 2.002492e+02
27733 2.002491e+02
27739 2.002485e+02
27740 2.002485e+02
27743 2.002485e+02
27745 2.002485e+02
27750 2.002476e+02
27751 2.002476e+02
27752 2.002473e+02
27755 2.002472e+02
27756 2.002472e+02
27759 2.002472e+02
27762 2.002472e+02
27765 2.002472e+02
27768 2.002472e+02
27771 2.002472e+02
27774 2.002472e+02
27777 2.002472e+02
27780 2.002472e+02
27783 2.002472e+02
27786 2.002472e+02
27789 2.002472e+02
27792 2.002472e+02
27795 2.002472e+02
27798 2.002472e+02
27801 2.002472e+02
27804 2.002472e+02
27807 2.002472e+02
27810 2.002472e+02
27813 2.002472e+02
27816 2.002472e+02
27819 2.002472e+02
27822 2.002472e+02
27825 2.002472e+02
27828 2.002472e+02
27831 2.002472e+02
27834 2.002472e+02
27837 2.002472e+02
27840 2.002472e+02
27843 2.002472e+02
27846 2.002472e+02
27849 2.002472e+02
27852 2.002472e+02
27855 2.002472e+02
27858 2.002472e+02
27861 2.002472e+02
27864 2.002472e+02
27867 2.002472e+02
27870 2.002472e+02
27873 2.002472e+02
27876 2.002472e+02
27879 2.002472e+02
27882 2.002472e+02
27885 2.002472e+02
27888 2.002472e+02
27891 2.002472e+02
27894 2.002472e+02
27897 2.002472e+02
27900 2.002472e+02
27903 2.002472e+02
27906 2.002472e+02
27909 2.002472e+02
27912 2.002472e+02
27915 2.002472e+02
27918 2.002472e+02
27921 2.002472e+02
27924 2.002472e+02
27927 2.002472e+02
27930 2.002472e+02
27933 2.002472e+02
27936 2.002472e+02
27939 2.002472e+02
27942 2.002472e+02
27945 2.002472e+02
27948 2.002472e+02
27951 2.002472e+02
27954 2.002472e+02
27957 2.002472e+02
27960 2.002472e+02
27963 2.002472e+02
27966 2.002472e+02
27969 2.002472e+02
27972 2.002472e+02
27975 2.002472e+02
27978 2.002472e+02
27981 2.002472e+02
27984 2.002472e+02
27987 2.002472e+02
27990 2.002472e+02
27993 2.002472e+02
27996 2.002472e+02
27999 2.002472e+02
28002 2.002472e+02
28005 2.002472e+02
28008 2.002472e+02
28011 2.002472e+02
28014 2.002472e+02
28017 2.002472e+02
28020 2.002472e+02
28023 2.002472e+02
28026 2.002472e+02
28029 2.002472e+02
28030 2.002471e+02
28031 2.002471e+02
28033 2.002470e+02
28034 2.002470e+02
28036 2.002466e+02
28042 2.002463e+02
28043 2.002463e+02
28046 2.002463e+02
28047 2.002455e+02
28049 2.002451e+02
28050 2.002451e+02
28052 2.002451e+02
28053 2.002451e+02
28056 2.002451e+02
28059 2.002451e+02
28062 2.002451e+02
28065 2.002451e+02
28068 2.002451e+02
28071 2.002451e+02
28074 2.002451e+02
28077 2.002451e+02
28080 2.002451e+02
28083 2.002451e+02
28086 2.002451e+02
28089 2.002451e+02
28092 2.002451e+02
28095 2.002451e+02
28098 2.002451e+02
28101 2.002451e+02
28104 2.002451e+02
28107 2.002451e+02
28110 2.002451e+02
28113 2.002451e+02
28116 2.002451e+02
28119 2.002451e+02
28122 2.002451e+02
28125 2.002451e+02
28128 2.002451e+02
28131 2.002451e+02
28134 2.002451e+02
28137 2.002451e+02
28140 2.002451e+02
28143 2.002451e+02
28146 2.002451e+02
28149 2.002451e+02
28152 2.002451e+02
28155 2.002451e+02
28158 2.002451e+02
28161 2.002451e+02
28164 2.002451e+02
28167 2.002451e+02
28170 2.002451e+02
28173 2.002451e+02
28176 2.002451e+02
28179 2.002451e+02
28182 2.002451e+02
28185 2.002451e+02
28188 2.002451e+02
28191 2.002451e+02
28194 2.002451e+02
28197 2.002451e+02
28200 2.002451e+02
28203 2.002451e+02
28206 2.002451e+02
28209 2.002451e+02
28212 2.002451e+02
28215 2.002451e+02
28218 2.002451e+02
28221 2.002451e+02
28224 2.002451e+02
28227 2.002451e+02
28230 2.002451e+02
28233 2.002451e+02
28236 2.002451e+02
28239 2.002451e+02
28242 2.002451e+02
28245 2.002451e+02
28248 2.002451e+02
28251 2.002451e+02
28254 2.002451e+02
28257 2.002451e+02
28260 2.002451e+02
28263 2.002451e+02
28266 2.002451e+02
28269 2.002451e+02
28272 2.002451e+02
28275 2.002451e+02
28278 2.002451e+02
28281 2.002451e+02
28284 2.002451e+02
28287 2.002451e+02
28290 2.002451e+02
28293 2.002451e+02
28296 2.002451e+02
28299 2.002451e+02
28302 2.002451e+02
28305 2.002451e+02
28308 2.002451e+02
28311 2.002451e+02
28314 2.002451e+02
28317 2.002451e+02
28320 2.002451e+02
28323 2.002451e+02
28326 2.002451e+02
28329 2.002451e+02
28332 2.002451e+02
28334 2.002451e+02
28336 2.002450e+02
28337 2.002450e+02
28339 2.002444e+02
28340 2.002444e+02
28343 2.002444e+02
28344 2.002437e+02
28345 2.002437e+02
28346 2.002430e+02
28347 2.002430e+02
28350 2.002430e+02
28353 2.002430e+02
28356 2.002430e+02
28359 2.002430e+02
28362 2.002430e+02
28365 2.002430e+02
28368 2.002430e+02
28371 2.002430e+02
28374 2.002430e+02
28377 2.002430e+02
28380 2.002430e+02
28383 2.002430e+02
28386 2.002430e+02
28389 2.002430e+02
28392 2.002430e+02
28395 2.002430e+02
28398 2.002430e+02
28401 2.002430e+02
28404 2.002430e+02
28407 2.002430e+02
28410 2.002430e+02
28413 2.002430e+02
28416 2.002430e+02
28419 2.002430e+02
28422 2.002430e+02
28425 2.002430e+02
28428 2.002430e+02
28431 2.002430e+02
28434 2.002430e+02
28437 2.002430e+02
28440 2.002430e+02
28443 2.002430e+02
28446 2.002430e+02
28449 2.002430e+02
28452 2.002430e+02
28455 2.002430e+02
28458 2.002430e+02
28461 2.002430e+02
28464 2.002430e+02
28467 2.002430e+02
28470 2.002430e+02
28473 2.002430e+02
28476 2.002430e+02
28479 2.002430e+02
28482 2.002430e+02
28485 2.002430e+02
28488 2.002430e+02
28491 2.002430e+02
28494 2.002430e+02
28497 2.002430e+02
28500 2.002430e+02
28503 2.002430e+02
28506 2.002430e+02
28509 2.002430e+02
28512 2.002430e+02
28515 2.002430e+02
28518 2.002430e+02
28521 2.002430e+02
28524 2.002430e+02
28527 2.002430e+02
28530 2.002430e+02
28533 2.002430e+02
28536 2.002430e+02
28539 2.002430e+02
28542 2.002430e+02
28545 2.002430e+02
28548 2.002430e+02
28551 2.002430e+02
28554 2.002430e+02
28557 2.002430e+02
28560 2.002430e+02
28563 2.002430e+02
28566 2.002430e+02
28569 2.002430e+02
28572 2.002430e+02
28575 2.002430e+02
28578 2.002430e+02
28581 2.002430e+02
28584 2.002430e+02
28587 2.002430e+02
28590 2.002430e+02
28593 2.002430e+02
28596 2.002430e+02
28599 2.002430e+02
28601 2.002429e+02
28612 2.002421e+02
28613 2.002421e+02
28614 2.002391e+02
28615 2.002391e+02
28618 2.002391e+02
28621 2.002391e+02
28624 2.002391e+02
28627 2.002391e+02
28630 2.002391e+02
28633 2.002391e+02
28636 2.002391e+02
28639 2.002391e+02
28640 2.002387e+02
28642 2.002386e+02
28645 2.002377e+02
28646 2.002377e+02
28649 2.002377e+02
28652 2.002377e+02
28655 2.002377e+02
28658 2.002377e+02
28661 2.002377e+02
28664 2.002377e+02
28667 2.002377e+02
28670 2.002377e+02
28673 2.002377e+02
28676 2.002377e+02
28679 2.002377e+02
28682 2.002377e+02
28685 2.002377e+02
28688 2.002377e+02
28691 2.002377e+02
28694 2.002377e+02
28697 2.002377e+02
28700 2.002377e+02
28703 2.002377e+02
28706 2.002377e+02
28709 2.002377e+02
28712 2.002377e+02
28715 2.002377e+02
28718 2.002377e+02
28721 2.002377e+02
28724 2.002377e+02
28727 2.002377e+02
28730 2.002377e+02
28733 2.002377e+02
28736 2.002377e+02
28739 2.002377e+02
28742 2.002377e+02
28745 2.002377e+02
28748 2.002377e+02
28751 2.002377e+02
28754 2.002377e+02
28757 2.002377e+02
28760 2.002377e+02
28763 2.002377e+02
28766 2.002377e+02
28769 2.002377e+02
28772 2.002377e+02
28775 2.002377e+02
28778 2.002377e+02
28781 2.002377e+02
28784 2.002377e+02
28787 2.002377e+02
28790 2.002377e+02
28793 2.002377e+02
28796 2.002377e+02
28799 2.002377e+02
28802 2.002377e+02
28805 2.002377e+02
28808 2.002377e+02
28811 2.002377e+02
28814 2.002377e+02
28817 2.002377e+02
28820 2.002377e+02
28823 2.002377e+02
28826 2.002377e+02
28829 2.002377e+02
28832 2.002377e+02
28835 2.002377e+02
28838 2.002377e+02
28841 2.002377e+02
28844 2.002377e+02
28847 2.002377e+02
28850 2.002377e+02
28853 2.002377e+02
28856 2.002377e+02
28858 2.002375e+02
28859 2.002375e+02
28862 2.002375e+02
28864 2.002374e+02
29188 2.002374e+02
29189 2.002374e+02
29192 2.002374e+02
29193 2.002374e+02
29196 2.002369e+02
29197 2.002369e+02
29198 2.002367e+02
29199 2.002367e+02
29201 2.002366e+02
29206 2.002356e+02
29208 2.002355e+02
29209 2.002355e+02
29211 2.002353e+02
29212 2.002353e+02
29215 2.002353e+02
29218 2.002353e+02
29221 2.002353e+02
29223 2.002353e+02
29225 2.002352e+02
29226 2.002352e+02
29228 2.002347e+02
29229 2.002347e+02
29232 2.002347e+02
29233 2.002339e+02
29234 2.002339e+02
29235 2.002334e+02
29487 2.002334e+02
29501 2.002331e+02
29503 2.002319e+02
29512 2.002311e+02
29513 2.002311e+02
29515 2.002310e+02
29818 2.002306e+02
29819 2.002306e+02
29822 2.002306e+02
29824 2.002306e+02
29829 2.002296e+02
29831 2.002294e+02
29832 2.002294e+02
29834 2.002293e+02
30234 2.002291e+02
30236 2.002279e+02
30239 2.002277e+02
30240 2.002277e+02
30242 2.002273e+02
30254 2.002273e+02
30255 2.002273e+02
30258 2.002273e+02
30261 2.002273e+02
30264 2.002273e+02
30267 2.002273e+02
30270 2.002273e+02
30273 2.002273e+02
30276 2.002273e+02
30279 2.002273e+02
30282 2.002273e+02
30285 2.002273e+02
30288 2.002273e+02
30291 2.002273e+02
30294 2.002273e+02
30297 2.002273e+02
30300 2.002273e+02
30303 2.002273e+02
30306 2.002273e+02
30309 2.002273e+02
30312 2.002273e+02
30315 2.002273e+02
30318 2.002273e+02
30321 2.002273e+02
30324 2.002273e+02
30327 2.002273e+02
30330 2.002273e+02
30333 2.002273e+02
30336 2.002273e+02
30339 2.002273e+02
30342 2.002273e+02
30345 2.002273e+02
30348 2.002273e+02
30351 2.002273e+02
30354 2.002273e+02
30357 2.002273e+02
30360 2.002273e+02
30363 2.002273e+02
30366 2.002273e+02
30369 2.002273e+02
30372 2.002273e+02
30375 2.002273e+02
30378 2.002273e+02
30381 2.002273e+02
30384 2.002273e+02
30387 2.002273e+02
30390 2.002273e+02
30393 2.002273e+02
30396 2.002273e+02
30399 2.002273e+02
30402 2.002273e+02
30405 2.002273e+02
30408 2.002273e+02
30411 2.002273e+02
30414 2.002273e+02
30417 2.002273e+02
30420 2.002273e+02
30423 2.002273e+02
30426 2.002273e+02
30429 2.002273e+02
30432 2.002273e+02
30435 2.002273e+02
30438 2.002273e+02
30441 2.002273e+02
30444 2.002273e+02
30447 2.002273e+02
30450 2.002273e+02
30453 2.002273e+02
30456 2.002273e+02
30459 2.002273e+02
30462 2.002273e+02
30465 2.002273e+02
30468 2.002273e+02
30471 2.002273e+02
30474 2.002273e+02
30477 2.002273e+02
30480 2.002273e+02
30483 2.002273e+02
30486 2.002273e+02
30489 2.002273e+02
30492 2.002273e+02
30495 2.002273e+02
30498 2.002273e+02
30501 2.002273e+02
30504 2.002273e+02
30507 2.002273e+02
30510 2.002273e+02
30513 2.002273e+02
30516 2.002273e+02
30519 2.002273e+02
30522 2.002273e+02
30525 2.002273e+02
30528 2.002273e+02
30531 2.002273e+02
30534 2.002273e+02
30537 2.002273e+02
30540 2.002273e+02
30543 2.002273e+02
30546 2.002273e+02
30549 2.002273e+02
30551 2.002269e+02
30557 2.002269e+02
30558 2.002269e+02
30561 2.002269e+02
30562 2.002259e+02
30563 2.002259e+02
30564 2.002256e+02
30565 2.002256e+02
30567 2.002255e+02
30581 2.002255e+02
30589 2.002254e+02
30591 2.002245e+02
30846 2.002237e+02
30847 2.002237e+02
30850 2.002237e+02
30852 2.002237e+02
30857 2.002215e+02
31141 2.002215e+02
31144 2.002207e+02
31145 2.002207e+02
31148 2.002207e+02
31151 2.002207e+02
31154 2.002207e+02
31155 2.002204e+02
31157 2.002196e+02
31166 2.002195e+02
31172 2.002192e+02
31173 2.002192e+02
31176 2.002192e+02
31179 2.002192e+02
31182 2.002192e+02
31183 2.002188e+02
31185 2.002176e+02
31186 2.002176e+02
31189 2.002176e+02
31192 2.002176e+02
31195 2.002176e+02
31198 2.002176e+02
31201 2.002176e+02
31204 2.002176e+02
31207 2.002176e+02
31210 2.002176e+02
31213 2.002176e+02
31216 2.002176e+02
31219 2.002176e+02
31222 2.002176e+02
31225 2.002176e+02
31228 2.002176e+02
31231 2.002176e+02
31234 2.002176e+02
31237 2.002176e+02
31240 2.002176e+02
31243 2.002176e+02
31246 2.002176e+02
31249 2.002176e+02
31252 2.002176e+02
31255 2.002176e+02
31258 2.002176e+02
31261 2.002176e+02
31264 2.002176e+02
31267 2.002176e+02
31270 2.002176e+02
31273 2.002176e+02
31276 2.002176e+02
31279 2.002176e+02
31282 2.002176e+02
31285 2.002176e+02
31288 2.002176e+02
31291 2.002176e+02
31294 2.002176e+02
31297 2.002176e+02
31300 2.002176e+02
31303 2.002176e+02
31306 2.002176e+02
31309 2.002176e+02
31312 2.002176e+02
31315 2.002176e+02
31318 2.002176e+02
31321 2.002176e+02
31324 2.002176e+02
31327 2.002176e+02
31330 2.002176e+02
31333 2.002176e+02
31336 2.002176e+02
31339 2.002176e+02
31342 2.002176e+02
31345 2.002176e+02
31348 2.002176e+02
31351 2.002176e+02
31354 2.002176e+02
31357 2.002176e+02
31360 2.002176e+02
31363 2.002176e+02
31366 2.002176e+02
31369 2.002176e+02
31372 2.002176e+02
31375 2.002176e+02
31378 2.002176e+02
31381 2.002176e+02
31384 2.002176e+02
31387 2.002176e+02
31390 2.002176e+02
31393 2.002176e+02
31396 2.002176e+02
31399 2.002176e+02
31402 2.002176e+02
31405 2.002176e+02
31408 2.002176e+02
31411 2.002176e+02
31414 2.002176e+02
31417 2.002176e+02
31420 2.002176e+02
31423 2.002176e+02
31426 2.002176e+02
31429 2.002176e+02
31432 2.002176e+02
31435 2.002176e+02
31438 2.002176e+02
31441 2.002176e+02
31444 2.002176e+02
31447 2.002176e+02
31450 2.002176e+02
31453 2.002176e+02
31456 2.002176e+02
31459 2.002176e+02
31462 2.002176e+02
31465 2.002176e+02
31468 2.002176e+02
31470 2.002174e+02
31471 2.002174e+02
31474 2.002174e+02
31476 2.002173e+02
31477 2.002173e+02
31480 2.002173e+02
31481 2.002163e+02
31483 2.002161e+02
31484 2.002161e+02
31486 2.002160e+02
31487 2.002160e+02
31490 2.002160e+02
31493 2.002160e+02
31496 2.002160e+02
31499 2.002160e+02
31502 2.002160e+02
31505 2.002160e+02
31508 2.002160e+02
31511 2.002160e+02
31514 2.002160e+02
31517 2.002160e+02
31520 2.002160e+02
31523 2.002160e+02
31526 2.002160e+02
31529 2.002160e+02
31532 2.002160e+02
31535 2.002160e+02
31538 2.002160e+02
31541 2.002160e+02
31544 2.002160e+02
31547 2.002160e+02
31550 2.002160e+02
31553 2.002160e+02
31556 2.002160e+02
31559 2.002160e+02
31562 2.002160e+02
31565 2.002160e+02
31568 2.002160e+02
31571 2.002160e+02
31574 2.002160e+02
31577 2.002160e+02
31580 2.002160e+02
31583 2.002160e+02
31586 2.002160e+02
31589 2.002160e+02
31592 2.002160e+02
31595 2.002160e+02
31598 2.002160e+02
31601 2.002160e+02
31604 2.002160e+02
31607 2.002160e+02
31610 2.002160e+02
31613 2.002160e+02
31616 2.002160e+02
31619 2.002160e+02
31622 2.002160e+02
31625 2.002160e+02
31628 2.002160e+02
31631 2.002160e+02
31634 2.002160e+02
31637 2.002160e+02
31640 2.002160e+02
31643 2.002160e+02
31646 2.002160e+02
31649 2.002160e+02
31652 2.002160e+02
31655 2.002160e+02
31658 2.002160e+02
31661 2.002160e+02
31664 2.002160e+02
31667 2.002160e+02
31670 2.002160e+02
31673 2.002160e+02
31676 2.002160e+02
31679 2.002160e+02
31682 2.002160e+02
31685 2.002160e+02
31688 2.002160e+02
31691 2.002160e+02
31694 2.002160e+02
31697 2.002160e+02
31700 2.002160e+02
31703 2.002160e+02
31706 2.002160e+02
31709 2.002160e+02
31712 2.002160e+02
31715 2.002160e+02
31718 2.002160e+02
31721 2.002160e+02
31724 2.002160e+02
31727 2.002160e+02
31730 2.002160e+02
31733 2.002160e+02
31736 2.002160e+02
31739 2.002160e+02
31742 2.002160e+02
31745 2.002160e+02
31748 2.002160e+02
31749 2.002158e+02
31751 2.002146e+02
31760 2.002142e+02
31763 2.002141e+02
32059 2.002140e+02
32060 2.002140e+02
32062 2.002139e+02
32065 2.002133e+02
32066 2.002133e+02
32069 2.002133e+02
32071 2.002131e+02
32072 2.002131e+02
32075 2.002131e+02
32076 2.002125e+02
32077 2.002125e+02
32078 2.002122e+02
32079 2.002122e+02
32081 2.002121e+02
32363 2.002119e+02
32365 2.002119e+02
32368 2.002114e+02
32369 2.002114e+02
32372 2.002114e+02
32373 2.002109e+02
32374 2.002109e+02
32375 2.002103e+02
32376 2.002103e+02
32379 2.002103e+02
32382 2.002103e+02
32385 2.002103e+02
32388 2.002103e+02
32391 2.002103e+02
32394 2.002103e+02
32397 2.002103e+02
32400 2.002103e+02
32403 2.002103e+02
32406 2.002103e+02
32409 2.002103e+02
32412 2.002103e+02
32415 2.002103e+02
32418 2.002103e+02
32421 2.002103e+02
32424 2.002103e+02
32427 2.002103e+02
32430 2.002103e+02
32433 2.002103e+02
32436 2.002103e+02
32439 2.002103e+02
32442 2.002103e+02
32445 2.002103e+02
32448 2.002103e+02
32451 2.002103e+02
32454 2.002103e+02
32457 2.002103e+02
32460 2.002103e+02
32463 2.002103e+02
32466 2.002103e+02
32469 2.002103e+02
32472 2.002103e+02
32475 2.002103e+02
32478 2.002103e+02
32481 2.002103e+02
32484 2.002103e+02
32487 2.002103e+02
32490 2.002103e+02
32493 2.002103e+02
32496 2.002103e+02
32499 2.002103e+02
32502 2.002103e+02
32505 2.002103e+02
32508 2.002103e+02
32511 2.002103e+02
32514 2.002103e+02
32517 2.002103e+02
32520 2.002103e+02
32523 2.002103e+02
32526 2.002103e+02
32529 2.002103e+02
32532 2.002103e+02
32535 2.002103e+02
32538 2.002103e+02
32541 2.002103e+02
32544 2.002103e+02
32547 2.002103e+02
32550 2.002103e+02
32553 2.002103e+02
32556 2.002103e+02
32559 2.002103e+02
32562 2.002103e+02
32565 2.002103e+02
32568 2.002103e+02
32571 2.002103e+02
32574 2.002103e+02
32577 2.002103e+02
32580 2.002103e+02
32583 2.002103e+02
32586 2.002103e+02
32589 2.002103e+02
32592 2.002103e+02
32595 2.002103e+02
32598 2.002103e+02
32601 2.002103e+02
32604 2.002103e+02
32607 2.002103e+02
32610 2.002103e+02
32613 2.002103e+02
32616 2.002103e+02
32619 2.002103e+02
32622 2.002103e+02
32625 2.002103e+02
32627 2.002103e+02
32933 2.002103e+02
32934 2.002103e+02
32937 2.002103e+02
32940 2.002103e+02
32941 2.002099e+02
32942 2.002099e+02
32943 2.002093e+02
32955 2.002092e+02
32956 2.002092e+02
32958 2.002087e+02
32969 2.002085e+02
32971 2.002074e+02
33256 2.002070e+02
33262 2.002069e+02
33267 2.002060e+02
33269 2.002059e+02
33270 2.002059e+02
33272 2.002057e+02
33273 2.002057e+02
33276 2.002057e+02
33279 2.002057e+02
33282 2.002057e+02
33285 2.002057e+02
33288 2.002057e+02
33291 2.002057e+02
33294 2.002057e+02
33297 2.002057e+02
33300 2.002057e+02
33303 2.002057e+02
33306 2.002057e+02
33309 2.002057e+02
33312 2.002057e+02
33315 2.002057e+02
33318 2.002057e+02
33321 2.002057e+02
33324 2.002057e+02
33327 2.002057e+02
33330 2.002057e+02
33333 2.002057e+02
33336 2.002057e+02
33339 2.002057e+02
33342 2.002057e+02
33345 2.002057e+02
33348 2.002057e+02
33351 2.002057e+02
33354 2.002057e+02
33357 2.002057e+02
33360 2.002057e+02
33363 2.002057e+02
33366 2.002057e+02
33369 2.002057e+02
33372 2.002057e+02
33375 2.002057e+02
33378 2.002057e+02
33381 2.002057e+02
33384 2.002057e+02
33387 2.002057e+02
33390 2.002057e+02
33393 2.002057e+02
33396 2.002057e+02
33399 2.002057e+02
33402 2.002057e+02
33405 2.002057e+02
33408 2.002057e+02
33411 2.002057e+02
33414 2.002057e+02
33417 2.002057e+02
33420 2.002057e+02
33423 2.002057e+02
33426 2.002057e+02
33429 2.002057e+02
33432 2.002057e+02
33435 2.002057e+02
33438 2.002057e+02
33441 2.002057e+02
33444 2.002057e+02
33447 2.002057e+02
33450 2.002057e+02
33453 2.002057e+02
33456 2.002057e+02
33459 2.002057e+02
33462 2.002057e+02
33465 2.002057e+02
33468 2.002057e+02
33471 2.002057e+02
33474 2.002057e+02
33477 2.002057e+02
33480 2.002057e+02
33483 2.002057e+02
33486 2.002057e+02
33489 2.002057e+02
33492 2.002057e+02
33495 2.002057e+02
33498 2.002057e+02
33501 2.002057e+02
33504 2.002057e+02
33507 2.002057e+02
33510 2.002057e+02
33513 2.002057e+02
33516 2.002057e+02
33519 2.002057e+02
33522 2.002057e+02
33525 2.002057e+02
33528 2.002057e+02
33531 2.002057e+02
33534 2.002057e+02
33537 2.002057e+02
33540 2.002057e+02
33543 2.002057e+02
33546 2.002057e+02
33549 2.002057e+02
33552 2.002057e+02
33555 2.002057e+02
33558 2.002057e+02
33561 2.002057e+02
33564 2.002057e+02
33565 2.002054e+02
33566 2.002054e+02
33567 2.002049e+02
33819 2.002047e+02
34122 2.002046e+02
34125 2.002045e+02
34128 2.002043e+02
34133 2.002034e+02
34134 2.002034e+02
34135 2.002032e+02
34138 2.002031e+02
34161 2.002027e+02
34162 2.002027e+02
34163 2.002021e+02
34164 2.002021e+02
34167 2.002021e+02
34170 2.002021e+02
34173 2.002021e+02
34176 2.002021e+02
34179 2.002021e+02
34182 2.002021e+02
34185 2.002021e+02
34188 2.002021e+02
34191 2.002021e+02
34194 2.002021e+02
34197 2.002021e+02
34200 2.002021e+02
34203 2.002021e+02
34206 2.002021e+02
34209 2.002021e+02
34212 2.002021e+02
34215 2.002021e+02
34218 2.002021e+02
34221 2.002021e+02
34224 2.002021e+02
34227 2.002021e+02
34230 2.002021e+02
34233 2.002021e+02
34236 2.002021e+02
34239 2.002021e+02
34242 2.002021e+02
34245 2.002021e+02
34248 2.002021e+02
34251 2.002021e+02
34254 2.002021e+02
34257 2.002021e+02
34260 2.002021e+02
34263 2.002021e+02
34266 2.002021e+02
34269 2.002021e+02
34272 2.002021e+02
34275 2.002021e+02
34278 2.002021e+02
34281 2.002021e+02
34284 2.002021e+02
34287 2.002021e+02
34290 2.002021e+02
34293 2.002021e+02
34296 2.002021e+02
34299 2.002021e+02
34302 2.002021e+02
34305 2.002021e+02
34308 2.002021e+02
34311 2.002021e+02
34314 2.002021e+02
34317 2.002021e+02
34320 2.002021e+02
34323 2.002021e+02
34326 2.002021e+02
34329 2.002021e+02
34332 2.002021e+02
34335 2.002021e+02
34338 2.002021e+02
34341 2.002021e+02
34344 2.002021e+02
34347 2.002021e+02
34350 2.002021e+02
34353 2.002021e+02
34356 2.002021e+02
34359 2.002021e+02
34362 2.002021e+02
34365 2.002021e+02
34368 2.002021e+02
34371 2.002021e+02
34374 2.002021e+02
34377 2.002021e+02
34380 2.002021e+02
34383 2.002021e+02
34386 2.002021e+02
34389 2.002021e+02
34392 2.002021e+02
34395 2.002021e+02
34398 2.002021e+02
34401 2.002021e+02
34404 2.002021e+02
34407 2.002021e+02
34410 2.002021e+02
34413 2.002021e+02
34415 2.002021e+02
34416 2.002021e+02
34419 2.002021e+02
34422 2.002021e+02
34425 2.002021e+02
34428 2.002021e+02
34431 2.002021e+02
34434 2.002021e+02
34437 2.002021e+02
34440 2.002021e+02
34443 2.002021e+02
34446 2.002021e+02
34449 2.002021e+02
34452 2.002021e+02
34455 2.002021e+02
34458 2.002021e+02
34461 2.002021e+02
34464 2.002021e+02
34467 2.002021e+02
34470 2.002021e+02
34473 2.002021e+02
34476 2.002021e+02
34479 2.002021e+02
34482 2.002021e+02
34485 2.002021e+02
34488 2.002021e+02
34491 2.002021e+02
34494 2.002021e+02
34497 2.002021e+02
34500 2.002021e+02
34503 2.002021e+02
34506 2.002021e+02
34509 2.002021e+02
34512 2.002021e+02
34515 2.002021e+02
34518 2.002021e+02
34521 2.002021e+02
34524 2.002021e+02
34527 2.002021e+02
34530 2.002021e+02
34533 2.002021e+02
34536 2.002021e+02
34539 2.002021e+02
34542 2.002021e+02
34545 2.002021e+02
34548 2.002021e+02
34551 2.002021e+02
34554 2.002021e+02
34557 2.002021e+02
34560 2.002021e+02
34563 2.002021e+02
34566 2.002021e+02
34569 2.002021e+02
34572 2.002021e+02
34575 2.002021e+02
34578 2.002021e+02
34581 2.002021e+02
34584 2.002021e+02
34587 2.002021e+02
34590 2.002021e+02
34593 2.002021e+02
34596 2.002021e+02
34599 2.002021e+02
34602 2.002021e+02
34605 2.002021e+02
34608 2.002021e+02
34611 2.002021e+02
34614 2.002021e+02
34617 2.002021e+02
34620 2.002021e+02
34623 2.002021e+02
34626 2.002021e+02
34629 2.002021e+02
34632 2.002021e+02
34635 2.002021e+02
34638 2.002021e+02
34641 2.002021e+02
34644 2.002021e+02
34647 2.002021e+02
34650 2.002021e+02
34653 2.002021e+02
34656 2.002021e+02
34659 2.002021e+02
34662 2.002021e+02
34665 2.002021e+02
34668 2.002021e+02
34671 2.002021e+02
34674 2.002021e+02
34677 2.002021e+02
34680 2.002021e+02
34683 2.002021e+02
34686 2.002021e+02
34689 2.002021e+02
34692 2.002021e+02
34695 2.002021e+02
34698 2.002021e+02
34701 2.002021e+02
34704 2.002021e+02
34707 2.002021e+02
34709 2.002021e+02
34718 2.002018e+02
34729 2.002014e+02
34730 2.002014e+02
34731 2.002003e+02
34732 2.002003e+02
34735 2.002003e+02
34738 2.002003e+02
34741 2.002003e+02
34744 2.002003e+02
34746 2.002003e+02
34748 2.002003e+02
34749 2.002003e+02
34751 2.001998e+02
34752 2.001998e+02
34755 2.001998e+02
34756 2.001991e+02
34757 2.001991e+02
34758 2.001987e+02
35010 2.001986e+02
35011 2.001986e+02
35014 2.001986e+02
35017 2.001986e+02
35020 2.001986e+02
35023 2.001986e+02
35024 2.001986e+02
35026 2.001975e+02
35029 2.001974e+02
35030 2.001974e+02
35032 2.001969e+02
35044 2.001969e+02
35341 2.001966e+02
35347 2.001965e+02
35348 2.001965e+02
35351 2.001965e+02
35352 2.001956e+02
35353 2.001956e+02
35354 2.001954e+02
35355 2.001954e+02
35357 2.001953e+02
35358 2.001953e+02
35361 2.001953e+02
35364 2.001953e+02
35367 2.001953e+02
35370 2.001953e+02
35373 2.001953e+02
35376 2.001953e+02
35379 2.001953e+02
35382 2.001953e+02
35385 2.001953e+02
35388 2.001953e+02
35391 2.001953e+02
35394 2.001953e+02
35397 2.001953e+02
35400 2.001953e+02
35403 2.001953e+02
35406 2.001953e+02
35409 2.001953e+02
35412 2.001953e+02
35415 2.001953e+02
35418 2.001953e+02
35421 2.001953e+02
35424 2.001953e+02
35427 2.001953e+02
35430 2.001953e+02
35433 2.001953e+02
35436 2.001953e+02
35439 2.001953e+02
35442 2.001953e+02
35445 2.001953e+02
35448 2.001953e+02
35451 2.001953e+02
35454 2.001953e+02
35457 2.001953e+02
35460 2.001953e+02
35463 2.001953e+02
35466 2.001953e+02
35469 2.001953e+02
35472 2.001953e+02
35475 2.001953e+02
35478 2.001953e+02
35481 2.001953e+02
35484 2.001953e+02
35487 2.001953e+02
35490 2.001953e+02
35493 2.001953e+02
35496 2.001953e+02
35499 2.001953e+02
35502 2.001953e+02
35505 2.001953e+02
35508 2.001953e+02
35511 2.001953e+02
35514 2.001953e+02
35517 2.001953e+02
35520 2.001953e+02
35523 2.001953e+02
35526 2.001953e+02
35529 2.001953e+02
35532 2.001953e+02
35535 2.001953e+02
35538 2.001953e+02
35541 2.001953e+02
35544 2.001953e+02
35547 2.001953e+02
35550 2.001953e+02
35553 2.001953e+02
35556 2.001953e+02
35559 2.001953e+02
35562 2.001953e+02
35565 2.001953e+02
35568 2.001953e+02
35571 2.001953e+02
35574 2.001953e+02
35577 2.001953e+02
35580 2.001953e+02
35583 2.001953e+02
35586 2.001953e+02
35589 2.001953e+02
35592 2.001953e+02
35595 2.001953e+02
35598 2.001953e+02
35601 2.001953e+02
35604 2.001953e+02
35607 2.001953e+02
35610 2.001953e+02
35613 2.001953e+02
35616 2.001953e+02
35619 2.001953e+02
35622 2.001953e+02
35625 2.001953e+02
35628 2.001953e+02
35631 2.001953e+02
35634 2.001953e+02
35637 2.001953e+02
35640 2.001953e+02
35641 2.001953e+02
35642 2.001953e+02
35645 2.001953e+02
35648 2.001953e+02
35649 2.001953e+02
35650 2.001953e+02
35651 2.001944e+02
35652 2.001944e+02
35655 2.001944e+02
35658 2.001944e+02
35661 2.001944e+02
35664 2.001944e+02
35667 2.001944e+02
35670 2.001944e+02
35673 2.001944e+02
35676 2.001944e+02
35679 2.001944e+02
35682 2.001944e+02
35685 2.001944e+02
35688 2.001944e+02
35691 2.001944e+02
35694 2.001944e+02
35697 2.001944e+02
35700 2.001944e+02
35703 2.001944e+02
35706 2.001944e+02
35709 2.001944e+02
35712 2.001944e+02
35715 2.001944e+02
35718 2.001944e+02
35721 2.001944e+02
35724 2.001944e+02
35727 2.001944e+02
35730 2.001944e+02
35733 2.001944e+02
35736 2.001944e+02
35739 2.001944e+02
35742 2.001944e+02
35745 2.001944e+02
35748 2.001944e+02
35751 2.001944e+02
35754 2.001944e+02
35757 2.001944e+02
35760 2.001944e+02
35763 2.001944e+02
35766 2.001944e+02
35769 2.001944e+02
35772 2.001944e+02
35775 2.001944e+02
35778 2.001944e+02
35781 2.001944e+02
35784 2.001944e+02
35787 2.001944e+02
35790 2.001944e+02
35793 2.001944e+02
35796 2.001944e+02
35799 2.001944e+02
35802 2.001944e+02
35805 2.001944e+02
35808 2.001944e+02
35811 2.001944e+02
35814 2.001944e+02
35817 2.001944e+02
35820 2.001944e+02
35823 2.001944e+02
35826 2.001944e+02
35829 2.001944e+02
35832 2.001944e+02
35835 2.001944e+02
35838 2.001944e+02
35841 2.001944e+02
35844 2.001944e+02
35847 2.001944e+02
35850 2.001944e+02
35853 2.001944e+02
35856 2.001944e+02
35859 2.001944e+02
35862 2.001944e+02
35865 2.001944e+02
35868 2.001944e+02
35871 2.001944e+02
35874 2.001944e+02
35877 2.001944e+02
35880 2.001944e+02
35883 2.001944e+02
35886 2.001944e+02
35889 2.001944e+02
35892 2.001944e+02
35895 2.001944e+02
35898 2.001944e+02
35900 2.001944e+02
36206 2.001943e+02
36207 2.001943e+02
36209 2.001942e+02
36217 2.001938e+02
36219 2.001926e+02
36245 2.001924e+02
36246 2.001924e+02
36247 2.001918e+02
36248 2.001918e+02
36251 2.001918e+02
36254 2.001918e+02
36257 2.001918e+02
36260 2.001918e+02
36263 2.001918e+02
36266 2.001918e+02
36269 2.001918e+02
36272 2.001918e+02
36275 2.001918e+02
36278 2.001918e+02
36281 2.001918e+02
36284 2.001918e+02
36287 2.001918e+02
36290 2.001918e+02
36293 2.001918e+02
36296 2.001918e+02
36299 2.001918e+02
36302 2.001918e+02
36305 2.001918e+02
36308 2.001918e+02
36311 2.001918e+02
36314 2.001918e+02
36317 2.001918e+02
36320 2.001918e+02
36323 2.001918e+02
36326 2.001918e+02
36329 2.001918e+02
36332 2.001918e+02
36335 2.001918e+02
36338 2.001918e+02
36341 2.001918e+02
36344 2.001918e+02
36347 2.001918e+02
36350 2.001918e+02
36353 2.001918e+02
36356 2.001918e+02
36359 2.001918e+02
36362 2.001918e+02
36365 2.001918e+02
36368 2.001918e+02
36371 2.001918e+02
36374 2.001918e+02
36377 2.001918e+02
36380 2.001918e+02
36383 2.001918e+02
36386 2.001918e+02
36389 2.001918e+02
36392 2.001918e+02
36395 2.001918e+02
36398 2.001918e+02
36401 2.001918e+02
36404 2.001918e+02
36407 2.001918e+02
36410 2.001918e+02
36413 2.001918e+02
36416 2.001918e+02
36419 2.001918e+02
36422 2.001918e+02
36425 2.001918e+02
36428 2.001918e+02
36431 2.001918e+02
36434 2.001918e+02
36437 2.001918e+02
36440 2.001918e+02
36443 2.001918e+02
36446 2.001918e+02
36449 2.001918e+02
36452 2.001918e+02
36455 2.001918e+02
36458 2.001918e+02
36461 2.001918e+02
36464 2.001918e+02
36467 2.001918e+02
36470 2.001918e+02
36473 2.001918e+02
36476 2.001918e+02
36479 2.001918e+02
36482 2.001918e+02
36485 2.001918e+02
36488 2.001918e+02
36491 2.001918e+02
36494 2.001918e+02
36497 2.001918e+02
36499 2.001917e+02
36802 2.001915e+02
36805 2.001915e+02
36808 2.001913e+02
36809 2.001913e+02
36812 2.001913e+02
36813 2.001905e+02
36815 2.001902e+02
36816 2.001902e+02
36818 2.001902e+02
36823 2.001900e+02
36826 2.001900e+02
36829 2.001900e+02
36830 2.001900e+02
36833 2.001900e+02
36835 2.001895e+02
36840 2.001889e+02
37119 2.001888e+02
37139 2.001886e+02
37140 2.001886e+02
37143 2.001886e+02
37146 2.001886e+02
37149 2.001886e+02
37152 2.001886e+02
37155 2.001886e+02
37158 2.001886e+02
37161 2.001886e+02
37164 2.001886e+02
37167 2.001886e+02
37170 2.001886e+02
37173 2.001886e+02
37176 2.001886e+02
37179 2.001886e+02
37182 2.001886e+02
37185 2.001886e+02
37188 2.001886e+02
37191 2.001886e+02
37194 2.001886e+02
37197 2.001886e+02
37200 2.001886e+02
37203 2.001886e+02
37206 2.001886e+02
37209 2.001886e+02
37212 2.001886e+02
37215 2.001886e+02
37218 2.001886e+02
37221 2.001886e+02
37224 2.001886e+02
37227 2.001886e+02
37230 2.001886e+02
37233 2.001886e+02
37236 2.001886e+02
37239 2.001886e+02
37242 2.001886e+02
37245 2.001886e+02
37248 2.001886e+02
37251 2.001886e+02
37254 2.001886e+02
37257 2.001886e+02
37260 2.001886e+02
37263 2.001886e+02
37266 2.001886e+02
37269 2.001886e+02
37272 2.001886e+02
37275 2.001886e+02
37278 2.001886e+02
37281 2.001886e+02
37284 2.001886e+02
37287 2.001886e+02
37290 2.001886e+02
37293 2.001886e+02
37296 2.001886e+02
37299 2.001886e+02
37302 2.001886e+02
37305 2.001886e+02
37308 2.001886e+02
37311 2.001886e+02
37314 2.001886e+02
37317 2.001886e+02
37320 2.001886e+02
37323 2.001886e+02
37326 2.001886e+02
37329 2.001886e+02
37332 2.001886e+02
37335 2.001886e+02
37338 2.001886e+02
37341 2.001886e+02
37344 2.001886e+02
37347 2.001886e+02
37350 2.001886e+02
37353 2.001886e+02
37356 2.001886e+02
37359 2.001886e+02
37362 2.001886e+02
37365 2.001886e+02
37368 2.001886e+02
37371 2.001886e+02
37374 2.001886e+02
37377 2.001886e+02
37380 2.001886e+02
37383 2.001886e+02
37386 2.001886e+02
37388 2.001885e+02
37697 2.001882e+02
37698 2.001882e+02
37701 2.001882e+02
37703 2.001881e+02
37708 2.001874e+02
37722 2.001874e+02
37725 2.001868e+02
37727 2.001867e+02
37728 2.001867e+02
37730 2.001866e+02
37731 2.001866e+02
37734 2.001866e+02
37735 2.001860e+02
37736 2.001860e+02
37739 2.001860e+02
37742 2.001860e+02
37745 2.001860e+02
37748 2.001860e+02
37751 2.001860e+02
37754 2.001860e+02
37757 2.001860e+02
37760 2.001860e+02
37763 2.001860e+02
37766 2.001860e+02
37769 2.001860e+02
37772 2.001860e+02
37775 2.001860e+02
37778 2.001860e+02
37781 2.001860e+02
37784 2.001860e+02
37787 2.001860e+02
37790 2.001860e+02
37793 2.001860e+02
37796 2.001860e+02
37799 2.001860e+02
37802 2.001860e+02
37805 2.001860e+02
37808 2.001860e+02
37811 2.001860e+02
37814 2.001860e+02
37817 2.001860e+02
37820 2.001860e+02
37823 2.001860e+02
37826 2.001860e+02
37829 2.001860e+02
37832 2.001860e+02
37835 2.001860e+02
37838 2.001860e+02
37841 2.001860e+02
37844 2.001860e+02
37847 2.001860e+02
37850 2.001860e+02
37853 2.001860e+02
37856 2.001860e+02
37859 2.001860e+02
37862 2.001860e+02
37865 2.001860e+02
37868 2.001860e+02
37871 2.001860e+02
37874 2.001860e+02
37877 2.001860e+02
37880 2.001860e+02
37883 2.001860e+02
37886 2.001860e+02
37889 2.001860e+02
37892 2.001860e+02
37895 2.001860e+02
37898 2.001860e+02
37901 2.001860e+02
37904 2.001860e+02
37907 2.001860e+02
37910 2.001860e+02
37913 2.001860e+02
37916 2.001860e+02
37919 2.001860e+02
37922 2.001860e+02
37925 2.001860e+02
37928 2.001860e+02
37931 2.001860e+02
37934 2.001860e+02
37937 2.001860e+02
37940 2.001860e+02
37943 2.001860e+02
37946 2.001860e+02
37949 2.001860e+02
37952 2.001860e+02
37955 2.001860e+02
37958 2.001860e+02
37961 2.001860e+02
37964 2.001860e+02
37967 2.001860e+02
37970 2.001860e+02
37973 2.001860e+02
37976 2.001860e+02
37979 2.001860e+02
37982 2.001860e+02
37985 2.001860e+02
37988 2.001860e+02
37991 2.001860e+02
37994 2.001860e+02
37997 2.001860e+02
38000 2.001860e+02
38003 2.001860e+02
38006 2.001860e+02
38009 2.001860e+02
38012 2.001860e+02
38015 2.001860e+02
38018 2.001860e+02
38021 2.001860e+02
38023 2.001859e+02
38024 2.001859e+02
38025 2.001858e+02
38026 2.001858e+02
38028 2.001853e+02
38029 2.001853e+02
38032 2.001853e+02
38033 2.001850e+02
38034 2.001850e+02
38037 2.001850e+02
38040 2.001850e+02
38043 2.001850e+02
38046 2.001850e+02
38049 2.001850e+02
38052 2.001850e+02
38055 2.001850e+02
38058 2.001850e+02
38061 2.001850e+02
38064 2.001850e+02
38067 2.001850e+02
38070 2.001850e+02
38073 2.001850e+02
38076 2.001850e+02
38079 2.001850e+02
38082 2.001850e+02
38085 2.001850e+02
38088 2.001850e+02
38091 2.001850e+02
38094 2.001850e+02
38097 2.001850e+02
38100 2.001850e+02
38103 2.001850e+02
38106 2.001850e+02
38109 2.001850e+02
38112 2.001850e+02
38115 2.001850e+02
38118 2.001850e+02
38121 2.001850e+02
38124 2.001850e+02
38127 2.001850e+02
38130 2.001850e+02
38133 2.001850e+02
38136 2.001850e+02
38139 2.001850e+02
38142 2.001850e+02
38145 2.001850e+02
38148 2.001850e+02
38151 2.001850e+02
38154 2.001850e+02
38157 2.001850e+02
38160 2.001850e+02
38163 2.001850e+02
38166 2.001850e+02
38169 2.001850e+02
38172 2.001850e+02
38175 2.001850e+02
38178 2.001850e+02
38181 2.001850e+02
38184 2.001850e+02
38187 2.001850e+02
38190 2.001850e+02
38193 2.001850e+02
38196 2.001850e+02
38199 2.001850e+02
38202 2.001850e+02
38205 2.001850e+02
38208 2.001850e+02
38211 2.001850e+02
38214 2.001850e+02
38217 2.001850e+02
38220 2.001850e+02
38223 2.001850e+02
38226 2.001850e+02
38229 2.001850e+02
38232 2.001850e+02
38235 2.001850e+02
38238 2.001850e+02
38241 2.001850e+02
38244 2.001850e+02
38247 2.001850e+02
38250 2.001850e+02
38253 2.001850e+02
38256 2.001850e+02
38259 2.001850e+02
38262 2.001850e+02
38265 2.001850e+02
38268 2.001850e+02
38271 2.001850e+02
38274 2.001850e+02
38277 2.001850e+02
38280 2.001850e+02
38282 2.001850e+02
38283 2.001850e+02
38286 2.001850e+02
38289 2.001850e+02
38292 2.001850e+02
38295 2.001850e+02
38298 2.001850e+02
38301 2.001850e+02
38304 2.001850e+02
38307 2.001850e+02
38310 2.001850e+02
38313 2.001850e+02
38316 2.001850e+02
38319 2.001850e+02
38322 2.001850e+02
38325 2.001850e+02
38328 2.001850e+02
38331 2.001850e+02
38334 2.001850e+02
38337 2.001850e+02
38340 2.001850e+02
38343 2.001850e+02
38346 2.001850e+02
38349 2.001850e+02
38352 2.001850e+02
38355 2.001850e+02
38358 2.001850e+02
38361 2.001850e+02
38364 2.001850e+02
38367 2.001850e+02
38370 2.001850e+02
38373 2.001850e+02
38376 2.001850e+02
38379 2.001850e+02
38382 2.001850e+02
38385 2.001850e+02
38388 2.001850e+02
38391 2.001850e+02
38394 2.001850e+02
38397 2.001850e+02
38400 2.001850e+02
38403 2.001850e+02
38406 2.001850e+02
38409 2.001850e+02
38412 2.001850e+02
38415 2.001850e+02
38418 2.001850e+02
38421 2.001850e+02
38424 2.001850e+02
38427 2.001850e+02
38430 2.001850e+02
38433 2.001850e+02
38436 2.001850e+02
38439 2.001850e+02
38442 2.001850e+02
38445 2.001850e+02
38448 2.001850e+02
38451 2.001850e+02
38454 2.001850e+02
38457 2.001850e+02
38460 2.001850e+02
38463 2.001850e+02
38466 2.001850e+02
38469 2.001850e+02
38472 2.001850e+02
38475 2.001850e+02
38478 2.001850e+02
38481 2.001850e+02
38484 2.001850e+02
38487 2.001850e+02
38490 2.001850e+02
38493 2.001850e+02
38496 2.001850e+02
38499 2.001850e+02
38502 2.001850e+02
38505 2.001850e+02
38508 2.001850e+02
38511 2.001850e+02
38514 2.001850e+02
38517 2.001850e+02
38520 2.001850e+02
38523 2.001850e+02
38526 2.001850e+02
38529 2.001850e+02
38532 2.001850e+02
38535 2.001850e+02
38538 2.001850e+02
38541 2.001850e+02
38544 2.001850e+02
38547 2.001850e+02
38550 2.001850e+02
38553 2.001850e+02
38556 2.001850e+02
38559 2.001850e+02
38562 2.001850e+02
38565 2.001850e+02
38568 2.001850e+02
38571 2.001850e+02
38574 2.001850e+02
38577 2.001850e+02
38580 2.001850e+02
38583 2.001850e+02
38586 2.001850e+02
38589 2.001850e+02
38591 2.001849e+02
38592 2.001849e+02
38593 2.001849e+02
38594 2.001849e+02
38596 2.001845e+02
38601 2.001841e+02
38602 2.001841e+02
38605 2.001841e+02
38608 2.001841e+02
38610 2.001840e+02
38615 2.001840e+02
38618 2.001834e+02
38620 2.001833e+02
38621 2.001833e+02
38624 2.001833e+02
38627 2.001833e+02
38630 2.001833e+02
38633 2.001833e+02
38636 2.001833e+02
38639 2.001833e+02
38642 2.001833e+02
38645 2.001833e+02
38648 2.001833e+02
38651 2.001833e+02
38654 2.001833e+02
38657 2.001833e+02
38660 2.001833e+02
38663 2.001833e+02
38666 2.001833e+02
38669 2.001833e+02
38672 2.001833e+02
38675 2.001833e+02
38678 2.001833e+02
38681 2.001833e+02
38684 2.001833e+02
38687 2.001833e+02
38690 2.001833e+02
38693 2.001833e+02
38696 2.001833e+02
38699 2.001833e+02
38702 2.001833e+02
38705 2.001833e+02
38708 2.001833e+02
38711 2.001833e+02
38714 2.001833e+02
38717 2.001833e+02
38720 2.001833e+02
38723 2.001833e+02
38726 2.001833e+02
38729 2.001833e+02
38732 2.001833e+02
38735 2.001833e+02
38738 2.001833e+02
38741 2.001833e+02
38744 2.001833e+02
38747 2.001833e+02
38750 2.001833e+02
38753 2.001833e+02
38756 2.001833e+02
38759 2.001833e+02
38762 2.001833e+02
38765 2.001833e+02
38768 2.001833e+02
38771 2.001833e+02
38774 2.001833e+02
38777 2.001833e+02
38780 2.001833e+02
38783 2.001833e+02
38786 2.001833e+02
38789 2.001833e+02
38792 2.001833e+02
38795 2.001833e+02
38798 2.001833e+02
38801 2.001833e+02
38804 2.001833e+02
38807 2.001833e+02
38810 2.001833e+02
38813 2.001833e+02
38816 2.001833e+02
38819 2.001833e+02
38822 2.001833e+02
38825 2.001833e+02
38828 2.001833e+02
38831 2.001833e+02
38834 2.001833e+02
38837 2.001833e+02
38840 2.001833e+02
38843 2.001833e+02
38846 2.001833e+02
38849 2.001833e+02
38852 2.001833e+02
38855 2.001833e+02
38858 2.001833e+02
38861 2.001833e+02
38864 2.001833e+02
38867 2.001833e+02
38870 2.001833e+02
38873 2.001833e+02
38876 2.001833e+02
38879 2.001833e+02
38882 2.001833e+02
38883 2.001832e+02
38884 2.001832e+02
38886 2.001826e+02
38887 2.001826e+02
38888 2.001825e+02
38906 2.001825e+02
38907 2.001825e+02
38910 2.001825e+02
38911 2.001823e+02
38912 2.001823e+02
38915 2.001823e+02
38916 2.001822e+02
38924 2.001821e+02
38925 2.001821e+02
38928 2.001821e+02
38931 2.001821e+02
38934 2.001821e+02
38937 2.001821e+02
38940 2.001821e+02
38943 2.001821e+02
38946 2.001821e+02
38949 2.001821e+02
38952 2.001821e+02
38955 2.001821e+02
38958 2.001821e+02
38961 2.001821e+02
38964 2.001821e+02
38967 2.001821e+02
38970 2.001821e+02
38973 2.001821e+02
38976 2.001821e+02
38979 2.001821e+02
38982 2.001821e+02
38985 2.001821e+02
38988 2.001821e+02
38991 2.001821e+02
38994 2.001821e+02
38997 2.001821e+02
39000 2.001821e+02
39003 2.001821e+02
39006 2.001821e+02
39009 2.001821e+02
39012 2.001821e+02
39015 2.001821e+02
39018 2.001821e+02
39021 2.001821e+02
39024 2.001821e+02
39027 2.001821e+02
39030 2.001821e+02
39033 2.001821e+02
39036 2.001821e+02
39039 2.001821e+02
39042 2.001821e+02
39045 2.001821e+02
39048 2.001821e+02
39051 2.001821e+02
39054 2.001821e+02
39057 2.001821e+02
39060 2.001821e+02
39063 2.001821e+02
39066 2.001821e+02
39069 2.001821e+02
39072 2.001821e+02
39075 2.001821e+02
39078 2.001821e+02
39081 2.001821e+02
39084 2.001821e+02
39087 2.001821e+02
39090 2.001821e+02
39093 2.001821e+02
39096 2.001821e+02
39099 2.001821e+02
39102 2.001821e+02
39105 2.001821e+02
39108 2.001821e+02
39111 2.001821e+02
39114 2.001821e+02
39117 2.001821e+02
39120 2.001821e+02
39123 2.001821e+02
39125 2.001812e+02
39206 2.001808e+02
39214 2.001807e+02
39484 2.001807e+02
39485 2.001807e+02
39488 2.001807e+02
39491 2.001807e+02
39494 2.001807e+02
39497 2.001807e+02
39500 2.001807e+02
39503 2.001807e+02
39506 2.001807e+02
39509 2.001807e+02
39512 2.001807e+02
39515 2.001807e+02
39518 2.001807e+02
39521 2.001807e+02
39524 2.001807e+02
39527 2.001807e+02
39530 2.001807e+02
39533 2.001807e+02
39536 2.001807e+02
39539 2.001807e+02
39542 2.001807e+02
39545 2.001807e+02
39548 2.001807e+02
39551 2.001807e+02
39554 2.001807e+02
39557 2.001807e+02
39560 2.001807e+02
39563 2.001807e+02
39566 2.001807e+02
39569 2.001807e+02
39572 2.001807e+02
39575 2.001807e+02
39578 2.001807e+02
39581 2.001807e+02
39584 2.001807e+02
39587 2.001807e+02
39590 2.001807e+02
39593 2.001807e+02
39596 2.001807e+02
39599 2.001807e+02
39602 2.001807e+02
39605 2.001807e+02
39608 2.001807e+02
39611 2.001807e+02
39614 2.001807e+02
39617 2.001807e+02
39620 2.001807e+02
39623 2.001807e+02
39626 2.001807e+02
39629 2.001807e+02
39632 2.001807e+02
39635 2.001807e+02
39638 2.001807e+02
39641 2.001807e+02
39644 2.001807e+02
39647 2.001807e+02
39650 2.001807e+02
39653 2.001807e+02
39656 2.001807e+02
39659 2.001807e+02
39662 2.001807e+02
39665 2.001807e+02
39668 2.001807e+02
39671 2.001807e+02
39674 2.001807e+02
39677 2.001807e+02
39680 2.001807e+02
39683 2.001807e+02
39686 2.001807e+02
39689 2.001807e+02
39692 2.001807e+02
39695 2.001807e+02
39698 2.001807e+02
39701 2.001807e+02
39704 2.001807e+02
39707 2.001807e+02
39710 2.001807e+02
39713 2.001807e+02
39716 2.001807e+02
39719 2.001807e+02
39722 2.001807e+02
39725 2.001807e+02
39728 2.001807e+02
39731 2.001807e+02
39734 2.001807e+02
39737 2.001807e+02
39740 2.001807e+02
39743 2.001807e+02
39746 2.001807e+02
39749 2.001807e+02
39752 2.001807e+02
39755 2.001807e+02
39758 2.001807e+02
39761 2.001807e+02
39764 2.001807e+02
39767 2.001807e+02
39770 2.001807e+02
39773 2.001807e+02
39776 2.001807e+02
39779 2.001807e+02
39782 2.001807e+02
39785 2.001807e+02
39788 2.001807e+02
39791 2.001807e+02
39794 2.001807e+02
39797 2.001807e+02
39800 2.001807e+02
39803 2.001807e+02
39806 2.001807e+02
39807 2.001806e+02
39810 2.001804e+02
39812 2.001803e+02
39813 2.001803e+02
39815 2.001803e+02
39816 2.001803e+02
39818 2.001802e+02
39819 2.001802e+02
39820 2.001800e+02
39825 2.001800e+02
40067 2.001800e+02
40079 2.001796e+02
40080 2.001796e+02
40083 2.001796e+02
40086 2.001796e+02
40089 2.001796e+02
40092 2.001796e+02
40095 2.001796e+02
40098 2.001796e+02
40101 2.001796e+02
40104 2.001796e+02
40107 2.001796e+02
40109 2.001795e+02
40406 2.001794e+02
40407 2.001794e+02
40408 2.001794e+02
40411 2.001789e+02
40416 2.001786e+02
40417 2.001786e+02
40420 2.001786e+02
40423 2.001786e+02
40426 2.001786e+02
40429 2.001786e+02
40432 2.001786e+02
40435 2.001786e+02
40438 2.001786e+02
40441 2.001786e+02
40444 2.001786e+02
40447 2.001786e+02
40450 2.001786e+02
40453 2.001786e+02
40456 2.001786e+02
40459 2.001786e+02
40462 2.001786e+02
40465 2.001786e+02
40468 2.001786e+02
40471 2.001786e+02
40474 2.001786e+02
40477 2.001786e+02
40480 2.001786e+02
40483 2.001786e+02
40486 2.001786e+02
40489 2.001786e+02
40492 2.001786e+02
40495 2.001786e+02
40498 2.001786e+02
40501 2.001786e+02
40504 2.001786e+02
40507 2.001786e+02
40510 2.001786e+02
40513 2.001786e+02
40516 2.001786e+02
40519 2.001786e+02
40522 2.001786e+02
40525 2.001786e+02
40528 2.001786e+02
40531 2.001786e+02
40534 2.001786e+02
40537 2.001786e+02
40540 2.001786e+02
40543 2.001786e+02
40546 2.001786e+02
40549 2.001786e+02
40552 2.001786e+02
40555 2.001786e+02
40558 2.001786e+02
40561 2.001786e+02
40564 2.001786e+02
40567 2.001786e+02
40570 2.001786e+02
40573 2.001786e+02
40576 2.001786e+02
40579 2.001786e+02
40582 2.001786e+02
40585 2.001786e+02
40588 2.001786e+02
40591 2.001786e+02
40594 2.001786e+02
40597 2.001786e+02
40600 2.001786e+02
40603 2.001786e+02
40606 2.001786e+02
40609 2.001786e+02
40612 2.001786e+02
40615 2.001786e+02
40618 2.001786e+02
40621 2.001786e+02
40624 2.001786e+02
40627 2.001786e+02
40630 2.001786e+02
40633 2.001786e+02
40636 2.001786e+02
40639 2.001786e+02
40642 2.001786e+02
40645 2.001786e+02
40648 2.001786e+02
40651 2.001786e+02
40654 2.001786e+02
40657 2.001786e+02
40660 2.001786e+02
40663 2.001786e+02
40665 2.001785e+02
40974 2.001784e+02
40975 2.001784e+02
40978 2.001784e+02
40980 2.001783e+02
40985 2.001776e+02
40986 2.001776e+02
40989 2.001776e+02
40992 2.001776e+02
40995 2.001776e+02
40998 2.001776e+02
40999 2.001775e+02
41000 2.001775e+02
41002 2.001771e+02
41003 2.001771e+02
41004 2.001769e+02
41012 2.001769e+02
41017 2.001763e+02
41236 2.001762e+02
41237 2.001762e+02
41240 2.001762e+02
41243 2.001762e+02
41246 2.001762e+02
41249 2.001762e+02
41252 2.001762e+02
41255 2.001762e+02
41258 2.001762e+02
41261 2.001762e+02
41264 2.001762e+02
41267 2.001762e+02
41270 2.001762e+02
41273 2.001762e+02
41276 2.001762e+02
41279 2.001762e+02
41282 2.001762e+02
41285 2.001762e+02
41288 2.001762e+02
41291 2.001762e+02
41294 2.001762e+02
41297 2.001762e+02
41300 2.001762e+02
41302 2.001762e+02
41595 2.001762e+02
41596 2.001762e+02
41598 2.001757e+02
41600 2.001755e+02
41863 2.001755e+02
41864 2.001755e+02
41866 2.001750e+02
41868 2.001748e+02
41869 2.001748e+02
41872 2.001748e+02
41875 2.001748e+02
41878 2.001748e+02
41881 2.001748e+02
41884 2.001748e+02
41886 2.001747e+02
41887 2.001747e+02
41890 2.001747e+02
41891 2.001747e+02
41896 2.001744e+02
41904 2.001744e+02
41905 2.001744e+02
41908 2.001744e+02
41911 2.001744e+02
41914 2.001744e+02
41917 2.001744e+02
41920 2.001744e+02
41923 2.001744e+02
41926 2.001744e+02
41929 2.001744e+02
41932 2.001744e+02
41935 2.001744e+02
41938 2.001744e+02
41941 2.001744e+02
41944 2.001744e+02
41947 2.001744e+02
41950 2.001744e+02
41953 2.001744e+02
41956 2.001744e+02
41959 2.001744e+02
41962 2.001744e+02
41965 2.001744e+02
41968 2.001744e+02
41971 2.001744e+02
41974 2.001744e+02
41977 2.001744e+02
41980 2.001744e+02
41983 2.001744e+02
41986 2.001744e+02
41989 2.001744e+02
41992 2.001744e+02
41995 2.001744e+02
41998 2.001744e+02
42001 2.001744e+02
42004 2.001744e+02
42007 2.001744e+02
42010 2.001744e+02
42013 2.001744e+02
42016 2.001744e+02
42019 2.001744e+02
42022 2.001744e+02
42025 2.001744e+02
42028 2.001744e+02
42031 2.001744e+02
42034 2.001744e+02
42037 2.001744e+02
42040 2.001744e+02
42043 2.001744e+02
42046 2.001744e+02
42049 2.001744e+02
42052 2.001744e+02
42055 2.001744e+02
42058 2.001744e+02
42061 2.001744e+02
42064 2.001744e+02
42067 2.001744e+02
42070 2.001744e+02
42073 2.001744e+02
42076 2.001744e+02
42079 2.001744e+02
42082 2.001744e+02
42085 2.001744e+02
42088 2.001744e+02
42091 2.001744e+02
42094 2.001744e+02
42097 2.001744e+02
42100 2.001744e+02
42103 2.001744e+02
42105 2.001737e+02
42186 2.001735e+02
42187 2.001735e+02
42190 2.001735e+02
42193 2.001735e+02
42194 2.001733e+02
42195 2.001733e+02
42198 2.001733e+02
42201 2.001733e+02
42204 2.001733e+02
42207 2.001733e+02
42210 2.001733e+02
42213 2.001733e+02
42216 2.001733e+02
42219 2.001733e+02
42222 2.001733e+02
42225 2.001733e+02
42228 2.001733e+02
42231 2.001733e+02
42234 2.001733e+02
42237 2.001733e+02
42240 2.001733e+02
42243 2.001733e+02
42246 2.001733e+02
42249 2.001733e+02
42252 2.001733e+02
42255 2.001733e+02
42258 2.001733e+02
42261 2.001733e+02
42264 2.001733e+02
42267 2.001733e+02
42270 2.001733e+02
42273 2.001733e+02
42276 2.001733e+02
42279 2.001733e+02
42282 2.001733e+02
42285 2.001733e+02
42288 2.001733e+02
42291 2.001733e+02
42294 2.001733e+02
42297 2.001733e+02
42300 2.001733e+02
42303 2.001733e+02
42306 2.001733e+02
42309 2.001733e+02
42312 2.001733e+02
42315 2.001733e+02
42318 2.001733e+02
42321 2.001733e+02
42324 2.001733e+02
42327 2.001733e+02
42330 2.001733e+02
42333 2.001733e+02
42336 2.001733e+02
42339 2.001733e+02
42342 2.001733e+02
42345 2.001733e+02
42348 2.001733e+02
42351 2.001733e+02
42354 2.001733e+02
42357 2.001733e+02
42360 2.001733e+02
42363 2.001733e+02
42366 2.001733e+02
42369 2.001733e+02
42372 2.001733e+02
42375 2.001733e+02
42378 2.001733e+02
42381 2.001733e+02
42384 2.001733e+02
42387 2.001733e+02
42390 2.001733e+02
42393 2.001733e+02
42396 2.001733e+02
42399 2.001733e+02
42402 2.001733e+02
42405 2.001733e+02
42408 2.001733e+02
42411 2.001733e+02
42414 2.001733e+02
42417 2.001733e+02
42420 2.001733e+02
42423 2.001733e+02
42426 2.001733e+02
42429 2.001733e+02
42432 2.001733e+02
42435 2.001733e+02
42438 2.001733e+02
42441 2.001733e+02
42444 2.001733e+02
42447 2.001733e+02
42450 2.001733e+02
42453 2.001733e+02
42456 2.001733e+02
42459 2.001733e+02
42462 2.001733e+02
42465 2.001733e+02
42468 2.001733e+02
42471 2.001733e+02
42474 2.001733e+02
42477 2.001733e+02
42480 2.001733e+02
42482 2.001733e+02
42491 2.001732e+02
42493 2.001732e+02
42494 2.001732e+02
42496 2.001728e+02
42501 2.001724e+02
42762 2.001724e+02
43055 2.001723e+02
43056 2.001723e+02
43058 2.001719e+02
43060 2.001718e+02
43063 2.001718e+02
43064 2.001718e+02
43067 2.001718e+02
43068 2.001712e+02
43086 2.001712e+02
43092 2.001709e+02
43097 2.001704e+02
43098 2.001704e+02
43101 2.001704e+02
43104 2.001704e+02
43107 2.001704e+02
43110 2.001704e+02
43113 2.001704e+02
43116 2.001704e+02
43119 2.001704e+02
43122 2.001704e+02
43125 2.001704e+02
43128 2.001704e+02
43131 2.001704e+02
43134 2.001704e+02
43137 2.001704e+02
43140 2.001704e+02
43143 2.001704e+02
43146 2.001704e+02
43149 2.001704e+02
43152 2.001704e+02
43155 2.001704e+02
43158 2.001704e+02
43161 2.001704e+02
43164 2.001704e+02
43167 2.001704e+02
43170 2.001704e+02
43173 2.001704e+02
43176 2.001704e+02
43179 2.001704e+02
43182 2.001704e+02
43185 2.001704e+02
43188 2.001704e+02
43191 2.001704e+02
43194 2.001704e+02
43197 2.001704e+02
43200 2.001704e+02
43203 2.001704e+02
43206 2.001704e+02
43209 2.001704e+02
43212 2.001704e+02
43215 2.001704e+02
43218 2.001704e+02
43221 2.001704e+02
43224 2.001704e+02
43227 2.001704e+02
43230 2.001704e+02
43233 2.001704e+02
43236 2.001704e+02
43239 2.001704e+02
43242 2.001704e+02
43245 2.001704e+02
43248 2.001704e+02
43251 2.001704e+02
43254 2.001704e+02
43257 2.001704e+02
43260 2.001704e+02
43263 2.001704e+02
43266 2.001704e+02
43269 2.001704e+02
43272 2.001704e+02
43275 2.001704e+02
43278 2.001704e+02
43281 2.001704e+02
43284 2.001704e+02
43287 2.001704e+02
43290 2.001704e+02
43293 2.001704e+02
43296 2.001704e+02
43299 2.001704e+02
43302 2.001704e+02
43305 2.001704e+02
43308 2.001704e+02
43311 2.001704e+02
43314 2.001704e+02
43317 2.001704e+02
43320 2.001704e+02
43323 2.001704e+02
43326 2.001704e+02
43329 2.001704e+02
43332 2.001704e+02
43335 2.001704e+02
43338 2.001704e+02
43341 2.001704e+02
43344 2.001704e+02
43347 2.001704e+02
43350 2.001704e+02
43353 2.001704e+02
43356 2.001704e+02
43359 2.001704e+02
43362 2.001704e+02
43365 2.001704e+02
43368 2.001704e+02
43371 2.001704e+02
43374 2.001704e+02
43377 2.001704e+02
43378 2.001703e+02
43379 2.001703e+02
43382 2.001703e+02
43384 2.001701e+02
43385 2.001701e+02
43387 2.001701e+02
43388 2.001701e+02
43390 2.001698e+02
43391 2.001698e+02
43394 2.001698e+02
43395 2.001693e+02
56426 1.892066e+02
56498 1.856856e+02
56504 1.763573e+02
56505 1.763573e+02
56508 1.763573e+02
56511 1.763573e+02
56514 1.763573e+02
56517 1.763573e+02
56520 1.763573e+02
56523 1.763573e+02
56526 1.763573e+02
56666 1.746673e+02
56667 1.746673e+02
56670 1.746673e+02
56681 1.676590e+02
56684 1.477045e+02
56685 1.477045e+02
56688 1.477045e+02
56691 1.477045e+02
56737 1.467001e+02
56738 1.467001e+02
56741 1.467001e+02
56744 1.467001e+02
56747 1.467001e+02
56749 1.395234e+02
56750 1.395234e+02
56753 1.395234e+02
56756 1.395234e+02
56759 1.395234e+02
56762 1.395234e+02
56765 1.395234e+02
56767 1.360058e+02
56768 1.360058e+02
56771 1.360058e+02
56774 1.360058e+02
56777 1.360058e+02
56780 1.360058e+02
56783 1.360058e+02
56786 1.360058e+02
56789 1.360058e+02
56792 1.360058e+02
56795 1.360058e+02
56798 1.360058e+02
56801 1.360058e+02
56804 1.360058e+02
56807 1.360058e+02
56810 1.360058e+02
56813 1.360058e+02
56816 1.360058e+02
56819 1.360058e+02
56822 1.360058e+02
56824 1.346919e+02
56825 1.346919e+02
56828 1.346919e+02
56829 1.305781e+02
56830 1.305781e+02
56833 1.305781e+02
56834 1.294533e+02
56842 1.291466e+02
56848 1.279224e+02
56849 1.279224e+02
56851 1.276681e+02
56852 1.276681e+02
56855 1.276681e+02
56858 1.276681e+02
56859 1.272015e+02
56860 1.272015e+02
56863 1.272015e+02
56866 1.272015e+02
56869 1.272015e+02
56872 1.272015e+02
57054 1.247430e+02
57069 1.231790e+02
57070 1.231790e+02
57072 1.225899e+02
57073 1.225899e+02
57076 1.225899e+02
57079 1.225899e+02
57082 1.225899e+02
57085 1.225899e+02
57088 1.225899e+02
57091 1.225899e+02
57094 1.225899e+02
57097 1.225899e+02
57100 1.225899e+02
57103 1.225899e+02
57106 1.225899e+02
57109 1.225899e+02
57111 1.222987e+02
57112 1.222987e+02
57115 1.222987e+02
57116 1.205734e+02
57125 1.204924e+02
57398 1.204820e+02
57440 1.204774e+02
57442 1.204711e+02
57443 1.204711e+02
57446 1.204711e+02
57447 1.203145e+02
57449 1.202987e+02
57450 1.202987e+02
57451 1.201413e+02
57476 1.201413e+02
57593 1.201413e+02
57596 1.201413e+02
57599 1.201413e+02
57602 1.201413e+02
57605 1.201413e+02
57608 1.201413e+02
57611 1.201413e+02
57614 1.201413e+02
57617 1.201413e+02
57620 1.201413e+02
57623 1.201413e+02
57626 1.201413e+02
57629 1.201413e+02
57632 1.201413e+02
57635 1.201413e+02
57638 1.201413e+02
57641 1.201413e+02
57644 1.201413e+02
57647 1.201413e+02
57650 1.201413e+02
57653 1.201413e+02
57656 1.201413e+02
57659 1.201413e+02
57662 1.201413e+02
57665 1.201413e+02
57668 1.201413e+02
57671 1.201413e+02
57674 1.201413e+02
57677 1.201413e+02
57680 1.201413e+02
57683 1.201413e+02
57686 1.201413e+02
57689 1.201413e+02
57692 1.201413e+02
57695 1.201413e+02
57698 1.201413e+02
57701 1.201413e+02
57704 1.201413e+02
57707 1.201413e+02
57710 1.201413e+02
57713 1.201413e+02
57716 1.201413e+02
57719 1.201413e+02
57722 1.201413e+02
57725 1.201413e+02
57728 1.201413e+02
57731 1.201413e+02
57734 1.201413e+02
57737 1.201413e+02
57739 1.201373e+02
57740 1.201373e+02
57743 1.201373e+02
57746 1.201373e+02
57749 1.201373e+02
57752 1.201373e+02
57755 1.201373e+02
57758 1.201373e+02
57761 1.201373e+02
57764 1.201373e+02
57767 1.201373e+02
57770 1.201373e+02
57893 1.201373e+02
57896 1.201373e+02
57899 1.201373e+02
57902 1.201373e+02
57905 1.201373e+02
57908 1.201373e+02
57911 1.201373e+02
57914 1.201373e+02
57917 1.201373e+02
57920 1.201373e+02
57923 1.201373e+02
57926 1.201373e+02
57929 1.201373e+02
57932 1.201373e+02
57935 1.201373e+02
57938 1.201373e+02
57941 1.201373e+02
57944 1.201373e+02
57947 1.201373e+02
57950 1.201373e+02
57953 1.201373e+02
57956 1.201373e+02
57959 1.201373e+02
57962 1.201373e+02
57965 1.201373e+02
57968 1.201373e+02
57971 1.201373e+02
57974 1.201373e+02
57977 1.201373e+02
57980 1.201373e+02
57983 1.201373e+02
57986 1.201373e+02
57989 1.201373e+02
57992 1.201373e+02
57995 1.201373e+02
57998 1.201373e+02
58001 1.201373e+02
58004 1.201373e+02
58007 1.201373e+02
58010 1.201373e+02
58013 1.201373e+02
58016 1.201373e+02
58019 1.201373e+02
58022 1.201373e+02
58025 1.201373e+02
58028 1.201373e+02
58031 1.201373e+02
58034 1.201373e+02
58037 1.201373e+02
58040 1.201373e+02
58043 1.201373e+02
58046 1.201373e+02
58049 1.201373e+02
58052 1.201373e+02
58055 1.201373e+02
58058 1.201373e+02
58061 1.201373e+02
