1 2.289925e+04
2 2.089477e+04
3 2.063301e+04
4 2.049708e+04
8 2.007011e+04
9 2.004652e+04
11 1.816369e+04
17 1.785875e+04
87 1.759268e+04
103 1.742605e+04
396 1.715398e+04
745 1.685243e+04
883 1.653681e+04
1073 1.650519e+04
1322 1.604945e+04
1861 1.548705e+04
3608 1.543138e+04
3614 1.538380e+04
3840 1.506694e+04
5187 1.499885e+04
5207 1.485868e+04
5281 1.426214e+04
5698 1.408365e+04
6266 1.386361e+04
6340 1.386047e+04
7113 1.339513e+04
7124 1.336884e+04
7154 1.293340e+04
7157 1.191312e+04
7860 1.157929e+04
7897 1.009866e+04
7974 9.670620e+03
9196 9.407258e+03
9220 9.208808e+03
9309 8.796997e+03
9374 8.679084e+03
9447 8.565886e+03
9491 8.391813e+03
9609 8.108718e+03
9613 7.844187e+03
9773 7.583372e+03
9811 6.947605e+03
9961 6.679527e+03
10018 5.714986e+03
10271 5.417636e+03
10322 5.297586e+03
10352 5.277152e+03
10383 4.998021e+03
10466 4.855353e+03
10470 4.680376e+03
10472 4.512264e+03
10589 4.486106e+03
10592 4.408401e+03
10605 4.307248e+03
10679 4.164725e+03
10719 3.916223e+03
10867 3.836489e+03
10911 3.824527e+03
10983 3.577365e+03
11067 3.523240e+03
11114 3.414331e+03
11203 3.396901e+03
11204 3.366325e+03
11230 3.363599e+03
11261 3.362672e+03
11284 3.336027e+03
11333 3.201618e+03
11401 3.115908e+03
11449 3.104453e+03
11495 3.044789e+03
11675 2.989013e+03
11698 2.962120e+03
11933 2.914475e+03
12023 2.903926e+03
12096 2.894404e+03
12154 2.884470e+03
12179 2.826145e+03
12192 2.825424e+03
12269 2.785038e+03
12348 2.779580e+03
12421 2.762583e+03
12427 2.757382e+03
12446 2.749633e+03
12549 2.679632e+03
12890 2.678052e+03
12930 2.662303e+03
12933 2.627744e+03
13079 2.608344e+03
13227 2.600200e+03
13462 2.571677e+03
13593 2.571537e+03
13599 2.540352e+03
14322 2.540117e+03
14373 2.518958e+03
14605 2.501063e+03
15401 2.497320e+03
16104 2.495321e+03
16132 2.493581e+03
16368 2.490947e+03
16406 2.487210e+03
16636 2.485681e+03
16664 2.485474e+03
16738 2.485375e+03
16815 2.484238e+03
16967 2.481798e+03
17050 2.475656e+03
17253 2.475654e+03
17660 2.475418e+03
17719 2.472320e+03
17995 2.470817e+03
20456 2.470655e+03
20708 2.469234e+03
20811 2.468058e+03
21269 2.467739e+03
21295 2.467579e+03
21336 2.467171e+03
21390 2.466734e+03
21528 2.466508e+03
21985 2.465566e+03
22064 2.465135e+03
22203 2.465106e+03
22274 2.464050e+03
22547 2.464025e+03
22610 2.463100e+03
22710 2.462238e+03
22760 2.461873e+03
22803 2.461307e+03
22943 2.461281e+03
23048 2.460956e+03
23372 2.460409e+03
23624 2.460347e+03
23925 2.460205e+03
24074 2.459764e+03
24394 2.459337e+03
24941 2.458987e+03
25473 2.458749e+03
25681 2.458739e+03
25684 2.458622e+03
25730 2.458534e+03
25795 2.458204e+03
25895 2.458124e+03
26193 2.457590e+03
26620 2.457445e+03
27321 2.457257e+03
27656 2.456913e+03
28211 2.456903e+03
28564 2.456825e+03
28738 2.456549e+03
29101 2.456538e+03
29441 2.456502e+03
29932 2.456323e+03
30039 2.456213e+03
30368 2.456157e+03
30423 2.456112e+03
30670 2.456096e+03
30823 2.455958e+03
30969 2.455901e+03
31777 2.455899e+03
32052 2.455864e+03
32184 2.455802e+03
32597 2.455712e+03
33116 2.455711e+03
33249 2.455703e+03
33296 2.455659e+03
33591 2.455612e+03
33735 2.455610e+03
33791 2.455592e+03
33888 2.455526e+03
33971 2.455497e+03
34641 2.455460e+03
34820 2.455440e+03
35549 2.455420e+03
35895 2.455381e+03
36044 2.455377e+03
36074 2.455328e+03
36388 2.455256e+03
36723 2.455219e+03
36967 2.455214e+03
37492 2.455197e+03
37520 2.455176e+03
37681 2.455163e+03
37693 2.455146e+03
37796 2.455124e+03
37842 2.455103e+03
38207 2.455012e+03
38650 2.454968e+03
38740 2.454931e+03
39063 2.454923e+03
39190 2.454902e+03
39631 2.454896e+03
39715 2.454879e+03
39788 2.454807e+03
40310 2.454774e+03
40347 2.454761e+03
40592 2.454736e+03
41852 2.454722e+03
41970 2.454673e+03
42282 2.454662e+03
42651 2.454645e+03
43004 2.454629e+03
43114 2.454629e+03
43148 2.454610e+03
43382 2.454580e+03
44224 2.454567e+03
44465 2.454564e+03
44616 2.454528e+03
45335 2.454520e+03
45569 2.454503e+03
46301 2.454492e+03
46312 2.454477e+03
46344 2.454462e+03
46878 2.454455e+03
47312 2.454437e+03
47558 2.454425e+03
47808 2.454421e+03
48160 2.454417e+03
48182 2.454393e+03
48242 2.454385e+03
49115 2.454379e+03
49636 2.454348e+03
50279 2.454340e+03
50507 2.454333e+03
50639 2.454318e+03
50998 2.454290e+03
51521 2.454283e+03
52188 2.454280e+03
52280 2.454267e+03
52299 2.454265e+03
52733 2.454263e+03
53060 2.454260e+03
53313 2.454256e+03
53316 2.454254e+03
53397 2.454246e+03
54045 2.454245e+03
54287 2.454244e+03
54353 2.454240e+03
54616 2.454240e+03
54699 2.454239e+03
54723 2.454235e+03
54763 2.454233e+03
55155 2.454231e+03
55559 2.454228e+03
55675 2.454226e+03
55750 2.454226e+03
56307 2.454225e+03
56310 2.454224e+03
56415 2.454224e+03
56454 2.454223e+03
56739 2.454217e+03
56777 2.454209e+03
57171 2.454205e+03
57516 2.454203e+03
57570 2.454203e+03
57882 2.454201e+03
58134 2.454200e+03
58239 2.454198e+03
58315 2.454197e+03
58578 2.454196e+03
58775 2.454192e+03
58950 2.454189e+03
59299 2.454188e+03
59663 2.454185e+03
60007 2.454185e+03
60041 2.454184e+03
60174 2.454183e+03
60203 2.454181e+03
60640 2.454177e+03
60769 2.454175e+03
61157 2.454174e+03
61470 2.454174e+03
61540 2.454173e+03
61963 2.454172e+03
62207 2.454171e+03
62229 2.454170e+03
62795 2.454169e+03
63274 2.454168e+03
63350 2.454168e+03
63536 2.454167e+03
63577 2.454165e+03
63777 2.454165e+03
63783 2.454164e+03
63883 2.454164e+03
63944 2.454164e+03
63970 2.454163e+03
64098 2.454162e+03
64192 2.454162e+03
64446 2.454161e+03
64460 2.454161e+03
64749 2.454160e+03
65667 2.454160e+03
65732 2.454160e+03
65965 2.454159e+03
66206 2.454159e+03
66378 2.454158e+03
66565 2.454158e+03
66819 2.454158e+03
66981 2.454157e+03
67077 2.454156e+03
67541 2.454156e+03
67908 2.454155e+03
68119 2.454155e+03
68198 2.454155e+03
68209 2.454155e+03
68289 2.454154e+03
68509 2.454154e+03
68527 2.454154e+03
68656 2.454154e+03
68831 2.454153e+03
68860 2.454153e+03
69020 2.454152e+03
69525 2.454152e+03
69912 2.454152e+03
69923 2.454152e+03
69983 2.454152e+03
69996 2.454151e+03
70391 2.454150e+03
70554 2.454150e+03
70893 2.454150e+03
71050 2.454149e+03
71121 2.454149e+03
71171 2.454149e+03
71214 2.454149e+03
71356 2.454149e+03
71450 2.454149e+03
71730 2.454149e+03
72473 2.454148e+03
72836 2.454148e+03
72908 2.454148e+03
73146 2.454148e+03
73568 2.454148e+03
73755 2.454147e+03
74400 2.454147e+03
225907 2.357447e+03
226115 2.288899e+03
226127 2.229798e+03
226131 2.129122e+03
226450 2.124172e+03
226863 2.120062e+03
226908 2.023164e+03
227123 1.982560e+03
227154 1.948525e+03
227229 1.928344e+03
227445 1.869621e+03
227687 1.846634e+03
227853 1.775572e+03
228012 1.763393e+03
228163 1.706792e+03
228266 1.688981e+03
228529 1.666140e+03
228796 1.655380e+03
228917 1.653658e+03
228933 1.634783e+03
229085 1.577126e+03
229210 1.568566e+03
229479 1.537979e+03
229571 1.534655e+03
229661 1.528190e+03
230092 1.513474e+03
230093 1.510725e+03
230120 1.500625e+03
230673 1.496383e+03
230697 1.492021e+03
230922 1.490734e+03
230995 1.489649e+03
231132 1.485015e+03
231141 1.478561e+03
231421 1.469023e+03
231676 1.467606e+03
231794 1.465868e+03
231875 1.465272e+03
231926 1.460339e+03
232117 1.456889e+03
232189 1.449392e+03
232580 1.447753e+03
233020 1.446161e+03
233260 1.445497e+03
233326 1.444488e+03
233389 1.444376e+03
233481 1.443503e+03
233527 1.443156e+03
233593 1.441581e+03
234168 1.441455e+03
234170 1.440900e+03
234320 1.440256e+03
234326 1.439694e+03
234424 1.437844e+03
234661 1.436954e+03
235113 1.436739e+03
235128 1.436676e+03
235177 1.436602e+03
235186 1.436440e+03
235211 1.435750e+03
235336 1.435693e+03
235385 1.435286e+03
235396 1.435261e+03
235743 1.434176e+03
235861 1.433899e+03
235965 1.433864e+03
236112 1.433858e+03
236127 1.433834e+03
236153 1.433139e+03
236303 1.433028e+03
236512 1.432996e+03
236514 1.432914e+03
236738 1.432473e+03
237241 1.432412e+03
237367 1.432389e+03
237466 1.432269e+03
237525 1.432221e+03
237581 1.432150e+03
237779 1.432059e+03
237836 1.431938e+03
237973 1.431889e+03
237999 1.431821e+03
238110 1.431792e+03
238245 1.431766e+03
238307 1.431765e+03
238357 1.431725e+03
238390 1.431707e+03
238427 1.431671e+03
238445 1.431638e+03
238506 1.431627e+03
238667 1.431526e+03
239087 1.431513e+03
239092 1.431511e+03
239270 1.431501e+03
239415 1.431477e+03
239472 1.431435e+03
239539 1.431423e+03
239608 1.431392e+03
239895 1.431382e+03
240125 1.431370e+03
240366 1.431344e+03
240368 1.431337e+03
240407 1.431320e+03
240583 1.431315e+03
240622 1.431314e+03
240642 1.431307e+03
240660 1.431291e+03
240677 1.431289e+03
240737 1.431285e+03
240798 1.431282e+03
240916 1.431265e+03
241203 1.431256e+03
241312 1.431252e+03
241793 1.431249e+03
241823 1.431249e+03
241830 1.431248e+03
241865 1.431245e+03
242076 1.431241e+03
242089 1.431241e+03
242098 1.431231e+03
242106 1.431228e+03
242441 1.431225e+03
242488 1.431220e+03
242627 1.431216e+03
242902 1.431214e+03
243026 1.431212e+03
243187 1.431212e+03
243280 1.431209e+03
243287 1.431202e+03
244076 1.431202e+03
244083 1.431201e+03
244248 1.431200e+03
244654 1.431199e+03
244756 1.431198e+03
244822 1.431198e+03
244925 1.431198e+03
245280 1.431197e+03
245343 1.431196e+03
245578 1.431196e+03
245875 1.431195e+03
245882 1.431195e+03
245920 1.431195e+03
246051 1.431194e+03
246358 1.431194e+03
246360 1.431194e+03
246452 1.431194e+03
246610 1.431193e+03
246612 1.431193e+03
246663 1.431193e+03
246692 1.431193e+03
246886 1.431193e+03
246900 1.431193e+03
246928 1.431193e+03
247039 1.431193e+03
247244 1.431192e+03
247573 1.431192e+03
247614 1.431192e+03
247837 1.431192e+03
248184 1.431192e+03
248338 1.431192e+03
248510 1.431192e+03
248622 1.431192e+03
248629 1.431192e+03
248643 1.431192e+03
248753 1.431192e+03
248802 1.431192e+03
248947 1.431192e+03
248988 1.431192e+03
249017 1.431192e+03
249025 1.431192e+03
249036 1.431192e+03
249113 1.431192e+03
249193 1.431192e+03
249266 1.431192e+03
249337 1.431192e+03
249454 1.431192e+03
249559 1.431192e+03
249696 1.431192e+03
250145 1.431192e+03
250163 1.431192e+03
250247 1.431191e+03
250677 1.431191e+03
250727 1.431191e+03
250787 1.431191e+03
250870 1.431191e+03
250969 1.431191e+03
251034 1.431191e+03
251299 1.431191e+03
251589 1.431191e+03
252048 1.431191e+03
252206 1.431191e+03
252207 1.431191e+03
252294 1.431191e+03
252314 1.431191e+03
252480 1.431191e+03
253043 1.431191e+03
253071 1.431191e+03
253270 1.431191e+03
253332 1.431191e+03
253339 1.431191e+03
253393 1.431191e+03
253431 1.431191e+03
253662 1.431191e+03
253670 1.431191e+03
253692 1.431191e+03
253798 1.431191e+03
253954 1.431191e+03
254014 1.431191e+03
254041 1.431191e+03
254111 1.431191e+03
254216 1.431191e+03
254392 1.431191e+03
254458 1.431191e+03
254505 1.431191e+03
254589 1.431191e+03
254876 1.431191e+03
254924 1.431191e+03
254997 1.431191e+03
255008 1.431191e+03
255023 1.431191e+03
255028 1.431191e+03
255157 1.431191e+03
255411 1.431191e+03
255436 1.431191e+03
255657 1.431191e+03
255790 1.431191e+03
255939 1.431191e+03
255940 1.431191e+03
256209 1.431191e+03
256220 1.431191e+03
256384 1.431191e+03
256601 1.431191e+03
256603 1.431191e+03
256810 1.431191e+03
257083 1.431191e+03
257143 1.431191e+03
257525 1.431191e+03
257745 1.431191e+03
257782 1.431191e+03
257801 1.431191e+03
258137 1.431191e+03
258178 1.431191e+03
258185 1.431191e+03
258437 1.431191e+03
258590 1.431191e+03
258834 1.431191e+03
258952 1.431191e+03
259019 1.431191e+03
259028 1.431191e+03
259173 1.431191e+03
259420 1.431191e+03
259606 1.431191e+03
259675 1.431191e+03
260042 1.431191e+03
260131 1.431191e+03
260244 1.431191e+03
260337 1.431191e+03
260450 1.431191e+03
260591 1.431191e+03
260624 1.431191e+03
260698 1.431191e+03
260704 1.431191e+03
260890 1.431191e+03
261007 1.431191e+03
261100 1.431191e+03
261398 1.431191e+03
261406 1.431191e+03
261424 1.431191e+03
261522 1.431191e+03
261589 1.431191e+03
261603 1.431191e+03
261646 1.431191e+03
261744 1.431191e+03
261923 1.431191e+03
261973 1.431191e+03
262369 1.431191e+03
262415 1.431191e+03
262515 1.431191e+03
262516 1.431191e+03
262569 1.431191e+03
262717 1.431191e+03
262974 1.431191e+03
263251 1.431191e+03
263267 1.431191e+03
263372 1.431191e+03
263485 1.431191e+03
264242 1.431191e+03
264382 1.431191e+03
264388 1.431191e+03
264402 1.431191e+03
264433 1.431191e+03
264552 1.431191e+03
264607 1.431191e+03
264699 1.431191e+03
264922 1.431191e+03
265016 1.431191e+03
265097 1.431191e+03
265177 1.431191e+03
265253 1.431191e+03
265543 1.431191e+03
265574 1.431191e+03
265616 1.431191e+03
265620 1.431191e+03
265653 1.431191e+03
265658 1.431191e+03
265738 1.431191e+03
265757 1.431191e+03
265775 1.431191e+03
265804 1.431191e+03
265899 1.431191e+03
266091 1.431191e+03
266141 1.431191e+03
266212 1.431191e+03
266297 1.431191e+03
266398 1.431191e+03
266737 1.431191e+03
266747 1.431191e+03
266860 1.431191e+03
266971 1.431191e+03
267101 1.431191e+03
267328 1.431191e+03
267393 1.431191e+03
268496 1.431191e+03
268961 1.431191e+03
268990 1.431191e+03
269030 1.431191e+03
269166 1.431191e+03
269172 1.431191e+03
269209 1.431191e+03
328205 1.358988e+03
328587 1.330916e+03
328625 1.241005e+03
328659 1.183983e+03
328840 1.112751e+03
329153 1.048672e+03
329428 1.037113e+03
329973 9.297258e+02
330242 7.460000e+02
330654 6.994238e+02
330740 6.857607e+02
331065 6.810446e+02
331238 6.139616e+02
331494 5.905771e+02
332219 5.747276e+02
332227 5.538602e+02
332441 5.526871e+02
332444 5.424108e+02
332537 5.314182e+02
332625 5.269992e+02
332834 5.247373e+02
333003 5.142846e+02
333341 5.038257e+02
333460 5.016389e+02
333590 4.948298e+02
333717 4.727674e+02
334055 4.541929e+02
334883 4.477982e+02
335219 4.465644e+02
335242 4.438918e+02
335394 4.404752e+02
335446 4.356640e+02
335477 4.320433e+02
335521 4.300468e+02
335794 4.145878e+02
336638 4.129411e+02
336650 4.124659e+02
336708 4.116059e+02
336941 4.066441e+02
337045 4.031080e+02
337262 4.022951e+02
337903 4.009659e+02
338325 4.009522e+02
338427 3.997527e+02
338587 3.980293e+02
338639 3.979370e+02
338824 3.969968e+02
338841 3.957926e+02
339048 3.952070e+02
339068 3.948908e+02
339268 3.948015e+02
339292 3.946219e+02
339353 3.921017e+02
339533 3.904237e+02
339902 3.898622e+02
340113 3.888177e+02
340917 3.887043e+02
341251 3.872341e+02
341833 3.866132e+02
342169 3.864877e+02
342221 3.857691e+02
342291 3.855930e+02
342429 3.854077e+02
342653 3.851820e+02
342685 3.848640e+02
342830 3.846266e+02
343009 3.845482e+02
343104 3.843991e+02
343116 3.841811e+02
343188 3.841135e+02
343252 3.839102e+02
343337 3.839047e+02
343678 3.835127e+02
343979 3.832544e+02
343986 3.831244e+02
344120 3.831224e+02
344238 3.830773e+02
344301 3.830704e+02
344319 3.826934e+02
344636 3.826381e+02
344639 3.825874e+02
344783 3.824585e+02
344891 3.823082e+02
345126 3.821853e+02
345323 3.821252e+02
345428 3.820899e+02
345687 3.820789e+02
345689 3.820718e+02
345966 3.819652e+02
346034 3.818154e+02
346358 3.818001e+02
346561 3.817339e+02
346739 3.816967e+02
347353 3.816833e+02
347595 3.816485e+02
347600 3.816392e+02
347855 3.815961e+02
348222 3.815824e+02
348424 3.815747e+02
348468 3.815546e+02
348945 3.815376e+02
348967 3.815365e+02
349086 3.815312e+02
349099 3.815290e+02
349253 3.815161e+02
349280 3.814600e+02
350897 3.814585e+02
351045 3.814557e+02
351094 3.814537e+02
351127 3.814533e+02
351147 3.814458e+02
351231 3.814434e+02
351388 3.814396e+02
351431 3.814376e+02
351561 3.814356e+02
351579 3.814343e+02
351665 3.814201e+02
352091 3.814183e+02
352422 3.814138e+02
352568 3.814136e+02
352609 3.814125e+02
352691 3.814100e+02
352823 3.814070e+02
352879 3.814051e+02
353102 3.814006e+02
353357 3.813983e+02
353882 3.813978e+02
353984 3.813956e+02
354029 3.813921e+02
354834 3.813915e+02
354867 3.813914e+02
355040 3.813905e+02
355043 3.813903e+02
355220 3.813883e+02
355281 3.813860e+02
355573 3.813853e+02
356676 3.813842e+02
357141 3.813838e+02
357261 3.813835e+02
357389 3.813832e+02
357616 3.813828e+02
357900 3.813826e+02
357987 3.813823e+02
358223 3.813822e+02
358548 3.813820e+02
358852 3.813816e+02
359062 3.813816e+02
359066 3.813815e+02
359177 3.813814e+02
359182 3.813812e+02
359404 3.813812e+02
359431 3.813810e+02
359556 3.813809e+02
359636 3.813807e+02
360091 3.813807e+02
360152 3.813806e+02
360442 3.813804e+02
361029 3.813803e+02
361338 3.813803e+02
361376 3.813802e+02
361746 3.813800e+02
362079 3.813800e+02
362123 3.813800e+02
362453 3.813800e+02
362590 3.813799e+02
363150 3.813798e+02
363264 3.813798e+02
363290 3.813798e+02
363328 3.813798e+02
363625 3.813798e+02
363639 3.813798e+02
363910 3.813798e+02
363915 3.813797e+02
364120 3.813797e+02
364252 3.813797e+02
364265 3.813797e+02
364420 3.813797e+02
364537 3.813797e+02
364661 3.813797e+02
364719 3.813797e+02
365853 3.813797e+02
365866 3.813797e+02
365887 3.813797e+02
365932 3.813797e+02
366137 3.813797e+02
366153 3.813797e+02
366516 3.813797e+02
366546 3.813797e+02
366598 3.813797e+02
366638 3.813796e+02
366824 3.813796e+02
367135 3.813796e+02
367263 3.813796e+02
367734 3.813796e+02
367773 3.813796e+02
367829 3.813796e+02
367858 3.813796e+02
368032 3.813796e+02
368051 3.813796e+02
368963 3.813796e+02
369034 3.813796e+02
369110 3.813796e+02
369200 3.813796e+02
369207 3.813796e+02
369241 3.813796e+02
369295 3.813796e+02
369435 3.813796e+02
369459 3.813796e+02
369474 3.813796e+02
369580 3.813796e+02
369683 3.813796e+02
369755 3.813796e+02
369830 3.813796e+02
370020 3.813796e+02
370225 3.813796e+02
370499 3.813796e+02
370521 3.813796e+02
370690 3.813796e+02
370693 3.813796e+02
370704 3.813796e+02
370806 3.813796e+02
370877 3.813796e+02
371625 3.813796e+02
371880 3.813796e+02
372094 3.813796e+02
372435 3.813796e+02
372564 3.813796e+02
372965 3.813796e+02
373081 3.813796e+02
373198 3.813796e+02
373292 3.813796e+02
373334 3.813796e+02
373344 3.813796e+02
373382 3.813796e+02
373500 3.813796e+02
373672 3.813796e+02
373809 3.813796e+02
373981 3.813796e+02
373986 3.813796e+02
374112 3.813796e+02
374184 3.813796e+02
374437 3.813796e+02
374632 3.813796e+02
374647 3.813796e+02
374780 3.813796e+02
375025 3.813796e+02
375222 3.813796e+02
375425 3.813796e+02
375439 3.813796e+02
375517 3.813796e+02
375645 3.813796e+02
375934 3.813796e+02
376072 3.813796e+02
376265 3.813796e+02
376452 3.813796e+02
376461 3.813796e+02
376875 3.813796e+02
377040 3.813796e+02
377270 3.813796e+02
377514 3.813796e+02
377545 3.813796e+02
377622 3.813796e+02
377834 3.813796e+02
377886 3.813796e+02
378047 3.813796e+02
378130 3.813796e+02
378138 3.813796e+02
378391 3.813796e+02
378420 3.813796e+02
378743 3.813796e+02
378886 3.813796e+02
379139 3.813796e+02
379149 3.813796e+02
379163 3.813796e+02
379354 3.813796e+02
379984 3.813796e+02
380045 3.813796e+02
380076 3.813796e+02
380170 3.813796e+02
381291 3.813796e+02
381379 3.813796e+02
381580 3.813796e+02
381625 3.813796e+02
381692 3.813796e+02
381743 3.813796e+02
381829 3.813796e+02
381903 3.813796e+02
381967 3.813796e+02
382242 3.813796e+02
382550 3.813796e+02
382562 3.813796e+02
382701 3.813796e+02
382826 3.813796e+02
382841 3.813796e+02
382870 3.813796e+02
382885 3.813796e+02
382944 3.813796e+02
383183 3.813796e+02
383245 3.813796e+02
383309 3.813796e+02
383570 3.813796e+02
383600 3.813796e+02
383633 3.813796e+02
383660 3.813796e+02
383705 3.813796e+02
383828 3.813796e+02
383860 3.813796e+02
384040 3.813796e+02
384493 3.813796e+02
384550 3.813796e+02
384677 3.813796e+02
384696 3.813796e+02
384965 3.813796e+02
385044 3.813796e+02
385070 3.813796e+02
385297 3.813796e+02
385832 3.813796e+02
385856 3.813796e+02
386244 3.813796e+02
386247 3.813796e+02
386335 3.813796e+02
386429 3.813796e+02
386473 3.813796e+02
386847 3.813796e+02
386923 3.813796e+02
387127 3.813796e+02
387163 3.813796e+02
387234 3.813796e+02
387344 3.813796e+02
387474 3.813796e+02
387598 3.813796e+02
388060 3.813796e+02
388258 3.813796e+02
388262 3.813796e+02
388857 3.813796e+02
388979 3.813796e+02
389041 3.813796e+02
389042 3.813796e+02
389241 3.813796e+02
389304 3.813796e+02
390227 3.813796e+02
390275 3.813796e+02
390311 3.813796e+02
391001 3.813796e+02
391187 3.813796e+02
391204 3.813796e+02
391243 3.813796e+02
391324 3.813796e+02
391435 3.813796e+02
391784 3.813796e+02
391853 3.813796e+02
391875 3.813796e+02
391923 3.813796e+02
392197 3.813796e+02
