1 2.196234e+04
2 2.126280e+04
3 2.011861e+04
4 1.881697e+04
47 1.879250e+04
68 1.689445e+04
1112 1.660242e+04
1216 1.602339e+04
2173 1.582064e+04
2376 1.577205e+04
2546 1.569819e+04
3559 1.568045e+04
5098 1.512564e+04
6146 1.470487e+04
6298 1.460887e+04
6465 1.404176e+04
7501 1.392913e+04
7561 1.351070e+04
8111 1.308296e+04
8558 1.263545e+04
8936 1.259472e+04
9342 1.248511e+04
9444 1.169619e+04
9528 1.083601e+04
9700 1.072352e+04
9959 1.006992e+04
10011 9.726103e+03
10065 9.272256e+03
10083 8.848934e+03
10366 8.709833e+03
10452 8.520850e+03
10564 8.404630e+03
10566 8.227334e+03
10635 7.997214e+03
10683 7.554755e+03
10862 7.153285e+03
10882 6.213701e+03
11100 6.158627e+03
11204 5.987922e+03
11222 5.802727e+03
11250 5.432022e+03
11362 5.253723e+03
11373 5.149204e+03
11496 5.122595e+03
11504 4.916025e+03
11560 4.887046e+03
11568 4.822772e+03
11618 4.805868e+03
11638 4.536958e+03
11808 4.448939e+03
11885 4.446063e+03
11905 4.082518e+03
12036 4.050654e+03
12151 3.917796e+03
12227 3.792167e+03
12245 3.760571e+03
12338 3.703380e+03
12481 3.688835e+03
12537 3.619112e+03
12634 3.609127e+03
12657 3.604145e+03
12685 3.590213e+03
12718 3.516291e+03
12768 3.506483e+03
12818 3.460746e+03
12841 3.433283e+03
12947 3.424493e+03
13010 3.416004e+03
13029 3.405635e+03
13034 3.401532e+03
13039 3.394939e+03
13082 3.381030e+03
13088 3.371195e+03
13090 3.360685e+03
13206 3.317979e+03
13283 3.309240e+03
13539 3.301426e+03
13561 3.299140e+03
13565 3.279242e+03
13787 3.271597e+03
13805 3.271579e+03
13828 3.267597e+03
14045 3.262593e+03
14085 3.261663e+03
14098 3.258082e+03
14170 3.244560e+03
14363 3.242025e+03
14493 3.240997e+03
14498 3.240504e+03
14534 3.239399e+03
14567 3.234817e+03
14703 3.232043e+03
14716 3.231151e+03
14771 3.230442e+03
14797 3.229499e+03
14820 3.228015e+03
14917 3.226993e+03
15129 3.226886e+03
15144 3.225153e+03
15187 3.222989e+03
15305 3.222502e+03
15338 3.222023e+03
15355 3.221219e+03
15378 3.220858e+03
15383 3.220432e+03
15469 3.220124e+03
15513 3.220027e+03
15531 3.219803e+03
15582 3.219303e+03
15621 3.219240e+03
15634 3.219041e+03
15657 3.218814e+03
15673 3.218772e+03
15727 3.217927e+03
15900 3.217792e+03
15938 3.217790e+03
15991 3.217552e+03
16216 3.217330e+03
16252 3.217230e+03
16306 3.217153e+03
16357 3.217088e+03
16376 3.216960e+03
16456 3.216927e+03
16468 3.216906e+03
16493 3.216891e+03
16502 3.216685e+03
16585 3.216671e+03
16674 3.216628e+03
16791 3.216610e+03
16863 3.216584e+03
16909 3.216561e+03
16951 3.216542e+03
16964 3.216539e+03
16995 3.216503e+03
17030 3.216485e+03
17031 3.216452e+03
17072 3.216395e+03
17165 3.216380e+03
17324 3.216379e+03
17340 3.216369e+03
17358 3.216367e+03
17378 3.216353e+03
17393 3.216347e+03
17427 3.216342e+03
17493 3.216336e+03
17521 3.216335e+03
17524 3.216324e+03
17553 3.216306e+03
17661 3.216299e+03
17662 3.216297e+03
17744 3.216288e+03
17792 3.216285e+03
17800 3.216278e+03
17842 3.216277e+03
17845 3.216270e+03
17847 3.216262e+03
18072 3.216257e+03
18095 3.216257e+03
18272 3.216254e+03
18408 3.216254e+03
18433 3.216249e+03
18471 3.216249e+03
18502 3.216248e+03
18522 3.216248e+03
18572 3.216248e+03
18582 3.216245e+03
18621 3.216243e+03
18645 3.216243e+03
18665 3.216239e+03
18708 3.216239e+03
18715 3.216239e+03
18782 3.216237e+03
18817 3.216235e+03
18880 3.216234e+03
18928 3.216234e+03
19004 3.216234e+03
19015 3.216233e+03
19019 3.216233e+03
19048 3.216231e+03
19067 3.216231e+03
19111 3.216230e+03
19128 3.216230e+03
19211 3.216229e+03
19252 3.216229e+03
19281 3.216229e+03
19308 3.216229e+03
19315 3.216228e+03
19339 3.216228e+03
19361 3.216228e+03
19383 3.216227e+03
19449 3.216227e+03
19651 3.216226e+03
19685 3.216226e+03
19744 3.216226e+03
19808 3.216226e+03
19842 3.216226e+03
19851 3.216226e+03
19907 3.216226e+03
19946 3.216225e+03
20071 3.216225e+03
20138 3.216225e+03
20148 3.216225e+03
20160 3.216225e+03
20209 3.216225e+03
20231 3.216225e+03
20271 3.216225e+03
20377 3.216225e+03
20419 3.216225e+03
20543 3.216225e+03
20558 3.216225e+03
20604 3.216225e+03
20645 3.216225e+03
20762 3.216225e+03
20820 3.216225e+03
20899 3.216225e+03
20995 3.216225e+03
21003 3.216225e+03
21053 3.216225e+03
21097 3.216225e+03
21114 3.216225e+03
21140 3.216225e+03
21171 3.216225e+03
21172 3.216225e+03
21203 3.216225e+03
21213 3.216225e+03
21221 3.216225e+03
21291 3.216225e+03
21314 3.216225e+03
21422 3.216224e+03
21516 3.216224e+03
21552 3.216224e+03
21702 3.216224e+03
21734 3.216224e+03
21743 3.216224e+03
21827 3.216224e+03
21850 3.216224e+03
21953 3.216224e+03
22001 3.216224e+03
22010 3.216224e+03
22111 3.216224e+03
22115 3.216224e+03
22123 3.216224e+03
22203 3.216224e+03
22216 3.216224e+03
22448 3.216224e+03
22452 3.216224e+03
22457 3.216224e+03
22473 3.216224e+03
22664 3.216224e+03
22736 3.216224e+03
22759 3.216224e+03
22801 3.216224e+03
22834 3.216224e+03
22906 3.216224e+03
22914 3.216224e+03
22923 3.216224e+03
22945 3.216224e+03
22978 3.216224e+03
22981 3.216224e+03
22985 3.216224e+03
23037 3.216224e+03
23048 3.216224e+03
23060 3.216224e+03
23088 3.216224e+03
23128 3.216224e+03
23225 3.216224e+03
23331 3.216224e+03
23351 3.216224e+03
23352 3.216224e+03
23385 3.216224e+03
23395 3.216224e+03
23396 3.216224e+03
23410 3.216224e+03
23431 3.216224e+03
23465 3.216224e+03
23486 3.216224e+03
23562 3.216224e+03
23627 3.216224e+03
23767 3.216224e+03
23920 3.216224e+03
23924 3.216224e+03
23954 3.216224e+03
23958 3.216224e+03
24037 3.216224e+03
24099 3.216224e+03
24125 3.216224e+03
24138 3.216224e+03
24155 3.216224e+03
24164 3.216224e+03
24186 3.216224e+03
24251 3.216224e+03
24352 3.216224e+03
24529 3.216224e+03
24694 3.216224e+03
24707 3.216224e+03
24736 3.216224e+03
24739 3.216224e+03
24791 3.216224e+03
24813 3.216224e+03
24825 3.216224e+03
24828 3.216224e+03
24847 3.216224e+03
24932 3.216224e+03
24940 3.216224e+03
24962 3.216224e+03
24998 3.216224e+03
25026 3.216224e+03
25088 3.216224e+03
25096 3.216224e+03
25219 3.216224e+03
25285 3.216224e+03
25321 3.216224e+03
25399 3.216224e+03
25489 3.216224e+03
25557 3.216224e+03
25565 3.216224e+03
25609 3.216224e+03
25613 3.216224e+03
25618 3.216224e+03
25634 3.216224e+03
25697 3.216224e+03
25699 3.216224e+03
25705 3.216224e+03
25724 3.216224e+03
25735 3.216224e+03
25760 3.216224e+03
25933 3.216224e+03
25940 3.216224e+03
25974 3.216224e+03
26032 3.216224e+03
26073 3.216224e+03
26095 3.216224e+03
26138 3.216224e+03
26228 3.216224e+03
26242 3.216224e+03
26271 3.216224e+03
26329 3.216224e+03
26351 3.216224e+03
26433 3.216224e+03
26458 3.216224e+03
26549 3.216224e+03
26550 3.216224e+03
26575 3.216224e+03
26631 3.216224e+03
26640 3.216224e+03
26703 3.216224e+03
26755 3.216224e+03
26758 3.216224e+03
26778 3.216224e+03
26834 3.216224e+03
26836 3.216224e+03
26901 3.216224e+03
26999 3.216224e+03
27009 3.216224e+03
27141 3.216224e+03
27203 3.216224e+03
27214 3.216224e+03
27400 3.216224e+03
27415 3.216224e+03
27451 3.216224e+03
27473 3.216224e+03
27570 3.216224e+03
27612 3.216224e+03
27621 3.216224e+03
27638 3.216224e+03
27652 3.216224e+03
27719 3.216224e+03
27812 3.216224e+03
27841 3.216224e+03
27847 3.216224e+03
27948 3.216224e+03
27966 3.216224e+03
27972 3.216224e+03
27996 3.216224e+03
28045 3.216224e+03
28060 3.216224e+03
28117 3.216224e+03
28161 3.216224e+03
28177 3.216224e+03
28218 3.216224e+03
28344 3.216224e+03
28355 3.216224e+03
28372 3.216224e+03
28424 3.216224e+03
28433 3.216224e+03
28483 3.216224e+03
28492 3.216224e+03
28538 3.216224e+03
28593 3.216224e+03
28631 3.216224e+03
28657 3.216224e+03
28698 3.216224e+03
28751 3.216224e+03
28792 3.216224e+03
28794 3.216224e+03
28807 3.216224e+03
28875 3.216224e+03
28892 3.216224e+03
28901 3.216224e+03
28919 3.216224e+03
28960 3.216224e+03
29034 3.216224e+03
29036 3.216224e+03
29042 3.216224e+03
29149 3.216224e+03
29156 3.216224e+03
29253 3.216224e+03
29278 3.216224e+03
29286 3.216224e+03
29315 3.216224e+03
29349 3.216224e+03
29505 3.216224e+03
29581 3.216224e+03
74656 3.048450e+03
74709 2.941930e+03
221202 2.865086e+03
221640 2.796394e+03
221703 2.774655e+03
221790 2.472842e+03
222152 2.413479e+03
222162 2.387650e+03
222173 2.337732e+03
222193 2.300355e+03
222315 2.271110e+03
222492 2.234094e+03
222501 2.202038e+03
222637 2.147161e+03
222691 2.017506e+03
223383 2.003291e+03
223504 1.988467e+03
223629 1.968425e+03
223721 1.948814e+03
223792 1.927802e+03
223884 1.913517e+03
223899 1.901843e+03
224120 1.899470e+03
224149 1.896616e+03
224269 1.881272e+03
224443 1.873871e+03
224566 1.852415e+03
224647 1.844465e+03
224700 1.836195e+03
224709 1.835140e+03
224733 1.828292e+03
224736 1.790042e+03
224953 1.774073e+03
225114 1.772611e+03
225238 1.747024e+03
225641 1.705029e+03
225894 1.697520e+03
226281 1.688422e+03
226415 1.673758e+03
226621 1.671737e+03
226723 1.665849e+03
226859 1.656552e+03
227443 1.655501e+03
227638 1.650186e+03
227822 1.647687e+03
228236 1.645546e+03
228342 1.644075e+03
228501 1.642975e+03
228554 1.637022e+03
229376 1.636626e+03
229418 1.635527e+03
229493 1.635342e+03
229509 1.633840e+03
229533 1.632604e+03
229553 1.629814e+03
229616 1.629238e+03
229645 1.627902e+03
229749 1.627776e+03
229846 1.625283e+03
229914 1.623153e+03
230013 1.622873e+03
230048 1.621103e+03
230197 1.620480e+03
230208 1.620219e+03
230254 1.620061e+03
230270 1.619082e+03
230292 1.616848e+03
230386 1.616211e+03
230435 1.615501e+03
230463 1.614680e+03
230676 1.614346e+03
230938 1.610599e+03
231581 1.610453e+03
231597 1.610304e+03
231601 1.609859e+03
232194 1.609423e+03
232573 1.609283e+03
232595 1.609044e+03
232697 1.608797e+03
232933 1.608720e+03
232950 1.608513e+03
232964 1.608491e+03
233012 1.608358e+03
233295 1.608327e+03
233300 1.607853e+03
233887 1.607817e+03
234003 1.607771e+03
234124 1.607769e+03
234145 1.607738e+03
234191 1.607506e+03
234209 1.607338e+03
234433 1.607300e+03
234715 1.607214e+03
234935 1.607214e+03
234988 1.607059e+03
235174 1.607042e+03
235219 1.606982e+03
235301 1.606898e+03
235409 1.606864e+03
235489 1.606853e+03
235502 1.606801e+03
236119 1.606786e+03
236199 1.606782e+03
236273 1.606759e+03
236312 1.606728e+03
236400 1.606709e+03
236439 1.606691e+03
236568 1.606683e+03
236856 1.606671e+03
236926 1.606651e+03
236958 1.606651e+03
237030 1.606647e+03
237232 1.606635e+03
237313 1.606631e+03
237484 1.606630e+03
237540 1.606608e+03
238026 1.606605e+03
238030 1.606599e+03
238116 1.606594e+03
238341 1.606591e+03
238529 1.606590e+03
238591 1.606587e+03
238596 1.606586e+03
238605 1.606573e+03
238811 1.606568e+03
239187 1.606550e+03
239981 1.606549e+03
240044 1.606549e+03
240122 1.606545e+03
240128 1.606544e+03
240177 1.606544e+03
240350 1.606543e+03
240391 1.606536e+03
240516 1.606536e+03
240595 1.606536e+03
240600 1.606532e+03
240763 1.606530e+03
240785 1.606530e+03
241046 1.606527e+03
241104 1.606525e+03
241608 1.606524e+03
241749 1.606524e+03
241771 1.606523e+03
241848 1.606520e+03
241872 1.606519e+03
242343 1.606519e+03
242518 1.606519e+03
242662 1.606518e+03
242699 1.606517e+03
242772 1.606516e+03
242909 1.606516e+03
243034 1.606515e+03
243060 1.606515e+03
243169 1.606515e+03
243177 1.606514e+03
243271 1.606514e+03
243296 1.606514e+03
243341 1.606514e+03
243385 1.606514e+03
243417 1.606514e+03
243466 1.606514e+03
243500 1.606514e+03
243640 1.606514e+03
243782 1.606513e+03
243891 1.606513e+03
244074 1.606513e+03
244188 1.606513e+03
244299 1.606513e+03
244424 1.606513e+03
244433 1.606512e+03
244528 1.606512e+03
244531 1.606512e+03
244721 1.606512e+03
245294 1.606511e+03
245651 1.606511e+03
245672 1.606511e+03
245846 1.606511e+03
245900 1.606511e+03
245985 1.606511e+03
246090 1.606511e+03
246093 1.606511e+03
246231 1.606511e+03
246537 1.606511e+03
246577 1.606511e+03
246584 1.606511e+03
246685 1.606511e+03
247039 1.606511e+03
247200 1.606511e+03
247233 1.606511e+03
247247 1.606511e+03
247292 1.606511e+03
247340 1.606511e+03
247376 1.606511e+03
247448 1.606511e+03
247552 1.606511e+03
247560 1.606511e+03
247632 1.606511e+03
247674 1.606511e+03
247689 1.606511e+03
247713 1.606511e+03
247722 1.606511e+03
248231 1.606511e+03
248361 1.606511e+03
248404 1.606511e+03
248407 1.606511e+03
248647 1.606511e+03
248755 1.606511e+03
248805 1.606511e+03
249071 1.606511e+03
249190 1.606511e+03
249346 1.606511e+03
249567 1.606511e+03
249607 1.606511e+03
249689 1.606511e+03
249705 1.606511e+03
249911 1.606511e+03
250080 1.606511e+03
250168 1.606511e+03
250202 1.606511e+03
250260 1.606511e+03
250580 1.606511e+03
250798 1.606511e+03
250807 1.606511e+03
250962 1.606511e+03
250978 1.606511e+03
251021 1.606511e+03
251212 1.606511e+03
251815 1.606511e+03
251850 1.606511e+03
251958 1.606511e+03
252058 1.606511e+03
252149 1.606511e+03
252354 1.606511e+03
252566 1.606511e+03
252568 1.606511e+03
252598 1.606511e+03
252646 1.606511e+03
252678 1.606511e+03
252722 1.606511e+03
252790 1.606511e+03
252915 1.606511e+03
252916 1.606511e+03
253474 1.606511e+03
253541 1.606511e+03
253691 1.606511e+03
253987 1.606511e+03
254240 1.606511e+03
254481 1.606511e+03
254610 1.606511e+03
254684 1.606511e+03
254761 1.606511e+03
255269 1.606511e+03
255356 1.606511e+03
255402 1.606511e+03
255506 1.606511e+03
255602 1.606511e+03
255649 1.606511e+03
255727 1.606511e+03
255808 1.606511e+03
256013 1.606511e+03
256076 1.606511e+03
256131 1.606511e+03
256231 1.606511e+03
256274 1.606511e+03
256290 1.606511e+03
256352 1.606511e+03
256369 1.606511e+03
256802 1.606511e+03
256994 1.606511e+03
257062 1.606511e+03
257251 1.606511e+03
257444 1.606511e+03
257453 1.606511e+03
257615 1.606511e+03
257682 1.606511e+03
257767 1.606511e+03
258009 1.606511e+03
258077 1.606511e+03
258331 1.606511e+03
258384 1.606511e+03
258459 1.606511e+03
258488 1.606511e+03
258617 1.606511e+03
258682 1.606511e+03
258731 1.606511e+03
258734 1.606511e+03
258785 1.606511e+03
258800 1.606511e+03
258889 1.606511e+03
259059 1.606511e+03
259085 1.606511e+03
259526 1.606511e+03
259550 1.606511e+03
259806 1.606511e+03
260011 1.606511e+03
260068 1.606511e+03
260166 1.606511e+03
260594 1.606511e+03
260763 1.606511e+03
260791 1.606511e+03
261314 1.606511e+03
261922 1.606511e+03
261925 1.606511e+03
261937 1.606511e+03
261949 1.606511e+03
262006 1.606511e+03
262187 1.606511e+03
262235 1.606511e+03
262244 1.606511e+03
262251 1.606511e+03
262469 1.606511e+03
262601 1.606511e+03
262718 1.606511e+03
262723 1.606511e+03
263238 1.606511e+03
263263 1.606511e+03
263391 1.606511e+03
263783 1.606511e+03
264063 1.606511e+03
264265 1.606511e+03
264455 1.606511e+03
264551 1.606511e+03
264572 1.606511e+03
264625 1.606511e+03
264676 1.606511e+03
265008 1.606511e+03
265016 1.606511e+03
265647 1.606511e+03
265654 1.606511e+03
265978 1.606511e+03
266117 1.606511e+03
266127 1.606511e+03
266203 1.606511e+03
266212 1.606511e+03
266257 1.606511e+03
266430 1.606511e+03
266494 1.606511e+03
266566 1.606511e+03
266712 1.606511e+03
342597 1.536024e+03
342942 1.349173e+03
343198 1.262385e+03
343822 1.258492e+03
344108 1.242097e+03
344146 1.211162e+03
344183 1.114274e+03
344578 1.076114e+03
344614 1.056957e+03
344952 9.863577e+02
345133 8.504262e+02
345341 8.272028e+02
345362 8.268763e+02
345790 7.751953e+02
345861 6.911457e+02
346198 6.578673e+02
346262 5.307417e+02
347116 5.243529e+02
347317 4.738706e+02
348304 4.640418e+02
348408 4.013455e+02
349258 3.813423e+02
350011 3.808353e+02
350212 3.775783e+02
350276 3.718400e+02
350494 3.589450e+02
350530 3.474132e+02
350638 3.310743e+02
351811 3.236818e+02
351868 3.163982e+02
352482 3.134854e+02
352498 3.124116e+02
352595 3.088783e+02
352653 3.063047e+02
352673 3.048280e+02
352860 3.030436e+02
353040 2.982589e+02
353091 2.917790e+02
353450 2.897002e+02
353988 2.865802e+02
354199 2.859682e+02
354230 2.849963e+02
354272 2.843680e+02
354295 2.824506e+02
354430 2.797580e+02
354520 2.758611e+02
354667 2.752325e+02
354825 2.735097e+02
354829 2.724724e+02
355013 2.716980e+02
355043 2.705092e+02
355114 2.704096e+02
355214 2.689309e+02
355368 2.686274e+02
355875 2.663446e+02
356289 2.636824e+02
356895 2.610856e+02
357513 2.606982e+02
357988 2.605129e+02
358186 2.599274e+02
358188 2.587125e+02
359596 2.586923e+02
359650 2.585214e+02
359675 2.579264e+02
359896 2.578681e+02
359916 2.573921e+02
359986 2.573024e+02
360147 2.571208e+02
360439 2.568609e+02
360672 2.568181e+02
360982 2.568043e+02
361066 2.567974e+02
361119 2.567115e+02
361209 2.564150e+02
361388 2.563176e+02
361598 2.561999e+02
361615 2.560900e+02
361978 2.557826e+02
362378 2.556414e+02
362774 2.556117e+02
362779 2.554131e+02
363270 2.553409e+02
363375 2.553200e+02
363391 2.552359e+02
363679 2.551662e+02
363841 2.551326e+02
364046 2.550580e+02
364237 2.548979e+02
365103 2.548014e+02
366470 2.547897e+02
366682 2.547895e+02
366804 2.547892e+02
366933 2.547868e+02
367017 2.547809e+02
367050 2.547706e+02
367484 2.547705e+02
367499 2.547634e+02
367538 2.547585e+02
367549 2.547577e+02
367583 2.547366e+02
367961 2.547272e+02
368039 2.547262e+02
368069 2.547139e+02
368589 2.547046e+02
368836 2.547033e+02
368880 2.547016e+02
368953 2.547010e+02
368992 2.546944e+02
369282 2.546920e+02
369309 2.546901e+02
369374 2.546881e+02
369428 2.546861e+02
369530 2.546820e+02
369635 2.546817e+02
370004 2.546817e+02
370183 2.546805e+02
370292 2.546763e+02
370614 2.546756e+02
370735 2.546733e+02
370841 2.546708e+02
371455 2.546703e+02
371486 2.546692e+02
371830 2.546690e+02
371850 2.546688e+02
372024 2.546688e+02
372151 2.546663e+02
372793 2.546655e+02
373178 2.546644e+02
373486 2.546643e+02
373569 2.546641e+02
373927 2.546640e+02
373938 2.546640e+02
374011 2.546638e+02
374053 2.546636e+02
374175 2.546632e+02
374182 2.546629e+02
374183 2.546629e+02
374228 2.546623e+02
374296 2.546621e+02
374435 2.546618e+02
374700 2.546613e+02
374756 2.546612e+02
374981 2.546612e+02
375483 2.546609e+02
375486 2.546605e+02
375750 2.546603e+02
375840 2.546603e+02
375891 2.546602e+02
376077 2.546602e+02
376161 2.546602e+02
376606 2.546601e+02
376643 2.546598e+02
376899 2.546597e+02
377136 2.546597e+02
377328 2.546597e+02
377368 2.546596e+02
377587 2.546595e+02
377590 2.546594e+02
377620 2.546593e+02
377749 2.546592e+02
378040 2.546592e+02
378179 2.546591e+02
378229 2.546591e+02
378498 2.546590e+02
378886 2.546590e+02
378950 2.546590e+02
378976 2.546590e+02
379012 2.546589e+02
379020 2.546589e+02
379243 2.546589e+02
379287 2.546589e+02
379437 2.546588e+02
379541 2.546588e+02
379644 2.546588e+02
379778 2.546588e+02
379840 2.546588e+02
379878 2.546587e+02
380564 2.546587e+02
380576 2.546587e+02
380630 2.546586e+02
380776 2.546586e+02
381068 2.546586e+02
381331 2.546586e+02
381513 2.546586e+02
381659 2.546586e+02
382756 2.546585e+02
382945 2.546585e+02
383241 2.546585e+02
383638 2.546585e+02
383660 2.546585e+02
383696 2.546585e+02
383720 2.546585e+02
383798 2.546585e+02
384192 2.546585e+02
384206 2.546585e+02
384278 2.546585e+02
384575 2.546585e+02
384626 2.546585e+02
385208 2.546585e+02
386441 2.546585e+02
386448 2.546585e+02
386630 2.546585e+02
386841 2.546585e+02
386866 2.546585e+02
386873 2.546585e+02
387004 2.546585e+02
387230 2.546585e+02
387419 2.546585e+02
387563 2.546585e+02
387779 2.546585e+02
387935 2.546585e+02
388024 2.546585e+02
388497 2.546585e+02
388573 2.546585e+02
388601 2.546585e+02
388778 2.546585e+02
389130 2.546585e+02
389396 2.546585e+02
390002 2.546585e+02
390048 2.546585e+02
390072 2.546585e+02
390210 2.546585e+02
390224 2.546585e+02
390237 2.546585e+02
390244 2.546585e+02
390396 2.546585e+02
390514 2.546585e+02
390560 2.546585e+02
390650 2.546585e+02
391498 2.546585e+02
391693 2.546585e+02
391794 2.546585e+02
391977 2.546585e+02
391991 2.546585e+02
392027 2.546585e+02
392051 2.546585e+02
392067 2.546585e+02
392142 2.546585e+02
392645 2.546585e+02
392809 2.546585e+02
392979 2.546585e+02
393012 2.546585e+02
393814 2.546585e+02
394200 2.546585e+02
394350 2.546585e+02
394492 2.546585e+02
394579 2.546585e+02
394644 2.546585e+02
394813 2.546585e+02
394984 2.546585e+02
395000 2.546585e+02
395402 2.546585e+02
395421 2.546585e+02
395620 2.546585e+02
395745 2.546585e+02
395782 2.546585e+02
395832 2.546585e+02
395975 2.546585e+02
396122 2.546585e+02
396210 2.546585e+02
396255 2.546585e+02
396397 2.546585e+02
396406 2.546585e+02
396556 2.546585e+02
396570 2.546585e+02
396784 2.546585e+02
396884 2.546585e+02
397020 2.546585e+02
397198 2.546585e+02
397214 2.546585e+02
397216 2.546585e+02
397252 2.546585e+02
397663 2.546585e+02
397847 2.546585e+02
397916 2.546585e+02
398781 2.546585e+02
398964 2.546585e+02
399000 2.546585e+02
399018 2.546585e+02
399030 2.546585e+02
399190 2.546585e+02
399536 2.546585e+02
399577 2.546585e+02
399666 2.546585e+02
399699 2.546585e+02
399987 2.546585e+02
400164 2.546585e+02
400224 2.546585e+02
400280 2.546585e+02
400561 2.546585e+02
400575 2.546585e+02
400723 2.546585e+02
400808 2.546585e+02
400834 2.546585e+02
401303 2.546585e+02
401403 2.546585e+02
401640 2.546585e+02
401706 2.546585e+02
401853 2.546585e+02
402237 2.546585e+02
402247 2.546585e+02
402255 2.546585e+02
402519 2.546585e+02
403038 2.546585e+02
403462 2.546585e+02
403588 2.546585e+02
403602 2.546585e+02
403750 2.546585e+02
403778 2.546585e+02
403795 2.546585e+02
403925 2.546585e+02
403981 2.546585e+02
404005 2.546585e+02
404194 2.546585e+02
404320 2.546585e+02
404601 2.546585e+02
404617 2.546585e+02
404704 2.546585e+02
404841 2.546585e+02
404977 2.546585e+02
405085 2.546585e+02
405095 2.546585e+02
405418 2.546585e+02
406072 2.546585e+02
406188 2.546585e+02
406388 2.546585e+02
406546 2.546585e+02
406710 2.546585e+02
406852 2.546585e+02
407422 2.546585e+02
407452 2.546585e+02
407556 2.546585e+02
407616 2.546585e+02
407621 2.546585e+02
407733 2.546585e+02
407919 2.546585e+02
407927 2.546585e+02
408002 2.546585e+02
408101 2.546585e+02
408109 2.546585e+02
408113 2.546585e+02
