1 2.164046e+01
2 2.162255e+01
4 2.150913e+01
36 2.129446e+01
417 2.118576e+01
2028 2.117925e+01
2996 2.108098e+01
30904 2.108083e+01
41016 2.107819e+01
58435 2.099357e+01
58436 2.099357e+01
58439 2.099357e+01
58442 2.099357e+01
58445 2.099357e+01
58448 2.099357e+01
58451 2.099357e+01
58454 2.099357e+01
58457 2.099357e+01
58460 2.099357e+01
58463 2.099357e+01
58466 2.099357e+01
58469 2.099357e+01
58472 2.099357e+01
58475 2.099357e+01
58478 2.099357e+01
58481 2.099357e+01
58484 2.099357e+01
58508 2.099357e+01
58511 2.099357e+01
90002 2.099357e+01
90005 2.099357e+01
90008 2.099357e+01
90011 2.099357e+01
90014 2.099357e+01
90017 2.099357e+01
90020 2.099357e+01
90023 2.099357e+01
90026 2.099357e+01
90029 2.099357e+01
90032 2.099357e+01
90035 2.099357e+01
90038 2.099357e+01
90041 2.099357e+01
90044 2.099357e+01
90047 2.099357e+01
90050 2.099357e+01
90053 2.099357e+01
90059 2.099357e+01
90137 2.099357e+01
92756 2.099357e+01
92807 2.099357e+01
92810 2.099357e+01
92813 2.099357e+01
92816 2.099357e+01
92819 2.099357e+01
92822 2.099357e+01
92825 2.099357e+01
92828 2.099357e+01
92831 2.099357e+01
92834 2.099357e+01
92837 2.099357e+01
92840 2.099357e+01
92843 2.099357e+01
92846 2.099357e+01
92849 2.099357e+01
92852 2.099357e+01
92855 2.099357e+01
92858 2.099357e+01
92861 2.099357e+01
92864 2.099357e+01
92867 2.099357e+01
92870 2.099357e+01
92873 2.099357e+01
92876 2.099357e+01
92879 2.099357e+01
92882 2.099357e+01
92885 2.099357e+01
95423 2.099357e+01
95426 2.099357e+01
95429 2.099357e+01
95432 2.099357e+01
95435 2.099357e+01
95438 2.099357e+01
95441 2.099357e+01
95444 2.099357e+01
95447 2.099357e+01
95450 2.099357e+01
95453 2.099357e+01
95456 2.099357e+01
95459 2.099357e+01
95462 2.099357e+01
95465 2.099357e+01
95468 2.099357e+01
95471 2.099357e+01
95474 2.099357e+01
95477 2.099357e+01
95480 2.099357e+01
95507 2.099357e+01
95537 2.099357e+01
95540 2.099357e+01
95543 2.099357e+01
95546 2.099357e+01
95549 2.099357e+01
95552 2.099357e+01
95555 2.099357e+01
95558 2.099357e+01
95561 2.099357e+01
95564 2.099357e+01
95567 2.099357e+01
95570 2.099357e+01
95573 2.099357e+01
95576 2.099357e+01
95579 2.099357e+01
95582 2.099357e+01
95585 2.099357e+01
98123 2.099357e+01
98147 2.099357e+01
98156 2.099357e+01
98159 2.099357e+01
98162 2.099357e+01
98165 2.099357e+01
98168 2.099357e+01
98171 2.099357e+01
98174 2.099357e+01
98177 2.099357e+01
98180 2.099357e+01
98207 2.099357e+01
98237 2.099357e+01
98240 2.099357e+01
98243 2.099357e+01
98246 2.099357e+01
98249 2.099357e+01
98252 2.099357e+01
98255 2.099357e+01
98258 2.099357e+01
98261 2.099357e+01
98264 2.099357e+01
98267 2.099357e+01
98270 2.099357e+01
98273 2.099357e+01
98276 2.099357e+01
98279 2.099357e+01
98282 2.099357e+01
98285 2.099357e+01
100823 2.099357e+01
100826 2.099357e+01
100829 2.099357e+01
100832 2.099357e+01
100835 2.099357e+01
100838 2.099357e+01
100841 2.099357e+01
100844 2.099357e+01
100847 2.099357e+01
100850 2.099357e+01
100853 2.099357e+01
100856 2.099357e+01
100859 2.099357e+01
100862 2.099357e+01
100865 2.099357e+01
100868 2.099357e+01
100871 2.099357e+01
100874 2.099357e+01
100877 2.099357e+01
100880 2.099357e+01
100907 2.099357e+01
100937 2.099357e+01
100940 2.099357e+01
100943 2.099357e+01
100946 2.099357e+01
100949 2.099357e+01
100952 2.099357e+01
100955 2.099357e+01
100958 2.099357e+01
100961 2.099357e+01
100964 2.099357e+01
100967 2.099357e+01
100970 2.099357e+01
100973 2.099357e+01
100976 2.099357e+01
100979 2.099357e+01
100982 2.099357e+01
100985 2.099357e+01
103523 2.099357e+01
103547 2.099357e+01
103550 2.099357e+01
103553 2.099357e+01
103556 2.099357e+01
103559 2.099357e+01
103562 2.099357e+01
103565 2.099357e+01
103568 2.099357e+01
103571 2.099357e+01
103574 2.099357e+01
103577 2.099357e+01
103580 2.099357e+01
103607 2.099357e+01
103610 2.099357e+01
103613 2.099357e+01
103616 2.099357e+01
103619 2.099357e+01
103622 2.099357e+01
103625 2.099357e+01
103628 2.099357e+01
103631 2.099357e+01
103634 2.099357e+01
103637 2.099357e+01
106223 2.099357e+01
106247 2.099357e+01
106250 2.099357e+01
106253 2.099357e+01
106256 2.099357e+01
106307 2.099357e+01
106337 2.099357e+01
106340 2.099357e+01
106343 2.099357e+01
106346 2.099357e+01
106349 2.099357e+01
106352 2.099357e+01
106355 2.099357e+01
106358 2.099357e+01
106361 2.099357e+01
106364 2.099357e+01
106367 2.099357e+01
106370 2.099357e+01
106373 2.099357e+01
106376 2.099357e+01
106379 2.099357e+01
106382 2.099357e+01
106385 2.099357e+01
108923 2.099357e+01
108926 2.099357e+01
108929 2.099357e+01
108932 2.099357e+01
108935 2.099357e+01
108938 2.099357e+01
108941 2.099357e+01
108944 2.099357e+01
108947 2.099357e+01
108956 2.099357e+01
108959 2.099357e+01
108962 2.099357e+01
108965 2.099357e+01
108968 2.099357e+01
108971 2.099357e+01
108974 2.099357e+01
108977 2.099357e+01
108980 2.099357e+01
109007 2.099357e+01
109010 2.099357e+01
109013 2.099357e+01
109016 2.099357e+01
109019 2.099357e+01
109022 2.099357e+01
109025 2.099357e+01
109028 2.099357e+01
109031 2.099357e+01
109034 2.099357e+01
109037 2.099357e+01
111623 2.099357e+01
111647 2.099357e+01
111656 2.099357e+01
111707 2.099357e+01
111737 2.099357e+01
111740 2.099357e+01
111743 2.099357e+01
111746 2.099357e+01
111749 2.099357e+01
111752 2.099357e+01
111755 2.099357e+01
111758 2.099357e+01
111761 2.099357e+01
111764 2.099357e+01
111767 2.099357e+01
111770 2.099357e+01
111773 2.099357e+01
111776 2.099357e+01
111779 2.099357e+01
111782 2.099357e+01
111785 2.099357e+01
114323 2.099357e+01
114326 2.099357e+01
114329 2.099357e+01
114332 2.099357e+01
114335 2.099357e+01
114338 2.099357e+01
114341 2.099357e+01
114344 2.099357e+01
114347 2.099357e+01
114356 2.099357e+01
114359 2.099357e+01
114362 2.099357e+01
114365 2.099357e+01
114368 2.099357e+01
114371 2.099357e+01
114374 2.099357e+01
114377 2.099357e+01
114380 2.099357e+01
114407 2.099357e+01
114437 2.099357e+01
117023 2.099357e+01
117047 2.099357e+01
117050 2.099357e+01
117053 2.099357e+01
117056 2.099357e+01
117107 2.099357e+01
117137 2.099357e+01
117140 2.099357e+01
117143 2.099357e+01
117146 2.099357e+01
117149 2.099357e+01
117152 2.099357e+01
117155 2.099357e+01
117158 2.099357e+01
117161 2.099357e+01
117164 2.099357e+01
117167 2.099357e+01
117170 2.099357e+01
117173 2.099357e+01
117176 2.099357e+01
117179 2.099357e+01
117182 2.099357e+01
117185 2.099357e+01
119723 2.099357e+01
119747 2.099357e+01
119750 2.099357e+01
119753 2.099357e+01
119756 2.099357e+01
119807 2.099357e+01
119810 2.099357e+01
119813 2.099357e+01
119816 2.099357e+01
119819 2.099357e+01
119822 2.099357e+01
119825 2.099357e+01
119828 2.099357e+01
119831 2.099357e+01
119834 2.099357e+01
119837 2.099357e+01
119840 2.099357e+01
119843 2.099357e+01
119846 2.099357e+01
119849 2.099357e+01
119852 2.099357e+01
119855 2.099357e+01
119858 2.099357e+01
119861 2.099357e+01
119864 2.099357e+01
119867 2.099357e+01
119870 2.099357e+01
119873 2.099357e+01
119876 2.099357e+01
119879 2.099357e+01
119882 2.099357e+01
119885 2.099357e+01
122423 2.099357e+01
122447 2.099357e+01
122450 2.099357e+01
122453 2.099357e+01
122456 2.099357e+01
122459 2.099357e+01
122462 2.099357e+01
122465 2.099357e+01
122468 2.099357e+01
122471 2.099357e+01
122474 2.099357e+01
122477 2.099357e+01
122480 2.099357e+01
122507 2.099357e+01
122537 2.099357e+01
122540 2.099357e+01
122543 2.099357e+01
122546 2.099357e+01
122549 2.099357e+01
122552 2.099357e+01
122555 2.099357e+01
122558 2.099357e+01
122561 2.099357e+01
122564 2.099357e+01
122567 2.099357e+01
122570 2.099357e+01
122573 2.099357e+01
122576 2.099357e+01
122579 2.099357e+01
122582 2.099357e+01
122585 2.099357e+01
125123 2.099357e+01
125147 2.099357e+01
125150 2.099357e+01
125153 2.099357e+01
125156 2.099357e+01
125159 2.099357e+01
125162 2.099357e+01
125165 2.099357e+01
125168 2.099357e+01
125171 2.099357e+01
125174 2.099357e+01
125177 2.099357e+01
125180 2.099357e+01
125207 2.099357e+01
125237 2.099357e+01
127823 2.099357e+01
127826 2.099357e+01
127829 2.099357e+01
127832 2.099357e+01
127835 2.099357e+01
127838 2.099357e+01
127841 2.099357e+01
127844 2.099357e+01
127847 2.099357e+01
127856 2.099357e+01
127859 2.099357e+01
127862 2.099357e+01
127865 2.099357e+01
127868 2.099357e+01
127871 2.099357e+01
127874 2.099357e+01
127877 2.099357e+01
127880 2.099357e+01
127907 2.099357e+01
127937 2.099357e+01
127940 2.099357e+01
127943 2.099357e+01
127946 2.099357e+01
127949 2.099357e+01
127952 2.099357e+01
127955 2.099357e+01
127958 2.099357e+01
127961 2.099357e+01
127964 2.099357e+01
127967 2.099357e+01
127970 2.099357e+01
127973 2.099357e+01
127976 2.099357e+01
127979 2.099357e+01
127982 2.099357e+01
127985 2.099357e+01
130523 2.099357e+01
130547 2.099357e+01
130550 2.099357e+01
130553 2.099357e+01
130556 2.099357e+01
130559 2.099357e+01
130562 2.099357e+01
130565 2.099357e+01
130568 2.099357e+01
130571 2.099357e+01
130574 2.099357e+01
130577 2.099357e+01
130580 2.099357e+01
130607 2.099357e+01
130637 2.099357e+01
130640 2.099357e+01
130643 2.099357e+01
130646 2.099357e+01
130649 2.099357e+01
130652 2.099357e+01
130655 2.099357e+01
130658 2.099357e+01
130661 2.099357e+01
130664 2.099357e+01
130667 2.099357e+01
130670 2.099357e+01
130673 2.099357e+01
130676 2.099357e+01
130679 2.099357e+01
130682 2.099357e+01
130685 2.099357e+01
133223 2.099357e+01
133247 2.099357e+01
133256 2.099357e+01
133259 2.099357e+01
133262 2.099357e+01
133265 2.099357e+01
133268 2.099357e+01
133271 2.099357e+01
133274 2.099357e+01
133277 2.099357e+01
133280 2.099357e+01
133307 2.099357e+01
133310 2.099357e+01
133313 2.099357e+01
133316 2.099357e+01
133319 2.099357e+01
133322 2.099357e+01
133325 2.099357e+01
133328 2.099357e+01
133331 2.099357e+01
133334 2.099357e+01
133337 2.099357e+01
133340 2.099357e+01
133343 2.099357e+01
133346 2.099357e+01
133349 2.099357e+01
133352 2.099357e+01
133355 2.099357e+01
133358 2.099357e+01
133361 2.099357e+01
133364 2.099357e+01
133367 2.099357e+01
133370 2.099357e+01
133373 2.099357e+01
133376 2.099357e+01
133379 2.099357e+01
133382 2.099357e+01
133385 2.099357e+01
135923 2.099357e+01
135947 2.099357e+01
135956 2.099357e+01
135959 2.099357e+01
135962 2.099357e+01
135965 2.099357e+01
135968 2.099357e+01
135971 2.099357e+01
135974 2.099357e+01
135977 2.099357e+01
135980 2.099357e+01
136007 2.099357e+01
136037 2.099357e+01
136040 2.099357e+01
136043 2.099357e+01
136046 2.099357e+01
136049 2.099357e+01
136052 2.099357e+01
136055 2.099357e+01
136058 2.099357e+01
136061 2.099357e+01
136064 2.099357e+01
136067 2.099357e+01
136070 2.099357e+01
136073 2.099357e+01
136076 2.099357e+01
136079 2.099357e+01
136082 2.099357e+01
136085 2.099357e+01
138623 2.099357e+01
138647 2.099357e+01
138656 2.099357e+01
138707 2.099357e+01
138737 2.099357e+01
141323 2.099357e+01
141347 2.099357e+01
141350 2.099357e+01
141353 2.099357e+01
141356 2.099357e+01
141359 2.099357e+01
141362 2.099357e+01
141365 2.099357e+01
141368 2.099357e+01
141371 2.099357e+01
141374 2.099357e+01
141377 2.099357e+01
141380 2.099357e+01
141407 2.099357e+01
141437 2.099357e+01
144023 2.099357e+01
144047 2.099357e+01
144056 2.099357e+01
144059 2.099357e+01
144062 2.099357e+01
144065 2.099357e+01
144068 2.099357e+01
144071 2.099357e+01
144074 2.099357e+01
144077 2.099357e+01
144080 2.099357e+01
144107 2.099357e+01
144110 2.099357e+01
144113 2.099357e+01
144116 2.099357e+01
144119 2.099357e+01
144122 2.099357e+01
144125 2.099357e+01
144128 2.099357e+01
144131 2.099357e+01
144134 2.099357e+01
144137 2.099357e+01
144140 2.099357e+01
144143 2.099357e+01
144146 2.099357e+01
144149 2.099357e+01
144152 2.099357e+01
144155 2.099357e+01
144158 2.099357e+01
144161 2.099357e+01
144164 2.099357e+01
144167 2.099357e+01
144170 2.099357e+01
144173 2.099357e+01
144176 2.099357e+01
144179 2.099357e+01
144182 2.099357e+01
144185 2.099357e+01
146723 2.099357e+01
146726 2.099357e+01
146729 2.099357e+01
146732 2.099357e+01
146735 2.099357e+01
146738 2.099357e+01
146741 2.099357e+01
146744 2.099357e+01
146747 2.099357e+01
146750 2.099357e+01
146753 2.099357e+01
146756 2.099357e+01
146807 2.099357e+01
146810 2.099357e+01
146813 2.099357e+01
146816 2.099357e+01
146819 2.099357e+01
146822 2.099357e+01
146825 2.099357e+01
146828 2.099357e+01
146831 2.099357e+01
146834 2.099357e+01
146837 2.099357e+01
149423 2.099357e+01
149426 2.099357e+01
149429 2.099357e+01
149432 2.099357e+01
149435 2.099357e+01
149438 2.099357e+01
149441 2.099357e+01
149444 2.099357e+01
149447 2.099357e+01
149456 2.099357e+01
149507 2.099357e+01
149537 2.099357e+01
149540 2.099357e+01
149543 2.099357e+01
149546 2.099357e+01
149549 2.099357e+01
149552 2.099357e+01
149555 2.099357e+01
149558 2.099357e+01
149561 2.099357e+01
149564 2.099357e+01
149567 2.099357e+01
149570 2.099357e+01
149573 2.099357e+01
149576 2.099357e+01
149579 2.099357e+01
149582 2.099357e+01
149585 2.099357e+01
152123 2.099357e+01
152126 2.099357e+01
152129 2.099357e+01
152132 2.099357e+01
152135 2.099357e+01
152138 2.099357e+01
152141 2.099357e+01
152144 2.099357e+01
152147 2.099357e+01
152156 2.099357e+01
152159 2.099357e+01
152162 2.099357e+01
152165 2.099357e+01
152168 2.099357e+01
152171 2.099357e+01
152174 2.099357e+01
152177 2.099357e+01
152180 2.099357e+01
152207 2.099357e+01
152237 2.099357e+01
154823 2.099357e+01
154826 2.099357e+01
154829 2.099357e+01
154832 2.099357e+01
154835 2.099357e+01
154838 2.099357e+01
154841 2.099357e+01
154844 2.099357e+01
154847 2.099357e+01
154856 2.099357e+01
154907 2.099357e+01
154937 2.099357e+01
154940 2.099357e+01
154943 2.099357e+01
154946 2.099357e+01
154949 2.099357e+01
154952 2.099357e+01
154955 2.099357e+01
154958 2.099357e+01
154961 2.099357e+01
154964 2.099357e+01
154967 2.099357e+01
154970 2.099357e+01
154973 2.099357e+01
154976 2.099357e+01
154979 2.099357e+01
154982 2.099357e+01
154985 2.099357e+01
157523 2.099357e+01
157526 2.099357e+01
157529 2.099357e+01
157532 2.099357e+01
157535 2.099357e+01
157538 2.099357e+01
157541 2.099357e+01
157544 2.099357e+01
157547 2.099357e+01
157550 2.099357e+01
157553 2.099357e+01
157556 2.099357e+01
157607 2.099357e+01
157610 2.099357e+01
157613 2.099357e+01
157616 2.099357e+01
157619 2.099357e+01
157622 2.099357e+01
157625 2.099357e+01
157628 2.099357e+01
157631 2.099357e+01
157634 2.099357e+01
157637 2.099357e+01
157640 2.099357e+01
157643 2.099357e+01
157646 2.099357e+01
157649 2.099357e+01
157652 2.099357e+01
157655 2.099357e+01
157658 2.099357e+01
157661 2.099357e+01
157664 2.099357e+01
157667 2.099357e+01
157670 2.099357e+01
157673 2.099357e+01
157676 2.099357e+01
157679 2.099357e+01
157682 2.099357e+01
157685 2.099357e+01
160223 2.099357e+01
160226 2.099357e+01
160229 2.099357e+01
160232 2.099357e+01
160235 2.099357e+01
160238 2.099357e+01
160241 2.099357e+01
160244 2.099357e+01
160247 2.099357e+01
160250 2.099357e+01
160253 2.099357e+01
160256 2.099357e+01
160307 2.099357e+01
160337 2.099357e+01
160340 2.099357e+01
160343 2.099357e+01
160346 2.099357e+01
160349 2.099357e+01
160352 2.099357e+01
160355 2.099357e+01
160358 2.099357e+01
160361 2.099357e+01
160364 2.099357e+01
160367 2.099357e+01
160370 2.099357e+01
160373 2.099357e+01
160376 2.099357e+01
160379 2.099357e+01
160382 2.099357e+01
160385 2.099357e+01
162923 2.099357e+01
162926 2.099357e+01
162929 2.099357e+01
162932 2.099357e+01
162935 2.099357e+01
162938 2.099357e+01
162941 2.099357e+01
162944 2.099357e+01
162947 2.099357e+01
162956 2.099357e+01
162959 2.099357e+01
162962 2.099357e+01
162965 2.099357e+01
162968 2.099357e+01
162971 2.099357e+01
162974 2.099357e+01
162977 2.099357e+01
162980 2.099357e+01
163007 2.099357e+01
163037 2.099357e+01
165623 2.099357e+01
165626 2.099357e+01
165629 2.099357e+01
165632 2.099357e+01
165635 2.099357e+01
165638 2.099357e+01
165641 2.099357e+01
165644 2.099357e+01
165647 2.099357e+01
165656 2.099357e+01
165659 2.099357e+01
165662 2.099357e+01
165665 2.099357e+01
165668 2.099357e+01
165671 2.099357e+01
165674 2.099357e+01
165677 2.099357e+01
165680 2.099357e+01
165707 2.099357e+01
165710 2.099357e+01
165713 2.099357e+01
165716 2.099357e+01
165719 2.099357e+01
165722 2.099357e+01
165725 2.099357e+01
165728 2.099357e+01
165731 2.099357e+01
165734 2.099357e+01
165737 2.099357e+01
165740 2.099357e+01
165743 2.099357e+01
165746 2.099357e+01
165749 2.099357e+01
165752 2.099357e+01
165755 2.099357e+01
165758 2.099357e+01
165761 2.099357e+01
165764 2.099357e+01
165767 2.099357e+01
165770 2.099357e+01
165773 2.099357e+01
165776 2.099357e+01
165779 2.099357e+01
165782 2.099357e+01
165785 2.099357e+01
168323 2.099357e+01
168326 2.099357e+01
168329 2.099357e+01
168332 2.099357e+01
168335 2.099357e+01
168338 2.099357e+01
168341 2.099357e+01
168344 2.099357e+01
168347 2.099357e+01
168350 2.099357e+01
168353 2.099357e+01
168356 2.099357e+01
168359 2.099357e+01
168362 2.099357e+01
168365 2.099357e+01
168368 2.099357e+01
168371 2.099357e+01
168374 2.099357e+01
168377 2.099357e+01
168380 2.099357e+01
168407 2.099357e+01
168410 2.099357e+01
168413 2.099357e+01
168416 2.099357e+01
168419 2.099357e+01
168422 2.099357e+01
168425 2.099357e+01
168428 2.099357e+01
168431 2.099357e+01
168434 2.099357e+01
168437 2.099357e+01
171023 2.099357e+01
171047 2.099357e+01
171056 2.099357e+01
171107 2.099357e+01
171110 2.099357e+01
171113 2.099357e+01
171116 2.099357e+01
171119 2.099357e+01
171122 2.099357e+01
171125 2.099357e+01
171128 2.099357e+01
171131 2.099357e+01
171134 2.099357e+01
171137 2.099357e+01
173723 2.099357e+01
173747 2.099357e+01
173756 2.099357e+01
173807 2.099357e+01
173837 2.099357e+01
173840 2.099357e+01
173843 2.099357e+01
173846 2.099357e+01
173849 2.099357e+01
173852 2.099357e+01
173855 2.099357e+01
173858 2.099357e+01
173861 2.099357e+01
173864 2.099357e+01
173867 2.099357e+01
173870 2.099357e+01
173873 2.099357e+01
173876 2.099357e+01
173879 2.099357e+01
173882 2.099357e+01
173885 2.099357e+01
176423 2.099357e+01
176447 2.099357e+01
176450 2.099357e+01
176453 2.099357e+01
176456 2.099357e+01
176507 2.099357e+01
176510 2.099357e+01
176513 2.099357e+01
176516 2.099357e+01
176519 2.099357e+01
176522 2.099357e+01
176525 2.099357e+01
176528 2.099357e+01
176531 2.099357e+01
176534 2.099357e+01
176537 2.099357e+01
179123 2.099357e+01
179126 2.099357e+01
179129 2.099357e+01
179132 2.099357e+01
179135 2.099357e+01
179138 2.099357e+01
179141 2.099357e+01
179144 2.099357e+01
179147 2.099357e+01
179150 2.099357e+01
179153 2.099357e+01
179156 2.099357e+01
179207 2.099357e+01
179210 2.099357e+01
179213 2.099357e+01
179216 2.099357e+01
179219 2.099357e+01
179222 2.099357e+01
179225 2.099357e+01
179228 2.099357e+01
179231 2.099357e+01
179234 2.099357e+01
179237 2.099357e+01
179240 2.099357e+01
179243 2.099357e+01
179246 2.099357e+01
179249 2.099357e+01
179252 2.099357e+01
179255 2.099357e+01
179258 2.099357e+01
179261 2.099357e+01
179264 2.099357e+01
179267 2.099357e+01
179270 2.099357e+01
179273 2.099357e+01
179276 2.099357e+01
179279 2.099357e+01
179282 2.099357e+01
179285 2.099357e+01
181823 2.099357e+01
181826 2.099357e+01
181829 2.099357e+01
181832 2.099357e+01
181835 2.099357e+01
181838 2.099357e+01
181841 2.099357e+01
181844 2.099357e+01
181847 2.099357e+01
181856 2.099357e+01
181907 2.099357e+01
181937 2.099357e+01
181940 2.099357e+01
181943 2.099357e+01
181946 2.099357e+01
181949 2.099357e+01
181952 2.099357e+01
181955 2.099357e+01
181958 2.099357e+01
181961 2.099357e+01
181964 2.099357e+01
181967 2.099357e+01
181970 2.099357e+01
181973 2.099357e+01
181976 2.099357e+01
181979 2.099357e+01
181982 2.099357e+01
181985 2.099357e+01
184523 2.099357e+01
184547 2.099357e+01
184550 2.099357e+01
184553 2.099357e+01
184556 2.099357e+01
184559 2.099357e+01
184562 2.099357e+01
184565 2.099357e+01
184568 2.099357e+01
184571 2.099357e+01
184574 2.099357e+01
184577 2.099357e+01
184580 2.099357e+01
184607 2.099357e+01
184637 2.099357e+01
184640 2.099357e+01
184643 2.099357e+01
184646 2.099357e+01
184649 2.099357e+01
184652 2.099357e+01
184655 2.099357e+01
184658 2.099357e+01
184661 2.099357e+01
184664 2.099357e+01
184667 2.099357e+01
184670 2.099357e+01
184673 2.099357e+01
184676 2.099357e+01
184679 2.099357e+01
184682 2.099357e+01
184685 2.099357e+01
187223 2.099357e+01
187226 2.099357e+01
187229 2.099357e+01
187232 2.099357e+01
187235 2.099357e+01
187238 2.099357e+01
187241 2.099357e+01
187244 2.099357e+01
187247 2.099357e+01
187256 2.099357e+01
187307 2.099357e+01
187310 2.099357e+01
187313 2.099357e+01
187316 2.099357e+01
187319 2.099357e+01
187322 2.099357e+01
187325 2.099357e+01
187328 2.099357e+01
187331 2.099357e+01
187334 2.099357e+01
187337 2.099357e+01
187340 2.099357e+01
187343 2.099357e+01
187346 2.099357e+01
187349 2.099357e+01
187352 2.099357e+01
187355 2.099357e+01
187358 2.099357e+01
187361 2.099357e+01
187364 2.099357e+01
187367 2.099357e+01
187370 2.099357e+01
187373 2.099357e+01
187376 2.099357e+01
187379 2.099357e+01
187382 2.099357e+01
187385 2.099357e+01
189923 2.099357e+01
189947 2.099357e+01
189956 2.099357e+01
190007 2.099357e+01
190037 2.099357e+01
190040 2.099357e+01
190043 2.099357e+01
190046 2.099357e+01
190049 2.099357e+01
190052 2.099357e+01
190055 2.099357e+01
190058 2.099357e+01
190061 2.099357e+01
190064 2.099357e+01
190067 2.099357e+01
190070 2.099357e+01
190073 2.099357e+01
190076 2.099357e+01
190079 2.099357e+01
190082 2.099357e+01
190085 2.099357e+01
192623 2.099357e+01
192626 2.099357e+01
192629 2.099357e+01
192632 2.099357e+01
192635 2.099357e+01
192638 2.099357e+01
192641 2.099357e+01
192644 2.099357e+01
192647 2.099357e+01
192656 2.099357e+01
192659 2.099357e+01
192662 2.099357e+01
192665 2.099357e+01
192668 2.099357e+01
192671 2.099357e+01
192674 2.099357e+01
192677 2.099357e+01
192680 2.099357e+01
192707 2.099357e+01
192710 2.099357e+01
192713 2.099357e+01
192716 2.099357e+01
192719 2.099357e+01
192722 2.099357e+01
192725 2.099357e+01
192728 2.099357e+01
192731 2.099357e+01
192734 2.099357e+01
192737 2.099357e+01
195323 2.099357e+01
195326 2.099357e+01
195329 2.099357e+01
195332 2.099357e+01
195335 2.099357e+01
195338 2.099357e+01
195341 2.099357e+01
195344 2.099357e+01
195347 2.099357e+01
195350 2.099357e+01
195353 2.099357e+01
195356 2.099357e+01
195407 2.099357e+01
195410 2.099357e+01
195413 2.099357e+01
195416 2.099357e+01
195419 2.099357e+01
195422 2.099357e+01
195425 2.099357e+01
195428 2.099357e+01
195431 2.099357e+01
195434 2.099357e+01
195437 2.099357e+01
198023 2.099357e+01
198026 2.099357e+01
198029 2.099357e+01
198032 2.099357e+01
198035 2.099357e+01
198038 2.099357e+01
198041 2.099357e+01
198044 2.099357e+01
198047 2.099357e+01
198056 2.099357e+01
198107 2.099357e+01
198110 2.099357e+01
198113 2.099357e+01
198116 2.099357e+01
198119 2.099357e+01
198122 2.099357e+01
198125 2.099357e+01
198128 2.099357e+01
198131 2.099357e+01
198134 2.099357e+01
198137 2.099357e+01
198140 2.099357e+01
198143 2.099357e+01
198146 2.099357e+01
198149 2.099357e+01
198152 2.099357e+01
198155 2.099357e+01
198158 2.099357e+01
198161 2.099357e+01
198164 2.099357e+01
198167 2.099357e+01
198170 2.099357e+01
198173 2.099357e+01
198176 2.099357e+01
198179 2.099357e+01
198182 2.099357e+01
198185 2.099357e+01
200723 2.099357e+01
200726 2.099357e+01
200729 2.099357e+01
200732 2.099357e+01
200735 2.099357e+01
200738 2.099357e+01
200741 2.099357e+01
200744 2.099357e+01
200747 2.099357e+01
200750 2.099357e+01
200753 2.099357e+01
200756 2.099357e+01
200759 2.099357e+01
200762 2.099357e+01
200765 2.099357e+01
200768 2.099357e+01
200771 2.099357e+01
200774 2.099357e+01
200777 2.099357e+01
200780 2.099357e+01
200807 2.099357e+01
200810 2.099357e+01
200813 2.099357e+01
200816 2.099357e+01
200819 2.099357e+01
200822 2.099357e+01
200825 2.099357e+01
200828 2.099357e+01
200831 2.099357e+01
200834 2.099357e+01
200837 2.099357e+01
203423 2.099357e+01
203447 2.099357e+01
203450 2.099357e+01
203453 2.099357e+01
203456 2.099357e+01
203459 2.099357e+01
203462 2.099357e+01
203465 2.099357e+01
203468 2.099357e+01
203471 2.099357e+01
203474 2.099357e+01
203477 2.099357e+01
203480 2.099357e+01
203507 2.099357e+01
203510 2.099357e+01
203513 2.099357e+01
203516 2.099357e+01
203519 2.099357e+01
203522 2.099357e+01
203525 2.099357e+01
203528 2.099357e+01
203531 2.099357e+01
203534 2.099357e+01
203537 2.099357e+01
206123 2.099357e+01
206147 2.099357e+01
206156 2.099357e+01
206207 2.099357e+01
206210 2.099357e+01
206213 2.099357e+01
206216 2.099357e+01
206219 2.099357e+01
206222 2.099357e+01
206225 2.099357e+01
206228 2.099357e+01
206231 2.099357e+01
206234 2.099357e+01
206237 2.099357e+01
206240 2.099357e+01
206243 2.099357e+01
206246 2.099357e+01
206249 2.099357e+01
206252 2.099357e+01
206255 2.099357e+01
206258 2.099357e+01
206261 2.099357e+01
206264 2.099357e+01
206267 2.099357e+01
206270 2.099357e+01
206273 2.099357e+01
206276 2.099357e+01
206279 2.099357e+01
206282 2.099357e+01
206285 2.099357e+01
208823 2.099357e+01
208826 2.099357e+01
208829 2.099357e+01
208832 2.099357e+01
208835 2.099357e+01
208838 2.099357e+01
208841 2.099357e+01
208844 2.099357e+01
208847 2.099357e+01
208856 2.099357e+01
208859 2.099357e+01
208862 2.099357e+01
208865 2.099357e+01
208868 2.099357e+01
208871 2.099357e+01
208874 2.099357e+01
208877 2.099357e+01
208880 2.099357e+01
208907 2.099357e+01
208937 2.099357e+01
211523 2.099357e+01
211526 2.099357e+01
211529 2.099357e+01
211532 2.099357e+01
211535 2.099357e+01
211538 2.099357e+01
211541 2.099357e+01
211544 2.099357e+01
211547 2.099357e+01
211556 2.099357e+01
211607 2.099357e+01
211610 2.099357e+01
211613 2.099357e+01
211616 2.099357e+01
211619 2.099357e+01
211622 2.099357e+01
211625 2.099357e+01
211628 2.099357e+01
211631 2.099357e+01
211634 2.099357e+01
211637 2.099357e+01
214223 2.099357e+01
214247 2.099357e+01
214250 2.099357e+01
214253 2.099357e+01
214256 2.099357e+01
214259 2.099357e+01
214262 2.099357e+01
214265 2.099357e+01
214268 2.099357e+01
214271 2.099357e+01
214274 2.099357e+01
214277 2.099357e+01
214280 2.099357e+01
214307 2.099357e+01
214310 2.099357e+01
214313 2.099357e+01
214316 2.099357e+01
214319 2.099357e+01
214322 2.099357e+01
214325 2.099357e+01
214328 2.099357e+01
214331 2.099357e+01
214334 2.099357e+01
214337 2.099357e+01
214340 2.099357e+01
214343 2.099357e+01
214346 2.099357e+01
214349 2.099357e+01
214352 2.099357e+01
214355 2.099357e+01
214358 2.099357e+01
214361 2.099357e+01
214364 2.099357e+01
214367 2.099357e+01
214370 2.099357e+01
214373 2.099357e+01
214376 2.099357e+01
214379 2.099357e+01
214382 2.099357e+01
214385 2.099357e+01
216923 2.099357e+01
216947 2.099357e+01
216956 2.099357e+01
216959 2.099357e+01
216962 2.099357e+01
216965 2.099357e+01
216968 2.099357e+01
216971 2.099357e+01
216974 2.099357e+01
216977 2.099357e+01
216980 2.099357e+01
217007 2.099357e+01
217037 2.099357e+01
217040 2.099357e+01
217043 2.099357e+01
217046 2.099357e+01
217049 2.099357e+01
217052 2.099357e+01
217055 2.099357e+01
217058 2.099357e+01
217061 2.099357e+01
217064 2.099357e+01
217067 2.099357e+01
217070 2.099357e+01
217073 2.099357e+01
217076 2.099357e+01
217079 2.099357e+01
217082 2.099357e+01
217085 2.099357e+01
219623 2.099357e+01
219626 2.099357e+01
219629 2.099357e+01
219632 2.099357e+01
219635 2.099357e+01
219638 2.099357e+01
219641 2.099357e+01
219644 2.099357e+01
219647 2.099357e+01
219656 2.099357e+01
219707 2.099357e+01
219710 2.099357e+01
219713 2.099357e+01
219716 2.099357e+01
219719 2.099357e+01
219722 2.099357e+01
219725 2.099357e+01
219728 2.099357e+01
219731 2.099357e+01
219734 2.099357e+01
219737 2.099357e+01
222323 2.099357e+01
222326 2.099357e+01
222329 2.099357e+01
222332 2.099357e+01
222335 2.099357e+01
222338 2.099357e+01
222341 2.099357e+01
222344 2.099357e+01
222347 2.099357e+01
222350 2.099357e+01
222353 2.099357e+01
222356 2.099357e+01
222359 2.099357e+01
222362 2.099357e+01
222365 2.099357e+01
222368 2.099357e+01
222371 2.099357e+01
222374 2.099357e+01
222377 2.099357e+01
222380 2.099357e+01
222407 2.099357e+01
222437 2.099357e+01
222440 2.099357e+01
222443 2.099357e+01
222446 2.099357e+01
222449 2.099357e+01
222452 2.099357e+01
222455 2.099357e+01
222458 2.099357e+01
222461 2.099357e+01
222464 2.099357e+01
222467 2.099357e+01
222470 2.099357e+01
222473 2.099357e+01
222476 2.099357e+01
222479 2.099357e+01
222482 2.099357e+01
222485 2.099357e+01
225023 2.099357e+01
225047 2.099357e+01
225050 2.099357e+01
225053 2.099357e+01
225056 2.099357e+01
225107 2.099357e+01
225110 2.099357e+01
225113 2.099357e+01
225116 2.099357e+01
225119 2.099357e+01
225122 2.099357e+01
225125 2.099357e+01
225128 2.099357e+01
225131 2.099357e+01
225134 2.099357e+01
225137 2.099357e+01
225140 2.099357e+01
225143 2.099357e+01
225146 2.099357e+01
225149 2.099357e+01
225152 2.099357e+01
225155 2.099357e+01
225158 2.099357e+01
225161 2.099357e+01
225164 2.099357e+01
225167 2.099357e+01
225170 2.099357e+01
225173 2.099357e+01
225176 2.099357e+01
225179 2.099357e+01
225182 2.099357e+01
225185 2.099357e+01
227723 2.099357e+01
227726 2.099357e+01
227729 2.099357e+01
227732 2.099357e+01
227735 2.099357e+01
227738 2.099357e+01
227741 2.099357e+01
227744 2.099357e+01
227747 2.099357e+01
227756 2.099357e+01
227759 2.099357e+01
227762 2.099357e+01
227765 2.099357e+01
227768 2.099357e+01
227771 2.099357e+01
227774 2.099357e+01
227777 2.099357e+01
227780 2.099357e+01
227807 2.099357e+01
227837 2.099357e+01
227840 2.099357e+01
227843 2.099357e+01
227846 2.099357e+01
227849 2.099357e+01
227852 2.099357e+01
227855 2.099357e+01
227858 2.099357e+01
227861 2.099357e+01
227864 2.099357e+01
227867 2.099357e+01
227870 2.099357e+01
227873 2.099357e+01
227876 2.099357e+01
227879 2.099357e+01
227882 2.099357e+01
227885 2.099357e+01
230423 2.099357e+01
230447 2.099357e+01
230456 2.099357e+01
230459 2.099357e+01
230462 2.099357e+01
230465 2.099357e+01
230468 2.099357e+01
230471 2.099357e+01
230474 2.099357e+01
230477 2.099357e+01
230480 2.099357e+01
230507 2.099357e+01
230510 2.099357e+01
230513 2.099357e+01
230516 2.099357e+01
230519 2.099357e+01
230522 2.099357e+01
230525 2.099357e+01
230528 2.099357e+01
230531 2.099357e+01
230534 2.099357e+01
230537 2.099357e+01
230540 2.099357e+01
230543 2.099357e+01
230546 2.099357e+01
230549 2.099357e+01
230552 2.099357e+01
230555 2.099357e+01
230558 2.099357e+01
230561 2.099357e+01
230564 2.099357e+01
230567 2.099357e+01
230570 2.099357e+01
230573 2.099357e+01
230576 2.099357e+01
230579 2.099357e+01
230582 2.099357e+01
230585 2.099357e+01
233123 2.099357e+01
233126 2.099357e+01
233129 2.099357e+01
233132 2.099357e+01
233135 2.099357e+01
233138 2.099357e+01
233141 2.099357e+01
233144 2.099357e+01
233147 2.099357e+01
233156 2.099357e+01
233159 2.099357e+01
233162 2.099357e+01
233165 2.099357e+01
233168 2.099357e+01
233171 2.099357e+01
233174 2.099357e+01
233177 2.099357e+01
233180 2.099357e+01
233207 2.099357e+01
233210 2.099357e+01
233213 2.099357e+01
233216 2.099357e+01
233219 2.099357e+01
233222 2.099357e+01
233225 2.099357e+01
233228 2.099357e+01
233231 2.099357e+01
233234 2.099357e+01
233237 2.099357e+01
233240 2.099357e+01
233243 2.099357e+01
233246 2.099357e+01
233249 2.099357e+01
233252 2.099357e+01
233255 2.099357e+01
233258 2.099357e+01
233261 2.099357e+01
233264 2.099357e+01
233267 2.099357e+01
233270 2.099357e+01
233273 2.099357e+01
233276 2.099357e+01
233279 2.099357e+01
233282 2.099357e+01
233285 2.099357e+01
235823 2.099357e+01
235847 2.099357e+01
235856 2.099357e+01
235859 2.099357e+01
235862 2.099357e+01
235865 2.099357e+01
235868 2.099357e+01
235871 2.099357e+01
235874 2.099357e+01
235877 2.099357e+01
235880 2.099357e+01
235907 2.099357e+01
235910 2.099357e+01
235913 2.099357e+01
235916 2.099357e+01
235919 2.099357e+01
235922 2.099357e+01
235925 2.099357e+01
235928 2.099357e+01
235931 2.099357e+01
235934 2.099357e+01
235937 2.099357e+01
238523 2.099357e+01
238547 2.099357e+01
238556 2.099357e+01
238607 2.099357e+01
238637 2.099357e+01
241223 2.099357e+01
241247 2.099357e+01
241250 2.099357e+01
241253 2.099357e+01
241256 2.099357e+01
241307 2.099357e+01
241310 2.099357e+01
241313 2.099357e+01
241316 2.099357e+01
241319 2.099357e+01
241322 2.099357e+01
241325 2.099357e+01
241328 2.099357e+01
241331 2.099357e+01
241334 2.099357e+01
241337 2.099357e+01
243923 2.099357e+01
243926 2.099357e+01
243929 2.099357e+01
243932 2.099357e+01
243935 2.099357e+01
243938 2.099357e+01
243941 2.099357e+01
243944 2.099357e+01
243947 2.099357e+01
243950 2.099357e+01
243953 2.099357e+01
243956 2.099357e+01
244007 2.099357e+01
244037 2.099357e+01
244040 2.099357e+01
244043 2.099357e+01
244046 2.099357e+01
244049 2.099357e+01
244052 2.099357e+01
244055 2.099357e+01
244058 2.099357e+01
244061 2.099357e+01
244064 2.099357e+01
244067 2.099357e+01
244070 2.099357e+01
244073 2.099357e+01
244076 2.099357e+01
244079 2.099357e+01
244082 2.099357e+01
244085 2.099357e+01
246623 2.099357e+01
246647 2.099357e+01
246650 2.099357e+01
246653 2.099357e+01
246656 2.099357e+01
246659 2.099357e+01
246662 2.099357e+01
246665 2.099357e+01
246668 2.099357e+01
246671 2.099357e+01
246674 2.099357e+01
246677 2.099357e+01
246680 2.099357e+01
246707 2.099357e+01
246737 2.099357e+01
246740 2.099357e+01
246743 2.099357e+01
246746 2.099357e+01
246749 2.099357e+01
246752 2.099357e+01
246755 2.099357e+01
246758 2.099357e+01
246761 2.099357e+01
246764 2.099357e+01
246767 2.099357e+01
246770 2.099357e+01
246773 2.099357e+01
246776 2.099357e+01
246779 2.099357e+01
246782 2.099357e+01
246785 2.099357e+01
249323 2.099357e+01
249326 2.099357e+01
249329 2.099357e+01
249332 2.099357e+01
249335 2.099357e+01
249338 2.099357e+01
249341 2.099357e+01
249344 2.099357e+01
249347 2.099357e+01
249350 2.099357e+01
249353 2.099357e+01
249356 2.099357e+01
249407 2.099357e+01
249437 2.099357e+01
252023 2.099357e+01
252047 2.099357e+01
252050 2.099357e+01
252053 2.099357e+01
252056 2.099357e+01
252107 2.099357e+01
252110 2.099357e+01
252113 2.099357e+01
252116 2.099357e+01
252119 2.099357e+01
252122 2.099357e+01
252125 2.099357e+01
252128 2.099357e+01
252131 2.099357e+01
252134 2.099357e+01
252137 2.099357e+01
252140 2.099357e+01
252143 2.099357e+01
252146 2.099357e+01
252149 2.099357e+01
252152 2.099357e+01
252155 2.099357e+01
252158 2.099357e+01
252161 2.099357e+01
252164 2.099357e+01
252167 2.099357e+01
252170 2.099357e+01
252173 2.099357e+01
252176 2.099357e+01
252179 2.099357e+01
252182 2.099357e+01
252185 2.099357e+01
254723 2.099357e+01
254747 2.099357e+01
254750 2.099357e+01
254753 2.099357e+01
254756 2.099357e+01
254807 2.099357e+01
254810 2.099357e+01
254813 2.099357e+01
254816 2.099357e+01
254819 2.099357e+01
254822 2.099357e+01
254825 2.099357e+01
254828 2.099357e+01
254831 2.099357e+01
254834 2.099357e+01
254837 2.099357e+01
257423 2.099357e+01
257426 2.099357e+01
257429 2.099357e+01
257432 2.099357e+01
257435 2.099357e+01
257438 2.099357e+01
257441 2.099357e+01
257444 2.099357e+01
257447 2.099357e+01
257450 2.099357e+01
257453 2.099357e+01
257456 2.099357e+01
257507 2.099357e+01
257510 2.099357e+01
257513 2.099357e+01
257516 2.099357e+01
257519 2.099357e+01
257522 2.099357e+01
257525 2.099357e+01
257528 2.099357e+01
257531 2.099357e+01
257534 2.099357e+01
257537 2.099357e+01
257540 2.099357e+01
257543 2.099357e+01
257546 2.099357e+01
257549 2.099357e+01
257552 2.099357e+01
257555 2.099357e+01
257558 2.099357e+01
257561 2.099357e+01
257564 2.099357e+01
257567 2.099357e+01
257570 2.099357e+01
257573 2.099357e+01
257576 2.099357e+01
257579 2.099357e+01
257582 2.099357e+01
257585 2.099357e+01
260123 2.099357e+01
260126 2.099357e+01
260129 2.099357e+01
260132 2.099357e+01
260135 2.099357e+01
260138 2.099357e+01
260141 2.099357e+01
260144 2.099357e+01
260147 2.099357e+01
260150 2.099357e+01
260153 2.099357e+01
260156 2.099357e+01
260159 2.099357e+01
260162 2.099357e+01
260165 2.099357e+01
260168 2.099357e+01
260171 2.099357e+01
260174 2.099357e+01
260177 2.099357e+01
260180 2.099357e+01
260207 2.099357e+01
260210 2.099357e+01
260213 2.099357e+01
260216 2.099357e+01
260219 2.099357e+01
260222 2.099357e+01
260225 2.099357e+01
260228 2.099357e+01
260231 2.099357e+01
260234 2.099357e+01
260237 2.099357e+01
262823 2.099357e+01
262847 2.099357e+01
262856 2.099357e+01
262907 2.099357e+01
262937 2.099357e+01
262940 2.099357e+01
262943 2.099357e+01
262946 2.099357e+01
262949 2.099357e+01
262952 2.099357e+01
262955 2.099357e+01
262958 2.099357e+01
262961 2.099357e+01
262964 2.099357e+01
262967 2.099357e+01
262970 2.099357e+01
262973 2.099357e+01
262976 2.099357e+01
262979 2.099357e+01
262982 2.099357e+01
262985 2.099357e+01
265523 2.099357e+01
265526 2.099357e+01
265529 2.099357e+01
265532 2.099357e+01
265535 2.099357e+01
265538 2.099357e+01
265541 2.099357e+01
265544 2.099357e+01
265547 2.099357e+01
265556 2.099357e+01
265607 2.099357e+01
265610 2.099357e+01
265613 2.099357e+01
265616 2.099357e+01
265619 2.099357e+01
265622 2.099357e+01
265625 2.099357e+01
265628 2.099357e+01
265631 2.099357e+01
265634 2.099357e+01
265637 2.099357e+01
268223 2.099357e+01
268247 2.099357e+01
268250 2.099357e+01
268253 2.099357e+01
268256 2.099357e+01
268259 2.099357e+01
268262 2.099357e+01
268265 2.099357e+01
268268 2.099357e+01
268271 2.099357e+01
268274 2.099357e+01
268277 2.099357e+01
268280 2.099357e+01
268307 2.099357e+01
268337 2.099357e+01
268340 2.099357e+01
268343 2.099357e+01
268346 2.099357e+01
268349 2.099357e+01
268352 2.099357e+01
268355 2.099357e+01
268358 2.099357e+01
268361 2.099357e+01
268364 2.099357e+01
268367 2.099357e+01
268370 2.099357e+01
268373 2.099357e+01
268376 2.099357e+01
268379 2.099357e+01
268382 2.099357e+01
268385 2.099357e+01
270923 2.099357e+01
270947 2.099357e+01
270956 2.099357e+01
271007 2.099357e+01
271010 2.099357e+01
271013 2.099357e+01
271016 2.099357e+01
271019 2.099357e+01
271022 2.099357e+01
271025 2.099357e+01
271028 2.099357e+01
271031 2.099357e+01
271034 2.099357e+01
271037 2.099357e+01
271040 2.099357e+01
271043 2.099357e+01
271046 2.099357e+01
271049 2.099357e+01
271052 2.099357e+01
271055 2.099357e+01
271058 2.099357e+01
271061 2.099357e+01
271064 2.099357e+01
271067 2.099357e+01
271070 2.099357e+01
271073 2.099357e+01
271076 2.099357e+01
271079 2.099357e+01
271082 2.099357e+01
271085 2.099357e+01
273623 2.099357e+01
273626 2.099357e+01
273629 2.099357e+01
273632 2.099357e+01
273635 2.099357e+01
273638 2.099357e+01
273641 2.099357e+01
273644 2.099357e+01
273647 2.099357e+01
273650 2.099357e+01
273653 2.099357e+01
273656 2.099357e+01
273707 2.099357e+01
273737 2.099357e+01
273740 2.099357e+01
273743 2.099357e+01
273746 2.099357e+01
273749 2.099357e+01
273752 2.099357e+01
273755 2.099357e+01
273758 2.099357e+01
273761 2.099357e+01
273764 2.099357e+01
273767 2.099357e+01
273770 2.099357e+01
273773 2.099357e+01
273776 2.099357e+01
273779 2.099357e+01
273782 2.099357e+01
273785 2.099357e+01
276323 2.099357e+01
276347 2.099357e+01
276350 2.099357e+01
276353 2.099357e+01
276356 2.099357e+01
276359 2.099357e+01
276362 2.099357e+01
276365 2.099357e+01
276368 2.099357e+01
276371 2.099357e+01
276374 2.099357e+01
276377 2.099357e+01
276380 2.099357e+01
276407 2.099357e+01
276437 2.099357e+01
279023 2.099357e+01
279047 2.099357e+01
279050 2.099357e+01
279053 2.099357e+01
279056 2.099357e+01
279059 2.099357e+01
279062 2.099357e+01
279065 2.099357e+01
279068 2.099357e+01
279071 2.099357e+01
279074 2.099357e+01
279077 2.099357e+01
279080 2.099357e+01
279107 2.099357e+01
279110 2.099357e+01
279113 2.099357e+01
279116 2.099357e+01
279119 2.099357e+01
279122 2.099357e+01
279125 2.099357e+01
279128 2.099357e+01
279131 2.099357e+01
279134 2.099357e+01
279137 2.099357e+01
279140 2.099357e+01
279143 2.099357e+01
279146 2.099357e+01
279149 2.099357e+01
279152 2.099357e+01
279155 2.099357e+01
279158 2.099357e+01
279161 2.099357e+01
279164 2.099357e+01
279167 2.099357e+01
279170 2.099357e+01
279173 2.099357e+01
279176 2.099357e+01
279179 2.099357e+01
279182 2.099357e+01
279185 2.099357e+01
281723 2.099357e+01
281747 2.099357e+01
281750 2.099357e+01
281753 2.099357e+01
281756 2.099357e+01
281759 2.099357e+01
281762 2.099357e+01
281765 2.099357e+01
281768 2.099357e+01
281771 2.099357e+01
281774 2.099357e+01
281777 2.099357e+01
281780 2.099357e+01
281807 2.099357e+01
281837 2.099357e+01
281840 2.099357e+01
281843 2.099357e+01
281846 2.099357e+01
281849 2.099357e+01
281852 2.099357e+01
281855 2.099357e+01
281858 2.099357e+01
281861 2.099357e+01
281864 2.099357e+01
281867 2.099357e+01
281870 2.099357e+01
281873 2.099357e+01
281876 2.099357e+01
281879 2.099357e+01
281882 2.099357e+01
281885 2.099357e+01
284423 2.099357e+01
284447 2.099357e+01
284450 2.099357e+01
284453 2.099357e+01
284456 2.099357e+01
284507 2.099357e+01
284537 2.099357e+01
287123 2.099357e+01
287147 2.099357e+01
287156 2.099357e+01
287159 2.099357e+01
287162 2.099357e+01
287165 2.099357e+01
287168 2.099357e+01
287171 2.099357e+01
287174 2.099357e+01
287177 2.099357e+01
287180 2.099357e+01
287207 2.099357e+01
287210 2.099357e+01
287213 2.099357e+01
287216 2.099357e+01
287219 2.099357e+01
287222 2.099357e+01
287225 2.099357e+01
287228 2.099357e+01
287231 2.099357e+01
287234 2.099357e+01
287237 2.099357e+01
287240 2.099357e+01
287243 2.099357e+01
287246 2.099357e+01
287249 2.099357e+01
287252 2.099357e+01
287255 2.099357e+01
287258 2.099357e+01
287261 2.099357e+01
287264 2.099357e+01
287267 2.099357e+01
287270 2.099357e+01
287273 2.099357e+01
287276 2.099357e+01
287279 2.099357e+01
287282 2.099357e+01
287285 2.099357e+01
289823 2.099357e+01
289847 2.099357e+01
289856 2.099357e+01
289907 2.099357e+01
289937 2.099357e+01
292523 2.099357e+01
292547 2.099357e+01
292550 2.099357e+01
292553 2.099357e+01
292556 2.099357e+01
292607 2.099357e+01
292610 2.099357e+01
292613 2.099357e+01
292616 2.099357e+01
292619 2.099357e+01
292622 2.099357e+01
292625 2.099357e+01
292628 2.099357e+01
292631 2.099357e+01
292634 2.099357e+01
292637 2.099357e+01
292640 2.099357e+01
292643 2.099357e+01
292646 2.099357e+01
292649 2.099357e+01
292652 2.099357e+01
292655 2.099357e+01
292658 2.099357e+01
292661 2.099357e+01
292664 2.099357e+01
292667 2.099357e+01
292670 2.099357e+01
292673 2.099357e+01
292676 2.099357e+01
292679 2.099357e+01
292682 2.099357e+01
292685 2.099357e+01
295223 2.099357e+01
295226 2.099357e+01
295229 2.099357e+01
295232 2.099357e+01
295235 2.099357e+01
295238 2.099357e+01
295241 2.099357e+01
295244 2.099357e+01
295247 2.099357e+01
295250 2.099357e+01
295253 2.099357e+01
295256 2.099357e+01
295259 2.099357e+01
295262 2.099357e+01
295265 2.099357e+01
295268 2.099357e+01
295271 2.099357e+01
295274 2.099357e+01
295277 2.099357e+01
295280 2.099357e+01
295307 2.099357e+01
295337 2.099357e+01
297923 2.099357e+01
297947 2.099357e+01
297950 2.099357e+01
297953 2.099357e+01
297956 2.099357e+01
297959 2.099357e+01
297962 2.099357e+01
297965 2.099357e+01
297968 2.099357e+01
297971 2.099357e+01
297974 2.099357e+01
297977 2.099357e+01
297980 2.099357e+01
298007 2.099357e+01
298010 2.099357e+01
298013 2.099357e+01
298016 2.099357e+01
298019 2.099357e+01
298022 2.099357e+01
298025 2.099357e+01
298028 2.099357e+01
298031 2.099357e+01
298034 2.099357e+01
298037 2.099357e+01
