1 5.095267e+03
2 5.064797e+03
3 3.643541e+03
8 3.355854e+03
24 3.186924e+03
170 3.039490e+03
221 3.035001e+03
314 3.034107e+03
400 2.974324e+03
446 2.603134e+03
525 2.539855e+03
652 2.093758e+03
1152 1.915608e+03
2006 1.853126e+03
2022 1.238900e+03
2622 1.220402e+03
2802 1.079823e+03
2813 7.029328e+02
2941 6.474350e+02
2971 6.294897e+02
3056 5.356595e+02
3080 5.069146e+02
3095 4.560720e+02
3131 4.322570e+02
3169 2.973662e+02
3251 2.825613e+02
3265 2.483000e+02
3297 2.472867e+02
3318 2.252104e+02
3324 2.180691e+02
3431 2.155428e+02
3467 2.138934e+02
3478 2.125648e+02
3480 2.118389e+02
3502 2.102955e+02
3574 2.085296e+02
3588 2.073052e+02
3646 2.065003e+02
3652 2.063967e+02
3662 2.034834e+02
3757 2.016165e+02
3815 2.008781e+02
3861 2.008390e+02
3881 2.003029e+02
3889 2.002011e+02
3982 2.001016e+02
4028 1.999726e+02
4051 1.998383e+02
4072 1.998371e+02
4079 1.996082e+02
4082 1.995474e+02
4114 1.995147e+02
4126 1.993972e+02
4225 1.993421e+02
4287 1.993412e+02
4293 1.993383e+02
4308 1.993020e+02
4424 1.992987e+02
4453 1.992915e+02
4461 1.992863e+02
4541 1.992855e+02
4543 1.992854e+02
4565 1.992840e+02
4584 1.992838e+02
4596 1.992822e+02
4620 1.992800e+02
4634 1.992795e+02
4652 1.992793e+02
4696 1.992793e+02
4704 1.992782e+02
4707 1.992780e+02
4727 1.992768e+02
4760 1.992763e+02
4796 1.992762e+02
4807 1.992759e+02
4819 1.992759e+02
4838 1.992756e+02
4847 1.992754e+02
4854 1.992753e+02
4929 1.992752e+02
4981 1.992750e+02
5088 1.992749e+02
5135 1.992749e+02
5161 1.992749e+02
5225 1.992749e+02
5250 1.992749e+02
5316 1.992749e+02
5318 1.992749e+02
5347 1.992749e+02
5353 1.992749e+02
5403 1.992749e+02
5460 1.992749e+02
5506 1.992749e+02
5553 1.992749e+02
5572 1.992749e+02
5605 1.992749e+02
5610 1.992749e+02
5642 1.992749e+02
5703 1.992749e+02
5741 1.992749e+02
5755 1.992749e+02
5843 1.992749e+02
5910 1.992749e+02
5921 1.992749e+02
5959 1.992749e+02
6030 1.992749e+02
6034 1.992749e+02
6040 1.992749e+02
6054 1.992749e+02
6173 1.992749e+02
6190 1.992749e+02
6196 1.992749e+02
6227 1.992749e+02
6228 1.992749e+02
6254 1.992749e+02
6276 1.992749e+02
6319 1.992749e+02
6331 1.992749e+02
6404 1.992749e+02
6421 1.992749e+02
6439 1.992749e+02
6461 1.992749e+02
6464 1.992749e+02
6523 1.992749e+02
6563 1.992749e+02
6580 1.992749e+02
6591 1.992749e+02
6624 1.992749e+02
6675 1.992749e+02
6680 1.992749e+02
6716 1.992749e+02
6721 1.992749e+02
6753 1.992749e+02
6762 1.992749e+02
6766 1.992749e+02
6768 1.992749e+02
6776 1.992749e+02
6825 1.992749e+02
6850 1.992749e+02
6895 1.992749e+02
6907 1.992749e+02
6911 1.992749e+02
6928 1.992749e+02
6931 1.992749e+02
6936 1.992749e+02
6954 1.992749e+02
46175 1.959895e+02
46211 1.828970e+02
46223 1.200578e+02
46351 1.074971e+02
46614 9.196142e+01
46646 8.632192e+01
46801 6.843910e+01
46884 6.795904e+01
47004 6.645164e+01
47021 6.300596e+01
47047 4.521855e+01
47059 3.710474e+01
47438 3.104139e+01
47494 3.092030e+01
47536 2.990345e+01
47619 2.701376e+01
47715 2.549962e+01
47875 2.539614e+01
47957 2.508832e+01
47986 2.505433e+01
48076 2.429665e+01
48191 2.374018e+01
48421 2.372266e+01
48447 2.368062e+01
48472 2.366543e+01
48512 2.360445e+01
48531 2.359233e+01
48537 2.354231e+01
48594 2.348951e+01
48619 2.344311e+01
48702 2.343352e+01
48716 2.342914e+01
48726 2.339136e+01
48815 2.337305e+01
48859 2.335034e+01
49005 2.333314e+01
49039 2.332762e+01
49058 2.332408e+01
49130 2.332306e+01
49132 2.331158e+01
49281 2.331076e+01
49381 2.330647e+01
49484 2.330355e+01
49846 2.330349e+01
49855 2.330322e+01
49929 2.330312e+01
49963 2.330287e+01
50052 2.330271e+01
50120 2.330235e+01
50396 2.330228e+01
50405 2.330221e+01
50656 2.330219e+01
50714 2.330212e+01
51070 2.330212e+01
51075 2.330212e+01
51136 2.330210e+01
51146 2.330209e+01
51248 2.330209e+01
51558 2.330209e+01
51578 2.330208e+01
51590 2.330208e+01
51643 2.330208e+01
51754 2.330208e+01
51767 2.330208e+01
51929 2.330208e+01
51970 2.330208e+01
52240 2.330208e+01
52241 2.330208e+01
52281 2.330208e+01
52359 2.330208e+01
52370 2.330208e+01
52666 2.330208e+01
52754 2.330208e+01
52895 2.330208e+01
52948 2.330208e+01
53035 2.330208e+01
53092 2.330208e+01
53099 2.330208e+01
53122 2.330208e+01
53250 2.330208e+01
53613 2.330208e+01
53636 2.330208e+01
53650 2.330208e+01
53777 2.330208e+01
53820 2.330208e+01
53864 2.330208e+01
53965 2.330208e+01
54016 2.330208e+01
54207 2.330208e+01
54208 2.330208e+01
54279 2.330208e+01
54337 2.330208e+01
54381 2.330208e+01
54457 2.330208e+01
54645 2.330208e+01
54842 2.330208e+01
54936 2.330208e+01
54990 2.330208e+01
55170 2.330208e+01
55255 2.330208e+01
76977 2.298783e+01
77112 2.253053e+01
77440 2.245255e+01
77510 2.218222e+01
77875 2.128139e+01
77887 2.110230e+01
78084 2.090892e+01
78312 2.075185e+01
78338 2.067321e+01
78528 2.051672e+01
78546 2.049909e+01
78746 2.041928e+01
78809 2.037763e+01
78939 2.035778e+01
78970 2.032833e+01
79009 2.031161e+01
79140 2.029275e+01
79370 2.025681e+01
79371 2.024634e+01
79553 2.024551e+01
79572 2.023873e+01
79594 2.022741e+01
79614 2.022361e+01
79679 2.022284e+01
79753 2.021614e+01
79784 2.020763e+01
79809 2.020478e+01
79816 2.018346e+01
79845 2.017947e+01
79934 2.017843e+01
79990 2.017030e+01
80216 2.016844e+01
80379 2.016746e+01
80386 2.016650e+01
80396 2.016362e+01
80435 2.015595e+01
80687 2.015566e+01
80781 2.015529e+01
80836 2.015290e+01
80953 2.015097e+01
81167 2.015085e+01
81186 2.015034e+01
81402 2.014913e+01
81605 2.014843e+01
81755 2.014828e+01
81781 2.014789e+01
82195 2.014789e+01
82259 2.014766e+01
82348 2.014764e+01
82353 2.014755e+01
82529 2.014752e+01
82580 2.014748e+01
82921 2.014745e+01
83110 2.014742e+01
83215 2.014742e+01
83366 2.014741e+01
83558 2.014740e+01
83765 2.014739e+01
83863 2.014739e+01
84050 2.014739e+01
84073 2.014739e+01
84145 2.014739e+01
84170 2.014739e+01
84183 2.014739e+01
84186 2.014738e+01
84340 2.014738e+01
84351 2.014738e+01
84409 2.014738e+01
84735 2.014738e+01
84831 2.014738e+01
84982 2.014738e+01
85104 2.014738e+01
85348 2.014738e+01
85359 2.014738e+01
85451 2.014738e+01
85526 2.014738e+01
85636 2.014738e+01
85704 2.014738e+01
85733 2.014738e+01
85785 2.014738e+01
85840 2.014738e+01
86014 2.014738e+01
86019 2.014738e+01
86129 2.014738e+01
86133 2.014738e+01
86148 2.014738e+01
86340 2.014738e+01
86382 2.014738e+01
86409 2.014738e+01
86536 2.014738e+01
86575 2.014738e+01
86752 2.014738e+01
86835 2.014738e+01
87341 2.014738e+01
87764 2.014738e+01
87823 2.014738e+01
87893 2.014738e+01
87960 2.014738e+01
88133 2.014738e+01
88159 2.014738e+01
88368 2.014738e+01
88370 2.014738e+01
88385 2.014738e+01
88493 2.014738e+01
88928 2.014738e+01
88996 2.014738e+01
89122 2.014738e+01
89128 2.014738e+01
89142 2.014738e+01
89145 2.014738e+01
89345 2.014738e+01
89513 2.014738e+01
89531 2.014738e+01
89647 2.014738e+01
89734 2.014738e+01
89793 2.014738e+01
89834 2.014738e+01
89846 2.014738e+01
90145 2.014738e+01
90152 2.014738e+01
90241 2.014738e+01
90264 2.014738e+01
90348 2.014738e+01
90540 2.014738e+01
90605 2.014738e+01
90698 2.014738e+01
