1 7.071209e+03
4 6.631519e+03
5 5.708204e+03
423 5.445950e+03
431 5.433939e+03
472 4.762902e+03
519 4.560477e+03
534 4.352711e+03
544 4.333277e+03
566 3.792523e+03
586 3.355042e+03
660 3.016206e+03
708 2.941820e+03
710 2.621283e+03
759 2.300377e+03
774 2.080715e+03
875 1.748568e+03
921 1.577040e+03
1012 1.547584e+03
1028 1.453704e+03
1069 1.444072e+03
1075 1.352767e+03
1083 1.316876e+03
1129 1.301279e+03
1170 1.188535e+03
1209 1.110541e+03
1229 1.077803e+03
1307 1.072589e+03
1323 1.034441e+03
1341 1.028937e+03
1348 9.723650e+02
1352 9.675614e+02
1371 8.967189e+02
1410 8.273970e+02
1470 8.127178e+02
1482 7.923182e+02
1523 7.517675e+02
1577 6.765706e+02
1723 6.553548e+02
1788 6.485132e+02
1815 6.298880e+02
1908 5.973414e+02
2178 5.730570e+02
2364 5.709104e+02
2392 5.670017e+02
2432 5.660109e+02
2459 5.430063e+02
2594 5.383407e+02
2684 5.233591e+02
2695 4.831932e+02
2822 4.549589e+02
3562 4.538684e+02
3661 4.436071e+02
4103 4.424517e+02
6116 4.408362e+02
6224 4.251112e+02
6258 4.224944e+02
7870 4.149646e+02
8221 4.011189e+02
8836 3.593092e+02
9771 3.549482e+02
9949 3.478380e+02
10321 3.161821e+02
10533 3.127446e+02
10906 3.027791e+02
10915 2.989932e+02
10957 2.968752e+02
10994 2.859339e+02
10998 2.717923e+02
11090 2.569198e+02
11093 2.377573e+02
11166 2.314447e+02
11412 2.047073e+02
11543 1.972546e+02
11604 1.860875e+02
11863 1.700040e+02
12130 1.659303e+02
12212 1.589395e+02
12240 1.528953e+02
12350 1.495041e+02
12481 1.365707e+02
12671 1.292232e+02
12687 1.285758e+02
12754 1.283170e+02
12784 1.282429e+02
12795 1.275884e+02
12804 1.275340e+02
12917 1.235480e+02
12967 1.228136e+02
12968 1.219021e+02
12971 1.187719e+02
12998 1.125783e+02
13052 1.122595e+02
13159 1.097425e+02
13257 1.015028e+02
13315 9.972856e+01
13675 9.888282e+01
13711 9.875752e+01
13715 9.787077e+01
13767 9.607325e+01
13773 9.350592e+01
13842 9.190887e+01
14063 9.041505e+01
14121 8.980470e+01
14131 8.980451e+01
14133 8.915852e+01
14204 8.867165e+01
14338 8.790879e+01
14363 8.693148e+01
14449 8.600373e+01
14594 8.586808e+01
14609 8.571801e+01
14733 8.560892e+01
14825 8.557981e+01
14837 8.552018e+01
14841 8.533558e+01
14848 8.515305e+01
14854 8.494955e+01
14865 8.483355e+01
14895 8.480299e+01
14932 8.479062e+01
14946 8.422555e+01
14984 8.407841e+01
14987 8.390332e+01
15049 8.347080e+01
15127 8.318561e+01
15284 8.315757e+01
15360 8.266118e+01
15445 8.264879e+01
15600 8.223504e+01
15790 8.212752e+01
15817 8.204588e+01
15866 8.184833e+01
15938 8.174505e+01
16188 8.144398e+01
16222 8.143701e+01
16249 8.135675e+01
16264 8.134485e+01
16292 8.126991e+01
16323 8.115016e+01
16461 8.104423e+01
16488 8.085801e+01
16525 8.061924e+01
16565 8.061141e+01
16640 8.005335e+01
17317 7.986192e+01
17375 7.978312e+01
17481 7.977342e+01
17505 7.973144e+01
17525 7.964298e+01
17572 7.958516e+01
17659 7.955638e+01
17695 7.955423e+01
17697 7.950823e+01
17751 7.946965e+01
17759 7.936840e+01
17841 7.928083e+01
17989 7.926610e+01
18023 7.921231e+01
18024 7.916247e+01
18069 7.914732e+01
18129 7.913680e+01
18139 7.911098e+01
18157 7.907830e+01
18236 7.891221e+01
18386 7.887790e+01
18564 7.886547e+01
18596 7.880521e+01
18641 7.878410e+01
18710 7.877930e+01
18749 7.875598e+01
18796 7.870908e+01
18800 7.869356e+01
18930 7.868532e+01
19062 7.867845e+01
19095 7.866672e+01
19139 7.863381e+01
19189 7.863339e+01
19235 7.859416e+01
19272 7.858584e+01
19507 7.855543e+01
19773 7.854195e+01
19889 7.854129e+01
20100 7.852388e+01
20229 7.851406e+01
20264 7.850173e+01
20266 7.849865e+01
20304 7.849847e+01
20312 7.845830e+01
20427 7.842713e+01
20523 7.841546e+01
20629 7.840984e+01
20641 7.839701e+01
20771 7.839616e+01
20772 7.838999e+01
20798 7.837421e+01
20955 7.837102e+01
20971 7.836714e+01
21025 7.836202e+01
21090 7.836105e+01
21104 7.835791e+01
21143 7.834790e+01
21185 7.834512e+01
21224 7.834126e+01
21347 7.833711e+01
21374 7.833659e+01
21412 7.833193e+01
21476 7.832997e+01
21554 7.832993e+01
21572 7.832558e+01
21589 7.831042e+01
21851 7.830679e+01
21904 7.830374e+01
21920 7.830356e+01
21946 7.830137e+01
21985 7.830082e+01
22019 7.830075e+01
22076 7.829738e+01
22117 7.829712e+01
22125 7.829474e+01
22146 7.829368e+01
22202 7.829206e+01
22222 7.829142e+01
22381 7.829066e+01
22432 7.828806e+01
22500 7.828731e+01
22613 7.828413e+01
22692 7.828191e+01
22792 7.828135e+01
22890 7.828076e+01
22894 7.827972e+01
22928 7.827971e+01
22940 7.827914e+01
22974 7.827829e+01
23025 7.827790e+01
23121 7.827548e+01
23363 7.827517e+01
23404 7.827432e+01
23452 7.827320e+01
23595 7.827293e+01
23641 7.827202e+01
23774 7.827154e+01
23919 7.826905e+01
24155 7.826881e+01
24211 7.826820e+01
24226 7.826802e+01
24293 7.826767e+01
24305 7.826750e+01
24357 7.826682e+01
24490 7.826659e+01
24553 7.826552e+01
24847 7.826502e+01
25027 7.826473e+01
25093 7.826470e+01
25136 7.826466e+01
25148 7.826442e+01
25241 7.826389e+01
25450 7.826383e+01
25452 7.826368e+01
25574 7.826365e+01
25697 7.826354e+01
25802 7.826352e+01
25824 7.826336e+01
25845 7.826331e+01
25896 7.826315e+01
25903 7.826307e+01
26062 7.826306e+01
26072 7.826305e+01
26109 7.826296e+01
26211 7.826288e+01
26265 7.826277e+01
26383 7.826272e+01
26471 7.826272e+01
26492 7.826260e+01
26526 7.826258e+01
26548 7.826249e+01
26636 7.826248e+01
26727 7.826237e+01
26794 7.826229e+01
26878 7.826218e+01
27224 7.826216e+01
27258 7.826211e+01
27334 7.826209e+01
27406 7.826209e+01
27410 7.826209e+01
27420 7.826207e+01
27462 7.826205e+01
27511 7.826203e+01
27558 7.826201e+01
27859 7.826200e+01
27867 7.826199e+01
27897 7.826198e+01
27935 7.826197e+01
28014 7.826196e+01
28091 7.826195e+01
28262 7.826195e+01
28264 7.826195e+01
28328 7.826195e+01
28339 7.826195e+01
28393 7.826195e+01
28476 7.826195e+01
28482 7.826194e+01
28532 7.826194e+01
28561 7.826194e+01
28605 7.826192e+01
28758 7.826192e+01
28850 7.826192e+01
28855 7.826192e+01
29023 7.826192e+01
29054 7.826192e+01
29149 7.826191e+01
29197 7.826191e+01
29211 7.826191e+01
29216 7.826191e+01
29287 7.826191e+01
29293 7.826191e+01
29350 7.826190e+01
29475 7.826190e+01
29581 7.826190e+01
29633 7.826190e+01
29643 7.826190e+01
29645 7.826190e+01
29755 7.826190e+01
29778 7.826190e+01
29879 7.826190e+01
29956 7.826190e+01
29994 7.826190e+01
30011 7.826190e+01
30160 7.826190e+01
30188 7.826190e+01
30217 7.826189e+01
30335 7.826189e+01
30412 7.826189e+01
30436 7.826189e+01
30552 7.826189e+01
30667 7.826189e+01
30690 7.826189e+01
30716 7.826189e+01
30723 7.826189e+01
30765 7.826189e+01
30795 7.826189e+01
30843 7.826189e+01
30954 7.826189e+01
31168 7.826189e+01
31295 7.826189e+01
31317 7.826189e+01
31323 7.826189e+01
31359 7.826189e+01
31445 7.826189e+01
31458 7.826189e+01
31472 7.826189e+01
31531 7.826189e+01
31544 7.826189e+01
31599 7.826189e+01
31636 7.826189e+01
31781 7.826189e+01
31802 7.826189e+01
31840 7.826189e+01
31876 7.826189e+01
32006 7.826189e+01
32070 7.826189e+01
32174 7.826189e+01
32407 7.826189e+01
32454 7.826189e+01
32487 7.826189e+01
32494 7.826189e+01
32502 7.826189e+01
32529 7.826189e+01
32537 7.826189e+01
32579 7.826189e+01
32593 7.826189e+01
32708 7.826189e+01
32736 7.826189e+01
32778 7.826189e+01
32864 7.826189e+01
32982 7.826189e+01
32994 7.826189e+01
33032 7.826189e+01
33050 7.826189e+01
33099 7.826189e+01
33231 7.826189e+01
33250 7.826189e+01
33276 7.826189e+01
33424 7.826189e+01
33599 7.826189e+01
33620 7.826189e+01
33651 7.826189e+01
33719 7.826189e+01
33845 7.826189e+01
33848 7.826189e+01
33886 7.826189e+01
33890 7.826189e+01
33941 7.826189e+01
33967 7.826189e+01
34058 7.826189e+01
34066 7.826189e+01
34084 7.826189e+01
34147 7.826189e+01
34279 7.826189e+01
34316 7.826189e+01
34317 7.826189e+01
34415 7.826189e+01
34475 7.826189e+01
34542 7.826189e+01
34603 7.826189e+01
34699 7.826189e+01
34945 7.826189e+01
35025 7.826189e+01
35155 7.826189e+01
35188 7.826189e+01
35198 7.826189e+01
35220 7.826189e+01
35299 7.826189e+01
35476 7.826189e+01
35480 7.826189e+01
35531 7.826189e+01
35578 7.826189e+01
35601 7.826189e+01
35607 7.826189e+01
35682 7.826189e+01
35778 7.826189e+01
35858 7.826189e+01
35875 7.826189e+01
36061 7.826189e+01
36165 7.826189e+01
36312 7.826189e+01
36361 7.826189e+01
36388 7.826189e+01
36468 7.826189e+01
36564 7.826189e+01
36757 7.826189e+01
36842 7.826189e+01
36982 7.826189e+01
37025 7.826189e+01
37062 7.826189e+01
37194 7.826189e+01
37258 7.826189e+01
37284 7.826189e+01
37401 7.826189e+01
37453 7.826189e+01
37464 7.826189e+01
37467 7.826189e+01
37472 7.826189e+01
37495 7.826189e+01
37583 7.826189e+01
37618 7.826189e+01
37688 7.826189e+01
37739 7.826189e+01
37787 7.826189e+01
37814 7.826189e+01
37993 7.826189e+01
38102 7.826189e+01
38132 7.826189e+01
38148 7.826189e+01
38183 7.826189e+01
38199 7.826189e+01
38340 7.826189e+01
180265 7.824050e+01
180344 7.823945e+01
180375 7.823894e+01
180386 7.823503e+01
180434 7.822064e+01
180506 7.820443e+01
180531 7.820125e+01
180617 7.819030e+01
180715 7.818377e+01
180786 7.814964e+01
180900 7.814096e+01
181081 7.814001e+01
181132 7.812358e+01
181136 7.811617e+01
181271 7.810712e+01
181376 7.810242e+01
181399 7.809729e+01
181422 7.809366e+01
181481 7.809106e+01
181518 7.809014e+01
181570 7.808350e+01
181586 7.807543e+01
181654 7.807510e+01
181673 7.806340e+01
181940 7.806127e+01
182066 7.805673e+01
182116 7.805529e+01
182123 7.805384e+01
182150 7.805228e+01
182230 7.804926e+01
182308 7.804918e+01
182412 7.804880e+01
182437 7.804507e+01
182452 7.804414e+01
182479 7.804329e+01
182534 7.804181e+01
182633 7.804064e+01
182688 7.803498e+01
183308 7.803146e+01
183373 7.803051e+01
183441 7.802981e+01
183491 7.802929e+01
183550 7.802908e+01
183604 7.802820e+01
183610 7.802769e+01
183705 7.802742e+01
183769 7.802727e+01
183776 7.802660e+01
183810 7.802638e+01
183827 7.802503e+01
183953 7.802483e+01
184041 7.802411e+01
184268 7.802348e+01
184338 7.802307e+01
184425 7.802293e+01
184491 7.802292e+01
184618 7.802186e+01
184630 7.802182e+01
184664 7.802146e+01
184761 7.802136e+01
184915 7.802116e+01
184950 7.802088e+01
184982 7.802046e+01
185105 7.801937e+01
185430 7.801907e+01
185585 7.801893e+01
185620 7.801869e+01
185670 7.801836e+01
185719 7.801822e+01
185735 7.801811e+01
185824 7.801809e+01
185943 7.801809e+01
185959 7.801791e+01
185965 7.801778e+01
186085 7.801777e+01
186164 7.801767e+01
186269 7.801756e+01
186338 7.801750e+01
186370 7.801721e+01
186514 7.801713e+01
186537 7.801713e+01
186578 7.801708e+01
186809 7.801706e+01
186850 7.801693e+01
187009 7.801691e+01
187057 7.801690e+01
187103 7.801681e+01
187169 7.801676e+01
187332 7.801676e+01
187451 7.801673e+01
187554 7.801670e+01
187747 7.801665e+01
187787 7.801664e+01
188063 7.801663e+01
188082 7.801661e+01
188229 7.801659e+01
188421 7.801657e+01
188425 7.801655e+01
188545 7.801655e+01
188568 7.801654e+01
188586 7.801653e+01
188675 7.801652e+01
188720 7.801652e+01
188773 7.801651e+01
188794 7.801650e+01
188799 7.801650e+01
188915 7.801650e+01
188935 7.801649e+01
189018 7.801649e+01
189031 7.801649e+01
189057 7.801648e+01
189209 7.801647e+01
189343 7.801647e+01
189375 7.801647e+01
189485 7.801647e+01
189494 7.801647e+01
189533 7.801646e+01
189565 7.801646e+01
189658 7.801646e+01
189660 7.801646e+01
190033 7.801646e+01
190124 7.801645e+01
190140 7.801645e+01
190153 7.801645e+01
190157 7.801645e+01
190223 7.801645e+01
190261 7.801644e+01
190509 7.801644e+01
190543 7.801644e+01
190709 7.801644e+01
190740 7.801644e+01
190882 7.801644e+01
190896 7.801644e+01
191038 7.801644e+01
191072 7.801644e+01
191234 7.801644e+01
191250 7.801643e+01
191291 7.801643e+01
191384 7.801643e+01
191448 7.801643e+01
191575 7.801643e+01
191591 7.801643e+01
191948 7.801643e+01
192002 7.801643e+01
192033 7.801643e+01
192066 7.801643e+01
192072 7.801643e+01
192074 7.801643e+01
192186 7.801643e+01
192243 7.801643e+01
192438 7.801643e+01
192487 7.801643e+01
192578 7.801643e+01
192647 7.801643e+01
192695 7.801643e+01
192741 7.801643e+01
192930 7.801643e+01
193025 7.801643e+01
193173 7.801643e+01
193185 7.801643e+01
193207 7.801643e+01
193224 7.801643e+01
193285 7.801643e+01
193289 7.801643e+01
193424 7.801643e+01
193440 7.801643e+01
193593 7.801643e+01
193670 7.801643e+01
193906 7.801643e+01
194144 7.801643e+01
194159 7.801643e+01
194188 7.801643e+01
194209 7.801643e+01
194223 7.801643e+01
194322 7.801643e+01
194530 7.801643e+01
194548 7.801643e+01
194566 7.801643e+01
194587 7.801643e+01
194595 7.801643e+01
194688 7.801643e+01
194829 7.801643e+01
194831 7.801643e+01
194839 7.801643e+01
195001 7.801643e+01
195040 7.801643e+01
195247 7.801643e+01
195377 7.801643e+01
195442 7.801643e+01
195462 7.801643e+01
195471 7.801643e+01
195492 7.801643e+01
195544 7.801643e+01
195556 7.801643e+01
195603 7.801643e+01
195636 7.801643e+01
195773 7.801643e+01
195804 7.801643e+01
195819 7.801643e+01
195872 7.801643e+01
195955 7.801643e+01
195962 7.801643e+01
196213 7.801643e+01
196345 7.801643e+01
196393 7.801643e+01
196434 7.801643e+01
196446 7.801643e+01
196477 7.801643e+01
196479 7.801643e+01
196487 7.801643e+01
196489 7.801643e+01
196518 7.801643e+01
196541 7.801643e+01
196704 7.801643e+01
196705 7.801643e+01
196718 7.801643e+01
196734 7.801643e+01
196742 7.801643e+01
196756 7.801643e+01
196906 7.801643e+01
197340 7.801643e+01
197441 7.801643e+01
197492 7.801643e+01
197604 7.801643e+01
197645 7.801643e+01
197653 7.801643e+01
197667 7.801643e+01
197703 7.801643e+01
197705 7.801643e+01
197733 7.801643e+01
197804 7.801643e+01
197811 7.801643e+01
197967 7.801643e+01
197979 7.801643e+01
198070 7.801643e+01
198096 7.801643e+01
198097 7.801643e+01
198140 7.801643e+01
198221 7.801643e+01
198278 7.801643e+01
198383 7.801643e+01
198472 7.801643e+01
198511 7.801643e+01
198519 7.801643e+01
198647 7.801643e+01
198833 7.801643e+01
198871 7.801643e+01
198968 7.801643e+01
198997 7.801643e+01
199013 7.801643e+01
199046 7.801643e+01
199078 7.801643e+01
199080 7.801643e+01
199118 7.801643e+01
199174 7.801643e+01
199233 7.801643e+01
199285 7.801643e+01
199341 7.801643e+01
199377 7.801643e+01
199381 7.801643e+01
199658 7.801643e+01
199668 7.801643e+01
199701 7.801643e+01
199702 7.801643e+01
199720 7.801643e+01
199724 7.801643e+01
199746 7.801643e+01
199779 7.801643e+01
199863 7.801643e+01
199919 7.801643e+01
199997 7.801643e+01
200001 7.801643e+01
200072 7.801643e+01
200084 7.801643e+01
200173 7.801643e+01
200195 7.801643e+01
200281 7.801643e+01
200330 7.801643e+01
200337 7.801643e+01
200377 7.801643e+01
200482 7.801643e+01
200523 7.801643e+01
200529 7.801643e+01
287941 7.741587e+01
287973 7.632748e+01
288608 7.616967e+01
288704 7.353726e+01
288849 7.267571e+01
289175 7.179227e+01
289363 7.165401e+01
289589 7.067420e+01
289633 6.984484e+01
289685 6.852800e+01
290410 6.651085e+01
291115 6.586130e+01
291132 6.524369e+01
291164 6.402379e+01
291201 6.340315e+01
291277 6.335219e+01
291353 6.324499e+01
291490 6.321659e+01
291538 6.281384e+01
291878 6.271507e+01
291931 6.252604e+01
291932 6.242583e+01
292002 6.176848e+01
292026 6.140184e+01
292136 6.099042e+01
292243 6.083439e+01
292484 6.027507e+01
292627 6.016833e+01
293126 6.002220e+01
293485 5.985507e+01
293576 5.977200e+01
293662 5.960969e+01
293737 5.952169e+01
294135 5.942514e+01
294378 5.932266e+01
294524 5.920933e+01
295069 5.910054e+01
295703 5.902223e+01
295785 5.893450e+01
296477 5.879719e+01
296679 5.877223e+01
296784 5.875367e+01
296786 5.870205e+01
296867 5.869477e+01
296907 5.857646e+01
297003 5.851857e+01
297323 5.850490e+01
297972 5.834164e+01
299175 5.833599e+01
299179 5.833435e+01
299206 5.822786e+01
300047 5.821465e+01
300185 5.819410e+01
300240 5.815876e+01
300412 5.815110e+01
300720 5.814510e+01
300734 5.811117e+01
300999 5.810853e+01
301030 5.808977e+01
301182 5.807199e+01
301296 5.803955e+01
301830 5.802561e+01
301899 5.801680e+01
302058 5.801591e+01
302134 5.801382e+01
302275 5.799906e+01
302426 5.798285e+01
302629 5.797939e+01
302907 5.797884e+01
303013 5.797036e+01
303178 5.797006e+01
303615 5.795988e+01
303661 5.795819e+01
303707 5.795653e+01
303741 5.795578e+01
304318 5.794549e+01
305018 5.793615e+01
305237 5.793533e+01
305374 5.793394e+01
305476 5.793210e+01
305653 5.793044e+01
305657 5.792645e+01
305951 5.792421e+01
306303 5.792172e+01
306504 5.792102e+01
306565 5.792089e+01
306572 5.791925e+01
306599 5.791902e+01
306632 5.791630e+01
306650 5.791285e+01
306692 5.790900e+01
306747 5.790783e+01
306798 5.790384e+01
307303 5.790276e+01
307361 5.790020e+01
307536 5.789872e+01
307623 5.789842e+01
307686 5.789714e+01
307748 5.789704e+01
307769 5.789581e+01
307864 5.789558e+01
307902 5.789299e+01
308154 5.789116e+01
308561 5.789107e+01
308571 5.789048e+01
308980 5.789023e+01
309117 5.789004e+01
309270 5.788773e+01
309304 5.788477e+01
309690 5.788393e+01
309772 5.788378e+01
309875 5.788225e+01
310250 5.788200e+01
310480 5.788077e+01
310946 5.788061e+01
311138 5.788039e+01
311379 5.788033e+01
311402 5.787975e+01
311525 5.787971e+01
311696 5.787954e+01
311702 5.787855e+01
312145 5.787802e+01
312221 5.787802e+01
312236 5.787792e+01
312275 5.787745e+01
312302 5.787684e+01
312719 5.787669e+01
312872 5.787656e+01
313207 5.787650e+01
313289 5.787636e+01
313549 5.787616e+01
313656 5.787598e+01
314019 5.787594e+01
314074 5.787589e+01
314542 5.787588e+01
314556 5.787582e+01
314570 5.787579e+01
314649 5.787573e+01
314846 5.787553e+01
315371 5.787552e+01
315498 5.787551e+01
315599 5.787547e+01
315820 5.787547e+01
315839 5.787544e+01
315873 5.787535e+01
316014 5.787534e+01
316067 5.787527e+01
316099 5.787522e+01
316451 5.787514e+01
316540 5.787512e+01
316790 5.787512e+01
316797 5.787510e+01
316921 5.787508e+01
316946 5.787507e+01
317051 5.787503e+01
317680 5.787499e+01
317770 5.787497e+01
317928 5.787493e+01
318388 5.787493e+01
318653 5.787491e+01
319203 5.787491e+01
319350 5.787491e+01
319504 5.787487e+01
319589 5.787487e+01
319743 5.787487e+01
319781 5.787485e+01
319958 5.787483e+01
320134 5.787482e+01
320444 5.787481e+01
320558 5.787481e+01
320612 5.787479e+01
320671 5.787479e+01
320749 5.787479e+01
320807 5.787478e+01
320819 5.787478e+01
320891 5.787477e+01
321269 5.787477e+01
321270 5.787477e+01
321312 5.787477e+01
321365 5.787476e+01
321855 5.787476e+01
321867 5.787476e+01
321961 5.787476e+01
322022 5.787476e+01
322047 5.787475e+01
322142 5.787475e+01
322209 5.787475e+01
322309 5.787474e+01
322437 5.787474e+01
322480 5.787474e+01
322487 5.787474e+01
322516 5.787474e+01
322685 5.787474e+01
322716 5.787473e+01
322911 5.787473e+01
323167 5.787473e+01
323220 5.787473e+01
323277 5.787472e+01
323778 5.787472e+01
324000 5.787472e+01
324171 5.787472e+01
324193 5.787472e+01
324228 5.787472e+01
324288 5.787472e+01
324880 5.787472e+01
325055 5.787472e+01
325114 5.787471e+01
325265 5.787471e+01
325349 5.787471e+01
325715 5.787471e+01
325718 5.787471e+01
325999 5.787471e+01
326209 5.787471e+01
326293 5.787471e+01
326602 5.787471e+01
327061 5.787471e+01
327218 5.787471e+01
327285 5.787471e+01
327352 5.787471e+01
327765 5.787470e+01
327999 5.787470e+01
328082 5.787470e+01
328330 5.787470e+01
328676 5.787470e+01
328715 5.787470e+01
328722 5.787470e+01
328827 5.787470e+01
328919 5.787470e+01
328934 5.787470e+01
328940 5.787470e+01
329085 5.787470e+01
329144 5.787470e+01
329587 5.787470e+01
329766 5.787470e+01
329788 5.787470e+01
329871 5.787470e+01
330046 5.787470e+01
330054 5.787470e+01
330177 5.787470e+01
330237 5.787470e+01
330384 5.787470e+01
330436 5.787470e+01
330469 5.787470e+01
330514 5.787470e+01
330663 5.787470e+01
331579 5.787470e+01
331696 5.787470e+01
331820 5.787470e+01
332005 5.787470e+01
332008 5.787470e+01
332096 5.787470e+01
332134 5.787470e+01
332288 5.787470e+01
332392 5.787470e+01
332523 5.787470e+01
333620 5.787470e+01
333714 5.787470e+01
333776 5.787470e+01
333862 5.787470e+01
333885 5.787470e+01
334014 5.787470e+01
334124 5.787470e+01
334401 5.787470e+01
334608 5.787470e+01
334630 5.787470e+01
334787 5.787470e+01
334790 5.787470e+01
334831 5.787470e+01
334987 5.787470e+01
335190 5.787470e+01
335192 5.787470e+01
335306 5.787470e+01
335386 5.787470e+01
335578 5.787470e+01
335581 5.787470e+01
335858 5.787470e+01
335946 5.787470e+01
336017 5.787470e+01
336085 5.787470e+01
336095 5.787470e+01
336288 5.787470e+01
336411 5.787470e+01
336508 5.787470e+01
336904 5.787470e+01
337009 5.787470e+01
337054 5.787470e+01
337165 5.787470e+01
337180 5.787470e+01
337671 5.787470e+01
337689 5.787470e+01
337872 5.787470e+01
338050 5.787470e+01
338267 5.787470e+01
338522 5.787470e+01
338681 5.787470e+01
338746 5.787470e+01
338914 5.787470e+01
338994 5.787470e+01
339086 5.787470e+01
339171 5.787470e+01
339203 5.787470e+01
339231 5.787470e+01
339611 5.787470e+01
339943 5.787470e+01
340102 5.787470e+01
340103 5.787470e+01
340348 5.787470e+01
340374 5.787470e+01
340458 5.787470e+01
340550 5.787470e+01
340564 5.787470e+01
340774 5.787470e+01
340775 5.787470e+01
340778 5.787470e+01
340831 5.787470e+01
340844 5.787470e+01
340966 5.787470e+01
341106 5.787470e+01
341396 5.787470e+01
341407 5.787470e+01
341590 5.787470e+01
341600 5.787470e+01
341718 5.787470e+01
341833 5.787470e+01
341890 5.787470e+01
342043 5.787470e+01
342227 5.787470e+01
342451 5.787470e+01
342657 5.787470e+01
342672 5.787470e+01
342744 5.787470e+01
342872 5.787470e+01
342925 5.787470e+01
