1 5.067857e+04
7 4.169048e+04
13 4.136196e+04
14 2.970281e+04
25 2.800074e+04
242 2.772826e+04
301 2.446688e+04
393 2.309983e+04
490 2.127545e+04
495 1.570582e+04
683 1.418240e+04
686 1.157412e+04
710 9.961885e+03
713 7.927425e+03
980 7.445935e+03
996 6.377818e+03
1089 5.613416e+03
1123 5.511705e+03
1179 3.708319e+03
1487 3.590848e+03
1511 3.257915e+03
1552 2.781816e+03
1621 2.496746e+03
1694 2.354756e+03
1805 2.009484e+03
2028 1.957086e+03
2087 1.559404e+03
2223 1.460085e+03
2326 1.444533e+03
2352 1.295893e+03
2363 1.286155e+03
2444 1.202371e+03
2449 1.182340e+03
2492 8.863484e+02
2584 8.145566e+02
2631 7.205380e+02
2872 7.135768e+02
2904 6.687784e+02
2920 6.628436e+02
2929 6.203855e+02
2933 5.079306e+02
3002 4.860876e+02
3185 4.505534e+02
3248 3.801442e+02
3433 3.714785e+02
3461 3.605238e+02
3473 3.389445e+02
3478 3.350377e+02
3510 3.294843e+02
3529 3.149724e+02
3538 3.114147e+02
3565 2.521929e+02
3695 2.443831e+02
3824 2.348407e+02
3878 2.314446e+02
4012 2.239479e+02
4079 2.190482e+02
4106 2.046492e+02
4133 1.912771e+02
4211 1.612897e+02
4352 1.439087e+02
4561 1.361234e+02
4601 1.340345e+02
4620 1.303804e+02
4623 1.265084e+02
4649 1.197885e+02
4687 1.149256e+02
4791 1.058210e+02
4819 1.049245e+02
4832 9.597686e+01
4840 9.101747e+01
5059 8.856668e+01
5120 7.889867e+01
5304 6.971756e+01
5438 6.015957e+01
5588 5.931094e+01
5604 5.152729e+01
5680 5.066301e+01
5714 4.570888e+01
5777 4.567217e+01
5931 4.088859e+01
6130 4.019335e+01
6230 3.812750e+01
6269 3.791171e+01
6296 3.638245e+01
6297 2.934369e+01
6339 2.823638e+01
6485 2.821495e+01
6566 2.734942e+01
6581 2.604489e+01
6588 2.573777e+01
6633 2.342032e+01
6694 1.944969e+01
6913 1.880556e+01
7059 1.815068e+01
7137 1.761775e+01
7158 1.639272e+01
7253 1.609414e+01
7258 1.546054e+01
7312 1.524141e+01
7342 1.473806e+01
7385 1.460258e+01
7437 1.394611e+01
7480 1.177857e+01
7865 1.012335e+01
7911 9.313053e+00
8048 9.032800e+00
8123 8.637751e+00
8172 8.260341e+00
8219 7.976548e+00
8240 7.261900e+00
8411 7.097610e+00
8431 6.583741e+00
8622 6.416816e+00
8659 5.779951e+00
8697 5.706770e+00
8718 5.455685e+00
8789 5.153549e+00
8888 4.976853e+00
8976 4.910060e+00
8984 4.446943e+00
9018 4.356306e+00
9088 3.963501e+00
9163 3.959638e+00
9202 3.855396e+00
9215 3.483886e+00
9396 3.462007e+00
9402 3.363467e+00
9413 3.309680e+00
9451 3.263888e+00
9464 3.212316e+00
9484 2.951395e+00
9508 2.634388e+00
9647 2.606580e+00
9666 2.505387e+00
9895 2.125754e+00
10176 1.997427e+00
10216 1.915449e+00
10309 1.899295e+00
10353 1.858123e+00
10409 1.839796e+00
10479 1.810956e+00
10491 1.679778e+00
10518 1.674871e+00
10522 1.644586e+00
10755 1.515028e+00
10920 1.494586e+00
10976 1.434592e+00
11101 1.434015e+00
11124 1.424356e+00
11228 1.394750e+00
11250 1.353652e+00
11293 1.349991e+00
11419 1.336394e+00
11511 1.304818e+00
11551 1.263162e+00
11680 1.241258e+00
11797 1.233246e+00
11816 1.216830e+00
11828 1.191315e+00
11859 1.186499e+00
11962 1.178124e+00
11990 1.173264e+00
12036 1.169520e+00
12063 1.142983e+00
12293 1.138556e+00
12345 1.109600e+00
12573 1.103289e+00
12608 1.099372e+00
12698 1.097725e+00
12717 1.091762e+00
12766 1.085378e+00
12775 1.076046e+00
12844 1.071268e+00
12853 1.063586e+00
12898 1.061300e+00
12965 1.060927e+00
12968 1.060479e+00
12983 1.055561e+00
13004 1.052576e+00
13020 1.052470e+00
13026 1.050648e+00
13049 1.042150e+00
13090 1.028292e+00
13631 1.023665e+00
13672 1.016548e+00
13682 1.014140e+00
13697 1.009581e+00
13710 9.858142e-01
13751 9.682469e-01
13768 9.450145e-01
14074 9.426259e-01
14082 9.387138e-01
14118 9.330557e-01
14119 8.920410e-01
14194 8.630972e-01
14295 7.631606e-01
14373 7.484804e-01
14407 7.454983e-01
14459 7.280214e-01
14472 7.173623e-01
14500 6.389579e-01
14568 5.678875e-01
14615 5.522562e-01
14699 5.411409e-01
14742 5.350991e-01
14768 4.257753e-01
14862 3.411357e-01
14946 3.153566e-01
15056 3.037126e-01
15108 2.916988e-01
15243 2.912982e-01
15255 2.489392e-01
15364 2.410790e-01
15365 2.295316e-01
15407 2.208111e-01
15447 1.873892e-01
15492 1.641216e-01
15528 1.466666e-01
15600 1.435811e-01
15624 1.223353e-01
15674 1.161913e-01
15679 1.032032e-01
15769 7.766477e-02
15778 6.802459e-02
15854 6.793151e-02
15908 5.513731e-02
16046 5.062275e-02
16105 4.444664e-02
16116 4.429394e-02
16128 4.021117e-02
16158 3.663268e-02
16177 3.623357e-02
16231 3.286691e-02
16232 3.104652e-02
16255 3.082610e-02
16256 2.171076e-02
16413 2.159315e-02
16418 2.010791e-02
16430 1.994226e-02
16463 1.299978e-02
16635 1.261519e-02
16643 1.248991e-02
16705 1.226585e-02
16723 1.147994e-02
16795 1.052451e-02
16827 1.050997e-02
16860 1.002388e-02
16862 8.597287e-03
16879 7.238084e-03
16944 6.879108e-03
17017 5.736175e-03
17122 5.614281e-03
17187 5.166820e-03
17191 4.597632e-03
17207 4.501830e-03
17234 3.958271e-03
17361 3.441821e-03
17440 2.574521e-03
17537 2.439066e-03
17560 2.353773e-03
17580 1.806915e-03
17688 1.439236e-03
17851 1.421021e-03
17865 1.332035e-03
17914 1.200200e-03
17942 9.552265e-04
18060 9.027565e-04
18092 8.731042e-04
18102 8.409889e-04
18141 8.351886e-04
18164 8.194050e-04
18174 8.017815e-04
18197 5.840358e-04
18260 5.377444e-04
18291 4.989952e-04
18311 3.896911e-04
18422 3.045204e-04
18646 2.796180e-04
18647 2.536531e-04
18784 2.491102e-04
18796 2.341836e-04
18807 2.311472e-04
18891 2.229491e-04
18902 2.223635e-04
18922 1.563156e-04
19035 1.478150e-04
19093 1.258990e-04
19238 1.124613e-04
19282 1.106757e-04
19287 1.080143e-04
19289 1.005925e-04
19322 8.934133e-05
19404 8.549374e-05
19429 7.698988e-05
19468 6.543152e-05
19569 5.673535e-05
19574 5.665853e-05
19684 5.659358e-05
19691 4.081101e-05
19809 4.007931e-05
19820 3.838774e-05
19831 3.397167e-05
19864 3.392941e-05
19868 3.304357e-05
19895 3.216831e-05
19908 2.697690e-05
19982 2.697548e-05
19990 2.612112e-05
20073 2.281444e-05
20077 1.884807e-05
20269 1.870753e-05
20272 1.817323e-05
20277 1.730059e-05
20358 1.601113e-05
20391 1.396588e-05
20392 1.360350e-05
20429 1.350178e-05
20464 1.308453e-05
20476 1.176539e-05
20548 1.025591e-05
20641 9.887197e-06
20642 9.174509e-06
20659 7.594399e-06
20711 5.315089e-06
20816 4.830765e-06
20930 4.321527e-06
20967 4.025571e-06
20995 3.879383e-06
21045 3.745229e-06
21049 3.302315e-06
21077 3.292278e-06
21126 2.964655e-06
21143 2.654208e-06
21190 2.615142e-06
21197 2.265257e-06
21289 2.158967e-06
21291 2.010114e-06
21356 1.858619e-06
21387 1.700186e-06
21413 1.325480e-06
21414 1.202106e-06
21461 1.172158e-06
21537 1.049974e-06
21573 1.019116e-06
21580 9.689252e-07
21598 9.255545e-07
21621 8.733166e-07
21668 8.109753e-07
21669 7.402601e-07
21694 5.804442e-07
21710 5.586294e-07
21838 5.417339e-07
21939 4.108271e-07
21951 3.981868e-07
21997 3.682297e-07
22031 3.332169e-07
22077 3.111695e-07
22129 2.593335e-07
22254 2.204011e-07
22295 2.173781e-07
22324 2.106273e-07
22385 1.729089e-07
22406 1.531212e-07
22485 1.282374e-07
22492 1.193470e-07
22571 1.028918e-07
22594 7.598668e-08
22716 7.422581e-08
22752 6.828069e-08
22775 6.299824e-08
22871 5.649534e-08
22875 4.719154e-08
22975 4.661721e-08
23056 4.522703e-08
23075 4.397044e-08
23099 2.784812e-08
23289 2.553409e-08
23301 2.291506e-08
23383 1.988879e-08
23470 1.870680e-08
23523 1.469616e-08
23594 1.294505e-08
23622 1.261108e-08
23629 1.055807e-08
23630 9.782818e-09
23646 8.940119e-09
312804 8.261395e-09
471231 8.162864e-09
