1 8.482168e+02
18 7.257560e+02
39 6.883579e+02
50 6.471390e+02
126 6.456845e+02
308 6.448944e+02
466 6.280639e+02
581 6.265273e+02
647 5.600233e+02
1008 5.403231e+02
1404 5.356902e+02
1412 5.325222e+02
1490 5.282364e+02
1493 5.262111e+02
1550 5.137420e+02
1577 5.025010e+02
1594 4.903067e+02
1878 4.893267e+02
2135 4.839535e+02
2160 4.742621e+02
2604 4.711115e+02
2625 4.706144e+02
2627 4.660578e+02
2789 4.634089e+02
2792 4.598103e+02
2829 4.562586e+02
3079 4.510280e+02
3120 4.486324e+02
3282 4.405318e+02
3286 4.391323e+02
3345 4.317878e+02
3603 4.274751e+02
3874 4.223113e+02
4030 4.159504e+02
4238 4.153110e+02
4318 4.117700e+02
4369 4.087526e+02
4407 4.075804e+02
4629 4.044553e+02
4711 4.019971e+02
4732 4.003236e+02
4813 3.988514e+02
4874 3.879960e+02
5362 3.848393e+02
5435 3.844037e+02
5556 3.837967e+02
5608 3.790068e+02
5748 3.786203e+02
5790 3.763617e+02
5832 3.758183e+02
5872 3.727786e+02
5898 3.705975e+02
6073 3.699862e+02
6093 3.658209e+02
6288 3.657295e+02
6478 3.652389e+02
6493 3.648119e+02
6497 3.592581e+02
6676 3.536695e+02
7074 3.501417e+02
7294 3.497643e+02
7319 3.492280e+02
7356 3.465999e+02
7760 3.417203e+02
7819 3.407394e+02
7935 3.406926e+02
8014 3.372746e+02
8286 3.358812e+02
8324 3.343689e+02
8362 3.335040e+02
8426 3.322432e+02
8508 3.318181e+02
8565 3.310441e+02
8743 3.309961e+02
8780 3.301071e+02
8841 3.284751e+02
8879 3.279202e+02
8902 3.278578e+02
8995 3.277156e+02
8998 3.276587e+02
9179 3.268939e+02
9185 3.255780e+02
9385 3.244971e+02
9483 3.243550e+02
9518 3.242743e+02
9543 3.218350e+02
9875 3.215817e+02
9919 3.215527e+02
9979 3.205340e+02
10074 3.198598e+02
10350 3.198252e+02
10383 3.190177e+02
10496 3.183788e+02
10597 3.182685e+02
10647 3.179586e+02
10814 3.178468e+02
10838 3.173696e+02
10871 3.171222e+02
10894 3.162812e+02
11064 3.157909e+02
11272 3.157599e+02
11314 3.156063e+02
11315 3.146576e+02
11403 3.145371e+02
11631 3.143519e+02
11696 3.126219e+02
11992 3.125571e+02
12044 3.121993e+02
12183 3.108939e+02
12643 3.106684e+02
12737 3.105497e+02
12802 3.101759e+02
13014 3.101641e+02
13038 3.097010e+02
13125 3.095344e+02
13185 3.091797e+02
13497 3.089983e+02
13522 3.082590e+02
13658 3.081627e+02
13698 3.080846e+02
13811 3.080611e+02
13917 3.079814e+02
13919 3.077598e+02
13994 3.077329e+02
14002 3.077208e+02
14029 3.074021e+02
14037 3.070396e+02
14265 3.066320e+02
14298 3.064480e+02
14429 3.059742e+02
14499 3.053979e+02
14846 3.053617e+02
14863 3.051263e+02
14908 3.049886e+02
15295 3.045588e+02
15388 3.045298e+02
15549 3.043865e+02
15623 3.042472e+02
15634 3.040748e+02
15674 3.039074e+02
15882 3.038508e+02
15992 3.037970e+02
16010 3.035595e+02
16088 3.034868e+02
16260 3.033437e+02
16518 3.033057e+02
16525 3.030912e+02
16609 3.030518e+02
16611 3.030403e+02
16693 3.029201e+02
16835 3.027963e+02
16992 3.027643e+02
17012 3.026496e+02
17076 3.024549e+02
17178 3.022485e+02
17452 3.021829e+02
17498 3.020682e+02
17701 3.017025e+02
18030 3.016504e+02
18228 3.016179e+02
18282 3.015276e+02
18373 3.015023e+02
18400 3.013714e+02
18454 3.013667e+02
18618 3.013413e+02
18652 3.013345e+02
18735 3.012908e+02
18780 3.011872e+02
18853 3.010573e+02
19244 3.010010e+02
19319 3.009368e+02
19372 3.009161e+02
19405 3.008794e+02
19406 3.007377e+02
19747 3.007286e+02
19874 3.005903e+02
19893 3.005752e+02
19996 3.005571e+02
20119 3.005306e+02
20197 3.005198e+02
20330 3.005174e+02
20348 3.004857e+02
20389 3.004832e+02
20463 3.003562e+02
20692 3.003317e+02
21025 3.003137e+02
21178 3.003039e+02
21250 3.002544e+02
21358 3.002093e+02
21398 3.001946e+02
21633 3.000987e+02
22010 3.000973e+02
22040 3.000889e+02
22099 3.000783e+02
22164 3.000449e+02
22211 3.000382e+02
22276 2.999862e+02
22546 2.999774e+02
22643 2.999683e+02
22685 2.999306e+02
22899 2.999284e+02
23055 2.999213e+02
23220 2.999110e+02
23234 2.998910e+02
23344 2.998817e+02
23391 2.998595e+02
23492 2.998561e+02
23542 2.998255e+02
23661 2.998206e+02
23753 2.998027e+02
23824 2.997978e+02
23878 2.997821e+02
23942 2.997748e+02
24004 2.997747e+02
24078 2.997699e+02
24084 2.997510e+02
24380 2.997486e+02
24403 2.997458e+02
24410 2.997423e+02
24452 2.997377e+02
24458 2.997368e+02
24492 2.997287e+02
24493 2.997214e+02
24524 2.997185e+02
24528 2.997096e+02
24603 2.997088e+02
24626 2.997052e+02
24648 2.996878e+02
24763 2.996827e+02
24857 2.996809e+02
24883 2.996781e+02
24924 2.996746e+02
24928 2.996737e+02
24939 2.996627e+02
24968 2.996541e+02
25069 2.996436e+02
25282 2.996370e+02
25326 2.996318e+02
25360 2.996204e+02
25399 2.995942e+02
25750 2.995872e+02
25832 2.995867e+02
25937 2.995832e+02
26083 2.995820e+02
26088 2.995761e+02
26090 2.995743e+02
26104 2.995685e+02
26130 2.995680e+02
26207 2.995630e+02
26392 2.995624e+02
26543 2.995610e+02
26653 2.995580e+02
26820 2.995518e+02
26879 2.995453e+02
26921 2.995438e+02
26971 2.995400e+02
27174 2.995383e+02
27316 2.995336e+02
27413 2.995317e+02
27515 2.995305e+02
27592 2.995280e+02
27738 2.995234e+02
27743 2.995232e+02
27774 2.995211e+02
27804 2.995207e+02
27824 2.995206e+02
27852 2.995177e+02
27951 2.995167e+02
28093 2.995151e+02
28118 2.995131e+02
28168 2.995120e+02
28181 2.995108e+02
28245 2.995089e+02
28315 2.995079e+02
28400 2.995078e+02
28455 2.995062e+02
28590 2.995053e+02
28640 2.995047e+02
28643 2.994986e+02
28936 2.994973e+02
28943 2.994963e+02
28986 2.994942e+02
29002 2.994911e+02
29066 2.994893e+02
29133 2.994889e+02
29223 2.994862e+02
29534 2.994859e+02
29575 2.994857e+02
29590 2.994853e+02
29614 2.994852e+02
29689 2.994822e+02
29723 2.994807e+02
30056 2.994799e+02
30132 2.994792e+02
30135 2.994788e+02
30176 2.994781e+02
30179 2.994763e+02
30299 2.994752e+02
30309 2.994746e+02
30411 2.994730e+02
30904 2.994705e+02
30937 2.994701e+02
31016 2.994694e+02
31024 2.994682e+02
31092 2.994677e+02
31097 2.994673e+02
31114 2.994654e+02
31431 2.994647e+02
31542 2.994645e+02
31584 2.994640e+02
31601 2.994614e+02
31867 2.994614e+02
31883 2.994606e+02
32062 2.994602e+02
32149 2.994594e+02
32156 2.994582e+02
32443 2.994580e+02
32458 2.994576e+02
32475 2.994559e+02
32673 2.994554e+02
32934 2.994546e+02
33111 2.994538e+02
33126 2.994537e+02
33251 2.994533e+02
33267 2.994530e+02
33714 2.994521e+02
33805 2.994520e+02
33836 2.994515e+02
33945 2.994512e+02
34083 2.994503e+02
34169 2.994502e+02
34233 2.994500e+02
34296 2.994496e+02
34366 2.994496e+02
34375 2.994490e+02
34656 2.994490e+02
34706 2.994489e+02
34784 2.994488e+02
34841 2.994487e+02
34866 2.994483e+02
34987 2.994482e+02
35037 2.994481e+02
35096 2.994480e+02
35189 2.994479e+02
35195 2.994477e+02
35299 2.994471e+02
35429 2.994470e+02
35431 2.994469e+02
35525 2.994468e+02
35532 2.994466e+02
35571 2.994464e+02
35812 2.994462e+02
35997 2.994460e+02
36022 2.994458e+02
36080 2.994450e+02
36531 2.994450e+02
36541 2.994448e+02
36713 2.994446e+02
36818 2.994443e+02
36994 2.994443e+02
37071 2.994438e+02
37356 2.994438e+02
37452 2.994435e+02
37772 2.994434e+02
37837 2.994433e+02
38132 2.994433e+02
38204 2.994432e+02
38226 2.994431e+02
38287 2.994430e+02
38291 2.994429e+02
38511 2.994429e+02
38542 2.994428e+02
38654 2.994427e+02
38749 2.994426e+02
39060 2.994426e+02
39066 2.994426e+02
39091 2.994424e+02
39220 2.994424e+02
39319 2.994423e+02
39365 2.994423e+02
39388 2.994423e+02
39640 2.994423e+02
39836 2.994422e+02
40226 2.994422e+02
40263 2.994421e+02
40326 2.994421e+02
40414 2.994421e+02
40450 2.994421e+02
40508 2.994420e+02
40519 2.994420e+02
40729 2.994420e+02
40827 2.994419e+02
40832 2.994419e+02
40978 2.994419e+02
41018 2.994418e+02
41474 2.994418e+02
41506 2.994418e+02
41559 2.994418e+02
41600 2.994418e+02
41638 2.994418e+02
41703 2.994417e+02
41795 2.994417e+02
41803 2.994417e+02
41810 2.994417e+02
41827 2.994417e+02
41933 2.994416e+02
42050 2.994416e+02
42080 2.994415e+02
42364 2.994415e+02
42366 2.994415e+02
42664 2.994415e+02
42718 2.994415e+02
42857 2.994414e+02
42862 2.994414e+02
42914 2.994414e+02
43042 2.994414e+02
43164 2.994414e+02
43173 2.994414e+02
43203 2.994414e+02
43294 2.994414e+02
43415 2.994414e+02
43708 2.994414e+02
43732 2.994414e+02
43777 2.994413e+02
43902 2.994413e+02
43953 2.994413e+02
44036 2.994413e+02
44166 2.994413e+02
44422 2.994413e+02
44446 2.994413e+02
44621 2.994413e+02
44758 2.994413e+02
44855 2.994412e+02
45106 2.994412e+02
45127 2.994412e+02
45474 2.994412e+02
45647 2.994412e+02
45912 2.994412e+02
46164 2.994412e+02
46231 2.994412e+02
46248 2.994412e+02
46322 2.994412e+02
46343 2.994412e+02
46383 2.994412e+02
46460 2.994412e+02
46606 2.994412e+02
46697 2.994412e+02
46838 2.994412e+02
46881 2.994412e+02
46961 2.994412e+02
47156 2.994412e+02
47259 2.994412e+02
47293 2.994412e+02
47305 2.994412e+02
47306 2.994412e+02
47326 2.994412e+02
47349 2.994412e+02
47462 2.994412e+02
47604 2.994412e+02
47647 2.994412e+02
47736 2.994412e+02
47798 2.994412e+02
47974 2.994412e+02
47977 2.994412e+02
47991 2.994412e+02
48063 2.994412e+02
48110 2.994412e+02
48116 2.994412e+02
48272 2.994412e+02
48393 2.994411e+02
48471 2.994411e+02
48499 2.994411e+02
48534 2.994411e+02
48553 2.994411e+02
48575 2.994411e+02
48604 2.994411e+02
48719 2.994411e+02
48741 2.994411e+02
48803 2.994411e+02
48812 2.994411e+02
48875 2.994411e+02
48902 2.994411e+02
48913 2.994411e+02
49049 2.994411e+02
49057 2.994411e+02
49064 2.994411e+02
49108 2.994411e+02
49232 2.994411e+02
49384 2.994411e+02
49403 2.994411e+02
49422 2.994411e+02
49462 2.994411e+02
49463 2.994411e+02
49542 2.994411e+02
49599 2.994411e+02
49693 2.994411e+02
49704 2.994411e+02
49770 2.994411e+02
49834 2.994411e+02
49835 2.994411e+02
49987 2.994411e+02
50119 2.994411e+02
50134 2.994411e+02
50160 2.994411e+02
50440 2.994411e+02
50453 2.994411e+02
50550 2.994411e+02
50624 2.994411e+02
50627 2.994411e+02
50683 2.994411e+02
50754 2.994411e+02
50915 2.994411e+02
50934 2.994411e+02
50945 2.994411e+02
50959 2.994411e+02
51020 2.994411e+02
51026 2.994411e+02
51072 2.994411e+02
51080 2.994411e+02
51117 2.994411e+02
51157 2.994411e+02
51220 2.994411e+02
51417 2.994411e+02
51448 2.994411e+02
51489 2.994411e+02
51498 2.994411e+02
51562 2.994411e+02
51640 2.994411e+02
51645 2.994411e+02
51712 2.994411e+02
51958 2.994411e+02
51961 2.994411e+02
52047 2.994411e+02
52116 2.994411e+02
52213 2.994411e+02
52635 2.994411e+02
52669 2.994411e+02
52719 2.994411e+02
52720 2.994411e+02
52742 2.994411e+02
52832 2.994411e+02
52911 2.994411e+02
53167 2.994411e+02
53393 2.994411e+02
53399 2.994411e+02
53407 2.994411e+02
53537 2.994411e+02
53543 2.994411e+02
53561 2.994411e+02
54018 2.994411e+02
54063 2.994411e+02
54126 2.994411e+02
54323 2.994411e+02
54385 2.994411e+02
54435 2.994411e+02
54439 2.994411e+02
54473 2.994411e+02
54536 2.994411e+02
54608 2.994411e+02
54632 2.994411e+02
54645 2.994411e+02
54884 2.994411e+02
54913 2.994411e+02
55133 2.994411e+02
55189 2.994411e+02
55258 2.994411e+02
55272 2.994411e+02
55343 2.994411e+02
55366 2.994411e+02
55414 2.994411e+02
55420 2.994411e+02
55465 2.994411e+02
55543 2.994411e+02
55598 2.994411e+02
55688 2.994411e+02
55730 2.994411e+02
55763 2.994411e+02
55772 2.994411e+02
55809 2.994411e+02
55877 2.994411e+02
55899 2.994411e+02
55944 2.994411e+02
55983 2.994411e+02
55989 2.994411e+02
55999 2.994411e+02
56112 2.994411e+02
56163 2.994411e+02
56210 2.994411e+02
56316 2.994411e+02
56510 2.994411e+02
56570 2.994411e+02
56572 2.994411e+02
56573 2.994411e+02
56613 2.994411e+02
56731 2.994411e+02
56784 2.994411e+02
56790 2.994411e+02
56832 2.994411e+02
56838 2.994411e+02
56878 2.994411e+02
57185 2.994411e+02
57302 2.994411e+02
57368 2.994411e+02
57586 2.994411e+02
57645 2.994411e+02
57646 2.994411e+02
57739 2.994411e+02
57987 2.994411e+02
58078 2.994411e+02
58115 2.994411e+02
58154 2.994411e+02
58198 2.994411e+02
58208 2.994411e+02
58246 2.994411e+02
58262 2.994411e+02
58313 2.994411e+02
58436 2.994411e+02
58491 2.994411e+02
58582 2.994411e+02
58663 2.994411e+02
58726 2.994411e+02
58952 2.994411e+02
58975 2.994411e+02
59050 2.994411e+02
59310 2.994411e+02
59312 2.994411e+02
59315 2.994411e+02
59345 2.994411e+02
59407 2.994411e+02
59415 2.994411e+02
59474 2.994411e+02
59651 2.994411e+02
59729 2.994411e+02
59937 2.994411e+02
59958 2.994411e+02
60039 2.994411e+02
60098 2.994411e+02
60125 2.994411e+02
60163 2.994411e+02
60192 2.994411e+02
60303 2.994411e+02
60375 2.994411e+02
60447 2.994411e+02
60458 2.994411e+02
60459 2.994411e+02
60511 2.994411e+02
60658 2.994411e+02
60721 2.994411e+02
60905 2.994411e+02
60992 2.994411e+02
61006 2.994411e+02
61042 2.994411e+02
61205 2.994411e+02
61259 2.994411e+02
61314 2.994411e+02
61377 2.994411e+02
61420 2.994411e+02
61574 2.994411e+02
61841 2.994411e+02
61885 2.994411e+02
61892 2.994411e+02
61943 2.994411e+02
61955 2.994411e+02
62082 2.994411e+02
62105 2.994411e+02
62107 2.994411e+02
62145 2.994411e+02
62181 2.994411e+02
62320 2.994411e+02
62392 2.994411e+02
62399 2.994411e+02
62488 2.994411e+02
62639 2.994411e+02
62652 2.994411e+02
62666 2.994411e+02
62832 2.994411e+02
62849 2.994411e+02
63079 2.994411e+02
63171 2.994411e+02
63190 2.994411e+02
63282 2.994411e+02
63299 2.994411e+02
63346 2.994411e+02
63388 2.994411e+02
63474 2.994411e+02
63522 2.994411e+02
63615 2.994411e+02
63617 2.994411e+02
63625 2.994411e+02
63648 2.994411e+02
63787 2.994411e+02
63822 2.994411e+02
63933 2.994411e+02
63956 2.994411e+02
63998 2.994411e+02
64008 2.994411e+02
64051 2.994411e+02
64052 2.994411e+02
64112 2.994411e+02
64152 2.994411e+02
64369 2.994411e+02
64424 2.994411e+02
64517 2.994411e+02
64575 2.994411e+02
64697 2.994411e+02
64721 2.994411e+02
64855 2.994411e+02
64902 2.994411e+02
65005 2.994411e+02
65033 2.994411e+02
65057 2.994411e+02
65082 2.994411e+02
65191 2.994411e+02
65283 2.994411e+02
65338 2.994411e+02
65498 2.994411e+02
65570 2.994411e+02
65693 2.994411e+02
65718 2.994411e+02
65744 2.994411e+02
65799 2.994411e+02
65875 2.994411e+02
65884 2.994411e+02
65906 2.994411e+02
66134 2.994411e+02
66172 2.994411e+02
66323 2.994411e+02
66415 2.994411e+02
66464 2.994411e+02
66485 2.994411e+02
66566 2.994411e+02
66669 2.994411e+02
66928 2.994411e+02
66964 2.994411e+02
67046 2.994411e+02
67130 2.994411e+02
67156 2.994411e+02
67211 2.994411e+02
67333 2.994411e+02
67337 2.994411e+02
67379 2.994411e+02
67421 2.994411e+02
67465 2.994411e+02
67474 2.994411e+02
67576 2.994411e+02
67643 2.994411e+02
67671 2.994411e+02
67708 2.994411e+02
67904 2.994411e+02
67914 2.994411e+02
67933 2.994411e+02
67992 2.994411e+02
68002 2.994411e+02
68051 2.994411e+02
68073 2.994411e+02
68084 2.994411e+02
68185 2.994411e+02
68229 2.994411e+02
68238 2.994411e+02
68261 2.994411e+02
68290 2.994411e+02
68332 2.994411e+02
68402 2.994411e+02
68461 2.994411e+02
68570 2.994411e+02
68626 2.994411e+02
68826 2.994411e+02
68866 2.994411e+02
69108 2.994411e+02
69171 2.994411e+02
69177 2.994411e+02
69180 2.994411e+02
69185 2.994411e+02
69239 2.994411e+02
69242 2.994411e+02
69331 2.994411e+02
69426 2.994411e+02
69559 2.994411e+02
69600 2.994411e+02
69798 2.994411e+02
69865 2.994411e+02
69999 2.994411e+02
70002 2.994411e+02
70098 2.994411e+02
70116 2.994411e+02
70208 2.994411e+02
70236 2.994411e+02
70252 2.994411e+02
70295 2.994411e+02
70300 2.994411e+02
70413 2.994411e+02
70454 2.994411e+02
70482 2.994411e+02
70541 2.994411e+02
70574 2.994411e+02
70596 2.994411e+02
70625 2.994411e+02
70638 2.994411e+02
70671 2.994411e+02
70697 2.994411e+02
70710 2.994411e+02
70711 2.994411e+02
70746 2.994411e+02
70752 2.994411e+02
70844 2.994411e+02
70956 2.994411e+02
71015 2.994411e+02
71022 2.994411e+02
71049 2.994411e+02
71107 2.994411e+02
71111 2.994411e+02
71119 2.994411e+02
71143 2.994411e+02
71148 2.994411e+02
71186 2.994411e+02
71294 2.994411e+02
71311 2.994411e+02
71367 2.994411e+02
71412 2.994411e+02
71413 2.994411e+02
71419 2.994411e+02
71434 2.994411e+02
71484 2.994411e+02
71511 2.994411e+02
71520 2.994411e+02
71531 2.994411e+02
71533 2.994411e+02
71671 2.994411e+02
71695 2.994411e+02
71709 2.994411e+02
71723 2.994411e+02
71828 2.994411e+02
71831 2.994411e+02
71863 2.994411e+02
71874 2.994411e+02
71885 2.994411e+02
72143 2.994411e+02
72158 2.994411e+02
72203 2.994411e+02
72212 2.994411e+02
72226 2.994411e+02
72341 2.994411e+02
72343 2.994411e+02
72468 2.994411e+02
72476 2.994411e+02
72621 2.994411e+02
72725 2.994411e+02
72758 2.994411e+02
72782 2.994411e+02
72791 2.994411e+02
72853 2.994411e+02
72920 2.994411e+02
72923 2.994411e+02
72987 2.994411e+02
73009 2.994411e+02
73063 2.994411e+02
73072 2.994411e+02
73090 2.994411e+02
73109 2.994411e+02
73140 2.994411e+02
73148 2.994411e+02
73152 2.994411e+02
73207 2.994411e+02
73242 2.994411e+02
73294 2.994411e+02
73302 2.994411e+02
73392 2.994411e+02
73410 2.994411e+02
73460 2.994411e+02
73512 2.994411e+02
73677 2.994411e+02
73693 2.994411e+02
73728 2.994411e+02
73752 2.994411e+02
73812 2.994411e+02
73819 2.994411e+02
73851 2.994411e+02
73941 2.994411e+02
73975 2.994411e+02
74144 2.994411e+02
74403 2.994411e+02
74406 2.994411e+02
74428 2.994411e+02
74446 2.994411e+02
74474 2.994411e+02
74542 2.994411e+02
74580 2.994411e+02
74591 2.994411e+02
74607 2.994411e+02
74705 2.994411e+02
74723 2.994411e+02
74758 2.994411e+02
74804 2.994411e+02
74881 2.994411e+02
74919 2.994411e+02
74922 2.994411e+02
74956 2.994411e+02
257076 2.993425e+02
257168 2.984199e+02
257183 2.970633e+02
257784 2.964818e+02
258052 2.961205e+02
258062 2.959229e+02
258318 2.949111e+02
258988 2.948562e+02
259052 2.947375e+02
259088 2.945979e+02
259195 2.936727e+02
259242 2.930510e+02
259546 2.928283e+02
259578 2.919771e+02
259724 2.917624e+02
260431 2.916945e+02
260516 2.909227e+02
260641 2.879096e+02
262651 2.875080e+02
262685 2.874604e+02
262752 2.872751e+02
263048 2.864139e+02
263590 2.856654e+02
263805 2.851572e+02
264375 2.849787e+02
264693 2.849380e+02
265080 2.847243e+02
265096 2.846675e+02
265120 2.841347e+02
265292 2.833852e+02
265433 2.828571e+02
266104 2.826372e+02
266191 2.819054e+02
266990 2.818808e+02
267298 2.818090e+02
267421 2.815107e+02
267449 2.814896e+02
267640 2.813409e+02
267657 2.811130e+02
268484 2.804512e+02
268583 2.803484e+02
268847 2.801934e+02
269013 2.800929e+02
269478 2.790851e+02
270387 2.789985e+02
270530 2.788421e+02
270559 2.785990e+02
271042 2.784087e+02
271116 2.782078e+02
271289 2.780089e+02
271523 2.775475e+02
271779 2.775025e+02
271999 2.773241e+02
272111 2.770422e+02
272591 2.767486e+02
272806 2.766636e+02
272812 2.765007e+02
273036 2.764132e+02
273152 2.763955e+02
273181 2.762595e+02
273258 2.761365e+02
273473 2.760648e+02
273900 2.760630e+02
274208 2.760051e+02
274625 2.759680e+02
274626 2.757539e+02
275011 2.757501e+02
275241 2.756806e+02
275256 2.755469e+02
275638 2.753500e+02
275915 2.752712e+02
276311 2.752677e+02
276444 2.752341e+02
276502 2.751585e+02
276541 2.751399e+02
276565 2.751383e+02
276602 2.749693e+02
277123 2.749476e+02
277156 2.749136e+02
277276 2.749039e+02
277667 2.748345e+02
277768 2.747829e+02
277928 2.747475e+02
278645 2.746206e+02
278649 2.746028e+02
278725 2.745955e+02
278888 2.745294e+02
279284 2.745060e+02
279364 2.744978e+02
279758 2.744517e+02
280038 2.744345e+02
280296 2.744170e+02
280502 2.743629e+02
280877 2.743102e+02
281011 2.742698e+02
281226 2.742400e+02
281251 2.742338e+02
281385 2.742082e+02
281421 2.741787e+02
281524 2.741727e+02
281648 2.741182e+02
281775 2.740962e+02
281836 2.740438e+02
281968 2.739497e+02
282549 2.739251e+02
282577 2.738419e+02
282835 2.738326e+02
282840 2.737552e+02
283021 2.736323e+02
283979 2.735361e+02
284380 2.734227e+02
285192 2.732843e+02
286676 2.732396e+02
286863 2.732041e+02
287396 2.731968e+02
287559 2.731644e+02
287602 2.731426e+02
287870 2.731342e+02
287996 2.731196e+02
288166 2.731112e+02
288194 2.730964e+02
288240 2.730935e+02
288341 2.730751e+02
288632 2.730739e+02
288645 2.730544e+02
288647 2.729893e+02
289935 2.729649e+02
290295 2.729416e+02
290592 2.729118e+02
291045 2.729005e+02
291092 2.728629e+02
291323 2.728417e+02
291664 2.728297e+02
291673 2.728266e+02
291889 2.727983e+02
292228 2.727812e+02
292479 2.727777e+02
292543 2.727758e+02
292574 2.727431e+02
292816 2.727003e+02
294720 2.726725e+02
295413 2.726613e+02
295983 2.726556e+02
296063 2.726409e+02
296515 2.726398e+02
296670 2.726393e+02
296676 2.726141e+02
296680 2.726088e+02
296748 2.726074e+02
296805 2.725914e+02
297171 2.725718e+02
298027 2.725485e+02
299031 2.725318e+02
299032 2.725306e+02
299696 2.725207e+02
299982 2.725110e+02
300148 2.725056e+02
300426 2.725045e+02
300666 2.724953e+02
300686 2.724860e+02
300999 2.724830e+02
301134 2.724806e+02
301162 2.724797e+02
301175 2.724652e+02
301295 2.724521e+02
301749 2.724410e+02
301788 2.724358e+02
301983 2.724236e+02
302682 2.724226e+02
302814 2.724188e+02
302892 2.724084e+02
303671 2.724024e+02
303824 2.723887e+02
303986 2.723819e+02
304444 2.723780e+02
304476 2.723755e+02
304702 2.723735e+02
304707 2.723662e+02
304910 2.723642e+02
304998 2.723609e+02
305433 2.723569e+02
305526 2.723563e+02
305583 2.723562e+02
305653 2.723512e+02
305711 2.723481e+02
305732 2.723419e+02
305974 2.723416e+02
306121 2.723405e+02
306153 2.723236e+02
306959 2.723232e+02
306983 2.723161e+02
307392 2.723067e+02
307864 2.723031e+02
308475 2.722970e+02
308889 2.722939e+02
308950 2.722878e+02
309554 2.722877e+02
309875 2.722830e+02
310101 2.722746e+02
310529 2.722706e+02
311035 2.722700e+02
311240 2.722657e+02
311277 2.722634e+02
312026 2.722601e+02
312351 2.722600e+02
312383 2.722572e+02
312465 2.722564e+02
312578 2.722542e+02
312763 2.722541e+02
312912 2.722525e+02
313025 2.722513e+02
313400 2.722493e+02
313934 2.722463e+02
314092 2.722453e+02
314442 2.722444e+02
314456 2.722435e+02
314537 2.722433e+02
314746 2.722407e+02
315672 2.722390e+02
315826 2.722383e+02
315944 2.722376e+02
316347 2.722366e+02
316477 2.722343e+02
317063 2.722342e+02
317118 2.722341e+02
317235 2.722334e+02
317328 2.722330e+02
317398 2.722326e+02
317473 2.722319e+02
317628 2.722285e+02
318007 2.722285e+02
318339 2.722264e+02
318636 2.722241e+02
320593 2.722233e+02
320613 2.722226e+02
320976 2.722224e+02
321019 2.722194e+02
321598 2.722183e+02
323530 2.722166e+02
323715 2.722158e+02
324107 2.722157e+02
324220 2.722156e+02
324333 2.722149e+02
324594 2.722146e+02
324652 2.722145e+02
324681 2.722142e+02
324756 2.722137e+02
324823 2.722136e+02
324913 2.722133e+02
325026 2.722131e+02
325138 2.722125e+02
325254 2.722121e+02
325276 2.722119e+02
325727 2.722116e+02
325984 2.722116e+02
326068 2.722113e+02
326147 2.722101e+02
327233 2.722098e+02
327314 2.722097e+02
327481 2.722095e+02
327583 2.722093e+02
327857 2.722092e+02
327937 2.722090e+02
328067 2.722090e+02
328109 2.722089e+02
328180 2.722086e+02
328344 2.722085e+02
328413 2.722084e+02
328550 2.722075e+02
328942 2.722073e+02
329192 2.722065e+02
330002 2.722064e+02
330226 2.722064e+02
330295 2.722064e+02
330384 2.722064e+02
330452 2.722062e+02
330460 2.722060e+02
330675 2.722057e+02
330840 2.722054e+02
331753 2.722054e+02
331785 2.722053e+02
331885 2.722052e+02
331916 2.722047e+02
332295 2.722047e+02
333307 2.722045e+02
333513 2.722043e+02
333542 2.722037e+02
334070 2.722036e+02
334249 2.722036e+02
334424 2.722034e+02
334678 2.722031e+02
334827 2.722031e+02
334940 2.722029e+02
334978 2.722029e+02
335197 2.722029e+02
335211 2.722027e+02
335722 2.722026e+02
335774 2.722026e+02
335892 2.722026e+02
335950 2.722026e+02
336120 2.722025e+02
336173 2.722024e+02
336407 2.722024e+02
336409 2.722023e+02
336510 2.722023e+02
336512 2.722023e+02
336626 2.722022e+02
336689 2.722022e+02
336776 2.722021e+02
337076 2.722021e+02
337152 2.722021e+02
337267 2.722021e+02
337309 2.722020e+02
337564 2.722019e+02
337680 2.722019e+02
337826 2.722018e+02
337861 2.722018e+02
337946 2.722017e+02
338030 2.722017e+02
338140 2.722016e+02
338161 2.722016e+02
338275 2.722016e+02
338385 2.722016e+02
338435 2.722014e+02
338875 2.722014e+02
338879 2.722014e+02
338955 2.722013e+02
338978 2.722013e+02
339120 2.722012e+02
339700 2.722012e+02
339758 2.722011e+02
340122 2.722010e+02
340253 2.722009e+02
340675 2.722009e+02
340777 2.722009e+02
340830 2.722008e+02
341120 2.722008e+02
341645 2.722007e+02
341815 2.722007e+02
341841 2.722006e+02
342692 2.722006e+02
342829 2.722005e+02
343087 2.722005e+02
343911 2.722004e+02
344287 2.722004e+02
344876 2.722004e+02
344952 2.722004e+02
344992 2.722004e+02
345320 2.722003e+02
345440 2.722003e+02
345611 2.722003e+02
345746 2.722003e+02
346102 2.722002e+02
346279 2.722002e+02
346407 2.722002e+02
346411 2.722002e+02
346459 2.722001e+02
347066 2.722001e+02
347206 2.722001e+02
347421 2.722001e+02
348103 2.722001e+02
348357 2.722001e+02
348580 2.722001e+02
349056 2.722001e+02
349342 2.722000e+02
350049 2.722000e+02
350169 2.722000e+02
350431 2.722000e+02
350512 2.722000e+02
350513 2.722000e+02
350799 2.722000e+02
351021 2.722000e+02
351174 2.722000e+02
351370 2.722000e+02
351446 2.721999e+02
351957 2.721999e+02
352129 2.721999e+02
352146 2.721999e+02
352309 2.721999e+02
352405 2.721999e+02
352521 2.721999e+02
352715 2.721999e+02
352835 2.721999e+02
352888 2.721999e+02
352986 2.721999e+02
353049 2.721999e+02
353375 2.721999e+02
353690 2.721999e+02
353694 2.721999e+02
353816 2.721999e+02
353906 2.721999e+02
353966 2.721999e+02
354107 2.721999e+02
354350 2.721998e+02
354482 2.721998e+02
354630 2.721998e+02
354663 2.721998e+02
354865 2.721998e+02
355123 2.721998e+02
355882 2.721998e+02
355969 2.721998e+02
356121 2.721998e+02
356173 2.721998e+02
356184 2.721998e+02
356357 2.721998e+02
356358 2.721998e+02
356369 2.721998e+02
356507 2.721998e+02
356511 2.721998e+02
356659 2.721998e+02
356674 2.721998e+02
357161 2.721998e+02
357600 2.721998e+02
357617 2.721998e+02
357654 2.721998e+02
357684 2.721998e+02
357747 2.721998e+02
357756 2.721998e+02
357778 2.721998e+02
357837 2.721998e+02
357963 2.721998e+02
358030 2.721998e+02
358238 2.721998e+02
358420 2.721998e+02
358434 2.721998e+02
358478 2.721998e+02
358888 2.721998e+02
358903 2.721998e+02
358975 2.721998e+02
359019 2.721998e+02
359061 2.721998e+02
359186 2.721998e+02
359253 2.721998e+02
359291 2.721998e+02
359334 2.721998e+02
359451 2.721998e+02
359471 2.721998e+02
359824 2.721998e+02
359827 2.721998e+02
360028 2.721998e+02
360065 2.721998e+02
360147 2.721998e+02
360257 2.721998e+02
360312 2.721998e+02
360348 2.721998e+02
360354 2.721998e+02
360374 2.721998e+02
360378 2.721998e+02
360959 2.721998e+02
361012 2.721998e+02
361013 2.721998e+02
361038 2.721998e+02
361157 2.721998e+02
361175 2.721998e+02
361461 2.721998e+02
361678 2.721998e+02
361805 2.721998e+02
361925 2.721998e+02
361966 2.721998e+02
362022 2.721998e+02
362032 2.721998e+02
362357 2.721998e+02
362401 2.721998e+02
362776 2.721998e+02
362829 2.721998e+02
362886 2.721998e+02
363021 2.721998e+02
363089 2.721998e+02
363252 2.721998e+02
363431 2.721998e+02
363750 2.721998e+02
363822 2.721998e+02
363860 2.721998e+02
363864 2.721998e+02
363967 2.721998e+02
364311 2.721998e+02
364486 2.721998e+02
365006 2.721998e+02
365047 2.721998e+02
365150 2.721998e+02
365221 2.721998e+02
365706 2.721998e+02
365992 2.721998e+02
366022 2.721998e+02
366072 2.721998e+02
366077 2.721998e+02
366218 2.721998e+02
366601 2.721998e+02
366664 2.721998e+02
367982 2.721998e+02
368178 2.721998e+02
369406 2.721998e+02
369526 2.721998e+02
372763 2.721998e+02
373037 2.721998e+02
373379 2.721998e+02
374090 2.721998e+02
375502 2.721998e+02
375659 2.721998e+02
375721 2.721998e+02
375804 2.721998e+02
375860 2.721998e+02
376690 2.721998e+02
376876 2.721998e+02
377423 2.721998e+02
378292 2.721998e+02
378293 2.721998e+02
378586 2.721998e+02
378945 2.721998e+02
379051 2.721998e+02
379140 2.721998e+02
379532 2.721998e+02
379648 2.721998e+02
380078 2.721998e+02
380181 2.721998e+02
380220 2.721998e+02
380685 2.721998e+02
381827 2.721998e+02
382191 2.721998e+02
382394 2.721998e+02
383347 2.721998e+02
384180 2.721998e+02
384215 2.721998e+02
384274 2.721998e+02
384377 2.721998e+02
384391 2.721998e+02
384611 2.721998e+02
384682 2.721998e+02
384757 2.721998e+02
384918 2.721998e+02
384944 2.721998e+02
385000 2.721998e+02
385180 2.721998e+02
385517 2.721998e+02
385800 2.721998e+02
387114 2.721998e+02
387346 2.721997e+02
387410 2.721997e+02
387926 2.721997e+02
388136 2.721997e+02
388233 2.721997e+02
388535 2.721997e+02
388678 2.721997e+02
388950 2.721997e+02
389003 2.721997e+02
389568 2.721997e+02
389786 2.721997e+02
390015 2.721997e+02
390016 2.721997e+02
390037 2.721997e+02
390224 2.721997e+02
390411 2.721997e+02
390594 2.721997e+02
390702 2.721997e+02
390708 2.721997e+02
390830 2.721997e+02
390857 2.721997e+02
390879 2.721997e+02
391078 2.721997e+02
391094 2.721997e+02
