1 1.255595e+04
2 1.109530e+04
5 1.045307e+04
26 1.039077e+04
117 8.435807e+03
2343 8.434687e+03
4112 8.211555e+03
7283 7.964124e+03
9394 7.660466e+03
12829 7.472019e+03
12834 6.899173e+03
14355 6.560650e+03
14358 5.750898e+03
15093 5.627081e+03
15114 5.563389e+03
15230 5.283922e+03
15294 5.213384e+03
15332 5.103144e+03
15356 4.450313e+03
15660 3.875362e+03
15822 3.767512e+03
15929 3.588960e+03
15960 3.139665e+03
16009 3.136026e+03
16023 2.996094e+03
16026 2.649996e+03
16419 2.557231e+03
16446 2.431352e+03
16520 2.420076e+03
16556 2.419736e+03
16581 2.402207e+03
16620 2.357448e+03
16648 2.179493e+03
16667 1.925356e+03
16734 1.863045e+03
16893 1.847186e+03
16964 1.838051e+03
16991 1.812079e+03
17017 1.795843e+03
17021 1.793283e+03
17068 1.707990e+03
17096 1.696469e+03
17168 1.694176e+03
17214 1.672819e+03
17216 1.643488e+03
17252 1.625035e+03
17350 1.590041e+03
17410 1.581295e+03
17426 1.581208e+03
17471 1.560932e+03
17563 1.554397e+03
17569 1.552357e+03
17582 1.541504e+03
17603 1.535805e+03
17725 1.527994e+03
17828 1.520141e+03
17859 1.518750e+03
17875 1.517632e+03
17950 1.508028e+03
18029 1.506851e+03
18036 1.504950e+03
18111 1.504737e+03
18116 1.504057e+03
18139 1.503455e+03
18164 1.500943e+03
18188 1.500384e+03
18217 1.492375e+03
18245 1.490096e+03
18344 1.488001e+03
18384 1.487989e+03
18387 1.485447e+03
18487 1.483307e+03
18576 1.482647e+03
18582 1.481007e+03
18662 1.479022e+03
18729 1.477873e+03
18964 1.477279e+03
19092 1.476785e+03
19126 1.476737e+03
19230 1.476728e+03
19236 1.476061e+03
19240 1.476002e+03
19265 1.475814e+03
19290 1.475562e+03
19328 1.475497e+03
19333 1.475450e+03
19361 1.475371e+03
19364 1.475154e+03
19365 1.474800e+03
19384 1.474359e+03
19602 1.474242e+03
19620 1.474230e+03
19636 1.473946e+03
19796 1.473833e+03
19840 1.473725e+03
20052 1.473673e+03
20079 1.473569e+03
20360 1.473539e+03
20400 1.473468e+03
20492 1.473453e+03
20558 1.473453e+03
20577 1.473450e+03
20662 1.473430e+03
20687 1.473430e+03
20703 1.473427e+03
20737 1.473421e+03
20741 1.473418e+03
20779 1.473400e+03
20894 1.473390e+03
20995 1.473390e+03
21021 1.473370e+03
21218 1.473370e+03
21270 1.473364e+03
21366 1.473364e+03
21368 1.473361e+03
21416 1.473360e+03
21426 1.473359e+03
21435 1.473358e+03
21467 1.473357e+03
21489 1.473355e+03
21522 1.473355e+03
21526 1.473354e+03
21550 1.473351e+03
21589 1.473351e+03
21668 1.473350e+03
21673 1.473349e+03
21702 1.473349e+03
21795 1.473348e+03
21870 1.473348e+03
21931 1.473347e+03
21975 1.473347e+03
22072 1.473347e+03
22138 1.473346e+03
22144 1.473346e+03
22176 1.473346e+03
22226 1.473345e+03
22231 1.473345e+03
22247 1.473345e+03
22279 1.473345e+03
22307 1.473345e+03
22319 1.473345e+03
22390 1.473345e+03
22424 1.473345e+03
22527 1.473345e+03
22531 1.473344e+03
22631 1.473344e+03
22632 1.473344e+03
22640 1.473344e+03
22696 1.473344e+03
22709 1.473344e+03
22748 1.473344e+03
22777 1.473344e+03
22858 1.473344e+03
22874 1.473344e+03
22881 1.473344e+03
22886 1.473344e+03
22906 1.473344e+03
22910 1.473344e+03
22961 1.473344e+03
22965 1.473344e+03
22979 1.473344e+03
23027 1.473344e+03
23034 1.473344e+03
23081 1.473344e+03
23178 1.473344e+03
23304 1.473344e+03
23315 1.473344e+03
23407 1.473344e+03
23414 1.473344e+03
23441 1.473344e+03
23590 1.473344e+03
23673 1.473344e+03
23699 1.473344e+03
23871 1.473344e+03
23881 1.473344e+03
23889 1.473344e+03
23894 1.473344e+03
23924 1.473344e+03
23953 1.473344e+03
24033 1.473344e+03
24053 1.473344e+03
24082 1.473344e+03
24137 1.473344e+03
24196 1.473344e+03
24333 1.473344e+03
24335 1.473344e+03
24375 1.473344e+03
24385 1.473344e+03
24389 1.473344e+03
24407 1.473344e+03
24442 1.473344e+03
24467 1.473344e+03
24522 1.473344e+03
24526 1.473344e+03
24584 1.473344e+03
24607 1.473344e+03
24634 1.473344e+03
24673 1.473344e+03
24723 1.473344e+03
24786 1.473344e+03
24850 1.473344e+03
24925 1.473344e+03
24938 1.473344e+03
25024 1.473344e+03
25043 1.473344e+03
25076 1.473344e+03
25134 1.473344e+03
25206 1.473344e+03
25233 1.473344e+03
25300 1.473344e+03
25339 1.473344e+03
25353 1.473344e+03
25383 1.473344e+03
25523 1.473344e+03
25702 1.473344e+03
25704 1.473344e+03
25729 1.473344e+03
25760 1.473344e+03
25777 1.473344e+03
25836 1.473344e+03
25904 1.473344e+03
25944 1.473344e+03
26070 1.473344e+03
26074 1.473344e+03
26084 1.473344e+03
26135 1.473344e+03
26146 1.473344e+03
26256 1.473344e+03
26284 1.473344e+03
26396 1.473344e+03
26413 1.473344e+03
26442 1.473344e+03
26447 1.473344e+03
26451 1.473344e+03
26526 1.473344e+03
26552 1.473344e+03
26569 1.473344e+03
26571 1.473344e+03
26581 1.473344e+03
26640 1.473344e+03
26748 1.473344e+03
26785 1.473344e+03
26811 1.473344e+03
26815 1.473344e+03
27017 1.473344e+03
27045 1.473344e+03
27052 1.473344e+03
27093 1.473344e+03
27100 1.473344e+03
27249 1.473344e+03
27265 1.473344e+03
27289 1.473344e+03
27341 1.473344e+03
27371 1.473344e+03
27446 1.473344e+03
27475 1.473344e+03
27558 1.473344e+03
27605 1.473344e+03
27625 1.473344e+03
27644 1.473344e+03
27645 1.473344e+03
27723 1.473344e+03
27741 1.473344e+03
27755 1.473344e+03
27856 1.473344e+03
27861 1.473344e+03
27868 1.473344e+03
27932 1.473344e+03
27936 1.473344e+03
28004 1.473344e+03
28046 1.473344e+03
28096 1.473344e+03
28159 1.473344e+03
28185 1.473344e+03
28197 1.473344e+03
28221 1.473344e+03
28230 1.473344e+03
28250 1.473344e+03
28261 1.473344e+03
28286 1.473344e+03
162772 1.472472e+03
163650 1.389917e+03
163798 1.382535e+03
163880 1.330912e+03
163904 1.328586e+03
163921 1.262224e+03
163941 1.221586e+03
163972 1.219931e+03
164015 1.125362e+03
164122 1.065291e+03
164478 1.003996e+03
164731 9.918035e+02
165070 9.772501e+02
165150 9.746980e+02
165230 9.396033e+02
165232 9.354428e+02
165501 9.278571e+02
165525 9.039795e+02
166301 9.030464e+02
166325 8.937748e+02
166387 8.910601e+02
166576 8.696423e+02
167091 8.654227e+02
167195 8.647492e+02
167220 8.630053e+02
167222 8.526724e+02
167265 8.517770e+02
167708 8.474609e+02
167760 8.417859e+02
168055 8.415798e+02
168057 8.374660e+02
168345 8.360946e+02
168423 8.355981e+02
168492 8.351458e+02
168508 8.314470e+02
168579 8.299461e+02
168911 8.283291e+02
168978 8.275829e+02
169131 8.268430e+02
169569 8.265081e+02
169621 8.264460e+02
169659 8.253852e+02
169728 8.249276e+02
169802 8.244984e+02
170150 8.238432e+02
170176 8.228387e+02
170454 8.222761e+02
170613 8.220327e+02
170739 8.217194e+02
170848 8.212334e+02
171265 8.212133e+02
171445 8.212019e+02
171511 8.211722e+02
171516 8.210634e+02
171530 8.205466e+02
171701 8.200280e+02
171786 8.198854e+02
171909 8.194759e+02
172059 8.194434e+02
172070 8.193592e+02
172220 8.192999e+02
172495 8.192469e+02
172527 8.191037e+02
172579 8.188328e+02
173086 8.186404e+02
173708 8.186291e+02
173772 8.186156e+02
173930 8.186132e+02
173959 8.185778e+02
174210 8.185636e+02
174242 8.185472e+02
174261 8.185293e+02
174305 8.185246e+02
174422 8.185101e+02
174563 8.184771e+02
174825 8.184697e+02
175160 8.184651e+02
175394 8.184636e+02
175506 8.184547e+02
175598 8.184538e+02
175738 8.184532e+02
175830 8.184502e+02
175842 8.184392e+02
176018 8.184358e+02
176104 8.184302e+02
176349 8.184288e+02
176380 8.184284e+02
176409 8.184262e+02
176504 8.184256e+02
176746 8.184240e+02
176748 8.184231e+02
176752 8.184229e+02
176760 8.184225e+02
176770 8.184221e+02
176842 8.184215e+02
176894 8.184214e+02
176910 8.184209e+02
176915 8.184206e+02
176979 8.184197e+02
177074 8.184186e+02
177082 8.184183e+02
177191 8.184178e+02
177304 8.184173e+02
177353 8.184172e+02
177391 8.184163e+02
177458 8.184162e+02
177544 8.184151e+02
177600 8.184138e+02
177956 8.184136e+02
178135 8.184133e+02
178262 8.184127e+02
178732 8.184127e+02
179177 8.184126e+02
179191 8.184123e+02
179353 8.184122e+02
179439 8.184122e+02
179508 8.184121e+02
179671 8.184121e+02
179709 8.184120e+02
179726 8.184120e+02
179797 8.184119e+02
179924 8.184119e+02
179989 8.184119e+02
180099 8.184118e+02
180131 8.184117e+02
180345 8.184117e+02
180438 8.184117e+02
180555 8.184117e+02
180577 8.184117e+02
180777 8.184116e+02
180963 8.184116e+02
181063 8.184116e+02
181147 8.184116e+02
181163 8.184116e+02
181237 8.184116e+02
181264 8.184116e+02
181494 8.184116e+02
181552 8.184116e+02
181741 8.184116e+02
181827 8.184115e+02
181851 8.184115e+02
181952 8.184115e+02
181990 8.184115e+02
182218 8.184115e+02
182302 8.184115e+02
182419 8.184115e+02
182443 8.184115e+02
182460 8.184115e+02
182647 8.184115e+02
182770 8.184115e+02
182785 8.184115e+02
182877 8.184115e+02
183048 8.184115e+02
183121 8.184115e+02
183198 8.184115e+02
183335 8.184115e+02
183341 8.184115e+02
183465 8.184115e+02
183647 8.184115e+02
183728 8.184115e+02
183789 8.184115e+02
183982 8.184115e+02
184014 8.184115e+02
184111 8.184115e+02
184152 8.184115e+02
184168 8.184115e+02
184286 8.184115e+02
184321 8.184115e+02
184438 8.184115e+02
184486 8.184115e+02
184646 8.184115e+02
184659 8.184115e+02
184680 8.184115e+02
184705 8.184115e+02
184824 8.184115e+02
185151 8.184115e+02
185302 8.184115e+02
185414 8.184115e+02
185501 8.184115e+02
185556 8.184115e+02
185960 8.184115e+02
186004 8.184115e+02
186017 8.184115e+02
186018 8.184115e+02
186075 8.184115e+02
186086 8.184115e+02
186120 8.184115e+02
186270 8.184115e+02
186362 8.184115e+02
186435 8.184115e+02
186667 8.184115e+02
186728 8.184115e+02
186868 8.184115e+02
186915 8.184115e+02
187047 8.184115e+02
187207 8.184115e+02
187312 8.184115e+02
187652 8.184115e+02
187729 8.184115e+02
187832 8.184115e+02
187915 8.184115e+02
187980 8.184115e+02
188091 8.184115e+02
188141 8.184115e+02
188156 8.184115e+02
188157 8.184115e+02
188221 8.184115e+02
188227 8.184115e+02
188305 8.184115e+02
188339 8.184115e+02
188373 8.184115e+02
188513 8.184115e+02
188587 8.184115e+02
188589 8.184115e+02
188614 8.184115e+02
188648 8.184115e+02
188769 8.184115e+02
188801 8.184115e+02
189116 8.184115e+02
189326 8.184115e+02
189436 8.184115e+02
189492 8.184115e+02
189540 8.184115e+02
189872 8.184115e+02
189965 8.184115e+02
189979 8.184115e+02
189987 8.184115e+02
190006 8.184115e+02
190106 8.184115e+02
190280 8.184115e+02
190353 8.184115e+02
190372 8.184115e+02
190423 8.184115e+02
190451 8.184115e+02
190484 8.184115e+02
190523 8.184115e+02
190537 8.184115e+02
190560 8.184115e+02
190875 8.184115e+02
190994 8.184115e+02
191028 8.184115e+02
191119 8.184115e+02
191135 8.184115e+02
191254 8.184115e+02
191258 8.184115e+02
191259 8.184115e+02
191603 8.184115e+02
192111 8.184115e+02
192276 8.184115e+02
192336 8.184115e+02
192441 8.184115e+02
