1 1.309225e+04
2 1.268174e+04
4 1.176059e+04
12 1.121505e+04
20 1.088445e+04
21 1.016240e+04
46 1.014737e+04
79 9.909312e+03
163 9.599050e+03
176 9.370149e+03
461 9.271540e+03
501 9.148653e+03
1116 9.108836e+03
1429 8.480770e+03
2208 8.036726e+03
6030 7.884433e+03
8494 7.384570e+03
9539 7.295810e+03
10280 6.464801e+03
10974 6.231562e+03
11063 5.348263e+03
11392 5.185249e+03
11407 4.949345e+03
11567 4.803388e+03
11656 4.530620e+03
11717 4.529939e+03
11725 4.385799e+03
11773 4.374460e+03
11783 4.341001e+03
11789 3.899665e+03
12007 3.661306e+03
12163 3.602491e+03
12169 3.593726e+03
12171 3.321029e+03
12212 3.095823e+03
12254 2.804595e+03
12316 2.803067e+03
12321 2.565800e+03
12423 2.360427e+03
12502 2.181951e+03
12538 2.108416e+03
12613 1.934210e+03
12654 1.860079e+03
12784 1.785076e+03
12840 1.690910e+03
12865 1.613839e+03
13002 1.585536e+03
13021 1.552182e+03
13040 1.533617e+03
13062 1.512333e+03
13094 1.434493e+03
13175 1.417411e+03
13255 1.410193e+03
13282 1.380427e+03
13314 1.329122e+03
13456 1.320801e+03
13462 1.286200e+03
13640 1.281924e+03
13669 1.263888e+03
13751 1.257171e+03
13797 1.256603e+03
13840 1.255358e+03
13857 1.254464e+03
13911 1.253695e+03
13938 1.243762e+03
13961 1.240170e+03
14045 1.239661e+03
14048 1.235929e+03
14190 1.234774e+03
14210 1.234151e+03
14216 1.232898e+03
14261 1.229737e+03
14329 1.229730e+03
14361 1.229472e+03
14470 1.228079e+03
14581 1.226709e+03
14748 1.226655e+03
14807 1.226366e+03
14855 1.225990e+03
14914 1.225975e+03
14921 1.224867e+03
14924 1.223772e+03
15219 1.223539e+03
15244 1.223394e+03
15304 1.223121e+03
15308 1.223021e+03
15338 1.222864e+03
15383 1.222753e+03
15482 1.222444e+03
15488 1.222401e+03
15540 1.221948e+03
15576 1.221324e+03
15805 1.221270e+03
15834 1.221124e+03
16028 1.221096e+03
16068 1.221031e+03
16088 1.220903e+03
16102 1.220833e+03
16143 1.220813e+03
16152 1.220813e+03
16199 1.220721e+03
16348 1.220713e+03
16425 1.220701e+03
16461 1.220674e+03
16524 1.220653e+03
16561 1.220651e+03
16594 1.220650e+03
16605 1.220649e+03
16612 1.220624e+03
16720 1.220616e+03
16765 1.220606e+03
16881 1.220599e+03
16919 1.220598e+03
16952 1.220597e+03
17079 1.220596e+03
17125 1.220594e+03
17196 1.220594e+03
17202 1.220593e+03
17206 1.220591e+03
17220 1.220591e+03
17232 1.220590e+03
17256 1.220584e+03
17349 1.220583e+03
17365 1.220583e+03
17396 1.220582e+03
17439 1.220580e+03
17459 1.220580e+03
17542 1.220580e+03
17544 1.220577e+03
17560 1.220576e+03
17577 1.220575e+03
17643 1.220574e+03
17736 1.220574e+03
17766 1.220574e+03
17781 1.220574e+03
17798 1.220573e+03
17859 1.220573e+03
17867 1.220572e+03
17870 1.220572e+03
18063 1.220572e+03
18077 1.220572e+03
18086 1.220572e+03
18096 1.220571e+03
18196 1.220571e+03
18217 1.220571e+03
18287 1.220571e+03
18411 1.220571e+03
18479 1.220571e+03
18721 1.220571e+03
18725 1.220571e+03
18779 1.220571e+03
18797 1.220571e+03
18828 1.220571e+03
18887 1.220571e+03
18898 1.220571e+03
18916 1.220570e+03
18949 1.220570e+03
19018 1.220570e+03
19055 1.220570e+03
19095 1.220570e+03
19231 1.220570e+03
19312 1.220570e+03
19328 1.220570e+03
19420 1.220570e+03
19444 1.220570e+03
19548 1.220570e+03
19592 1.220570e+03
19598 1.220570e+03
19611 1.220570e+03
19631 1.220570e+03
19639 1.220570e+03
19647 1.220570e+03
19691 1.220570e+03
19896 1.220570e+03
19929 1.220570e+03
19944 1.220570e+03
19946 1.220570e+03
19951 1.220570e+03
19983 1.220570e+03
19989 1.220570e+03
19990 1.220570e+03
20049 1.220570e+03
20052 1.220570e+03
20059 1.220570e+03
20099 1.220570e+03
20100 1.220570e+03
20119 1.220570e+03
20143 1.220570e+03
20189 1.220570e+03
20217 1.220570e+03
20300 1.220570e+03
20331 1.220570e+03
20354 1.220570e+03
20413 1.220570e+03
20462 1.220570e+03
20547 1.220570e+03
20567 1.220570e+03
20628 1.220570e+03
20630 1.220570e+03
20660 1.220570e+03
20675 1.220570e+03
20700 1.220570e+03
20718 1.220570e+03
20738 1.220570e+03
20878 1.220570e+03
20930 1.220570e+03
20961 1.220570e+03
20971 1.220570e+03
21008 1.220570e+03
21036 1.220570e+03
21166 1.220570e+03
21176 1.220570e+03
21201 1.220570e+03
21202 1.220570e+03
21264 1.220570e+03
21346 1.220570e+03
21351 1.220570e+03
21385 1.220570e+03
21392 1.220570e+03
21416 1.220570e+03
21477 1.220570e+03
21493 1.220570e+03
21598 1.220570e+03
21699 1.220570e+03
21776 1.220570e+03
21793 1.220570e+03
21876 1.220570e+03
21930 1.220570e+03
22052 1.220570e+03
22079 1.220570e+03
22101 1.220570e+03
22126 1.220570e+03
22133 1.220570e+03
22145 1.220570e+03
22194 1.220570e+03
22244 1.220570e+03
22337 1.220570e+03
22436 1.220570e+03
22460 1.220570e+03
22468 1.220570e+03
22472 1.220570e+03
22716 1.220570e+03
22787 1.220570e+03
22858 1.220570e+03
22899 1.220570e+03
22960 1.220570e+03
22986 1.220570e+03
23077 1.220570e+03
23109 1.220570e+03
23117 1.220570e+03
23166 1.220570e+03
23254 1.220570e+03
23257 1.220570e+03
23330 1.220570e+03
23331 1.220570e+03
23352 1.220570e+03
23401 1.220570e+03
23620 1.220570e+03
23626 1.220570e+03
23739 1.220570e+03
23767 1.220570e+03
23796 1.220570e+03
23807 1.220570e+03
23832 1.220570e+03
23875 1.220570e+03
23964 1.220570e+03
24009 1.220570e+03
24029 1.220570e+03
24034 1.220570e+03
24056 1.220570e+03
24115 1.220570e+03
24129 1.220570e+03
24242 1.220570e+03
24264 1.220570e+03
24401 1.220570e+03
24402 1.220570e+03
24498 1.220570e+03
24563 1.220570e+03
147672 1.087191e+03
147970 9.762949e+02
148087 8.957434e+02
148448 8.347072e+02
148618 8.123168e+02
148864 8.055992e+02
148935 7.650252e+02
148954 7.272026e+02
149043 7.148203e+02
149147 7.003000e+02
149308 6.950794e+02
149472 6.950453e+02
149490 6.808080e+02
149507 6.754043e+02
149555 6.469986e+02
149698 6.304144e+02
150160 6.170996e+02
150534 6.130937e+02
150737 6.077376e+02
150842 5.970599e+02
150936 5.967982e+02
150947 5.943296e+02
150993 5.913337e+02
151068 5.860040e+02
151345 5.859541e+02
151458 5.842820e+02
151463 5.819504e+02
151555 5.819232e+02
151564 5.777255e+02
151620 5.757823e+02
151742 5.728269e+02
152363 5.715370e+02
152561 5.657626e+02
153141 5.653026e+02
153184 5.650935e+02
153198 5.642969e+02
153485 5.642741e+02
153535 5.632563e+02
153645 5.626567e+02
153754 5.618251e+02
154188 5.617850e+02
154319 5.615402e+02
154702 5.614632e+02
154909 5.613680e+02
154957 5.613614e+02
154984 5.613308e+02
154989 5.613300e+02
154994 5.612758e+02
155021 5.612349e+02
155179 5.612194e+02
155256 5.611992e+02
155275 5.611942e+02
155308 5.608661e+02
155928 5.608061e+02
156102 5.607789e+02
156175 5.607373e+02
156244 5.606920e+02
156535 5.606471e+02
156756 5.606465e+02
156762 5.606381e+02
156767 5.606043e+02
156922 5.605843e+02
157062 5.605786e+02
157155 5.605771e+02
157164 5.605596e+02
157251 5.605567e+02
157369 5.605549e+02
157587 5.605455e+02
157824 5.605410e+02
157935 5.605399e+02
158087 5.605346e+02
158254 5.605320e+02
158257 5.605276e+02
158365 5.605222e+02
158614 5.605197e+02
158664 5.605179e+02
158808 5.605159e+02
158912 5.605155e+02
158995 5.605145e+02
159150 5.605107e+02
159453 5.605091e+02
159464 5.605084e+02
159507 5.605084e+02
159554 5.605076e+02
159558 5.605068e+02
159586 5.605067e+02
159757 5.605066e+02
159802 5.605059e+02
159908 5.605022e+02
160208 5.605021e+02
160329 5.605020e+02
160637 5.605015e+02
160725 5.605009e+02
160744 5.604999e+02
161178 5.604997e+02
161180 5.604997e+02
161274 5.604996e+02
161347 5.604993e+02
161738 5.604993e+02
161794 5.604992e+02
161837 5.604991e+02
162007 5.604991e+02
162064 5.604991e+02
162150 5.604988e+02
162262 5.604988e+02
162535 5.604987e+02
162584 5.604987e+02
162699 5.604987e+02
162701 5.604986e+02
162819 5.604986e+02
162852 5.604986e+02
162933 5.604985e+02
163091 5.604985e+02
163251 5.604985e+02
163276 5.604984e+02
163753 5.604984e+02
163768 5.604984e+02
163856 5.604984e+02
163908 5.604984e+02
164201 5.604984e+02
164228 5.604984e+02
164266 5.604984e+02
164268 5.604984e+02
164335 5.604984e+02
164391 5.604984e+02
164786 5.604984e+02
164898 5.604984e+02
164930 5.604984e+02
165058 5.604984e+02
165078 5.604984e+02
165109 5.604983e+02
165253 5.604983e+02
165258 5.604983e+02
165439 5.604983e+02
165710 5.604983e+02
165711 5.604983e+02
165783 5.604983e+02
165942 5.604983e+02
165954 5.604983e+02
166043 5.604983e+02
166125 5.604983e+02
166180 5.604983e+02
166365 5.604983e+02
166426 5.604983e+02
166462 5.604983e+02
166553 5.604983e+02
166706 5.604983e+02
166713 5.604983e+02
166976 5.604983e+02
167217 5.604983e+02
167249 5.604983e+02
167269 5.604983e+02
167365 5.604983e+02
168257 5.604983e+02
168316 5.604983e+02
168564 5.604983e+02
168577 5.604983e+02
168629 5.604983e+02
168721 5.604983e+02
168981 5.604983e+02
169075 5.604983e+02
169132 5.604983e+02
169189 5.604983e+02
169267 5.604983e+02
169396 5.604983e+02
169622 5.604983e+02
169682 5.604983e+02
169704 5.604983e+02
169711 5.604983e+02
170078 5.604983e+02
170119 5.604983e+02
170170 5.604983e+02
170226 5.604983e+02
170285 5.604983e+02
170365 5.604983e+02
170382 5.604983e+02
170597 5.604983e+02
170747 5.604983e+02
170749 5.604983e+02
170833 5.604983e+02
171025 5.604983e+02
171038 5.604983e+02
171238 5.604983e+02
171249 5.604983e+02
171293 5.604983e+02
171530 5.604983e+02
171640 5.604983e+02
171658 5.604983e+02
171799 5.604983e+02
171875 5.604983e+02
172013 5.604983e+02
172055 5.604983e+02
172082 5.604983e+02
172085 5.604983e+02
172111 5.604983e+02
172128 5.604983e+02
172200 5.604983e+02
172206 5.604983e+02
172334 5.604983e+02
172429 5.604983e+02
172506 5.604983e+02
172566 5.604983e+02
172569 5.604983e+02
172606 5.604983e+02
172687 5.604983e+02
172803 5.604983e+02
172822 5.604983e+02
172877 5.604983e+02
172891 5.604983e+02
173051 5.604983e+02
173087 5.604983e+02
173113 5.604983e+02
173121 5.604983e+02
173162 5.604983e+02
173174 5.604983e+02
173321 5.604983e+02
173342 5.604983e+02
173466 5.604983e+02
173472 5.604983e+02
173515 5.604983e+02
173536 5.604983e+02
173722 5.604983e+02
173769 5.604983e+02
173993 5.604983e+02
174044 5.604983e+02
174088 5.604983e+02
174156 5.604983e+02
174203 5.604983e+02
174235 5.604983e+02
174378 5.604983e+02
174444 5.604983e+02
174815 5.604983e+02
174904 5.604983e+02
174928 5.604983e+02
174999 5.604983e+02
175016 5.604983e+02
175106 5.604983e+02
175117 5.604983e+02
175322 5.604983e+02
175446 5.604983e+02
175555 5.604983e+02
175592 5.604983e+02
175616 5.604983e+02
175633 5.604983e+02
175648 5.604983e+02
175653 5.604983e+02
175679 5.604983e+02
175784 5.604983e+02
241135 5.398809e+02
241408 5.267631e+02
241616 5.169677e+02
241847 5.119771e+02
242051 4.936200e+02
242566 4.905891e+02
242607 4.653451e+02
242970 4.640118e+02
243811 4.486905e+02
243888 4.481950e+02
243992 4.449655e+02
244043 4.428130e+02
244192 4.350013e+02
244879 4.327942e+02
244969 4.327674e+02
245049 4.326804e+02
245122 4.305136e+02
245146 4.287790e+02
245210 4.251678e+02
245458 4.250886e+02
245551 4.236251e+02
245565 4.200094e+02
246261 4.163690e+02
246440 4.131802e+02
247550 4.129793e+02
247605 4.114820e+02
247739 4.112692e+02
247799 4.111920e+02
248005 4.107195e+02
248187 4.106035e+02
248230 4.104431e+02
248266 4.099627e+02
248329 4.096691e+02
248583 4.086154e+02
248657 4.082500e+02
248710 4.081143e+02
248816 4.064879e+02
249255 4.063895e+02
249428 4.061511e+02
249688 4.055875e+02
249781 4.051571e+02
250223 4.051294e+02
250328 4.051136e+02
250402 4.050848e+02
250506 4.046426e+02
250594 4.045970e+02
250600 4.044971e+02
250655 4.043521e+02
250855 4.041900e+02
251041 4.041868e+02
251053 4.040717e+02
251243 4.038678e+02
251319 4.038584e+02
251585 4.037381e+02
252007 4.035224e+02
252029 4.034495e+02
252397 4.031162e+02
253378 4.031076e+02
253445 4.030942e+02
253846 4.030097e+02
254403 4.029172e+02
254687 4.029007e+02
254997 4.028971e+02
255046 4.028820e+02
255087 4.028588e+02
255252 4.028453e+02
255413 4.028375e+02
255621 4.028110e+02
255781 4.027995e+02
256582 4.027893e+02
256755 4.027721e+02
256993 4.027604e+02
257213 4.027569e+02
257480 4.027561e+02
257824 4.027544e+02
258004 4.027520e+02
258100 4.027472e+02
258239 4.027470e+02
258433 4.027470e+02
258626 4.027430e+02
258743 4.027425e+02
258989 4.027417e+02
259114 4.027385e+02
259347 4.027384e+02
259436 4.027381e+02
259817 4.027377e+02
259821 4.027366e+02
260198 4.027358e+02
260467 4.027354e+02
260604 4.027346e+02
260917 4.027337e+02
261060 4.027335e+02
261340 4.027333e+02
261510 4.027329e+02
261563 4.027326e+02
261623 4.027325e+02
262069 4.027320e+02
262553 4.027317e+02
262661 4.027317e+02
262808 4.027314e+02
263534 4.027314e+02
263548 4.027313e+02
263623 4.027313e+02
263922 4.027312e+02
264029 4.027310e+02
264145 4.027310e+02
264405 4.027310e+02
264561 4.027310e+02
264588 4.027310e+02
264602 4.027309e+02
264826 4.027309e+02
264945 4.027309e+02
265036 4.027309e+02
265045 4.027308e+02
265135 4.027308e+02
265258 4.027308e+02
265427 4.027308e+02
265539 4.027308e+02
265603 4.027308e+02
265731 4.027307e+02
265956 4.027307e+02
266082 4.027307e+02
266128 4.027307e+02
266142 4.027307e+02
266171 4.027307e+02
266230 4.027307e+02
266238 4.027307e+02
266278 4.027307e+02
266629 4.027307e+02
266715 4.027306e+02
266784 4.027306e+02
267087 4.027306e+02
267450 4.027306e+02
267637 4.027306e+02
267654 4.027306e+02
267768 4.027306e+02
268044 4.027306e+02
268173 4.027306e+02
268284 4.027306e+02
268388 4.027306e+02
268394 4.027306e+02
268486 4.027306e+02
268624 4.027306e+02
268721 4.027306e+02
268725 4.027306e+02
268835 4.027306e+02
269096 4.027306e+02
269243 4.027306e+02
269403 4.027306e+02
269408 4.027306e+02
269858 4.027306e+02
269859 4.027306e+02
269934 4.027306e+02
270081 4.027306e+02
271049 4.027306e+02
271104 4.027306e+02
271165 4.027306e+02
271473 4.027306e+02
271795 4.027306e+02
271883 4.027306e+02
272007 4.027306e+02
272023 4.027306e+02
272037 4.027306e+02
272159 4.027306e+02
272339 4.027306e+02
272536 4.027306e+02
272630 4.027306e+02
272666 4.027306e+02
273136 4.027306e+02
273223 4.027306e+02
273418 4.027306e+02
273435 4.027306e+02
273624 4.027306e+02
273698 4.027306e+02
273985 4.027306e+02
274023 4.027306e+02
274247 4.027306e+02
274411 4.027306e+02
275091 4.027306e+02
275312 4.027306e+02
275573 4.027306e+02
275867 4.027306e+02
276220 4.027306e+02
277011 4.027306e+02
277116 4.027306e+02
277399 4.027306e+02
277808 4.027306e+02
277923 4.027306e+02
278007 4.027306e+02
278235 4.027306e+02
278349 4.027306e+02
278822 4.027306e+02
279405 4.027306e+02
279422 4.027306e+02
279819 4.027306e+02
280311 4.027306e+02
280320 4.027306e+02
280344 4.027306e+02
280473 4.027306e+02
280648 4.027306e+02
280805 4.027306e+02
280855 4.027306e+02
281288 4.027306e+02
281479 4.027306e+02
281657 4.027306e+02
281806 4.027306e+02
281838 4.027306e+02
282293 4.027306e+02
282589 4.027306e+02
282679 4.027306e+02
282860 4.027306e+02
282958 4.027306e+02
283183 4.027306e+02
283431 4.027306e+02
283475 4.027306e+02
283694 4.027306e+02
284022 4.027306e+02
284130 4.027306e+02
284208 4.027306e+02
284240 4.027306e+02
284302 4.027306e+02
284356 4.027306e+02
284635 4.027306e+02
284717 4.027306e+02
284726 4.027306e+02
284823 4.027306e+02
285013 4.027306e+02
285595 4.027306e+02
286007 4.027306e+02
286617 4.027306e+02
286640 4.027306e+02
286765 4.027306e+02
286799 4.027306e+02
286907 4.027306e+02
286953 4.027306e+02
287042 4.027306e+02
