1 1.236708e+04
2 1.071795e+04
23 1.019657e+04
50 9.582690e+03
455 9.559799e+03
546 9.333845e+03
592 9.303576e+03
642 8.480777e+03
3495 8.385225e+03
4177 7.563948e+03
5799 7.399560e+03
6161 7.112153e+03
6178 6.874916e+03
6291 6.691989e+03
6572 6.326490e+03
6847 5.928707e+03
6984 5.399769e+03
7385 5.336643e+03
7390 5.106024e+03
7439 4.846814e+03
7523 4.621498e+03
7542 4.580625e+03
7726 4.573685e+03
7730 4.009819e+03
7903 3.920828e+03
7933 3.871440e+03
7991 3.158365e+03
8048 3.130723e+03
8071 3.094102e+03
8107 2.545516e+03
8219 2.239867e+03
8582 2.189702e+03
8626 2.164040e+03
8627 2.148442e+03
8643 2.098589e+03
8688 2.095243e+03
8702 2.066149e+03
8847 2.060569e+03
8878 2.032146e+03
8898 2.024433e+03
8951 2.001717e+03
8957 1.996692e+03
9009 1.996592e+03
9014 1.979964e+03
9021 1.979377e+03
9038 1.942066e+03
9116 1.941231e+03
9189 1.931751e+03
9253 1.929423e+03
9329 1.920192e+03
9406 1.909473e+03
9439 1.897333e+03
9467 1.889452e+03
9513 1.888125e+03
9627 1.884368e+03
9690 1.884117e+03
9723 1.884013e+03
9732 1.869591e+03
9845 1.867939e+03
9889 1.867722e+03
9893 1.866036e+03
9994 1.865274e+03
10109 1.862991e+03
10153 1.859547e+03
10186 1.858679e+03
10401 1.858382e+03
10404 1.856689e+03
10526 1.856053e+03
10617 1.854743e+03
10785 1.854565e+03
10791 1.853450e+03
10841 1.852637e+03
10965 1.852543e+03
11014 1.852332e+03
11083 1.851949e+03
11154 1.851509e+03
11157 1.851482e+03
11282 1.851281e+03
11298 1.851119e+03
11429 1.851045e+03
11473 1.850844e+03
11506 1.850842e+03
11558 1.850739e+03
11592 1.850628e+03
11732 1.850616e+03
11770 1.850590e+03
11830 1.850586e+03
11833 1.850579e+03
11845 1.850528e+03
11949 1.850474e+03
11989 1.850469e+03
12083 1.850464e+03
12117 1.850437e+03
12209 1.850406e+03
12217 1.850406e+03
12225 1.850396e+03
12246 1.850373e+03
12285 1.850367e+03
12294 1.850359e+03
12296 1.850346e+03
12307 1.850337e+03
12413 1.850321e+03
12489 1.850318e+03
12490 1.850316e+03
12493 1.850310e+03
12496 1.850302e+03
12539 1.850286e+03
12700 1.850275e+03
12852 1.850274e+03
12853 1.850267e+03
12925 1.850267e+03
12944 1.850267e+03
12956 1.850264e+03
12967 1.850264e+03
13022 1.850264e+03
13049 1.850262e+03
13084 1.850262e+03
13093 1.850261e+03
13099 1.850261e+03
13101 1.850261e+03
13111 1.850260e+03
13154 1.850260e+03
13174 1.850260e+03
13198 1.850259e+03
13200 1.850257e+03
13244 1.850256e+03
13287 1.850256e+03
13293 1.850255e+03
13358 1.850254e+03
13385 1.850254e+03
13415 1.850253e+03
13463 1.850253e+03
13473 1.850253e+03
13534 1.850253e+03
13552 1.850253e+03
13555 1.850252e+03
13643 1.850252e+03
13703 1.850252e+03
13731 1.850252e+03
13751 1.850251e+03
13838 1.850251e+03
13895 1.850251e+03
13942 1.850251e+03
13979 1.850251e+03
14002 1.850251e+03
14028 1.850251e+03
14031 1.850251e+03
14060 1.850251e+03
14064 1.850251e+03
14065 1.850251e+03
14129 1.850250e+03
14209 1.850250e+03
14297 1.850250e+03
14345 1.850250e+03
14379 1.850250e+03
14441 1.850250e+03
14483 1.850250e+03
14516 1.850250e+03
14600 1.850250e+03
14621 1.850250e+03
14654 1.850250e+03
14678 1.850250e+03
14722 1.850250e+03
14778 1.850250e+03
14809 1.850250e+03
14835 1.850250e+03
14891 1.850250e+03
14926 1.850250e+03
14965 1.850250e+03
14974 1.850250e+03
14979 1.850250e+03
15085 1.850250e+03
15099 1.850250e+03
15100 1.850250e+03
15166 1.850250e+03
15228 1.850250e+03
15238 1.850250e+03
15254 1.850250e+03
15282 1.850250e+03
15283 1.850250e+03
15307 1.850250e+03
15370 1.850250e+03
15374 1.850250e+03
15420 1.850250e+03
15445 1.850250e+03
15461 1.850250e+03
15552 1.850250e+03
15558 1.850250e+03
15670 1.850250e+03
15716 1.850250e+03
15755 1.850250e+03
15850 1.850250e+03
15945 1.850250e+03
15971 1.850250e+03
15985 1.850250e+03
16007 1.850250e+03
16027 1.850250e+03
16030 1.850250e+03
16097 1.850250e+03
16124 1.850250e+03
16170 1.850250e+03
16197 1.850250e+03
16232 1.850250e+03
16290 1.850250e+03
16300 1.850250e+03
16346 1.850250e+03
16357 1.850250e+03
16364 1.850250e+03
16414 1.850250e+03
16479 1.850250e+03
16642 1.850250e+03
16704 1.850250e+03
16736 1.850250e+03
16749 1.850250e+03
16763 1.850250e+03
16769 1.850250e+03
16844 1.850250e+03
16853 1.850250e+03
16921 1.850250e+03
16964 1.850250e+03
16971 1.850250e+03
17068 1.850250e+03
17069 1.850250e+03
17077 1.850250e+03
17102 1.850250e+03
17203 1.850250e+03
17234 1.850250e+03
17268 1.850250e+03
17270 1.850250e+03
17286 1.850250e+03
17288 1.850250e+03
17316 1.850250e+03
17387 1.850250e+03
17484 1.850250e+03
17567 1.850250e+03
17584 1.850250e+03
17672 1.850250e+03
17716 1.850250e+03
17771 1.850250e+03
17788 1.850250e+03
17795 1.850250e+03
17804 1.850250e+03
17902 1.850250e+03
17921 1.850250e+03
17956 1.850250e+03
18035 1.850250e+03
18049 1.850250e+03
18146 1.850250e+03
18151 1.850250e+03
18202 1.850250e+03
18395 1.850250e+03
18438 1.850250e+03
18439 1.850250e+03
18489 1.850250e+03
18615 1.850250e+03
18618 1.850250e+03
18697 1.850250e+03
18735 1.850250e+03
18737 1.850250e+03
18809 1.850250e+03
18812 1.850250e+03
18830 1.850250e+03
18935 1.850250e+03
18937 1.850250e+03
18983 1.850250e+03
18997 1.850250e+03
19257 1.850250e+03
19259 1.850250e+03
19278 1.850250e+03
19555 1.850250e+03
19586 1.850250e+03
19595 1.850250e+03
19597 1.850250e+03
19769 1.850250e+03
19798 1.850250e+03
19815 1.850250e+03
19822 1.850250e+03
19849 1.850250e+03
19851 1.850250e+03
102787 1.820207e+03
102788 1.806927e+03
102881 1.804591e+03
102938 1.785385e+03
103032 1.771543e+03
103144 1.732839e+03
103808 1.726640e+03
103826 1.724983e+03
104120 1.721559e+03
104171 1.719291e+03
104179 1.714117e+03
104331 1.709220e+03
104601 1.708297e+03
104721 1.707988e+03
104809 1.707616e+03
104866 1.707128e+03
104902 1.706023e+03
105066 1.704560e+03
105071 1.701986e+03
105126 1.701378e+03
105479 1.700932e+03
105509 1.699598e+03
105583 1.698809e+03
105664 1.698194e+03
105681 1.698159e+03
105763 1.696769e+03
106118 1.696519e+03
106120 1.695669e+03
106303 1.695006e+03
106311 1.694823e+03
106405 1.694399e+03
106674 1.693398e+03
106737 1.692517e+03
106941 1.692464e+03
106958 1.692374e+03
107312 1.691645e+03
107385 1.691386e+03
107591 1.690629e+03
108143 1.690387e+03
108242 1.690078e+03
108243 1.689973e+03
108681 1.689665e+03
108775 1.689649e+03
109537 1.689437e+03
109639 1.689319e+03
109713 1.689248e+03
109754 1.689167e+03
109781 1.688976e+03
109799 1.688706e+03
110088 1.688612e+03
110098 1.688423e+03
110297 1.688396e+03
110477 1.688261e+03
110966 1.688211e+03
111105 1.688180e+03
111379 1.688174e+03
111505 1.688173e+03
111535 1.688137e+03
111544 1.688129e+03
111550 1.688124e+03
111590 1.688022e+03
111853 1.688004e+03
112068 1.687953e+03
112272 1.687933e+03
112436 1.687922e+03
112768 1.687918e+03
112869 1.687883e+03
113099 1.687878e+03
113100 1.687864e+03
113125 1.687853e+03
113158 1.687853e+03
113162 1.687823e+03
113245 1.687814e+03
113261 1.687798e+03
113380 1.687789e+03
113487 1.687778e+03
113499 1.687762e+03
113733 1.687759e+03
113743 1.687755e+03
113767 1.687735e+03
113883 1.687728e+03
113890 1.687717e+03
113988 1.687716e+03
114017 1.687688e+03
114279 1.687688e+03
114661 1.687687e+03
114761 1.687682e+03
114912 1.687675e+03
115088 1.687672e+03
115099 1.687665e+03
115126 1.687661e+03
115627 1.687661e+03
115667 1.687654e+03
115718 1.687650e+03
115814 1.687642e+03
115931 1.687640e+03
115999 1.687634e+03
116148 1.687633e+03
116176 1.687627e+03
116230 1.687625e+03
116593 1.687622e+03
116841 1.687622e+03
116879 1.687621e+03
116885 1.687619e+03
116893 1.687618e+03
116930 1.687613e+03
117154 1.687607e+03
117197 1.687605e+03
117283 1.687599e+03
117656 1.687597e+03
117764 1.687594e+03
117804 1.687591e+03
117943 1.687589e+03
118010 1.687588e+03
118072 1.687588e+03
118472 1.687588e+03
118766 1.687586e+03
118767 1.687585e+03
118962 1.687583e+03
119043 1.687583e+03
119152 1.687581e+03
119406 1.687579e+03
119653 1.687579e+03
119859 1.687578e+03
119954 1.687578e+03
119956 1.687577e+03
120159 1.687576e+03
120188 1.687576e+03
120205 1.687575e+03
120330 1.687575e+03
120359 1.687574e+03
120487 1.687574e+03
120702 1.687573e+03
120913 1.687573e+03
121094 1.687572e+03
121171 1.687572e+03
121200 1.687572e+03
121312 1.687571e+03
121317 1.687571e+03
121404 1.687571e+03
121715 1.687571e+03
121745 1.687571e+03
121780 1.687570e+03
122319 1.687570e+03
122351 1.687570e+03
122576 1.687570e+03
122790 1.687570e+03
122919 1.687570e+03
122933 1.687569e+03
122940 1.687569e+03
122950 1.687569e+03
123352 1.687569e+03
123364 1.687568e+03
123785 1.687568e+03
123883 1.687568e+03
124008 1.687568e+03
124610 1.687568e+03
124650 1.687568e+03
124695 1.687568e+03
124783 1.687567e+03
124874 1.687567e+03
124998 1.687567e+03
125016 1.687567e+03
125087 1.687567e+03
125109 1.687567e+03
125138 1.687567e+03
125268 1.687567e+03
125400 1.687567e+03
126436 1.687567e+03
126513 1.687567e+03
126792 1.687567e+03
126956 1.687567e+03
127258 1.687567e+03
127296 1.687567e+03
127333 1.687567e+03
127684 1.687567e+03
127766 1.687567e+03
127885 1.687567e+03
127899 1.687566e+03
128257 1.687566e+03
128426 1.687566e+03
128440 1.687566e+03
128696 1.687566e+03
128890 1.687566e+03
128967 1.687566e+03
129501 1.687566e+03
129635 1.687566e+03
129687 1.687566e+03
130039 1.687566e+03
130238 1.687566e+03
130524 1.687566e+03
130573 1.687566e+03
130580 1.687566e+03
130710 1.687566e+03
130867 1.687566e+03
130922 1.687566e+03
130973 1.687566e+03
131015 1.687566e+03
131181 1.687566e+03
131464 1.687566e+03
131486 1.687566e+03
131696 1.687566e+03
131823 1.687566e+03
131900 1.687566e+03
131997 1.687566e+03
132002 1.687566e+03
132074 1.687566e+03
132382 1.687566e+03
132554 1.687566e+03
132635 1.687566e+03
132657 1.687566e+03
132736 1.687566e+03
132769 1.687566e+03
132833 1.687566e+03
133026 1.687566e+03
133064 1.687566e+03
133213 1.687566e+03
133334 1.687566e+03
133375 1.687566e+03
133546 1.687566e+03
133629 1.687566e+03
133760 1.687566e+03
133769 1.687566e+03
133987 1.687566e+03
134038 1.687566e+03
134091 1.687566e+03
134156 1.687566e+03
134402 1.687566e+03
134497 1.687566e+03
134539 1.687566e+03
134630 1.687566e+03
134757 1.687566e+03
134853 1.687566e+03
135088 1.687566e+03
135462 1.687566e+03
135618 1.687566e+03
135886 1.687566e+03
136227 1.687566e+03
136296 1.687566e+03
136479 1.687566e+03
136560 1.687566e+03
136568 1.687566e+03
136849 1.687566e+03
137032 1.687566e+03
137180 1.687566e+03
137263 1.687566e+03
138227 1.687566e+03
138240 1.687566e+03
138703 1.687566e+03
138841 1.687566e+03
138948 1.687566e+03
138954 1.687566e+03
139028 1.687566e+03
139202 1.687566e+03
139327 1.687566e+03
139385 1.687566e+03
139541 1.687566e+03
139864 1.687566e+03
140163 1.687566e+03
140335 1.687566e+03
140344 1.687566e+03
140568 1.687566e+03
140601 1.687566e+03
140678 1.687566e+03
140699 1.687566e+03
140919 1.687566e+03
140944 1.687566e+03
141059 1.687566e+03
141291 1.687566e+03
141317 1.687566e+03
141422 1.687566e+03
141547 1.687566e+03
142064 1.687566e+03
142116 1.687566e+03
142151 1.687566e+03
142331 1.687566e+03
142369 1.687566e+03
142422 1.687566e+03
142493 1.687566e+03
142519 1.687566e+03
142726 1.687566e+03
142976 1.687566e+03
143221 1.687566e+03
143318 1.687566e+03
143552 1.687566e+03
143592 1.687566e+03
143618 1.687566e+03
143642 1.687566e+03
143875 1.687566e+03
144160 1.687566e+03
144283 1.687566e+03
145674 1.687566e+03
145975 1.687566e+03
145989 1.687566e+03
146009 1.687566e+03
146125 1.687566e+03
146223 1.687566e+03
146250 1.687566e+03
146445 1.687566e+03
146475 1.687566e+03
146577 1.687566e+03
146702 1.687566e+03
146729 1.687566e+03
146941 1.687566e+03
147073 1.687566e+03
147220 1.687566e+03
147348 1.687566e+03
147467 1.687566e+03
147592 1.687566e+03
147710 1.687566e+03
147719 1.687566e+03
147754 1.687566e+03
147790 1.687566e+03
147868 1.687566e+03
148221 1.687566e+03
148325 1.687566e+03
148345 1.687566e+03
148380 1.687566e+03
148451 1.687566e+03
148458 1.687566e+03
148460 1.687566e+03
148470 1.687566e+03
148479 1.687566e+03
148615 1.687566e+03
148696 1.687566e+03
149058 1.687566e+03
149259 1.687566e+03
149313 1.687566e+03
149412 1.687566e+03
149452 1.687566e+03
149521 1.687566e+03
149652 1.687566e+03
149730 1.687566e+03
149761 1.687566e+03
149803 1.687566e+03
149921 1.687566e+03
150032 1.687566e+03
150099 1.687566e+03
150200 1.687566e+03
150353 1.687566e+03
150382 1.687566e+03
150453 1.687566e+03
150463 1.687566e+03
150700 1.687566e+03
150728 1.687566e+03
150818 1.687566e+03
151145 1.687566e+03
151547 1.687566e+03
151657 1.687566e+03
152007 1.687566e+03
152120 1.687566e+03
152565 1.687566e+03
152975 1.687566e+03
153145 1.687566e+03
153182 1.687566e+03
153537 1.687566e+03
153667 1.687566e+03
153707 1.687566e+03
153795 1.687566e+03
153802 1.687566e+03
153975 1.687566e+03
153983 1.687566e+03
154005 1.687566e+03
154370 1.687566e+03
154542 1.687566e+03
154548 1.687566e+03
154690 1.687566e+03
154874 1.687566e+03
155366 1.687566e+03
155921 1.687566e+03
155966 1.687566e+03
156189 1.687566e+03
156232 1.687566e+03
156267 1.687566e+03
156979 1.687566e+03
157077 1.687566e+03
157612 1.687566e+03
157662 1.687566e+03
157699 1.687566e+03
157799 1.687566e+03
157959 1.687566e+03
158050 1.687566e+03
158061 1.687566e+03
158175 1.687566e+03
158216 1.687566e+03
158226 1.687566e+03
158266 1.687566e+03
158285 1.687566e+03
158433 1.687566e+03
158471 1.687566e+03
158606 1.687566e+03
158640 1.687566e+03
158773 1.687566e+03
158853 1.687566e+03
158994 1.687566e+03
159168 1.687566e+03
159171 1.687566e+03
159220 1.687566e+03
159402 1.687566e+03
159451 1.687566e+03
159504 1.687566e+03
159597 1.687566e+03
159672 1.687566e+03
159829 1.687566e+03
160317 1.687566e+03
160345 1.687566e+03
160466 1.687566e+03
160472 1.687566e+03
160473 1.687566e+03
160688 1.687566e+03
160810 1.687566e+03
160970 1.687566e+03
161084 1.687566e+03
161303 1.687566e+03
161480 1.687566e+03
161592 1.687566e+03
161635 1.687566e+03
161749 1.687566e+03
161769 1.687566e+03
161819 1.687566e+03
161994 1.687566e+03
162030 1.687566e+03
162039 1.687566e+03
162325 1.687566e+03
162332 1.687566e+03
162344 1.687566e+03
162395 1.687566e+03
162493 1.687566e+03
162571 1.687566e+03
162614 1.687566e+03
162973 1.687566e+03
163168 1.687566e+03
163229 1.687566e+03
163350 1.687566e+03
163466 1.687566e+03
163566 1.687566e+03
163744 1.687566e+03
163752 1.687566e+03
163879 1.687566e+03
163908 1.687566e+03
163983 1.687566e+03
164018 1.687566e+03
195899 1.613250e+03
196224 1.537280e+03
196641 1.504788e+03
196696 1.368379e+03
196944 1.315515e+03
197087 1.304142e+03
197162 1.274954e+03
197178 1.170803e+03
197434 1.159882e+03
197649 1.103572e+03
197653 1.090885e+03
198099 1.064910e+03
198465 1.042461e+03
198704 1.027018e+03
198747 1.023472e+03
198804 9.932879e+02
198901 9.630744e+02
199159 9.621802e+02
199246 9.617068e+02
199257 9.592460e+02
199299 9.571892e+02
199397 9.567724e+02
199434 9.359801e+02
199506 9.261963e+02
199648 9.215676e+02
199970 9.208641e+02
200063 9.139922e+02
200287 9.119451e+02
200495 9.088065e+02
200525 9.054123e+02
200563 9.043150e+02
200643 9.031679e+02
200667 8.992497e+02
201359 8.952208e+02
201694 8.946228e+02
201754 8.945022e+02
201809 8.929727e+02
201927 8.912659e+02
202039 8.911264e+02
202159 8.905143e+02
202270 8.898941e+02
202424 8.898202e+02
202442 8.887863e+02
202893 8.885094e+02
202989 8.880331e+02
203039 8.872383e+02
203304 8.870461e+02
203385 8.864107e+02
203542 8.862497e+02
203551 8.862487e+02
203792 8.860977e+02
203895 8.860542e+02
203908 8.859453e+02
203934 8.857123e+02
204029 8.854108e+02
204117 8.854093e+02
204216 8.853202e+02
204442 8.850631e+02
204709 8.850293e+02
204735 8.850198e+02
204884 8.849374e+02
204906 8.849312e+02
204979 8.848895e+02
205060 8.848642e+02
205094 8.847476e+02
205223 8.847179e+02
205271 8.847092e+02
205445 8.847030e+02
205570 8.846635e+02
205724 8.846447e+02
205856 8.845954e+02
206061 8.845737e+02
206359 8.845422e+02
206714 8.845407e+02
206809 8.845368e+02
206906 8.845327e+02
206910 8.845315e+02
206947 8.845301e+02
207026 8.845226e+02
207424 8.845188e+02
207585 8.845166e+02
207602 8.845148e+02
207643 8.845094e+02
207930 8.845025e+02
208230 8.845019e+02
208320 8.844955e+02
208531 8.844919e+02
208610 8.844911e+02
208788 8.844909e+02
209020 8.844889e+02
209109 8.844887e+02
209122 8.844885e+02
209176 8.844858e+02
209453 8.844858e+02
209479 8.844855e+02
209600 8.844844e+02
209682 8.844837e+02
209875 8.844835e+02
209940 8.844832e+02
210047 8.844831e+02
210075 8.844830e+02
210123 8.844827e+02
210131 8.844826e+02
210163 8.844825e+02
210266 8.844823e+02
210278 8.844822e+02
210385 8.844821e+02
210567 8.844821e+02
210649 8.844821e+02
210671 8.844821e+02
210688 8.844820e+02
210769 8.844819e+02
210796 8.844818e+02
210837 8.844818e+02
210856 8.844817e+02
210922 8.844817e+02
210939 8.844815e+02
211120 8.844814e+02
211224 8.844814e+02
211226 8.844814e+02
211253 8.844814e+02
211278 8.844813e+02
211428 8.844811e+02
211590 8.844811e+02
212029 8.844811e+02
212059 8.844811e+02
212096 8.844810e+02
212122 8.844810e+02
212134 8.844810e+02
212257 8.844810e+02
212329 8.844810e+02
212397 8.844809e+02
212732 8.844809e+02
212930 8.844809e+02
213033 8.844809e+02
213060 8.844809e+02
213223 8.844809e+02
213454 8.844809e+02
213494 8.844809e+02
213531 8.844809e+02
213564 8.844809e+02
213835 8.844809e+02
213865 8.844809e+02
213897 8.844809e+02
213914 8.844809e+02
214169 8.844809e+02
214197 8.844808e+02
214202 8.844808e+02
214596 8.844808e+02
214785 8.844808e+02
214887 8.844808e+02
214940 8.844808e+02
215104 8.844808e+02
215191 8.844808e+02
215225 8.844808e+02
215276 8.844808e+02
215323 8.844808e+02
215374 8.844808e+02
215447 8.844808e+02
215690 8.844808e+02
215716 8.844808e+02
215834 8.844808e+02
215932 8.844808e+02
215960 8.844808e+02
215996 8.844808e+02
216205 8.844808e+02
216262 8.844808e+02
216292 8.844808e+02
216418 8.844808e+02
216582 8.844808e+02
216604 8.844808e+02
216831 8.844808e+02
217222 8.844808e+02
217259 8.844808e+02
217362 8.844808e+02
217389 8.844808e+02
217456 8.844808e+02
217822 8.844808e+02
218021 8.844808e+02
218048 8.844808e+02
218125 8.844808e+02
218272 8.844808e+02
218484 8.844808e+02
218513 8.844808e+02
218777 8.844808e+02
218955 8.844808e+02
218996 8.844808e+02
219104 8.844808e+02
219158 8.844808e+02
219250 8.844808e+02
219301 8.844808e+02
219539 8.844808e+02
219711 8.844808e+02
219789 8.844808e+02
219792 8.844808e+02
220018 8.844808e+02
220165 8.844808e+02
220351 8.844808e+02
220493 8.844808e+02
220672 8.844808e+02
220764 8.844808e+02
220819 8.844808e+02
220875 8.844808e+02
220933 8.844808e+02
221193 8.844808e+02
221597 8.844808e+02
221682 8.844808e+02
221691 8.844808e+02
221755 8.844808e+02
221957 8.844808e+02
222009 8.844808e+02
222097 8.844808e+02
222126 8.844808e+02
222215 8.844808e+02
222329 8.844808e+02
222358 8.844808e+02
222359 8.844808e+02
222376 8.844808e+02
222397 8.844808e+02
222632 8.844808e+02
222792 8.844808e+02
222960 8.844808e+02
223142 8.844808e+02
223216 8.844808e+02
223374 8.844808e+02
223386 8.844808e+02
223793 8.844808e+02
223882 8.844808e+02
223947 8.844808e+02
224019 8.844808e+02
224088 8.844808e+02
224246 8.844808e+02
224360 8.844808e+02
224397 8.844808e+02
224427 8.844808e+02
224680 8.844808e+02
224689 8.844808e+02
224764 8.844808e+02
224771 8.844808e+02
