1 7.018001e+03
2 2.964415e+03
6 2.947130e+03
7 2.213995e+03
8 1.470873e+03
131 1.269557e+03
203 1.255778e+03
217 1.174466e+03
235 9.983677e+02
262 9.874888e+02
327 9.266866e+02
356 8.656419e+02
428 7.707042e+02
482 7.209363e+02
493 7.063826e+02
542 6.739214e+02
597 6.720152e+02
614 6.409658e+02
631 6.046744e+02
635 6.027199e+02
666 5.760476e+02
698 4.916141e+02
752 4.870731e+02
754 4.852644e+02
780 4.783683e+02
843 4.618351e+02
847 4.505604e+02
853 4.451253e+02
870 4.103533e+02
911 4.094448e+02
927 4.007694e+02
1004 3.991563e+02
1016 3.805017e+02
1024 3.697597e+02
1075 3.600999e+02
1172 3.580204e+02
1175 3.545529e+02
1182 3.333716e+02
1243 3.321648e+02
1295 3.298076e+02
1327 3.272468e+02
1349 3.250803e+02
1359 3.209456e+02
1441 3.207550e+02
1450 3.203529e+02
1453 3.201321e+02
1481 3.179738e+02
1487 3.175881e+02
1498 3.161581e+02
1548 3.114551e+02
1564 3.085580e+02
1656 3.069408e+02
1733 3.068787e+02
1747 3.065724e+02
1759 3.065071e+02
1763 3.050540e+02
1780 3.047253e+02
1787 3.043104e+02
1827 3.038908e+02
1858 3.028146e+02
1925 3.025507e+02
1989 3.018255e+02
2021 3.017203e+02
2031 3.015397e+02
2045 3.011814e+02
2095 3.008542e+02
2177 3.007331e+02
2234 3.006080e+02
2316 3.005681e+02
2329 3.005194e+02
2330 3.003870e+02
2395 3.003489e+02
2406 3.002910e+02
2464 3.002878e+02
2478 3.002316e+02
2487 3.001877e+02
2560 3.001737e+02
2614 3.001122e+02
2631 3.001071e+02
2638 3.000991e+02
2699 3.000614e+02
2743 3.000597e+02
2806 3.000470e+02
2848 3.000347e+02
2924 3.000312e+02
2961 3.000285e+02
2990 3.000236e+02
2991 3.000222e+02
3057 3.000217e+02
3077 3.000212e+02
3079 3.000128e+02
3119 3.000125e+02
3127 3.000113e+02
3266 3.000090e+02
3292 3.000083e+02
3362 3.000068e+02
3364 3.000063e+02
3406 3.000060e+02
3432 3.000048e+02
3446 3.000047e+02
3450 3.000025e+02
3605 3.000019e+02
3646 3.000018e+02
3667 3.000016e+02
3668 3.000014e+02
3703 3.000013e+02
3737 3.000011e+02
3741 3.000011e+02
3761 3.000010e+02
3788 3.000010e+02
3808 3.000010e+02
3810 3.000008e+02
3873 3.000007e+02
3876 3.000007e+02
3897 3.000006e+02
3935 3.000005e+02
3968 3.000005e+02
3997 3.000004e+02
4016 3.000004e+02
4020 3.000004e+02
4051 3.000004e+02
4068 3.000003e+02
4121 3.000002e+02
4124 3.000002e+02
4148 3.000002e+02
4176 3.000002e+02
4189 3.000001e+02
4253 3.000001e+02
4321 3.000001e+02
4371 3.000001e+02
4489 3.000000e+02
4585 3.000000e+02
4623 3.000000e+02
4645 3.000000e+02
4724 3.000000e+02
4739 3.000000e+02
4773 3.000000e+02
4778 3.000000e+02
4807 3.000000e+02
4813 3.000000e+02
4828 3.000000e+02
4839 3.000000e+02
4888 3.000000e+02
4892 3.000000e+02
4902 3.000000e+02
4929 3.000000e+02
4953 3.000000e+02
4956 3.000000e+02
4958 3.000000e+02
4972 3.000000e+02
5053 3.000000e+02
5061 3.000000e+02
5117 3.000000e+02
5131 3.000000e+02
5136 3.000000e+02
5163 3.000000e+02
5192 3.000000e+02
5240 3.000000e+02
5296 3.000000e+02
5354 3.000000e+02
5404 3.000000e+02
5433 3.000000e+02
5446 3.000000e+02
5449 3.000000e+02
5481 3.000000e+02
5510 3.000000e+02
5519 3.000000e+02
5533 3.000000e+02
5603 3.000000e+02
5613 3.000000e+02
5628 3.000000e+02
5631 3.000000e+02
5688 3.000000e+02
5691 3.000000e+02
5720 3.000000e+02
5727 3.000000e+02
5729 3.000000e+02
5732 3.000000e+02
5745 3.000000e+02
5784 3.000000e+02
5789 3.000000e+02
5790 3.000000e+02
5817 3.000000e+02
5863 3.000000e+02
5867 3.000000e+02
5877 3.000000e+02
5904 3.000000e+02
5915 3.000000e+02
5932 3.000000e+02
5984 3.000000e+02
5990 3.000000e+02
6023 3.000000e+02
6053 3.000000e+02
6076 3.000000e+02
6095 3.000000e+02
6103 3.000000e+02
6115 3.000000e+02
6125 3.000000e+02
6127 3.000000e+02
6203 3.000000e+02
6204 3.000000e+02
6238 3.000000e+02
6316 3.000000e+02
6336 3.000000e+02
6358 3.000000e+02
6410 3.000000e+02
6420 3.000000e+02
6445 3.000000e+02
6509 3.000000e+02
6573 3.000000e+02
6603 3.000000e+02
6604 3.000000e+02
6636 3.000000e+02
6638 3.000000e+02
6642 3.000000e+02
6643 3.000000e+02
6660 3.000000e+02
6673 3.000000e+02
6734 3.000000e+02
6736 3.000000e+02
6774 3.000000e+02
6795 3.000000e+02
6814 3.000000e+02
6823 3.000000e+02
6830 3.000000e+02
6841 3.000000e+02
6842 3.000000e+02
6870 3.000000e+02
6883 3.000000e+02
6943 3.000000e+02
6944 3.000000e+02
6954 3.000000e+02
7111 3.000000e+02
7136 3.000000e+02
7143 3.000000e+02
7165 3.000000e+02
7232 3.000000e+02
7244 3.000000e+02
7265 3.000000e+02
7304 3.000000e+02
7336 3.000000e+02
7390 3.000000e+02
7403 3.000000e+02
7437 3.000000e+02
7463 3.000000e+02
7465 3.000000e+02
7476 3.000000e+02
7478 3.000000e+02
7565 3.000000e+02
7581 3.000000e+02
7641 3.000000e+02
7648 3.000000e+02
7668 3.000000e+02
