1 2.651762e+03
7 2.101272e+03
23 2.009113e+03
43 1.871300e+03
99 1.768954e+03
128 1.667816e+03
147 1.340447e+03
199 1.310758e+03
247 1.289870e+03
252 1.114638e+03
264 1.063561e+03
357 1.042425e+03
368 1.031758e+03
378 9.908707e+02
400 9.643745e+02
403 9.521285e+02
407 9.464890e+02
432 8.074319e+02
457 7.760668e+02
485 7.694708e+02
548 7.672682e+02
591 7.066828e+02
629 6.465351e+02
646 6.309566e+02
683 5.654747e+02
704 5.490491e+02
778 4.756469e+02
858 4.344409e+02
943 4.275183e+02
949 4.210015e+02
977 4.207631e+02
983 4.180080e+02
986 3.950850e+02
1081 3.949877e+02
1090 3.944193e+02
1091 3.880757e+02
1102 3.704409e+02
1112 3.595430e+02
1146 3.575142e+02
1148 3.526848e+02
1216 3.496095e+02
1225 3.458634e+02
1254 3.345014e+02
1293 3.341516e+02
1297 3.325840e+02
1312 3.311858e+02
1319 3.241997e+02
1340 3.240899e+02
1365 3.227071e+02
1406 3.181204e+02
1435 3.161519e+02
1447 3.145221e+02
1473 3.140506e+02
1476 3.110590e+02
1556 3.107871e+02
1562 3.075558e+02
1641 3.075042e+02
1643 3.064121e+02
1680 3.054896e+02
1729 3.047020e+02
1746 3.030738e+02
1809 3.029514e+02
1842 3.025013e+02
1901 3.024624e+02
1914 3.023711e+02
1925 3.016564e+02
1974 3.015714e+02
1982 3.015307e+02
1994 3.013831e+02
2041 3.011620e+02
2071 3.011068e+02
2072 3.010268e+02
2098 3.008420e+02
2114 3.007103e+02
2129 3.006976e+02
2152 3.005454e+02
2175 3.003710e+02
2229 3.003614e+02
2299 3.003261e+02
2323 3.002955e+02
2335 3.002786e+02
2356 3.001931e+02
2417 3.001930e+02
2429 3.001752e+02
2430 3.001683e+02
2458 3.001633e+02
2502 3.001230e+02
2553 3.001209e+02
2560 3.001164e+02
2575 3.001119e+02
2578 3.001083e+02
2592 3.000952e+02
2598 3.000938e+02
2601 3.000742e+02
2674 3.000729e+02
2675 3.000671e+02
2705 3.000590e+02
2752 3.000581e+02
2764 3.000565e+02
2780 3.000538e+02
2786 3.000500e+02
2788 3.000472e+02
2795 3.000451e+02
2847 3.000293e+02
2849 3.000268e+02
2904 3.000249e+02
2937 3.000233e+02
2938 3.000209e+02
2966 3.000201e+02
2978 3.000156e+02
3061 3.000154e+02
3063 3.000147e+02
3076 3.000144e+02
3082 3.000116e+02
3084 3.000116e+02
3105 3.000091e+02
3113 3.000088e+02
3146 3.000083e+02
3190 3.000064e+02
3242 3.000052e+02
3269 3.000041e+02
3284 3.000040e+02
3318 3.000036e+02
3344 3.000033e+02
3346 3.000029e+02
3365 3.000027e+02
3386 3.000027e+02
3399 3.000026e+02
3414 3.000025e+02
3416 3.000021e+02
3465 3.000018e+02
3481 3.000017e+02
3505 3.000015e+02
3531 3.000012e+02
3553 3.000012e+02
3622 3.000011e+02
3657 3.000010e+02
3673 3.000009e+02
3679 3.000007e+02
3712 3.000007e+02
3743 3.000006e+02
3768 3.000006e+02
3780 3.000004e+02
3830 3.000004e+02
3867 3.000004e+02
3879 3.000003e+02
3902 3.000002e+02
3912 3.000002e+02
3994 3.000002e+02
3998 3.000002e+02
4019 3.000001e+02
4021 3.000001e+02
4078 3.000001e+02
4088 3.000001e+02
4098 3.000001e+02
4120 3.000001e+02
4131 3.000001e+02
4145 3.000001e+02
4185 3.000001e+02
4190 3.000001e+02
4207 3.000001e+02
4231 3.000001e+02
4257 3.000000e+02
4272 3.000000e+02
4278 3.000000e+02
4287 3.000000e+02
4289 3.000000e+02
4353 3.000000e+02
4373 3.000000e+02
4386 3.000000e+02
4406 3.000000e+02
4472 3.000000e+02
4538 3.000000e+02
4622 3.000000e+02
4658 3.000000e+02
4708 3.000000e+02
4727 3.000000e+02
4765 3.000000e+02
4790 3.000000e+02
4809 3.000000e+02
4822 3.000000e+02
4879 3.000000e+02
4893 3.000000e+02
4928 3.000000e+02
4993 3.000000e+02
5150 3.000000e+02
5153 3.000000e+02
5179 3.000000e+02
5225 3.000000e+02
5240 3.000000e+02
5266 3.000000e+02
5310 3.000000e+02
5319 3.000000e+02
5357 3.000000e+02
5397 3.000000e+02
5435 3.000000e+02
5463 3.000000e+02
5473 3.000000e+02
5509 3.000000e+02
5528 3.000000e+02
5568 3.000000e+02
5589 3.000000e+02
5596 3.000000e+02
5609 3.000000e+02
5645 3.000000e+02
5652 3.000000e+02
5653 3.000000e+02
5724 3.000000e+02
5729 3.000000e+02
5779 3.000000e+02
5788 3.000000e+02
5837 3.000000e+02
5849 3.000000e+02
5905 3.000000e+02
5945 3.000000e+02
5949 3.000000e+02
5958 3.000000e+02
5985 3.000000e+02
6015 3.000000e+02
6029 3.000000e+02
6282 3.000000e+02
6378 3.000000e+02
6382 3.000000e+02
6437 3.000000e+02
6449 3.000000e+02
6490 3.000000e+02
6494 3.000000e+02
6502 3.000000e+02
6611 3.000000e+02
6647 3.000000e+02
6684 3.000000e+02
6714 3.000000e+02
6731 3.000000e+02
6747 3.000000e+02
6790 3.000000e+02
6819 3.000000e+02
6881 3.000000e+02
6908 3.000000e+02
6910 3.000000e+02
6911 3.000000e+02
6928 3.000000e+02
6946 3.000000e+02
6988 3.000000e+02
6999 3.000000e+02
7006 3.000000e+02
7105 3.000000e+02
7168 3.000000e+02
7211 3.000000e+02
7235 3.000000e+02
7260 3.000000e+02
7267 3.000000e+02
7293 3.000000e+02
7319 3.000000e+02
7387 3.000000e+02
7477 3.000000e+02
37438 3.000000e+02
