1 2.135494e+03
5 1.978703e+03
32 1.950810e+03
40 1.872502e+03
63 1.770788e+03
108 1.747441e+03
121 1.608950e+03
133 1.511931e+03
770 1.449472e+03
941 1.387274e+03
1044 1.327423e+03
1082 1.312859e+03
1112 1.200699e+03
1240 1.188438e+03
1333 1.175827e+03
1336 1.096937e+03
1741 1.095759e+03
1743 1.093338e+03
1785 1.086974e+03
1846 1.064835e+03
1850 1.046266e+03
1868 9.690699e+02
1942 9.548795e+02
2256 9.484094e+02
2300 8.977854e+02
2372 8.605388e+02
2423 8.293626e+02
2710 7.722144e+02
2761 7.293579e+02
2902 7.261974e+02
2917 7.119862e+02
2950 6.905559e+02
3130 6.582372e+02
3177 6.265761e+02
3386 6.210251e+02
3533 6.209590e+02
3581 6.207844e+02
3611 5.863546e+02
3776 5.485698e+02
3834 5.352280e+02
3852 5.246577e+02
3937 5.166702e+02
4001 5.136735e+02
4103 4.945701e+02
4242 4.838733e+02
4343 4.634306e+02
4535 4.573803e+02
4668 4.491175e+02
4714 4.351145e+02
5001 4.274959e+02
5099 4.246307e+02
5157 4.227606e+02
5220 4.151573e+02
5330 4.148748e+02
5440 4.138028e+02
5443 4.122038e+02
5453 4.076629e+02
5469 4.040711e+02
5478 4.001049e+02
5600 3.985427e+02
5664 3.930832e+02
5774 3.855168e+02
5825 3.821838e+02
5962 3.804340e+02
6050 3.763114e+02
6093 3.687217e+02
6524 3.677010e+02
6610 3.661042e+02
6756 3.642714e+02
6840 3.617274e+02
6854 3.607023e+02
6954 3.589543e+02
6961 3.542624e+02
6989 3.523708e+02
7203 3.485636e+02
7260 3.455513e+02
7288 3.420983e+02
7513 3.418668e+02
7549 3.395815e+02
7717 3.364448e+02
7938 3.355808e+02
8019 3.336113e+02
8256 3.334963e+02
8306 3.328642e+02
8493 3.325950e+02
8529 3.325450e+02
8534 3.319139e+02
8547 3.314990e+02
8599 3.314738e+02
8629 3.284818e+02
9015 3.284198e+02
9021 3.283571e+02
9056 3.275511e+02
9399 3.257170e+02
9779 3.255106e+02
9834 3.251706e+02
9861 3.248187e+02
9901 3.245198e+02
9970 3.238837e+02
10187 3.237399e+02
10290 3.230957e+02
10431 3.226040e+02
10849 3.223559e+02
10896 3.220700e+02
10913 3.217265e+02
11344 3.215034e+02
11390 3.212330e+02
11491 3.208233e+02
11712 3.206985e+02
11750 3.206652e+02
11752 3.202989e+02
11935 3.202927e+02
12240 3.201240e+02
12309 3.200407e+02
12547 3.198951e+02
12637 3.196477e+02
12742 3.196291e+02
12749 3.194107e+02
12823 3.192955e+02
13007 3.192441e+02
13032 3.192039e+02
13255 3.191816e+02
13287 3.191098e+02
13300 3.190202e+02
13382 3.189312e+02
13543 3.188411e+02
13571 3.188307e+02
13655 3.187325e+02
13892 3.186263e+02
13980 3.186175e+02
14017 3.186056e+02
14020 3.185925e+02
14081 3.185787e+02
14083 3.185546e+02
14096 3.185446e+02
14149 3.184998e+02
14198 3.184221e+02
14498 3.183981e+02
14523 3.183715e+02
14604 3.183644e+02
14631 3.183636e+02
14665 3.183176e+02
14731 3.182567e+02
14811 3.182546e+02
15187 3.182521e+02
15207 3.182195e+02
15340 3.182059e+02
15380 3.181724e+02
15408 3.181697e+02
15415 3.181503e+02
15417 3.181202e+02
15468 3.181126e+02
15503 3.181122e+02
15562 3.181121e+02
15579 3.180912e+02
15597 3.180734e+02
15620 3.180678e+02
15665 3.180284e+02
15677 3.180212e+02
15870 3.180098e+02
15987 3.180055e+02
16066 3.179979e+02
16142 3.179649e+02
16242 3.179413e+02
16512 3.179043e+02
16594 3.179001e+02
16657 3.178875e+02
16826 3.178826e+02
16852 3.178803e+02
16873 3.178786e+02
16901 3.178694e+02
16926 3.178665e+02
16932 3.178651e+02
16942 3.178605e+02
17057 3.178496e+02
17153 3.178486e+02
17227 3.178453e+02
17248 3.178362e+02
17257 3.178167e+02
17605 3.178143e+02
17620 3.178123e+02
17644 3.178081e+02
17799 3.177956e+02
17972 3.177867e+02
18011 3.177818e+02
18241 3.177754e+02
18373 3.177709e+02
18495 3.177705e+02
18532 3.177703e+02
18575 3.177657e+02
18593 3.177627e+02
18613 3.177597e+02
18825 3.177528e+02
18988 3.177466e+02
19240 3.177405e+02
19338 3.177397e+02
19376 3.177377e+02
19380 3.177365e+02
19465 3.177353e+02
19501 3.177345e+02
19641 3.177343e+02
19653 3.177311e+02
19718 3.177304e+02
19744 3.177239e+02
19990 3.177224e+02
19998 3.177214e+02
20018 3.177203e+02
20066 3.177200e+02
20105 3.177171e+02
20186 3.177156e+02
20193 3.177122e+02
20426 3.177113e+02
20431 3.177110e+02
20453 3.177109e+02
20460 3.177102e+02
20518 3.177073e+02
20615 3.177021e+02
20876 3.177019e+02
20935 3.176981e+02
21037 3.176976e+02
21104 3.176972e+02
21150 3.176968e+02
21207 3.176961e+02
21277 3.176959e+02
21280 3.176959e+02
21284 3.176957e+02
21345 3.176951e+02
21358 3.176942e+02
21422 3.176926e+02
21656 3.176923e+02
21710 3.176913e+02
21720 3.176910e+02
21758 3.176903e+02
21832 3.176892e+02
21986 3.176892e+02
22031 3.176887e+02
22059 3.176884e+02
22096 3.176869e+02
22200 3.176868e+02
22216 3.176863e+02
22247 3.176859e+02
22336 3.176858e+02
22372 3.176855e+02
22375 3.176849e+02
22573 3.176842e+02
22765 3.176834e+02
22904 3.176824e+02
23112 3.176823e+02
23177 3.176822e+02
23225 3.176821e+02
23238 3.176820e+02
23258 3.176819e+02
23285 3.176817e+02
23333 3.176815e+02
23407 3.176813e+02
23421 3.176810e+02
23434 3.176809e+02
23506 3.176806e+02
23547 3.176805e+02
23641 3.176802e+02
23719 3.176795e+02
23819 3.176795e+02
23868 3.176793e+02
23907 3.176793e+02
23927 3.176792e+02
23935 3.176791e+02
23980 3.176790e+02
23995 3.176789e+02
24054 3.176782e+02
24341 3.176781e+02
24346 3.176780e+02
24508 3.176777e+02
24558 3.176777e+02
24613 3.176776e+02
24671 3.176776e+02
24789 3.176775e+02
24791 3.176773e+02
24955 3.176772e+02
24988 3.176770e+02
25091 3.176770e+02
25132 3.176769e+02
25134 3.176769e+02
25219 3.176767e+02
25339 3.176765e+02
25495 3.176764e+02
25610 3.176764e+02
25650 3.176764e+02
25677 3.176763e+02
25829 3.176763e+02
25841 3.176763e+02
25842 3.176762e+02
25866 3.176762e+02
25919 3.176761e+02
25942 3.176761e+02
25981 3.176761e+02
26001 3.176761e+02
26045 3.176761e+02
26089 3.176760e+02
26135 3.176760e+02
26199 3.176759e+02
26315 3.176759e+02
26349 3.176759e+02
26356 3.176758e+02
26410 3.176758e+02
26521 3.176758e+02
26526 3.176757e+02
26541 3.176757e+02
26550 3.176756e+02
26700 3.176755e+02
26954 3.176755e+02
27018 3.176755e+02
27178 3.176755e+02
27212 3.176755e+02
27252 3.176754e+02
27308 3.176754e+02
27450 3.176754e+02
27499 3.176753e+02
27561 3.176753e+02
27744 3.176753e+02
27809 3.176753e+02
27850 3.176753e+02
27889 3.176752e+02
27933 3.176752e+02
28130 3.176752e+02
28158 3.176752e+02
28163 3.176752e+02
28178 3.176751e+02
28263 3.176751e+02
28379 3.176751e+02
28429 3.176751e+02
28455 3.176751e+02
28474 3.176751e+02
28500 3.176751e+02
28557 3.176751e+02
28621 3.176751e+02
28623 3.176751e+02
28724 3.176751e+02
28736 3.176751e+02
28769 3.176751e+02
28831 3.176751e+02
28851 3.176751e+02
28873 3.176751e+02
28941 3.176751e+02
29038 3.176751e+02
29121 3.176751e+02
29175 3.176751e+02
29233 3.176751e+02
29259 3.176751e+02
29326 3.176751e+02
29427 3.176751e+02
29504 3.176751e+02
29587 3.176751e+02
29617 3.176751e+02
29659 3.176751e+02
29664 3.176751e+02
29736 3.176751e+02
29852 3.176751e+02
29894 3.176751e+02
29932 3.176750e+02
29948 3.176750e+02
30063 3.176750e+02
30064 3.176750e+02
30115 3.176750e+02
30257 3.176750e+02
30317 3.176750e+02
30444 3.176750e+02
30495 3.176750e+02
30602 3.176750e+02
30640 3.176750e+02
30686 3.176750e+02
30730 3.176750e+02
30775 3.176750e+02
31056 3.176750e+02
31064 3.176750e+02
31162 3.176750e+02
31182 3.176750e+02
31381 3.176750e+02
31421 3.176750e+02
31424 3.176750e+02
31453 3.176750e+02
31487 3.176750e+02
31618 3.176750e+02
31715 3.176750e+02
31821 3.176750e+02
31824 3.176750e+02
31826 3.176750e+02
31839 3.176750e+02
31856 3.176750e+02
31868 3.176750e+02
31956 3.176750e+02
32030 3.176750e+02
32057 3.176750e+02
32082 3.176750e+02
32299 3.176750e+02
32352 3.176750e+02
32570 3.176750e+02
32588 3.176750e+02
32646 3.176750e+02
32789 3.176750e+02
32836 3.176750e+02
32904 3.176750e+02
33030 3.176750e+02
33067 3.176750e+02
33077 3.176750e+02
33101 3.176750e+02
33118 3.176750e+02
33136 3.176750e+02
33166 3.176750e+02
33209 3.176750e+02
33212 3.176750e+02
33234 3.176750e+02
33244 3.176750e+02
33373 3.176750e+02
33418 3.176750e+02
33468 3.176750e+02
33487 3.176750e+02
33516 3.176750e+02
33576 3.176750e+02
33822 3.176750e+02
33859 3.176750e+02
33907 3.176750e+02
33972 3.176750e+02
34111 3.176750e+02
34117 3.176750e+02
34183 3.176750e+02
34243 3.176750e+02
34310 3.176750e+02
34322 3.176750e+02
34331 3.176750e+02
34379 3.176750e+02
34382 3.176750e+02
34446 3.176750e+02
34541 3.176750e+02
34566 3.176750e+02
34575 3.176750e+02
34598 3.176750e+02
34651 3.176750e+02
34694 3.176750e+02
34717 3.176750e+02
34770 3.176750e+02
34790 3.176750e+02
34857 3.176750e+02
34921 3.176750e+02
34988 3.176750e+02
34989 3.176750e+02
35045 3.176750e+02
35063 3.176750e+02
35072 3.176750e+02
35152 3.176750e+02
35154 3.176750e+02
35233 3.176750e+02
35267 3.176750e+02
35270 3.176750e+02
35376 3.176750e+02
35388 3.176750e+02
35395 3.176750e+02
35428 3.176750e+02
35470 3.176750e+02
35513 3.176750e+02
35529 3.176750e+02
35560 3.176750e+02
35572 3.176750e+02
35622 3.176750e+02
35681 3.176750e+02
35695 3.176750e+02
35697 3.176750e+02
35718 3.176750e+02
35721 3.176750e+02
35750 3.176750e+02
35764 3.176750e+02
35781 3.176750e+02
35798 3.176750e+02
35799 3.176750e+02
35818 3.176750e+02
35821 3.176750e+02
35823 3.176750e+02
35829 3.176750e+02
35856 3.176750e+02
35858 3.176750e+02
35906 3.176750e+02
35944 3.176750e+02
36290 3.176750e+02
36306 3.176750e+02
36328 3.176749e+02
36356 3.176749e+02
36399 3.176749e+02
36523 3.176749e+02
36550 3.176749e+02
36650 3.176749e+02
36653 3.176749e+02
36702 3.176749e+02
36726 3.176749e+02
36780 3.176749e+02
36801 3.176749e+02
36849 3.176749e+02
36863 3.176749e+02
36864 3.176749e+02
36921 3.176749e+02
36922 3.176749e+02
36941 3.176749e+02
37022 3.176749e+02
37062 3.176749e+02
37080 3.176749e+02
37146 3.176749e+02
37175 3.176749e+02
37329 3.176749e+02
37453 3.176749e+02
37463 3.176749e+02
37485 3.176749e+02
37587 3.176749e+02
37691 3.176749e+02
37706 3.176749e+02
37731 3.176749e+02
37734 3.176749e+02
37896 3.176749e+02
37907 3.176749e+02
37908 3.176749e+02
37956 3.176749e+02
38052 3.176749e+02
38144 3.176749e+02
38157 3.176749e+02
38167 3.176749e+02
38229 3.176749e+02
38241 3.176749e+02
38381 3.176749e+02
38475 3.176749e+02
38484 3.176749e+02
38574 3.176749e+02
38591 3.176749e+02
38605 3.176749e+02
38701 3.176749e+02
38786 3.176749e+02
38807 3.176749e+02
38811 3.176749e+02
38884 3.176749e+02
38900 3.176749e+02
39005 3.176749e+02
39031 3.176749e+02
39096 3.176749e+02
39116 3.176749e+02
39140 3.176749e+02
39150 3.176749e+02
39163 3.176749e+02
39178 3.176749e+02
39193 3.176749e+02
39259 3.176749e+02
39488 3.176749e+02
39490 3.176749e+02
39507 3.176749e+02
39524 3.176749e+02
39538 3.176749e+02
39582 3.176749e+02
39595 3.176749e+02
39627 3.176749e+02
39670 3.176749e+02
39676 3.176749e+02
39713 3.176749e+02
39727 3.176749e+02
39740 3.176749e+02
39741 3.176749e+02
39878 3.176749e+02
39948 3.176749e+02
39970 3.176749e+02
40007 3.176749e+02
40095 3.176749e+02
40143 3.176749e+02
40175 3.176749e+02
40241 3.176749e+02
40264 3.176749e+02
40282 3.176749e+02
40326 3.176749e+02
40404 3.176749e+02
40425 3.176749e+02
40441 3.176749e+02
40473 3.176749e+02
40479 3.176749e+02
40544 3.176749e+02
40579 3.176749e+02
40583 3.176749e+02
40676 3.176749e+02
40723 3.176749e+02
40743 3.176749e+02
40745 3.176749e+02
40764 3.176749e+02
40786 3.176749e+02
40880 3.176749e+02
40951 3.176749e+02
149096 3.174577e+02
149153 3.173127e+02
149250 3.171848e+02
149387 3.144003e+02
149495 3.136284e+02
149977 3.127490e+02
150294 3.122580e+02
150369 3.121462e+02
150598 3.117702e+02
150739 3.115091e+02
151057 3.100627e+02
151609 3.094163e+02
152078 3.092776e+02
152105 3.092186e+02
152270 3.088978e+02
152492 3.087965e+02
152548 3.087890e+02
152706 3.083658e+02
152875 3.082203e+02
152897 3.074070e+02
153287 3.069113e+02
153755 3.069040e+02
153765 3.066935e+02
153925 3.064558e+02
154005 3.058357e+02
154590 3.055048e+02
154698 3.054578e+02
154809 3.052775e+02
154859 3.052569e+02
154940 3.047091e+02
155106 3.044538e+02
155136 3.044388e+02
155303 3.043219e+02
155368 3.042175e+02
155381 3.041617e+02
155388 3.040098e+02
155543 3.038044e+02
155674 3.035090e+02
156089 3.030181e+02
156761 3.027427e+02
157067 3.026931e+02
157294 3.026433e+02
157369 3.024855e+02
157429 3.024850e+02
157454 3.023741e+02
157567 3.022781e+02
158001 3.022380e+02
158074 3.020183e+02
158432 3.020094e+02
158443 3.018138e+02
158653 3.017704e+02
158988 3.017460e+02
159026 3.015613e+02
159464 3.015385e+02
159697 3.014175e+02
160081 3.013485e+02
160152 3.013281e+02
160312 3.013112e+02
160313 3.012579e+02
160393 3.012100e+02
160470 3.011748e+02
160497 3.010523e+02
160873 3.009638e+02
161187 3.008787e+02
161682 3.008671e+02
161745 3.008626e+02
161961 3.008465e+02
161972 3.008350e+02
162007 3.008140e+02
162114 3.007724e+02
162157 3.007549e+02
162215 3.007411e+02
162302 3.007240e+02
162319 3.006959e+02
162463 3.006498e+02
162465 3.006059e+02
162890 3.005456e+02
163021 3.005356e+02
163314 3.005054e+02
163501 3.005041e+02
163687 3.004604e+02
164163 3.004516e+02
164237 3.004343e+02
164246 3.004019e+02
164333 3.003805e+02
164581 3.003315e+02
165053 3.003210e+02
165151 3.003179e+02
165155 3.003119e+02
165280 3.002773e+02
165734 3.002720e+02
165752 3.002635e+02
166056 3.002599e+02
166203 3.002401e+02
166646 3.002299e+02
166689 3.002286e+02
166694 3.002003e+02
167104 3.001903e+02
167197 3.001815e+02
167613 3.001540e+02
168232 3.001415e+02
168789 3.001403e+02
168808 3.001340e+02
168840 3.001337e+02
168914 3.001337e+02
168954 3.001268e+02
169578 3.001237e+02
169757 3.001173e+02
169890 3.001151e+02
170035 3.000989e+02
170604 3.000917e+02
171182 3.000914e+02
171231 3.000841e+02
171263 3.000830e+02
171284 3.000826e+02
171297 3.000774e+02
171535 3.000711e+02
171666 3.000709e+02
171840 3.000665e+02
172187 3.000565e+02
172971 3.000554e+02
173186 3.000537e+02
173287 3.000534e+02
173313 3.000530e+02
173404 3.000530e+02
173470 3.000519e+02
173535 3.000517e+02
173601 3.000498e+02
173619 3.000427e+02
174239 3.000384e+02
174550 3.000372e+02
174602 3.000365e+02
174609 3.000354e+02
174833 3.000352e+02
174835 3.000320e+02
175142 3.000289e+02
175357 3.000289e+02
175414 3.000280e+02
175559 3.000276e+02
175590 3.000265e+02
175730 3.000258e+02
175969 3.000244e+02
176166 3.000199e+02
176732 3.000199e+02
177182 3.000190e+02
177308 3.000174e+02
177480 3.000173e+02
177741 3.000164e+02
177857 3.000157e+02
178286 3.000155e+02
178532 3.000155e+02
178557 3.000152e+02
178588 3.000137e+02
179079 3.000134e+02
179294 3.000129e+02
179528 3.000125e+02
179607 3.000113e+02
180163 3.000111e+02
180301 3.000110e+02
180402 3.000105e+02
180452 3.000104e+02
180479 3.000103e+02
180623 3.000098e+02
180625 3.000096e+02
181203 3.000093e+02
181568 3.000089e+02
181727 3.000088e+02
181786 3.000085e+02
181919 3.000085e+02
181963 3.000084e+02
181982 3.000081e+02
181990 3.000080e+02
182020 3.000078e+02
182108 3.000073e+02
182326 3.000071e+02
182418 3.000067e+02
183114 3.000065e+02
183207 3.000065e+02
183303 3.000060e+02
183330 3.000060e+02
183334 3.000058e+02
183522 3.000055e+02
183617 3.000052e+02
183767 3.000051e+02
183936 3.000050e+02
184026 3.000047e+02
184221 3.000040e+02
184569 3.000038e+02
184900 3.000034e+02
185297 3.000029e+02
185361 3.000028e+02
185561 3.000022e+02
186500 3.000021e+02
186596 3.000021e+02
186707 3.000021e+02
186734 3.000019e+02
186955 3.000017e+02
186983 3.000017e+02
187101 3.000017e+02
187191 3.000014e+02
187456 3.000014e+02
187881 3.000014e+02
187925 3.000014e+02
187985 3.000013e+02
188067 3.000012e+02
188300 3.000011e+02
188309 3.000011e+02
188464 3.000009e+02
188567 3.000009e+02
188774 3.000007e+02
189107 3.000006e+02
189376 3.000006e+02
189487 3.000004e+02
189522 3.000004e+02
190041 3.000004e+02
190232 3.000004e+02
190285 3.000004e+02
190312 3.000003e+02
190337 3.000003e+02
190341 3.000003e+02
190380 3.000003e+02
190435 3.000003e+02
190662 3.000003e+02
190686 3.000002e+02
190820 3.000001e+02
191423 3.000001e+02
191533 3.000001e+02
191581 3.000001e+02
191835 3.000001e+02
192626 3.000001e+02
192653 3.000001e+02
192726 3.000000e+02
193097 3.000000e+02
193136 3.000000e+02
193413 3.000000e+02
193566 3.000000e+02
193592 3.000000e+02
193660 3.000000e+02
193942 3.000000e+02
194029 3.000000e+02
194285 3.000000e+02
194295 3.000000e+02
194398 3.000000e+02
194451 3.000000e+02
194483 3.000000e+02
194566 3.000000e+02
194585 3.000000e+02
194672 3.000000e+02
194906 3.000000e+02
195102 3.000000e+02
195115 3.000000e+02
195188 3.000000e+02
195633 3.000000e+02
195855 3.000000e+02
195924 3.000000e+02
196000 3.000000e+02
196363 3.000000e+02
196466 3.000000e+02
196867 3.000000e+02
197057 3.000000e+02
197799 3.000000e+02
197881 3.000000e+02
197891 3.000000e+02
198025 3.000000e+02
198045 3.000000e+02
198138 3.000000e+02
198475 3.000000e+02
198558 3.000000e+02
198601 3.000000e+02
198710 3.000000e+02
198736 3.000000e+02
198912 3.000000e+02
199202 3.000000e+02
199245 3.000000e+02
199400 3.000000e+02
199846 3.000000e+02
199954 3.000000e+02
200017 3.000000e+02
200337 3.000000e+02
200420 3.000000e+02
200476 3.000000e+02
200493 3.000000e+02
200744 3.000000e+02
201178 3.000000e+02
201503 3.000000e+02
201541 3.000000e+02
201569 3.000000e+02
201617 3.000000e+02
201761 3.000000e+02
201812 3.000000e+02
202063 3.000000e+02
202293 3.000000e+02
202467 3.000000e+02
202569 3.000000e+02
202628 3.000000e+02
202651 3.000000e+02
202652 3.000000e+02
202669 3.000000e+02
202682 3.000000e+02
203289 3.000000e+02
203300 3.000000e+02
203676 3.000000e+02
203741 3.000000e+02
204093 3.000000e+02
204167 3.000000e+02
204332 3.000000e+02
204470 3.000000e+02
204478 3.000000e+02
204520 3.000000e+02
204617 3.000000e+02
204705 3.000000e+02
204808 3.000000e+02
205205 3.000000e+02
205206 3.000000e+02
205321 3.000000e+02
205378 3.000000e+02
205384 3.000000e+02
205601 3.000000e+02
205837 3.000000e+02
206000 3.000000e+02
206622 3.000000e+02
206764 3.000000e+02
206855 3.000000e+02
206952 3.000000e+02
206978 3.000000e+02
206998 3.000000e+02
207130 3.000000e+02
207200 3.000000e+02
207218 3.000000e+02
207632 3.000000e+02
