1 3.525181e+10
2 1.764780e+10
4 1.593665e+10
10 1.487928e+10
11 1.063297e+10
14 1.054721e+10
15 5.271614e+09
386 3.106754e+09
768 3.004908e+09
786 2.223753e+09
878 2.039117e+09
896 1.781062e+09
1036 1.719591e+09
1067 1.369734e+09
1080 9.991389e+08
1166 7.715093e+08
1187 5.814366e+08
1996 5.636142e+08
2212 5.551224e+08
2374 4.258304e+08
2380 4.085470e+08
2561 3.510209e+08
3087 3.345427e+08
3400 2.043929e+08
3704 1.857758e+08
3786 1.856014e+08
3856 1.748280e+08
3876 1.518416e+08
4022 1.436111e+08
4078 1.276843e+08
4283 1.196879e+08
4397 1.143804e+08
4445 1.075465e+08
4590 9.627144e+07
4774 9.163797e+07
4819 8.434380e+07
4823 8.295567e+07
4893 8.163249e+07
4973 7.930767e+07
5020 7.184432e+07
5300 7.067491e+07
5353 5.835320e+07
5546 5.621081e+07
5667 5.473601e+07
5731 5.193133e+07
5762 4.998512e+07
5807 4.822424e+07
5892 4.622408e+07
5933 4.003986e+07
6117 3.897029e+07
6211 3.663522e+07
6260 3.636725e+07
6581 3.602674e+07
6775 3.222349e+07
6833 2.905725e+07
7137 2.733414e+07
7307 2.714992e+07
7315 2.633736e+07
7460 2.498913e+07
7477 2.480910e+07
7563 2.265290e+07
7640 2.252347e+07
7706 2.212768e+07
7787 2.174965e+07
7852 2.078148e+07
7924 2.003943e+07
8141 1.932622e+07
8191 1.928675e+07
8228 1.891073e+07
8298 1.860490e+07
8328 1.700157e+07
8854 1.698603e+07
8887 1.696134e+07
8961 1.630353e+07
8962 1.436060e+07
9210 1.410369e+07
9360 1.340535e+07
9606 1.284656e+07
9624 1.168291e+07
9881 1.149877e+07
10122 1.127333e+07
10182 1.116262e+07
10326 1.111430e+07
10384 1.045863e+07
10425 9.856580e+06
10428 9.817971e+06
10651 8.895418e+06
10802 8.635281e+06
10808 8.299535e+06
10957 8.061242e+06
11033 7.996766e+06
11056 7.969516e+06
11071 7.913874e+06
11147 7.741831e+06
11243 6.929022e+06
11756 6.572605e+06
11763 6.449003e+06
11789 6.330133e+06
11984 6.173667e+06
12049 6.083675e+06
12083 5.953610e+06
12120 5.809087e+06
12156 5.761994e+06
12188 5.347757e+06
12204 4.749544e+06
12534 4.688554e+06
12671 4.653720e+06
12806 4.505308e+06
12887 4.415779e+06
12909 4.402458e+06
13028 4.317022e+06
13077 4.260523e+06
13099 4.172016e+06
13180 4.011381e+06
13379 3.932683e+06
13432 3.894209e+06
13529 3.812504e+06
13582 3.768890e+06
13770 3.706168e+06
13792 3.613877e+06
13851 3.568138e+06
13955 3.565690e+06
14013 3.392937e+06
14512 3.345720e+06
14573 3.293917e+06
14595 3.261228e+06
14610 3.226052e+06
14670 3.167399e+06
14741 3.145135e+06
14843 3.117144e+06
14937 3.020540e+06
15086 3.015585e+06
15183 2.868618e+06
15406 2.851863e+06
15495 2.819665e+06
15512 2.814415e+06
15567 2.786445e+06
15597 2.782169e+06
15738 2.759501e+06
15768 2.721242e+06
15918 2.709148e+06
15920 2.696041e+06
15968 2.687534e+06
16127 2.657150e+06
16333 2.522424e+06
16505 2.476230e+06
16548 2.432896e+06
16597 2.411876e+06
16719 2.406461e+06
16736 2.405804e+06
16843 2.367051e+06
16929 2.352964e+06
17155 2.340852e+06
17275 2.237132e+06
17347 2.170573e+06
17522 2.143328e+06
17573 2.140735e+06
17574 2.086825e+06
17809 2.055311e+06
17811 2.024099e+06
17982 1.952338e+06
18232 1.891761e+06
18300 1.890237e+06
18304 1.817713e+06
18412 1.795823e+06
18726 1.783976e+06
18925 1.761714e+06
18928 1.649652e+06
19282 1.613834e+06
19367 1.586197e+06
19521 1.584776e+06
19543 1.558593e+06
19653 1.550138e+06
19714 1.545368e+06
19723 1.540286e+06
19748 1.534106e+06
19773 1.529858e+06
19780 1.499230e+06
19856 1.498608e+06
19873 1.438943e+06
20226 1.429820e+06
20258 1.425200e+06
20323 1.403040e+06
20500 1.399784e+06
20609 1.389896e+06
20655 1.386530e+06
20699 1.376372e+06
20706 1.361858e+06
20776 1.355629e+06
20958 1.341393e+06
21042 1.324991e+06
21162 1.315293e+06
21271 1.303894e+06
21456 1.282883e+06
21537 1.282194e+06
21552 1.281015e+06
21580 1.275880e+06
21694 1.264406e+06
21868 1.253253e+06
21988 1.246568e+06
22072 1.238390e+06
22075 1.233777e+06
22092 1.233621e+06
22097 1.228266e+06
22130 1.217990e+06
22171 1.217085e+06
22200 1.204889e+06
22434 1.190972e+06
22645 1.175766e+06
22684 1.174474e+06
22755 1.173847e+06
22803 1.162187e+06
22863 1.154684e+06
22942 1.149634e+06
22960 1.142458e+06
22980 1.131061e+06
23407 1.116580e+06
23493 1.110934e+06
23556 1.099795e+06
23647 1.098045e+06
23838 1.091051e+06
23847 1.086197e+06
23908 1.080801e+06
23935 1.070292e+06
24161 1.064557e+06
24225 1.061807e+06
24236 1.057033e+06
24299 1.031538e+06
24870 1.029750e+06
24894 1.028691e+06
24948 1.024585e+06
24951 1.011192e+06
24968 1.008038e+06
25037 1.001312e+06
25061 9.985818e+05
25090 9.930295e+05
25259 9.925176e+05
25330 9.920925e+05
25394 9.893867e+05
25396 9.845496e+05
25456 9.803031e+05
25490 9.789693e+05
25576 9.764690e+05
25577 9.721192e+05
25581 9.696576e+05
25677 9.695338e+05
25800 9.603787e+05
25957 9.549767e+05
25972 9.524245e+05
26051 9.364529e+05
26134 9.272085e+05
26244 9.270210e+05
26525 9.065620e+05
26734 9.025448e+05
26798 9.007017e+05
26835 8.983960e+05
26906 8.957109e+05
26937 8.952427e+05
27013 8.887127e+05
27154 8.882198e+05
27172 8.855466e+05
27272 8.837451e+05
27307 8.732481e+05
27405 8.655100e+05
27615 8.532535e+05
27782 8.503268e+05
27793 8.492920e+05
27817 8.425520e+05
27828 8.377497e+05
27946 8.338175e+05
28040 8.310629e+05
28072 8.303134e+05
28262 8.244569e+05
28429 8.223151e+05
28582 8.169888e+05
28701 8.161883e+05
28758 8.115386e+05
28798 8.114037e+05
28839 8.058585e+05
28890 7.890926e+05
29064 7.853813e+05
29095 7.797455e+05
29142 7.741388e+05
29143 7.728997e+05
29263 7.593657e+05
29305 7.591212e+05
29498 7.522503e+05
29565 7.488033e+05
29684 7.420425e+05
29789 7.398802e+05
29811 7.391788e+05
29959 7.347382e+05
29997 7.303863e+05
30106 7.299399e+05
30112 7.019446e+05
30594 6.965522e+05
30622 6.925334e+05
30944 6.918670e+05
30992 6.858490e+05
31020 6.836954e+05
31085 6.815214e+05
31094 6.811936e+05
31152 6.761441e+05
31229 6.735673e+05
31248 6.712548e+05
31334 6.673962e+05
31343 6.625555e+05
31449 6.591617e+05
31490 6.583101e+05
31664 6.579703e+05
31706 6.576408e+05
31714 6.554363e+05
31722 6.544474e+05
31732 6.440576e+05
31794 6.438738e+05
31802 6.410427e+05
31833 6.392179e+05
32008 6.342050e+05
32063 6.314211e+05
32139 6.286802e+05
32460 6.263897e+05
32570 6.153372e+05
32590 6.132334e+05
32623 6.130750e+05
32674 6.129366e+05
32807 6.072160e+05
32951 5.968059e+05
33016 5.964654e+05
33020 5.941232e+05
33065 5.894911e+05
33185 5.877714e+05
33474 5.785577e+05
33508 5.738578e+05
33513 5.696720e+05
33560 5.628116e+05
33617 5.614164e+05
33653 5.576505e+05
33728 5.481148e+05
33762 5.457155e+05
33808 5.237584e+05
34063 5.205044e+05
34195 5.187961e+05
34275 4.970348e+05
34518 4.902024e+05
34695 4.894276e+05
34701 4.865591e+05
34805 4.825275e+05
34815 4.758404e+05
34941 4.712005e+05
35043 4.683416e+05
35044 4.494997e+05
35465 4.280226e+05
35638 4.274382e+05
35652 4.237814e+05
35659 4.217130e+05
36019 4.145220e+05
36036 4.133245e+05
36056 4.116169e+05
36099 4.066906e+05
36139 4.036088e+05
36162 3.901933e+05
36218 3.876650e+05
36354 3.862309e+05
36441 3.845605e+05
36445 3.764034e+05
36552 3.728350e+05
36558 3.704320e+05
36583 3.578200e+05
36731 3.551373e+05
36922 3.467872e+05
37013 3.463532e+05
37036 3.435376e+05
37056 3.421948e+05
37067 3.409277e+05
37091 3.386976e+05
37106 3.378246e+05
37132 3.355909e+05
37146 3.353075e+05
37189 3.311534e+05
37231 3.310982e+05
37256 3.265359e+05
37293 3.253876e+05
37340 3.215419e+05
37345 3.192808e+05
37425 3.190441e+05
37451 3.084918e+05
37730 2.935183e+05
37881 2.929437e+05
38043 2.868907e+05
38049 2.855620e+05
38164 2.854349e+05
38181 2.843866e+05
38189 2.803044e+05
38204 2.770579e+05
38241 2.719512e+05
38268 2.589666e+05
38531 2.589594e+05
38540 2.552771e+05
38703 2.521088e+05
38735 2.463627e+05
38826 2.445943e+05
38861 2.437169e+05
38867 2.317807e+05
38891 2.301526e+05
39142 2.295923e+05
39170 2.282253e+05
39198 2.244763e+05
39275 2.148292e+05
39293 2.145168e+05
39552 2.128921e+05
39643 2.120900e+05
39693 2.115390e+05
39699 2.108164e+05
39702 2.105667e+05
39725 2.086173e+05
39742 2.051716e+05
39787 2.038696e+05
39831 2.028769e+05
39844 1.994868e+05
39894 1.977840e+05
39908 1.972462e+05
40051 1.962511e+05
40105 1.935716e+05
40150 1.933689e+05
40201 1.915022e+05
40268 1.904471e+05
40326 1.890396e+05
40334 1.877989e+05
40352 1.862516e+05
40363 1.853308e+05
40419 1.849730e+05
40424 1.848135e+05
40545 1.807325e+05
40591 1.795440e+05
40797 1.788428e+05
40800 1.766319e+05
40848 1.745202e+05
41149 1.744027e+05
41190 1.739768e+05
41219 1.701037e+05
41340 1.697651e+05
41369 1.681132e+05
41429 1.674998e+05
41540 1.664376e+05
41592 1.653827e+05
41641 1.652462e+05
41680 1.624258e+05
41695 1.614304e+05
41889 1.590411e+05
42000 1.587576e+05
42043 1.578033e+05
42075 1.550888e+05
42165 1.548084e+05
42170 1.540303e+05
42206 1.529635e+05
42282 1.522615e+05
42283 1.517542e+05
42350 1.516814e+05
42382 1.507747e+05
42440 1.473428e+05
42441 1.471983e+05
42514 1.467715e+05
42526 1.451843e+05
42670 1.447990e+05
42674 1.445642e+05
42726 1.436768e+05
42891 1.433591e+05
42898 1.423589e+05
43005 1.418645e+05
43017 1.376555e+05
43153 1.375818e+05
43170 1.366084e+05
43183 1.356401e+05
43192 1.337304e+05
43431 1.323350e+05
43481 1.306059e+05
43483 1.270297e+05
43662 1.269284e+05
43774 1.266735e+05
43814 1.265023e+05
44004 1.250110e+05
44041 1.191393e+05
44271 1.181548e+05
44390 1.134067e+05
44596 1.108720e+05
44627 1.105324e+05
44648 1.078542e+05
44933 1.065803e+05
44949 1.064613e+05
44992 1.040364e+05
45097 1.033545e+05
45202 1.024388e+05
45292 1.022174e+05
45295 1.017107e+05
45355 1.015445e+05
45408 9.979426e+04
45412 9.912089e+04
45566 9.910908e+04
45569 9.879705e+04
45607 9.776604e+04
45644 9.752625e+04
45648 9.749914e+04
45680 9.634490e+04
45813 9.625863e+04
45904 9.539428e+04
46166 9.510679e+04
46209 9.468824e+04
46232 9.376099e+04
46247 9.352511e+04
46375 9.335306e+04
46386 9.297612e+04
46467 9.280975e+04
46628 9.266640e+04
46671 9.194199e+04
46833 9.071580e+04
46842 8.993191e+04
46939 8.895671e+04
47068 8.827484e+04
47167 8.820144e+04
47172 8.817949e+04
47192 8.804888e+04
47206 8.796200e+04
47232 8.620226e+04
47434 8.511635e+04
47532 8.466595e+04
47577 8.439138e+04
47733 8.438464e+04
47735 8.398247e+04
47906 8.325161e+04
47974 8.304647e+04
48010 8.271450e+04
48145 8.163436e+04
48232 8.108273e+04
48262 8.007035e+04
48268 8.005731e+04
48360 7.970777e+04
48443 7.943614e+04
48492 7.904057e+04
48623 7.893917e+04
48626 7.858789e+04
48631 7.806082e+04
48756 7.747342e+04
48768 7.713639e+04
48805 7.666942e+04
48906 7.497740e+04
49194 7.338501e+04
49221 7.254013e+04
49409 7.235608e+04
49461 7.150058e+04
49468 7.082201e+04
49753 6.979905e+04
49801 6.687400e+04
50123 6.657969e+04
50222 6.508166e+04
50254 6.477264e+04
50346 6.454968e+04
50364 6.385307e+04
50379 6.299564e+04
50490 6.271006e+04
50520 6.184937e+04
50578 6.095095e+04
50775 6.084428e+04
50840 6.007971e+04
51066 5.970613e+04
51157 5.905978e+04
51173 5.837304e+04
51350 5.792536e+04
51415 5.679547e+04
51475 5.580150e+04
51586 5.555730e+04
51642 5.520243e+04
51691 5.367883e+04
52090 5.342214e+04
52287 5.273802e+04
52301 5.225727e+04
52333 5.167865e+04
52516 5.161097e+04
52594 5.122381e+04
52690 5.083635e+04
52692 5.075960e+04
52707 5.022092e+04
52881 5.014654e+04
52898 4.974413e+04
52922 4.952831e+04
53121 4.946982e+04
53166 4.932228e+04
53231 4.843852e+04
53375 4.811754e+04
53528 4.782118e+04
53552 4.750773e+04
53561 4.690500e+04
53680 4.638458e+04
53782 4.600957e+04
53808 4.543280e+04
53853 4.538407e+04
53959 4.494771e+04
54055 4.451065e+04
54145 4.391349e+04
54175 4.366220e+04
54383 4.326796e+04
54500 4.326178e+04
54525 4.270378e+04
54528 4.220733e+04
54679 4.218324e+04
54694 4.208257e+04
54755 4.153014e+04
54804 4.133470e+04
54820 4.094166e+04
54828 4.091632e+04
55027 4.069778e+04
55085 4.056355e+04
55140 4.047154e+04
55167 4.009957e+04
55282 3.996480e+04
55306 3.993973e+04
55309 3.986190e+04
55384 3.978071e+04
55393 3.962639e+04
55419 3.954976e+04
55439 3.941069e+04
55485 3.934913e+04
55489 3.932247e+04
55499 3.921631e+04
55527 3.885980e+04
55536 3.854754e+04
55538 3.824646e+04
55719 3.790573e+04
55840 3.762278e+04
55873 3.676299e+04
56083 3.674086e+04
56120 3.653040e+04
56124 3.637165e+04
56209 3.588402e+04
56243 3.550354e+04
56328 3.549719e+04
56347 3.524370e+04
56437 3.431745e+04
56593 3.414209e+04
56649 3.385833e+04
56675 3.341573e+04
56727 3.295055e+04
56964 3.246412e+04
57461 3.216777e+04
57581 3.107428e+04
57590 2.994120e+04
57737 2.986179e+04
57905 2.870875e+04
58036 2.858794e+04
58066 2.796680e+04
58212 2.772383e+04
58293 2.729476e+04
58387 2.716187e+04
58619 2.706842e+04
58634 2.691758e+04
58638 2.663261e+04
58656 2.595621e+04
58698 2.537585e+04
58797 2.533743e+04
58803 2.525869e+04
58823 2.519670e+04
58895 2.503067e+04
58914 2.487103e+04
58936 2.444352e+04
59085 2.438236e+04
59115 2.427085e+04
59150 2.408936e+04
59151 2.402214e+04
59167 2.365728e+04
59183 2.364521e+04
59284 2.342292e+04
59490 2.299615e+04
59651 2.282764e+04
59772 2.275061e+04
59790 2.263395e+04
59931 2.238499e+04
60048 2.236471e+04
60121 2.222074e+04
60134 2.213723e+04
60331 2.183708e+04
60483 2.183504e+04
60505 2.178976e+04
60549 2.173824e+04
60606 2.169043e+04
60653 2.167233e+04
60675 2.144845e+04
60691 2.144561e+04
60699 2.141859e+04
60733 2.130573e+04
60780 2.125048e+04
60787 2.114121e+04
60893 2.087648e+04
60944 2.064314e+04
61203 2.053448e+04
61307 2.051650e+04
61428 2.017414e+04
61492 2.014140e+04
61624 1.973850e+04
61757 1.961043e+04
61906 1.959765e+04
61930 1.936792e+04
61981 1.927805e+04
62020 1.867861e+04
62407 1.862524e+04
62527 1.822401e+04
62725 1.775735e+04
62920 1.752904e+04
62963 1.746572e+04
63031 1.729773e+04
63057 1.711128e+04
63098 1.689529e+04
63171 1.630196e+04
63262 1.582489e+04
63459 1.573637e+04
63538 1.478556e+04
63760 1.456022e+04
63837 1.445203e+04
63860 1.427589e+04
63936 1.410144e+04
64139 1.398433e+04
64180 1.383177e+04
64197 1.375997e+04
64266 1.334778e+04
64524 1.318909e+04
64584 1.289880e+04
64602 1.250582e+04
64786 1.232615e+04
64804 1.191179e+04
64964 1.170525e+04
65055 1.157283e+04
65118 1.144238e+04
65146 1.143048e+04
65292 1.137538e+04
65346 1.128546e+04
65376 1.122965e+04
65409 1.114502e+04
65467 1.107123e+04
65487 1.098365e+04
65519 1.093275e+04
65704 1.090154e+04
65792 1.088821e+04
65794 1.085670e+04
65796 1.079130e+04
65851 1.075493e+04
65922 1.072637e+04
65935 1.067922e+04
65975 1.067216e+04
66078 1.065845e+04
66154 1.057694e+04
66181 1.042194e+04
66350 1.039069e+04
66404 1.026961e+04
66672 1.022972e+04
66819 1.018341e+04
67022 1.017915e+04
67036 1.013184e+04
67057 1.008300e+04
67089 1.004353e+04
67195 1.000519e+04
67218 9.884428e+03
67337 9.872604e+03
67338 9.861953e+03
67392 9.838764e+03
67468 9.777830e+03
67615 9.763526e+03
67638 9.710733e+03
67667 9.694436e+03
67716 9.691390e+03
67746 9.677891e+03
67748 9.650607e+03
67824 9.650604e+03
67854 9.632661e+03
67866 9.610264e+03
68099 9.503235e+03
68194 9.438145e+03
68197 9.432497e+03
68630 9.397123e+03
68657 9.393854e+03
68673 9.219075e+03
68789 9.095138e+03
68904 9.086697e+03
68957 9.085927e+03
68986 9.084094e+03
68990 8.986292e+03
68999 8.829501e+03
69059 8.776495e+03
69273 8.605890e+03
69301 8.550223e+03
69426 8.529060e+03
69464 8.467430e+03
69479 8.400457e+03
69501 8.324667e+03
69529 8.298598e+03
69532 8.268301e+03
69756 8.121540e+03
69762 8.079404e+03
69902 8.053046e+03
69975 8.016216e+03
69998 7.826025e+03
70222 7.718693e+03
70346 7.679158e+03
70392 7.654554e+03
70557 7.574625e+03
70693 7.533318e+03
70715 7.337699e+03
70782 7.264589e+03
70820 7.203411e+03
70894 7.148865e+03
71078 7.121783e+03
71318 7.061654e+03
71390 7.026396e+03
71411 6.778934e+03
71505 6.722177e+03
71585 6.721922e+03
71598 6.617842e+03
71629 6.592230e+03
71688 6.475084e+03
71705 6.411204e+03
71709 6.373356e+03
71801 6.225923e+03
71889 6.201064e+03
71979 6.102727e+03
72168 6.101059e+03
72272 6.061708e+03
72304 6.017953e+03
72328 6.006470e+03
72357 5.957094e+03
72379 5.951410e+03
72397 5.936918e+03
72400 5.933688e+03
72434 5.911120e+03
72461 5.856126e+03
72520 5.838603e+03
72528 5.815141e+03
72585 5.803556e+03
72637 5.743633e+03
72644 5.648214e+03
72843 5.629723e+03
72881 5.629063e+03
72944 5.458764e+03
73253 5.261099e+03
73455 5.202386e+03
73625 5.193965e+03
73633 5.128974e+03
73729 5.127555e+03
73761 5.040247e+03
73830 5.030703e+03
73890 4.996865e+03
73908 4.915958e+03
73921 4.901962e+03
74145 4.862320e+03
74234 4.785720e+03
74272 4.776747e+03
74307 4.770602e+03
74359 4.728899e+03
74394 4.543930e+03
74546 4.536745e+03
74727 4.461199e+03
74755 4.418833e+03
74843 4.372852e+03
74930 4.245684e+03
222950 4.205565e+03
223031 4.188408e+03
223200 4.156750e+03
223239 4.117040e+03
223343 4.100673e+03
223363 4.023582e+03
223572 3.985103e+03
223624 3.980774e+03
223670 3.952171e+03
223761 3.919503e+03
223765 3.805972e+03
223862 3.783532e+03
224073 3.766720e+03
224114 3.718129e+03
224138 3.654488e+03
224222 3.627788e+03
224260 3.550697e+03
224380 3.547079e+03
224398 3.527070e+03
224428 3.416894e+03
224457 3.384318e+03
224611 3.344812e+03
224775 3.341243e+03
225213 3.119525e+03
225411 3.016624e+03
225561 2.999467e+03
225589 2.830415e+03
225706 2.822342e+03
225819 2.745797e+03
225970 2.713652e+03
226000 2.681084e+03
226042 2.621477e+03
226094 2.596326e+03
226187 2.571450e+03
226255 2.571439e+03
226262 2.551645e+03
226305 2.522224e+03
226399 2.472237e+03
226513 2.470350e+03
226525 2.460755e+03
226546 2.460389e+03
226552 2.453397e+03
226558 2.429219e+03
226569 2.405858e+03
226706 2.405726e+03
226748 2.376204e+03
226789 2.374719e+03
226870 2.369281e+03
226883 2.368890e+03
226887 2.335426e+03
227003 2.312947e+03
227057 2.295217e+03
227120 2.286686e+03
227255 2.265677e+03
227271 2.242303e+03
227693 2.239258e+03
227726 2.230213e+03
227757 2.212693e+03
227825 2.211070e+03
227847 2.164526e+03
227857 2.120375e+03
227942 2.111238e+03
228315 2.076180e+03
228508 2.007091e+03
228636 1.985540e+03
228667 1.982792e+03
228712 1.976412e+03
228745 1.957876e+03
228797 1.920757e+03
228854 1.903827e+03
228982 1.868604e+03
229014 1.838733e+03
229118 1.821655e+03
229147 1.812368e+03
229206 1.805765e+03
229237 1.751446e+03
229399 1.744034e+03
229549 1.736605e+03
229693 1.736087e+03
229700 1.728880e+03
229715 1.707320e+03
229724 1.692346e+03
229811 1.684157e+03
229881 1.670995e+03
229977 1.611324e+03
230145 1.602411e+03
230262 1.589607e+03
230276 1.578297e+03
230540 1.578227e+03
230554 1.528822e+03
230748 1.520229e+03
230775 1.507101e+03
230855 1.491362e+03
230885 1.468944e+03
231022 1.431280e+03
231097 1.427370e+03
231198 1.423936e+03
231363 1.418673e+03
231433 1.388625e+03
231637 1.386821e+03
231658 1.386707e+03
231683 1.384079e+03
231708 1.374592e+03
231714 1.363746e+03
231722 1.336606e+03
232210 1.315459e+03
232439 1.313133e+03
232506 1.279095e+03
232523 1.278324e+03
232670 1.276248e+03
232676 1.275459e+03
232730 1.251021e+03
232806 1.250399e+03
232825 1.246405e+03
232906 1.236996e+03
232951 1.234219e+03
232961 1.229761e+03
232968 1.219714e+03
233036 1.213176e+03
233099 1.208185e+03
233137 1.205044e+03
233151 1.203607e+03
233214 1.200344e+03
233264 1.193116e+03
233280 1.185569e+03
233338 1.179592e+03
233415 1.175516e+03
233488 1.174152e+03
233507 1.173177e+03
233529 1.165055e+03
233578 1.157853e+03
233678 1.153737e+03
233732 1.151516e+03
233812 1.146916e+03
233916 1.145659e+03
233925 1.143788e+03
233932 1.137054e+03
233968 1.132763e+03
234097 1.119326e+03
234260 1.118740e+03
234309 1.110767e+03
234340 1.106516e+03
234481 1.105990e+03
234535 1.095516e+03
234632 1.093129e+03
234656 1.092677e+03
234684 1.089883e+03
234768 1.079581e+03
234809 1.072209e+03
234906 1.067745e+03
235015 1.063067e+03
235071 1.060714e+03
235073 1.053320e+03
235468 1.028021e+03
235535 1.021420e+03
235618 1.020188e+03
235677 1.018892e+03
235695 1.011105e+03
235803 1.003756e+03
235864 9.978652e+02
235928 9.944580e+02
235958 9.846677e+02
235973 9.835309e+02
236035 9.824553e+02
236089 9.816672e+02
236114 9.797280e+02
236122 9.797184e+02
236150 9.703719e+02
236227 9.593318e+02
236308 9.474212e+02
236394 9.457431e+02
236401 9.448995e+02
236446 9.448099e+02
236447 9.243588e+02
236473 9.239811e+02
236541 9.150236e+02
236720 9.144151e+02
236723 9.109388e+02
236746 9.020325e+02
236821 8.993800e+02
236875 8.944002e+02
236924 8.862292e+02
236969 8.828519e+02
237012 8.790875e+02
237040 8.740270e+02
237127 8.589929e+02
237182 8.586730e+02
237204 8.566526e+02
237250 8.525085e+02
237318 8.475910e+02
237331 8.234500e+02
237532 8.211049e+02
237546 8.155375e+02
237588 8.142269e+02
237590 8.006693e+02
237680 7.952977e+02
237735 7.918802e+02
237742 7.829869e+02
237761 7.781988e+02
237826 7.766534e+02
237870 7.673638e+02
238008 7.575983e+02
238021 7.556379e+02
238061 7.465865e+02
238169 7.443321e+02
238221 7.410061e+02
238241 7.382752e+02
238285 7.309483e+02
238298 7.282744e+02
238357 7.199531e+02
238404 7.101450e+02
238432 7.078541e+02
238495 6.936813e+02
238539 6.849744e+02
238599 6.775576e+02
238602 6.749014e+02
238716 6.736959e+02
238718 6.693469e+02
238734 6.642483e+02
238776 6.589318e+02
238813 6.357433e+02
238827 6.215250e+02
239080 5.953328e+02
239315 5.837659e+02
239320 5.723396e+02
239690 5.678105e+02
239782 5.602415e+02
239792 5.601711e+02
239880 5.545819e+02
239943 5.543901e+02
239963 5.514940e+02
239989 5.477951e+02
240012 5.437113e+02
240037 5.379219e+02
240094 5.374141e+02
240146 5.354881e+02
240149 5.344576e+02
240160 5.341913e+02
240164 5.316283e+02
240166 5.287376e+02
240176 5.224321e+02
240199 5.204175e+02
240251 5.193669e+02
240333 5.118703e+02
240375 5.031015e+02
240575 4.948991e+02
240783 4.909732e+02
240826 4.907847e+02
240854 4.852000e+02
240894 4.830822e+02
240948 4.773134e+02
241024 4.690745e+02
241170 4.671502e+02
241174 4.664131e+02
241311 4.572678e+02
241497 4.559506e+02
241501 4.556392e+02
241537 4.544711e+02
241599 4.544402e+02
241607 4.516180e+02
241675 4.426871e+02
241786 4.383889e+02
241912 4.294709e+02
241971 4.281230e+02
242089 4.229413e+02
242188 4.084585e+02
242261 4.057122e+02
242277 4.026104e+02
242300 4.025922e+02
242311 4.020273e+02
242492 3.830324e+02
242612 3.789586e+02
242719 3.759884e+02
242853 3.752813e+02
242942 3.703866e+02
242987 3.569828e+02
243043 3.498740e+02
243074 3.478504e+02
243089 3.369062e+02
243204 3.341075e+02
243249 3.310509e+02
243411 3.167788e+02
243463 3.156422e+02
243465 3.128388e+02
243526 3.060448e+02
243587 3.045079e+02
243601 2.990063e+02
243621 2.920989e+02
243727 2.853872e+02
243739 2.823934e+02
243758 2.792333e+02
243924 2.723298e+02
243931 2.653975e+02
244096 2.652420e+02
244178 2.577512e+02
244189 2.553218e+02
244288 2.531149e+02
244307 2.498362e+02
244389 2.440095e+02
244471 2.422942e+02
244478 2.418036e+02
244544 2.385510e+02
244567 2.354018e+02
244740 2.335230e+02
244858 2.311383e+02
245037 2.311053e+02
245068 2.287675e+02
245080 2.255374e+02
245086 2.253833e+02
245100 2.253382e+02
245122 2.188304e+02
245172 2.154605e+02
245339 2.154358e+02
245467 2.135369e+02
245575 2.104653e+02
245610 2.102681e+02
245617 2.063986e+02
245717 2.047407e+02
245778 2.034934e+02
245803 2.028172e+02
245875 2.020044e+02
245914 1.987062e+02
246004 1.960132e+02
246134 1.956941e+02
246260 1.946789e+02
246309 1.943556e+02
246389 1.929980e+02
246392 1.889407e+02
246465 1.876545e+02
246769 1.861681e+02
246819 1.793699e+02
246994 1.763513e+02
247044 1.757895e+02
247067 1.733072e+02
247136 1.720423e+02
247222 1.715763e+02
247278 1.685416e+02
247316 1.643786e+02
247398 1.628476e+02
247506 1.609986e+02
247605 1.551346e+02
247614 1.511103e+02
248076 1.510968e+02
248156 1.487829e+02
248159 1.486496e+02
248171 1.482176e+02
248183 1.473610e+02
248251 1.471408e+02
248267 1.469866e+02
248322 1.452843e+02
248335 1.372464e+02
248339 1.312083e+02
248553 1.302588e+02
248613 1.281174e+02
248699 1.244619e+02
248710 1.220333e+02
248751 1.217973e+02
248786 1.180366e+02
248807 1.161031e+02
248918 1.128274e+02
248989 1.099800e+02
249096 1.097516e+02
249097 1.095652e+02
249118 1.066745e+02
249140 1.061271e+02
249151 1.017845e+02
249289 1.007270e+02
249367 1.003480e+02
249433 9.886191e+01
249456 9.778868e+01
249602 9.529589e+01
249757 9.043626e+01
249871 9.039173e+01
249960 8.838968e+01
249971 8.769484e+01
250033 8.758735e+01
250054 8.510687e+01
250145 8.434090e+01
250182 8.416950e+01
250199 8.408981e+01
250358 8.353753e+01
250549 8.127258e+01
250601 8.089608e+01
250696 7.896434e+01
250703 7.815132e+01
250863 7.747998e+01
250887 7.480233e+01
250910 7.408122e+01
250936 7.288982e+01
251003 7.120427e+01
251042 6.857713e+01
251080 6.720265e+01
251354 6.649792e+01
251429 6.612821e+01
251449 6.502950e+01
251478 6.334785e+01
251606 6.232403e+01
251696 6.169384e+01
251894 6.057721e+01
252027 5.926375e+01
252039 5.876337e+01
252089 5.700442e+01
252146 5.378119e+01
252200 5.332320e+01
252203 5.172854e+01
252363 5.144623e+01
252365 5.054202e+01
252429 5.003101e+01
252440 4.853984e+01
252494 4.681492e+01
252512 4.632977e+01
252600 4.549354e+01
252633 4.544934e+01
252634 4.322101e+01
252816 4.282248e+01
252831 4.143342e+01
252878 4.138758e+01
252948 3.877943e+01
252991 3.845005e+01
253047 3.799276e+01
253082 3.714496e+01
253196 3.641008e+01
253264 3.588918e+01
253377 3.586058e+01
253428 3.366594e+01
253528 3.362596e+01
253545 3.354457e+01
253596 3.207102e+01
253681 3.161612e+01
253735 3.124112e+01
253941 3.043985e+01
254002 2.837320e+01
254109 2.755959e+01
254191 2.691269e+01
254192 2.452883e+01
254418 2.434851e+01
254450 2.268130e+01
254499 2.219825e+01
254609 2.200461e+01
254735 2.124268e+01
254759 2.042991e+01
254824 2.020384e+01
254974 1.995146e+01
255019 1.972268e+01
255050 1.958120e+01
255101 1.942874e+01
255112 1.892074e+01
255139 1.885684e+01
255170 1.779511e+01
255204 1.659676e+01
255346 1.658047e+01
255415 1.628036e+01
255437 1.582499e+01
255482 1.539134e+01
255566 1.509856e+01
255618 1.507236e+01
255679 1.484690e+01
255692 1.468469e+01
255709 1.343876e+01
255723 1.300280e+01
255877 1.193725e+01
255943 1.156483e+01
255964 1.149123e+01
256116 1.081406e+01
256401 1.072628e+01
256438 1.060087e+01
256439 1.029813e+01
256440 1.003592e+01
256444 8.720684e+00
256766 8.528789e+00
256770 8.429957e+00
256833 8.285901e+00
256853 8.077221e+00
257004 7.863456e+00
257010 7.388353e+00
257089 7.341614e+00
257139 6.976119e+00
257194 6.585854e+00
257247 6.270819e+00
257266 6.239041e+00
257324 6.110040e+00
257365 6.051404e+00
257409 6.037613e+00
257439 5.898230e+00
257473 5.551916e+00
257507 5.354609e+00
257526 4.980089e+00
257577 4.851076e+00
257622 4.768606e+00
257679 4.667865e+00
257711 4.493441e+00
257786 4.466051e+00
257822 4.216427e+00
258026 4.027070e+00
258130 3.944139e+00
258147 3.912056e+00
258171 3.869861e+00
258187 3.719374e+00
258384 3.414868e+00
258535 3.280160e+00
258838 3.169503e+00
258844 3.122758e+00
258914 3.092062e+00
258947 3.055061e+00
258970 3.004150e+00
259027 2.909212e+00
259084 2.894793e+00
259103 2.794331e+00
259148 2.777308e+00
259187 2.732095e+00
259193 2.688090e+00
259230 2.515520e+00
259269 2.452010e+00
259482 2.383658e+00
259625 2.374702e+00
259636 2.277515e+00
259639 2.087835e+00
259768 2.030006e+00
259824 2.029268e+00
259869 1.789793e+00
259998 1.761079e+00
260016 1.671765e+00
260260 1.644616e+00
260268 1.493330e+00
260369 1.425140e+00
260380 1.307204e+00
260381 1.293384e+00
260436 1.290685e+00
260481 1.243213e+00
260605 1.036486e+00
260789 8.503432e-01
260958 8.124371e-01
261048 7.889207e-01
261158 7.577978e-01
261166 6.777554e-01
261283 6.243058e-01
261440 5.020660e-01
261486 4.929236e-01
261571 4.795834e-01
261577 3.786804e-01
261638 3.585352e-01
261681 3.453580e-01
261731 3.387265e-01
261770 3.201321e-01
261794 3.141600e-01
261844 2.864232e-01
261907 2.812798e-01
261931 2.809372e-01
261937 2.772169e-01
261959 2.649785e-01
261973 2.559477e-01
261983 2.526234e-01
261987 2.256499e-01
262043 1.990619e-01
262141 1.697991e-01
262172 1.654699e-01
262245 1.647809e-01
262279 1.565476e-01
262354 1.524259e-01
262407 1.284849e-01
262492 1.193269e-01
262532 1.179115e-01
262579 1.090150e-01
262597 1.041709e-01
262626 9.833716e-02
262677 8.683364e-02
262727 7.321074e-02
262822 6.988459e-02
262869 6.834282e-02
262899 5.970674e-02
262927 5.846062e-02
262934 5.721491e-02
263007 5.165794e-02
263113 4.768068e-02
263158 4.474681e-02
263192 4.370405e-02
263219 4.368698e-02
263233 4.347631e-02
263262 4.156866e-02
263298 3.971988e-02
263313 3.947394e-02
263314 3.721344e-02
263330 3.701166e-02
263353 3.510760e-02
263415 3.420825e-02
263423 3.276802e-02
263501 3.169410e-02
263592 3.068464e-02
263659 3.044166e-02
263671 3.029733e-02
263687 2.993552e-02
263745 2.891338e-02
263776 2.887728e-02
263790 2.519808e-02
263981 2.460603e-02
263988 2.456913e-02
263994 2.456771e-02
264006 2.451579e-02
264020 2.361724e-02
264070 2.284748e-02
264084 2.259444e-02
264163 2.151805e-02
264276 2.084772e-02
264402 2.059704e-02
264438 2.042486e-02
264473 2.040259e-02
264490 1.984015e-02
264562 1.946432e-02
264566 1.936001e-02
264610 1.893886e-02
264617 1.888507e-02
264644 1.877679e-02
264761 1.809167e-02
264763 1.797403e-02
264964 1.794748e-02
264982 1.757635e-02
265001 1.708521e-02
265155 1.702094e-02
265189 1.684728e-02
265234 1.623186e-02
265525 1.620353e-02
265587 1.591680e-02
265625 1.578476e-02
265649 1.571373e-02
265675 1.565549e-02
265719 1.546673e-02
265737 1.539847e-02
265836 1.515688e-02
265875 1.514542e-02
265917 1.489851e-02
265951 1.467372e-02
266021 1.444343e-02
266117 1.428188e-02
266133 1.410442e-02
266175 1.398278e-02
266347 1.385317e-02
266364 1.384019e-02
266443 1.360308e-02
266522 1.345188e-02
266560 1.331822e-02
266658 1.324075e-02
266727 1.312410e-02
266776 1.258904e-02
266781 1.198969e-02
266824 1.156111e-02
266950 1.128264e-02
266977 1.115224e-02
267186 1.107002e-02
267242 1.081129e-02
267293 1.065172e-02
267332 1.029203e-02
267427 9.999716e-03
267473 9.946537e-03
267512 9.574903e-03
267576 8.748542e-03
267745 8.489336e-03
267871 8.344852e-03
267950 8.255652e-03
268170 7.867337e-03
268216 7.645306e-03
268251 7.061049e-03
268283 6.709412e-03
268328 6.420580e-03
268372 5.532456e-03
268456 5.468157e-03
268541 5.184001e-03
268651 5.013910e-03
269007 4.477559e-03
269037 4.381744e-03
269071 4.181795e-03
269072 4.169081e-03
269073 4.109450e-03
269121 3.977142e-03
269222 3.698028e-03
269261 3.692775e-03
269297 3.420905e-03
269309 3.104976e-03
269354 2.757488e-03
269553 2.720505e-03
269600 2.625224e-03
269601 2.265177e-03
269702 2.198246e-03
269799 2.172341e-03
269887 2.170684e-03
269947 2.127104e-03
269997 2.039808e-03
270039 2.028253e-03
270047 1.914585e-03
270073 1.860642e-03
270217 1.835101e-03
270227 1.825035e-03
270261 1.762077e-03
270320 1.754529e-03
270340 1.691399e-03
270466 1.646324e-03
270596 1.639748e-03
270629 1.559525e-03
270632 1.545388e-03
270750 1.545128e-03
270769 1.514683e-03
270804 1.490617e-03
270841 1.418930e-03
271006 1.363577e-03
271063 1.325380e-03
271126 1.321929e-03
271181 1.290309e-03
271390 1.286459e-03
271419 1.243409e-03
271469 1.237814e-03
271594 1.184482e-03
271786 1.152965e-03
271851 1.144574e-03
272089 1.110721e-03
272201 1.088421e-03
272209 1.045567e-03
272221 1.039532e-03
272239 1.028776e-03
272296 9.807978e-04
272366 9.682182e-04
272367 9.538142e-04
272387 9.436012e-04
272439 8.947636e-04
272504 8.821940e-04
272534 8.740392e-04
272654 8.359146e-04
272750 8.262202e-04
272805 8.228212e-04
272824 7.650636e-04
272844 7.486554e-04
272935 7.316630e-04
272978 7.221955e-04
273040 7.021743e-04
273097 6.910688e-04
273103 6.366151e-04
273195 5.642874e-04
273400 5.527247e-04
273489 5.073182e-04
273493 5.049813e-04
273494 4.903438e-04
273550 4.727614e-04
273590 4.694944e-04
273615 4.403303e-04
273687 3.808692e-04
273954 3.647319e-04
273979 3.533997e-04
274012 3.367001e-04
274032 3.300355e-04
274053 3.265378e-04
274057 3.083010e-04
274108 2.957960e-04
274129 2.669872e-04
274249 2.283569e-04
274268 2.184302e-04
274308 2.140791e-04
274343 2.053342e-04
274397 1.929729e-04
274521 1.879031e-04
274524 1.778717e-04
274579 1.766603e-04
274616 1.500563e-04
274618 1.478491e-04
274738 1.414944e-04
274931 1.322287e-04
275080 1.056419e-04
275218 8.604007e-05
275304 8.113213e-05
275337 7.334941e-05
275350 6.795671e-05
275355 6.361884e-05
275420 6.260646e-05
275446 6.074765e-05
275450 5.341954e-05
275472 5.191218e-05
275528 5.134206e-05
275531 5.027959e-05
275543 4.613515e-05
275563 3.804958e-05
275598 3.604807e-05
275656 3.513216e-05
275675 3.409855e-05
275686 3.140118e-05
275709 2.716620e-05
275754 2.203227e-05
275871 2.177944e-05
275903 2.176916e-05
275931 1.975546e-05
275960 1.844043e-05
276006 1.754988e-05
276090 1.596301e-05
276096 1.485589e-05
276127 1.208189e-05
276205 1.093496e-05
276229 1.068857e-05
276259 9.615691e-06
276277 9.479122e-06
276288 9.310075e-06
276291 8.979511e-06
276346 7.075411e-06
276446 6.530212e-06
276456 6.445123e-06
276460 6.148712e-06
276498 4.672179e-06
276538 4.581585e-06
276607 4.002605e-06
276630 3.238185e-06
276741 3.201377e-06
276753 3.026067e-06
276774 2.926832e-06
276781 2.382654e-06
276796 2.351040e-06
276914 1.981609e-06
276986 1.767636e-06
277074 1.713460e-06
277082 1.558918e-06
277107 1.492984e-06
277111 1.326407e-06
277157 1.189959e-06
277192 1.139229e-06
277215 1.138891e-06
277223 1.047447e-06
277349 1.030285e-06
277358 1.016637e-06
277361 7.699433e-07
277390 7.040804e-07
277419 6.993164e-07
277436 6.210648e-07
277616 6.102142e-07
277646 4.897607e-07
277688 3.981769e-07
277812 3.725121e-07
277852 3.379165e-07
277894 2.717262e-07
277987 2.548278e-07
278006 2.533716e-07
278076 2.196041e-07
278108 2.150192e-07
278114 2.046418e-07
278119 1.846988e-07
278303 1.656334e-07
278309 1.448305e-07
278344 1.329124e-07
278363 1.270103e-07
278382 1.068379e-07
278433 1.062397e-07
278441 1.002995e-07
278495 9.972366e-08
278511 8.430540e-08
278543 8.429131e-08
278619 5.889782e-08
278748 5.676961e-08
278754 5.523667e-08
278798 4.595576e-08
278871 3.615985e-08
278960 3.480056e-08
278986 3.456675e-08
278992 3.370382e-08
279023 2.935057e-08
279047 2.442710e-08
279149 2.392821e-08
279178 2.064314e-08
279241 1.791889e-08
279254 1.271879e-08
279443 1.191355e-08
279515 1.038500e-08
279536 9.340371e-09
441324 8.500816e-09
