1 5.624883e+03
2 5.432762e+03
3 4.456944e+03
6 4.361007e+03
7 4.167337e+03
9 3.867655e+03
10 2.629054e+03
148 2.323502e+03
925 2.304902e+03
1162 2.189798e+03
1257 2.175993e+03
1276 2.039254e+03
1341 2.011716e+03
1530 1.998639e+03
1819 1.961750e+03
1948 1.901929e+03
1981 1.506746e+03
2296 1.286009e+03
2324 1.234653e+03
2357 1.230824e+03
2372 9.898824e+02
2438 9.879550e+02
2462 8.009975e+02
2493 7.115578e+02
2520 6.589781e+02
2562 5.781510e+02
2607 5.504886e+02
2649 5.182910e+02
2679 5.152774e+02
2709 5.026905e+02
2724 4.957340e+02
2738 4.866898e+02
2806 4.861635e+02
2822 4.795552e+02
2861 4.755054e+02
2877 4.685767e+02
2954 4.661620e+02
3041 4.658793e+02
3059 4.658568e+02
3112 4.657337e+02
3149 4.653506e+02
3156 4.645117e+02
3158 4.641087e+02
3209 4.641060e+02
3219 4.640024e+02
3222 4.639611e+02
3263 4.636413e+02
3264 4.632721e+02
3316 4.632586e+02
3377 4.632484e+02
3386 4.632423e+02
3390 4.632310e+02
3404 4.631927e+02
3451 4.631905e+02
3454 4.631665e+02
3471 4.630883e+02
3524 4.630675e+02
3612 4.630435e+02
3697 4.630406e+02
3718 4.630386e+02
3759 4.630236e+02
3841 4.630203e+02
3937 4.630183e+02
3967 4.630181e+02
4008 4.630179e+02
4041 4.630163e+02
4173 4.630157e+02
4238 4.630157e+02
4243 4.630155e+02
4304 4.630154e+02
4360 4.630154e+02
4366 4.630154e+02
4387 4.630153e+02
4474 4.630153e+02
4480 4.630153e+02
4485 4.630153e+02
4515 4.630153e+02
4538 4.630153e+02
4541 4.630153e+02
4557 4.630153e+02
4563 4.630153e+02
4573 4.630153e+02
4588 4.630153e+02
4642 4.630153e+02
4647 4.630153e+02
4648 4.630153e+02
4667 4.630153e+02
4670 4.630153e+02
4673 4.630153e+02
4817 4.630153e+02
4820 4.630153e+02
4823 4.630153e+02
4902 4.630153e+02
4921 4.630153e+02
4929 4.630153e+02
4933 4.630153e+02
4972 4.630153e+02
4983 4.630153e+02
5043 4.630153e+02
5097 4.630153e+02
5369 4.630153e+02
5373 4.630153e+02
5417 4.630153e+02
5446 4.630153e+02
5475 4.630153e+02
5476 4.630153e+02
5507 4.630153e+02
5551 4.630153e+02
5665 4.630153e+02
5692 4.630153e+02
5810 4.630153e+02
5836 4.630153e+02
5859 4.630153e+02
5863 4.630153e+02
5885 4.630153e+02
5903 4.630153e+02
5912 4.630153e+02
5969 4.630153e+02
5971 4.630153e+02
5979 4.630153e+02
6040 4.630153e+02
6067 4.630153e+02
6070 4.630153e+02
6071 4.630153e+02
6072 4.630153e+02
6098 4.630153e+02
6108 4.630153e+02
6147 4.630153e+02
6161 4.630153e+02
6170 4.630153e+02
6241 4.630153e+02
6274 4.630153e+02
6278 4.630153e+02
6280 4.630153e+02
6286 4.630153e+02
14992 4.244810e+02
34660 2.945360e+02
34953 2.518962e+02
34962 2.327017e+02
35033 2.286365e+02
35092 1.763932e+02
35181 1.756906e+02
35192 1.718685e+02
35228 1.708786e+02
35245 1.704947e+02
35252 1.694719e+02
35286 1.686900e+02
35320 1.633204e+02
35344 1.611190e+02
35363 1.598044e+02
35386 1.588532e+02
35388 1.574339e+02
35390 1.566290e+02
35393 1.564370e+02
35426 1.552556e+02
35441 1.535030e+02
35455 1.532117e+02
35477 1.525986e+02
35515 1.517272e+02
35516 1.499880e+02
35541 1.496434e+02
35676 1.493059e+02
35678 1.490076e+02
35682 1.489376e+02
35757 1.483332e+02
35764 1.481586e+02
35889 1.479266e+02
35923 1.476153e+02
35937 1.476004e+02
35959 1.474920e+02
35960 1.472694e+02
36017 1.471718e+02
36073 1.471382e+02
36088 1.470962e+02
36098 1.470781e+02
36106 1.470408e+02
36137 1.469275e+02
36240 1.468488e+02
36248 1.468091e+02
36295 1.468059e+02
36316 1.467673e+02
36322 1.467656e+02
36343 1.467409e+02
36375 1.467378e+02
36436 1.467260e+02
36522 1.467211e+02
36639 1.467177e+02
36669 1.467170e+02
36676 1.467159e+02
36677 1.467143e+02
36684 1.467140e+02
36817 1.467133e+02
36819 1.467130e+02
36837 1.467129e+02
36868 1.467126e+02
36903 1.467125e+02
36949 1.467122e+02
36971 1.467121e+02
37002 1.467121e+02
37024 1.467120e+02
37103 1.467120e+02
37161 1.467120e+02
37204 1.467119e+02
37221 1.467119e+02
37258 1.467119e+02
37272 1.467119e+02
37303 1.467119e+02
37327 1.467119e+02
37369 1.467119e+02
37390 1.467119e+02
37391 1.467119e+02
37408 1.467119e+02
37464 1.467119e+02
37465 1.467119e+02
37496 1.467119e+02
37514 1.467119e+02
37533 1.467119e+02
37566 1.467119e+02
37594 1.467119e+02
37643 1.467119e+02
37672 1.467119e+02
37704 1.467119e+02
37733 1.467119e+02
37734 1.467119e+02
37770 1.467119e+02
37791 1.467119e+02
37818 1.467119e+02
37822 1.467119e+02
37824 1.467119e+02
37866 1.467119e+02
37924 1.467119e+02
37963 1.467119e+02
37968 1.467119e+02
37982 1.467119e+02
37997 1.467119e+02
38022 1.467119e+02
38057 1.467119e+02
38176 1.467119e+02
38195 1.467119e+02
38217 1.467119e+02
38233 1.467119e+02
38273 1.467119e+02
38329 1.467119e+02
38340 1.467119e+02
38353 1.467119e+02
38357 1.467119e+02
38397 1.467119e+02
38411 1.467119e+02
38467 1.467119e+02
38472 1.467119e+02
38533 1.467119e+02
38575 1.467119e+02
38665 1.467119e+02
38728 1.467119e+02
38739 1.467119e+02
38873 1.467119e+02
38904 1.467119e+02
38941 1.467119e+02
38969 1.467119e+02
39089 1.467119e+02
39093 1.467119e+02
39140 1.467119e+02
39152 1.467119e+02
39194 1.467119e+02
39205 1.467119e+02
49652 1.227112e+02
49997 1.197184e+02
50020 1.175235e+02
50056 1.036871e+02
50069 7.897364e+01
50150 6.876144e+01
50523 6.753049e+01
50534 5.364016e+01
50675 5.167045e+01
50681 4.186230e+01
50688 3.604509e+01
50970 3.404904e+01
50985 3.397681e+01
51086 3.360103e+01
51108 2.936209e+01
51134 2.620238e+01
51214 2.360029e+01
51268 2.239809e+01
51341 2.150671e+01
51503 2.131803e+01
51508 2.129295e+01
51606 2.058352e+01
51654 2.017600e+01
51677 2.015678e+01
51768 1.985681e+01
51814 1.959895e+01
51860 1.917889e+01
51942 1.904230e+01
52141 1.902971e+01
52145 1.901230e+01
52161 1.900861e+01
52170 1.894166e+01
52231 1.893719e+01
52295 1.892225e+01
52427 1.891720e+01
52434 1.890180e+01
52461 1.889378e+01
52483 1.887476e+01
52518 1.883700e+01
52592 1.883406e+01
52612 1.881878e+01
52696 1.881103e+01
52711 1.880252e+01
52896 1.879723e+01
52952 1.879705e+01
53016 1.879199e+01
53121 1.879126e+01
53155 1.879007e+01
53237 1.878853e+01
53298 1.878846e+01
53514 1.878766e+01
53612 1.878734e+01
53616 1.878622e+01
53643 1.878617e+01
53714 1.878589e+01
53767 1.878560e+01
53783 1.878527e+01
53790 1.878487e+01
53972 1.878464e+01
54048 1.878462e+01
54283 1.878461e+01
54306 1.878455e+01
54334 1.878453e+01
54344 1.878452e+01
54373 1.878444e+01
54546 1.878442e+01
54591 1.878439e+01
54733 1.878439e+01
54737 1.878438e+01
54780 1.878438e+01
54943 1.878437e+01
55035 1.878437e+01
55041 1.878436e+01
55268 1.878436e+01
55332 1.878436e+01
55378 1.878436e+01
55395 1.878436e+01
55428 1.878436e+01
55451 1.878436e+01
55513 1.878436e+01
55603 1.878436e+01
55673 1.878436e+01
55725 1.878436e+01
56046 1.878436e+01
56057 1.878436e+01
56155 1.878436e+01
56172 1.878436e+01
56185 1.878436e+01
56197 1.878436e+01
56292 1.878436e+01
56323 1.878436e+01
56374 1.878436e+01
56413 1.878436e+01
56456 1.878436e+01
56473 1.878436e+01
56559 1.878436e+01
56654 1.878436e+01
56792 1.878436e+01
56849 1.878436e+01
56854 1.878436e+01
56878 1.878436e+01
57097 1.878436e+01
57132 1.878436e+01
57213 1.878436e+01
57226 1.878436e+01
57313 1.878436e+01
57318 1.878436e+01
57486 1.878436e+01
57515 1.878436e+01
57518 1.878436e+01
57651 1.878436e+01
57818 1.878436e+01
57841 1.878436e+01
57922 1.878436e+01
57938 1.878436e+01
57958 1.878436e+01
57970 1.878436e+01
58084 1.878436e+01
58133 1.878436e+01
58157 1.878436e+01
58181 1.878436e+01
58241 1.878436e+01
58280 1.878436e+01
58364 1.878436e+01
58382 1.878436e+01
58484 1.878436e+01
58485 1.878436e+01
58527 1.878436e+01
58585 1.878436e+01
58728 1.878436e+01
58750 1.878436e+01
58921 1.878436e+01
58933 1.878436e+01
84679 1.414741e+01
85494 1.276399e+01
85498 1.189743e+01
85545 1.078331e+01
85626 9.679615e+00
85666 8.928146e+00
85821 8.562657e+00
85839 8.218111e+00
85857 7.454172e+00
85952 6.943509e+00
86174 6.842270e+00
86382 6.419945e+00
86506 6.399889e+00
86531 5.124454e+00
86795 4.875685e+00
86950 4.568152e+00
87002 4.227904e+00
87413 4.211507e+00
87451 3.954100e+00
87872 3.911182e+00
87975 3.860607e+00
88001 3.811982e+00
88342 3.786362e+00
88424 3.785644e+00
88473 3.753646e+00
88644 3.747474e+00
88740 3.743678e+00
88770 3.700281e+00
88962 3.694320e+00
89078 3.680694e+00
89408 3.678274e+00
89472 3.674745e+00
89693 3.673401e+00
89816 3.673163e+00
89942 3.671609e+00
89949 3.671267e+00
89996 3.669032e+00
90002 3.668664e+00
90274 3.667594e+00
90366 3.666699e+00
90385 3.666171e+00
90394 3.665995e+00
90494 3.665645e+00
90878 3.665376e+00
91141 3.665321e+00
91188 3.665278e+00
91226 3.665146e+00
91374 3.665134e+00
91436 3.665099e+00
91525 3.664948e+00
91702 3.664937e+00
91724 3.664919e+00
91985 3.664872e+00
92011 3.664853e+00
92096 3.664847e+00
92183 3.664837e+00
92227 3.664827e+00
92301 3.664823e+00
92447 3.664812e+00
92619 3.664811e+00
92738 3.664808e+00
92793 3.664806e+00
92794 3.664798e+00
92853 3.664796e+00
92872 3.664792e+00
93063 3.664790e+00
93163 3.664787e+00
93217 3.664785e+00
93378 3.664784e+00
93406 3.664784e+00
93415 3.664783e+00
93434 3.664782e+00
93613 3.664781e+00
93680 3.664780e+00
93996 3.664780e+00
94080 3.664780e+00
94158 3.664779e+00
94406 3.664779e+00
94574 3.664779e+00
94591 3.664779e+00
94776 3.664779e+00
94997 3.664779e+00
95032 3.664779e+00
95056 3.664779e+00
95192 3.664779e+00
95221 3.664779e+00
95302 3.664779e+00
95521 3.664779e+00
95541 3.664779e+00
95589 3.664779e+00
95594 3.664779e+00
95622 3.664778e+00
95668 3.664778e+00
95912 3.664778e+00
96045 3.664778e+00
96167 3.664778e+00
96185 3.664778e+00
96354 3.664778e+00
96434 3.664778e+00
96505 3.664778e+00
96646 3.664778e+00
96814 3.664778e+00
96848 3.664778e+00
96994 3.664778e+00
97090 3.664778e+00
97098 3.664778e+00
97314 3.664778e+00
97513 3.664778e+00
97611 3.664778e+00
97803 3.664778e+00
97915 3.664778e+00
97987 3.664778e+00
98108 3.664778e+00
98196 3.664778e+00
98213 3.664778e+00
98784 3.664778e+00
98856 3.664778e+00
98895 3.664778e+00
98954 3.664778e+00
99188 3.664778e+00
99294 3.664778e+00
99301 3.664778e+00
99424 3.664778e+00
99504 3.664778e+00
99594 3.664778e+00
99797 3.664778e+00
99931 3.664778e+00
