1 3.087342e+03
2 2.324816e+03
11 1.977077e+03
12 1.099403e+03
46 1.014435e+03
52 8.728522e+02
57 7.735841e+02
90 6.588055e+02
100 6.198506e+02
112 5.875233e+02
119 5.646527e+02
140 5.356799e+02
198 5.273721e+02
259 5.225100e+02
349 5.099677e+02
385 5.017129e+02
394 4.882303e+02
420 4.633232e+02
434 4.462241e+02
609 4.299761e+02
926 4.239070e+02
942 4.136583e+02
1060 4.112279e+02
1071 3.964645e+02
1160 3.944586e+02
1187 3.862179e+02
1337 3.842365e+02
1491 3.713571e+02
1550 3.693573e+02
1599 3.677190e+02
1600 3.676473e+02
1701 3.674324e+02
1709 3.617343e+02
1722 3.574273e+02
1865 3.560629e+02
1872 3.531970e+02
1904 3.423322e+02
2225 3.359237e+02
2298 3.344113e+02
2482 3.343216e+02
2517 3.306136e+02
2532 3.302761e+02
2546 3.253918e+02
2662 3.220093e+02
2701 3.154396e+02
3014 3.124818e+02
3120 3.121548e+02
3138 3.079491e+02
3209 3.053086e+02
3225 3.050737e+02
3244 2.999798e+02
3501 2.826982e+02
4456 2.800548e+02
4685 2.758617e+02
4839 2.722852e+02
5005 2.716239e+02
5228 2.701304e+02
5384 2.696603e+02
5417 2.622811e+02
5719 2.617402e+02
5810 2.604211e+02
5968 2.596122e+02
5999 2.583068e+02
6068 2.561615e+02
6201 2.554446e+02
6347 2.548094e+02
6549 2.543094e+02
6553 2.534013e+02
6759 2.523305e+02
6814 2.491479e+02
6940 2.488917e+02
6998 2.478523e+02
7294 2.466474e+02
7407 2.463224e+02
7418 2.459208e+02
7471 2.456028e+02
7477 2.450124e+02
7484 2.446634e+02
7528 2.441083e+02
7561 2.417100e+02
7954 2.409645e+02
8218 2.405242e+02
8253 2.400470e+02
8262 2.390648e+02
8360 2.389853e+02
8388 2.377062e+02
8429 2.367325e+02
8669 2.361754e+02
8682 2.356833e+02
8904 2.354826e+02
8978 2.350616e+02
8996 2.350094e+02
9036 2.348289e+02
9128 2.341617e+02
9208 2.340737e+02
9391 2.340078e+02
9513 2.339397e+02
9568 2.339245e+02
9569 2.334487e+02
9673 2.332273e+02
9717 2.326084e+02
9793 2.325281e+02
9875 2.323597e+02
9889 2.318187e+02
9992 2.311964e+02
10072 2.305119e+02
10183 2.298154e+02
10718 2.293084e+02
10814 2.292182e+02
11091 2.286958e+02
11180 2.283851e+02
11240 2.280613e+02
11312 2.279957e+02
11351 2.274671e+02
11667 2.270301e+02
11939 2.270018e+02
11982 2.269639e+02
12027 2.269632e+02
12044 2.268941e+02
12064 2.264674e+02
12078 2.262926e+02
12361 2.258752e+02
12471 2.257380e+02
12616 2.255805e+02
12619 2.252659e+02
13008 2.250238e+02
13273 2.247502e+02
13286 2.247155e+02
13374 2.246839e+02
13544 2.245111e+02
13600 2.241562e+02
13744 2.239693e+02
13806 2.238833e+02
13964 2.238729e+02
13985 2.238707e+02
13986 2.234966e+02
13990 2.230542e+02
14443 2.229671e+02
14510 2.229643e+02
14663 2.228454e+02
14803 2.227811e+02
14805 2.224087e+02
14978 2.222865e+02
15333 2.220095e+02
15845 2.216691e+02
16035 2.216631e+02
16045 2.216077e+02
16279 2.216025e+02
16309 2.215521e+02
16419 2.213301e+02
16468 2.212682e+02
16514 2.212295e+02
16712 2.211687e+02
16774 2.210291e+02
16997 2.208748e+02
17320 2.208309e+02
17360 2.207822e+02
17389 2.207781e+02
17396 2.206969e+02
17499 2.206482e+02
17520 2.206311e+02
17596 2.206018e+02
17630 2.205909e+02
17646 2.205223e+02
17686 2.205099e+02
17699 2.204946e+02
17800 2.204809e+02
17804 2.204318e+02
17832 2.204303e+02
18012 2.203764e+02
18183 2.203524e+02
18301 2.202078e+02
18696 2.201585e+02
18816 2.201509e+02
18994 2.201338e+02
19043 2.201038e+02
19119 2.201008e+02
19172 2.200935e+02
19186 2.200821e+02
19310 2.200757e+02
19345 2.200427e+02
19347 2.199947e+02
19427 2.199931e+02
19578 2.199929e+02
19610 2.199651e+02
19621 2.199615e+02
19753 2.199598e+02
19855 2.199577e+02
19871 2.199562e+02
19885 2.199244e+02
19897 2.199092e+02
19909 2.198940e+02
19946 2.198448e+02
20514 2.198406e+02
20578 2.198351e+02
20601 2.198347e+02
20796 2.198079e+02
20860 2.197953e+02
20895 2.197942e+02
21029 2.197710e+02
21120 2.197429e+02
21293 2.197338e+02
21372 2.197264e+02
21378 2.197249e+02
21386 2.197198e+02
21455 2.197171e+02
21459 2.197140e+02
21497 2.197118e+02
21522 2.197091e+02
21557 2.197061e+02
21696 2.196918e+02
21702 2.196712e+02
21802 2.196582e+02
21960 2.196561e+02
21966 2.196548e+02
21998 2.196484e+02
22074 2.196410e+02
22118 2.196360e+02
22467 2.196345e+02
22508 2.196278e+02
22699 2.196181e+02
22720 2.196165e+02
22740 2.196061e+02
22838 2.195906e+02
23135 2.195898e+02
23210 2.195816e+02
23227 2.195789e+02
23231 2.195774e+02
23275 2.195744e+02
23341 2.195721e+02
23414 2.195707e+02
23471 2.195668e+02
23511 2.195545e+02
23680 2.195518e+02
23709 2.195515e+02
23726 2.195499e+02
23839 2.195428e+02
23880 2.195421e+02
23943 2.195393e+02
23955 2.195364e+02
24012 2.195326e+02
24191 2.195306e+02
24197 2.195289e+02
24217 2.195286e+02
24237 2.195278e+02
24293 2.195272e+02
24299 2.195247e+02
24333 2.195222e+02
24442 2.195188e+02
24484 2.195146e+02
24644 2.195138e+02
24734 2.195124e+02
24759 2.195077e+02
24811 2.195064e+02
24904 2.195059e+02
24957 2.194994e+02
25152 2.194982e+02
25239 2.194931e+02
25271 2.194920e+02
25274 2.194908e+02
25565 2.194883e+02
25625 2.194858e+02
25635 2.194857e+02
25736 2.194823e+02
26035 2.194801e+02
26163 2.194786e+02
26214 2.194749e+02
26357 2.194742e+02
26365 2.194740e+02
26384 2.194714e+02
26400 2.194705e+02
26504 2.194698e+02
26569 2.194694e+02
26671 2.194634e+02
26869 2.194629e+02
26959 2.194596e+02
27070 2.194583e+02
27309 2.194572e+02
27427 2.194525e+02
27847 2.194518e+02
28018 2.194516e+02
28022 2.194512e+02
28110 2.194510e+02
28112 2.194496e+02
28144 2.194483e+02
28192 2.194472e+02
28415 2.194465e+02
28536 2.194455e+02
28605 2.194440e+02
28713 2.194436e+02
28873 2.194436e+02
28882 2.194433e+02
28935 2.194413e+02
29213 2.194411e+02
29217 2.194410e+02
29228 2.194409e+02
29242 2.194403e+02
29277 2.194391e+02
29414 2.194387e+02
29438 2.194385e+02
29608 2.194378e+02
29635 2.194371e+02
29658 2.194365e+02
29768 2.194359e+02
29789 2.194351e+02
30008 2.194347e+02
30022 2.194343e+02
30240 2.194343e+02
30246 2.194340e+02
30275 2.194339e+02
30370 2.194317e+02
30802 2.194316e+02
30891 2.194315e+02
30904 2.194311e+02
30916 2.194310e+02
30941 2.194306e+02
30953 2.194300e+02
31067 2.194300e+02
31302 2.194297e+02
31325 2.194296e+02
31371 2.194296e+02
31413 2.194293e+02
31466 2.194288e+02
31672 2.194288e+02
31719 2.194285e+02
31824 2.194284e+02
31845 2.194284e+02
32048 2.194282e+02
32079 2.194278e+02
32460 2.194273e+02
32626 2.194267e+02
33048 2.194267e+02
33062 2.194261e+02
33443 2.194260e+02
33557 2.194260e+02
33608 2.194259e+02
33640 2.194256e+02
33823 2.194255e+02
33880 2.194255e+02
33885 2.194254e+02
33932 2.194253e+02
33938 2.194252e+02
33967 2.194252e+02
33986 2.194250e+02
34055 2.194249e+02
34269 2.194249e+02
34325 2.194248e+02
34328 2.194246e+02
34778 2.194244e+02
34841 2.194243e+02
34861 2.194243e+02
35004 2.194242e+02
35073 2.194240e+02
35104 2.194240e+02
35238 2.194240e+02
35299 2.194240e+02
35300 2.194240e+02
35368 2.194239e+02
35404 2.194238e+02
35545 2.194237e+02
35749 2.194236e+02
35772 2.194236e+02
36088 2.194235e+02
36101 2.194235e+02
36124 2.194235e+02
36134 2.194235e+02
36188 2.194234e+02
36260 2.194234e+02
36266 2.194233e+02
36407 2.194232e+02
36502 2.194232e+02
36646 2.194232e+02
36730 2.194232e+02
36775 2.194231e+02
36966 2.194231e+02
37056 2.194231e+02
37170 2.194230e+02
37171 2.194230e+02
37217 2.194230e+02
37567 2.194230e+02
37618 2.194229e+02
37773 2.194229e+02
37791 2.194228e+02
38124 2.194228e+02
38150 2.194228e+02
38272 2.194228e+02
38357 2.194227e+02
38484 2.194227e+02
38489 2.194227e+02
38617 2.194227e+02
38682 2.194227e+02
38721 2.194227e+02
38739 2.194227e+02
38831 2.194226e+02
39050 2.194226e+02
39250 2.194226e+02
39354 2.194226e+02
39460 2.194226e+02
39572 2.194226e+02
39573 2.194225e+02
39897 2.194225e+02
39933 2.194225e+02
39935 2.194225e+02
39947 2.194225e+02
40021 2.194225e+02
40048 2.194225e+02
40061 2.194225e+02
40174 2.194225e+02
40183 2.194225e+02
40352 2.194225e+02
40365 2.194225e+02
40384 2.194225e+02
40412 2.194225e+02
40446 2.194225e+02
40524 2.194225e+02
40562 2.194225e+02
40648 2.194225e+02
40874 2.194225e+02
40945 2.194225e+02
40958 2.194225e+02
41029 2.194225e+02
41104 2.194224e+02
41160 2.194224e+02
41307 2.194224e+02
41308 2.194224e+02
41314 2.194224e+02
41441 2.194224e+02
41521 2.194224e+02
41567 2.194224e+02
41647 2.194224e+02
41680 2.194224e+02
41714 2.194224e+02
41806 2.194224e+02
41913 2.194224e+02
41922 2.194224e+02
41976 2.194224e+02
41999 2.194224e+02
42156 2.194224e+02
42311 2.194224e+02
42321 2.194224e+02
42382 2.194224e+02
42529 2.194224e+02
42604 2.194224e+02
42618 2.194224e+02
42650 2.194224e+02
42716 2.194224e+02
42737 2.194224e+02
42738 2.194224e+02
42758 2.194224e+02
42784 2.194224e+02
42890 2.194224e+02
42900 2.194224e+02
43183 2.194224e+02
43365 2.194224e+02
43394 2.194224e+02
43432 2.194224e+02
43445 2.194224e+02
43533 2.194224e+02
43640 2.194224e+02
43797 2.194224e+02
43883 2.194224e+02
43916 2.194224e+02
43972 2.194224e+02
43986 2.194224e+02
44058 2.194224e+02
44089 2.194224e+02
44175 2.194224e+02
44179 2.194224e+02
44234 2.194224e+02
44252 2.194224e+02
44309 2.194224e+02
44313 2.194224e+02
44466 2.194224e+02
44502 2.194223e+02
44780 2.194223e+02
44791 2.194223e+02
44827 2.194223e+02
44866 2.194223e+02
44978 2.194223e+02
44988 2.194223e+02
45059 2.194223e+02
45080 2.194223e+02
45114 2.194223e+02
45174 2.194223e+02
45191 2.194223e+02
45271 2.194223e+02
45473 2.194223e+02
45481 2.194223e+02
45508 2.194223e+02
45519 2.194223e+02
45546 2.194223e+02
45638 2.194223e+02
45735 2.194223e+02
45779 2.194223e+02
45891 2.194223e+02
45927 2.194223e+02
45998 2.194223e+02
46015 2.194223e+02
46018 2.194223e+02
46081 2.194223e+02
46120 2.194223e+02
46150 2.194223e+02
46180 2.194223e+02
46181 2.194223e+02
46199 2.194223e+02
46254 2.194223e+02
46336 2.194223e+02
46474 2.194223e+02
46490 2.194223e+02
46505 2.194223e+02
46624 2.194223e+02
46754 2.194223e+02
46815 2.194223e+02
46850 2.194223e+02
46989 2.194223e+02
47126 2.194223e+02
47160 2.194223e+02
47255 2.194223e+02
47313 2.194223e+02
47378 2.194223e+02
47474 2.194223e+02
47530 2.194223e+02
47775 2.194223e+02
47821 2.194223e+02
47934 2.194223e+02
48044 2.194223e+02
48110 2.194223e+02
48334 2.194223e+02
48372 2.194223e+02
48479 2.194223e+02
48559 2.194223e+02
48762 2.194223e+02
48804 2.194223e+02
48868 2.194223e+02
48896 2.194223e+02
48925 2.194223e+02
48967 2.194223e+02
49132 2.194223e+02
49137 2.194223e+02
49316 2.194223e+02
49346 2.194223e+02
49469 2.194223e+02
49540 2.194223e+02
49546 2.194223e+02
49571 2.194223e+02
49577 2.194223e+02
49581 2.194223e+02
49726 2.194223e+02
49837 2.194223e+02
49945 2.194223e+02
49971 2.194223e+02
49986 2.194223e+02
50029 2.194223e+02
50031 2.194223e+02
50042 2.194223e+02
50133 2.194223e+02
50241 2.194223e+02
50308 2.194223e+02
50325 2.194223e+02
50329 2.194223e+02
50389 2.194223e+02
50457 2.194223e+02
50472 2.194223e+02
50490 2.194223e+02
50544 2.194223e+02
50594 2.194223e+02
50633 2.194223e+02
50841 2.194223e+02
50891 2.194223e+02
51107 2.194223e+02
51155 2.194223e+02
51198 2.194223e+02
51286 2.194223e+02
51289 2.194223e+02
51327 2.194223e+02
51342 2.194223e+02
51364 2.194223e+02
51403 2.194223e+02
51489 2.194223e+02
51550 2.194223e+02
51656 2.194223e+02
51740 2.194223e+02
51861 2.194223e+02
52006 2.194223e+02
52093 2.194223e+02
52240 2.194223e+02
52265 2.194223e+02
52318 2.194223e+02
52355 2.194223e+02
52358 2.194223e+02
52459 2.194223e+02
52519 2.194223e+02
52560 2.194223e+02
52637 2.194223e+02
52738 2.194223e+02
52749 2.194223e+02
52754 2.194223e+02
52787 2.194223e+02
52802 2.194223e+02
52812 2.194223e+02
52948 2.194223e+02
53061 2.194223e+02
53092 2.194223e+02
53163 2.194223e+02
53186 2.194223e+02
53193 2.194223e+02
53249 2.194223e+02
53392 2.194223e+02
53428 2.194223e+02
53447 2.194223e+02
53508 2.194223e+02
53521 2.194223e+02
53524 2.194223e+02
53649 2.194223e+02
53736 2.194223e+02
53747 2.194223e+02
53781 2.194223e+02
53830 2.194223e+02
53851 2.194223e+02
53965 2.194223e+02
53980 2.194223e+02
54044 2.194223e+02
54106 2.194223e+02
54217 2.194223e+02
54307 2.194223e+02
54503 2.194223e+02
54632 2.194223e+02
54664 2.194223e+02
54682 2.194223e+02
54818 2.194223e+02
54822 2.194223e+02
54911 2.194223e+02
54964 2.194223e+02
55117 2.194223e+02
55183 2.194223e+02
55210 2.194223e+02
55231 2.194223e+02
55240 2.194223e+02
55253 2.194223e+02
55268 2.194223e+02
55272 2.194223e+02
55279 2.194223e+02
55286 2.194223e+02
55327 2.194223e+02
55335 2.194223e+02
55345 2.194223e+02
55377 2.194223e+02
55425 2.194223e+02
55427 2.194223e+02
55485 2.194223e+02
55499 2.194223e+02
55525 2.194223e+02
55553 2.194223e+02
55592 2.194223e+02
55720 2.194223e+02
55795 2.194223e+02
55858 2.194223e+02
55972 2.194223e+02
56148 2.194223e+02
56189 2.194223e+02
56225 2.194223e+02
56309 2.194223e+02
56342 2.194223e+02
56381 2.194223e+02
56430 2.194223e+02
56472 2.194223e+02
56504 2.194223e+02
56647 2.194223e+02
56686 2.194223e+02
56725 2.194223e+02
56767 2.194223e+02
56838 2.194223e+02
56857 2.194223e+02
56875 2.194223e+02
56904 2.194223e+02
56958 2.194223e+02
56961 2.194223e+02
56965 2.194223e+02
57107 2.194223e+02
57139 2.194223e+02
57189 2.194223e+02
57360 2.194223e+02
57363 2.194223e+02
57392 2.194223e+02
57425 2.194223e+02
57770 2.194223e+02
57911 2.194223e+02
57918 2.194223e+02
57961 2.194223e+02
58022 2.194223e+02
58076 2.194223e+02
58083 2.194223e+02
58097 2.194223e+02
58171 2.194223e+02
58191 2.194223e+02
58398 2.194223e+02
58496 2.194223e+02
58524 2.194223e+02
58597 2.194223e+02
58610 2.194223e+02
58670 2.194223e+02
58723 2.194223e+02
58778 2.194223e+02
58807 2.194223e+02
58819 2.194223e+02
58821 2.194223e+02
58980 2.194223e+02
58983 2.194223e+02
58991 2.194223e+02
59081 2.194223e+02
59091 2.194223e+02
59133 2.194223e+02
59160 2.194223e+02
59385 2.194223e+02
59585 2.194223e+02
59673 2.194223e+02
59699 2.194223e+02
59758 2.194223e+02
59787 2.194223e+02
59863 2.194223e+02
59874 2.194223e+02
59931 2.194223e+02
60040 2.194223e+02
60049 2.194223e+02
60076 2.194223e+02
60238 2.194223e+02
60285 2.194223e+02
60411 2.194223e+02
60472 2.194223e+02
60537 2.194223e+02
60554 2.194223e+02
60580 2.194223e+02
60620 2.194223e+02
60682 2.194223e+02
60734 2.194223e+02
60831 2.194223e+02
60841 2.194223e+02
60854 2.194223e+02
60862 2.194223e+02
60936 2.194223e+02
60972 2.194223e+02
61095 2.194223e+02
61164 2.194223e+02
61166 2.194223e+02
61229 2.194223e+02
61235 2.194223e+02
61334 2.194223e+02
61377 2.194223e+02
61442 2.194223e+02
61449 2.194223e+02
61554 2.194223e+02
61681 2.194223e+02
61726 2.194223e+02
61740 2.194223e+02
61751 2.194223e+02
61778 2.194223e+02
61838 2.194223e+02
62099 2.194223e+02
62130 2.194223e+02
62193 2.194223e+02
62194 2.194223e+02
62230 2.194223e+02
62265 2.194223e+02
62276 2.194223e+02
62431 2.194223e+02
62509 2.194223e+02
62602 2.194223e+02
62658 2.194223e+02
62669 2.194223e+02
62712 2.194223e+02
62713 2.194223e+02
62755 2.194223e+02
62791 2.194223e+02
62792 2.194223e+02
63037 2.194223e+02
63063 2.194223e+02
63075 2.194223e+02
63114 2.194223e+02
63132 2.194223e+02
63135 2.194223e+02
63175 2.194223e+02
63234 2.194223e+02
63326 2.194223e+02
63332 2.194223e+02
63387 2.194223e+02
63394 2.194223e+02
63408 2.194223e+02
63670 2.194223e+02
63704 2.194223e+02
63708 2.194223e+02
63751 2.194223e+02
63781 2.194223e+02
63814 2.194223e+02
63885 2.194223e+02
63910 2.194223e+02
63931 2.194223e+02
64059 2.194223e+02
64098 2.194223e+02
64289 2.194223e+02
64362 2.194223e+02
64466 2.194223e+02
64475 2.194223e+02
64526 2.194223e+02
64536 2.194223e+02
64551 2.194223e+02
64557 2.194223e+02
64676 2.194223e+02
64684 2.194223e+02
64732 2.194223e+02
64848 2.194223e+02
64976 2.194223e+02
64981 2.194223e+02
65022 2.194223e+02
65148 2.194223e+02
65174 2.194223e+02
65213 2.194223e+02
65364 2.194223e+02
65401 2.194223e+02
65494 2.194223e+02
65545 2.194223e+02
65578 2.194223e+02
65644 2.194223e+02
65738 2.194223e+02
65791 2.194223e+02
65827 2.194223e+02
66078 2.194223e+02
66136 2.194223e+02
66142 2.194223e+02
66155 2.194223e+02
66286 2.194223e+02
66289 2.194223e+02
66348 2.194223e+02
66407 2.194223e+02
66504 2.194223e+02
66527 2.194223e+02
66614 2.194223e+02
66680 2.194223e+02
66826 2.194223e+02
66952 2.194223e+02
67017 2.194223e+02
67275 2.194223e+02
67292 2.194223e+02
67312 2.194223e+02
67338 2.194223e+02
67344 2.194223e+02
67437 2.194223e+02
67473 2.194223e+02
67543 2.194223e+02
67544 2.194223e+02
67579 2.194223e+02
67586 2.194223e+02
67608 2.194223e+02
67626 2.194223e+02
67633 2.194223e+02
67670 2.194223e+02
67703 2.194223e+02
67725 2.194223e+02
67727 2.194223e+02
67773 2.194223e+02
67799 2.194223e+02
67827 2.194223e+02
67828 2.194223e+02
67834 2.194223e+02
67845 2.194223e+02
67888 2.194223e+02
67931 2.194223e+02
67932 2.194223e+02
68014 2.194223e+02
68035 2.194223e+02
68114 2.194223e+02
68232 2.194223e+02
68399 2.194223e+02
68401 2.194223e+02
68403 2.194223e+02
68449 2.194223e+02
68479 2.194223e+02
68488 2.194223e+02
68505 2.194223e+02
68522 2.194223e+02
68528 2.194223e+02
68571 2.194223e+02
68574 2.194223e+02
68578 2.194223e+02
68591 2.194223e+02
68618 2.194223e+02
68631 2.194223e+02
68646 2.194223e+02
68678 2.194223e+02
68739 2.194223e+02
69112 2.194223e+02
69175 2.194223e+02
69284 2.194223e+02
69303 2.194223e+02
69400 2.194223e+02
69405 2.194223e+02
69413 2.194223e+02
69417 2.194223e+02
69509 2.194223e+02
69564 2.194223e+02
69610 2.194223e+02
69630 2.194223e+02
69701 2.194223e+02
69777 2.194223e+02
69798 2.194223e+02
69814 2.194223e+02
69834 2.194223e+02
69880 2.194223e+02
69909 2.194223e+02
69966 2.194223e+02
69995 2.194223e+02
70094 2.194223e+02
70118 2.194223e+02
70150 2.194223e+02
70163 2.194223e+02
70199 2.194222e+02
70287 2.194222e+02
70292 2.194222e+02
70425 2.194222e+02
70434 2.194222e+02
70494 2.194222e+02
70565 2.194222e+02
70631 2.194222e+02
70633 2.194222e+02
70658 2.194222e+02
70703 2.194222e+02
70730 2.194222e+02
70748 2.194222e+02
70790 2.194222e+02
70914 2.194222e+02
70967 2.194222e+02
71068 2.194222e+02
71082 2.194222e+02
71102 2.194222e+02
71136 2.194222e+02
71214 2.194222e+02
71259 2.194222e+02
71313 2.194222e+02
71338 2.194222e+02
71401 2.194222e+02
71423 2.194222e+02
71444 2.194222e+02
71515 2.194222e+02
71547 2.194222e+02
71640 2.194222e+02
71674 2.194222e+02
71681 2.194222e+02
71766 2.194222e+02
71819 2.194222e+02
71944 2.194222e+02
71945 2.194222e+02
71989 2.194222e+02
72026 2.194222e+02
72045 2.194222e+02
72078 2.194222e+02
72151 2.194222e+02
72199 2.194222e+02
72284 2.194222e+02
72337 2.194222e+02
72356 2.194222e+02
72433 2.194222e+02
72442 2.194222e+02
72456 2.194222e+02
72467 2.194222e+02
72503 2.194222e+02
72563 2.194222e+02
72581 2.194222e+02
72604 2.194222e+02
72806 2.194222e+02
72951 2.194222e+02
73061 2.194222e+02
73152 2.194222e+02
73165 2.194222e+02
73252 2.194222e+02
73396 2.194222e+02
73462 2.194222e+02
73563 2.194222e+02
73703 2.194222e+02
73729 2.194222e+02
73830 2.194222e+02
73861 2.194222e+02
73874 2.194222e+02
74139 2.194222e+02
74208 2.194222e+02
74220 2.194222e+02
74230 2.194222e+02
74253 2.194222e+02
74300 2.194222e+02
74316 2.194222e+02
74345 2.194222e+02
74359 2.194222e+02
74375 2.194222e+02
74378 2.194222e+02
74395 2.194222e+02
74418 2.194222e+02
74427 2.194222e+02
74479 2.194222e+02
74650 2.194222e+02
74692 2.194222e+02
74728 2.194222e+02
74862 2.194222e+02
74889 2.194222e+02
74967 2.194222e+02
237390 2.183763e+02
237545 2.180810e+02
238232 2.174665e+02
238434 2.167397e+02
238603 2.166692e+02
238715 2.162910e+02
238730 2.154775e+02
239486 2.149499e+02
239732 2.148042e+02
239794 2.134779e+02
240135 2.134196e+02
240315 2.120991e+02
240671 2.118884e+02
241234 2.117505e+02
241304 2.115182e+02
241396 2.109780e+02
241571 2.105006e+02
241773 2.090742e+02
243098 2.090245e+02
243186 2.084437e+02
243560 2.082754e+02
243744 2.080722e+02
243775 2.077609e+02
243828 2.075252e+02
243888 2.069171e+02
244247 2.068687e+02
244338 2.068245e+02
244430 2.068209e+02
244547 2.066354e+02
244582 2.060488e+02
245347 2.056308e+02
245390 2.054943e+02
245529 2.053251e+02
246152 2.053014e+02
246240 2.051970e+02
246402 2.050776e+02
246422 2.050290e+02
246533 2.049000e+02
246613 2.048613e+02
246628 2.048424e+02
246708 2.048222e+02
246738 2.044385e+02
247129 2.043333e+02
247191 2.043270e+02
247257 2.042707e+02
247392 2.040567e+02
247636 2.039019e+02
247672 2.038703e+02
247803 2.038388e+02
247968 2.034727e+02
248115 2.034697e+02
248133 2.033864e+02
248291 2.032594e+02
248493 2.031930e+02
248584 2.031904e+02
248648 2.031709e+02
248980 2.029842e+02
249059 2.029742e+02
249284 2.029238e+02
249414 2.028696e+02
249452 2.027849e+02
249601 2.027034e+02
249653 2.026589e+02
249782 2.025798e+02
250130 2.023757e+02
250210 2.023742e+02
250685 2.023052e+02
250931 2.021781e+02
251294 2.020855e+02
251389 2.020570e+02
251438 2.020175e+02
251775 2.019190e+02
252015 2.018483e+02
252207 2.017754e+02
252398 2.016916e+02
252440 2.016109e+02
252714 2.016070e+02
252997 2.015905e+02
253005 2.015078e+02
253369 2.014658e+02
253512 2.014592e+02
253614 2.014031e+02
253637 2.013852e+02
253731 2.013798e+02
253876 2.012830e+02
254141 2.012026e+02
254711 2.011711e+02
254726 2.011376e+02
255184 2.011354e+02
255234 2.010464e+02
255443 2.010130e+02
255501 2.010016e+02
255592 2.009701e+02
255652 2.009310e+02
255737 2.009296e+02
256142 2.009194e+02
256311 2.009013e+02
256530 2.008788e+02
256558 2.008527e+02
256827 2.008500e+02
256975 2.008440e+02
257154 2.008013e+02
257412 2.007885e+02
257658 2.007759e+02
257675 2.007281e+02
257923 2.007026e+02
258344 2.006934e+02
258487 2.006857e+02
258554 2.006633e+02
258600 2.006585e+02
258672 2.006540e+02
258752 2.006341e+02
259059 2.006268e+02
259149 2.005671e+02
259218 2.005588e+02
259836 2.005431e+02
260172 2.004991e+02
260388 2.004906e+02
260612 2.004905e+02
260627 2.004636e+02
260894 2.004512e+02
260919 2.004472e+02
261193 2.004459e+02
261202 2.004286e+02
261441 2.004281e+02
261443 2.004242e+02
261498 2.004061e+02
261549 2.003998e+02
261642 2.003713e+02
262116 2.003652e+02
262499 2.003428e+02
262680 2.003425e+02
262687 2.003309e+02
262778 2.003281e+02
263126 2.003249e+02
263154 2.003229e+02
263177 2.003051e+02
263256 2.002842e+02
264020 2.002783e+02
264058 2.002685e+02
264118 2.002465e+02
264720 2.002408e+02
264773 2.002334e+02
264803 2.002316e+02
264989 2.002222e+02
265308 2.002177e+02
265752 2.002131e+02
265870 2.001971e+02
266261 2.001961e+02
266375 2.001858e+02
266457 2.001798e+02
266648 2.001748e+02
267072 2.001687e+02
267082 2.001639e+02
267738 2.001635e+02
267836 2.001525e+02
267877 2.001517e+02
267939 2.001495e+02
268140 2.001291e+02
269224 2.001277e+02
269482 2.001187e+02
269594 2.001178e+02
269706 2.001142e+02
269751 2.001120e+02
270359 2.001076e+02
270594 2.001045e+02
270796 2.001035e+02
270910 2.001026e+02
271206 2.001007e+02
271333 2.001001e+02
271360 2.000964e+02
271708 2.000903e+02
272007 2.000827e+02
272258 2.000801e+02
272327 2.000798e+02
272411 2.000775e+02
272742 2.000760e+02
272825 2.000727e+02
272862 2.000724e+02
272903 2.000706e+02
273215 2.000699e+02
273297 2.000672e+02
273426 2.000602e+02
273861 2.000599e+02
274207 2.000575e+02
274370 2.000535e+02
274893 2.000511e+02
275046 2.000509e+02
275075 2.000504e+02
275115 2.000483e+02
275380 2.000480e+02
275552 2.000474e+02
275867 2.000468e+02
275928 2.000462e+02
276117 2.000438e+02
276423 2.000420e+02
276653 2.000395e+02
276994 2.000387e+02
277083 2.000376e+02
277177 2.000372e+02
277422 2.000350e+02
277662 2.000348e+02
277952 2.000338e+02
277997 2.000327e+02
278180 2.000311e+02
278705 2.000310e+02
278850 2.000299e+02
278871 2.000292e+02
279044 2.000286e+02
279352 2.000283e+02
279966 2.000273e+02
280077 2.000271e+02
280126 2.000271e+02
280317 2.000259e+02
280341 2.000256e+02
280450 2.000245e+02
280473 2.000235e+02
280567 2.000228e+02
280613 2.000223e+02
280617 2.000215e+02
281057 2.000211e+02
281207 2.000210e+02
281264 2.000199e+02
281334 2.000195e+02
281409 2.000195e+02
281677 2.000178e+02
281986 2.000177e+02
282398 2.000176e+02
282683 2.000172e+02
282765 2.000162e+02
283163 2.000149e+02
283477 2.000147e+02
283649 2.000146e+02
283780 2.000145e+02
283783 2.000141e+02
283904 2.000140e+02
283989 2.000138e+02
284023 2.000137e+02
284140 2.000129e+02
284390 2.000128e+02
284463 2.000122e+02
284753 2.000121e+02
284801 2.000120e+02
284834 2.000114e+02
285007 2.000112e+02
285059 2.000107e+02
285161 2.000098e+02
285232 2.000097e+02
285684 2.000095e+02
286081 2.000093e+02
286120 2.000086e+02
286695 2.000083e+02
286722 2.000078e+02
286937 2.000077e+02
287108 2.000077e+02
287156 2.000074e+02
287398 2.000071e+02
287851 2.000067e+02
288181 2.000066e+02
288231 2.000065e+02
288605 2.000060e+02
289124 2.000058e+02
289151 2.000054e+02
289482 2.000054e+02
289526 2.000050e+02
290227 2.000048e+02
290611 2.000047e+02
290819 2.000047e+02
291169 2.000043e+02
291419 2.000042e+02
291617 2.000041e+02
291684 2.000041e+02
291714 2.000040e+02
291949 2.000040e+02
292219 2.000037e+02
292421 2.000035e+02
292772 2.000034e+02
293204 2.000034e+02
293227 2.000033e+02
293462 2.000032e+02
293495 2.000031e+02
294248 2.000031e+02
294292 2.000030e+02
294376 2.000029e+02
294577 2.000028e+02
294620 2.000028e+02
294685 2.000027e+02
294872 2.000025e+02
295159 2.000023e+02
295462 2.000023e+02
295857 2.000020e+02
296078 2.000019e+02
297262 2.000018e+02
297487 2.000016e+02
297897 2.000015e+02
298298 2.000015e+02
298447 2.000014e+02
298674 2.000014e+02
298693 2.000014e+02
298839 2.000013e+02
298911 2.000013e+02
299015 2.000013e+02
299133 2.000012e+02
299566 2.000012e+02
299580 2.000012e+02
299655 2.000011e+02
299736 2.000011e+02
299976 2.000011e+02
300050 2.000010e+02
300250 2.000010e+02
300306 2.000010e+02
300417 2.000010e+02
300593 2.000010e+02
300809 2.000010e+02
301102 2.000009e+02
301156 2.000009e+02
301215 2.000009e+02
301238 2.000008e+02
301728 2.000008e+02
301767 2.000008e+02
302196 2.000008e+02
302432 2.000007e+02
302574 2.000007e+02
302938 2.000006e+02
303632 2.000006e+02
303854 2.000005e+02
304378 2.000005e+02
305120 2.000005e+02
305318 2.000004e+02
305352 2.000004e+02
305524 2.000004e+02
305644 2.000004e+02
305753 2.000004e+02
305983 2.000004e+02
306243 2.000004e+02
306250 2.000004e+02
306569 2.000004e+02
306610 2.000004e+02
306647 2.000003e+02
306906 2.000003e+02
306920 2.000003e+02
307673 2.000003e+02
308149 2.000003e+02
308201 2.000003e+02
308206 2.000002e+02
308255 2.000002e+02
309003 2.000002e+02
309388 2.000002e+02
309466 2.000002e+02
309695 2.000002e+02
310056 2.000002e+02
310113 2.000002e+02
310294 2.000002e+02
310517 2.000002e+02
310821 2.000002e+02
310890 2.000001e+02
310972 2.000001e+02
311257 2.000001e+02
311261 2.000001e+02
311439 2.000001e+02
311458 2.000001e+02
311940 2.000001e+02
311972 2.000001e+02
312285 2.000001e+02
312360 2.000001e+02
312433 2.000001e+02
312574 2.000001e+02
312676 2.000001e+02
312926 2.000001e+02
313030 2.000001e+02
313208 2.000001e+02
313614 2.000001e+02
313624 2.000001e+02
313628 2.000000e+02
313894 2.000000e+02
313904 2.000000e+02
313925 2.000000e+02
314267 2.000000e+02
314277 2.000000e+02
314934 2.000000e+02
315053 2.000000e+02
315216 2.000000e+02
315835 2.000000e+02
315968 2.000000e+02
316159 2.000000e+02
316263 2.000000e+02
316478 2.000000e+02
316481 2.000000e+02
316808 2.000000e+02
317048 2.000000e+02
317353 2.000000e+02
317369 2.000000e+02
317375 2.000000e+02
317654 2.000000e+02
317691 2.000000e+02
317697 2.000000e+02
317723 2.000000e+02
317888 2.000000e+02
318429 2.000000e+02
318579 2.000000e+02
318744 2.000000e+02
318751 2.000000e+02
318875 2.000000e+02
318918 2.000000e+02
319074 2.000000e+02
319385 2.000000e+02
319968 2.000000e+02
320120 2.000000e+02
320168 2.000000e+02
320868 2.000000e+02
321078 2.000000e+02
321240 2.000000e+02
321365 2.000000e+02
321397 2.000000e+02
321511 2.000000e+02
321927 2.000000e+02
321970 2.000000e+02
322356 2.000000e+02
322496 2.000000e+02
322606 2.000000e+02
322807 2.000000e+02
322889 2.000000e+02
323007 2.000000e+02
323018 2.000000e+02
323086 2.000000e+02
323144 2.000000e+02
323473 2.000000e+02
323584 2.000000e+02
324020 2.000000e+02
324071 2.000000e+02
324236 2.000000e+02
324333 2.000000e+02
324366 2.000000e+02
324488 2.000000e+02
324623 2.000000e+02
324664 2.000000e+02
324854 2.000000e+02
324878 2.000000e+02
325220 2.000000e+02
325333 2.000000e+02
325359 2.000000e+02
325500 2.000000e+02
325543 2.000000e+02
326220 2.000000e+02
326300 2.000000e+02
326409 2.000000e+02
326669 2.000000e+02
326865 2.000000e+02
326997 2.000000e+02
327021 2.000000e+02
327138 2.000000e+02
327950 2.000000e+02
328063 2.000000e+02
328116 2.000000e+02
328556 2.000000e+02
328665 2.000000e+02
328853 2.000000e+02
329434 2.000000e+02
329461 2.000000e+02
329562 2.000000e+02
329618 2.000000e+02
329655 2.000000e+02
329697 2.000000e+02
329737 2.000000e+02
329902 2.000000e+02
330047 2.000000e+02
330097 2.000000e+02
330619 2.000000e+02
330721 2.000000e+02
330937 2.000000e+02
331060 2.000000e+02
331255 2.000000e+02
331344 2.000000e+02
331594 2.000000e+02
332168 2.000000e+02
332328 2.000000e+02
332467 2.000000e+02
332933 2.000000e+02
332978 2.000000e+02
333561 2.000000e+02
334333 2.000000e+02
334376 2.000000e+02
334405 2.000000e+02
334599 2.000000e+02
334619 2.000000e+02
334808 2.000000e+02
