1 3.849806e+03
3 1.767063e+03
19 1.315253e+03
52 1.235096e+03
61 1.215290e+03
65 8.717142e+02
68 6.675228e+02
161 6.601296e+02
237 6.338417e+02
256 5.687322e+02
278 5.211614e+02
333 5.044053e+02
399 4.848375e+02
449 4.840236e+02
451 4.712580e+02
465 4.622017e+02
466 4.566170e+02
495 4.539922e+02
545 4.500369e+02
586 4.462043e+02
767 4.453114e+02
837 4.376439e+02
884 4.297370e+02
897 4.277712e+02
931 4.208173e+02
965 4.097698e+02
1177 3.986622e+02
1441 3.901289e+02
1454 3.835197e+02
1484 3.817927e+02
1692 3.724615e+02
1949 3.647882e+02
1984 3.549187e+02
2213 3.491546e+02
2225 3.414926e+02
2542 3.342137e+02
2617 3.338940e+02
2629 3.321456e+02
2767 3.298877e+02
2890 3.254357e+02
3012 3.094939e+02
3574 3.073096e+02
3613 3.060588e+02
3662 3.050594e+02
3683 3.031509e+02
3699 3.016996e+02
3702 2.904525e+02
4250 2.863668e+02
4339 2.823247e+02
4645 2.815021e+02
4649 2.812460e+02
4661 2.792971e+02
4700 2.709317e+02
4860 2.693236e+02
4878 2.648368e+02
5462 2.648115e+02
5584 2.643373e+02
5629 2.617404e+02
5699 2.585784e+02
5999 2.585625e+02
6018 2.566143e+02
6080 2.559443e+02
6121 2.554004e+02
6122 2.463699e+02
6593 2.452685e+02
6857 2.426789e+02
6897 2.419347e+02
7113 2.408888e+02
7291 2.404451e+02
7504 2.395669e+02
7609 2.388494e+02
7643 2.378332e+02
7861 2.373884e+02
7898 2.366743e+02
8015 2.359408e+02
8186 2.355675e+02
8211 2.340281e+02
8305 2.331513e+02
8366 2.325860e+02
8499 2.307396e+02
8586 2.306100e+02
8614 2.290268e+02
8888 2.286745e+02
8974 2.283605e+02
9070 2.282999e+02
9092 2.277693e+02
9172 2.256641e+02
9439 2.244664e+02
9682 2.230557e+02
10157 2.222583e+02
10397 2.219421e+02
10458 2.219093e+02
10496 2.214592e+02
10636 2.212409e+02
10690 2.211453e+02
10723 2.211283e+02
10726 2.210152e+02
10753 2.206986e+02
10922 2.204991e+02
10992 2.198611e+02
11000 2.197583e+02
11198 2.191550e+02
11344 2.190515e+02
11566 2.189033e+02
11619 2.188081e+02
11749 2.185879e+02
11789 2.183913e+02
11899 2.182598e+02
11916 2.181568e+02
12067 2.178952e+02
12132 2.175361e+02
12247 2.175208e+02
12253 2.172045e+02
12274 2.170992e+02
12399 2.170257e+02
12437 2.166885e+02
12465 2.166144e+02
12576 2.164463e+02
12698 2.164146e+02
12901 2.162596e+02
13146 2.160533e+02
13235 2.158676e+02
13258 2.158421e+02
13496 2.155499e+02
13524 2.154871e+02
13528 2.153921e+02
13655 2.152069e+02
13751 2.151473e+02
13863 2.150536e+02
13871 2.149343e+02
13907 2.148783e+02
14154 2.148590e+02
14206 2.147977e+02
14369 2.144279e+02
14815 2.142658e+02
14828 2.139066e+02
15092 2.139043e+02
15133 2.138348e+02
15382 2.135900e+02
15510 2.135197e+02
15675 2.134354e+02
15716 2.133845e+02
15724 2.132876e+02
15840 2.132255e+02
16108 2.131662e+02
16395 2.130914e+02
16570 2.130527e+02
16671 2.127820e+02
16811 2.127236e+02
17126 2.127165e+02
17128 2.126495e+02
17273 2.125640e+02
17344 2.125063e+02
17347 2.124933e+02
17575 2.124704e+02
17697 2.124586e+02
17729 2.124507e+02
17739 2.124368e+02
17741 2.123721e+02
17769 2.122976e+02
17888 2.122934e+02
17899 2.122341e+02
18007 2.122229e+02
18092 2.122009e+02
18218 2.121802e+02
18240 2.120645e+02
18587 2.120369e+02
18654 2.120299e+02
18659 2.119868e+02
18714 2.119707e+02
18799 2.119654e+02
18828 2.119582e+02
18830 2.119411e+02
18914 2.119353e+02
18935 2.119351e+02
18962 2.119300e+02
18991 2.119269e+02
18993 2.119164e+02
18999 2.119153e+02
19001 2.118803e+02
19065 2.118058e+02
19238 2.117714e+02
19405 2.117650e+02
19490 2.117421e+02
19556 2.116893e+02
19800 2.116842e+02
19854 2.116282e+02
19906 2.116021e+02
20388 2.115945e+02
20439 2.115838e+02
20444 2.115807e+02
20453 2.115389e+02
20693 2.115387e+02
20788 2.114994e+02
20863 2.114993e+02
20977 2.114950e+02
21023 2.114769e+02
21117 2.114405e+02
21604 2.114089e+02
21742 2.114015e+02
21870 2.113917e+02
21970 2.113641e+02
22045 2.113573e+02
22297 2.113457e+02
22308 2.113432e+02
22348 2.113313e+02
22391 2.113208e+02
22457 2.113077e+02
22582 2.112944e+02
22898 2.112928e+02
22929 2.112906e+02
22983 2.112846e+02
23031 2.112793e+02
23097 2.112755e+02
23141 2.112658e+02
23166 2.112647e+02
23366 2.112580e+02
23453 2.112513e+02
23510 2.112498e+02
23519 2.112497e+02
23646 2.112478e+02
23674 2.112334e+02
24114 2.112219e+02
24351 2.112219e+02
24357 2.112181e+02
24407 2.112161e+02
24487 2.112101e+02
24498 2.112035e+02
24808 2.112035e+02
24838 2.112013e+02
24885 2.112006e+02
24904 2.111969e+02
24992 2.111939e+02
25068 2.111904e+02
25207 2.111887e+02
25283 2.111790e+02
25526 2.111786e+02
25604 2.111777e+02
25733 2.111753e+02
25758 2.111723e+02
25855 2.111703e+02
25861 2.111644e+02
26046 2.111634e+02
26073 2.111625e+02
26170 2.111593e+02
26247 2.111585e+02
26280 2.111563e+02
26461 2.111547e+02
26644 2.111520e+02
26646 2.111509e+02
26872 2.111452e+02
27185 2.111443e+02
27402 2.111433e+02
27404 2.111432e+02
27406 2.111409e+02
27456 2.111396e+02
27533 2.111391e+02
27571 2.111379e+02
27612 2.111376e+02
27653 2.111375e+02
27662 2.111372e+02
27722 2.111370e+02
27739 2.111341e+02
27781 2.111338e+02
27815 2.111326e+02
28125 2.111320e+02
28196 2.111317e+02
28223 2.111314e+02
28270 2.111313e+02
28288 2.111268e+02
28595 2.111220e+02
29294 2.111219e+02
29377 2.111192e+02
29713 2.111188e+02
29725 2.111185e+02
29766 2.111184e+02
29909 2.111169e+02
30090 2.111164e+02
30140 2.111150e+02
30239 2.111130e+02
30370 2.111128e+02
30478 2.111125e+02
30489 2.111120e+02
30560 2.111110e+02
30673 2.111107e+02
30683 2.111101e+02
30712 2.111099e+02
31086 2.111094e+02
31207 2.111080e+02
31382 2.111079e+02
31399 2.111069e+02
31489 2.111065e+02
31896 2.111062e+02
32041 2.111061e+02
32046 2.111056e+02
32086 2.111055e+02
32172 2.111049e+02
32343 2.111044e+02
32354 2.111037e+02
32682 2.111033e+02
32793 2.111025e+02
32971 2.111021e+02
33064 2.111018e+02
33142 2.111018e+02
33144 2.111017e+02
33176 2.111015e+02
33271 2.111015e+02
33382 2.111010e+02
33442 2.111009e+02
33495 2.111008e+02
33554 2.111008e+02
33652 2.111008e+02
33844 2.111004e+02
33885 2.111003e+02
33924 2.111000e+02
34261 2.110997e+02
34308 2.110997e+02
34638 2.110991e+02
34781 2.110990e+02
34804 2.110990e+02
34830 2.110990e+02
34846 2.110984e+02
35650 2.110983e+02
35703 2.110981e+02
35710 2.110980e+02
35735 2.110978e+02
36253 2.110977e+02
36296 2.110975e+02
36394 2.110975e+02
36469 2.110975e+02
36555 2.110973e+02
36656 2.110973e+02
36809 2.110971e+02
36850 2.110969e+02
36965 2.110969e+02
37183 2.110969e+02
37207 2.110969e+02
37237 2.110969e+02
37280 2.110969e+02
37288 2.110968e+02
37292 2.110968e+02
37374 2.110967e+02
37575 2.110967e+02
37732 2.110966e+02
37851 2.110965e+02
37915 2.110965e+02
37983 2.110964e+02
38204 2.110964e+02
38229 2.110964e+02
38288 2.110964e+02
38333 2.110964e+02
38395 2.110963e+02
38428 2.110962e+02
38654 2.110961e+02
38752 2.110961e+02
38764 2.110961e+02
38877 2.110961e+02
38879 2.110960e+02
38893 2.110960e+02
38917 2.110959e+02
39250 2.110959e+02
39251 2.110959e+02
39309 2.110958e+02
39617 2.110958e+02
39724 2.110958e+02
39766 2.110957e+02
39771 2.110957e+02
39841 2.110957e+02
39854 2.110957e+02
40021 2.110956e+02
40205 2.110956e+02
40233 2.110956e+02
40239 2.110956e+02
40380 2.110956e+02
40390 2.110956e+02
40474 2.110955e+02
40846 2.110955e+02
40921 2.110955e+02
40944 2.110955e+02
41157 2.110955e+02
41188 2.110954e+02
41192 2.110954e+02
41250 2.110954e+02
41299 2.110954e+02
41303 2.110954e+02
41398 2.110954e+02
41448 2.110953e+02
41511 2.110953e+02
41544 2.110953e+02
41652 2.110953e+02
41738 2.110953e+02
41770 2.110953e+02
41837 2.110953e+02
41986 2.110952e+02
42008 2.110952e+02
42192 2.110952e+02
42223 2.110952e+02
42479 2.110952e+02
42528 2.110951e+02
42530 2.110951e+02
42631 2.110951e+02
42653 2.110951e+02
42666 2.110951e+02
42817 2.110951e+02
42883 2.110951e+02
42976 2.110951e+02
43034 2.110951e+02
43219 2.110950e+02
43735 2.110950e+02
43767 2.110950e+02
43812 2.110950e+02
43834 2.110950e+02
43880 2.110950e+02
44012 2.110950e+02
44296 2.110950e+02
44505 2.110950e+02
44676 2.110950e+02
44721 2.110949e+02
44841 2.110949e+02
44904 2.110949e+02
45002 2.110949e+02
45052 2.110949e+02
45062 2.110949e+02
45123 2.110949e+02
45130 2.110949e+02
45175 2.110949e+02
45183 2.110949e+02
45303 2.110949e+02
45307 2.110949e+02
45352 2.110949e+02
45408 2.110949e+02
45480 2.110949e+02
45515 2.110949e+02
45532 2.110949e+02
45543 2.110949e+02
45554 2.110949e+02
45577 2.110949e+02
45656 2.110949e+02
45857 2.110949e+02
45863 2.110949e+02
45911 2.110949e+02
46139 2.110949e+02
46193 2.110949e+02
46251 2.110949e+02
46556 2.110949e+02
46607 2.110949e+02
46636 2.110949e+02
46720 2.110949e+02
46852 2.110949e+02
46891 2.110949e+02
47035 2.110949e+02
47121 2.110949e+02
47126 2.110949e+02
47176 2.110949e+02
47183 2.110949e+02
47226 2.110949e+02
47326 2.110949e+02
47372 2.110949e+02
47396 2.110949e+02
47495 2.110949e+02
47591 2.110949e+02
47616 2.110949e+02
47722 2.110949e+02
47752 2.110949e+02
47845 2.110949e+02
47875 2.110949e+02
48022 2.110949e+02
48030 2.110949e+02
48085 2.110949e+02
48131 2.110949e+02
48181 2.110949e+02
48204 2.110949e+02
48230 2.110949e+02
48238 2.110949e+02
48296 2.110949e+02
48371 2.110949e+02
48379 2.110949e+02
48542 2.110949e+02
48618 2.110949e+02
48625 2.110949e+02
48690 2.110949e+02
48729 2.110949e+02
48766 2.110949e+02
48788 2.110949e+02
48928 2.110949e+02
48979 2.110949e+02
49016 2.110949e+02
49159 2.110949e+02
49182 2.110949e+02
49212 2.110949e+02
49215 2.110949e+02
49292 2.110949e+02
49339 2.110949e+02
49349 2.110949e+02
49398 2.110949e+02
49420 2.110949e+02
49424 2.110949e+02
49456 2.110949e+02
49471 2.110949e+02
49476 2.110949e+02
49479 2.110949e+02
49508 2.110949e+02
49524 2.110949e+02
49548 2.110949e+02
49603 2.110949e+02
49605 2.110949e+02
50176 2.110949e+02
50201 2.110949e+02
50359 2.110949e+02
50386 2.110949e+02
50391 2.110949e+02
50401 2.110949e+02
50437 2.110949e+02
50457 2.110949e+02
50463 2.110949e+02
50484 2.110949e+02
50487 2.110949e+02
50494 2.110949e+02
50514 2.110949e+02
50605 2.110949e+02
50691 2.110949e+02
50763 2.110949e+02
50770 2.110949e+02
50853 2.110949e+02
50873 2.110949e+02
50900 2.110949e+02
50959 2.110949e+02
50991 2.110949e+02
51136 2.110949e+02
51152 2.110949e+02
51194 2.110949e+02
51219 2.110949e+02
51247 2.110949e+02
51305 2.110949e+02
51367 2.110949e+02
51449 2.110949e+02
51459 2.110949e+02
51486 2.110949e+02
51639 2.110949e+02
51650 2.110949e+02
51721 2.110949e+02
51737 2.110949e+02
51753 2.110949e+02
51796 2.110949e+02
51850 2.110949e+02
51983 2.110949e+02
52017 2.110949e+02
52112 2.110949e+02
52134 2.110949e+02
52197 2.110949e+02
52404 2.110949e+02
52437 2.110949e+02
52440 2.110949e+02
52471 2.110949e+02
52613 2.110949e+02
52863 2.110949e+02
52899 2.110949e+02
52901 2.110949e+02
53000 2.110949e+02
53050 2.110949e+02
53252 2.110949e+02
53265 2.110949e+02
53299 2.110949e+02
53434 2.110949e+02
53442 2.110949e+02
53472 2.110949e+02
53494 2.110949e+02
53501 2.110949e+02
53540 2.110949e+02
53739 2.110949e+02
53794 2.110949e+02
54016 2.110949e+02
54029 2.110949e+02
54162 2.110949e+02
54325 2.110949e+02
54489 2.110949e+02
54507 2.110949e+02
54513 2.110949e+02
54550 2.110949e+02
54664 2.110949e+02
54708 2.110949e+02
54819 2.110949e+02
54869 2.110949e+02
54944 2.110949e+02
54980 2.110949e+02
55010 2.110949e+02
55011 2.110949e+02
55068 2.110949e+02
55091 2.110949e+02
55101 2.110949e+02
55141 2.110949e+02
55190 2.110949e+02
55192 2.110949e+02
55585 2.110949e+02
55714 2.110949e+02
55729 2.110949e+02
55815 2.110949e+02
55845 2.110949e+02
55997 2.110949e+02
56002 2.110949e+02
56004 2.110949e+02
56071 2.110949e+02
56075 2.110949e+02
56124 2.110949e+02
56233 2.110949e+02
56236 2.110949e+02
56262 2.110949e+02
56283 2.110949e+02
56286 2.110949e+02
56289 2.110949e+02
56297 2.110949e+02
56362 2.110949e+02
56584 2.110949e+02
56686 2.110949e+02
56727 2.110949e+02
56749 2.110949e+02
56861 2.110949e+02
57020 2.110949e+02
57057 2.110949e+02
57073 2.110949e+02
57174 2.110949e+02
57250 2.110949e+02
57360 2.110949e+02
57371 2.110949e+02
57382 2.110949e+02
57426 2.110949e+02
57451 2.110949e+02
57525 2.110949e+02
57615 2.110949e+02
57873 2.110949e+02
58034 2.110949e+02
58064 2.110949e+02
58089 2.110949e+02
58098 2.110949e+02
58117 2.110949e+02
58197 2.110949e+02
58328 2.110949e+02
58365 2.110949e+02
58402 2.110949e+02
58414 2.110949e+02
58419 2.110949e+02
58448 2.110949e+02
58585 2.110949e+02
58728 2.110949e+02
58765 2.110949e+02
58807 2.110949e+02
58851 2.110949e+02
58918 2.110949e+02
58929 2.110949e+02
59081 2.110949e+02
59187 2.110949e+02
59231 2.110949e+02
59237 2.110949e+02
59445 2.110949e+02
59670 2.110949e+02
59777 2.110949e+02
59799 2.110949e+02
59930 2.110949e+02
59944 2.110949e+02
60082 2.110949e+02
60125 2.110949e+02
60128 2.110949e+02
60155 2.110949e+02
60203 2.110949e+02
60348 2.110949e+02
60370 2.110949e+02
60374 2.110949e+02
60422 2.110949e+02
60514 2.110949e+02
60544 2.110949e+02
60704 2.110949e+02
60739 2.110949e+02
60784 2.110949e+02
60792 2.110949e+02
60818 2.110949e+02
61073 2.110949e+02
61155 2.110949e+02
61400 2.110949e+02
61440 2.110949e+02
61507 2.110949e+02
61659 2.110949e+02
61719 2.110949e+02
61879 2.110949e+02
61972 2.110949e+02
62067 2.110949e+02
62122 2.110949e+02
62218 2.110949e+02
62282 2.110949e+02
62528 2.110949e+02
62543 2.110949e+02
62749 2.110949e+02
62751 2.110949e+02
62886 2.110949e+02
62996 2.110949e+02
63025 2.110949e+02
63026 2.110949e+02
63068 2.110949e+02
63171 2.110949e+02
63175 2.110949e+02
63256 2.110949e+02
63258 2.110949e+02
63275 2.110949e+02
63321 2.110949e+02
63333 2.110949e+02
63366 2.110949e+02
63491 2.110949e+02
63492 2.110949e+02
63540 2.110949e+02
63550 2.110949e+02
63736 2.110949e+02
63799 2.110949e+02
63889 2.110949e+02
64028 2.110949e+02
64117 2.110949e+02
64198 2.110949e+02
64213 2.110949e+02
64226 2.110949e+02
64236 2.110949e+02
64294 2.110949e+02
64302 2.110949e+02
64335 2.110949e+02
64420 2.110949e+02
64489 2.110949e+02
64560 2.110949e+02
64584 2.110949e+02
64629 2.110949e+02
64670 2.110949e+02
64744 2.110949e+02
64784 2.110949e+02
64800 2.110949e+02
64857 2.110949e+02
64949 2.110949e+02
64957 2.110949e+02
64965 2.110949e+02
65084 2.110949e+02
65124 2.110949e+02
65200 2.110949e+02
65242 2.110949e+02
65244 2.110949e+02
65289 2.110949e+02
65313 2.110949e+02
65341 2.110949e+02
65375 2.110949e+02
65560 2.110949e+02
65648 2.110949e+02
65699 2.110949e+02
65797 2.110949e+02
65798 2.110949e+02
65840 2.110949e+02
65900 2.110949e+02
65910 2.110949e+02
65961 2.110949e+02
66046 2.110949e+02
66197 2.110949e+02
66254 2.110949e+02
66260 2.110949e+02
66285 2.110949e+02
66310 2.110949e+02
66330 2.110949e+02
66449 2.110949e+02
66465 2.110949e+02
66477 2.110949e+02
66510 2.110949e+02
66707 2.110949e+02
66827 2.110949e+02
67027 2.110949e+02
67029 2.110949e+02
67048 2.110949e+02
67061 2.110949e+02
67067 2.110949e+02
67100 2.110949e+02
67151 2.110949e+02
67210 2.110949e+02
67226 2.110949e+02
67233 2.110949e+02
67289 2.110949e+02
67310 2.110949e+02
67345 2.110949e+02
67376 2.110949e+02
67412 2.110949e+02
67421 2.110949e+02
67432 2.110949e+02
67445 2.110949e+02
67460 2.110949e+02
67484 2.110949e+02
67517 2.110949e+02
67568 2.110949e+02
67597 2.110949e+02
67706 2.110949e+02
67776 2.110949e+02
67787 2.110949e+02
67865 2.110949e+02
67987 2.110949e+02
68000 2.110949e+02
68024 2.110949e+02
68033 2.110949e+02
68068 2.110949e+02
68143 2.110949e+02
68217 2.110949e+02
68227 2.110949e+02
68313 2.110949e+02
68443 2.110949e+02
68500 2.110949e+02
68509 2.110949e+02
68559 2.110949e+02
68656 2.110949e+02
68825 2.110949e+02
68862 2.110949e+02
68882 2.110949e+02
68894 2.110949e+02
68898 2.110949e+02
68919 2.110949e+02
68989 2.110949e+02
69009 2.110949e+02
69020 2.110949e+02
69042 2.110949e+02
69065 2.110949e+02
69112 2.110949e+02
69152 2.110949e+02
69184 2.110949e+02
69284 2.110949e+02
163986 2.110786e+02
164015 2.110599e+02
164117 2.110470e+02
164278 2.110445e+02
164290 2.107864e+02
164844 2.107581e+02
164854 2.107222e+02
165009 2.105120e+02
165388 2.104390e+02
165556 2.104205e+02
165816 2.104124e+02
165835 2.103971e+02
165869 2.103752e+02
165883 2.103151e+02
165990 2.102237e+02
166283 2.101760e+02
166637 2.101739e+02
166720 2.101567e+02
166821 2.100984e+02
167137 2.100811e+02
167363 2.100615e+02
167400 2.100375e+02
167518 2.099762e+02
167595 2.098927e+02
167971 2.098512e+02
168551 2.098475e+02
168563 2.098317e+02
168623 2.098267e+02
168633 2.098223e+02
168642 2.097985e+02
168770 2.097694e+02
168943 2.097441e+02
169020 2.097432e+02
169030 2.097290e+02
169130 2.097170e+02
169165 2.097150e+02
169284 2.097096e+02
169401 2.097015e+02
169499 2.096637e+02
169647 2.096539e+02
169831 2.096314e+02
170041 2.096270e+02
170243 2.096170e+02
170375 2.096002e+02
170436 2.096000e+02
170510 2.095864e+02
170521 2.095759e+02
170876 2.095747e+02
171017 2.095736e+02
171051 2.095623e+02
171164 2.095620e+02
171201 2.095494e+02
171327 2.095492e+02
171356 2.095481e+02
171365 2.095472e+02
171384 2.095309e+02
171694 2.095209e+02
171955 2.095102e+02
172019 2.095041e+02
172268 2.095038e+02
172269 2.095023e+02
172314 2.095016e+02
172402 2.094978e+02
172403 2.094974e+02
172454 2.094954e+02
172491 2.094944e+02
172566 2.094940e+02
172589 2.094930e+02
172761 2.094876e+02
172765 2.094869e+02
172785 2.094827e+02
172842 2.094781e+02
172998 2.094750e+02
173125 2.094718e+02
173228 2.094690e+02
173333 2.094682e+02
173533 2.094678e+02
173568 2.094677e+02
173744 2.094634e+02
173803 2.094610e+02
173864 2.094579e+02
173972 2.094573e+02
174131 2.094544e+02
174233 2.094527e+02
174282 2.094511e+02
174345 2.094508e+02
174355 2.094507e+02
174401 2.094502e+02
174478 2.094495e+02
174506 2.094489e+02
174522 2.094478e+02
174558 2.094471e+02
174625 2.094430e+02
174662 2.094421e+02
174854 2.094395e+02
175278 2.094388e+02
175311 2.094374e+02
175313 2.094365e+02
175392 2.094364e+02
175466 2.094335e+02
175633 2.094329e+02
175679 2.094323e+02
175695 2.094309e+02
175731 2.094303e+02
175805 2.094291e+02
175833 2.094287e+02
175871 2.094285e+02
175889 2.094283e+02
175908 2.094275e+02
176009 2.094268e+02
176110 2.094254e+02
176125 2.094252e+02
176154 2.094243e+02
176379 2.094241e+02
176467 2.094227e+02
176561 2.094211e+02
176637 2.094209e+02
176664 2.094196e+02
176991 2.094189e+02
177083 2.094178e+02
177091 2.094167e+02
177445 2.094155e+02
177521 2.094141e+02
177736 2.094140e+02
177773 2.094139e+02
177795 2.094138e+02
177908 2.094135e+02
177912 2.094117e+02
178166 2.094113e+02
178295 2.094113e+02
178337 2.094111e+02
178394 2.094109e+02
178505 2.094105e+02
178535 2.094096e+02
178760 2.094091e+02
178966 2.094087e+02
179048 2.094084e+02
179081 2.094084e+02
179171 2.094080e+02
179241 2.094079e+02
179349 2.094075e+02
179411 2.094074e+02
179482 2.094071e+02
179550 2.094069e+02
179673 2.094069e+02
179768 2.094068e+02
179884 2.094066e+02
179904 2.094066e+02
179937 2.094065e+02
180030 2.094064e+02
180257 2.094063e+02
180285 2.094063e+02
180288 2.094057e+02
180520 2.094056e+02
180608 2.094056e+02
180660 2.094051e+02
180729 2.094051e+02
180828 2.094050e+02
180926 2.094049e+02
180970 2.094047e+02
181332 2.094043e+02
181459 2.094042e+02
181744 2.094039e+02
181844 2.094039e+02
182032 2.094039e+02
182265 2.094038e+02
182270 2.094038e+02
182304 2.094037e+02
182418 2.094036e+02
182554 2.094036e+02
182782 2.094033e+02
182897 2.094032e+02
183052 2.094032e+02
183092 2.094031e+02
183137 2.094031e+02
183245 2.094030e+02
183275 2.094030e+02
183410 2.094029e+02
183479 2.094028e+02
183569 2.094028e+02
183624 2.094027e+02
183675 2.094027e+02
183686 2.094026e+02
183771 2.094026e+02
183906 2.094026e+02
184229 2.094026e+02
184266 2.094024e+02
184406 2.094024e+02
184479 2.094024e+02
184483 2.094024e+02
184532 2.094023e+02
184593 2.094022e+02
184667 2.094022e+02
184773 2.094022e+02
184813 2.094021e+02
184922 2.094021e+02
184939 2.094021e+02
185073 2.094021e+02
185092 2.094020e+02
185436 2.094020e+02
185600 2.094019e+02
185661 2.094019e+02
185690 2.094019e+02
185692 2.094019e+02
185737 2.094019e+02
185797 2.094018e+02
185884 2.094018e+02
185934 2.094018e+02
186091 2.094018e+02
186113 2.094017e+02
186348 2.094017e+02
186385 2.094017e+02
186534 2.094016e+02
186791 2.094016e+02
187058 2.094016e+02
187213 2.094016e+02
187273 2.094016e+02
187316 2.094016e+02
187321 2.094016e+02
187378 2.094016e+02
187440 2.094015e+02
187974 2.094015e+02
188001 2.094015e+02
188013 2.094015e+02
188021 2.094015e+02
188062 2.094015e+02
188258 2.094015e+02
188287 2.094015e+02
188325 2.094014e+02
188429 2.094014e+02
188525 2.094014e+02
188675 2.094014e+02
188811 2.094014e+02
188817 2.094014e+02
189057 2.094014e+02
189075 2.094014e+02
189079 2.094014e+02
189099 2.094014e+02
189136 2.094014e+02
189322 2.094014e+02
189372 2.094013e+02
189460 2.094013e+02
189621 2.094013e+02
189674 2.094013e+02
189882 2.094013e+02
189949 2.094013e+02
189957 2.094013e+02
190073 2.094013e+02
190077 2.094013e+02
190109 2.094013e+02
190345 2.094013e+02
190375 2.094013e+02
190388 2.094013e+02
190488 2.094013e+02
190525 2.094013e+02
190628 2.094013e+02
190649 2.094013e+02
190683 2.094013e+02
190742 2.094013e+02
190821 2.094013e+02
190934 2.094013e+02
191019 2.094013e+02
191093 2.094013e+02
191107 2.094013e+02
191150 2.094013e+02
191296 2.094013e+02
191335 2.094013e+02
191377 2.094013e+02
191398 2.094013e+02
191460 2.094013e+02
191676 2.094013e+02
191772 2.094013e+02
191787 2.094013e+02
191791 2.094013e+02
191835 2.094013e+02
191913 2.094013e+02
192039 2.094013e+02
192213 2.094013e+02
192244 2.094013e+02
192273 2.094013e+02
192345 2.094013e+02
192389 2.094013e+02
192448 2.094013e+02
192560 2.094013e+02
192605 2.094013e+02
192613 2.094013e+02
192632 2.094013e+02
192704 2.094013e+02
192799 2.094013e+02
192810 2.094013e+02
192846 2.094013e+02
192970 2.094013e+02
192984 2.094013e+02
193005 2.094013e+02
193033 2.094013e+02
193119 2.094013e+02
193169 2.094013e+02
193219 2.094013e+02
193370 2.094013e+02
193472 2.094013e+02
193572 2.094013e+02
193684 2.094013e+02
193764 2.094013e+02
193879 2.094012e+02
193942 2.094012e+02
193954 2.094012e+02
193994 2.094012e+02
194046 2.094012e+02
194233 2.094012e+02
194258 2.094012e+02
194261 2.094012e+02
194299 2.094012e+02
194426 2.094012e+02
194481 2.094012e+02
194605 2.094012e+02
194612 2.094012e+02
194671 2.094012e+02
194766 2.094012e+02
194781 2.094012e+02
194802 2.094012e+02
194846 2.094012e+02
194974 2.094012e+02
195037 2.094012e+02
195127 2.094012e+02
195157 2.094012e+02
195187 2.094012e+02
195193 2.094012e+02
195296 2.094012e+02
195390 2.094012e+02
195493 2.094012e+02
195586 2.094012e+02
195606 2.094012e+02
195622 2.094012e+02
195681 2.094012e+02
195734 2.094012e+02
195858 2.094012e+02
195879 2.094012e+02
195951 2.094012e+02
196030 2.094012e+02
196089 2.094012e+02
196090 2.094012e+02
196373 2.094012e+02
196391 2.094012e+02
196447 2.094012e+02
196516 2.094012e+02
196572 2.094012e+02
196586 2.094012e+02
196593 2.094012e+02
196641 2.094012e+02
196782 2.094012e+02
196908 2.094012e+02
197071 2.094012e+02
197129 2.094012e+02
197133 2.094012e+02
197176 2.094012e+02
197200 2.094012e+02
197238 2.094012e+02
197346 2.094012e+02
197382 2.094012e+02
197410 2.094012e+02
197528 2.094012e+02
197566 2.094012e+02
197702 2.094012e+02
197906 2.094012e+02
197946 2.094012e+02
197993 2.094012e+02
197999 2.094012e+02
198057 2.094012e+02
198078 2.094012e+02
198101 2.094012e+02
198168 2.094012e+02
198182 2.094012e+02
198248 2.094012e+02
198262 2.094012e+02
198333 2.094012e+02
198337 2.094012e+02
198355 2.094012e+02
198492 2.094012e+02
198528 2.094012e+02
198640 2.094012e+02
198819 2.094012e+02
198848 2.094012e+02
198951 2.094012e+02
198968 2.094012e+02
199052 2.094012e+02
199105 2.094012e+02
199273 2.094012e+02
199324 2.094012e+02
199340 2.094012e+02
199553 2.094012e+02
199725 2.094012e+02
199769 2.094012e+02
199828 2.094012e+02
199849 2.094012e+02
199880 2.094012e+02
199899 2.094012e+02
199905 2.094012e+02
199910 2.094012e+02
200025 2.094012e+02
200049 2.094012e+02
200079 2.094012e+02
200151 2.094012e+02
200186 2.094012e+02
200231 2.094012e+02
200233 2.094012e+02
200259 2.094012e+02
200316 2.094012e+02
200394 2.094012e+02
200425 2.094012e+02
200454 2.094012e+02
200464 2.094012e+02
200473 2.094012e+02
200514 2.094012e+02
200535 2.094012e+02
200655 2.094012e+02
200661 2.094012e+02
200720 2.094012e+02
200830 2.094012e+02
200941 2.094012e+02
201026 2.094012e+02
201028 2.094012e+02
201074 2.094012e+02
201101 2.094012e+02
201167 2.094012e+02
201175 2.094012e+02
201197 2.094012e+02
201234 2.094012e+02
201444 2.094012e+02
201449 2.094012e+02
201469 2.094012e+02
201486 2.094012e+02
201723 2.094012e+02
201746 2.094012e+02
201911 2.094012e+02
201927 2.094012e+02
201933 2.094012e+02
201982 2.094012e+02
202051 2.094012e+02
202062 2.094012e+02
202064 2.094012e+02
202091 2.094012e+02
202123 2.094012e+02
202208 2.094012e+02
202492 2.094012e+02
202544 2.094012e+02
202636 2.094012e+02
202653 2.094012e+02
202659 2.094012e+02
202698 2.094012e+02
202778 2.094012e+02
202807 2.094012e+02
202852 2.094012e+02
202876 2.094012e+02
202902 2.094012e+02
202930 2.094012e+02
202990 2.094012e+02
203032 2.094012e+02
203124 2.094012e+02
203226 2.094012e+02
203463 2.094012e+02
203539 2.094012e+02
203579 2.094012e+02
203605 2.094012e+02
203632 2.094012e+02
203646 2.094012e+02
203694 2.094012e+02
203738 2.094012e+02
203867 2.094012e+02
203969 2.094012e+02
204109 2.094012e+02
204398 2.094012e+02
204533 2.094012e+02
204619 2.094012e+02
204634 2.094012e+02
204745 2.094012e+02
204788 2.094012e+02
204937 2.094012e+02
205029 2.094012e+02
205044 2.094012e+02
205142 2.094012e+02
205366 2.094012e+02
205467 2.094012e+02
205501 2.094012e+02
205505 2.094012e+02
205600 2.094012e+02
205664 2.094012e+02
205809 2.094012e+02
205854 2.094012e+02
205952 2.094012e+02
206008 2.094012e+02
206159 2.094012e+02
206176 2.094012e+02
206189 2.094012e+02
206363 2.094012e+02
206489 2.094012e+02
206494 2.094012e+02
206613 2.094012e+02
206673 2.094012e+02
206811 2.094012e+02
206970 2.094012e+02
207007 2.094012e+02
207029 2.094012e+02
207048 2.094012e+02
207135 2.094012e+02
207200 2.094012e+02
207353 2.094012e+02
207665 2.094012e+02
207691 2.094012e+02
207701 2.094012e+02
207717 2.094012e+02
207726 2.094012e+02
207797 2.094012e+02
207985 2.094012e+02
207988 2.094012e+02
208044 2.094012e+02
208149 2.094012e+02
208200 2.094012e+02
208266 2.094012e+02
208305 2.094012e+02
208357 2.094012e+02
208364 2.094012e+02
208401 2.094012e+02
208437 2.094012e+02
208506 2.094012e+02
208593 2.094012e+02
208678 2.094012e+02
208802 2.094012e+02
208828 2.094012e+02
208867 2.094012e+02
208902 2.094012e+02
208941 2.094012e+02
209124 2.094012e+02
209172 2.094012e+02
209235 2.094012e+02
209269 2.094012e+02
209395 2.094012e+02
209495 2.094012e+02
209510 2.094012e+02
209620 2.094012e+02
209705 2.094012e+02
209739 2.094012e+02
209753 2.094012e+02
209793 2.094012e+02
209940 2.094012e+02
210021 2.094012e+02
210030 2.094012e+02
210049 2.094012e+02
210056 2.094012e+02
210104 2.094012e+02
210110 2.094012e+02
210194 2.094012e+02
210233 2.094012e+02
210242 2.094012e+02
210606 2.094012e+02
210782 2.094012e+02
210805 2.094012e+02
210971 2.094012e+02
210975 2.094012e+02
211002 2.094012e+02
211023 2.094012e+02
211114 2.094012e+02
211226 2.094012e+02
211350 2.094012e+02
211369 2.094012e+02
211429 2.094012e+02
211463 2.094012e+02
211465 2.094012e+02
211645 2.094012e+02
211700 2.094012e+02
211713 2.094012e+02
211773 2.094012e+02
211805 2.094012e+02
211823 2.094012e+02
211829 2.094012e+02
211832 2.094012e+02
211842 2.094012e+02
211907 2.094012e+02
211994 2.094012e+02
212035 2.094012e+02
212206 2.094012e+02
212243 2.094012e+02
212271 2.094012e+02
212288 2.094012e+02
212297 2.094012e+02
212368 2.094012e+02
212378 2.094012e+02
212394 2.094012e+02
212409 2.094012e+02
212419 2.094012e+02
212439 2.094012e+02
212460 2.094012e+02
212493 2.094012e+02
212586 2.094012e+02
212625 2.094012e+02
212699 2.094012e+02
212701 2.094012e+02
212747 2.094012e+02
212975 2.094012e+02
212976 2.094012e+02
213125 2.094012e+02
213161 2.094012e+02
213228 2.094012e+02
213232 2.094012e+02
213283 2.094012e+02
213326 2.094012e+02
213498 2.094012e+02
213685 2.094012e+02
213722 2.094012e+02
213765 2.094012e+02
213825 2.094012e+02
213843 2.094012e+02
213940 2.094012e+02
214011 2.094012e+02
214072 2.094012e+02
214177 2.094012e+02
214220 2.094012e+02
214391 2.094012e+02
214404 2.094012e+02
214420 2.094012e+02
214421 2.094012e+02
214484 2.094012e+02
214639 2.094012e+02
214734 2.094012e+02
214769 2.094012e+02
214807 2.094012e+02
215034 2.094012e+02
215074 2.094012e+02
215151 2.094012e+02
215240 2.094012e+02
215296 2.094012e+02
215510 2.094012e+02
215649 2.094012e+02
215680 2.094012e+02
215686 2.094012e+02
215818 2.094012e+02
215845 2.094012e+02
215894 2.094012e+02
216000 2.094012e+02
216006 2.094012e+02
216147 2.094012e+02
216226 2.094012e+02
216235 2.094012e+02
216260 2.094012e+02
216306 2.094012e+02
216383 2.094012e+02
216427 2.094012e+02
216482 2.094012e+02
216563 2.094012e+02
216777 2.094012e+02
216821 2.094012e+02
216839 2.094012e+02
216927 2.094012e+02
216984 2.094012e+02
217002 2.094012e+02
217044 2.094012e+02
217101 2.094012e+02
217172 2.094012e+02
217191 2.094012e+02
217329 2.094012e+02
217335 2.094012e+02
217338 2.094012e+02
217340 2.094012e+02
217449 2.094012e+02
217523 2.094012e+02
217668 2.094012e+02
217737 2.094012e+02
217840 2.094012e+02
218124 2.094012e+02
218176 2.094012e+02
218199 2.094012e+02
218229 2.094012e+02
218393 2.094012e+02
218441 2.094012e+02
218442 2.094012e+02
218526 2.094012e+02
218573 2.094012e+02
218646 2.094012e+02
218680 2.094012e+02
218717 2.094012e+02
218754 2.094012e+02
218848 2.094012e+02
218869 2.094012e+02
219009 2.094012e+02
219086 2.094012e+02
219118 2.094012e+02
219453 2.094012e+02
219512 2.094012e+02
219557 2.094012e+02
219634 2.094012e+02
219688 2.094012e+02
219888 2.094012e+02
219893 2.094012e+02
219924 2.094012e+02
219964 2.094012e+02
220011 2.094012e+02
220229 2.094012e+02
220250 2.094012e+02
220385 2.094012e+02
220387 2.094012e+02
220417 2.094012e+02
220594 2.094012e+02
220680 2.094012e+02
220826 2.094012e+02
220914 2.094012e+02
220933 2.094012e+02
220964 2.094012e+02
221111 2.094012e+02
221123 2.094012e+02
221139 2.094012e+02
221261 2.094012e+02
221271 2.094012e+02
221321 2.094012e+02
221384 2.094012e+02
221387 2.094012e+02
221437 2.094012e+02
221479 2.094012e+02
221506 2.094012e+02
221536 2.094012e+02
221546 2.094012e+02
221588 2.094012e+02
221859 2.094012e+02
221903 2.094012e+02
221910 2.094012e+02
221954 2.094012e+02
222044 2.094012e+02
222104 2.094012e+02
222167 2.094012e+02
222204 2.094012e+02
222219 2.094012e+02
222235 2.094012e+02
222245 2.094012e+02
222263 2.094012e+02
222309 2.094012e+02
222426 2.094012e+02
222466 2.094012e+02
222472 2.094012e+02
222473 2.094012e+02
222505 2.094012e+02
222566 2.094012e+02
222576 2.094012e+02
222629 2.094012e+02
222671 2.094012e+02
222714 2.094012e+02
222826 2.094012e+02
222886 2.094012e+02
222923 2.094012e+02
222943 2.094012e+02
222956 2.094012e+02
223015 2.094012e+02
223057 2.094012e+02
223259 2.094012e+02
223294 2.094012e+02
223308 2.094012e+02
223372 2.094012e+02
223402 2.094012e+02
223418 2.094012e+02
223451 2.094012e+02
223465 2.094012e+02
223470 2.094012e+02
223529 2.094012e+02
223544 2.094012e+02
223547 2.094012e+02
223564 2.094012e+02
223577 2.094012e+02
223661 2.094012e+02
223706 2.094012e+02
223735 2.094012e+02
223895 2.094012e+02
223935 2.094012e+02
224064 2.094012e+02
224112 2.094012e+02
224137 2.094012e+02
224195 2.094012e+02
224225 2.094012e+02
224247 2.094012e+02
224295 2.094012e+02
224316 2.094012e+02
224418 2.094012e+02
224428 2.094012e+02
224439 2.094012e+02
224454 2.094012e+02
224473 2.094012e+02
224677 2.094012e+02
224723 2.094012e+02
224815 2.094012e+02
224852 2.094012e+02
224871 2.094012e+02
224887 2.094012e+02
224939 2.094012e+02
224972 2.094012e+02
225020 2.094012e+02
225154 2.094012e+02
225214 2.094012e+02
225235 2.094012e+02
225266 2.094012e+02
256517 2.092696e+02
256539 2.090999e+02
256709 2.089477e+02
256878 2.089124e+02
257194 2.080457e+02
257503 2.078398e+02
257717 2.076088e+02
258140 2.075102e+02
258227 2.068152e+02
258527 2.061408e+02
259112 2.059296e+02
259404 2.058309e+02
259557 2.056879e+02
259622 2.056712e+02
259766 2.054554e+02
260229 2.053824e+02
260374 2.052419e+02
260519 2.052046e+02
260635 2.052021e+02
261074 2.050128e+02
261250 2.049878e+02
261330 2.048820e+02
261352 2.046617e+02
261499 2.041803e+02
262274 2.041700e+02
262538 2.040836e+02
262667 2.040505e+02
262708 2.039816e+02
262959 2.038123e+02
263196 2.036582e+02
263242 2.036575e+02
263354 2.034754e+02
263655 2.033295e+02
263952 2.033199e+02
264647 2.031894e+02
264703 2.028978e+02
265048 2.028237e+02
265052 2.024867e+02
265397 2.023427e+02
266098 2.022127e+02
266427 2.021590e+02
266569 2.020830e+02
266699 2.020719e+02
266705 2.020715e+02
266737 2.018383e+02
267666 2.018260e+02
267684 2.018091e+02
267875 2.016550e+02
268065 2.015823e+02
268349 2.015767e+02
268615 2.015701e+02
268620 2.015274e+02
268667 2.015221e+02
268773 2.014545e+02
268788 2.013817e+02
269107 2.013634e+02
269170 2.013580e+02
269171 2.013237e+02
269480 2.013086e+02
269523 2.013063e+02
269677 2.012556e+02
269868 2.012459e+02
269883 2.012320e+02
269903 2.011253e+02
270012 2.010035e+02
270986 2.009409e+02
271041 2.009362e+02
271918 2.009240e+02
272139 2.008952e+02
272508 2.007904e+02
272717 2.007846e+02
272818 2.007511e+02
272979 2.007031e+02
273550 2.007001e+02
273632 2.006320e+02
273805 2.006265e+02
274068 2.005620e+02
274075 2.005489e+02
275047 2.005480e+02
275050 2.005443e+02
275161 2.005413e+02
275210 2.005119e+02
275242 2.005094e+02
275270 2.004937e+02
275457 2.004813e+02
275731 2.004502e+02
275741 2.004406e+02
275809 2.004363e+02
276139 2.004347e+02
276474 2.004077e+02
277068 2.004024e+02
277118 2.003554e+02
277707 2.003184e+02
277845 2.002960e+02
278077 2.002860e+02
279007 2.002780e+02
279196 2.002660e+02
279314 2.002567e+02
279478 2.002543e+02
279935 2.002361e+02
280499 2.002342e+02
280510 2.002288e+02
280544 2.002225e+02
280804 2.001991e+02
280949 2.001945e+02
281350 2.001930e+02
281722 2.001897e+02
282002 2.001888e+02
282049 2.001865e+02
282076 2.001861e+02
282209 2.001779e+02
282309 2.001720e+02
282616 2.001582e+02
282873 2.001515e+02
283098 2.001459e+02
283415 2.001403e+02
283477 2.001392e+02
283696 2.001366e+02
283849 2.001337e+02
283955 2.001293e+02
284298 2.001233e+02
284414 2.001187e+02
285274 2.001149e+02
285333 2.001134e+02
285387 2.001113e+02
285430 2.001059e+02
285883 2.001021e+02
285934 2.001015e+02
285993 2.000961e+02
286969 2.000952e+02
286977 2.000901e+02
287139 2.000865e+02
287300 2.000815e+02
287400 2.000812e+02
287975 2.000782e+02
288130 2.000748e+02
288468 2.000726e+02
288803 2.000681e+02
289385 2.000664e+02
289497 2.000643e+02
289562 2.000613e+02
289616 2.000583e+02
289720 2.000538e+02
290264 2.000533e+02
290517 2.000487e+02
290993 2.000484e+02
291022 2.000477e+02
291054 2.000431e+02
291446 2.000425e+02
291447 2.000399e+02
291963 2.000360e+02
292323 2.000359e+02
292674 2.000350e+02
292905 2.000346e+02
292927 2.000343e+02
293115 2.000326e+02
293556 2.000311e+02
293794 2.000291e+02
293862 2.000279e+02
294636 2.000278e+02
294709 2.000273e+02
294726 2.000258e+02
294757 2.000247e+02
294764 2.000242e+02
295446 2.000242e+02
295640 2.000234e+02
295658 2.000232e+02
295664 2.000218e+02
296101 2.000217e+02
296353 2.000203e+02
296592 2.000198e+02
296783 2.000183e+02
297133 2.000179e+02
297255 2.000178e+02
297480 2.000177e+02
297555 2.000171e+02
297991 2.000159e+02
298220 2.000156e+02
298306 2.000140e+02
298446 2.000139e+02
298975 2.000137e+02
298983 2.000130e+02
299525 2.000129e+02
299605 2.000127e+02
299781 2.000114e+02
300257 2.000113e+02
300347 2.000111e+02
300433 2.000106e+02
300718 2.000101e+02
300838 2.000097e+02
300929 2.000095e+02
301030 2.000094e+02
301134 2.000094e+02
301146 2.000086e+02
302061 2.000086e+02
302422 2.000086e+02
302504 2.000085e+02
302543 2.000081e+02
302699 2.000079e+02
303028 2.000076e+02
303400 2.000074e+02
303830 2.000072e+02
304168 2.000068e+02
304497 2.000065e+02
304776 2.000064e+02
304821 2.000064e+02
305058 2.000063e+02
305106 2.000059e+02
305524 2.000059e+02
305526 2.000058e+02
305624 2.000057e+02
305711 2.000051e+02
306270 2.000050e+02
306322 2.000049e+02
306418 2.000043e+02
306814 2.000039e+02
307524 2.000038e+02
307609 2.000036e+02
308222 2.000035e+02
308658 2.000034e+02
308826 2.000034e+02
308927 2.000034e+02
308949 2.000032e+02
309003 2.000032e+02
309027 2.000031e+02
309133 2.000028e+02
309561 2.000028e+02
309881 2.000026e+02
310416 2.000025e+02
310560 2.000024e+02
310776 2.000023e+02
310879 2.000022e+02
311322 2.000021e+02
311618 2.000020e+02
311871 2.000017e+02
312403 2.000017e+02
312694 2.000016e+02
312977 2.000016e+02
313024 2.000016e+02
313033 2.000015e+02
313218 2.000014e+02
313251 2.000014e+02
313289 2.000014e+02
313332 2.000013e+02
313517 2.000013e+02
314022 2.000013e+02
314446 2.000013e+02
314507 2.000012e+02
314510 2.000012e+02
314914 2.000012e+02
315092 2.000011e+02
315171 2.000011e+02
315188 2.000011e+02
315193 2.000011e+02
315246 2.000010e+02
315297 2.000009e+02
315335 2.000009e+02
315567 2.000009e+02
315840 2.000009e+02
316579 2.000009e+02
316616 2.000008e+02
316618 2.000008e+02
316650 2.000008e+02
316937 2.000008e+02
317051 2.000008e+02
317130 2.000008e+02
317162 2.000008e+02
317187 2.000007e+02
317250 2.000007e+02
317532 2.000007e+02
317725 2.000007e+02
317731 2.000007e+02
317742 2.000007e+02
317868 2.000007e+02
317892 2.000006e+02
318274 2.000006e+02
318291 2.000005e+02
318316 2.000005e+02
318926 2.000005e+02
319533 2.000005e+02
319603 2.000005e+02
319741 2.000005e+02
319809 2.000004e+02
319908 2.000004e+02
320440 2.000004e+02
320771 2.000004e+02
320778 2.000003e+02
321046 2.000003e+02
321178 2.000003e+02
321293 2.000003e+02
321626 2.000003e+02
321711 2.000002e+02
322648 2.000002e+02
322792 2.000002e+02
323197 2.000002e+02
323395 2.000002e+02
323426 2.000002e+02
323626 2.000002e+02
323691 2.000002e+02
323970 2.000001e+02
324507 2.000001e+02
324617 2.000001e+02
324714 2.000001e+02
324887 2.000001e+02
325924 2.000001e+02
325966 2.000001e+02
326110 2.000001e+02
326317 2.000001e+02
326473 2.000001e+02
326633 2.000001e+02
326794 2.000001e+02
326870 2.000000e+02
327043 2.000000e+02
327175 2.000000e+02
327183 2.000000e+02
327350 2.000000e+02
327445 2.000000e+02
327918 2.000000e+02
327969 2.000000e+02
328119 2.000000e+02
328121 2.000000e+02
328153 2.000000e+02
328255 2.000000e+02
328341 2.000000e+02
328377 2.000000e+02
329084 2.000000e+02
329203 2.000000e+02
329381 2.000000e+02
329443 2.000000e+02
329449 2.000000e+02
329455 2.000000e+02
329457 2.000000e+02
329557 2.000000e+02
329715 2.000000e+02
329795 2.000000e+02
329802 2.000000e+02
329865 2.000000e+02
329995 2.000000e+02
330015 2.000000e+02
330556 2.000000e+02
330586 2.000000e+02
331033 2.000000e+02
331199 2.000000e+02
331286 2.000000e+02
331319 2.000000e+02
331747 2.000000e+02
331969 2.000000e+02
331978 2.000000e+02
332164 2.000000e+02
332336 2.000000e+02
332637 2.000000e+02
332674 2.000000e+02
332967 2.000000e+02
332994 2.000000e+02
333311 2.000000e+02
333543 2.000000e+02
333618 2.000000e+02
333728 2.000000e+02
333839 2.000000e+02
334026 2.000000e+02
334030 2.000000e+02
334105 2.000000e+02
334137 2.000000e+02
334187 2.000000e+02
334359 2.000000e+02
334669 2.000000e+02
334676 2.000000e+02
334707 2.000000e+02
334768 2.000000e+02
335186 2.000000e+02
335295 2.000000e+02
335347 2.000000e+02
335560 2.000000e+02
335954 2.000000e+02
336507 2.000000e+02
336551 2.000000e+02
336881 2.000000e+02
336891 2.000000e+02
337213 2.000000e+02
337286 2.000000e+02
337374 2.000000e+02
337391 2.000000e+02
337932 2.000000e+02
338317 2.000000e+02
338397 2.000000e+02
338476 2.000000e+02
338547 2.000000e+02
338575 2.000000e+02
338920 2.000000e+02
338956 2.000000e+02
339063 2.000000e+02
339312 2.000000e+02
339566 2.000000e+02
339701 2.000000e+02
340145 2.000000e+02
340395 2.000000e+02
340910 2.000000e+02
340939 2.000000e+02
341203 2.000000e+02
341333 2.000000e+02
341504 2.000000e+02
341763 2.000000e+02
341965 2.000000e+02
342191 2.000000e+02
342205 2.000000e+02
342212 2.000000e+02
342353 2.000000e+02
342498 2.000000e+02
343022 2.000000e+02
343121 2.000000e+02
343338 2.000000e+02
343451 2.000000e+02
343540 2.000000e+02
343544 2.000000e+02
343711 2.000000e+02
343770 2.000000e+02
344958 2.000000e+02
345049 2.000000e+02
345181 2.000000e+02
345949 2.000000e+02
345983 2.000000e+02
346001 2.000000e+02
346266 2.000000e+02
346892 2.000000e+02
347011 2.000000e+02
347254 2.000000e+02
347291 2.000000e+02
347296 2.000000e+02
347298 2.000000e+02
347326 2.000000e+02
347568 2.000000e+02
347595 2.000000e+02
347696 2.000000e+02
347844 2.000000e+02
347882 2.000000e+02
347934 2.000000e+02
348107 2.000000e+02
348187 2.000000e+02
348630 2.000000e+02
349462 2.000000e+02
349483 2.000000e+02
350020 2.000000e+02
