1 4.822744e+02
8 4.188607e+02
12 2.823102e+02
32 1.422523e+02
231 1.200488e+02
334 1.198705e+02
341 1.177995e+02
343 1.112366e+02
357 1.028729e+02
399 8.002423e+01
443 7.807632e+01
448 5.924691e+01
938 3.974263e+01
1699 3.917110e+01
1856 3.898312e+01
1883 3.825191e+01
1935 2.884187e+01
1975 2.368142e+01
1996 2.276122e+01
2019 2.025504e+01
2047 1.676293e+01
2159 1.421831e+01
2219 1.344999e+01
2253 1.091434e+01
2269 9.180214e+00
2367 8.856861e+00
2377 8.435201e+00
2474 7.613971e+00
2499 7.169207e+00
2512 6.700550e+00
2588 6.446554e+00
2607 6.356771e+00
2622 6.332992e+00
2669 6.240736e+00
2709 6.206232e+00
2742 6.172028e+00
2743 6.143054e+00
2745 6.108926e+00
2763 6.101861e+00
2771 6.091969e+00
2818 6.059804e+00
2874 6.046752e+00
2896 6.046136e+00
2906 6.044754e+00
2911 6.031456e+00
2936 6.011291e+00
2972 6.007243e+00
2984 6.006169e+00
2992 5.996947e+00
3028 5.985880e+00
3056 5.982593e+00
3081 5.978688e+00
3091 5.974816e+00
3167 5.974272e+00
3183 5.971918e+00
3215 5.971581e+00
3243 5.971444e+00
3248 5.971319e+00
3299 5.971177e+00
3312 5.971020e+00
3319 5.970728e+00
3380 5.970575e+00
3415 5.970572e+00
3423 5.970243e+00
3451 5.970136e+00
3468 5.970122e+00
3470 5.970098e+00
3564 5.969982e+00
3608 5.969933e+00
3610 5.969890e+00
3627 5.969816e+00
3699 5.969815e+00
3704 5.969805e+00
3786 5.969804e+00
3791 5.969795e+00
3803 5.969783e+00
3806 5.969782e+00
3840 5.969776e+00
3889 5.969775e+00
3895 5.969766e+00
3942 5.969761e+00
4031 5.969760e+00
4034 5.969758e+00
4130 5.969758e+00
4172 5.969757e+00
4219 5.969756e+00
4225 5.969755e+00
4333 5.969755e+00
4334 5.969755e+00
4347 5.969755e+00
4462 5.969755e+00
4465 5.969754e+00
4541 5.969754e+00
4553 5.969754e+00
4567 5.969754e+00
4683 5.969754e+00
4715 5.969754e+00
4725 5.969754e+00
4750 5.969754e+00
4807 5.969754e+00
4893 5.969754e+00
4926 5.969754e+00
4945 5.969754e+00
4971 5.969754e+00
5030 5.969754e+00
5039 5.969754e+00
5063 5.969754e+00
5082 5.969754e+00
5122 5.969754e+00
5154 5.969754e+00
5198 5.969754e+00
5203 5.969754e+00
5205 5.969754e+00
5261 5.969754e+00
5271 5.969754e+00
5300 5.969754e+00
5317 5.969754e+00
5367 5.969754e+00
5369 5.969754e+00
5407 5.969754e+00
5464 5.969754e+00
5468 5.969754e+00
5522 5.969754e+00
5525 5.969754e+00
5528 5.969754e+00
5576 5.969754e+00
5606 5.969754e+00
11760 3.325402e+00
12592 2.734959e+00
12821 2.732256e+00
12840 2.546020e+00
12977 2.541885e+00
13054 2.449665e+00
13175 2.366066e+00
13237 2.195926e+00
13282 2.177537e+00
13433 2.160447e+00
13447 2.152005e+00
13472 2.132396e+00
13501 2.126091e+00
13546 2.123852e+00
13575 2.031177e+00
14001 2.023480e+00
14019 2.018365e+00
14038 2.003945e+00
14184 2.001913e+00
14363 1.994861e+00
14400 1.993353e+00
14487 1.992853e+00
14506 1.992677e+00
14775 1.991412e+00
14835 1.991128e+00
14918 1.990800e+00
14962 1.990318e+00
41638 1.833829e+00
41800 1.709904e+00
41968 1.402202e+00
42062 1.203841e+00
42291 1.184747e+00
42310 1.147163e+00
42447 1.122432e+00
42645 1.082862e+00
42707 1.057163e+00
42752 1.044775e+00
42834 1.032428e+00
42906 1.022231e+00
42942 1.017585e+00
43045 1.005774e+00
43223 1.000837e+00
43508 9.982931e-01
43600 9.974878e-01
43757 9.969716e-01
43780 9.967079e-01
43833 9.960572e-01
43870 9.954579e-01
43957 9.952569e-01
44305 9.951789e-01
44369 9.951697e-01
44432 9.951210e-01
44494 9.950987e-01
44549 9.950404e-01
44556 9.949962e-01
44741 9.949858e-01
45060 9.949804e-01
45136 9.949707e-01
45172 9.949696e-01
45319 9.949675e-01
45328 9.949638e-01
45340 9.949635e-01
45400 9.949635e-01
45421 9.949629e-01
45432 9.949621e-01
45622 9.949612e-01
45747 9.949612e-01
45758 9.949604e-01
45799 9.949603e-01
45828 9.949600e-01
45839 9.949600e-01
45981 9.949598e-01
45995 9.949595e-01
46065 9.949594e-01
46207 9.949594e-01
46209 9.949594e-01
46265 9.949592e-01
46326 9.949592e-01
46404 9.949592e-01
46405 9.949592e-01
46407 9.949592e-01
46464 9.949591e-01
46668 9.949591e-01
46742 9.949591e-01
46768 9.949591e-01
46782 9.949591e-01
46884 9.949591e-01
46931 9.949591e-01
47002 9.949591e-01
47172 9.949591e-01
47207 9.949591e-01
47584 9.949591e-01
47601 9.949591e-01
47640 9.949591e-01
47789 9.949591e-01
47969 9.949591e-01
48002 9.949591e-01
48055 9.949591e-01
48077 9.949591e-01
48083 9.949591e-01
48173 9.949591e-01
48221 9.949591e-01
48256 9.949591e-01
48349 9.949591e-01
48377 9.949591e-01
48397 9.949591e-01
48444 9.949591e-01
48493 9.949591e-01
48539 9.949591e-01
48550 9.949591e-01
48600 9.949591e-01
48720 9.949591e-01
48799 9.949591e-01
48856 9.949591e-01
48927 9.949591e-01
49049 9.949591e-01
61196 8.317745e-01
61575 5.237225e-01
61585 3.263830e-01
62389 3.029624e-01
62484 2.060513e-01
62617 1.733279e-01
62665 1.396531e-01
62677 1.148548e-01
62838 1.126329e-01
62944 9.593759e-02
62994 3.846643e-02
63433 3.767679e-02
63466 3.751662e-02
63603 2.233723e-02
63642 1.785550e-02
63779 9.448838e-03
64175 9.069212e-03
64232 7.011814e-03
64321 5.511850e-03
64434 3.443766e-03
64611 2.165122e-03
64935 1.868444e-03
64958 1.302073e-03
64997 1.268418e-03
65204 1.143768e-03
65205 3.941146e-04
65664 3.694778e-04
65734 3.128986e-04
65759 2.965020e-04
65858 1.598568e-04
66086 1.098023e-04
66356 6.194264e-05
66597 5.563318e-05
66650 5.343265e-05
66657 3.758245e-05
66817 2.411670e-05
67033 1.694044e-05
67210 9.597011e-06
67416 4.511644e-06
67849 2.972888e-06
67851 2.583653e-06
68037 1.218375e-06
68576 4.554822e-07
68805 4.514076e-07
68828 3.702872e-07
68992 2.110647e-07
69131 1.981219e-07
69270 1.461696e-07
69409 1.328698e-07
69608 1.179639e-07
69640 7.610183e-08
69695 7.037109e-08
69811 6.646326e-08
69859 6.233467e-08
70098 5.730194e-08
70125 5.447132e-08
70193 4.930308e-08
70204 3.653004e-08
70239 3.214640e-08
70330 2.888527e-08
70361 2.530997e-08
70412 2.430629e-08
70432 2.264213e-08
70490 1.998731e-08
70574 1.793246e-08
70633 1.670390e-08
70645 1.502530e-08
70668 1.255082e-08
70911 7.592487e-09
