1 1.008939e+03
2 6.113948e+02
3 6.090216e+02
8 3.774717e+02
19 2.800997e+02
74 2.388728e+02
136 1.613794e+02
166 1.540920e+02
190 1.505013e+02
202 1.089311e+02
351 1.030540e+02
391 9.344080e+01
438 7.494805e+01
454 5.342786e+01
1104 5.090740e+01
1189 5.000741e+01
1465 4.062891e+01
2230 2.451131e+01
2420 2.284260e+01
2471 1.774855e+01
2570 1.749890e+01
2623 1.537338e+01
2687 1.426032e+01
2728 1.400152e+01
2788 1.397761e+01
2793 1.397308e+01
2798 1.286994e+01
2804 1.157171e+01
2835 9.172293e+00
2858 8.665932e+00
2866 7.021571e+00
2964 6.315791e+00
3022 6.137469e+00
3081 5.573666e+00
3082 5.531950e+00
3156 5.530570e+00
3166 5.421728e+00
3224 5.259543e+00
3250 5.147470e+00
3305 5.142498e+00
3311 5.121432e+00
3336 5.103240e+00
3433 5.056267e+00
3464 5.031647e+00
3524 5.023685e+00
3552 5.023455e+00
3556 5.017942e+00
3577 4.999204e+00
3664 4.995252e+00
3684 4.993920e+00
3701 4.986731e+00
3717 4.984232e+00
3782 4.980165e+00
3813 4.978043e+00
3906 4.977782e+00
3994 4.976888e+00
3999 4.975575e+00
4083 4.975294e+00
4198 4.975220e+00
4209 4.975149e+00
4230 4.975111e+00
4314 4.975036e+00
4333 4.974965e+00
4410 4.974954e+00
4434 4.974869e+00
4515 4.974861e+00
4517 4.974854e+00
4539 4.974850e+00
4586 4.974843e+00
4593 4.974837e+00
4606 4.974837e+00
4613 4.974824e+00
4616 4.974806e+00
4671 4.974805e+00
4756 4.974804e+00
4792 4.974802e+00
4797 4.974801e+00
4800 4.974799e+00
4820 4.974798e+00
4838 4.974795e+00
4862 4.974795e+00
4875 4.974794e+00
4896 4.974794e+00
4907 4.974794e+00
4911 4.974794e+00
4942 4.974794e+00
4944 4.974793e+00
4993 4.974793e+00
5000 4.974792e+00
5037 4.974792e+00
5054 4.974791e+00
5086 4.974791e+00
5108 4.974791e+00
5121 4.974791e+00
5210 4.974791e+00
5256 4.974791e+00
5267 4.974791e+00
5271 4.974791e+00
5291 4.974790e+00
5302 4.974790e+00
5402 4.974790e+00
5429 4.974790e+00
5552 4.974790e+00
5558 4.974790e+00
5559 4.974790e+00
5655 4.974790e+00
5680 4.974790e+00
5681 4.974790e+00
5683 4.974790e+00
5735 4.974790e+00
5815 4.974790e+00
5828 4.974790e+00
5846 4.974790e+00
5888 4.974790e+00
5950 4.974790e+00
5970 4.974790e+00
5971 4.974790e+00
5999 4.974790e+00
6001 4.974790e+00
6010 4.974790e+00
6011 4.974790e+00
6023 4.974790e+00
6043 4.974790e+00
6080 4.974790e+00
6171 4.974790e+00
6188 4.974790e+00
6270 4.974790e+00
6289 4.974790e+00
6332 4.974790e+00
6337 4.974790e+00
6360 4.974790e+00
6444 4.974790e+00
6465 4.974790e+00
6494 4.974790e+00
45392 4.415028e+00
45495 4.401895e+00
45709 4.308735e+00
45856 4.277592e+00
45868 4.210720e+00
45873 4.206844e+00
45929 4.123682e+00
45953 4.118249e+00
45998 4.099322e+00
46084 4.044271e+00
46243 4.037902e+00
46352 4.015217e+00
46403 4.010060e+00
46527 3.998390e+00
46533 3.988263e+00
46657 3.986055e+00
47000 3.985929e+00
47005 3.983387e+00
47081 3.981703e+00
47165 3.981513e+00
47211 3.981017e+00
47325 3.980915e+00
47347 3.980891e+00
47411 3.980592e+00
47449 3.980445e+00
47533 3.980272e+00
47570 3.980265e+00
47582 3.980250e+00
47636 3.980073e+00
47865 3.980016e+00
47874 3.980014e+00
47905 3.979984e+00
47908 3.979908e+00
48030 3.979886e+00
48178 3.979875e+00
48281 3.979862e+00
48446 3.979859e+00
48501 3.979853e+00
48504 3.979850e+00
48672 3.979847e+00
48712 3.979844e+00
48762 3.979843e+00
48927 3.979842e+00
48973 3.979842e+00
49001 3.979841e+00
49007 3.979841e+00
49014 3.979840e+00
49158 3.979839e+00
49192 3.979839e+00
49246 3.979838e+00
49347 3.979837e+00
49556 3.979837e+00
49610 3.979837e+00
49643 3.979837e+00
49684 3.979837e+00
49788 3.979837e+00
49869 3.979836e+00
49992 3.979836e+00
50024 3.979836e+00
50217 3.979836e+00
50286 3.979836e+00
50365 3.979836e+00
50516 3.979836e+00
50522 3.979836e+00
50612 3.979836e+00
50633 3.979836e+00
50655 3.979836e+00
50688 3.979836e+00
50713 3.979836e+00
50736 3.979836e+00
50857 3.979836e+00
50876 3.979836e+00
50978 3.979836e+00
51021 3.979836e+00
51043 3.979836e+00
51121 3.979836e+00
51191 3.979836e+00
51271 3.979836e+00
51272 3.979836e+00
51277 3.979836e+00
51282 3.979836e+00
51518 3.979836e+00
51663 3.979836e+00
51706 3.979836e+00
51853 3.979836e+00
51895 3.979836e+00
52055 3.979836e+00
52160 3.979836e+00
52274 3.979836e+00
52357 3.979836e+00
52370 3.979836e+00
52498 3.979836e+00
52579 3.979836e+00
64537 1.975253e+00
65395 1.551455e+00
65929 1.439793e+00
65980 1.285418e+00
66243 9.866187e-01
66502 9.207311e-01
66716 4.976667e-01
66915 4.611181e-01
66919 3.432424e-01
67155 2.266255e-01
67434 2.101517e-01
67490 2.041454e-01
67568 1.697641e-01
67573 1.511184e-01
67754 1.382477e-01
67770 1.258304e-01
67824 6.801285e-02
67910 5.259238e-02
68296 4.811297e-02
68339 4.117919e-02
68349 2.073379e-02
68486 2.070690e-02
68722 2.013804e-02
68764 1.431639e-02
68793 1.106529e-02
69046 1.081915e-02
69106 8.920754e-03
69272 4.861456e-03
69313 4.479935e-03
69519 3.907191e-03
69599 3.172393e-03
69699 2.516811e-03
69762 1.777976e-03
69918 1.561870e-03
70025 1.224946e-03
70068 9.886988e-04
70286 5.877753e-04
70425 3.361499e-04
70460 2.409992e-04
70896 2.365182e-04
71014 1.528553e-04
71248 1.455076e-04
71337 1.421839e-04
71413 1.135853e-04
71426 8.662747e-05
71502 6.084952e-05
71615 2.804204e-05
71811 2.743055e-05
72117 2.141390e-05
72132 2.059024e-05
72156 1.228067e-05
72381 8.522241e-06
72502 8.295657e-06
72509 7.475004e-06
72625 4.867950e-06
72672 4.516333e-06
72790 4.088757e-06
72820 1.296147e-06
73350 1.047394e-06
73500 6.305926e-07
73847 5.987697e-07
73936 1.692614e-07
74305 1.631730e-07
74418 8.584312e-08
74676 6.841565e-08
74916 5.688174e-08
75020 4.557499e-08
75053 4.455546e-08
75054 2.701856e-08
75337 2.227891e-08
75502 2.085624e-08
75577 1.591960e-08
75658 1.469358e-08
75731 1.194506e-08
75844 1.052397e-08
75900 9.665178e-09
75914 6.576758e-09
75944 5.729844e-09
