1 3.648651e+02
169 3.374404e+02
183 2.702728e+02
220 2.614784e+02
224 2.542071e+02
245 2.216425e+02
248 2.148399e+02
259 2.080425e+02
294 2.066906e+02
309 1.219124e+02
390 1.184209e+02
428 1.119891e+02
430 1.090671e+02
432 1.043352e+02
487 9.859577e+01
526 9.306149e+01
555 9.283460e+01
617 8.874964e+01
628 8.847618e+01
710 7.496979e+01
815 7.199138e+01
1065 6.958747e+01
1073 6.124579e+01
1330 5.780998e+01
1519 5.689837e+01
1926 5.221225e+01
2519 5.053068e+01
3344 4.817619e+01
4274 4.529452e+01
5700 3.752001e+01
6129 3.418045e+01
7626 2.724017e+01
8075 2.630244e+01
8221 2.466474e+01
8329 2.450544e+01
8402 2.430565e+01
8444 2.284890e+01
8453 2.179551e+01
8469 1.971473e+01
8506 1.936145e+01
8603 1.778760e+01
8701 1.709359e+01
8802 1.703702e+01
8808 1.659306e+01
8914 1.469186e+01
9035 1.459937e+01
9234 1.419695e+01
9297 1.306882e+01
9465 1.302592e+01
9467 1.301691e+01
9625 1.298669e+01
9705 1.285942e+01
9726 1.280522e+01
9734 1.279114e+01
9745 1.278553e+01
9785 1.272549e+01
9807 1.260459e+01
9924 1.253860e+01
9944 1.250144e+01
10009 1.245437e+01
10070 1.244188e+01
10116 1.240810e+01
10139 1.238543e+01
10172 1.233484e+01
10220 1.231045e+01
10251 1.220769e+01
10343 1.215548e+01
10365 1.215082e+01
10393 1.213426e+01
10492 1.199171e+01
10568 1.190574e+01
10594 1.187283e+01
10608 1.184108e+01
10629 1.179953e+01
10712 1.175107e+01
10722 1.174018e+01
10747 1.169576e+01
10756 1.164121e+01
10810 1.163599e+01
10829 1.160267e+01
10927 1.158001e+01
10934 1.156976e+01
10956 1.154834e+01
10964 1.154818e+01
11029 1.154444e+01
11047 1.153986e+01
11054 1.152634e+01
11068 1.152068e+01
11073 1.151496e+01
11128 1.150934e+01
11146 1.150558e+01
11245 1.149887e+01
11368 1.149795e+01
11416 1.149571e+01
11473 1.149418e+01
11493 1.149314e+01
11512 1.149281e+01
11569 1.149280e+01
11635 1.149250e+01
11640 1.149250e+01
11673 1.149243e+01
11693 1.149234e+01
11720 1.149219e+01
11798 1.149218e+01
11801 1.149215e+01
11821 1.149212e+01
11823 1.149210e+01
11844 1.149209e+01
11932 1.149207e+01
12005 1.149206e+01
12065 1.149206e+01
12144 1.149205e+01
12158 1.149205e+01
12199 1.149205e+01
12211 1.149205e+01
12263 1.149204e+01
12297 1.149204e+01
12322 1.149204e+01
12443 1.149204e+01
12589 1.149204e+01
12605 1.149204e+01
12623 1.149204e+01
12626 1.149204e+01
12644 1.149204e+01
12655 1.149204e+01
12774 1.149204e+01
12781 1.149204e+01
12825 1.149204e+01
12846 1.149204e+01
12853 1.149204e+01
12855 1.149204e+01
12869 1.149204e+01
12978 1.149204e+01
13003 1.149204e+01
13014 1.149204e+01
13021 1.149204e+01
13066 1.149204e+01
13067 1.149204e+01
13076 1.149204e+01
13091 1.149204e+01
13137 1.149204e+01
13155 1.149204e+01
13156 1.149204e+01
13181 1.149204e+01
13188 1.149204e+01
13201 1.149204e+01
13205 1.149204e+01
13213 1.149204e+01
13239 1.149204e+01
13273 1.149204e+01
13300 1.149204e+01
13347 1.149204e+01
13385 1.149204e+01
13391 1.149204e+01
13551 1.149204e+01
13599 1.149204e+01
13611 1.149204e+01
13612 1.149204e+01
13724 1.149204e+01
13797 1.149204e+01
13806 1.149204e+01
13818 1.149204e+01
13832 1.149204e+01
90886 1.136185e+01
90993 1.134723e+01
91019 1.133694e+01
91132 1.109195e+01
91445 1.106557e+01
91754 1.097364e+01
91825 1.096959e+01
91865 1.095763e+01
91944 1.090587e+01
91951 1.089872e+01
92021 1.086759e+01
92138 1.084258e+01
92310 1.083959e+01
92401 1.081696e+01
92466 1.075619e+01
92501 1.075000e+01
92553 1.073094e+01
92613 1.070659e+01
92809 1.069803e+01
93149 1.069755e+01
93196 1.069627e+01
93231 1.064665e+01
93565 1.060392e+01
93662 1.057250e+01
94158 1.056427e+01
94372 1.055949e+01
94555 1.055360e+01
94575 1.054245e+01
94632 1.054186e+01
94771 1.053422e+01
95019 1.053418e+01
95064 1.053372e+01
95144 1.052619e+01
95300 1.052568e+01
95377 1.052542e+01
95378 1.052348e+01
95481 1.052255e+01
95623 1.052111e+01
95786 1.052064e+01
95846 1.051923e+01
96269 1.051885e+01
96694 1.051881e+01
96750 1.051864e+01
96771 1.051841e+01
96937 1.051840e+01
97099 1.051839e+01
97197 1.051831e+01
97360 1.051824e+01
97542 1.051823e+01
97573 1.051820e+01
97612 1.051819e+01
97749 1.051819e+01
97921 1.051817e+01
97934 1.051817e+01
97963 1.051814e+01
98164 1.051813e+01
98353 1.051812e+01
98359 1.051811e+01
98677 1.051811e+01
98780 1.051811e+01
98794 1.051811e+01
98844 1.051811e+01
99022 1.051811e+01
99024 1.051811e+01
99037 1.051811e+01
99060 1.051810e+01
99528 1.051810e+01
99545 1.051810e+01
99547 1.051810e+01
99767 1.051810e+01
