1 7.422201e+02
3 6.919880e+02
7 6.387513e+02
34 4.736287e+02
180 3.977870e+02
205 3.930683e+02
212 3.705419e+02
218 3.662001e+02
245 2.516707e+02
272 2.413550e+02
289 2.409510e+02
336 2.396618e+02
338 2.309028e+02
361 2.071435e+02
366 1.699398e+02
402 1.531199e+02
435 1.506393e+02
448 1.488930e+02
470 1.391554e+02
493 1.297280e+02
546 1.247966e+02
552 1.224641e+02
576 1.137292e+02
577 1.045626e+02
599 9.666555e+01
609 6.165239e+01
631 6.110053e+01
1027 6.002887e+01
2030 5.619753e+01
2050 5.415147e+01
2238 4.626932e+01
3270 4.147079e+01
3481 2.396151e+01
4684 2.329946e+01
5047 2.057388e+01
5239 1.608822e+01
5344 1.566800e+01
5349 1.543442e+01
5355 1.514991e+01
5497 1.512540e+01
5533 1.508450e+01
5602 1.482855e+01
5726 1.481584e+01
5732 1.447836e+01
5780 1.445931e+01
5785 1.437454e+01
5835 1.426256e+01
5870 1.421635e+01
5908 1.417437e+01
5926 1.413358e+01
5940 1.410453e+01
5941 1.387912e+01
5981 1.378576e+01
6006 1.374830e+01
6037 1.372405e+01
6097 1.364460e+01
6133 1.350665e+01
6198 1.349384e+01
6218 1.348796e+01
6227 1.336925e+01
6264 1.333734e+01
6323 1.331617e+01
6402 1.325080e+01
6514 1.322727e+01
6519 1.321081e+01
6523 1.318753e+01
6578 1.316020e+01
6648 1.315714e+01
6649 1.315564e+01
6653 1.315525e+01
6675 1.315460e+01
6677 1.313978e+01
6725 1.313242e+01
6805 1.313219e+01
6820 1.312669e+01
6829 1.312578e+01
6882 1.312547e+01
6916 1.312333e+01
6981 1.312327e+01
7006 1.312250e+01
7047 1.312232e+01
7067 1.312141e+01
7212 1.312126e+01
7286 1.312116e+01
7303 1.312112e+01
7352 1.312109e+01
7491 1.312109e+01
7539 1.312106e+01
7578 1.312106e+01
7607 1.312105e+01
7661 1.312105e+01
7709 1.312104e+01
7727 1.312104e+01
7737 1.312104e+01
7739 1.312104e+01
7775 1.312104e+01
7789 1.312104e+01
7798 1.312104e+01
7813 1.312104e+01
7904 1.312104e+01
7906 1.312104e+01
7933 1.312104e+01
7972 1.312104e+01
8030 1.312104e+01
8101 1.312103e+01
8136 1.312103e+01
8155 1.312103e+01
8159 1.312103e+01
8249 1.312103e+01
8259 1.312103e+01
8260 1.312103e+01
8294 1.312103e+01
8316 1.312103e+01
8364 1.312103e+01
8389 1.312103e+01
8411 1.312103e+01
8450 1.312103e+01
8457 1.312103e+01
8465 1.312103e+01
8470 1.312103e+01
8476 1.312103e+01
8635 1.312103e+01
8648 1.312103e+01
8649 1.312103e+01
8652 1.312103e+01
8658 1.312103e+01
8678 1.312103e+01
8706 1.312103e+01
8768 1.312103e+01
8814 1.312103e+01
8835 1.312103e+01
8864 1.312103e+01
8904 1.312103e+01
8931 1.312103e+01
8934 1.312103e+01
9012 1.312103e+01
9081 1.312103e+01
9106 1.312103e+01
9153 1.312103e+01
9175 1.312103e+01
9217 1.312103e+01
9221 1.312103e+01
9255 1.312103e+01
70747 1.298731e+01
70752 1.298503e+01
70821 1.298253e+01
70875 1.251034e+01
70958 1.210579e+01
70975 1.199071e+01
71169 1.193175e+01
71272 1.188224e+01
71330 1.165669e+01
71368 1.156425e+01
71500 1.150253e+01
71565 1.141266e+01
71729 1.138999e+01
71857 1.138608e+01
71899 1.134239e+01
71946 1.133046e+01
71969 1.126813e+01
72095 1.115937e+01
72274 1.107452e+01
72357 1.107412e+01
72493 1.103470e+01
72495 1.098347e+01
72520 1.097926e+01
72596 1.097324e+01
72703 1.097088e+01
72811 1.095010e+01
72888 1.092292e+01
72963 1.091367e+01
73023 1.089293e+01
73113 1.087208e+01
73363 1.086955e+01
73366 1.086145e+01
73371 1.085420e+01
73549 1.084718e+01
73709 1.084551e+01
73833 1.084474e+01
73834 1.084357e+01
73959 1.084046e+01
73999 1.084023e+01
74054 1.083966e+01
74073 1.083778e+01
74172 1.083598e+01
74464 1.083559e+01
74507 1.083551e+01
74536 1.083477e+01
74627 1.083475e+01
74698 1.083469e+01
74782 1.083465e+01
74840 1.083447e+01
74889 1.083444e+01
74912 1.083439e+01
74949 1.083424e+01
75073 1.083421e+01
75094 1.083415e+01
75202 1.083411e+01
75258 1.083408e+01
75275 1.083407e+01
75429 1.083403e+01
75620 1.083402e+01
75697 1.083401e+01
75720 1.083401e+01
75877 1.083401e+01
75934 1.083401e+01
75941 1.083401e+01
75956 1.083400e+01
76012 1.083400e+01
76058 1.083400e+01
76079 1.083400e+01
76087 1.083400e+01
76135 1.083400e+01
76287 1.083400e+01
76297 1.083400e+01
76309 1.083400e+01
76311 1.083400e+01
76356 1.083400e+01
76383 1.083400e+01
76406 1.083400e+01
76407 1.083400e+01
76445 1.083400e+01
76456 1.083399e+01
76544 1.083399e+01
76575 1.083399e+01
76619 1.083399e+01
76726 1.083399e+01
76757 1.083399e+01
76856 1.083399e+01
76857 1.083399e+01
76863 1.083399e+01
77148 1.083399e+01
77266 1.083399e+01
77297 1.083399e+01
77392 1.083399e+01
77424 1.083399e+01
77448 1.083399e+01
77490 1.083399e+01
77530 1.083399e+01
77588 1.083399e+01
77592 1.083399e+01
77626 1.083399e+01
77726 1.083399e+01
77808 1.083399e+01
77834 1.083399e+01
77913 1.083399e+01
78026 1.083399e+01
78072 1.083399e+01
78166 1.083399e+01
78539 1.083399e+01
78560 1.083399e+01
78568 1.083399e+01
78645 1.083399e+01
78714 1.083399e+01
78724 1.083399e+01
79055 1.083399e+01
79069 1.083399e+01
79293 1.083399e+01
79295 1.083399e+01
79325 1.083399e+01
79400 1.083399e+01
79439 1.083399e+01
79627 1.083399e+01
79636 1.083399e+01
79685 1.083399e+01
79888 1.083399e+01
80046 1.083399e+01
80097 1.083399e+01
