1 5.000000e+00
30 5.000000e+00
39 5.000000e+00
265 5.000000e+00
394 5.000000e+00
408 4.999999e+00
551 4.956816e+00
661 4.952017e+00
690 4.772196e+00
746 4.667932e+00
872 4.640238e+00
1034 4.575127e+00
1088 4.366947e+00
1213 4.336191e+00
1261 4.029396e+00
7247 4.015109e+00
9191 3.999177e+00
10110 3.943077e+00
10248 3.916394e+00
10482 3.909675e+00
10500 3.897840e+00
10655 3.889365e+00
10860 3.889033e+00
10897 3.887849e+00
10933 3.886291e+00
10945 3.882721e+00
11002 3.881173e+00
11086 3.878991e+00
11272 3.878032e+00
11284 3.877432e+00
11381 3.877392e+00
11405 3.877389e+00
11458 3.877014e+00
11464 3.876978e+00
11498 3.876508e+00
11505 3.876157e+00
11586 3.876156e+00
11685 3.876142e+00
11702 3.875995e+00
11734 3.875905e+00
11839 3.875902e+00
11890 3.875877e+00
12010 3.875877e+00
12047 3.875875e+00
12072 3.875873e+00
12086 3.875868e+00
12094 3.875864e+00
12100 3.875858e+00
12102 3.875855e+00
12197 3.875854e+00
12201 3.875852e+00
12235 3.875851e+00
12258 3.875850e+00
12287 3.875849e+00
12291 3.875847e+00
12314 3.875843e+00
12397 3.875840e+00
12439 3.875840e+00
12453 3.875835e+00
12469 3.875833e+00
12482 3.875833e+00
12496 3.875832e+00
12506 3.875832e+00
12524 3.875830e+00
12537 3.875829e+00
12552 3.875825e+00
12566 3.875807e+00
12626 3.875792e+00
12706 3.875760e+00
12820 3.875753e+00
12835 3.875752e+00
12863 3.875727e+00
12889 3.875699e+00
12923 3.875690e+00
13143 3.875663e+00
13265 3.875649e+00
13266 3.875645e+00
13272 3.875645e+00
13287 3.875636e+00
13319 3.875620e+00
13320 3.875616e+00
13377 3.875599e+00
13400 3.875578e+00
13497 3.875565e+00
13539 3.875558e+00
13546 3.875529e+00
13566 3.875520e+00
13593 3.875508e+00
13665 3.875498e+00
13731 3.875480e+00
13764 3.875470e+00
13811 3.875413e+00
13987 3.875384e+00
14023 3.875367e+00
14028 3.875354e+00
14057 3.875330e+00
14110 3.875330e+00
14136 3.875259e+00
14275 3.875245e+00
14277 3.875241e+00
14294 3.875238e+00
14295 3.875213e+00
14340 3.875210e+00
14347 3.875209e+00
14413 3.875206e+00
14426 3.875159e+00
14459 3.875152e+00
14471 3.875149e+00
14540 3.875148e+00
14583 3.875143e+00
14596 3.875129e+00
14613 3.875084e+00
14659 3.875065e+00
14730 3.875043e+00
14775 3.875035e+00
14828 3.875025e+00
14866 3.875017e+00
14891 3.875012e+00
14911 3.874993e+00
14933 3.874968e+00
14967 3.874965e+00
31766 3.831864e+00
32442 3.709683e+00
33840 3.690469e+00
36516 3.635531e+00
37714 3.497541e+00
37831 3.427664e+00
38027 3.172201e+00
39642 3.152112e+00
39693 3.087312e+00
39711 3.016117e+00
39904 3.011654e+00
39944 3.001939e+00
39960 2.998611e+00
40006 2.990759e+00
40021 2.987626e+00
40089 2.975995e+00
40124 2.965848e+00
40144 2.952729e+00
40381 2.947355e+00
40490 2.947353e+00
40506 2.945619e+00
40572 2.944296e+00
40580 2.940856e+00
40839 2.940598e+00
40901 2.940527e+00
40911 2.940428e+00
40924 2.940365e+00
40926 2.940288e+00
40960 2.940266e+00
40964 2.940198e+00
40968 2.940164e+00
40971 2.940132e+00
40980 2.940111e+00
40992 2.940048e+00
40998 2.940026e+00
41032 2.939952e+00
41177 2.939919e+00
41235 2.939903e+00
41236 2.939875e+00
41342 2.939849e+00
41377 2.939845e+00
41395 2.939839e+00
41417 2.939829e+00
41448 2.939824e+00
41460 2.939819e+00
41512 2.939791e+00
41547 2.939787e+00
41553 2.939776e+00
41580 2.939766e+00
41652 2.939753e+00
41661 2.939705e+00
41681 2.939691e+00
41705 2.939653e+00
41731 2.939575e+00
41752 2.939567e+00
41777 2.939548e+00
41834 2.939492e+00
41856 2.939434e+00
41911 2.939366e+00
41940 2.939336e+00
41951 2.939215e+00
42035 2.938914e+00
42100 2.938786e+00
42186 2.938648e+00
42187 2.938457e+00
42231 2.938219e+00
42235 2.938021e+00
42248 2.938013e+00
42274 2.937525e+00
42279 2.936982e+00
42367 2.936530e+00
42522 2.935706e+00
42676 2.935649e+00
42684 2.935603e+00
42689 2.935311e+00
42698 2.935247e+00
42701 2.934726e+00
42834 2.934459e+00
42846 2.934031e+00
42873 2.933987e+00
42903 2.933707e+00
42966 2.933570e+00
42976 2.933524e+00
42996 2.933140e+00
43008 2.933129e+00
43009 2.932862e+00
43062 2.932681e+00
43066 2.932500e+00
43108 2.932415e+00
43130 2.931423e+00
43186 2.931154e+00
43210 2.931093e+00
43230 2.931002e+00
43237 2.930852e+00
43259 2.930639e+00
43266 2.930597e+00
43352 2.930337e+00
43358 2.930127e+00
43370 2.929952e+00
43417 2.929499e+00
43438 2.929449e+00
43454 2.928704e+00
43542 2.928682e+00
43570 2.928430e+00
43589 2.928182e+00
43643 2.927789e+00
43693 2.927747e+00
43713 2.927667e+00
43730 2.927462e+00
43760 2.927412e+00
43799 2.927405e+00
43811 2.927257e+00
43828 2.927212e+00
43844 2.927086e+00
43846 2.926834e+00
43868 2.926433e+00
43871 2.926268e+00
43886 2.926183e+00
43887 2.925386e+00
43933 2.925207e+00
43992 2.924703e+00
43993 2.924667e+00
44060 2.924444e+00
44076 2.924393e+00
44083 2.924391e+00
44090 2.923876e+00
44106 2.923688e+00
44134 2.923458e+00
44178 2.921952e+00
44260 2.921561e+00
44277 2.920799e+00
44289 2.920419e+00
44375 2.920390e+00
44386 2.920057e+00
44406 2.919825e+00
44478 2.918686e+00
44592 2.918401e+00
44593 2.918380e+00
44599 2.917834e+00
44616 2.917398e+00
44724 2.916476e+00
44773 2.916454e+00
44791 2.915665e+00
44858 2.915329e+00
44877 2.915165e+00
44929 2.914966e+00
44938 2.914287e+00
44987 2.914123e+00
45013 2.913855e+00
45111 2.913797e+00
45155 2.913750e+00
45156 2.913469e+00
45263 2.912927e+00
45333 2.912825e+00
45371 2.912516e+00
45397 2.912288e+00
45442 2.912170e+00
45448 2.911551e+00
45500 2.911315e+00
45521 2.910899e+00
45594 2.909540e+00
45793 2.909362e+00
45833 2.909309e+00
45834 2.909073e+00
45848 2.908879e+00
45859 2.908746e+00
45884 2.908734e+00
45942 2.908240e+00
46049 2.907966e+00
46077 2.907847e+00
46094 2.907686e+00
46125 2.907449e+00
46157 2.907397e+00
46176 2.907079e+00
46228 2.906974e+00
46231 2.906841e+00
46258 2.906803e+00
46288 2.906685e+00
46295 2.906566e+00
46297 2.906478e+00
46322 2.906348e+00
46337 2.906327e+00
46339 2.906228e+00
46398 2.906145e+00
46414 2.905836e+00
46541 2.905697e+00
46555 2.905639e+00
46614 2.905562e+00
46632 2.905328e+00
46640 2.905277e+00
46705 2.905211e+00
46729 2.905133e+00
46743 2.905120e+00
46750 2.905021e+00
46768 2.904963e+00
46803 2.904918e+00
46812 2.904895e+00
46830 2.904740e+00
46858 2.904560e+00
46914 2.904412e+00
47043 2.904345e+00
47053 2.904298e+00
47097 2.904271e+00
47110 2.904094e+00
47126 2.903891e+00
47171 2.903813e+00
47302 2.903773e+00
47319 2.903745e+00
47330 2.903737e+00
47353 2.903723e+00
47373 2.903707e+00
47379 2.903671e+00
47437 2.903628e+00
47450 2.903581e+00
47489 2.903574e+00
47493 2.903539e+00
47497 2.903521e+00
47502 2.903519e+00
47510 2.903512e+00
47527 2.903506e+00
47538 2.903436e+00
47625 2.903422e+00
47641 2.903411e+00
47668 2.903400e+00
47691 2.903366e+00
47693 2.903348e+00
47812 2.903321e+00
47839 2.903318e+00
47894 2.903310e+00
47946 2.903293e+00
47966 2.903291e+00
47995 2.903282e+00
48137 2.903275e+00
48147 2.903271e+00
48153 2.903270e+00
48155 2.903268e+00
48161 2.903264e+00
48219 2.903262e+00
48228 2.903258e+00
48231 2.903257e+00
48281 2.903256e+00
48287 2.903249e+00
48337 2.903246e+00
48375 2.903246e+00
48382 2.903246e+00
48401 2.903245e+00
48418 2.903244e+00
48606 2.903241e+00
48684 2.903240e+00
48781 2.903238e+00
48822 2.903238e+00
48831 2.903237e+00
48931 2.903236e+00
48938 2.903236e+00
48979 2.903236e+00
48982 2.903235e+00
49128 2.903235e+00
49144 2.903234e+00
49318 2.903234e+00
49397 2.903234e+00
49447 2.903234e+00
49590 2.903234e+00
49613 2.903234e+00
49623 2.903234e+00
49638 2.903234e+00
49647 2.903233e+00
49702 2.903233e+00
49721 2.903233e+00
49814 2.903233e+00
49867 2.903233e+00
50429 2.903233e+00
50438 2.903233e+00
50570 2.903233e+00
51050 2.903233e+00
51068 2.903233e+00
51130 2.903233e+00
51380 2.903233e+00
51381 2.903233e+00
51397 2.903233e+00
51448 2.903233e+00
51556 2.903233e+00
51590 2.903233e+00
51733 2.903233e+00
51856 2.903233e+00
52074 2.903233e+00
52079 2.903233e+00
52196 2.903233e+00
52338 2.903233e+00
52373 2.903233e+00
52427 2.903233e+00
52483 2.903233e+00
52533 2.903233e+00
52535 2.903233e+00
52552 2.903233e+00
52685 2.903233e+00
52728 2.903233e+00
52825 2.903233e+00
52845 2.903233e+00
52913 2.903233e+00
52943 2.903233e+00
53035 2.903233e+00
53073 2.903233e+00
53084 2.903233e+00
53098 2.903233e+00
53109 2.903233e+00
53153 2.903233e+00
53221 2.903233e+00
53272 2.903233e+00
53301 2.903233e+00
53342 2.903233e+00
53400 2.903233e+00
53424 2.903233e+00
53469 2.903233e+00
53596 2.903233e+00
53619 2.903233e+00
53695 2.903233e+00
53698 2.903233e+00
53714 2.903233e+00
53788 2.903233e+00
53871 2.903233e+00
53921 2.903233e+00
53941 2.903233e+00
54055 2.903233e+00
54119 2.903233e+00
54219 2.903233e+00
54233 2.903233e+00
54325 2.903233e+00
54477 2.903233e+00
54484 2.903233e+00
54722 2.903233e+00
54840 2.903233e+00
54947 2.903233e+00
55101 2.903233e+00
55166 2.903233e+00
55242 2.903233e+00
55341 2.903233e+00
55386 2.903233e+00
55419 2.903233e+00
55470 2.903233e+00
55496 2.903233e+00
55621 2.903233e+00
