1 2.572175e+02
21 2.521683e+02
53 2.492014e+02
202 2.440580e+02
274 2.398825e+02
319 2.377812e+02
409 2.371903e+02
418 2.364480e+02
550 2.322156e+02
586 2.282122e+02
640 2.269674e+02
722 2.240638e+02
794 2.231743e+02
805 2.212821e+02
820 2.206402e+02
865 2.203710e+02
893 2.142261e+02
1108 2.129871e+02
1160 2.125507e+02
1206 2.120279e+02
1241 2.118194e+02
1244 2.112415e+02
1264 2.110587e+02
1297 2.107823e+02
1324 2.094788e+02
1342 2.088541e+02
1352 2.088239e+02
1384 2.084045e+02
1423 2.078152e+02
1480 2.062842e+02
1611 2.062046e+02
1681 2.060284e+02
1683 2.058801e+02
1688 2.043194e+02
1885 2.027440e+02
2185 2.024444e+02
2400 2.023368e+02
2421 2.018111e+02
2578 2.016677e+02
2600 2.016097e+02
2624 2.014034e+02
2832 2.010178e+02
2888 2.008480e+02
3106 2.008369e+02
3118 2.008275e+02
3128 2.008266e+02
3132 2.008161e+02
3157 2.006084e+02
3239 2.005958e+02
3240 2.005060e+02
3403 2.004931e+02
3462 2.004785e+02
3483 2.004018e+02
3502 2.002933e+02
3603 2.002743e+02
3662 2.002733e+02
3697 2.002720e+02
3707 2.002462e+02
3742 2.002310e+02
3756 2.002020e+02
3856 2.001409e+02
3917 2.001317e+02
4047 2.001244e+02
4178 2.001151e+02
4224 2.001061e+02
4307 2.000908e+02
4383 2.000771e+02
4432 2.000629e+02
4840 2.000570e+02
4892 2.000522e+02
4916 2.000517e+02
4972 2.000349e+02
5247 2.000339e+02
5256 2.000328e+02
5276 2.000274e+02
5478 2.000244e+02
5506 2.000200e+02
5640 2.000187e+02
5682 2.000177e+02
5689 2.000174e+02
5695 2.000174e+02
5703 2.000169e+02
5721 2.000169e+02
5768 2.000124e+02
5866 2.000124e+02
5869 2.000115e+02
5894 2.000106e+02
5912 2.000093e+02
5928 2.000082e+02
5963 2.000056e+02
6315 2.000052e+02
6386 2.000048e+02
6417 2.000048e+02
6423 2.000047e+02
6432 2.000046e+02
6478 2.000043e+02
6481 2.000043e+02
6503 2.000042e+02
6504 2.000039e+02
6510 2.000039e+02
6521 2.000032e+02
6598 2.000029e+02
6630 2.000024e+02
6851 2.000023e+02
6855 2.000021e+02
6885 2.000019e+02
6928 2.000019e+02
7070 2.000017e+02
7126 2.000015e+02
7146 2.000014e+02
7175 2.000014e+02
7177 2.000012e+02
7190 2.000010e+02
7321 2.000010e+02
7372 2.000010e+02
7388 2.000010e+02
7389 2.000009e+02
7410 2.000008e+02
7444 2.000007e+02
7513 2.000006e+02
7629 2.000005e+02
7761 2.000005e+02
7800 2.000004e+02
7826 2.000004e+02
8082 2.000003e+02
8101 2.000003e+02
8116 2.000003e+02
8182 2.000003e+02
8205 2.000002e+02
8230 2.000002e+02
8269 2.000002e+02
8474 2.000001e+02
8527 2.000001e+02
8589 2.000001e+02
8644 2.000001e+02
8677 2.000001e+02
8824 2.000001e+02
8876 2.000001e+02
8882 2.000001e+02
8899 2.000001e+02
8918 2.000000e+02
8948 2.000000e+02
9091 2.000000e+02
9185 2.000000e+02
9222 2.000000e+02
9229 2.000000e+02
9255 2.000000e+02
9363 2.000000e+02
9381 2.000000e+02
9534 2.000000e+02
9540 2.000000e+02
9567 2.000000e+02
9572 2.000000e+02
9655 2.000000e+02
9662 2.000000e+02
9756 2.000000e+02
9815 2.000000e+02
9841 2.000000e+02
10025 2.000000e+02
10053 2.000000e+02
10107 2.000000e+02
10238 2.000000e+02
10255 2.000000e+02
10258 2.000000e+02
10289 2.000000e+02
10329 2.000000e+02
10341 2.000000e+02
10344 2.000000e+02
10348 2.000000e+02
10363 2.000000e+02
10367 2.000000e+02
10503 2.000000e+02
10527 2.000000e+02
10532 2.000000e+02
10562 2.000000e+02
10568 2.000000e+02
10575 2.000000e+02
10667 2.000000e+02
10686 2.000000e+02
10697 2.000000e+02
10702 2.000000e+02
10706 2.000000e+02
10710 2.000000e+02
10864 2.000000e+02
10897 2.000000e+02
10923 2.000000e+02
11015 2.000000e+02
11029 2.000000e+02
11039 2.000000e+02
11094 2.000000e+02
11100 2.000000e+02
11216 2.000000e+02
11379 2.000000e+02
11584 2.000000e+02
11683 2.000000e+02
11701 2.000000e+02
11721 2.000000e+02
