1 6.998866e+02
3 5.077290e+02
5 4.410749e+02
32 4.019561e+02
41 3.958578e+02
43 3.930947e+02
48 3.842464e+02
72 3.777803e+02
94 3.761032e+02
105 3.634421e+02
372 3.546565e+02
374 3.511831e+02
593 3.403685e+02
802 3.369200e+02
948 3.307098e+02
996 3.295877e+02
1326 3.203528e+02
1477 3.192409e+02
1623 3.183754e+02
1658 3.142498e+02
1729 3.125800e+02
1734 3.026620e+02
1772 3.009742e+02
2031 2.970288e+02
2089 2.968657e+02
2169 2.927014e+02
2191 2.892557e+02
2201 2.869144e+02
2274 2.809299e+02
2519 2.792821e+02
2521 2.785675e+02
2536 2.771923e+02
2641 2.768691e+02
2664 2.766967e+02
2675 2.718326e+02
2774 2.699554e+02
2785 2.698817e+02
2905 2.696422e+02
2958 2.689115e+02
3045 2.661511e+02
3183 2.650977e+02
3190 2.633779e+02
3195 2.581231e+02
3422 2.576669e+02
3519 2.565794e+02
3586 2.565430e+02
3636 2.558420e+02
3706 2.551007e+02
3716 2.549717e+02
3730 2.535905e+02
3778 2.524225e+02
3794 2.509618e+02
3906 2.499535e+02
4047 2.499266e+02
4055 2.488587e+02
4066 2.480099e+02
4275 2.472139e+02
4368 2.453251e+02
4582 2.448964e+02
4743 2.447855e+02
4745 2.434681e+02
4896 2.422134e+02
5204 2.415778e+02
5338 2.414018e+02
5470 2.400668e+02
5885 2.398857e+02
6058 2.397163e+02
6136 2.393952e+02
6373 2.393786e+02
6417 2.392462e+02
6444 2.390839e+02
6632 2.388850e+02
6657 2.385020e+02
6697 2.380732e+02
6966 2.378018e+02
6987 2.377355e+02
7017 2.375515e+02
7024 2.373304e+02
7063 2.369611e+02
7180 2.369249e+02
7303 2.363436e+02
7578 2.361971e+02
7593 2.361559e+02
7680 2.360728e+02
7724 2.360706e+02
7732 2.360687e+02
7737 2.359239e+02
7810 2.357318e+02
7837 2.356165e+02
7943 2.355653e+02
7964 2.351751e+02
8052 2.351229e+02
8091 2.351205e+02
8130 2.348499e+02
8264 2.347858e+02
8350 2.347526e+02
8401 2.346469e+02
8479 2.345866e+02
8603 2.345481e+02
8668 2.344815e+02
8694 2.344378e+02
8723 2.344302e+02
8764 2.343748e+02
8785 2.342693e+02
8803 2.342636e+02
8911 2.338525e+02
9135 2.337963e+02
9373 2.337268e+02
9398 2.336426e+02
9551 2.335668e+02
9743 2.334126e+02
10128 2.333161e+02
10161 2.332949e+02
10355 2.332670e+02
10389 2.331360e+02
10590 2.330792e+02
10745 2.330595e+02
10823 2.330582e+02
10855 2.330161e+02
10996 2.329732e+02
11126 2.329033e+02
11556 2.327887e+02
12167 2.327814e+02
12247 2.327800e+02
12258 2.327757e+02
12268 2.327680e+02
12367 2.327641e+02
12423 2.327537e+02
12497 2.327517e+02
12505 2.327469e+02
12540 2.327469e+02
12636 2.327459e+02
12673 2.327420e+02
12681 2.327398e+02
12760 2.327246e+02
12791 2.327165e+02
12875 2.326890e+02
13104 2.326845e+02
13165 2.326607e+02
13253 2.326527e+02
13423 2.326272e+02
13644 2.326216e+02
13709 2.326098e+02
13942 2.326091e+02
13967 2.325941e+02
14013 2.325846e+02
14078 2.325762e+02
14274 2.325755e+02
14384 2.325748e+02
14386 2.325728e+02
14426 2.325624e+02
14580 2.325603e+02
14696 2.325568e+02
14891 2.325539e+02
15025 2.325500e+02
15029 2.325494e+02
15051 2.325489e+02
15111 2.325465e+02
15121 2.325428e+02
15159 2.325356e+02
15376 2.325354e+02
15417 2.325318e+02
15616 2.325316e+02
15713 2.325298e+02
15723 2.325272e+02
15784 2.325270e+02
15806 2.325242e+02
15900 2.325236e+02
15974 2.325232e+02
16123 2.325219e+02
16190 2.325216e+02
16201 2.325201e+02
16203 2.325197e+02
16213 2.325189e+02
16261 2.325179e+02
16665 2.325159e+02
16724 2.325153e+02
17040 2.325149e+02
17065 2.325146e+02
17292 2.325144e+02
17337 2.325128e+02
17457 2.325127e+02
17475 2.325125e+02
17486 2.325123e+02
17499 2.325122e+02
17507 2.325117e+02
17604 2.325117e+02
17707 2.325114e+02
17781 2.325101e+02
17940 2.325097e+02
18362 2.325097e+02
18382 2.325094e+02
18388 2.325091e+02
18545 2.325090e+02
18554 2.325089e+02
18597 2.325088e+02
18646 2.325086e+02
18719 2.325078e+02
18950 2.325074e+02
19113 2.325073e+02
19229 2.325072e+02
19325 2.325069e+02
19378 2.325068e+02
19582 2.325067e+02
19585 2.325066e+02
19625 2.325061e+02
19722 2.325061e+02
19962 2.325060e+02
20028 2.325059e+02
20037 2.325057e+02
20083 2.325056e+02
20121 2.325050e+02
20370 2.325050e+02
20384 2.325050e+02
20444 2.325049e+02
20508 2.325048e+02
20598 2.325046e+02
20687 2.325046e+02
20740 2.325045e+02
20766 2.325043e+02
20773 2.325043e+02
20879 2.325042e+02
21014 2.325041e+02
21067 2.325041e+02
21183 2.325041e+02
21192 2.325040e+02
21290 2.325037e+02
21529 2.325036e+02
21709 2.325036e+02
21712 2.325035e+02
21724 2.325034e+02
21870 2.325034e+02
21933 2.325033e+02
22140 2.325032e+02
22178 2.325032e+02
22295 2.325031e+02
22328 2.325031e+02
22351 2.325031e+02
22397 2.325030e+02
22469 2.325030e+02
22653 2.325030e+02
22657 2.325029e+02
22753 2.325029e+02
22854 2.325028e+02
22976 2.325028e+02
23022 2.325028e+02
23103 2.325028e+02
23194 2.325027e+02
23259 2.325027e+02
23319 2.325027e+02
23330 2.325027e+02
23331 2.325027e+02
23414 2.325026e+02
23437 2.325026e+02
23560 2.325026e+02
23710 2.325025e+02
23716 2.325025e+02
23717 2.325025e+02
23834 2.325025e+02
23908 2.325025e+02
23950 2.325024e+02
24101 2.325024e+02
24112 2.325024e+02
24116 2.325024e+02
24173 2.325024e+02
24263 2.325024e+02
24365 2.325024e+02
24368 2.325024e+02
24423 2.325024e+02
24451 2.325024e+02
24607 2.325024e+02
24631 2.325024e+02
24731 2.325023e+02
24761 2.325023e+02
24807 2.325023e+02
24817 2.325023e+02
24959 2.325023e+02
24985 2.325023e+02
24991 2.325023e+02
24998 2.325023e+02
25071 2.325023e+02
25072 2.325023e+02
25167 2.325023e+02
25211 2.325023e+02
25276 2.325022e+02
25318 2.325022e+02
25418 2.325022e+02
25425 2.325022e+02
25448 2.325022e+02
25450 2.325022e+02
25476 2.325022e+02
25555 2.325022e+02
25591 2.325022e+02
25636 2.325022e+02
25734 2.325022e+02
25737 2.325022e+02
25845 2.325022e+02
25983 2.325022e+02
26007 2.325022e+02
26094 2.325022e+02
26138 2.325022e+02
26143 2.325022e+02
26260 2.325022e+02
26370 2.325022e+02
26460 2.325022e+02
26478 2.325022e+02
26511 2.325022e+02
26532 2.325022e+02
26588 2.325022e+02
26623 2.325022e+02
26635 2.325022e+02
26675 2.325022e+02
26676 2.325022e+02
26710 2.325022e+02
26790 2.325022e+02
26983 2.325022e+02
27046 2.325022e+02
27062 2.325022e+02
27072 2.325022e+02
27171 2.325021e+02
27303 2.325021e+02
27347 2.325021e+02
27363 2.325021e+02
27405 2.325021e+02
27473 2.325021e+02
27483 2.325021e+02
27501 2.325021e+02
27573 2.325021e+02
27691 2.325021e+02
27705 2.325021e+02
27720 2.325021e+02
27730 2.325021e+02
27806 2.325021e+02
27826 2.325021e+02
27880 2.325021e+02
27951 2.325021e+02
28048 2.325021e+02
28142 2.325021e+02
28220 2.325021e+02
28245 2.325021e+02
28392 2.325021e+02
28430 2.325021e+02
28437 2.325021e+02
28472 2.325021e+02
28524 2.325021e+02
28547 2.325021e+02
28586 2.325021e+02
28711 2.325021e+02
28730 2.325021e+02
28742 2.325021e+02
28772 2.325021e+02
28774 2.325021e+02
28930 2.325021e+02
28958 2.325021e+02
29173 2.325021e+02
29196 2.325021e+02
29230 2.325021e+02
29274 2.325021e+02
29342 2.325021e+02
29477 2.325021e+02
29482 2.325021e+02
29519 2.325021e+02
29557 2.325021e+02
29710 2.325021e+02
29769 2.325021e+02
29871 2.325021e+02
29879 2.325021e+02
29894 2.325021e+02
29908 2.325021e+02
29946 2.325021e+02
30006 2.325021e+02
30044 2.325021e+02
30064 2.325021e+02
30074 2.325021e+02
30093 2.325021e+02
30171 2.325021e+02
30236 2.325021e+02
30308 2.325021e+02
30310 2.325021e+02
30325 2.325021e+02
30351 2.325021e+02
30391 2.325021e+02
30419 2.325021e+02
30554 2.325021e+02
30697 2.325021e+02
30728 2.325021e+02
30757 2.325021e+02
30774 2.325021e+02
30898 2.325021e+02
31011 2.325021e+02
31084 2.325021e+02
31128 2.325021e+02
31265 2.325021e+02
31340 2.325021e+02
31543 2.325021e+02
31672 2.325021e+02
31688 2.325021e+02
31742 2.325021e+02
31885 2.325021e+02
31949 2.325021e+02
32014 2.325021e+02
32090 2.325021e+02
32096 2.325021e+02
32167 2.325021e+02
32318 2.325021e+02
32351 2.325021e+02
32376 2.325021e+02
32411 2.325021e+02
32451 2.325021e+02
32617 2.325021e+02
32665 2.325021e+02
32741 2.325021e+02
32766 2.325021e+02
32794 2.325021e+02
32833 2.325021e+02
32836 2.325021e+02
32897 2.325021e+02
32996 2.325021e+02
33343 2.325021e+02
33404 2.325021e+02
33407 2.325021e+02
33467 2.325021e+02
33542 2.325021e+02
33578 2.325021e+02
33666 2.325021e+02
33713 2.325021e+02
33723 2.325021e+02
33855 2.325021e+02
33885 2.325021e+02
33972 2.325021e+02
33980 2.325021e+02
34012 2.325021e+02
34050 2.325021e+02
34134 2.325021e+02
34212 2.325021e+02
34238 2.325021e+02
34338 2.325021e+02
34343 2.325021e+02
34355 2.325021e+02
34437 2.325021e+02
34457 2.325021e+02
34490 2.325021e+02
34533 2.325021e+02
34555 2.325021e+02
34578 2.325021e+02
34673 2.325021e+02
34811 2.325021e+02
34819 2.325021e+02
34859 2.325021e+02
34911 2.325021e+02
35034 2.325021e+02
35039 2.325021e+02
35066 2.325021e+02
35083 2.325021e+02
35137 2.325021e+02
35182 2.325021e+02
35254 2.325021e+02
35287 2.325021e+02
35393 2.325021e+02
35395 2.325021e+02
35407 2.325021e+02
35438 2.325021e+02
35446 2.325021e+02
35495 2.325021e+02
35591 2.325021e+02
35612 2.325021e+02
35635 2.325021e+02
35662 2.325021e+02
35861 2.325021e+02
35910 2.325021e+02
35927 2.325021e+02
35998 2.325021e+02
36035 2.325021e+02
36074 2.325021e+02
36084 2.325021e+02
36148 2.325021e+02
36157 2.325021e+02
36187 2.325021e+02
36284 2.325021e+02
36358 2.325021e+02
36360 2.325021e+02
36427 2.325021e+02
36482 2.325021e+02
36511 2.325021e+02
36538 2.325021e+02
36577 2.325021e+02
36596 2.325021e+02
36609 2.325021e+02
36612 2.325021e+02
36620 2.325021e+02
36690 2.325021e+02
36777 2.325021e+02
36900 2.325021e+02
36903 2.325021e+02
36912 2.325021e+02
36923 2.325021e+02
36934 2.325021e+02
36936 2.325021e+02
37103 2.325021e+02
37284 2.325021e+02
37286 2.325021e+02
37299 2.325021e+02
37343 2.325021e+02
37372 2.325021e+02
37377 2.325021e+02
37441 2.325021e+02
37478 2.325021e+02
37482 2.325021e+02
37495 2.325021e+02
37550 2.325021e+02
37612 2.325021e+02
