1 1.654373e+01
2 1.440671e+01
4 1.088520e+01
7 9.773170e+00
16 6.876305e+00
58 5.132173e+00
176 4.603068e+00
188 4.196399e+00
278 3.582094e+00
371 3.020360e+00
2010 2.777208e+00
3226 2.185996e+00
5614 1.989373e+00
7380 1.868797e+00
8545 1.832427e+00
9400 1.802356e+00
9483 1.600637e+00
9649 1.549217e+00
9927 1.215270e+00
10054 1.104897e+00
10131 1.101132e+00
10175 1.050018e+00
10251 1.043338e+00
10280 9.994541e-01
10302 9.088028e-01
10443 8.980041e-01
10554 8.492113e-01
10600 8.485864e-01
10714 8.459147e-01
10724 8.099002e-01
10778 7.955541e-01
10840 7.940734e-01
10883 7.778893e-01
10923 7.765537e-01
10925 7.741843e-01
10953 7.737046e-01
10956 7.647005e-01
10990 7.590317e-01
11080 7.564105e-01
11110 7.540411e-01
11115 7.471223e-01
11227 7.467558e-01
11323 7.412440e-01
11336 7.389088e-01
11353 7.379417e-01
11443 7.364108e-01
11507 7.350517e-01
11555 7.308901e-01
11562 7.307950e-01
11593 7.297448e-01
11641 7.285471e-01
11739 7.283241e-01
11834 7.271873e-01
12021 7.265442e-01
12105 7.264219e-01
12261 7.254914e-01
12319 7.244892e-01
12538 7.230221e-01
12609 7.229157e-01
12671 7.228965e-01
12695 7.228294e-01
12719 7.217095e-01
12828 7.216821e-01
12863 7.209894e-01
12897 7.207687e-01
13019 7.206893e-01
13044 7.204645e-01
13051 7.203344e-01
13102 7.203259e-01
13142 7.202689e-01
13150 7.201756e-01
13167 7.200327e-01
13237 7.199754e-01
13252 7.199143e-01
13284 7.199131e-01
13311 7.198372e-01
13312 7.196163e-01
13526 7.195831e-01
13532 7.195756e-01
13571 7.195205e-01
13581 7.195140e-01
13625 7.194896e-01
13652 7.192793e-01
13704 7.192228e-01
13732 7.190528e-01
13740 7.187998e-01
13789 7.185497e-01
13818 7.183110e-01
13820 7.182158e-01
13831 7.181770e-01
13844 7.174463e-01
13857 7.170374e-01
13878 7.166815e-01
13879 7.159049e-01
13901 7.150935e-01
13904 7.138420e-01
13958 7.129097e-01
14084 7.128331e-01
14112 7.126896e-01
14122 7.125332e-01
14125 7.124336e-01
14284 7.120959e-01
14366 7.119714e-01
14370 7.119664e-01
14376 7.117622e-01
14442 7.109148e-01
14539 7.108555e-01
14560 7.105420e-01
14629 7.103608e-01
14652 7.102954e-01
14655 7.101464e-01
14731 7.099773e-01
14793 7.096559e-01
14958 7.096465e-01
14965 7.094124e-01
43420 6.232045e-01
43761 5.510638e-01
43857 4.893736e-01
43876 4.426132e-01
44095 4.181218e-01
44232 4.126230e-01
44257 4.104858e-01
44259 3.954592e-01
44291 3.699308e-01
44309 3.606677e-01
44400 3.552733e-01
44656 3.492556e-01
44679 3.434187e-01
44728 3.370565e-01
44750 3.287503e-01
44905 3.227319e-01
45002 3.137729e-01
45185 3.096951e-01
45202 3.095283e-01
45245 3.052772e-01
45267 3.009087e-01
45295 3.007037e-01
45314 2.941368e-01
45468 2.935401e-01
45517 2.910643e-01
45524 2.881203e-01
45557 2.875458e-01
45621 2.868252e-01
45650 2.860824e-01
45653 2.843595e-01
45726 2.840621e-01
45732 2.840071e-01
45739 2.839126e-01
45745 2.819255e-01
45759 2.799212e-01
45762 2.788690e-01
45843 2.771887e-01
45907 2.765698e-01
45914 2.763128e-01
46006 2.762536e-01
46039 2.762025e-01
46042 2.744017e-01
46105 2.727184e-01
46126 2.721243e-01
46142 2.720625e-01
46161 2.697393e-01
46180 2.674881e-01
46311 2.663984e-01
46350 2.649150e-01
46463 2.648049e-01
46482 2.647387e-01
46525 2.647322e-01
46559 2.646244e-01
46580 2.644754e-01
46624 2.644497e-01
46660 2.639768e-01
46682 2.639444e-01
46695 2.637192e-01
46721 2.637110e-01
46757 2.636398e-01
46770 2.630410e-01
46930 2.630251e-01
46960 2.629835e-01
46976 2.629369e-01
46999 2.628687e-01
47010 2.627551e-01
47029 2.627065e-01
47075 2.626666e-01
47078 2.625448e-01
47089 2.625345e-01
47096 2.624155e-01
47113 2.623965e-01
47117 2.622943e-01
47222 2.622720e-01
47316 2.622111e-01
47319 2.621095e-01
47328 2.620602e-01
47397 2.619636e-01
47432 2.619067e-01
47458 2.618569e-01
47523 2.618516e-01
47574 2.618167e-01
47667 2.618031e-01
47671 2.618029e-01
47675 2.617211e-01
47727 2.616993e-01
47740 2.616554e-01
47743 2.616543e-01
47781 2.615990e-01
47916 2.615620e-01
47955 2.615423e-01
47996 2.615238e-01
48072 2.615187e-01
48119 2.615166e-01
48164 2.614998e-01
48170 2.614634e-01
48389 2.614626e-01
48395 2.614548e-01
48523 2.614536e-01
48526 2.614515e-01
48527 2.614455e-01
48589 2.614369e-01
48702 2.614368e-01
48748 2.614347e-01
48765 2.614305e-01
48826 2.614276e-01
48884 2.614271e-01
48899 2.614264e-01
48912 2.614244e-01
48950 2.614217e-01
48978 2.614215e-01
48985 2.614177e-01
49057 2.614170e-01
49113 2.614162e-01
49150 2.614158e-01
49155 2.614147e-01
49265 2.614145e-01
49290 2.614142e-01
49321 2.614140e-01
49334 2.614139e-01
49433 2.614131e-01
49496 2.614128e-01
49640 2.614128e-01
49649 2.614126e-01
49652 2.614124e-01
49746 2.614123e-01
49771 2.614121e-01
49793 2.614119e-01
49949 2.614118e-01
50001 2.614118e-01
50023 2.614118e-01
50048 2.614118e-01
50052 2.614116e-01
50204 2.614116e-01
50245 2.614116e-01
50271 2.614116e-01
50281 2.614116e-01
50283 2.614116e-01
50284 2.614116e-01
50289 2.614116e-01
50333 2.614116e-01
50352 2.614116e-01
50360 2.614115e-01
50439 2.614115e-01
50460 2.614115e-01
50547 2.614115e-01
50618 2.614115e-01
50667 2.614115e-01
50674 2.614115e-01
50679 2.614115e-01
50696 2.614115e-01
50700 2.614115e-01
50724 2.614115e-01
50761 2.614115e-01
50807 2.614115e-01
50813 2.614115e-01
50866 2.614115e-01
50882 2.614115e-01
50973 2.614115e-01
50979 2.614115e-01
50986 2.614115e-01
51013 2.614115e-01
51043 2.614115e-01
51068 2.614115e-01
51083 2.614115e-01
51087 2.614115e-01
51090 2.614115e-01
51109 2.614115e-01
51139 2.614115e-01
51167 2.614115e-01
51287 2.614115e-01
51298 2.614115e-01
51375 2.614115e-01
51403 2.614115e-01
51436 2.614115e-01
51474 2.614115e-01
51490 2.614115e-01
51522 2.614115e-01
51535 2.614115e-01
51618 2.614115e-01
51645 2.614115e-01
51678 2.614115e-01
51694 2.614115e-01
51739 2.614115e-01
51775 2.614115e-01
51795 2.614115e-01
51814 2.614115e-01
51819 2.614115e-01
51843 2.614115e-01
51845 2.614115e-01
51849 2.614115e-01
51878 2.614115e-01
51898 2.614115e-01
51933 2.614115e-01
51976 2.614115e-01
52012 2.614115e-01
52105 2.614115e-01
52160 2.614115e-01
