1 4.815209e+04
3 4.597843e+04
4 3.513030e+04
10 3.270278e+04
13 3.032737e+04
68 2.758601e+04
70 2.567968e+04
114 2.347303e+04
205 2.056967e+04
219 1.893392e+04
384 1.473344e+04
650 1.453227e+04
708 1.357564e+04
727 1.185359e+04
738 1.149428e+04
853 9.589689e+03
874 9.024516e+03
879 8.891864e+03
932 7.926862e+03
936 6.900823e+03
1073 6.691350e+03
1079 6.504203e+03
1118 5.659638e+03
1126 5.131488e+03
1176 4.822175e+03
1203 4.810687e+03
1225 4.397480e+03
1299 4.196010e+03
1380 3.666748e+03
1505 3.533092e+03
1534 3.347636e+03
1588 3.324907e+03
1630 3.160087e+03
1653 3.057918e+03
1678 3.031226e+03
1707 2.873298e+03
1725 2.658481e+03
1753 2.585186e+03
1782 1.518066e+03
2028 1.321850e+03
2289 1.267764e+03
2416 1.264134e+03
2419 1.222078e+03
2436 1.058573e+03
2476 1.047879e+03
2563 9.265464e+02
2572 8.866993e+02
2762 8.690918e+02
2862 8.312966e+02
2865 7.848666e+02
2885 6.756973e+02
2959 5.575836e+02
3104 5.503770e+02
3114 5.228536e+02
3123 5.090969e+02
3168 4.283716e+02
3388 3.949234e+02
3420 3.885021e+02
3465 3.787450e+02
3630 3.405347e+02
3716 3.151934e+02
3761 2.890316e+02
3905 2.602416e+02
3981 2.547247e+02
3998 2.467491e+02
4003 2.306119e+02
4046 2.213009e+02
4097 2.154594e+02
4254 2.021112e+02
4333 2.012242e+02
4353 1.815129e+02
4384 1.811734e+02
4488 1.793529e+02
4506 1.687904e+02
4520 1.660549e+02
4548 1.297454e+02
4860 1.232688e+02
4875 1.025310e+02
4995 1.019148e+02
5026 9.495863e+01
5107 9.207807e+01
5108 8.962291e+01
5208 6.980054e+01
5351 6.788743e+01
5393 6.624730e+01
5439 6.288947e+01
5488 6.033903e+01
5576 5.937965e+01
5772 5.888736e+01
5774 5.888707e+01
5813 5.246540e+01
5828 4.648282e+01
5943 4.630808e+01
5945 4.159832e+01
5978 3.877689e+01
5996 3.384368e+01
6012 3.072377e+01
6042 2.865491e+01
6061 2.739776e+01
6226 2.462099e+01
6336 2.375739e+01
6388 2.161957e+01
6411 2.009973e+01
6555 1.694007e+01
6635 1.690295e+01
6779 1.534657e+01
6781 1.473106e+01
6801 1.470175e+01
6835 1.453658e+01
6863 1.357692e+01
6969 1.210507e+01
6989 1.169729e+01
7065 1.135325e+01
7124 1.036678e+01
7148 9.854478e+00
7214 9.566030e+00
7221 8.675453e+00
7259 8.007877e+00
7308 7.867582e+00
7382 7.367109e+00
7438 6.486600e+00
7584 6.409413e+00
7600 6.114272e+00
7613 5.833633e+00
7651 5.618309e+00
7749 5.465649e+00
7804 5.364545e+00
7808 5.314444e+00
7975 5.275580e+00
8005 5.178282e+00
8029 4.518525e+00
8053 4.239983e+00
8252 3.811000e+00
8380 3.681462e+00
8385 3.511465e+00
8499 3.468659e+00
8509 3.411203e+00
8511 3.395849e+00
8620 3.375159e+00
8675 3.031644e+00
8740 2.878908e+00
8769 2.713349e+00
9007 2.422049e+00
9195 2.370236e+00
9218 2.252428e+00
9235 2.231112e+00
9400 2.217516e+00
9484 2.187009e+00
9648 2.186560e+00
9677 2.068892e+00
9695 1.916360e+00
9832 1.857269e+00
9839 1.827686e+00
9940 1.798986e+00
9947 1.781123e+00
10160 1.749051e+00
10186 1.651466e+00
10359 1.523444e+00
10669 1.488221e+00
10692 1.482528e+00
10767 1.474742e+00
10882 1.432505e+00
10978 1.403743e+00
11017 1.375823e+00
11037 1.299236e+00
11243 1.258393e+00
11352 1.218177e+00
11442 1.213238e+00
11477 1.203612e+00
11497 1.185044e+00
11614 1.174178e+00
11635 1.165613e+00
11688 1.151287e+00
11719 1.147980e+00
11731 1.145698e+00
11820 1.114788e+00
11951 1.102916e+00
12027 1.096782e+00
12033 1.084040e+00
12162 1.081677e+00
12192 1.079333e+00
12230 1.076088e+00
12232 1.072601e+00
12244 1.062982e+00
12334 1.061729e+00
12354 1.055435e+00
12567 1.052655e+00
12587 1.047518e+00
12608 1.037505e+00
12769 1.033641e+00
12835 1.024474e+00
12867 1.022938e+00
12879 1.019809e+00
12886 1.013590e+00
12891 1.001689e+00
12981 9.988425e-01
12983 9.946612e-01
13019 9.829885e-01
13022 9.817117e-01
13036 9.810511e-01
13065 9.796313e-01
13091 9.664318e-01
13127 9.595648e-01
13147 9.392247e-01
13188 9.251253e-01
13204 8.926293e-01
13225 8.488375e-01
13516 8.274094e-01
13542 7.807254e-01
13556 6.789395e-01
13701 6.756418e-01
13727 6.752972e-01
13750 6.746771e-01
13783 6.017280e-01
13853 5.750639e-01
13883 4.958782e-01
13937 4.920216e-01
13955 4.704141e-01
13961 4.634963e-01
14040 4.287287e-01
14055 3.778893e-01
14179 3.604493e-01
14182 3.570495e-01
14251 3.447284e-01
14321 3.379017e-01
14322 3.193580e-01
14351 2.879109e-01
14370 2.786971e-01
14384 2.661874e-01
14414 2.629821e-01
14422 2.448048e-01
14436 2.159025e-01
14499 2.004811e-01
14556 1.784786e-01
14575 1.721872e-01
14585 1.680140e-01
14643 1.576505e-01
14692 1.561890e-01
14700 1.477863e-01
14704 1.316126e-01
14839 1.045381e-01
14920 1.024393e-01
14994 9.642061e-02
15003 8.729768e-02
15102 8.526850e-02
15118 8.101489e-02
15137 7.751104e-02
15178 5.839668e-02
15285 5.786900e-02
15322 5.639537e-02
15374 5.387168e-02
15406 5.186870e-02
15416 4.406289e-02
15480 3.844242e-02
15567 3.530440e-02
15635 3.362832e-02
15660 3.101360e-02
15701 3.093940e-02
15877 2.983917e-02
15909 2.868384e-02
15912 2.826294e-02
15917 2.756598e-02
15934 2.589365e-02
15962 2.545351e-02
15964 2.514018e-02
16000 2.486578e-02
16033 2.480532e-02
16060 2.418306e-02
16077 2.189510e-02
16126 2.135005e-02
16187 2.130688e-02
16231 2.086618e-02
16353 1.956316e-02
16402 1.892037e-02
16457 1.882301e-02
16469 1.864337e-02
16545 1.848889e-02
16548 1.845800e-02
16633 1.843361e-02
16637 1.808766e-02
16659 1.763795e-02
16682 1.763423e-02
16700 1.748954e-02
16705 1.711159e-02
16709 1.708502e-02
16806 1.700629e-02
16823 1.661183e-02
16905 1.643417e-02
16941 1.638788e-02
16970 1.635782e-02
16977 1.624570e-02
17040 1.618412e-02
17068 1.617828e-02
17072 1.616876e-02
17089 1.613313e-02
17090 1.605318e-02
17113 1.586890e-02
17213 1.582312e-02
17239 1.575957e-02
17283 1.571174e-02
17298 1.567435e-02
17299 1.563344e-02
17338 1.558852e-02
17380 1.557208e-02
17391 1.548987e-02
17449 1.547383e-02
17535 1.536421e-02
17688 1.530172e-02
17689 1.529823e-02
17710 1.526758e-02
17740 1.522889e-02
17755 1.518347e-02
17833 1.517357e-02
17858 1.516432e-02
17865 1.511363e-02
17936 1.501862e-02
18116 1.501192e-02
18154 1.500418e-02
18166 1.498874e-02
18180 1.497135e-02
18217 1.495344e-02
18227 1.494708e-02
18232 1.494701e-02
18267 1.494168e-02
18289 1.493389e-02
18331 1.492907e-02
18342 1.491406e-02
18354 1.490935e-02
18446 1.490551e-02
18473 1.489868e-02
18508 1.487851e-02
18522 1.487504e-02
18543 1.486540e-02
18615 1.486262e-02
18637 1.485783e-02
18638 1.485595e-02
18639 1.484821e-02
18682 1.484703e-02
18750 1.484188e-02
18840 1.482907e-02
18856 1.481480e-02
18953 1.481115e-02
18976 1.480833e-02
18983 1.480780e-02
19117 1.479812e-02
19261 1.479791e-02
19262 1.479570e-02
19374 1.479471e-02
19421 1.479270e-02
19429 1.479239e-02
19442 1.478776e-02
19528 1.478658e-02
19602 1.478365e-02
19755 1.478321e-02
19788 1.478313e-02
19889 1.478162e-02
19898 1.478152e-02
19899 1.478144e-02
19901 1.478128e-02
19915 1.478128e-02
19918 1.478100e-02
19924 1.477952e-02
19967 1.477952e-02
19997 1.477920e-02
20045 1.477795e-02
20140 1.477756e-02
20155 1.477715e-02
20192 1.477707e-02
20244 1.477699e-02
20251 1.477664e-02
20353 1.477609e-02
20358 1.477584e-02
20386 1.477563e-02
20392 1.477555e-02
20402 1.477540e-02
20417 1.477474e-02
20486 1.477471e-02
20505 1.477461e-02
20531 1.477423e-02
20607 1.477417e-02
20676 1.477414e-02
20680 1.477413e-02
20690 1.477399e-02
20701 1.477384e-02
20791 1.477380e-02
20799 1.477380e-02
20834 1.477378e-02
20850 1.477362e-02
20869 1.477353e-02
20870 1.477344e-02
20901 1.477344e-02
20914 1.477339e-02
20916 1.477331e-02
20932 1.477325e-02
20962 1.477319e-02
21053 1.477314e-02
21098 1.477309e-02
21110 1.477298e-02
21441 1.477298e-02
21452 1.477293e-02
21454 1.477288e-02
21503 1.477285e-02
21512 1.477281e-02
21522 1.477273e-02
21581 1.477271e-02
21583 1.477270e-02
21610 1.477268e-02
21625 1.477266e-02
21703 1.477266e-02
21705 1.477262e-02
21713 1.477258e-02
21810 1.477257e-02
21949 1.477255e-02
21998 1.477255e-02
22029 1.477254e-02
22043 1.477252e-02
22114 1.477252e-02
22134 1.477251e-02
22155 1.477250e-02
22178 1.477250e-02
22179 1.477250e-02
22213 1.477249e-02
22251 1.477248e-02
22274 1.477248e-02
22422 1.477248e-02
22482 1.477246e-02
22547 1.477246e-02
22565 1.477245e-02
22624 1.477245e-02
22695 1.477245e-02
22699 1.477245e-02
22707 1.477245e-02
22719 1.477244e-02
22749 1.477243e-02
22885 1.477242e-02
23040 1.477242e-02
23086 1.477242e-02
23106 1.477242e-02
23168 1.477242e-02
23198 1.477242e-02
23200 1.477242e-02
23371 1.477242e-02
23405 1.477242e-02
23419 1.477242e-02
23433 1.477241e-02
23671 1.477241e-02
23720 1.477241e-02
23737 1.477241e-02
23824 1.477241e-02
23836 1.477241e-02
23850 1.477241e-02
23856 1.477241e-02
23858 1.477241e-02
23948 1.477241e-02
24178 1.477241e-02
24203 1.477241e-02
24247 1.477241e-02
24248 1.477241e-02
24453 1.477241e-02
24457 1.477241e-02
24474 1.477241e-02
24619 1.477241e-02
24644 1.477241e-02
24668 1.477241e-02
24941 1.477241e-02
25007 1.477241e-02
25026 1.477241e-02
25091 1.477241e-02
25171 1.477241e-02
25199 1.477241e-02
25209 1.477241e-02
25233 1.477241e-02
25238 1.477241e-02
25264 1.477241e-02
25324 1.477241e-02
25330 1.477241e-02
25364 1.477241e-02
25390 1.477241e-02
25416 1.477241e-02
25473 1.477241e-02
25477 1.477241e-02
25517 1.477241e-02
25602 1.477241e-02
25764 1.477241e-02
25805 1.477241e-02
25811 1.477241e-02
25964 1.477241e-02
25975 1.477241e-02
26013 1.477241e-02
26014 1.477241e-02
26102 1.477241e-02
26125 1.477241e-02
26136 1.477241e-02
26185 1.477241e-02
26195 1.477241e-02
26257 1.477241e-02
26308 1.477241e-02
26371 1.477241e-02
26493 1.477241e-02
26500 1.477241e-02
26508 1.477241e-02
64614 1.229442e-02
65254 1.026171e-02
65574 9.942859e-03
65611 9.233579e-03
65618 9.055002e-03
66046 8.976106e-03
66062 8.527127e-03
66198 8.220653e-03
66266 7.548162e-03
66334 7.475323e-03
66374 7.179910e-03
66404 5.650549e-03
66525 5.146727e-03
66606 4.872082e-03
66865 4.834532e-03
66867 4.619299e-03
66870 4.607812e-03
66872 4.028903e-03
66910 3.658328e-03
66972 3.573720e-03
67000 3.326718e-03
67089 2.842227e-03
67138 2.525829e-03
67857 2.229868e-03
68051 2.041186e-03
68082 1.817890e-03
68106 1.756914e-03
68321 1.702252e-03
68374 1.493708e-03
68397 1.485893e-03
68435 1.316096e-03
68591 1.311694e-03
68695 1.061833e-03
68857 8.420098e-04
69041 7.904938e-04
69153 7.765604e-04
69297 5.701477e-04
69480 5.363528e-04
69664 4.607424e-04
69824 4.540987e-04
69864 3.414237e-04
70431 3.262824e-04
70519 2.986651e-04
70604 2.616784e-04
70721 2.208701e-04
70907 1.764996e-04
71124 1.394438e-04
71298 1.305397e-04
71389 1.136395e-04
71460 1.056494e-04
71559 9.861455e-05
71599 9.821977e-05
71626 8.005860e-05
71728 7.833466e-05
71973 7.704260e-05
72026 7.320292e-05
72028 7.138604e-05
72102 4.461425e-05
72582 4.455261e-05
72617 4.146590e-05
72638 3.831239e-05
72938 3.452831e-05
72973 3.167157e-05
73025 3.109920e-05
73109 2.479263e-05
73578 2.245844e-05
73636 1.894654e-05
73729 1.868193e-05
73907 1.823175e-05
74363 1.605155e-05
74437 1.533682e-05
74603 1.477731e-05
74622 1.339334e-05
74672 1.152844e-05
74726 1.129545e-05
74925 1.113418e-05
74976 9.507527e-06
170180 9.128684e-06
170196 7.621973e-06
170262 7.131652e-06
170303 6.626740e-06
170342 6.074910e-06
170367 5.862465e-06
170381 3.861863e-06
170589 3.791775e-06
170608 3.192371e-06
170687 2.842571e-06
170708 2.736828e-06
170741 2.354920e-06
170801 2.220623e-06
170812 2.073733e-06
170866 2.061540e-06
170910 1.732128e-06
170946 1.697746e-06
170998 1.353864e-06
171060 1.349082e-06
171097 1.344326e-06
171102 1.327530e-06
171119 1.233092e-06
171120 1.190975e-06
171145 8.964868e-07
171243 8.058907e-07
171402 6.470849e-07
171454 6.313878e-07
171504 6.174622e-07
171526 5.020988e-07
171560 4.799454e-07
171597 4.773556e-07
171616 4.565269e-07
171641 4.082671e-07
171663 3.471722e-07
171697 3.421843e-07
171750 3.396296e-07
171788 3.214099e-07
171813 2.599108e-07
171956 2.421121e-07
171991 2.008541e-07
171993 1.976477e-07
172052 1.926458e-07
172061 1.847592e-07
172064 1.631995e-07
172093 1.623951e-07
172096 1.484156e-07
172123 1.395372e-07
172224 1.235234e-07
172282 1.148261e-07
172378 8.813674e-08
172599 8.259330e-08
172642 7.529548e-08
172669 6.597595e-08
172732 6.141550e-08
172744 5.861194e-08
172754 5.187286e-08
172787 4.583107e-08
172835 3.456366e-08
172990 3.405063e-08
173003 3.231267e-08
173030 2.783963e-08
173042 2.316748e-08
173056 2.162728e-08
173121 2.148900e-08
173150 2.100203e-08
173278 2.058627e-08
173383 1.672124e-08
173409 1.643067e-08
173483 1.621057e-08
173502 1.362878e-08
173577 1.354136e-08
173579 1.297012e-08
173584 1.001992e-08
173765 9.591795e-09
173779 9.496563e-09
231134 8.856673e-09
312080 8.641152e-09
473818 8.159636e-09
