1 5.872476e+01
2 5.408515e+01
3 5.046681e+01
48 4.524418e+01
1206 4.362773e+01
1621 4.324391e+01
1740 4.123754e+01
2160 3.877978e+01
2205 3.821247e+01
2241 3.722494e+01
2395 3.631071e+01
2430 3.620722e+01
2470 3.448532e+01
2591 3.381784e+01
2593 3.286588e+01
2636 2.911204e+01
3037 2.835360e+01
3106 2.729673e+01
3356 2.729297e+01
3381 2.505037e+01
3400 2.386052e+01
3571 2.288995e+01
3825 2.249590e+01
3853 2.246836e+01
3934 2.134832e+01
3986 2.122939e+01
4068 2.099818e+01
4083 2.043164e+01
4188 2.014608e+01
4260 1.986898e+01
4319 1.949126e+01
4367 1.933212e+01
4399 1.920451e+01
4417 1.844224e+01
4610 1.749931e+01
4904 1.682069e+01
4920 1.665015e+01
5155 1.607489e+01
5330 1.561856e+01
5459 1.560468e+01
5748 1.535585e+01
5917 1.515132e+01
5941 1.499734e+01
6046 1.497339e+01
6061 1.491297e+01
6073 1.430219e+01
6174 1.417187e+01
6438 1.395020e+01
6456 1.387135e+01
6571 1.383966e+01
6667 1.381888e+01
6684 1.367056e+01
6710 1.358360e+01
6772 1.343697e+01
6868 1.336103e+01
6877 1.324939e+01
7019 1.318001e+01
7192 1.297904e+01
7317 1.287478e+01
7554 1.285856e+01
7595 1.283934e+01
7627 1.283447e+01
7655 1.271022e+01
7689 1.268362e+01
7772 1.265950e+01
7776 1.256350e+01
7846 1.255029e+01
7972 1.246662e+01
8093 1.245168e+01
8101 1.231588e+01
8125 1.227360e+01
8182 1.225046e+01
8298 1.201866e+01
8400 1.190019e+01
8511 1.168183e+01
9051 1.167478e+01
9124 1.162869e+01
9147 1.160901e+01
9250 1.156191e+01
9271 1.155421e+01
9285 1.151747e+01
9299 1.135810e+01
9371 1.133670e+01
9571 1.129001e+01
9695 1.127259e+01
9758 1.124517e+01
9898 1.119565e+01
10066 1.118461e+01
10081 1.117503e+01
10101 1.116680e+01
10149 1.114644e+01
10164 1.110304e+01
10199 1.109153e+01
10208 1.109017e+01
10240 1.108573e+01
10292 1.104868e+01
10421 1.103333e+01
10526 1.097404e+01
10611 1.095927e+01
10678 1.092175e+01
11074 1.091419e+01
11168 1.090045e+01
11176 1.089806e+01
11198 1.085830e+01
11368 1.085737e+01
11442 1.084696e+01
11474 1.083697e+01
11561 1.079980e+01
11859 1.079027e+01
11920 1.078927e+01
11925 1.077200e+01
12006 1.076748e+01
12055 1.076025e+01
12241 1.075281e+01
12331 1.074415e+01
12387 1.074358e+01
12394 1.073646e+01
12398 1.073455e+01
12424 1.073271e+01
12478 1.072892e+01
12538 1.072426e+01
12647 1.071511e+01
12914 1.071346e+01
12935 1.071143e+01
12937 1.071056e+01
12970 1.070822e+01
13041 1.070782e+01
13098 1.070274e+01
13190 1.070075e+01
13248 1.069881e+01
13272 1.069774e+01
13281 1.069262e+01
13334 1.069022e+01
13574 1.068848e+01
13578 1.068493e+01
13694 1.068372e+01
13815 1.068054e+01
13898 1.067737e+01
13912 1.067653e+01
13949 1.067472e+01
13980 1.067469e+01
14048 1.067252e+01
14086 1.067183e+01
14190 1.067075e+01
14244 1.067059e+01
14293 1.066697e+01
14335 1.066642e+01
14389 1.066508e+01
14413 1.066494e+01
14477 1.066147e+01
14534 1.066135e+01
14555 1.066101e+01
14563 1.065802e+01
14708 1.065745e+01
14758 1.065641e+01
14791 1.065559e+01
14798 1.065262e+01
14912 1.065180e+01
14975 1.065032e+01
15186 1.065003e+01
15190 1.064981e+01
15198 1.064967e+01
15208 1.064816e+01
15266 1.064411e+01
15526 1.064122e+01
15557 1.064102e+01
15572 1.063941e+01
15631 1.063614e+01
15981 1.063461e+01
16025 1.063448e+01
16027 1.063447e+01
16064 1.063376e+01
16133 1.063374e+01
16135 1.063294e+01
16138 1.063147e+01
16209 1.063086e+01
16268 1.063084e+01
16287 1.063078e+01
16348 1.063021e+01
16350 1.062909e+01
16415 1.062850e+01
16460 1.062822e+01
16577 1.062802e+01
16586 1.062793e+01
16712 1.062788e+01
16745 1.062721e+01
16850 1.062673e+01
16859 1.062480e+01
17264 1.062465e+01
17279 1.062453e+01
17303 1.062442e+01
17308 1.062419e+01
17367 1.062376e+01
17690 1.062369e+01
17722 1.062357e+01
17745 1.062339e+01
17776 1.062332e+01
17800 1.062328e+01
17856 1.062325e+01
17862 1.062316e+01
17917 1.062280e+01
18049 1.062269e+01
18129 1.062239e+01
18244 1.062200e+01
18395 1.062200e+01
18423 1.062192e+01
18525 1.062177e+01
18557 1.062165e+01
18619 1.062155e+01
18713 1.062147e+01
18734 1.062145e+01
18743 1.062140e+01
18762 1.062120e+01
18853 1.062111e+01
18890 1.062109e+01
18902 1.062078e+01
19224 1.062068e+01
19279 1.062049e+01
19367 1.062041e+01
19607 1.062041e+01
19610 1.062037e+01
19662 1.062024e+01
19752 1.062020e+01
19853 1.062018e+01
19906 1.062012e+01
19929 1.061995e+01
20122 1.061991e+01
20165 1.061987e+01
20210 1.061986e+01
20226 1.061977e+01
20306 1.061976e+01
20318 1.061974e+01
20322 1.061973e+01
20344 1.061969e+01
20368 1.061959e+01
20436 1.061949e+01
20542 1.061944e+01
20620 1.061931e+01
20804 1.061927e+01
20896 1.061926e+01
20944 1.061923e+01
21032 1.061917e+01
21204 1.061914e+01
21351 1.061911e+01
21380 1.061910e+01
21415 1.061909e+01
21417 1.061908e+01
21539 1.061902e+01
21569 1.061900e+01
21713 1.061899e+01
21770 1.061891e+01
21915 1.061890e+01
21999 1.061889e+01
22038 1.061889e+01
22149 1.061884e+01
22228 1.061882e+01
22492 1.061882e+01
22504 1.061881e+01
22549 1.061880e+01
22605 1.061880e+01
22641 1.061879e+01
22655 1.061879e+01
22661 1.061878e+01
22678 1.061877e+01
22688 1.061877e+01
22750 1.061877e+01
22788 1.061876e+01
22800 1.061876e+01
22806 1.061875e+01
22814 1.061875e+01
22932 1.061873e+01
23075 1.061873e+01
23114 1.061872e+01
23127 1.061871e+01
23293 1.061871e+01
23368 1.061870e+01
23413 1.061870e+01
23436 1.061870e+01
23448 1.061869e+01
23580 1.061869e+01
23629 1.061868e+01
23669 1.061868e+01
23731 1.061868e+01
23734 1.061868e+01
23752 1.061866e+01
24048 1.061866e+01
24099 1.061866e+01
24111 1.061864e+01
24302 1.061864e+01
24473 1.061863e+01
24519 1.061863e+01
24527 1.061862e+01
24674 1.061861e+01
25033 1.061861e+01
25132 1.061861e+01
25192 1.061861e+01
25224 1.061860e+01
25428 1.061860e+01
25469 1.061860e+01
25593 1.061860e+01
25603 1.061859e+01
25692 1.061859e+01
25792 1.061859e+01
25890 1.061859e+01
25989 1.061859e+01
25996 1.061859e+01
26044 1.061858e+01
26131 1.061858e+01
26196 1.061858e+01
26228 1.061858e+01
26338 1.061858e+01
26423 1.061858e+01
26479 1.061857e+01
26582 1.061857e+01
26635 1.061857e+01
26673 1.061857e+01
26674 1.061857e+01
26699 1.061857e+01
26765 1.061857e+01
26780 1.061857e+01
26834 1.061857e+01
26852 1.061857e+01
27028 1.061857e+01
27079 1.061857e+01
27083 1.061857e+01
27155 1.061857e+01
27179 1.061857e+01
27235 1.061857e+01
27280 1.061857e+01
27288 1.061857e+01
27354 1.061857e+01
27417 1.061857e+01
27654 1.061857e+01
27693 1.061857e+01
27832 1.061857e+01
27856 1.061857e+01
27902 1.061857e+01
27987 1.061857e+01
28024 1.061857e+01
28091 1.061857e+01
28215 1.061857e+01
28233 1.061857e+01
28340 1.061857e+01
28367 1.061857e+01
28391 1.061857e+01
28423 1.061857e+01
28494 1.061857e+01
28522 1.061857e+01
28585 1.061857e+01
28597 1.061857e+01
28610 1.061857e+01
28744 1.061857e+01
28748 1.061857e+01
29044 1.061857e+01
29046 1.061857e+01
29071 1.061857e+01
29128 1.061857e+01
29190 1.061857e+01
29198 1.061857e+01
29228 1.061857e+01
29230 1.061857e+01
29253 1.061857e+01
29276 1.061857e+01
29392 1.061857e+01
29492 1.061857e+01
29525 1.061857e+01
29534 1.061857e+01
29617 1.061857e+01
29640 1.061857e+01
29678 1.061857e+01
29684 1.061857e+01
29758 1.061857e+01
29833 1.061857e+01
29871 1.061857e+01
29990 1.061857e+01
30145 1.061857e+01
30191 1.061857e+01
30209 1.061857e+01
30271 1.061857e+01
30275 1.061857e+01
30332 1.061857e+01
30404 1.061857e+01
30408 1.061857e+01
30427 1.061857e+01
30525 1.061857e+01
30542 1.061857e+01
30571 1.061857e+01
30584 1.061857e+01
30598 1.061857e+01
30620 1.061857e+01
30667 1.061857e+01
30706 1.061857e+01
30736 1.061857e+01
30776 1.061857e+01
30835 1.061857e+01
30853 1.061857e+01
31000 1.061857e+01
31080 1.061857e+01
31117 1.061857e+01
31271 1.061857e+01
31322 1.061857e+01
31532 1.061857e+01
31535 1.061857e+01
31646 1.061857e+01
31695 1.061857e+01
31729 1.061857e+01
31749 1.061857e+01
31801 1.061857e+01
31961 1.061857e+01
31990 1.061857e+01
32003 1.061857e+01
32021 1.061857e+01
32079 1.061857e+01
32130 1.061857e+01
32166 1.061857e+01
32217 1.061857e+01
32406 1.061857e+01
32470 1.061857e+01
32499 1.061857e+01
32512 1.061857e+01
32591 1.061857e+01
32700 1.061857e+01
32704 1.061857e+01
32750 1.061857e+01
32763 1.061857e+01
32818 1.061857e+01
32958 1.061857e+01
33016 1.061857e+01
33027 1.061857e+01
33057 1.061857e+01
33065 1.061857e+01
33075 1.061857e+01
33119 1.061857e+01
33216 1.061857e+01
33337 1.061857e+01
33390 1.061857e+01
33391 1.061857e+01
33408 1.061857e+01
33442 1.061857e+01
33445 1.061857e+01
33449 1.061857e+01
33477 1.061857e+01
33498 1.061857e+01
33520 1.061857e+01
33538 1.061857e+01
33550 1.061857e+01
33583 1.061857e+01
33645 1.061857e+01
33654 1.061857e+01
33678 1.061857e+01
33741 1.061857e+01
33761 1.061857e+01
33802 1.061857e+01
33865 1.061857e+01
33869 1.061857e+01
33962 1.061857e+01
34011 1.061857e+01
34052 1.061857e+01
34082 1.061857e+01
34110 1.061857e+01
34156 1.061857e+01
34158 1.061857e+01
34165 1.061857e+01
34200 1.061857e+01
34206 1.061857e+01
34213 1.061857e+01
34232 1.061857e+01
34241 1.061857e+01
34242 1.061857e+01
34297 1.061857e+01
34332 1.061857e+01
34380 1.061857e+01
34390 1.061857e+01
34439 1.061857e+01
34451 1.061857e+01
34467 1.061857e+01
34530 1.061857e+01
34543 1.061857e+01
34545 1.061857e+01
34588 1.061857e+01
34605 1.061857e+01
34612 1.061857e+01
34665 1.061857e+01
34680 1.061857e+01
34755 1.061857e+01
34760 1.061857e+01
34828 1.061857e+01
34847 1.061857e+01
34877 1.061857e+01
34997 1.061857e+01
35006 1.061857e+01
35061 1.061857e+01
35079 1.061857e+01
35190 1.061857e+01
35272 1.061857e+01
35297 1.061857e+01
35330 1.061857e+01
35363 1.061857e+01
35365 1.061857e+01
35372 1.061857e+01
35502 1.061857e+01
35569 1.061857e+01
35634 1.061857e+01
35678 1.061857e+01
35718 1.061857e+01
35742 1.061857e+01
35746 1.061857e+01
35767 1.061857e+01
36032 1.061857e+01
36073 1.061857e+01
36087 1.061857e+01
36092 1.061857e+01
36104 1.061857e+01
36142 1.061857e+01
36145 1.061857e+01
36170 1.061857e+01
36286 1.061857e+01
36327 1.061857e+01
36358 1.061857e+01
36359 1.061857e+01
36379 1.061857e+01
36393 1.061857e+01
36406 1.061857e+01
36422 1.061857e+01
36428 1.061857e+01
36481 1.061857e+01
36488 1.061857e+01
36493 1.061857e+01
36504 1.061857e+01
36519 1.061857e+01
36528 1.061857e+01
36796 1.061857e+01
97641 1.056654e+01
97850 1.053683e+01
97883 1.035546e+01
98143 1.032572e+01
98179 1.003836e+01
98221 9.994700e+00
98504 9.922748e+00
98536 9.863107e+00
98551 9.828426e+00
98657 9.753837e+00
98662 9.749960e+00
98697 9.474876e+00
98813 9.249209e+00
99100 9.233755e+00
99273 9.189211e+00
99296 9.041053e+00
99545 9.035161e+00
99614 9.033544e+00
99632 9.006835e+00
99659 8.934460e+00
99687 8.901468e+00
99769 8.849352e+00
99805 8.831461e+00
99815 8.793751e+00
99905 8.736199e+00
99926 8.693776e+00
100109 8.649410e+00
100153 8.631410e+00
100169 8.619890e+00
100206 8.589545e+00
100307 8.580208e+00
100308 8.574614e+00
100415 8.574039e+00
100425 8.514236e+00
100644 8.445149e+00
100732 8.394318e+00
100868 8.369840e+00
100884 8.344535e+00
101001 8.277519e+00
101099 8.224522e+00
101341 8.221476e+00
101498 8.211030e+00
101523 8.196401e+00
101624 8.176126e+00
101751 8.167294e+00
101774 8.159711e+00
101884 8.156715e+00
101922 8.130470e+00
101991 8.127206e+00
101994 8.124952e+00
102026 8.112714e+00
102081 8.100771e+00
102174 8.097082e+00
102205 8.092004e+00
102212 8.086471e+00
102291 8.046983e+00
102662 8.027324e+00
102825 8.024917e+00
102944 8.022411e+00
102953 8.014274e+00
103090 8.011989e+00
103104 8.005590e+00
103238 8.000286e+00
103244 7.998470e+00
103292 7.998150e+00
103297 7.992840e+00
103318 7.976002e+00
103495 7.974103e+00
103581 7.968569e+00
103607 7.966214e+00
103635 7.965394e+00
103669 7.963771e+00
103675 7.963492e+00
103697 7.951450e+00
103934 7.949976e+00
103944 7.944043e+00
104174 7.943160e+00
104198 7.936021e+00
104452 7.933241e+00
104533 7.932728e+00
104693 7.932570e+00
104798 7.929512e+00
104908 7.928233e+00
104942 7.922674e+00
105314 7.921678e+00
105435 7.920359e+00
105436 7.919627e+00
105496 7.919281e+00
105509 7.919078e+00
105539 7.918592e+00
105595 7.917991e+00
105610 7.916335e+00
105624 7.915904e+00
105682 7.915399e+00
105763 7.914292e+00
105785 7.913008e+00
105831 7.912050e+00
105946 7.906985e+00
106316 7.903534e+00
106387 7.903328e+00
106431 7.903041e+00
106495 7.902810e+00
106533 7.902508e+00
106627 7.901892e+00
106779 7.900031e+00
106808 7.899740e+00
106940 7.899520e+00
107077 7.898155e+00
107135 7.897459e+00
107234 7.896514e+00
107304 7.896295e+00
107566 7.896158e+00
107595 7.895997e+00
107636 7.895686e+00
107784 7.895679e+00
107802 7.894245e+00
107878 7.894073e+00
107901 7.893975e+00
107912 7.893715e+00
108015 7.893412e+00
108159 7.893048e+00
108404 7.892663e+00
108459 7.892294e+00
108486 7.892076e+00
108496 7.891527e+00
108727 7.891407e+00
108824 7.891124e+00
108843 7.891085e+00
108967 7.890923e+00
109044 7.890769e+00
109119 7.890475e+00
109169 7.890461e+00
109174 7.890358e+00
109353 7.890116e+00
109633 7.890038e+00
109638 7.889772e+00
109850 7.889592e+00
109860 7.889441e+00
109972 7.889384e+00
110008 7.889379e+00
110018 7.889238e+00
110019 7.889218e+00
110069 7.889064e+00
110153 7.889035e+00
110365 7.888931e+00
110395 7.888778e+00
110525 7.888692e+00
110555 7.888671e+00
110572 7.888595e+00
110618 7.888571e+00
110680 7.888463e+00
110717 7.888428e+00
110741 7.888314e+00
110779 7.888165e+00
111153 7.888147e+00
111155 7.888111e+00
111208 7.888040e+00
111268 7.888036e+00
111279 7.888023e+00
111284 7.887905e+00
111289 7.887851e+00
111409 7.887767e+00
111479 7.887751e+00
111489 7.887617e+00
111650 7.887587e+00
111669 7.887563e+00
112059 7.887454e+00
112110 7.887335e+00
112184 7.887297e+00
112488 7.887251e+00
112503 7.887212e+00
112647 7.887164e+00
112725 7.887138e+00
112758 7.887105e+00
112811 7.887105e+00
112885 7.887075e+00
112933 7.887035e+00
113055 7.887017e+00
113144 7.886993e+00
113199 7.886984e+00
113203 7.886975e+00
113256 7.886961e+00
113308 7.886946e+00
113371 7.886933e+00
113484 7.886910e+00
113515 7.886895e+00
113637 7.886884e+00
113700 7.886872e+00
113759 7.886841e+00
113846 7.886819e+00
113965 7.886814e+00
114043 7.886809e+00
114100 7.886791e+00
114154 7.886788e+00
114166 7.886781e+00
114207 7.886781e+00
114236 7.886780e+00
114248 7.886777e+00
114326 7.886762e+00
114381 7.886752e+00
114421 7.886740e+00
114557 7.886737e+00
114601 7.886729e+00
114642 7.886710e+00
114795 7.886704e+00
114872 7.886700e+00
114884 7.886700e+00
114936 7.886698e+00
115043 7.886685e+00
115102 7.886678e+00
115146 7.886677e+00
115162 7.886674e+00
115206 7.886655e+00
115707 7.886655e+00
115767 7.886654e+00
115804 7.886651e+00
115835 7.886647e+00
115887 7.886643e+00
115932 7.886636e+00
116001 7.886631e+00
116112 7.886624e+00
116243 7.886620e+00
116295 7.886619e+00
116299 7.886619e+00
116308 7.886609e+00
116441 7.886608e+00
116449 7.886606e+00
116490 7.886603e+00
116525 7.886602e+00
116643 7.886601e+00
116669 7.886599e+00
116714 7.886596e+00
116741 7.886596e+00
116820 7.886592e+00
116897 7.886592e+00
116938 7.886587e+00
116990 7.886586e+00
117006 7.886583e+00
117100 7.886582e+00
117111 7.886582e+00
117113 7.886580e+00
117150 7.886578e+00
117182 7.886575e+00
117387 7.886575e+00
117395 7.886574e+00
117408 7.886574e+00
117410 7.886573e+00
117450 7.886573e+00
117469 7.886572e+00
117488 7.886571e+00
117576 7.886571e+00
117643 7.886569e+00
117692 7.886569e+00
117700 7.886569e+00
117824 7.886568e+00
117840 7.886567e+00
117873 7.886567e+00
117919 7.886565e+00
117962 7.886565e+00
118034 7.886564e+00
118061 7.886564e+00
118109 7.886563e+00
118139 7.886563e+00
118173 7.886563e+00
118214 7.886563e+00
118229 7.886562e+00
118250 7.886562e+00
118299 7.886562e+00
118436 7.886562e+00
118454 7.886561e+00
118492 7.886561e+00
118529 7.886560e+00
118580 7.886560e+00
118735 7.886560e+00
118741 7.886560e+00
118771 7.886559e+00
118840 7.886559e+00
118947 7.886559e+00
118948 7.886559e+00
118988 7.886559e+00
119041 7.886559e+00
119052 7.886559e+00
119160 7.886559e+00
119215 7.886559e+00
119246 7.886559e+00
119318 7.886559e+00
119458 7.886559e+00
119490 7.886559e+00
119496 7.886559e+00
119538 7.886559e+00
119564 7.886559e+00
119750 7.886559e+00
119885 7.886559e+00
119911 7.886559e+00
119918 7.886559e+00
119938 7.886559e+00
119953 7.886559e+00
119954 7.886559e+00
119968 7.886559e+00
119977 7.886559e+00
120010 7.886559e+00
120172 7.886559e+00
120182 7.886559e+00
120241 7.886559e+00
120427 7.886559e+00
120428 7.886559e+00
120492 7.886559e+00
120659 7.886558e+00
120692 7.886558e+00
120698 7.886558e+00
120699 7.886558e+00
120725 7.886558e+00
120730 7.886558e+00
120823 7.886558e+00
120866 7.886558e+00
120904 7.886558e+00
120905 7.886558e+00
120983 7.886558e+00
120990 7.886558e+00
121005 7.886558e+00
121070 7.886558e+00
121103 7.886558e+00
121142 7.886558e+00
121192 7.886558e+00
121248 7.886558e+00
121259 7.886558e+00
121292 7.886558e+00
121303 7.886558e+00
121348 7.886558e+00
121546 7.886558e+00
121646 7.886558e+00
121693 7.886558e+00
121700 7.886558e+00
121719 7.886558e+00
121811 7.886558e+00
121901 7.886558e+00
121905 7.886558e+00
122036 7.886558e+00
122049 7.886558e+00
122066 7.886558e+00
122089 7.886558e+00
122101 7.886558e+00
122103 7.886558e+00
122136 7.886558e+00
122142 7.886558e+00
122158 7.886558e+00
122228 7.886558e+00
122235 7.886558e+00
122280 7.886558e+00
122287 7.886558e+00
122293 7.886558e+00
122307 7.886558e+00
122327 7.886558e+00
122376 7.886558e+00
122387 7.886558e+00
122410 7.886558e+00
122423 7.886558e+00
122434 7.886558e+00
122440 7.886558e+00
122455 7.886558e+00
122458 7.886558e+00
122588 7.886558e+00
122593 7.886558e+00
122596 7.886558e+00
122640 7.886558e+00
122733 7.886558e+00
122780 7.886558e+00
122800 7.886558e+00
122879 7.886558e+00
141153 7.605961e+00
141273 7.370398e+00
141539 7.304889e+00
141902 6.865956e+00
143090 6.790980e+00
143233 6.787980e+00
143255 6.648295e+00
143484 6.614961e+00
143552 6.455428e+00
143728 6.455295e+00
143748 6.398079e+00
143789 6.183202e+00
143851 5.994074e+00
144420 5.787923e+00
144826 5.752671e+00
144861 5.730589e+00
144894 5.720542e+00
144988 5.670325e+00
145127 5.659276e+00
145200 5.510507e+00
145278 5.174887e+00
145550 5.166476e+00
145666 5.118677e+00
145707 4.989594e+00
146240 4.938888e+00
146312 4.844499e+00
146723 4.824164e+00
146761 4.785337e+00
146775 4.716332e+00
147104 4.691620e+00
147108 4.683467e+00
147152 4.655425e+00
147216 4.583821e+00
147257 4.504856e+00
147796 4.478138e+00
147882 4.389957e+00
148103 4.334148e+00
148614 4.330139e+00
148846 4.298207e+00
149032 4.272815e+00
149070 4.244232e+00
149125 4.151833e+00
149909 4.132800e+00
149974 4.063927e+00
150236 4.062179e+00
150238 4.028678e+00
150324 3.971658e+00
151184 3.969751e+00
151251 3.840929e+00
152070 3.839466e+00
152145 3.823076e+00
152259 3.738872e+00
153123 3.738667e+00
153202 3.730905e+00
153275 3.721836e+00
153468 3.687819e+00
153704 3.636638e+00
154748 3.629221e+00
155030 3.580105e+00
155294 3.533335e+00
156497 3.498074e+00
157802 3.453422e+00
158213 3.430520e+00
158249 3.398714e+00
158589 3.374484e+00
158678 3.337113e+00
159015 3.336077e+00
159043 3.330210e+00
159066 3.319897e+00
159147 3.317196e+00
159183 3.311684e+00
159284 3.297421e+00
159295 3.291415e+00
159805 3.287225e+00
159887 3.234959e+00
160486 3.216413e+00
161272 3.206952e+00
161305 3.205478e+00
161342 3.203670e+00
161409 3.201549e+00
161461 3.200774e+00
161482 3.190971e+00
161508 3.189158e+00
161525 3.177759e+00
161585 3.167452e+00
161869 3.161818e+00
161947 3.149335e+00
161953 3.143869e+00
162177 3.140933e+00
162191 3.133811e+00
162407 3.132274e+00
162441 3.123852e+00
162505 3.116003e+00
162530 3.113754e+00
162538 3.099195e+00
162868 3.096123e+00
163237 3.085836e+00
163343 3.056990e+00
163502 3.048126e+00
163668 3.042670e+00
164024 3.026714e+00
164239 3.016093e+00
164505 3.008025e+00
164826 2.998874e+00
164865 2.994881e+00
164870 2.994750e+00
164931 2.993382e+00
165094 2.992023e+00
165171 2.987620e+00
165315 2.980887e+00
165456 2.980300e+00
165633 2.976767e+00
165757 2.976560e+00
165796 2.971817e+00
165972 2.971066e+00
166200 2.966220e+00
166203 2.964740e+00
166250 2.961493e+00
166378 2.961054e+00
166554 2.956394e+00
166633 2.952780e+00
166712 2.950731e+00
166744 2.946944e+00
166975 2.942081e+00
167555 2.938113e+00
167556 2.932137e+00
167740 2.930011e+00
168379 2.929527e+00
168518 2.928770e+00
168676 2.926242e+00
168716 2.920300e+00
169007 2.914680e+00
169451 2.914202e+00
169471 2.913620e+00
169741 2.911245e+00
170197 2.911179e+00
170298 2.909702e+00
170517 2.909350e+00
170577 2.907986e+00
170833 2.906449e+00
170835 2.903830e+00
171171 2.902481e+00
171255 2.901482e+00
171359 2.899768e+00
171489 2.898765e+00
171570 2.897642e+00
171782 2.897486e+00
171810 2.896608e+00
171960 2.894772e+00
172448 2.894324e+00
172662 2.893440e+00
172767 2.893284e+00
172799 2.892695e+00
172990 2.891973e+00
173221 2.891540e+00
173540 2.890899e+00
173590 2.890293e+00
173631 2.890260e+00
173635 2.889761e+00
173698 2.889320e+00
173921 2.888515e+00
174234 2.887565e+00
174449 2.887389e+00
174588 2.886979e+00
174633 2.886612e+00
174685 2.886497e+00
174711 2.886064e+00
174802 2.886031e+00
174827 2.885563e+00
174865 2.885329e+00
175336 2.885004e+00
175407 2.884864e+00
175434 2.884425e+00
175587 2.884332e+00
175710 2.884309e+00
175956 2.884024e+00
176177 2.883741e+00
176267 2.882775e+00
176805 2.882773e+00
176906 2.882743e+00
176915 2.882627e+00
176929 2.882351e+00
177478 2.882288e+00
177481 2.882193e+00
177562 2.882031e+00
177616 2.881923e+00
177707 2.881617e+00
177784 2.881562e+00
177928 2.881283e+00
178064 2.880993e+00
178072 2.880966e+00
178292 2.880953e+00
178304 2.880759e+00
178411 2.880750e+00
178452 2.880640e+00
178525 2.880585e+00
178536 2.880581e+00
178564 2.880519e+00
178629 2.880510e+00
178742 2.880288e+00
178988 2.880228e+00
179057 2.880142e+00
179090 2.880110e+00
179117 2.880098e+00
179249 2.879867e+00
179321 2.879867e+00
179366 2.879767e+00
179496 2.879749e+00
179543 2.879728e+00
179627 2.879682e+00
179797 2.879601e+00
179910 2.879503e+00
179920 2.879432e+00
180073 2.879399e+00
180100 2.879349e+00
180143 2.879346e+00
180267 2.879304e+00
180401 2.879207e+00
180579 2.879206e+00
180580 2.879154e+00
180802 2.879083e+00
181076 2.879051e+00
181194 2.879046e+00
181197 2.879043e+00
181284 2.879029e+00
181329 2.879007e+00
181389 2.879005e+00
181425 2.878945e+00
181456 2.878910e+00
181484 2.878908e+00
181647 2.878857e+00
182018 2.878849e+00
182019 2.878833e+00
182087 2.878788e+00
182103 2.878763e+00
182419 2.878748e+00
182483 2.878712e+00
182713 2.878693e+00
182919 2.878690e+00
182976 2.878689e+00
182984 2.878682e+00
182988 2.878626e+00
183379 2.878597e+00
183569 2.878587e+00
183711 2.878523e+00
183784 2.878511e+00
183837 2.878462e+00
184352 2.878389e+00
184968 2.878385e+00
184974 2.878375e+00
184992 2.878359e+00
185160 2.878332e+00
185327 2.878328e+00
185479 2.878300e+00
185574 2.878284e+00
185755 2.878281e+00
185769 2.878268e+00
186007 2.878263e+00
186054 2.878259e+00
186060 2.878250e+00
186168 2.878248e+00
186174 2.878237e+00
186179 2.878224e+00
186362 2.878223e+00
186368 2.878215e+00
186556 2.878204e+00
186568 2.878201e+00
186885 2.878200e+00
186980 2.878200e+00
187000 2.878199e+00
187018 2.878184e+00
187115 2.878184e+00
187177 2.878151e+00
187388 2.878136e+00
187836 2.878122e+00
188189 2.878115e+00
188447 2.878108e+00
188506 2.878103e+00
188659 2.878096e+00
188731 2.878095e+00
188788 2.878092e+00
188819 2.878088e+00
188895 2.878082e+00
189109 2.878081e+00
189115 2.878079e+00
189178 2.878071e+00
189184 2.878063e+00
189521 2.878057e+00
190140 2.878049e+00
190360 2.878049e+00
190431 2.878045e+00
190455 2.878042e+00
190538 2.878041e+00
190990 2.878040e+00
191300 2.878038e+00
191308 2.878035e+00
191390 2.878034e+00
191743 2.878033e+00
191825 2.878028e+00
192025 2.878027e+00
192156 2.878025e+00
192207 2.878025e+00
192242 2.878024e+00
192265 2.878023e+00
192370 2.878021e+00
192521 2.878021e+00
192524 2.878020e+00
192658 2.878019e+00
192728 2.878017e+00
192757 2.878017e+00
192868 2.878017e+00
192930 2.878016e+00
192936 2.878016e+00
192965 2.878016e+00
192976 2.878015e+00
193048 2.878013e+00
193340 2.878010e+00
193415 2.878010e+00
193550 2.878008e+00
193748 2.878008e+00
193884 2.878007e+00
193932 2.878007e+00
193968 2.878006e+00
193986 2.878006e+00
194014 2.878006e+00
194108 2.878005e+00
194191 2.878004e+00
194232 2.878004e+00
194296 2.878004e+00
194418 2.878003e+00
194604 2.878003e+00
194637 2.878003e+00
194640 2.878003e+00
194681 2.878002e+00
194925 2.878002e+00
195018 2.878002e+00
195037 2.878002e+00
195222 2.878002e+00
195228 2.878001e+00
195310 2.878001e+00
195344 2.878001e+00
195364 2.878001e+00
195451 2.878001e+00
195962 2.878001e+00
196624 2.878001e+00
196640 2.878001e+00
196728 2.878000e+00
197213 2.878000e+00
197291 2.878000e+00
197322 2.878000e+00
197374 2.878000e+00
197532 2.878000e+00
197574 2.878000e+00
197750 2.878000e+00
197800 2.878000e+00
197885 2.878000e+00
197915 2.878000e+00
198201 2.878000e+00
198238 2.878000e+00
198245 2.878000e+00
198252 2.878000e+00
198266 2.878000e+00
198494 2.878000e+00
198518 2.878000e+00
199422 2.878000e+00
199493 2.878000e+00
199553 2.878000e+00
199762 2.878000e+00
199998 2.878000e+00
200052 2.878000e+00
200661 2.878000e+00
200682 2.878000e+00
201077 2.878000e+00
201138 2.878000e+00
201179 2.878000e+00
201507 2.878000e+00
201582 2.878000e+00
201694 2.878000e+00
201708 2.878000e+00
201820 2.878000e+00
201862 2.878000e+00
201966 2.878000e+00
201981 2.878000e+00
202083 2.878000e+00
202101 2.878000e+00
202109 2.878000e+00
202262 2.878000e+00
202344 2.878000e+00
202674 2.878000e+00
202752 2.878000e+00
202789 2.878000e+00
202830 2.878000e+00
203065 2.878000e+00
203230 2.878000e+00
203310 2.878000e+00
203389 2.878000e+00
203463 2.878000e+00
203651 2.878000e+00
203728 2.878000e+00
203754 2.878000e+00
203796 2.878000e+00
203836 2.878000e+00
203843 2.878000e+00
204193 2.878000e+00
204220 2.878000e+00
