1 5.081487e+04
2 4.930353e+04
3 3.467917e+04
33 3.246956e+04
35 3.236000e+04
43 3.136264e+04
84 2.812447e+04
97 2.651268e+04
147 2.400734e+04
187 2.296535e+04
286 1.764336e+04
616 1.736087e+04
656 1.127735e+04
803 1.035948e+04
928 1.006525e+04
986 8.693431e+03
1105 8.481292e+03
1116 7.076112e+03
1231 6.973729e+03
1302 4.858390e+03
1451 4.684057e+03
1469 4.357223e+03
1532 4.356986e+03
1611 3.820179e+03
1683 3.729301e+03
1704 3.658906e+03
1733 3.329485e+03
1763 2.991736e+03
1869 2.929763e+03
1872 2.380782e+03
2037 2.096280e+03
2182 2.039735e+03
2208 2.016765e+03
2235 1.870423e+03
2237 1.756134e+03
2245 1.546607e+03
2282 1.492459e+03
2328 1.362706e+03
2434 1.282389e+03
2447 1.213072e+03
2495 1.150870e+03
2506 1.032646e+03
2639 1.015687e+03
2719 9.483859e+02
2775 6.028371e+02
3222 5.533963e+02
3309 5.343278e+02
3340 5.008150e+02
3354 4.930595e+02
3396 4.586126e+02
3424 4.571411e+02
3425 4.560982e+02
3470 4.259882e+02
3498 4.255325e+02
3558 4.085976e+02
3584 3.870704e+02
3646 3.674030e+02
3846 3.503883e+02
3934 3.402318e+02
3950 2.930016e+02
3990 2.877310e+02
4058 2.823571e+02
4098 2.743609e+02
4113 2.023840e+02
4539 1.835326e+02
4635 1.753770e+02
4716 1.693702e+02
4840 1.670557e+02
4937 1.545542e+02
5092 1.531980e+02
5130 1.523268e+02
5155 1.337807e+02
5182 1.241273e+02
5232 1.169093e+02
5435 1.116153e+02
5442 9.888119e+01
5520 9.698899e+01
5630 8.583412e+01
5668 7.961934e+01
5672 7.242729e+01
6084 6.866493e+01
6107 5.039972e+01
6260 4.039036e+01
6412 3.655564e+01
6572 3.506158e+01
6583 3.213885e+01
6715 2.911631e+01
6806 2.523217e+01
6808 2.499221e+01
7006 2.438050e+01
7025 2.125985e+01
7053 2.012245e+01
7264 1.888863e+01
7373 1.717926e+01
7506 1.697902e+01
7534 1.680945e+01
7541 1.436129e+01
7581 1.384737e+01
7683 1.360097e+01
7708 1.156418e+01
7847 1.024644e+01
8149 9.879594e+00
8162 9.566177e+00
8176 9.388608e+00
8241 9.139983e+00
8331 8.528453e+00
8375 7.954302e+00
8464 7.761030e+00
8467 6.908887e+00
8704 6.518595e+00
8729 6.517782e+00
8817 5.482921e+00
8948 5.472455e+00
8995 5.455148e+00
9030 5.214927e+00
9077 4.537440e+00
9271 4.427122e+00
9317 4.037778e+00
9364 3.869560e+00
9542 3.677760e+00
9628 3.662528e+00
9652 3.662067e+00
9719 3.464219e+00
9810 3.142088e+00
9813 2.921363e+00
9894 2.908584e+00
9991 2.901551e+00
10097 2.727422e+00
10155 2.621427e+00
10174 2.572708e+00
10182 2.544934e+00
10185 2.514537e+00
10250 2.402946e+00
10569 2.361862e+00
10579 2.280826e+00
10604 2.198106e+00
10618 2.019680e+00
10717 2.003491e+00
10799 1.862187e+00
11050 1.802460e+00
11176 1.800703e+00
11183 1.762000e+00
11193 1.737266e+00
11204 1.725590e+00
11209 1.707825e+00
11223 1.550785e+00
11372 1.546040e+00
11433 1.535626e+00
11450 1.496520e+00
11526 1.495988e+00
11527 1.480862e+00
11535 1.477604e+00
11587 1.425926e+00
11615 1.420454e+00
11625 1.381416e+00
11679 1.376859e+00
11948 1.365858e+00
12067 1.340148e+00
12069 1.301668e+00
12093 1.277812e+00
12117 1.260298e+00
12204 1.226460e+00
12326 1.215580e+00
12349 1.177550e+00
12629 1.131493e+00
12861 1.120436e+00
12945 1.114556e+00
13152 1.109155e+00
13192 1.108772e+00
13216 1.076541e+00
13255 1.069395e+00
13327 1.069380e+00
13348 1.068410e+00
13408 1.067588e+00
13426 1.062323e+00
13468 1.058218e+00
13486 1.050884e+00
13545 1.028570e+00
13653 1.008369e+00
13677 9.493683e-01
13856 9.135413e-01
14045 9.031526e-01
14063 8.160533e-01
14206 8.049733e-01
14230 7.907726e-01
14268 7.305709e-01
14305 7.294544e-01
14333 7.069702e-01
14350 6.125987e-01
14423 5.380505e-01
14649 4.985762e-01
14669 4.895668e-01
14689 4.765489e-01
14701 3.959512e-01
14737 3.947202e-01
14790 3.816402e-01
14818 3.786367e-01
14820 3.732204e-01
14863 3.573363e-01
14881 3.515948e-01
14889 3.047350e-01
14917 3.046432e-01
14965 2.992762e-01
15009 2.919804e-01
15015 2.825699e-01
15021 2.641990e-01
15074 2.624218e-01
15113 2.518872e-01
15119 2.208545e-01
15162 2.041759e-01
15214 2.000570e-01
15221 1.755082e-01
15243 1.632249e-01
15265 1.438442e-01
15327 1.394224e-01
15488 1.376081e-01
15494 1.352792e-01
15505 1.315335e-01
15509 1.226328e-01
15599 1.173847e-01
15607 9.733384e-02
15644 8.079642e-02
15848 7.551722e-02
15907 7.157762e-02
16062 7.091688e-02
16118 6.787258e-02
16125 6.112494e-02
16146 6.064107e-02
16157 5.718619e-02
16193 5.048957e-02
16217 4.989499e-02
16220 4.915587e-02
16338 4.909497e-02
16398 4.666389e-02
16416 3.461152e-02
16492 3.089028e-02
16598 2.814770e-02
16672 2.638964e-02
16714 2.631224e-02
16760 2.424727e-02
16767 2.383208e-02
16844 2.175085e-02
16861 2.136709e-02
16881 2.032722e-02
16945 1.924820e-02
16989 1.825162e-02
17035 1.807305e-02
17046 1.651748e-02
17182 1.637826e-02
17196 1.502451e-02
17258 1.479883e-02
17327 1.470028e-02
17328 1.446355e-02
17332 1.368082e-02
17355 1.362117e-02
17360 1.330601e-02
17449 1.326989e-02
17459 1.306874e-02
17474 1.306776e-02
17489 1.286906e-02
17531 1.264812e-02
17552 1.256880e-02
17593 1.251697e-02
17595 1.215849e-02
17597 1.185784e-02
17703 1.165185e-02
17803 1.150713e-02
17815 1.148224e-02
17832 1.144573e-02
17971 1.115929e-02
18053 1.088141e-02
18136 1.072501e-02
18140 1.061126e-02
18208 1.060688e-02
18257 1.058548e-02
18259 1.051709e-02
18270 1.046164e-02
18311 1.040350e-02
18439 1.032023e-02
18613 1.023564e-02
18770 1.022162e-02
18795 1.020035e-02
18802 1.019446e-02
18805 1.019289e-02
18843 1.018958e-02
18847 1.018785e-02
18851 1.018418e-02
18853 1.012394e-02
18858 1.011651e-02
18873 1.008315e-02
18906 1.007338e-02
18957 1.007131e-02
18992 1.006657e-02
19018 9.969749e-03
19284 9.968637e-03
19317 9.960020e-03
19339 9.959785e-03
19348 9.951289e-03
19378 9.947509e-03
19448 9.944041e-03
19540 9.916735e-03
19676 9.907215e-03
19759 9.901281e-03
19840 9.892196e-03
19874 9.889703e-03
20017 9.886914e-03
20038 9.881552e-03
20184 9.876909e-03
20247 9.874927e-03
20349 9.872897e-03
20350 9.872824e-03
20368 9.872666e-03
20394 9.871977e-03
20400 9.871803e-03
20483 9.870805e-03
20496 9.869517e-03
20553 9.869058e-03
20561 9.867691e-03
20595 9.867353e-03
20611 9.865870e-03
20668 9.865549e-03
20685 9.865427e-03
20700 9.865392e-03
20702 9.864411e-03
20748 9.864002e-03
20760 9.863803e-03
20784 9.863683e-03
20788 9.863372e-03
20798 9.863087e-03
20802 9.862844e-03
20851 9.862646e-03
20866 9.862501e-03
20882 9.861775e-03
20901 9.861470e-03
20928 9.861267e-03
20986 9.860707e-03
21027 9.860177e-03
21105 9.859660e-03
21182 9.859537e-03
21193 9.859011e-03
21336 9.858827e-03
21426 9.858745e-03
21512 9.858718e-03
21513 9.858409e-03
21547 9.858400e-03
21646 9.858369e-03
21664 9.858363e-03
21681 9.858347e-03
21693 9.858176e-03
21707 9.858102e-03
21740 9.858100e-03
21742 9.857946e-03
21761 9.857815e-03
21913 9.857784e-03
21922 9.857740e-03
21944 9.857739e-03
22027 9.857678e-03
22040 9.857618e-03
22087 9.857582e-03
22120 9.857546e-03
22245 9.857544e-03
22261 9.857543e-03
22262 9.857538e-03
22264 9.857522e-03
22272 9.857508e-03
22303 9.857499e-03
22322 9.857491e-03
22391 9.857482e-03
22398 9.857458e-03
22440 9.857398e-03
22488 9.857393e-03
22642 9.857390e-03
22645 9.857363e-03
22702 9.857341e-03
22974 9.857336e-03
23003 9.857334e-03
23026 9.857328e-03
23103 9.857323e-03
23161 9.857320e-03
23189 9.857318e-03
23190 9.857318e-03
23216 9.857318e-03
23278 9.857318e-03
23292 9.857317e-03
23304 9.857315e-03
23306 9.857314e-03
23313 9.857314e-03
23337 9.857313e-03
23372 9.857306e-03
23468 9.857305e-03
23469 9.857302e-03
23473 9.857300e-03
23591 9.857298e-03
23647 9.857296e-03
23736 9.857296e-03
23750 9.857294e-03
23877 9.857292e-03
23953 9.857290e-03
24128 9.857290e-03
24134 9.857290e-03
24138 9.857290e-03
24165 9.857290e-03
24199 9.857289e-03
24201 9.857289e-03
24242 9.857288e-03
24246 9.857288e-03
24295 9.857288e-03
24363 9.857287e-03
24492 9.857287e-03
24530 9.857287e-03
24590 9.857287e-03
24627 9.857286e-03
24699 9.857286e-03
24715 9.857286e-03
24779 9.857286e-03
24818 9.857286e-03
24836 9.857286e-03
24944 9.857286e-03
25005 9.857285e-03
25040 9.857285e-03
25105 9.857285e-03
25216 9.857285e-03
25232 9.857285e-03
25370 9.857285e-03
25393 9.857285e-03
25400 9.857285e-03
25401 9.857285e-03
25435 9.857285e-03
25448 9.857285e-03
25512 9.857285e-03
25522 9.857285e-03
25566 9.857285e-03
25629 9.857285e-03
25653 9.857285e-03
25686 9.857285e-03
25696 9.857285e-03
25717 9.857285e-03
25749 9.857285e-03
25771 9.857285e-03
25785 9.857285e-03
25797 9.857285e-03
25802 9.857285e-03
25836 9.857285e-03
25876 9.857285e-03
25944 9.857285e-03
25945 9.857285e-03
25994 9.857285e-03
26050 9.857285e-03
26052 9.857285e-03
26061 9.857285e-03
26211 9.857285e-03
26231 9.857285e-03
26253 9.857285e-03
26265 9.857285e-03
26318 9.857285e-03
26338 9.857285e-03
26396 9.857285e-03
26401 9.857285e-03
26482 9.857285e-03
26620 9.857285e-03
26658 9.857285e-03
26711 9.857285e-03
26720 9.857285e-03
26722 9.857285e-03
26755 9.857285e-03
26781 9.857285e-03
26829 9.857285e-03
26834 9.857285e-03
26866 9.857285e-03
64082 9.822544e-03
64143 9.817418e-03
64226 8.555568e-03
64358 7.252251e-03
64448 7.033776e-03
64464 6.768649e-03
64916 6.112966e-03
65123 5.391373e-03
65221 5.118509e-03
65298 5.020699e-03
65334 4.107560e-03
65374 4.067651e-03
65437 3.986543e-03
65500 3.872139e-03
65603 3.468621e-03
65648 3.366802e-03
65704 3.053201e-03
65795 2.776907e-03
65802 2.710770e-03
65895 2.514915e-03
65931 2.335578e-03
65974 2.173657e-03
66132 2.051743e-03
66142 1.612674e-03
66175 1.168455e-03
66522 1.097879e-03
66854 9.331262e-04
66939 8.984042e-04
66981 8.703971e-04
66984 7.787962e-04
67050 6.519362e-04
67362 6.507399e-04
67405 5.458443e-04
67536 5.003073e-04
67570 4.881346e-04
67581 4.801598e-04
67685 4.570750e-04
67805 4.413171e-04
67816 3.698404e-04
67972 3.675891e-04
68203 3.599053e-04
68229 3.143492e-04
68371 2.969031e-04
68407 2.582933e-04
68464 2.431415e-04
68481 2.398353e-04
68555 2.171525e-04
68649 2.103980e-04
68720 1.559571e-04
69084 1.332533e-04
69412 1.284042e-04
69688 1.265563e-04
69717 1.149270e-04
69729 1.072127e-04
69844 8.450080e-05
70180 7.220432e-05
70388 5.255471e-05
70585 4.773294e-05
70697 4.734117e-05
70931 3.671232e-05
70932 3.088900e-05
71076 3.000198e-05
71287 2.976272e-05
71292 2.588895e-05
71420 2.154469e-05
71769 2.016547e-05
71775 1.981378e-05
71835 1.558465e-05
72017 1.514239e-05
72139 1.253451e-05
72269 1.036095e-05
72398 9.618714e-06
72578 8.890714e-06
72843 7.259134e-06
72929 7.020912e-06
73162 5.382881e-06
73662 5.087229e-06
73728 4.498255e-06
73836 4.217389e-06
73924 3.960977e-06
74042 3.617657e-06
74290 3.266870e-06
74357 2.605107e-06
74713 2.570252e-06
74841 2.192130e-06
74945 1.768886e-06
225100 1.675755e-06
225305 1.587134e-06
225339 1.507775e-06
225344 1.329048e-06
225520 1.299378e-06
225540 1.247099e-06
225601 1.220893e-06
225671 9.929462e-07
225745 8.955406e-07
225947 7.621571e-07
226076 6.269973e-07
226504 5.751747e-07
226529 4.146156e-07
227262 4.059490e-07
227367 3.462029e-07
227470 3.457380e-07
227476 3.127111e-07
227519 2.767831e-07
227705 2.638789e-07
227774 2.071184e-07
227887 1.641430e-07
228542 1.636731e-07
228570 1.599572e-07
228584 1.308201e-07
228699 1.286077e-07
228813 1.149602e-07
228933 1.080420e-07
228938 1.048139e-07
228962 8.567910e-08
229111 7.446819e-08
229389 6.923268e-08
229483 6.751583e-08
229652 6.739471e-08
229670 5.235143e-08
229999 4.517480e-08
230103 4.103326e-08
230131 3.844220e-08
230177 3.381320e-08
230477 3.328252e-08
230557 3.179588e-08
230569 3.065703e-08
230665 2.806102e-08
230792 2.550149e-08
230796 2.181450e-08
230970 2.064736e-08
231065 2.041722e-08
231067 2.009262e-08
231080 1.693619e-08
231193 1.486648e-08
231361 1.010933e-08
231602 9.209837e-09
231612 8.823181e-09
231646 8.191953e-09
