1 3.529017e+02
17 2.419907e+02
106 1.357969e+02
316 9.893998e+01
398 9.666405e+01
426 9.597607e+01
439 8.750239e+01
482 7.691326e+01
513 5.442194e+01
748 3.760276e+01
807 2.906084e+01
1198 2.863722e+01
2033 2.750761e+01
2212 2.537986e+01
2231 2.467702e+01
2247 2.349497e+01
2318 2.030259e+01
2335 1.828457e+01
2407 1.439815e+01
2496 1.235706e+01
2506 1.156624e+01
2563 1.068929e+01
2658 1.048384e+01
2675 1.047236e+01
2719 1.014908e+01
2720 9.832769e+00
2798 9.776885e+00
2840 9.658432e+00
2873 9.510518e+00
2908 9.449740e+00
2968 9.434642e+00
3038 9.402732e+00
3122 9.365027e+00
3240 9.351526e+00
3352 9.349709e+00
3406 9.349421e+00
3436 9.347467e+00
3540 9.347351e+00
3562 9.347145e+00
3582 9.346327e+00
3603 9.346228e+00
3604 9.346033e+00
3607 9.346030e+00
3634 9.346027e+00
3646 9.345676e+00
3675 9.345617e+00
3722 9.345601e+00
3769 9.345544e+00
3788 9.345426e+00
3813 9.345340e+00
3863 9.345301e+00
3901 9.345301e+00
3930 9.345251e+00
3973 9.345247e+00
3994 9.345244e+00
4011 9.345236e+00
4021 9.345209e+00
4168 9.345205e+00
4174 9.345196e+00
4214 9.345195e+00
4324 9.345193e+00
4363 9.345191e+00
4484 9.345191e+00
4494 9.345189e+00
4615 9.345189e+00
4679 9.345189e+00
4746 9.345188e+00
4924 9.345188e+00
4979 9.345188e+00
4980 9.345188e+00
5002 9.345188e+00
5033 9.345188e+00
5048 9.345188e+00
5137 9.345188e+00
5172 9.345188e+00
5195 9.345188e+00
5214 9.345188e+00
5253 9.345188e+00
5286 9.345188e+00
5291 9.345188e+00
5322 9.345188e+00
5425 9.345188e+00
5430 9.345188e+00
5454 9.345188e+00
5520 9.345188e+00
5524 9.345188e+00
5536 9.345188e+00
5556 9.345188e+00
5568 9.345188e+00
5635 9.345188e+00
5696 9.345188e+00
5742 9.345188e+00
5752 9.345188e+00
5763 9.345188e+00
5778 9.345188e+00
5861 9.345188e+00
5875 9.345188e+00
5877 9.345188e+00
5911 9.345188e+00
5938 9.345188e+00
5958 9.345188e+00
5977 9.345188e+00
5996 9.345188e+00
6048 9.345188e+00
13185 9.269365e+00
13234 8.482513e+00
13380 7.594128e+00
13649 6.448552e+00
13666 6.124708e+00
13813 5.168621e+00
14136 4.994663e+00
14143 4.937802e+00
14189 4.821258e+00
14268 4.767725e+00
14301 4.543720e+00
14582 4.515483e+00
14614 4.420755e+00
14671 4.418984e+00
14702 4.385575e+00
14754 4.363191e+00
14895 4.273303e+00
45810 4.083660e+00
45858 3.642739e+00
45863 3.451389e+00
46025 3.430439e+00
46151 3.124859e+00
46163 2.766092e+00
46210 2.731702e+00
46222 2.654094e+00
46361 2.329832e+00
46449 2.315745e+00
46753 2.269186e+00
46786 2.172803e+00
46801 2.167471e+00
46812 2.080603e+00
47151 2.059460e+00
47222 2.059457e+00
47259 2.046102e+00
47272 2.042847e+00
47279 2.033378e+00
47321 2.008564e+00
47536 2.006932e+00
47560 2.005778e+00
47585 2.002845e+00
47628 2.000584e+00
47811 2.000422e+00
47887 1.995702e+00
47907 1.994985e+00
48016 1.994831e+00
48066 1.994150e+00
48083 1.994137e+00
48100 1.993789e+00
48127 1.993751e+00
48172 1.993327e+00
48176 1.992022e+00
48324 1.991956e+00
48341 1.991875e+00
48383 1.991853e+00
48384 1.991179e+00
48565 1.990900e+00
48582 1.990325e+00
48758 1.990258e+00
48909 1.990215e+00
48993 1.990010e+00
49282 1.989989e+00
49343 1.989984e+00
49422 1.989983e+00
49444 1.989971e+00
49456 1.989969e+00
49499 1.989959e+00
49502 1.989945e+00
49516 1.989943e+00
49579 1.989940e+00
49740 1.989936e+00
49746 1.989927e+00
49847 1.989925e+00
50021 1.989923e+00
50101 1.989923e+00
50144 1.989923e+00
50170 1.989923e+00
50213 1.989922e+00
50215 1.989920e+00
50368 1.989920e+00
50441 1.989919e+00
50597 1.989919e+00
50620 1.989919e+00
50703 1.989919e+00
50800 1.989919e+00
50866 1.989919e+00
50959 1.989918e+00
51121 1.989918e+00
51133 1.989918e+00
51254 1.989918e+00
51268 1.989918e+00
51277 1.989918e+00
51292 1.989918e+00
51348 1.989918e+00
51485 1.989918e+00
51640 1.989918e+00
51650 1.989918e+00
51656 1.989918e+00
51672 1.989918e+00
51675 1.989918e+00
52030 1.989918e+00
52083 1.989918e+00
52100 1.989918e+00
52115 1.989918e+00
52206 1.989918e+00
52219 1.989918e+00
52539 1.989918e+00
52615 1.989918e+00
52649 1.989918e+00
52657 1.989918e+00
52703 1.989918e+00
52820 1.989918e+00
52837 1.989918e+00
52887 1.989918e+00
52920 1.989918e+00
53225 1.989918e+00
53323 1.989918e+00
53354 1.989918e+00
53474 1.989918e+00
53713 1.989918e+00
53784 1.989918e+00
53806 1.989918e+00
53843 1.989918e+00
78404 1.989918e+00
