1 9.512975e+02
2 7.515653e+02
3 3.160915e+02
21 2.617087e+02
240 2.596725e+02
251 2.517978e+02
281 1.388637e+02
331 1.385940e+02
337 1.375490e+02
372 1.318384e+02
430 1.117812e+02
583 1.030312e+02
584 8.743049e+01
592 7.682344e+01
638 7.231112e+01
864 6.662472e+01
946 5.985096e+01
967 5.406121e+01
975 5.219362e+01
1051 4.268745e+01
1708 3.678360e+01
2027 2.556554e+01
2489 2.252717e+01
2577 2.044470e+01
2619 1.600665e+01
2735 1.476492e+01
2798 1.441274e+01
2802 1.436414e+01
2866 1.145306e+01
2896 1.072452e+01
2943 1.066363e+01
2951 7.123621e+00
2999 6.902135e+00
3009 4.649255e+00
3098 4.116616e+00
3172 4.067079e+00
3182 3.164752e+00
3266 3.040574e+00
3302 2.974927e+00
3370 2.676607e+00
3404 2.529237e+00
3416 2.455742e+00
3434 2.234163e+00
3535 2.160077e+00
3692 2.143030e+00
3717 2.104201e+00
3734 2.101229e+00
3773 2.079133e+00
3775 2.069557e+00
3778 2.056554e+00
3815 2.054319e+00
3822 2.051876e+00
3831 2.051334e+00
3855 2.044865e+00
3869 2.019467e+00
3949 2.012830e+00
3965 2.007658e+00
3999 1.999177e+00
4031 1.998554e+00
4068 1.997668e+00
4131 1.994907e+00
4167 1.994275e+00
4198 1.993961e+00
4201 1.993474e+00
4202 1.992919e+00
4241 1.992269e+00
4256 1.990963e+00
4329 1.990799e+00
4345 1.990439e+00
4461 1.990371e+00
4491 1.990360e+00
4501 1.990088e+00
4592 1.990010e+00
4719 1.989995e+00
4743 1.989992e+00
4747 1.989959e+00
4804 1.989946e+00
4835 1.989946e+00
4838 1.989935e+00
4848 1.989930e+00
4906 1.989929e+00
4943 1.989927e+00
5000 1.989922e+00
5022 1.989922e+00
5083 1.989922e+00
5085 1.989921e+00
5086 1.989921e+00
5092 1.989921e+00
5098 1.989920e+00
5117 1.989920e+00
5141 1.989919e+00
5163 1.989919e+00
5185 1.989919e+00
5197 1.989919e+00
5212 1.989919e+00
5216 1.989919e+00
5219 1.989919e+00
5249 1.989919e+00
5283 1.989918e+00
5302 1.989918e+00
5306 1.989918e+00
5365 1.989918e+00
5387 1.989918e+00
5400 1.989918e+00
5428 1.989918e+00
5466 1.989918e+00
5472 1.989918e+00
5525 1.989918e+00
5526 1.989918e+00
5553 1.989918e+00
5559 1.989918e+00
5611 1.989918e+00
5624 1.989918e+00
5631 1.989918e+00
5640 1.989918e+00
5647 1.989918e+00
5666 1.989918e+00
5689 1.989918e+00
5692 1.989918e+00
5763 1.989918e+00
5768 1.989918e+00
5773 1.989918e+00
5782 1.989918e+00
5838 1.989918e+00
5883 1.989918e+00
5916 1.989918e+00
5926 1.989918e+00
5968 1.989918e+00
6021 1.989918e+00
6032 1.989918e+00
6046 1.989918e+00
6066 1.989918e+00
6078 1.989918e+00
6150 1.989918e+00
6161 1.989918e+00
6163 1.989918e+00
6183 1.989918e+00
6200 1.989918e+00
6240 1.989918e+00
6251 1.989918e+00
6307 1.989918e+00
6343 1.989918e+00
6390 1.989918e+00
6452 1.989918e+00
6474 1.989918e+00
6532 1.989918e+00
6539 1.989918e+00
6549 1.989918e+00
65414 1.000410e+00
65456 8.855523e-01
66173 8.454608e-01
66278 6.492263e-01
66379 5.874328e-01
66520 5.258568e-01
66575 4.892654e-01
66577 4.092626e-01
66614 3.780845e-01
66678 3.467931e-01
66784 2.447675e-01
66858 1.444974e-01
66998 9.986337e-02
67120 8.617781e-02
67464 7.599037e-02
67529 5.485711e-02
67783 5.386097e-02
67798 4.798216e-02
67836 3.234528e-02
68076 2.995917e-02
68312 2.277802e-02
68375 2.051245e-02
68412 7.186091e-03
68620 6.650621e-03
68722 4.996338e-03
68879 4.766130e-03
69037 4.766111e-03
69050 3.253798e-03
69180 1.695932e-03
69580 1.611366e-03
69601 7.902169e-04
69788 5.735190e-04
69882 5.700146e-04
69976 3.467713e-04
70117 1.104228e-04
70777 1.001049e-04
70800 9.764006e-05
70803 8.343687e-05
70900 7.134743e-05
70999 6.643845e-05
71002 6.370707e-05
71087 4.997673e-05
71244 4.575353e-05
71295 3.012423e-05
71383 2.986601e-05
71416 2.026012e-05
71426 9.883405e-06
71823 3.340466e-06
72394 2.668331e-06
72575 1.867341e-06
72780 1.699310e-06
72787 1.678103e-06
72827 1.625046e-06
72865 1.541081e-06
72898 1.364927e-06
72956 1.077942e-06
72996 1.018431e-06
73026 9.964821e-07
73041 9.090783e-07
73047 7.731281e-07
73180 3.867877e-07
73231 3.051811e-07
73612 2.517349e-07
73784 2.181644e-07
73811 1.649921e-07
73992 1.507472e-07
74085 1.471982e-07
74156 1.234027e-07
74189 1.223213e-07
74212 9.373390e-08
74287 8.563067e-08
74346 8.443585e-08
74472 7.139330e-08
74475 7.031000e-08
74582 6.589788e-08
74640 3.379158e-08
74834 2.964896e-08
75034 1.457254e-08
75221 1.281182e-08
75382 7.221712e-09
