1 4.226263e+03
8 3.768407e+03
9 3.344524e+03
15 3.271731e+03
61 3.183863e+03
64 2.998709e+03
143 2.361669e+03
523 2.353838e+03
1654 2.308913e+03
1988 2.248732e+03
2127 2.216703e+03
2685 2.064952e+03
2773 2.033139e+03
2971 1.875364e+03
3274 1.701608e+03
3645 1.673722e+03
4151 1.440326e+03
4385 1.279203e+03
4415 1.152588e+03
4493 9.138327e+02
4658 9.030686e+02
4822 8.811225e+02
4989 6.599722e+02
5099 5.970300e+02
5135 5.687809e+02
5233 5.608196e+02
5277 5.398031e+02
5284 5.300262e+02
5317 4.897689e+02
5327 4.891426e+02
5382 4.734651e+02
5391 4.730692e+02
5451 4.659738e+02
5527 4.592050e+02
5562 4.574020e+02
5573 4.570017e+02
5589 4.557505e+02
5592 4.518227e+02
5609 4.510607e+02
5660 4.510411e+02
5689 4.463560e+02
5773 4.446180e+02
5811 4.443487e+02
5840 4.440499e+02
5877 4.432158e+02
5937 4.431398e+02
5959 4.419787e+02
5976 4.415408e+02
6049 4.414649e+02
6106 4.413267e+02
6110 4.410977e+02
6147 4.407473e+02
6234 4.405624e+02
6315 4.404315e+02
6409 4.403844e+02
6441 4.403084e+02
6448 4.402315e+02
6618 4.402006e+02
6660 4.401785e+02
6794 4.401784e+02
6799 4.401713e+02
6906 4.401694e+02
6921 4.401680e+02
6955 4.401676e+02
6962 4.401656e+02
7050 4.401651e+02
7083 4.401646e+02
7090 4.401638e+02
7156 4.401632e+02
7175 4.401628e+02
7189 4.401622e+02
7255 4.401621e+02
7270 4.401619e+02
7297 4.401617e+02
7333 4.401617e+02
7371 4.401614e+02
7382 4.401612e+02
7386 4.401611e+02
7457 4.401608e+02
7528 4.401607e+02
7602 4.401606e+02
7960 4.401606e+02
7964 4.401606e+02
7988 4.401606e+02
7995 4.401606e+02
8093 4.401606e+02
8106 4.401606e+02
8222 4.401606e+02
8294 4.401606e+02
8341 4.401606e+02
8358 4.401606e+02
8376 4.401606e+02
8399 4.401606e+02
8461 4.401606e+02
8462 4.401606e+02
8492 4.401606e+02
8572 4.401606e+02
8584 4.401606e+02
8622 4.401606e+02
8650 4.401606e+02
8720 4.401606e+02
8728 4.401606e+02
8757 4.401606e+02
8775 4.401606e+02
8809 4.401606e+02
8819 4.401606e+02
8822 4.401606e+02
8823 4.401606e+02
8837 4.401606e+02
8845 4.401606e+02
8855 4.401606e+02
8868 4.401606e+02
8878 4.401606e+02
8883 4.401606e+02
8894 4.401606e+02
8958 4.401606e+02
9046 4.401606e+02
9078 4.401606e+02
9087 4.401606e+02
9117 4.401606e+02
9122 4.401606e+02
9169 4.401606e+02
9191 4.401606e+02
9232 4.401606e+02
9300 4.401606e+02
9346 4.401606e+02
9404 4.401606e+02
9451 4.401606e+02
9485 4.401606e+02
9495 4.401606e+02
9496 4.401606e+02
9543 4.401606e+02
9551 4.401606e+02
9575 4.401606e+02
33530 4.201811e+02
33544 4.028826e+02
33610 3.202021e+02
33712 2.007001e+02
33744 1.971901e+02
33797 1.958049e+02
33808 1.622880e+02
33837 1.006523e+02
33871 7.713375e+01
33921 7.310719e+01
33948 6.266973e+01
33970 5.638112e+01
33992 5.099478e+01
34014 4.320800e+01
34035 3.648901e+01
34045 3.522067e+01
34130 3.465863e+01
34186 3.435182e+01
34190 3.010461e+01
34225 2.979388e+01
34259 2.936273e+01
34315 2.918315e+01
34327 2.903373e+01
34346 2.759833e+01
34372 2.748004e+01
34462 2.732445e+01
34490 2.715090e+01
34493 2.709012e+01
34533 2.702635e+01
34563 2.679398e+01
34586 2.666678e+01
34599 2.665760e+01
34617 2.638745e+01
34757 2.637910e+01
34804 2.630776e+01
34845 2.623037e+01
35048 2.617744e+01
35135 2.615120e+01
35230 2.614943e+01
35250 2.614931e+01
35260 2.614567e+01
35277 2.614544e+01
35279 2.614532e+01
35295 2.614118e+01
35304 2.613950e+01
35317 2.613444e+01
35328 2.613310e+01
35334 2.612990e+01
35365 2.612733e+01
35528 2.612728e+01
35531 2.612656e+01
35548 2.612647e+01
35599 2.612596e+01
35650 2.612582e+01
35682 2.612580e+01
35788 2.612578e+01
35800 2.612569e+01
35806 2.612565e+01
35813 2.612558e+01
35844 2.612555e+01
35927 2.612551e+01
35968 2.612551e+01
35985 2.612550e+01
35991 2.612549e+01
36153 2.612549e+01
36239 2.612549e+01
36241 2.612548e+01
36247 2.612548e+01
36328 2.612548e+01
36357 2.612548e+01
36379 2.612548e+01
36399 2.612548e+01
36431 2.612547e+01
36529 2.612547e+01
36653 2.612547e+01
36696 2.612547e+01
36763 2.612547e+01
36789 2.612547e+01
36856 2.612547e+01
36878 2.612547e+01
36901 2.612547e+01
37048 2.612547e+01
37073 2.612547e+01
37111 2.612547e+01
37128 2.612547e+01
37146 2.612547e+01
37153 2.612547e+01
37164 2.612547e+01
37165 2.612547e+01
37245 2.612547e+01
37323 2.612547e+01
37376 2.612547e+01
37393 2.612547e+01
37447 2.612547e+01
37467 2.612547e+01
37564 2.612547e+01
37611 2.612547e+01
37614 2.612547e+01
37675 2.612547e+01
37701 2.612547e+01
37702 2.612547e+01
37733 2.612547e+01
37837 2.612547e+01
37841 2.612547e+01
37900 2.612547e+01
37928 2.612547e+01
37949 2.612547e+01
37950 2.612547e+01
37952 2.612547e+01
37978 2.612547e+01
51811 2.603939e+01
51816 2.583705e+01
51877 2.542357e+01
51963 2.429735e+01
52062 2.390037e+01
52131 2.354469e+01
52132 2.351543e+01
52211 2.332246e+01
52307 2.324568e+01
52460 2.308634e+01
52474 2.292033e+01
52513 2.287378e+01
52566 2.270608e+01
52716 2.270090e+01
52794 2.267033e+01
52894 2.264709e+01
52898 2.263342e+01
52981 2.263098e+01
53026 2.262000e+01
53033 2.260152e+01
53127 2.257179e+01
53349 2.256321e+01
53405 2.255165e+01
53443 2.255001e+01
53532 2.254380e+01
53721 2.254329e+01
53771 2.254201e+01
53783 2.254130e+01
53830 2.254082e+01
53891 2.254082e+01
53895 2.253666e+01
54108 2.253562e+01
54142 2.253440e+01
54414 2.253438e+01
54514 2.253410e+01
54707 2.253406e+01
54818 2.253403e+01
54848 2.253399e+01
54944 2.253397e+01
55088 2.253393e+01
55168 2.253393e+01
55298 2.253390e+01
55788 2.253389e+01
55837 2.253389e+01
56113 2.253389e+01
56141 2.253389e+01
56229 2.253389e+01
56326 2.253389e+01
56329 2.253389e+01
56362 2.253389e+01
56402 2.253389e+01
56411 2.253389e+01
56457 2.253389e+01
56499 2.253389e+01
56546 2.253389e+01
56595 2.253389e+01
56619 2.253389e+01
56628 2.253389e+01
56680 2.253389e+01
56749 2.253389e+01
56760 2.253389e+01
56787 2.253389e+01
56906 2.253389e+01
56977 2.253389e+01
56978 2.253389e+01
56990 2.253389e+01
57004 2.253389e+01
57082 2.253389e+01
57114 2.253389e+01
57252 2.253389e+01
57504 2.253389e+01
57602 2.253389e+01
58024 2.253389e+01
58032 2.253389e+01
58126 2.253389e+01
58162 2.253389e+01
58191 2.253389e+01
58229 2.253389e+01
58282 2.253389e+01
58342 2.253389e+01
58405 2.253389e+01
58411 2.253389e+01
58516 2.253389e+01
58656 2.253389e+01
58707 2.253389e+01
58766 2.253389e+01
58832 2.253389e+01
58866 2.253389e+01
58893 2.253389e+01
59049 2.253389e+01
59208 2.253389e+01
59297 2.253389e+01
