1 8.422773e+03
9 5.832558e+03
13 3.922357e+03
29 3.540615e+03
154 3.477990e+03
211 3.293211e+03
282 3.227286e+03
293 3.083114e+03
299 3.081515e+03
361 3.073402e+03
365 3.062256e+03
390 2.953426e+03
408 2.721479e+03
620 2.631839e+03
635 2.583812e+03
716 2.506988e+03
719 2.472589e+03
1016 2.398197e+03
1035 2.382465e+03
1252 2.198115e+03
1269 2.127676e+03
1340 2.017001e+03
1961 2.002015e+03
2167 1.994738e+03
2178 1.954135e+03
2223 1.891513e+03
2282 1.878985e+03
2336 1.866056e+03
2540 1.811544e+03
2671 1.768446e+03
2874 1.654797e+03
3230 1.608175e+03
3452 1.554590e+03
4007 1.547054e+03
4127 1.517692e+03
4202 1.478712e+03
4330 1.478442e+03
4411 1.391475e+03
4668 1.382144e+03
4755 1.375755e+03
4795 1.361002e+03
4826 1.360603e+03
4835 1.338489e+03
5042 1.336405e+03
5049 1.321558e+03
5055 1.301475e+03
5155 1.300239e+03
5195 1.261697e+03
5292 1.249767e+03
5584 1.233036e+03
5641 1.227121e+03
5757 1.172174e+03
6383 1.164811e+03
6441 1.161403e+03
6456 1.152287e+03
6763 1.148774e+03
6844 1.146046e+03
6865 1.132473e+03
7147 1.120983e+03
7604 1.097098e+03
7653 1.085606e+03
7838 1.077245e+03
7860 1.073381e+03
7934 1.072868e+03
7993 1.063187e+03
8007 1.052864e+03
8108 1.029914e+03
8483 1.029369e+03
8526 1.022317e+03
8620 1.014151e+03
8669 1.013474e+03
8699 1.012142e+03
8866 1.010395e+03
8905 9.958698e+02
9100 9.956888e+02
9187 9.883677e+02
9425 9.845309e+02
9596 9.778387e+02
9652 9.726672e+02
9755 9.723763e+02
9778 9.712653e+02
9802 9.692232e+02
9820 9.683723e+02
9843 9.662625e+02
9901 9.591095e+02
10139 9.583232e+02
10182 9.571898e+02
10247 9.548455e+02
10396 9.546028e+02
10446 9.473360e+02
10482 9.428611e+02
10558 9.411294e+02
10688 9.405689e+02
10742 9.381214e+02
10888 9.368957e+02
10923 9.363723e+02
10958 9.346293e+02
10986 9.332394e+02
11201 9.304223e+02
11238 9.299888e+02
11261 9.250080e+02
11288 9.232375e+02
11391 9.193284e+02
11528 9.113883e+02
12281 9.079388e+02
12425 9.064851e+02
12561 9.061615e+02
12575 9.057111e+02
12607 9.034265e+02
12686 9.030434e+02
12725 9.014741e+02
12879 9.014277e+02
12883 9.001438e+02
12941 8.997114e+02
12998 8.981123e+02
13005 8.974200e+02
13016 8.960879e+02
13144 8.959603e+02
13222 8.941949e+02
13472 8.914261e+02
13599 8.898401e+02
13748 8.843433e+02
14312 8.838722e+02
14417 8.833466e+02
14625 8.812414e+02
14642 8.806905e+02
14693 8.805991e+02
14777 8.793608e+02
14816 8.786368e+02
14939 8.760046e+02
15307 8.758885e+02
15368 8.750296e+02
15450 8.747053e+02
15452 8.743283e+02
15561 8.726858e+02
15627 8.726299e+02
15637 8.722457e+02
15662 8.722153e+02
15871 8.721373e+02
15885 8.714613e+02
15963 8.708229e+02
15996 8.703758e+02
16129 8.702655e+02
16144 8.698704e+02
16332 8.694844e+02
16372 8.690122e+02
16511 8.686649e+02
16643 8.684690e+02
16792 8.678918e+02
16905 8.673208e+02
16941 8.671343e+02
17068 8.670273e+02
17133 8.666748e+02
17308 8.662537e+02
17545 8.662151e+02
17573 8.660116e+02
17649 8.659497e+02
17719 8.656912e+02
17724 8.655724e+02
17842 8.652638e+02
17886 8.650213e+02
17934 8.648652e+02
18011 8.648614e+02
18015 8.646566e+02
18122 8.643154e+02
18293 8.639384e+02
18369 8.639310e+02
18426 8.636479e+02
18468 8.635032e+02
18791 8.633942e+02
18820 8.633657e+02
18836 8.633611e+02
18840 8.631993e+02
18869 8.630291e+02
18881 8.629808e+02
18967 8.627375e+02
19009 8.626156e+02
19100 8.623072e+02
19296 8.621914e+02
19426 8.621795e+02
19433 8.620503e+02
19434 8.619779e+02
19579 8.617368e+02
19643 8.617114e+02
19783 8.616984e+02
19800 8.616884e+02
19814 8.616786e+02
19821 8.615832e+02
19827 8.615472e+02
19853 8.612456e+02
19881 8.611021e+02
19966 8.610722e+02
19982 8.609788e+02
20215 8.607049e+02
20278 8.606452e+02
20332 8.606252e+02
20434 8.604878e+02
20594 8.604648e+02
20723 8.603707e+02
20799 8.601265e+02
20882 8.600923e+02
21033 8.599004e+02
21184 8.597012e+02
21222 8.596932e+02
21229 8.596145e+02
21248 8.595506e+02
21417 8.594203e+02
21441 8.594011e+02
21596 8.593878e+02
21634 8.593362e+02
21720 8.591390e+02
21773 8.591013e+02
21882 8.589328e+02
22175 8.589087e+02
22262 8.588933e+02
22331 8.588532e+02
22418 8.587009e+02
22737 8.586956e+02
22762 8.586571e+02
22845 8.586214e+02
22850 8.585540e+02
22955 8.585027e+02
23012 8.584864e+02
23016 8.584462e+02
23118 8.584252e+02
23262 8.583664e+02
23487 8.583643e+02
23791 8.583270e+02
23866 8.582609e+02
24011 8.582502e+02
24080 8.582150e+02
24136 8.581911e+02
24194 8.581668e+02
24254 8.581281e+02
24347 8.581094e+02
24489 8.580997e+02
24494 8.580764e+02
24496 8.580363e+02
24525 8.580324e+02
24530 8.580288e+02
24730 8.580263e+02
24737 8.580190e+02
24841 8.580188e+02
24900 8.579859e+02
25002 8.579683e+02
25160 8.579574e+02
25174 8.579103e+02
25260 8.579034e+02
25396 8.578892e+02
25460 8.578889e+02
25479 8.578865e+02
25555 8.578792e+02
25599 8.578727e+02
25636 8.578580e+02
25646 8.578569e+02
25726 8.578533e+02
25886 8.578513e+02
25903 8.578205e+02
26016 8.577998e+02
26111 8.577857e+02
26133 8.577785e+02
26222 8.577511e+02
26321 8.577509e+02
26356 8.577450e+02
26383 8.577347e+02
26535 8.577337e+02
26586 8.577194e+02
26775 8.577185e+02
26787 8.577066e+02
26894 8.577063e+02
26896 8.576697e+02
27260 8.576697e+02
27423 8.576625e+02
27472 8.576558e+02
27484 8.576500e+02
27522 8.576428e+02
27631 8.576344e+02
27788 8.576185e+02
27899 8.576157e+02
28018 8.576079e+02
28261 8.576023e+02
28313 8.576013e+02
28394 8.576007e+02
28395 8.575912e+02
28691 8.575807e+02
29050 8.575757e+02
29440 8.575744e+02
29450 8.575727e+02
29492 8.575716e+02
29518 8.575713e+02
29548 8.575656e+02
29573 8.575654e+02
29590 8.575653e+02
29667 8.575607e+02
29706 8.575603e+02
29708 8.575582e+02
29720 8.575509e+02
29824 8.575475e+02
30108 8.575470e+02
30187 8.575424e+02
30398 8.575402e+02
30522 8.575396e+02
30531 8.575390e+02
30547 8.575383e+02
30557 8.575365e+02
30618 8.575362e+02
30675 8.575315e+02
31065 8.575297e+02
31129 8.575290e+02
31159 8.575281e+02
31180 8.575253e+02
31257 8.575222e+02
31461 8.575214e+02
31467 8.575194e+02
31523 8.575191e+02
31563 8.575189e+02
31690 8.575188e+02
31704 8.575181e+02
31876 8.575172e+02
31879 8.575164e+02
31896 8.575163e+02
31907 8.575155e+02
31954 8.575146e+02
31962 8.575123e+02
32047 8.575114e+02
32147 8.575111e+02
32159 8.575092e+02
32309 8.575090e+02
32390 8.575084e+02
32449 8.575084e+02
32453 8.575067e+02
32534 8.575054e+02
32657 8.575000e+02
32905 8.574982e+02
33051 8.574982e+02
33052 8.574967e+02
33157 8.574954e+02
33222 8.574952e+02
33441 8.574950e+02
33484 8.574947e+02
33510 8.574921e+02
33588 8.574917e+02
33632 8.574916e+02
33941 8.574887e+02
34180 8.574878e+02
34330 8.574874e+02
34496 8.574866e+02
34691 8.574857e+02
34695 8.574855e+02
34717 8.574849e+02
34805 8.574840e+02
35009 8.574837e+02
35030 8.574828e+02
35379 8.574826e+02
35384 8.574820e+02
35422 8.574820e+02
35545 8.574818e+02
35549 8.574815e+02
35559 8.574813e+02
35661 8.574807e+02
35726 8.574806e+02
35823 8.574799e+02
36022 8.574786e+02
36341 8.574785e+02
36350 8.574782e+02
36500 8.574781e+02
36502 8.574780e+02
36506 8.574780e+02
36541 8.574778e+02
36565 8.574778e+02
36596 8.574774e+02
36949 8.574771e+02
36980 8.574770e+02
36985 8.574767e+02
37044 8.574764e+02
37127 8.574757e+02
37325 8.574756e+02
37404 8.574753e+02
37428 8.574751e+02
37600 8.574746e+02
37684 8.574744e+02
37819 8.574743e+02
37867 8.574743e+02
38050 8.574742e+02
38090 8.574741e+02
38227 8.574739e+02
38313 8.574738e+02
38356 8.574736e+02
38398 8.574731e+02
38742 8.574727e+02
38806 8.574726e+02
38826 8.574726e+02
38859 8.574725e+02
38906 8.574724e+02
38957 8.574723e+02
39047 8.574720e+02
39152 8.574719e+02
39222 8.574719e+02
39396 8.574717e+02
39444 8.574716e+02
39557 8.574713e+02
39642 8.574713e+02
39708 8.574711e+02
39879 8.574709e+02
39953 8.574709e+02
40062 8.574708e+02
40088 8.574707e+02
40147 8.574706e+02
40289 8.574706e+02
40297 8.574706e+02
40366 8.574705e+02
40408 8.574704e+02
40457 8.574704e+02
40499 8.574704e+02
40622 8.574701e+02
40708 8.574701e+02
40813 8.574701e+02
40876 8.574700e+02
40995 8.574700e+02
41021 8.574700e+02
41056 8.574700e+02
41061 8.574699e+02
41179 8.574699e+02
41215 8.574699e+02
41232 8.574698e+02
41240 8.574698e+02
41259 8.574697e+02
41358 8.574696e+02
41413 8.574696e+02
41480 8.574696e+02
41551 8.574695e+02
41637 8.574694e+02
41677 8.574694e+02
41924 8.574694e+02
41929 8.574693e+02
42059 8.574693e+02
42180 8.574693e+02
42213 8.574692e+02
42380 8.574692e+02
42401 8.574692e+02
42409 8.574692e+02
42447 8.574692e+02
42491 8.574692e+02
42501 8.574691e+02
42564 8.574691e+02
42630 8.574691e+02
42655 8.574691e+02
42706 8.574691e+02
42724 8.574691e+02
42777 8.574690e+02
42882 8.574690e+02
43063 8.574690e+02
43140 8.574690e+02
43159 8.574689e+02
43288 8.574689e+02
43296 8.574689e+02
43351 8.574689e+02
43375 8.574689e+02
43385 8.574689e+02
43426 8.574689e+02
43533 8.574689e+02
43557 8.574689e+02
43561 8.574689e+02
43570 8.574689e+02
43603 8.574689e+02
43608 8.574689e+02
43650 8.574689e+02
43669 8.574689e+02
43691 8.574689e+02
43752 8.574689e+02
43766 8.574689e+02
43775 8.574689e+02
43842 8.574689e+02
43902 8.574689e+02
43973 8.574689e+02
44091 8.574689e+02
44234 8.574689e+02
44268 8.574689e+02
44318 8.574689e+02
44423 8.574688e+02
44452 8.574688e+02
44481 8.574688e+02
44486 8.574688e+02
44530 8.574688e+02
44548 8.574688e+02
44563 8.574688e+02
44596 8.574688e+02
44661 8.574688e+02
44754 8.574688e+02
44813 8.574688e+02
44838 8.574688e+02
44890 8.574688e+02
44901 8.574688e+02
44933 8.574688e+02
45046 8.574688e+02
45086 8.574688e+02
45094 8.574688e+02
45198 8.574688e+02
45216 8.574688e+02
45236 8.574688e+02
45249 8.574688e+02
45301 8.574688e+02
45328 8.574688e+02
45333 8.574688e+02
45342 8.574688e+02
45365 8.574688e+02
45418 8.574688e+02
45439 8.574688e+02
45473 8.574688e+02
45484 8.574688e+02
45646 8.574688e+02
45722 8.574688e+02
45769 8.574688e+02
45811 8.574688e+02
45878 8.574688e+02
45943 8.574688e+02
46112 8.574688e+02
46118 8.574688e+02
46546 8.574688e+02
46646 8.574688e+02
46699 8.574688e+02
46797 8.574688e+02
47153 8.574688e+02
47230 8.574688e+02
47265 8.574688e+02
47277 8.574688e+02
47278 8.574688e+02
47347 8.574688e+02
47374 8.574688e+02
47500 8.574688e+02
47561 8.574688e+02
47604 8.574688e+02
47650 8.574688e+02
47661 8.574688e+02
47888 8.574688e+02
47928 8.574688e+02
47955 8.574688e+02
48013 8.574688e+02
48036 8.574688e+02
48050 8.574688e+02
48154 8.574688e+02
48248 8.574688e+02
48260 8.574688e+02
48302 8.574688e+02
48311 8.574688e+02
48317 8.574688e+02
48332 8.574688e+02
48333 8.574688e+02
48361 8.574688e+02
48380 8.574688e+02
48472 8.574688e+02
48597 8.574688e+02
48600 8.574688e+02
48647 8.574688e+02
48720 8.574688e+02
48732 8.574687e+02
48794 8.574687e+02
48807 8.574687e+02
48834 8.574687e+02
48896 8.574687e+02
48934 8.574687e+02
48941 8.574687e+02
48971 8.574687e+02
48980 8.574687e+02
49012 8.574687e+02
49325 8.574687e+02
49512 8.574687e+02
49543 8.574687e+02
49629 8.574687e+02
49742 8.574687e+02
49770 8.574687e+02
49915 8.574687e+02
49937 8.574687e+02
49948 8.574687e+02
49956 8.574687e+02
49985 8.574687e+02
49994 8.574687e+02
50019 8.574687e+02
50033 8.574687e+02
50047 8.574687e+02
50092 8.574687e+02
50173 8.574687e+02
50194 8.574687e+02
50228 8.574686e+02
50387 8.574686e+02
50395 8.574686e+02
50408 8.574686e+02
50452 8.574686e+02
50494 8.574686e+02
50608 8.574686e+02
50645 8.574686e+02
50688 8.574686e+02
50699 8.574686e+02
50766 8.574686e+02
50770 8.574686e+02
50798 8.574686e+02
50866 8.574686e+02
50926 8.574686e+02
50992 8.574686e+02
50995 8.574686e+02
50998 8.574686e+02
51098 8.574686e+02
51100 8.574686e+02
51150 8.574686e+02
51183 8.574686e+02
51328 8.574686e+02
51387 8.574686e+02
51433 8.574686e+02
51454 8.574686e+02
51492 8.574686e+02
51565 8.574686e+02
51586 8.574686e+02
51592 8.574686e+02
51675 8.574686e+02
51703 8.574686e+02
51718 8.574686e+02
51831 8.574686e+02
51929 8.574686e+02
52000 8.574686e+02
52051 8.574686e+02
52096 8.574686e+02
52139 8.574686e+02
52149 8.574686e+02
52185 8.574686e+02
52482 8.574686e+02
52487 8.574686e+02
52546 8.574686e+02
52577 8.574686e+02
52641 8.574686e+02
52671 8.574686e+02
52693 8.574686e+02
52721 8.574686e+02
52725 8.574686e+02
52782 8.574686e+02
53027 8.574686e+02
53030 8.574686e+02
53056 8.574686e+02
53057 8.574686e+02
53067 8.574686e+02
53163 8.574686e+02
53171 8.574686e+02
53238 8.574686e+02
53332 8.574686e+02
53333 8.574686e+02
53383 8.574686e+02
53406 8.574686e+02
53435 8.574686e+02
53441 8.574686e+02
53444 8.574686e+02
53449 8.574686e+02
53516 8.574686e+02
53608 8.574686e+02
53844 8.574686e+02
53894 8.574686e+02
54002 8.574686e+02
54072 8.574686e+02
54083 8.574686e+02
54126 8.574686e+02
54143 8.574686e+02
54145 8.574686e+02
54245 8.574686e+02
54262 8.574686e+02
54334 8.574686e+02
54396 8.574686e+02
54462 8.574686e+02
54514 8.574686e+02
54554 8.574686e+02
54715 8.574686e+02
54743 8.574686e+02
54762 8.574686e+02
55017 8.574686e+02
55137 8.574686e+02
55238 8.574686e+02
55414 8.574686e+02
55518 8.574686e+02
55527 8.574686e+02
55658 8.574686e+02
55727 8.574686e+02
55740 8.574686e+02
55812 8.574686e+02
55888 8.574686e+02
55901 8.574686e+02
55914 8.574686e+02
55945 8.574686e+02
56001 8.574686e+02
56005 8.574686e+02
56024 8.574686e+02
56110 8.574686e+02
56252 8.574686e+02
56260 8.574686e+02
56395 8.574686e+02
56400 8.574686e+02
56472 8.574686e+02
56517 8.574686e+02
56607 8.574686e+02
56657 8.574686e+02
56714 8.574686e+02
56833 8.574686e+02
56862 8.574686e+02
57309 8.574686e+02
57399 8.574686e+02
57435 8.574686e+02
57481 8.574686e+02
57490 8.574686e+02
57534 8.574686e+02
57601 8.574686e+02
57609 8.574686e+02
57784 8.574686e+02
57857 8.574686e+02
57872 8.574686e+02
58183 8.574686e+02
58185 8.574686e+02
58203 8.574686e+02
58287 8.574686e+02
58318 8.574686e+02
58405 8.574686e+02
58482 8.574686e+02
58511 8.574686e+02
58666 8.574686e+02
58667 8.574686e+02
58750 8.574686e+02
58777 8.574686e+02
58864 8.574686e+02
58977 8.574686e+02
59146 8.574686e+02
59276 8.574686e+02
59467 8.574686e+02
59639 8.574686e+02
60029 8.574686e+02
60131 8.574686e+02
60216 8.574686e+02
60297 8.574686e+02
60380 8.574686e+02
60492 8.574686e+02
60561 8.574686e+02
60606 8.574686e+02
60615 8.574686e+02
60635 8.574686e+02
60724 8.574686e+02
60821 8.574686e+02
60870 8.574686e+02
60874 8.574686e+02
60900 8.574686e+02
60934 8.574686e+02
61008 8.574686e+02
61142 8.574686e+02
61207 8.574686e+02
61249 8.574686e+02
61294 8.574686e+02
61327 8.574686e+02
61396 8.574686e+02
61430 8.574686e+02
61516 8.574686e+02
61601 8.574686e+02
61615 8.574686e+02
61689 8.574686e+02
61806 8.574686e+02
61809 8.574686e+02
61813 8.574686e+02
61824 8.574686e+02
61890 8.574686e+02
61904 8.574686e+02
61962 8.574686e+02
62010 8.574686e+02
62083 8.574686e+02
62176 8.574686e+02
62287 8.574686e+02
62310 8.574686e+02
62381 8.574686e+02
62413 8.574686e+02
62468 8.574686e+02
62497 8.574686e+02
62638 8.574686e+02
62740 8.574686e+02
62785 8.574686e+02
62877 8.574686e+02
62922 8.574686e+02
62985 8.574686e+02
62997 8.574686e+02
62998 8.574686e+02
63072 8.574686e+02
63120 8.574686e+02
63135 8.574686e+02
63142 8.574686e+02
63164 8.574686e+02
63213 8.574686e+02
63233 8.574686e+02
63276 8.574686e+02
63331 8.574686e+02
63335 8.574686e+02
63381 8.574686e+02
63397 8.574686e+02
63405 8.574686e+02
63439 8.574686e+02
63482 8.574686e+02
63491 8.574686e+02
63507 8.574686e+02
63521 8.574686e+02
63530 8.574686e+02
63536 8.574686e+02
63541 8.574686e+02
63545 8.574686e+02
63565 8.574686e+02
63567 8.574686e+02
63570 8.574686e+02
63614 8.574686e+02
63628 8.574686e+02
63641 8.574686e+02
63694 8.574686e+02
63703 8.574686e+02
63707 8.574686e+02
64192 8.574686e+02
64203 8.574686e+02
64266 8.574686e+02
64276 8.574686e+02
64278 8.574686e+02
64392 8.574686e+02
64462 8.574685e+02
64486 8.574685e+02
64567 8.574685e+02
64647 8.574685e+02
64690 8.574685e+02
64716 8.574685e+02
64832 8.574685e+02
64844 8.574685e+02
64894 8.574685e+02
64928 8.574685e+02
65061 8.574685e+02
65126 8.574685e+02
65160 8.574685e+02
65243 8.574685e+02
65325 8.574685e+02
65352 8.574685e+02
65410 8.574685e+02
65417 8.574685e+02
65456 8.574685e+02
65559 8.574685e+02
65574 8.574685e+02
65658 8.574685e+02
65699 8.574685e+02
65732 8.574685e+02
65777 8.574685e+02
65803 8.574685e+02
65827 8.574685e+02
65828 8.574685e+02
65862 8.574685e+02
65871 8.574685e+02
65872 8.574685e+02
65912 8.574685e+02
65950 8.574685e+02
66401 8.574685e+02
66556 8.574685e+02
66604 8.574685e+02
66740 8.574685e+02
66787 8.574685e+02
66942 8.574685e+02
66943 8.574685e+02
66977 8.574685e+02
66978 8.574685e+02
67009 8.574685e+02
67134 8.574684e+02
67247 8.574684e+02
67303 8.574684e+02
67352 8.574684e+02
67438 8.574684e+02
67442 8.574684e+02
67570 8.574684e+02
67618 8.574684e+02
67791 8.574684e+02
67880 8.574684e+02
67969 8.574684e+02
68123 8.574684e+02
68187 8.574684e+02
68236 8.574684e+02
68261 8.574684e+02
68281 8.574684e+02
68318 8.574684e+02
68387 8.574684e+02
68391 8.574684e+02
68410 8.574684e+02
68488 8.574684e+02
68494 8.574684e+02
68500 8.574684e+02
68503 8.574684e+02
68571 8.574684e+02
68618 8.574684e+02
68640 8.574684e+02
68859 8.574684e+02
68886 8.574684e+02
68936 8.574684e+02
68973 8.574684e+02
68981 8.574684e+02
68982 8.574684e+02
69009 8.574684e+02
69067 8.574684e+02
69217 8.574684e+02
69260 8.574684e+02
69294 8.574684e+02
69392 8.574684e+02
69394 8.574684e+02
69445 8.574684e+02
69446 8.574684e+02
69548 8.574684e+02
69603 8.574684e+02
69768 8.574684e+02
69943 8.574684e+02
69982 8.574684e+02
70087 8.574684e+02
70115 8.574684e+02
70118 8.574684e+02
70132 8.574684e+02
70166 8.574684e+02
70171 8.574684e+02
70253 8.574684e+02
70264 8.574684e+02
70630 8.574684e+02
70696 8.574684e+02
70717 8.574684e+02
70755 8.574684e+02
70861 8.574684e+02
71034 8.574684e+02
71245 8.574684e+02
71288 8.574684e+02
71396 8.574684e+02
71442 8.574684e+02
71608 8.574684e+02
71629 8.574684e+02
71767 8.574684e+02
71818 8.574684e+02
71880 8.574684e+02
71900 8.574684e+02
71934 8.574684e+02
72128 8.574684e+02
72137 8.574684e+02
72201 8.574684e+02
72217 8.574684e+02
72218 8.574684e+02
72219 8.574684e+02
72276 8.574684e+02
72298 8.574684e+02
72336 8.574684e+02
72470 8.574684e+02
72517 8.574684e+02
72565 8.574684e+02
72719 8.574684e+02
72720 8.574684e+02
72728 8.574684e+02
72786 8.574684e+02
72790 8.574684e+02
72923 8.574684e+02
72979 8.574684e+02
73024 8.574684e+02
73060 8.574684e+02
73137 8.574684e+02
73211 8.574684e+02
73242 8.574684e+02
73301 8.574684e+02
73319 8.574684e+02
73381 8.574684e+02
73553 8.574684e+02
73577 8.574684e+02
73606 8.574684e+02
73633 8.574684e+02
73754 8.574684e+02
73789 8.574684e+02
74002 8.574684e+02
74103 8.574684e+02
74223 8.574684e+02
74282 8.574684e+02
74283 8.574684e+02
74285 8.574684e+02
74471 8.574684e+02
74534 8.574684e+02
74586 8.574684e+02
74599 8.574684e+02
74601 8.574684e+02
74682 8.574684e+02
74689 8.574684e+02
74810 8.574684e+02
74857 8.574684e+02
74877 8.574684e+02
74957 8.574684e+02
159444 8.530281e+02
159479 8.473157e+02
159689 8.422611e+02
159807 8.378137e+02
159828 8.316533e+02
159973 8.301527e+02
160129 8.235733e+02
160131 8.215091e+02
160604 8.209510e+02
160625 8.127829e+02
160728 8.093788e+02
160733 8.082616e+02
160751 8.012418e+02
160820 7.960653e+02
161015 7.937569e+02
161345 7.895871e+02
161530 7.856715e+02
161565 7.853848e+02
161609 7.828100e+02
161628 7.815690e+02
161657 7.786897e+02
161679 7.784378e+02
161693 7.776776e+02
161747 7.756123e+02
161803 7.743022e+02
161851 7.729756e+02
162062 7.723400e+02
162105 7.714293e+02
162162 7.674394e+02
162259 7.672828e+02
162303 7.640177e+02
162351 7.608865e+02
162397 7.562565e+02
162495 7.499458e+02
162921 7.484556e+02
163001 7.455568e+02
163067 7.448818e+02
163074 7.418603e+02
163090 7.393644e+02
163515 7.392275e+02
163517 7.360329e+02
163709 7.353686e+02
163726 7.334885e+02
163841 7.306663e+02
163976 7.293466e+02
164175 7.286586e+02
164293 7.286266e+02
164338 7.269985e+02
164384 7.262576e+02
164511 7.224118e+02
164840 7.222920e+02
164893 7.197408e+02
164988 7.191089e+02
165067 7.182926e+02
165367 7.180085e+02
165399 7.177903e+02
165400 7.160492e+02
165511 7.160089e+02
165516 7.155835e+02
165611 7.154139e+02
165636 7.151993e+02
165647 7.142738e+02
165665 7.140383e+02
165836 7.121908e+02
165979 7.120258e+02
165984 7.117178e+02
166150 7.112341e+02
166260 7.110031e+02
166282 7.104247e+02
166348 7.103220e+02
166374 7.099980e+02
166376 7.099551e+02
166394 7.099467e+02
166454 7.097115e+02
166498 7.083457e+02
166612 7.074925e+02
166982 7.063634e+02
167176 7.063178e+02
167226 7.062743e+02
167282 7.061834e+02
167318 7.058407e+02
167322 7.057386e+02
167369 7.055880e+02
167414 7.054579e+02
167430 7.044771e+02
167811 7.044237e+02
167824 7.043944e+02
167909 7.040656e+02
167928 7.040618e+02
167951 7.037674e+02
167993 7.034984e+02
168009 7.034503e+02
168010 7.029074e+02
168575 7.027268e+02
168660 7.027036e+02
168695 7.021374e+02
168951 7.019347e+02
169064 7.018136e+02
169075 7.013628e+02
169115 7.013614e+02
169209 7.009737e+02
169332 7.008451e+02
169357 7.002692e+02
169602 7.001477e+02
169645 7.000952e+02
169679 6.992027e+02
170228 6.991400e+02
170338 6.988941e+02
170423 6.988388e+02
170544 6.987907e+02
170554 6.987647e+02
170757 6.986691e+02
170983 6.986384e+02
171022 6.984493e+02
171062 6.984341e+02
171135 6.983794e+02
171167 6.983738e+02
171176 6.979975e+02
171311 6.977941e+02
171642 6.977604e+02
171662 6.977386e+02
171710 6.977328e+02
171720 6.977305e+02
171722 6.976832e+02
171723 6.976222e+02
171854 6.976067e+02
171860 6.974931e+02
171886 6.974752e+02
172022 6.973169e+02
172185 6.972018e+02
172198 6.971916e+02
172244 6.971745e+02
172288 6.971209e+02
172341 6.970736e+02
172357 6.969690e+02
172478 6.969199e+02
172583 6.968700e+02
172609 6.968294e+02
172682 6.967373e+02
172796 6.965965e+02
173158 6.965847e+02
173173 6.965594e+02
173184 6.964821e+02
173245 6.963803e+02
173391 6.963403e+02
173540 6.963320e+02
173674 6.962594e+02
173785 6.962075e+02
173861 6.961996e+02
173948 6.961899e+02
173969 6.961465e+02
173990 6.961080e+02
174038 6.960793e+02
174040 6.960708e+02
174086 6.960612e+02
174121 6.960119e+02
174436 6.959944e+02
174501 6.959890e+02
174579 6.959807e+02
174635 6.959408e+02
174752 6.959326e+02
174753 6.958678e+02
174834 6.958475e+02
175226 6.958433e+02
175283 6.958287e+02
175312 6.958222e+02
175345 6.958204e+02
175351 6.958192e+02
175387 6.957826e+02
175481 6.957276e+02
175575 6.957094e+02
175603 6.956597e+02
175829 6.956324e+02
175883 6.956300e+02
175890 6.956208e+02
176007 6.955534e+02
176287 6.955208e+02
176427 6.955073e+02
176524 6.954992e+02
176585 6.954687e+02
176840 6.954359e+02
177002 6.954331e+02
177011 6.954227e+02
177074 6.954065e+02
177081 6.954039e+02
177210 6.953905e+02
177279 6.953819e+02
177457 6.953577e+02
177495 6.953472e+02
177590 6.953378e+02
177645 6.953368e+02
177711 6.952830e+02
177766 6.952757e+02
177898 6.952740e+02
178127 6.952699e+02
178344 6.952374e+02
178345 6.952331e+02
178523 6.952248e+02
178571 6.952135e+02
178681 6.951922e+02
178703 6.951863e+02
179137 6.951757e+02
179146 6.951742e+02
179250 6.951576e+02
179305 6.951460e+02
179405 6.951434e+02
179409 6.951404e+02
179549 6.951392e+02
179588 6.951368e+02
179596 6.951358e+02
179613 6.951278e+02
179725 6.951277e+02
179800 6.951273e+02
179807 6.951259e+02
179813 6.951245e+02
179839 6.951125e+02
179862 6.951085e+02
180018 6.950959e+02
180146 6.950916e+02
180248 6.950903e+02
180271 6.950880e+02
180483 6.950868e+02
180504 6.950846e+02
180604 6.950761e+02
180619 6.950752e+02
180652 6.950690e+02
180831 6.950615e+02
181113 6.950585e+02
181139 6.950576e+02
181140 6.950499e+02
181268 6.950463e+02
181409 6.950453e+02
181458 6.950441e+02
181546 6.950424e+02
181703 6.950417e+02
181754 6.950371e+02
181835 6.950368e+02
181860 6.950335e+02
181897 6.950323e+02
181943 6.950317e+02
181976 6.950295e+02
182016 6.950293e+02
182028 6.950282e+02
182041 6.950272e+02
182083 6.950248e+02
182154 6.950239e+02
182197 6.950221e+02
182249 6.950167e+02
182610 6.950132e+02
182888 6.950113e+02
183104 6.950103e+02
183145 6.950089e+02
183173 6.950087e+02
183244 6.950041e+02
183336 6.950031e+02
183543 6.950023e+02
183668 6.950013e+02
183670 6.950012e+02
183864 6.950004e+02
183873 6.949994e+02
183971 6.949965e+02
184318 6.949957e+02
184446 6.949948e+02
184568 6.949942e+02
184575 6.949941e+02
184613 6.949940e+02
184708 6.949927e+02
185081 6.949927e+02
185165 6.949920e+02
185272 6.949918e+02
185282 6.949906e+02
185479 6.949903e+02
185583 6.949897e+02
185630 6.949896e+02
185676 6.949894e+02
185719 6.949893e+02
185798 6.949892e+02
185801 6.949888e+02
185820 6.949886e+02
185897 6.949881e+02
185968 6.949880e+02
185983 6.949876e+02
186063 6.949868e+02
186161 6.949867e+02
186182 6.949863e+02
186502 6.949862e+02
186570 6.949860e+02
186666 6.949860e+02
186690 6.949859e+02
186701 6.949857e+02
186742 6.949851e+02
186906 6.949846e+02
187285 6.949841e+02
187425 6.949841e+02
187444 6.949838e+02
187487 6.949836e+02
187496 6.949836e+02
187564 6.949824e+02
187872 6.949823e+02
188001 6.949820e+02
188249 6.949818e+02
188337 6.949817e+02
188340 6.949816e+02
188376 6.949814e+02
188521 6.949812e+02
188530 6.949808e+02
188697 6.949808e+02
188711 6.949807e+02
188740 6.949807e+02
188809 6.949806e+02
188851 6.949804e+02
188933 6.949801e+02
188975 6.949795e+02
189535 6.949794e+02
189536 6.949793e+02
189560 6.949790e+02
189589 6.949790e+02
189833 6.949790e+02
189898 6.949789e+02
189900 6.949788e+02
190007 6.949788e+02
190012 6.949788e+02
190072 6.949788e+02
190080 6.949788e+02
190088 6.949788e+02
190121 6.949787e+02
190135 6.949786e+02
190194 6.949785e+02
190263 6.949784e+02
190314 6.949782e+02
190497 6.949782e+02
190537 6.949782e+02
190552 6.949781e+02
190564 6.949781e+02
190708 6.949780e+02
190718 6.949780e+02
190740 6.949779e+02
190792 6.949778e+02
190796 6.949778e+02
190964 6.949777e+02
191036 6.949776e+02
191158 6.949776e+02
191308 6.949776e+02
191386 6.949776e+02
191408 6.949775e+02
191415 6.949775e+02
191453 6.949775e+02
191501 6.949774e+02
191642 6.949774e+02
191693 6.949774e+02
191709 6.949773e+02
191716 6.949773e+02
191839 6.949773e+02
191864 6.949773e+02
191866 6.949773e+02
191867 6.949772e+02
191879 6.949772e+02
192010 6.949772e+02
192022 6.949772e+02
192029 6.949772e+02
192091 6.949772e+02
192167 6.949772e+02
192170 6.949772e+02
192276 6.949771e+02
192359 6.949771e+02
192441 6.949771e+02
192451 6.949771e+02
192466 6.949771e+02
192507 6.949771e+02
192544 6.949771e+02
192567 6.949771e+02
192617 6.949771e+02
192634 6.949771e+02
192661 6.949771e+02
192698 6.949771e+02
192727 6.949771e+02
192759 6.949771e+02
192807 6.949771e+02
192818 6.949771e+02
192832 6.949771e+02
192858 6.949771e+02
192908 6.949771e+02
193257 6.949771e+02
193262 6.949771e+02
193384 6.949771e+02
193489 6.949770e+02
193504 6.949770e+02
193511 6.949770e+02
193558 6.949770e+02
193641 6.949770e+02
193645 6.949770e+02
193755 6.949770e+02
193792 6.949770e+02
193807 6.949770e+02
193834 6.949770e+02
193852 6.949770e+02
193957 6.949770e+02
193971 6.949770e+02
193977 6.949770e+02
194033 6.949770e+02
194041 6.949770e+02
194056 6.949770e+02
194068 6.949770e+02
194077 6.949770e+02
194097 6.949770e+02
194126 6.949770e+02
194133 6.949770e+02
194155 6.949770e+02
194241 6.949770e+02
194283 6.949770e+02
194288 6.949770e+02
194396 6.949770e+02
194485 6.949770e+02
194625 6.949770e+02
194676 6.949770e+02
194709 6.949770e+02
194826 6.949770e+02
194902 6.949770e+02
194995 6.949770e+02
195233 6.949770e+02
195234 6.949770e+02
195410 6.949770e+02
195513 6.949770e+02
195521 6.949770e+02
195624 6.949770e+02
195652 6.949770e+02
195666 6.949770e+02
195703 6.949770e+02
195742 6.949770e+02
195891 6.949770e+02
196012 6.949770e+02
196062 6.949770e+02
196093 6.949770e+02
196234 6.949770e+02
196293 6.949770e+02
196316 6.949770e+02
196326 6.949770e+02
196559 6.949770e+02
196653 6.949770e+02
196772 6.949770e+02
196775 6.949770e+02
196792 6.949770e+02
196849 6.949770e+02
196921 6.949770e+02
196960 6.949770e+02
197059 6.949770e+02
197103 6.949770e+02
197115 6.949770e+02
197179 6.949770e+02
197239 6.949770e+02
197277 6.949770e+02
197281 6.949770e+02
197298 6.949770e+02
197300 6.949770e+02
197321 6.949770e+02
197351 6.949770e+02
197413 6.949770e+02
197452 6.949770e+02
197492 6.949770e+02
197493 6.949770e+02
197596 6.949770e+02
197639 6.949770e+02
197695 6.949770e+02
197781 6.949770e+02
197798 6.949770e+02
197823 6.949770e+02
197827 6.949770e+02
197829 6.949769e+02
197850 6.949769e+02
197878 6.949769e+02
197901 6.949769e+02
197918 6.949769e+02
197969 6.949769e+02
197973 6.949769e+02
197975 6.949769e+02
198071 6.949769e+02
198170 6.949769e+02
198218 6.949769e+02
198332 6.949769e+02
198337 6.949769e+02
198361 6.949769e+02
198370 6.949769e+02
198372 6.949769e+02
198394 6.949769e+02
198460 6.949769e+02
198618 6.949769e+02
198642 6.949769e+02
198867 6.949769e+02
198876 6.949769e+02
198932 6.949769e+02
198983 6.949769e+02
199009 6.949769e+02
199042 6.949769e+02
199226 6.949769e+02
199274 6.949769e+02
199335 6.949769e+02
199473 6.949769e+02
199656 6.949769e+02
199822 6.949769e+02
199823 6.949769e+02
199845 6.949769e+02
199870 6.949769e+02
199879 6.949769e+02
199883 6.949769e+02
199887 6.949769e+02
199953 6.949769e+02
199976 6.949769e+02
200005 6.949769e+02
200007 6.949769e+02
200053 6.949769e+02
200173 6.949769e+02
200561 6.949769e+02
200578 6.949768e+02
200651 6.949768e+02
200682 6.949768e+02
200711 6.949768e+02
200745 6.949768e+02
200748 6.949768e+02
200802 6.949768e+02
200803 6.949768e+02
200913 6.949768e+02
200926 6.949768e+02
200931 6.949768e+02
200997 6.949768e+02
201048 6.949768e+02
201058 6.949768e+02
201073 6.949768e+02
201151 6.949768e+02
201185 6.949768e+02
201279 6.949768e+02
201287 6.949767e+02
201380 6.949767e+02
201460 6.949767e+02
201542 6.949767e+02
201619 6.949767e+02
201973 6.949767e+02
201983 6.949767e+02
202046 6.949767e+02
202075 6.949767e+02
202135 6.949767e+02
202230 6.949767e+02
202245 6.949767e+02
202306 6.949767e+02
202334 6.949767e+02
202362 6.949767e+02
202363 6.949767e+02
202388 6.949767e+02
202407 6.949767e+02
202408 6.949767e+02
202487 6.949766e+02
202510 6.949766e+02
202514 6.949766e+02
202660 6.949766e+02
202675 6.949766e+02
202732 6.949766e+02
202747 6.949766e+02
202904 6.949766e+02
202968 6.949766e+02
203105 6.949766e+02
203126 6.949766e+02
203180 6.949766e+02
203188 6.949766e+02
203261 6.949766e+02
203284 6.949766e+02
203499 6.949766e+02
203519 6.949766e+02
203575 6.949766e+02
203576 6.949766e+02
203609 6.949766e+02
203680 6.949766e+02
203705 6.949766e+02
203754 6.949766e+02
203783 6.949766e+02
203799 6.949766e+02
203811 6.949766e+02
203842 6.949766e+02
203923 6.949766e+02
203929 6.949766e+02
203959 6.949766e+02
203997 6.949765e+02
204556 6.949765e+02
204587 6.949765e+02
204609 6.949765e+02
204705 6.949765e+02
204769 6.949765e+02
204848 6.949765e+02
204880 6.949765e+02
204914 6.949765e+02
204941 6.949765e+02
204970 6.949765e+02
205006 6.949765e+02
205084 6.949765e+02
205209 6.949765e+02
205235 6.949765e+02
205248 6.949765e+02
205279 6.949765e+02
205326 6.949765e+02
205391 6.949765e+02
205543 6.949765e+02
205571 6.949765e+02
205597 6.949765e+02
205731 6.949765e+02
205762 6.949765e+02
205785 6.949765e+02
205810 6.949765e+02
205825 6.949765e+02
205866 6.949765e+02
205976 6.949765e+02
206048 6.949765e+02
206085 6.949765e+02
206097 6.949765e+02
206124 6.949765e+02
206147 6.949765e+02
206150 6.949765e+02
206403 6.949765e+02
206604 6.949765e+02
206783 6.949765e+02
207011 6.949765e+02
207097 6.949765e+02
207140 6.949765e+02
207173 6.949765e+02
207272 6.949765e+02
207274 6.949765e+02
207327 6.949765e+02
207348 6.949765e+02
207412 6.949765e+02
207414 6.949765e+02
207440 6.949765e+02
207561 6.949765e+02
207577 6.949765e+02
207677 6.949765e+02
207923 6.949765e+02
207990 6.949765e+02
208025 6.949765e+02
208059 6.949765e+02
208178 6.949765e+02
208444 6.949765e+02
208464 6.949765e+02
208538 6.949765e+02
208556 6.949765e+02
208577 6.949765e+02
208616 6.949765e+02
208641 6.949765e+02
208978 6.949765e+02
209135 6.949765e+02
209208 6.949765e+02
209215 6.949765e+02
209252 6.949765e+02
209354 6.949765e+02
209361 6.949765e+02
209391 6.949765e+02
209415 6.949765e+02
209417 6.949765e+02
209491 6.949765e+02
209546 6.949765e+02
209786 6.949765e+02
209799 6.949765e+02
209979 6.949765e+02
209986 6.949765e+02
210059 6.949765e+02
210169 6.949765e+02
210236 6.949765e+02
210298 6.949765e+02
210322 6.949765e+02
210330 6.949765e+02
210524 6.949765e+02
210670 6.949765e+02
210701 6.949765e+02
210725 6.949765e+02
210746 6.949765e+02
210781 6.949765e+02
210786 6.949765e+02
210850 6.949765e+02
211299 6.949765e+02
211328 6.949765e+02
211330 6.949765e+02
211339 6.949765e+02
211356 6.949765e+02
211379 6.949765e+02
211387 6.949765e+02
211389 6.949765e+02
211412 6.949765e+02
211417 6.949765e+02
211435 6.949765e+02
211457 6.949765e+02
211462 6.949765e+02
211466 6.949765e+02
211476 6.949765e+02
211506 6.949765e+02
211507 6.949765e+02
211525 6.949765e+02
211547 6.949765e+02
211709 6.949765e+02
211763 6.949765e+02
211854 6.949765e+02
211956 6.949765e+02
212021 6.949765e+02
212076 6.949765e+02
212126 6.949765e+02
212154 6.949765e+02
212158 6.949765e+02
212255 6.949765e+02
212330 6.949765e+02
212342 6.949765e+02
212363 6.949765e+02
212368 6.949765e+02
212387 6.949765e+02
212417 6.949765e+02
212420 6.949765e+02
212484 6.949765e+02
212588 6.949765e+02
212701 6.949765e+02
212710 6.949765e+02
212768 6.949765e+02
212802 6.949765e+02
212845 6.949765e+02
213236 6.949765e+02
213252 6.949765e+02
213281 6.949765e+02
213309 6.949765e+02
213358 6.949765e+02
213367 6.949765e+02
213393 6.949765e+02
213397 6.949765e+02
213445 6.949765e+02
213508 6.949765e+02
213553 6.949765e+02
213613 6.949765e+02
213644 6.949765e+02
213819 6.949765e+02
213823 6.949765e+02
213842 6.949765e+02
213869 6.949765e+02
213888 6.949765e+02
213896 6.949765e+02
213921 6.949765e+02
214014 6.949765e+02
214061 6.949765e+02
214062 6.949765e+02
214066 6.949765e+02
214134 6.949765e+02
214174 6.949765e+02
214226 6.949765e+02
214232 6.949765e+02
214291 6.949765e+02
214342 6.949765e+02
214476 6.949765e+02
214517 6.949765e+02
214575 6.949765e+02
214580 6.949765e+02
214660 6.949765e+02
214666 6.949765e+02
214711 6.949765e+02
214757 6.949765e+02
214782 6.949765e+02
214794 6.949765e+02
214827 6.949765e+02
214838 6.949765e+02
214844 6.949765e+02
214878 6.949765e+02
214917 6.949765e+02
215029 6.949765e+02
215110 6.949765e+02
215339 6.949765e+02
215360 6.949765e+02
215397 6.949765e+02
215472 6.949765e+02
215483 6.949765e+02
215509 6.949765e+02
215666 6.949765e+02
215682 6.949765e+02
215740 6.949765e+02
215768 6.949765e+02
215823 6.949765e+02
215868 6.949765e+02
215895 6.949765e+02
215900 6.949765e+02
215939 6.949765e+02
216040 6.949765e+02
216068 6.949765e+02
216086 6.949765e+02
216096 6.949765e+02
216133 6.949765e+02
216210 6.949765e+02
216232 6.949765e+02
216233 6.949765e+02
216234 6.949765e+02
216235 6.949765e+02
216298 6.949765e+02
216299 6.949765e+02
216322 6.949765e+02
216408 6.949765e+02
234301 6.904854e+02
234491 6.716287e+02
235658 6.371630e+02
236571 6.361782e+02
236586 6.005716e+02
237457 6.002399e+02
237584 5.977422e+02
237633 5.717865e+02
238522 5.613582e+02
238583 5.437119e+02
238807 5.429091e+02
238892 5.280544e+02
239040 5.233118e+02
239424 5.148209e+02
239525 5.124587e+02
239976 5.112654e+02
239989 4.919814e+02
240001 4.902200e+02
240391 4.885478e+02
240402 4.853769e+02
240739 4.849543e+02
240857 4.735330e+02
241087 4.690575e+02
241313 4.531847e+02
241867 4.520763e+02
241902 4.434213e+02
242037 4.425398e+02
242258 4.392366e+02
242312 4.172742e+02
243829 4.143085e+02
244267 4.119102e+02
244297 4.100003e+02
244313 4.095519e+02
244470 4.088327e+02
244725 4.087665e+02
244763 4.063861e+02
244789 3.999509e+02
245030 3.960753e+02
245444 3.925818e+02
246376 3.922632e+02
246390 3.823350e+02
246824 3.786066e+02
246893 3.778261e+02
246952 3.772418e+02
246982 3.765814e+02
247023 3.762175e+02
247089 3.733144e+02
247225 3.701409e+02
247251 3.686773e+02
247322 3.660546e+02
247358 3.644188e+02
247490 3.614213e+02
247927 3.610398e+02
248097 3.597357e+02
248106 3.585643e+02
248556 3.575148e+02
248618 3.543958e+02
248765 3.522569e+02
248856 3.476023e+02
249145 3.473166e+02
249325 3.446388e+02
249557 3.446245e+02
249855 3.428778e+02
250133 3.416813e+02
250635 3.391831e+02
251921 3.375757e+02
252242 3.373839e+02
252250 3.346459e+02
252256 3.345828e+02
252387 3.330846e+02
252484 3.318189e+02
252797 3.316932e+02
252804 3.313745e+02
252916 3.302202e+02
253051 3.283079e+02
253327 3.278231e+02
253544 3.269087e+02
253623 3.265647e+02
253641 3.246971e+02
253987 3.246808e+02
254116 3.246753e+02
254125 3.243711e+02
254292 3.237415e+02
254524 3.236299e+02
254626 3.232357e+02
254727 3.225639e+02
254768 3.225459e+02
254902 3.219985e+02
254925 3.216505e+02
255100 3.213681e+02
255163 3.209503e+02
255245 3.208532e+02
255342 3.204979e+02
255397 3.190008e+02
255674 3.183487e+02
255846 3.178650e+02
255934 3.171645e+02
256152 3.167553e+02
256254 3.154230e+02
256632 3.152512e+02
256733 3.149998e+02
256861 3.142116e+02
257221 3.135010e+02
257457 3.132120e+02
257576 3.122557e+02
257861 3.120388e+02
257954 3.119818e+02
257985 3.119716e+02
257993 3.117385e+02
258150 3.112356e+02
258869 3.111608e+02
258894 3.104836e+02
259171 3.102556e+02
259404 3.101329e+02
259499 3.093086e+02
259775 3.087468e+02
259783 3.085797e+02
259965 3.079847e+02
260430 3.065041e+02
261790 3.064210e+02
262001 3.063656e+02
262256 3.062118e+02
262314 3.060110e+02
262366 3.057050e+02
262627 3.055311e+02
262942 3.054777e+02
263094 3.053776e+02
263140 3.049910e+02
263545 3.048003e+02
263811 3.047538e+02
263827 3.046535e+02
263943 3.045062e+02
264051 3.040784e+02
264715 3.040631e+02
264898 3.038777e+02
265109 3.036506e+02
265914 3.031200e+02
266709 3.030858e+02
266883 3.029983e+02
266910 3.029841e+02
267131 3.029272e+02
267166 3.028937e+02
267168 3.028727e+02
267320 3.028242e+02
267403 3.027598e+02
267406 3.025558e+02
267450 3.025196e+02
267813 3.024603e+02
267957 3.024365e+02
268173 3.022952e+02
269054 3.022927e+02
269084 3.022836e+02
269118 3.021501e+02
269153 3.021301e+02
269263 3.020758e+02
269384 3.019388e+02
269549 3.018799e+02
269595 3.018383e+02
269754 3.017540e+02
270349 3.017166e+02
270636 3.017083e+02
270838 3.016018e+02
271061 3.014834e+02
271633 3.014669e+02
271753 3.014631e+02
271771 3.014535e+02
271833 3.014507e+02
271864 3.014116e+02
271898 3.013830e+02
271964 3.013821e+02
272071 3.013330e+02
272183 3.013222e+02
272200 3.012480e+02
273593 3.012281e+02
273723 3.011592e+02
273770 3.011241e+02
274300 3.011127e+02
274490 3.010864e+02
274493 3.010408e+02
274676 3.010275e+02
274925 3.009945e+02
274930 3.009510e+02
275099 3.008880e+02
275653 3.008876e+02
275937 3.008812e+02
276103 3.008507e+02
276303 3.008283e+02
276590 3.008244e+02
276811 3.008218e+02
276876 3.008129e+02
276878 3.007886e+02
277267 3.007775e+02
277396 3.007678e+02
277415 3.007668e+02
277421 3.007595e+02
277621 3.007034e+02
277766 3.006919e+02
278666 3.006833e+02
278736 3.006594e+02
279122 3.006445e+02
279212 3.006383e+02
279267 3.006151e+02
279279 3.005742e+02
279742 3.005548e+02
280098 3.005475e+02
280260 3.005273e+02
280264 3.004840e+02
280897 3.004361e+02
281265 3.004316e+02
281660 3.004201e+02
281885 3.004116e+02
281930 3.003888e+02
282001 3.003885e+02
282182 3.003509e+02
282579 3.003474e+02
282710 3.003364e+02
283313 3.003101e+02
283731 3.003085e+02
283843 3.002987e+02
283976 3.002701e+02
284430 3.002441e+02
285120 3.002420e+02
285142 3.002401e+02
285160 3.002395e+02
285189 3.002388e+02
285206 3.002386e+02
285263 3.002366e+02
285328 3.002197e+02
285737 3.002143e+02
285769 3.002063e+02
285789 3.002062e+02
285890 3.002007e+02
286122 3.001929e+02
286213 3.001926e+02
286234 3.001875e+02
286353 3.001871e+02
286449 3.001776e+02
286458 3.001686e+02
286956 3.001625e+02
287206 3.001623e+02
287381 3.001579e+02
287461 3.001521e+02
287722 3.001501e+02
287907 3.001467e+02
288054 3.001451e+02
288057 3.001296e+02
288723 3.001243e+02
288919 3.001159e+02
289639 3.001096e+02
290528 3.001037e+02
290572 3.001000e+02
290724 3.000951e+02
290760 3.000941e+02
291904 3.000925e+02
292009 3.000886e+02
292413 3.000811e+02
292470 3.000807e+02
292599 3.000792e+02
292861 3.000751e+02
292966 3.000747e+02
293207 3.000733e+02
293656 3.000714e+02
293737 3.000702e+02
293831 3.000688e+02
293833 3.000580e+02
293979 3.000480e+02
296022 3.000477e+02
296105 3.000462e+02
296169 3.000454e+02
296206 3.000444e+02
296365 3.000418e+02
296661 3.000386e+02
297467 3.000381e+02
297470 3.000363e+02
297490 3.000361e+02
297750 3.000360e+02
297885 3.000348e+02
298408 3.000345e+02
298467 3.000335e+02
298478 3.000303e+02
298781 3.000300e+02
298863 3.000289e+02
299049 3.000264e+02
299246 3.000258e+02
299413 3.000240e+02
299748 3.000236e+02
300194 3.000234e+02
300213 3.000234e+02
300292 3.000232e+02
300296 3.000230e+02
300605 3.000210e+02
301146 3.000209e+02
301179 3.000195e+02
301386 3.000191e+02
301800 3.000172e+02
302538 3.000162e+02
302751 3.000140e+02
303021 3.000131e+02
303825 3.000117e+02
304547 3.000116e+02
304742 3.000113e+02
304939 3.000104e+02
305289 3.000101e+02
305703 3.000091e+02
305781 3.000089e+02
306054 3.000088e+02
306220 3.000086e+02
306307 3.000085e+02
306569 3.000084e+02
306655 3.000082e+02
307153 3.000081e+02
307160 3.000078e+02
307209 3.000072e+02
307408 3.000070e+02
307545 3.000063e+02
308102 3.000062e+02
308394 3.000060e+02
308463 3.000051e+02
308991 3.000041e+02
310370 3.000037e+02
310905 3.000037e+02
310978 3.000036e+02
311058 3.000036e+02
311224 3.000034e+02
311565 3.000032e+02
311900 3.000031e+02
311997 3.000031e+02
312202 3.000028e+02
312467 3.000026e+02
312596 3.000024e+02
312804 3.000024e+02
312923 3.000022e+02
313142 3.000021e+02
313274 3.000020e+02
313297 3.000020e+02
313408 3.000020e+02
313486 3.000018e+02
313496 3.000018e+02
313647 3.000018e+02
313823 3.000016e+02
314077 3.000016e+02
314092 3.000015e+02
314097 3.000015e+02
314126 3.000013e+02
314323 3.000013e+02
314604 3.000012e+02
314686 3.000011e+02
314934 3.000010e+02
315171 3.000010e+02
315250 3.000009e+02
315397 3.000009e+02
315743 3.000008e+02
315750 3.000008e+02
315774 3.000008e+02
315817 3.000008e+02
315828 3.000007e+02
315873 3.000007e+02
315994 3.000007e+02
316014 3.000006e+02
316150 3.000006e+02
316433 3.000006e+02
316453 3.000006e+02
316561 3.000005e+02
316592 3.000005e+02
316665 3.000004e+02
317126 3.000004e+02
317259 3.000004e+02
317381 3.000004e+02
317512 3.000003e+02
317546 3.000003e+02
318208 3.000003e+02
318212 3.000002e+02
318379 3.000002e+02
318456 3.000002e+02
318482 3.000002e+02
318582 3.000002e+02
318730 3.000002e+02
318856 3.000001e+02
318862 3.000001e+02
318864 3.000001e+02
319163 3.000001e+02
319234 3.000001e+02
319248 3.000001e+02
319457 3.000001e+02
319541 3.000001e+02
319925 3.000001e+02
319989 3.000001e+02
319993 3.000001e+02
320168 3.000001e+02
320300 3.000001e+02
320436 3.000001e+02
320447 3.000000e+02
320692 3.000000e+02
320693 3.000000e+02
321031 3.000000e+02
321610 3.000000e+02
321794 3.000000e+02
321992 3.000000e+02
322108 3.000000e+02
322197 3.000000e+02
322352 3.000000e+02
322372 3.000000e+02
322533 3.000000e+02
322578 3.000000e+02
322621 3.000000e+02
322699 3.000000e+02
322846 3.000000e+02
322860 3.000000e+02
323409 3.000000e+02
323452 3.000000e+02
323630 3.000000e+02
323760 3.000000e+02
323953 3.000000e+02
323960 3.000000e+02
323982 3.000000e+02
324128 3.000000e+02
324439 3.000000e+02
324558 3.000000e+02
324588 3.000000e+02
324756 3.000000e+02
324763 3.000000e+02
324833 3.000000e+02
324841 3.000000e+02
324886 3.000000e+02
325006 3.000000e+02
325110 3.000000e+02
325194 3.000000e+02
325222 3.000000e+02
325307 3.000000e+02
325350 3.000000e+02
325656 3.000000e+02
325893 3.000000e+02
325898 3.000000e+02
326481 3.000000e+02
326602 3.000000e+02
326607 3.000000e+02
326711 3.000000e+02
326971 3.000000e+02
327101 3.000000e+02
327126 3.000000e+02
327172 3.000000e+02
327233 3.000000e+02
327313 3.000000e+02
328001 3.000000e+02
328015 3.000000e+02
328153 3.000000e+02
328532 3.000000e+02
328731 3.000000e+02
328777 3.000000e+02
328830 3.000000e+02
329358 3.000000e+02
329931 3.000000e+02
330025 3.000000e+02
330069 3.000000e+02
330128 3.000000e+02
330144 3.000000e+02
330287 3.000000e+02
330376 3.000000e+02
330442 3.000000e+02
330573 3.000000e+02
330804 3.000000e+02
330943 3.000000e+02
333198 3.000000e+02
333211 3.000000e+02
333248 3.000000e+02
333393 3.000000e+02
333659 3.000000e+02
333681 3.000000e+02
334065 3.000000e+02
334466 3.000000e+02
334617 3.000000e+02
334721 3.000000e+02
334851 3.000000e+02
335051 3.000000e+02
335139 3.000000e+02
335200 3.000000e+02
335301 3.000000e+02
335378 3.000000e+02
335484 3.000000e+02
335858 3.000000e+02
336171 3.000000e+02
336464 3.000000e+02
336572 3.000000e+02
336646 3.000000e+02
336662 3.000000e+02
336907 3.000000e+02
336948 3.000000e+02
336972 3.000000e+02
337060 3.000000e+02
337114 3.000000e+02
337163 3.000000e+02
337501 3.000000e+02
337593 3.000000e+02
337610 3.000000e+02
337757 3.000000e+02
337784 3.000000e+02
337819 3.000000e+02
337858 3.000000e+02
338503 3.000000e+02
338969 3.000000e+02
339356 3.000000e+02
339420 3.000000e+02
339618 3.000000e+02
340398 3.000000e+02
340828 3.000000e+02
340917 3.000000e+02
341047 3.000000e+02
341060 3.000000e+02
341152 3.000000e+02
341175 3.000000e+02
341237 3.000000e+02
341418 3.000000e+02
341423 3.000000e+02
341633 3.000000e+02
342125 3.000000e+02
342250 3.000000e+02
342290 3.000000e+02
342551 3.000000e+02
342628 3.000000e+02
