1 1.495737e+04
2 1.072453e+04
4 4.010777e+03
56 3.545848e+03
151 3.174801e+03
269 3.119453e+03
275 3.010402e+03
351 2.996817e+03
377 2.941160e+03
440 2.920422e+03
534 2.907893e+03
541 2.836025e+03
548 2.821109e+03
591 2.791198e+03
639 2.767850e+03
663 2.738810e+03
674 2.663492e+03
707 2.653697e+03
729 2.642313e+03
776 2.586328e+03
853 2.564158e+03
880 2.511951e+03
908 2.460748e+03
970 2.411210e+03
1060 2.381118e+03
1142 2.326893e+03
1160 2.309096e+03
1340 2.282700e+03
1350 2.116624e+03
1742 2.094538e+03
1836 2.032478e+03
1969 1.932756e+03
2259 1.896626e+03
2298 1.875412e+03
2316 1.838435e+03
2387 1.817485e+03
2524 1.815324e+03
2537 1.743408e+03
3004 1.717470e+03
3086 1.706967e+03
3206 1.702223e+03
3218 1.691642e+03
3232 1.646536e+03
3287 1.604839e+03
3335 1.574272e+03
3404 1.537209e+03
3535 1.465001e+03
3649 1.463655e+03
3763 1.438906e+03
4078 1.340358e+03
4284 1.304575e+03
4496 1.295152e+03
4629 1.291979e+03
4680 1.279005e+03
4709 1.276013e+03
4771 1.274736e+03
4891 1.261929e+03
4911 1.257440e+03
4944 1.240046e+03
4979 1.235124e+03
5020 1.215700e+03
5143 1.199616e+03
5161 1.163090e+03
5248 1.141203e+03
5419 1.129873e+03
5615 1.124319e+03
5702 1.118214e+03
5760 1.084530e+03
5871 1.072585e+03
5987 1.056892e+03
6050 1.056527e+03
6287 1.054027e+03
6344 1.050587e+03
6371 1.048908e+03
6385 1.032013e+03
6470 1.017993e+03
6650 1.015623e+03
6694 1.011454e+03
6712 1.009258e+03
6739 9.978327e+02
6933 9.842371e+02
6965 9.833448e+02
6992 9.748740e+02
7129 9.736106e+02
7209 9.733093e+02
7236 9.669677e+02
7255 9.656758e+02
7282 9.651438e+02
7345 9.567260e+02
7366 9.427863e+02
7446 9.396519e+02
7552 9.359269e+02
7721 9.340009e+02
7955 9.132599e+02
8073 9.126441e+02
8267 9.103442e+02
8320 9.037491e+02
8377 8.968975e+02
8505 8.951562e+02
8525 8.944049e+02
8547 8.930235e+02
8559 8.850349e+02
8745 8.824813e+02
8876 8.712866e+02
8930 8.659241e+02
9011 8.658776e+02
9032 8.614805e+02
9180 8.613008e+02
9266 8.538230e+02
9408 8.495395e+02
9783 8.378299e+02
10095 8.301227e+02
10334 8.249993e+02
10367 8.221213e+02
10568 8.188966e+02
10600 8.182291e+02
10601 8.154295e+02
10659 8.150091e+02
10806 8.143564e+02
10815 8.129824e+02
10965 8.111649e+02
10982 8.088150e+02
11015 8.064663e+02
11035 8.041146e+02
11355 7.972166e+02
11489 7.911231e+02
11668 7.811567e+02
11923 7.784997e+02
11983 7.743255e+02
12281 7.740157e+02
12388 7.696790e+02
12488 7.683301e+02
12522 7.679433e+02
12728 7.659669e+02
12972 7.658355e+02
13050 7.623734e+02
13151 7.596859e+02
13227 7.569634e+02
13432 7.568045e+02
13481 7.563345e+02
13514 7.557227e+02
13524 7.543183e+02
13664 7.533091e+02
13830 7.514742e+02
13903 7.513335e+02
13916 7.503454e+02
13989 7.493407e+02
14040 7.485029e+02
14053 7.483029e+02
14108 7.473633e+02
14120 7.447872e+02
14500 7.412059e+02
15044 7.373543e+02
15182 7.368411e+02
15328 7.346944e+02
15721 7.330833e+02
15751 7.326939e+02
15837 7.306350e+02
16066 7.305995e+02
16069 7.291112e+02
16139 7.276543e+02
16372 7.256129e+02
16593 7.243710e+02
16836 7.241917e+02
16886 7.236951e+02
17158 7.235447e+02
17222 7.228411e+02
17409 7.225870e+02
17585 7.220884e+02
17750 7.216102e+02
17819 7.215554e+02
17854 7.210700e+02
17975 7.210285e+02
18022 7.204545e+02
18026 7.196492e+02
18085 7.186574e+02
18175 7.177959e+02
18462 7.177820e+02
18482 7.172855e+02
18549 7.170987e+02
18618 7.163159e+02
18799 7.160855e+02
18934 7.159762e+02
19007 7.159430e+02
19105 7.155903e+02
19131 7.150265e+02
19366 7.149768e+02
19389 7.145841e+02
19464 7.143318e+02
19489 7.139260e+02
19867 7.137704e+02
19922 7.132144e+02
20164 7.129464e+02
20215 7.124812e+02
20549 7.124667e+02
20566 7.124413e+02
20639 7.122510e+02
20674 7.122359e+02
20704 7.122308e+02
20718 7.122073e+02
20725 7.120584e+02
20762 7.115091e+02
20997 7.115000e+02
21130 7.113359e+02
21175 7.111140e+02
21378 7.110851e+02
21392 7.109305e+02
21408 7.107704e+02
21781 7.106630e+02
21927 7.105351e+02
21964 7.105229e+02
21970 7.105198e+02
22006 7.103046e+02
22068 7.102948e+02
22133 7.102779e+02
22356 7.102095e+02
22381 7.101780e+02
22421 7.101687e+02
22495 7.100854e+02
22496 7.100749e+02
22518 7.100035e+02
22595 7.098897e+02
22740 7.098301e+02
22745 7.097828e+02
22770 7.097807e+02
22804 7.097329e+02
22825 7.094825e+02
22946 7.094788e+02
23138 7.094776e+02
23204 7.093528e+02
23526 7.092556e+02
23562 7.092359e+02
23584 7.091933e+02
23657 7.091111e+02
23748 7.090755e+02
23844 7.090651e+02
23860 7.090210e+02
23905 7.089880e+02
23918 7.089664e+02
23959 7.089471e+02
23961 7.088491e+02
24138 7.087773e+02
24399 7.087605e+02
24452 7.087601e+02
24539 7.086486e+02
24542 7.086399e+02
24704 7.086249e+02
24747 7.085687e+02
24767 7.085645e+02
24780 7.085452e+02
24788 7.085431e+02
24827 7.084560e+02
25062 7.083950e+02
25088 7.083755e+02
25202 7.083740e+02
25267 7.083732e+02
25285 7.083716e+02
25295 7.083290e+02
25357 7.083180e+02
25482 7.082564e+02
25564 7.081948e+02
25860 7.081818e+02
26036 7.081713e+02
26058 7.081371e+02
26067 7.080870e+02
26444 7.080619e+02
26569 7.080369e+02
26571 7.080250e+02
26769 7.079626e+02
27134 7.079274e+02
27143 7.079226e+02
27343 7.079098e+02
27392 7.078923e+02
27555 7.078673e+02
27844 7.078646e+02
27901 7.078627e+02
27962 7.078374e+02
28152 7.078326e+02
28198 7.078319e+02
28220 7.078231e+02
28253 7.078200e+02
28360 7.078033e+02
28469 7.077959e+02
28498 7.077770e+02
28622 7.077674e+02
28703 7.077529e+02
28778 7.077526e+02
28905 7.077475e+02
28918 7.077206e+02
29213 7.077128e+02
29456 7.077059e+02
29508 7.076986e+02
29572 7.076936e+02
29660 7.076865e+02
29712 7.076772e+02
29949 7.076680e+02
30003 7.076649e+02
30106 7.076609e+02
30115 7.076552e+02
30156 7.076542e+02
30160 7.076499e+02
30192 7.076469e+02
30346 7.076410e+02
30588 7.076313e+02
30631 7.076276e+02
30641 7.076235e+02
30923 7.076201e+02
30969 7.076157e+02
30995 7.076156e+02
31028 7.076150e+02
31114 7.076109e+02
31134 7.076048e+02
31257 7.076022e+02
31363 7.075982e+02
31560 7.075972e+02
31618 7.075930e+02
31664 7.075921e+02
31670 7.075919e+02
31746 7.075898e+02
31784 7.075854e+02
31845 7.075822e+02
31975 7.075811e+02
31977 7.075781e+02
32115 7.075777e+02
32117 7.075733e+02
32266 7.075730e+02
32278 7.075692e+02
32415 7.075682e+02
32437 7.075670e+02
32483 7.075664e+02
32491 7.075641e+02
32566 7.075609e+02
32643 7.075608e+02
32675 7.075602e+02
32712 7.075577e+02
32750 7.075573e+02
32794 7.075533e+02
32830 7.075529e+02
32840 7.075515e+02
32927 7.075510e+02
32943 7.075506e+02
32996 7.075497e+02
33093 7.075488e+02
33122 7.075479e+02
33148 7.075451e+02
33267 7.075432e+02
33279 7.075409e+02
33341 7.075397e+02
33674 7.075397e+02
33697 7.075393e+02
33753 7.075386e+02
33825 7.075373e+02
33863 7.075363e+02
33875 7.075355e+02
33878 7.075345e+02
33957 7.075337e+02
34007 7.075335e+02
34038 7.075330e+02
34059 7.075313e+02
34179 7.075287e+02
34226 7.075274e+02
34329 7.075256e+02
34531 7.075233e+02
34726 7.075226e+02
34757 7.075224e+02
34860 7.075221e+02
34913 7.075217e+02
35185 7.075211e+02
35206 7.075205e+02
35383 7.075202e+02
35397 7.075198e+02
35444 7.075193e+02
35602 7.075180e+02
35777 7.075173e+02
35921 7.075165e+02
35999 7.075164e+02
36037 7.075155e+02
36223 7.075154e+02
36245 7.075149e+02
36276 7.075145e+02
36413 7.075144e+02
36443 7.075135e+02
36595 7.075134e+02
36631 7.075131e+02
36640 7.075130e+02
36647 7.075115e+02
36843 7.075115e+02
36913 7.075100e+02
37241 7.075097e+02
37366 7.075097e+02
37395 7.075096e+02
37398 7.075090e+02
37434 7.075087e+02
37451 7.075086e+02
37548 7.075086e+02
37585 7.075085e+02
37587 7.075080e+02
37677 7.075074e+02
37777 7.075069e+02
38081 7.075068e+02
38086 7.075066e+02
38189 7.075065e+02
38224 7.075063e+02
38254 7.075063e+02
38314 7.075060e+02
38333 7.075060e+02
38444 7.075058e+02
38445 7.075055e+02
38500 7.075054e+02
38505 7.075052e+02
38571 7.075052e+02
38628 7.075050e+02
38640 7.075049e+02
38730 7.075044e+02
38764 7.075042e+02
38826 7.075041e+02
39025 7.075041e+02
39052 7.075040e+02
39174 7.075040e+02
39215 7.075036e+02
39253 7.075035e+02
39254 7.075035e+02
39299 7.075033e+02
39334 7.075033e+02
39348 7.075027e+02
39708 7.075027e+02
39722 7.075023e+02
39733 7.075021e+02
40089 7.075021e+02
40178 7.075021e+02
40194 7.075017e+02
40307 7.075014e+02
40684 7.075012e+02
40737 7.075012e+02
40857 7.075011e+02
41018 7.075010e+02
41103 7.075010e+02
41186 7.075010e+02
41286 7.075009e+02
41299 7.075006e+02
41340 7.075005e+02
41754 7.075005e+02
41775 7.075004e+02
41859 7.075004e+02
41890 7.075003e+02
41931 7.075003e+02
42144 7.075002e+02
42248 7.075002e+02
42275 7.075002e+02
42283 7.075002e+02
42296 7.075002e+02
42343 7.075001e+02
42483 7.075001e+02
42587 7.075000e+02
42598 7.075000e+02
42634 7.075000e+02
42703 7.075000e+02
42734 7.074999e+02
42737 7.074999e+02
42775 7.074999e+02
42870 7.074999e+02
42885 7.074999e+02
42902 7.074998e+02
43001 7.074998e+02
43048 7.074998e+02
43121 7.074998e+02
43132 7.074998e+02
43150 7.074998e+02
43241 7.074997e+02
43262 7.074997e+02
43438 7.074997e+02
43458 7.074997e+02
43486 7.074997e+02
43556 7.074997e+02
43609 7.074997e+02
43642 7.074996e+02
43803 7.074996e+02
43850 7.074996e+02
43886 7.074996e+02
43888 7.074996e+02
43896 7.074996e+02
43975 7.074996e+02
44013 7.074996e+02
44018 7.074996e+02
44099 7.074996e+02
44188 7.074996e+02
44319 7.074996e+02
44401 7.074996e+02
44434 7.074996e+02
44459 7.074996e+02
44585 7.074995e+02
44730 7.074995e+02
44920 7.074995e+02
44983 7.074995e+02
44993 7.074995e+02
45101 7.074995e+02
45224 7.074995e+02
45503 7.074995e+02
45594 7.074995e+02
45629 7.074995e+02
45844 7.074995e+02
45875 7.074995e+02
45962 7.074995e+02
45996 7.074995e+02
46010 7.074995e+02
46073 7.074995e+02
46083 7.074995e+02
46289 7.074995e+02
46339 7.074995e+02
46387 7.074995e+02
46419 7.074995e+02
46453 7.074995e+02
46487 7.074995e+02
46488 7.074995e+02
46556 7.074995e+02
46558 7.074995e+02
46584 7.074995e+02
46610 7.074995e+02
46775 7.074995e+02
46811 7.074995e+02
46829 7.074995e+02
46862 7.074995e+02
46883 7.074995e+02
47009 7.074995e+02
47057 7.074995e+02
47176 7.074995e+02
47282 7.074995e+02
47506 7.074995e+02
47571 7.074995e+02
47624 7.074995e+02
47626 7.074995e+02
47770 7.074995e+02
47866 7.074995e+02
47898 7.074995e+02
47922 7.074995e+02
47941 7.074995e+02
47942 7.074995e+02
47973 7.074995e+02
47985 7.074995e+02
48298 7.074995e+02
48377 7.074995e+02
48452 7.074995e+02
48520 7.074995e+02
48637 7.074995e+02
48640 7.074995e+02
48645 7.074995e+02
48657 7.074995e+02
48694 7.074995e+02
48734 7.074995e+02
48739 7.074995e+02
48925 7.074995e+02
48986 7.074995e+02
49050 7.074995e+02
49237 7.074995e+02
49247 7.074995e+02
49254 7.074995e+02
49281 7.074995e+02
49373 7.074995e+02
49382 7.074995e+02
49665 7.074995e+02
49695 7.074995e+02
49851 7.074995e+02
49875 7.074995e+02
50092 7.074995e+02
50221 7.074995e+02
50232 7.074995e+02
50244 7.074995e+02
50310 7.074995e+02
50700 7.074995e+02
50847 7.074995e+02
50852 7.074995e+02
50916 7.074994e+02
51014 7.074994e+02
51126 7.074994e+02
51188 7.074994e+02
51196 7.074994e+02
51680 7.074994e+02
51686 7.074994e+02
51704 7.074994e+02
51717 7.074994e+02
51840 7.074994e+02
51907 7.074994e+02
51931 7.074994e+02
52052 7.074994e+02
52378 7.074994e+02
52388 7.074994e+02
52445 7.074994e+02
52450 7.074994e+02
52453 7.074994e+02
52497 7.074994e+02
52529 7.074994e+02
52548 7.074994e+02
52631 7.074994e+02
52719 7.074994e+02
52747 7.074994e+02
52764 7.074994e+02
52910 7.074994e+02
52930 7.074994e+02
52931 7.074994e+02
53006 7.074994e+02
53023 7.074994e+02
53069 7.074994e+02
53098 7.074994e+02
53109 7.074994e+02
53201 7.074994e+02
53214 7.074994e+02
53217 7.074994e+02
53363 7.074994e+02
53451 7.074994e+02
53483 7.074994e+02
53740 7.074994e+02
53748 7.074994e+02
53775 7.074994e+02
53808 7.074994e+02
53833 7.074994e+02
53850 7.074994e+02
53885 7.074994e+02
53933 7.074994e+02
54021 7.074994e+02
54067 7.074994e+02
54096 7.074994e+02
54131 7.074994e+02
54309 7.074994e+02
54519 7.074994e+02
54628 7.074994e+02
54727 7.074994e+02
54778 7.074994e+02
55004 7.074994e+02
55011 7.074994e+02
55091 7.074994e+02
55151 7.074994e+02
55259 7.074994e+02
55326 7.074994e+02
55332 7.074994e+02
55664 7.074994e+02
55719 7.074994e+02
55944 7.074994e+02
56028 7.074994e+02
56103 7.074994e+02
56154 7.074994e+02
56185 7.074994e+02
56257 7.074994e+02
56272 7.074994e+02
56320 7.074994e+02
56379 7.074994e+02
56400 7.074994e+02
56420 7.074994e+02
56481 7.074994e+02
56508 7.074994e+02
56611 7.074994e+02
56670 7.074994e+02
56807 7.074994e+02
56810 7.074994e+02
56856 7.074994e+02
56915 7.074994e+02
57048 7.074994e+02
57094 7.074994e+02
57226 7.074994e+02
57240 7.074994e+02
57356 7.074994e+02
57372 7.074994e+02
57400 7.074994e+02
57539 7.074994e+02
57572 7.074994e+02
57637 7.074994e+02
57648 7.074994e+02
57927 7.074994e+02
58169 7.074994e+02
58201 7.074994e+02
58351 7.074994e+02
58397 7.074994e+02
58458 7.074994e+02
58483 7.074994e+02
58485 7.074994e+02
58566 7.074994e+02
58842 7.074994e+02
58913 7.074994e+02
58950 7.074994e+02
58972 7.074994e+02
59002 7.074994e+02
59022 7.074994e+02
59061 7.074994e+02
59105 7.074994e+02
59175 7.074994e+02
59184 7.074994e+02
59272 7.074994e+02
59337 7.074994e+02
59561 7.074994e+02
59717 7.074994e+02
59723 7.074994e+02
59736 7.074994e+02
59813 7.074994e+02
59862 7.074994e+02
59919 7.074994e+02
60064 7.074994e+02
60084 7.074994e+02
60103 7.074994e+02
60114 7.074994e+02
60198 7.074994e+02
60439 7.074994e+02
60510 7.074994e+02
60525 7.074994e+02
60528 7.074994e+02
60582 7.074994e+02
60623 7.074994e+02
60628 7.074994e+02
60646 7.074994e+02
60651 7.074994e+02
60732 7.074994e+02
60866 7.074994e+02
60903 7.074994e+02
60968 7.074994e+02
61061 7.074994e+02
61117 7.074994e+02
61147 7.074994e+02
61226 7.074994e+02
61318 7.074994e+02
61348 7.074994e+02
61449 7.074994e+02
61486 7.074994e+02
61595 7.074994e+02
61639 7.074994e+02
61694 7.074994e+02
61719 7.074994e+02
61725 7.074994e+02
61832 7.074994e+02
62096 7.074994e+02
62321 7.074994e+02
62439 7.074994e+02
62461 7.074994e+02
62477 7.074994e+02
62540 7.074994e+02
62635 7.074994e+02
62650 7.074994e+02
62819 7.074994e+02
62861 7.074994e+02
63068 7.074994e+02
63127 7.074994e+02
63167 7.074994e+02
63205 7.074994e+02
63473 7.074994e+02
63496 7.074994e+02
63535 7.074994e+02
63663 7.074994e+02
63763 7.074994e+02
63780 7.074994e+02
63895 7.074994e+02
64058 7.074994e+02
64262 7.074994e+02
64287 7.074994e+02
64423 7.074994e+02
64505 7.074994e+02
64515 7.074994e+02
64582 7.074994e+02
64652 7.074994e+02
64683 7.074994e+02
64766 7.074994e+02
64835 7.074994e+02
64838 7.074994e+02
64862 7.074994e+02
65019 7.074994e+02
65131 7.074994e+02
65149 7.074994e+02
65246 7.074994e+02
65261 7.074994e+02
65274 7.074994e+02
65367 7.074994e+02
65371 7.074994e+02
65508 7.074994e+02
65677 7.074994e+02
65711 7.074994e+02
65827 7.074994e+02
65851 7.074994e+02
65904 7.074994e+02
65944 7.074994e+02
65954 7.074994e+02
66044 7.074994e+02
66104 7.074994e+02
66157 7.074994e+02
66160 7.074994e+02
66235 7.074994e+02
66416 7.074994e+02
66476 7.074994e+02
66496 7.074994e+02
66618 7.074994e+02
66642 7.074994e+02
66659 7.074994e+02
66665 7.074994e+02
66683 7.074994e+02
66737 7.074994e+02
66828 7.074994e+02
66926 7.074994e+02
66978 7.074994e+02
67060 7.074994e+02
67135 7.074994e+02
67169 7.074994e+02
67178 7.074994e+02
67239 7.074994e+02
67380 7.074994e+02
67502 7.074994e+02
67546 7.074994e+02
67547 7.074994e+02
67559 7.074994e+02
67563 7.074994e+02
67892 7.074994e+02
67924 7.074994e+02
67948 7.074994e+02
68020 7.074994e+02
68032 7.074994e+02
68082 7.074994e+02
68120 7.074994e+02
68150 7.074994e+02
68160 7.074994e+02
68192 7.074994e+02
68229 7.074994e+02
68289 7.074994e+02
68374 7.074994e+02
68380 7.074994e+02
68460 7.074994e+02
68484 7.074994e+02
68501 7.074994e+02
68563 7.074994e+02
68605 7.074993e+02
68676 7.074993e+02
68693 7.074993e+02
68699 7.074993e+02
68776 7.074993e+02
68820 7.074993e+02
68851 7.074993e+02
69272 7.074993e+02
69286 7.074993e+02
69325 7.074993e+02
69344 7.074993e+02
69367 7.074993e+02
69370 7.074993e+02
69415 7.074993e+02
69447 7.074993e+02
69457 7.074993e+02
69475 7.074993e+02
69488 7.074992e+02
69497 7.074992e+02
69597 7.074992e+02
69598 7.074992e+02
69605 7.074992e+02
69687 7.074992e+02
69697 7.074992e+02
69706 7.074992e+02
70154 7.074992e+02
70273 7.074992e+02
70333 7.074992e+02
70335 7.074992e+02
70353 7.074992e+02
70356 7.074992e+02
70385 7.074992e+02
70386 7.074992e+02
70393 7.074992e+02
70402 7.074992e+02
70410 7.074992e+02
70422 7.074991e+02
70444 7.074991e+02
70454 7.074991e+02
70617 7.074991e+02
70734 7.074991e+02
70738 7.074991e+02
70767 7.074991e+02
70854 7.074991e+02
70874 7.074991e+02
70947 7.074991e+02
70973 7.074991e+02
71023 7.074991e+02
71108 7.074991e+02
71113 7.074991e+02
71135 7.074991e+02
71166 7.074991e+02
71355 7.074991e+02
71547 7.074991e+02
71604 7.074991e+02
71637 7.074991e+02
71645 7.074991e+02
71764 7.074991e+02
71835 7.074991e+02
71928 7.074991e+02
71934 7.074991e+02
72092 7.074991e+02
72138 7.074991e+02
72263 7.074991e+02
72408 7.074991e+02
72540 7.074991e+02
72563 7.074991e+02
72618 7.074991e+02
72725 7.074991e+02
72732 7.074991e+02
72876 7.074991e+02
72952 7.074991e+02
73081 7.074991e+02
73180 7.074991e+02
73200 7.074991e+02
73242 7.074991e+02
73330 7.074991e+02
73419 7.074991e+02
73420 7.074991e+02
73448 7.074991e+02
73470 7.074991e+02
73502 7.074991e+02
73524 7.074991e+02
73575 7.074991e+02
73578 7.074991e+02
73582 7.074991e+02
73620 7.074991e+02
73688 7.074991e+02
73728 7.074991e+02
73740 7.074991e+02
73768 7.074991e+02
73770 7.074991e+02
73824 7.074991e+02
73901 7.074991e+02
73951 7.074991e+02
74057 7.074991e+02
74105 7.074991e+02
74120 7.074991e+02
74191 7.074991e+02
74257 7.074991e+02
74305 7.074991e+02
74339 7.074991e+02
74360 7.074991e+02
74450 7.074991e+02
74470 7.074991e+02
74493 7.074991e+02
74507 7.074991e+02
74512 7.074991e+02
74534 7.074991e+02
74608 7.074991e+02
74626 7.074991e+02
74746 7.074991e+02
74762 7.074991e+02
74799 7.074991e+02
74858 7.074991e+02
74860 7.074991e+02
74897 7.074991e+02
74908 7.074991e+02
74910 7.074991e+02
74973 7.074991e+02
74975 7.074991e+02
247265 7.040976e+02
247553 6.958328e+02
247692 6.827006e+02
248119 6.635928e+02
248234 6.628739e+02
248454 6.501712e+02
248765 6.477619e+02
248926 6.454642e+02
249155 6.370112e+02
249852 6.313103e+02
249880 6.288107e+02
250059 6.274208e+02
250071 6.041882e+02
250911 6.008796e+02
251148 5.888732e+02
251744 5.849997e+02
251792 5.822990e+02
251853 5.792746e+02
251927 5.677827e+02
252714 5.666929e+02
253089 5.521059e+02
254322 5.419004e+02
254666 5.414926e+02
254830 5.325090e+02
255341 5.325011e+02
255709 5.313921e+02
255735 5.284791e+02
255857 5.266614e+02
256051 5.255655e+02
256126 5.200390e+02
256237 5.199965e+02
256309 5.130041e+02
256376 5.127620e+02
256484 5.091927e+02
256616 5.089821e+02
256707 5.068754e+02
256955 5.046354e+02
257401 5.045011e+02
257508 5.035725e+02
257570 5.024013e+02
257585 5.017699e+02
257665 4.977004e+02
257979 4.958167e+02
258090 4.955524e+02
258291 4.908348e+02
259082 4.889566e+02
259186 4.878943e+02
259434 4.823445e+02
259581 4.819222e+02
259824 4.786867e+02
259886 4.772836e+02
260094 4.770592e+02
260763 4.737045e+02
260786 4.727616e+02
260926 4.692098e+02
261129 4.660401e+02
261130 4.621586e+02
262762 4.616244e+02
262828 4.598856e+02
263101 4.597550e+02
263118 4.591580e+02
263514 4.573575e+02
263694 4.572218e+02
263763 4.567319e+02
263787 4.538490e+02
264002 4.533021e+02
264172 4.529109e+02
264252 4.520538e+02
265044 4.509368e+02
265116 4.502741e+02
265665 4.491003e+02
265767 4.486256e+02
265870 4.482763e+02
265903 4.476999e+02
265995 4.474659e+02
266124 4.460737e+02
266253 4.454382e+02
266784 4.451793e+02
266799 4.451029e+02
266825 4.446228e+02
266879 4.442206e+02
267122 4.439347e+02
267123 4.436309e+02
267461 4.431612e+02
267709 4.421666e+02
267799 4.419701e+02
267836 4.419557e+02
268034 4.412859e+02
268355 4.405114e+02
268443 4.401328e+02
268452 4.400115e+02
268879 4.398755e+02
269026 4.396946e+02
269056 4.391520e+02
269105 4.386817e+02
269165 4.386389e+02
269225 4.380485e+02
269342 4.375578e+02
269444 4.372655e+02
270413 4.369545e+02
270422 4.366323e+02
270529 4.357483e+02
270962 4.355248e+02
271659 4.354591e+02
271812 4.352844e+02
271845 4.346783e+02
272166 4.335403e+02
272471 4.331347e+02
273591 4.330887e+02
273638 4.326527e+02
273668 4.320516e+02
273833 4.319202e+02
274080 4.316742e+02
274407 4.316183e+02
274507 4.315071e+02
274527 4.313103e+02
274886 4.309106e+02
274944 4.306866e+02
275090 4.305665e+02
275186 4.299411e+02
275345 4.298014e+02
275679 4.297651e+02
275732 4.296946e+02
275894 4.295527e+02
276145 4.295473e+02
276177 4.294659e+02
276265 4.278429e+02
277985 4.277990e+02
278183 4.277028e+02
278241 4.272534e+02
278289 4.270163e+02
278445 4.267861e+02
278697 4.267685e+02
278880 4.262398e+02
279468 4.261019e+02
279477 4.257276e+02
280286 4.257231e+02
280363 4.256411e+02
280429 4.254399e+02
280782 4.254308e+02
280927 4.253990e+02
280951 4.253814e+02
281019 4.251843e+02
281209 4.242501e+02
281748 4.240669e+02
282529 4.239780e+02
283334 4.238003e+02
283392 4.237852e+02
283686 4.237282e+02
283694 4.234283e+02
283952 4.232638e+02
284018 4.231753e+02
284505 4.231224e+02
284791 4.230559e+02
284885 4.230052e+02
284895 4.228683e+02
285050 4.228069e+02
285394 4.226997e+02
286769 4.226019e+02
286797 4.224067e+02
286995 4.223798e+02
287174 4.223287e+02
287418 4.223217e+02
287480 4.223150e+02
287556 4.222915e+02
287751 4.222754e+02
287759 4.222317e+02
287794 4.221952e+02
287875 4.221753e+02
288000 4.219901e+02
289081 4.218772e+02
289920 4.218312e+02
290283 4.216461e+02
290626 4.216183e+02
291142 4.216118e+02
291174 4.214974e+02
291264 4.214514e+02
291612 4.213888e+02
291758 4.213585e+02
291918 4.213041e+02
292161 4.211708e+02
292555 4.211627e+02
292789 4.210768e+02
293600 4.210682e+02
293834 4.210624e+02
293837 4.210422e+02
293948 4.209123e+02
294504 4.208277e+02
295134 4.208266e+02
295145 4.208256e+02
295262 4.207879e+02
295453 4.207804e+02
295657 4.207708e+02
296170 4.207622e+02
296196 4.207587e+02
296227 4.207534e+02
296228 4.207052e+02
296414 4.207008e+02
296455 4.206857e+02
296616 4.206809e+02
296791 4.206192e+02
297177 4.206092e+02
297634 4.206006e+02
297833 4.205994e+02
297861 4.205973e+02
297951 4.205744e+02
298066 4.205333e+02
298195 4.205298e+02
298211 4.205006e+02
298740 4.204932e+02
299031 4.204669e+02
299041 4.204601e+02
299258 4.204317e+02
299731 4.204171e+02
299995 4.204167e+02
300058 4.204078e+02
300443 4.204067e+02
300732 4.204020e+02
300825 4.203966e+02
301008 4.203920e+02
301220 4.203904e+02
301420 4.203887e+02
301482 4.203791e+02
301831 4.203681e+02
301867 4.203677e+02
301966 4.203377e+02
302351 4.203334e+02
302707 4.203227e+02
302721 4.202964e+02
303404 4.202876e+02
303722 4.202797e+02
303812 4.202685e+02
304433 4.202648e+02
304588 4.202602e+02
304590 4.202485e+02
304719 4.202484e+02
304732 4.202405e+02
304739 4.202394e+02
304929 4.202388e+02
304931 4.202250e+02
305231 4.202191e+02
305487 4.202181e+02
305539 4.202106e+02
305793 4.201901e+02
306087 4.201899e+02
306115 4.201678e+02
307129 4.201553e+02
308083 4.201535e+02
308181 4.201500e+02
308208 4.201467e+02
308302 4.201465e+02
308325 4.201453e+02
308333 4.201395e+02
308543 4.201363e+02
308628 4.201285e+02
308701 4.201258e+02
308902 4.201225e+02
309243 4.201167e+02
309257 4.201015e+02
309791 4.200982e+02
309907 4.200949e+02
310527 4.200875e+02
311080 4.200862e+02
311208 4.200849e+02
311223 4.200780e+02
311224 4.200777e+02
311321 4.200726e+02
311446 4.200710e+02
311916 4.200697e+02
311982 4.200683e+02
312007 4.200650e+02
312147 4.200643e+02
312165 4.200499e+02
312888 4.200456e+02
313153 4.200405e+02
313350 4.200399e+02
313709 4.200398e+02
313789 4.200346e+02
313980 4.200321e+02
314185 4.200304e+02
314592 4.200274e+02
314610 4.200269e+02
314616 4.200208e+02
315185 4.200190e+02
315340 4.200158e+02
315662 4.200142e+02
315747 4.200131e+02
315856 4.200105e+02
316016 4.200096e+02
316224 4.200069e+02
316332 4.200064e+02
316504 4.200061e+02
316558 4.200056e+02
316624 4.200051e+02
316646 4.200012e+02
316759 4.199997e+02
317733 4.199987e+02
317830 4.199977e+02
317837 4.199965e+02
317888 4.199963e+02
318161 4.199954e+02
318309 4.199930e+02
318548 4.199909e+02
318852 4.199909e+02
318971 4.199880e+02
319159 4.199876e+02
319286 4.199871e+02
319393 4.199862e+02
319645 4.199850e+02
319857 4.199849e+02
319881 4.199849e+02
319900 4.199843e+02
319945 4.199842e+02
320030 4.199828e+02
321241 4.199802e+02
321864 4.199792e+02
322183 4.199785e+02
322345 4.199780e+02
322625 4.199776e+02
322731 4.199752e+02
323578 4.199752e+02
323689 4.199751e+02
323935 4.199749e+02
323976 4.199746e+02
324127 4.199743e+02
324288 4.199741e+02
324289 4.199740e+02
324301 4.199732e+02
324527 4.199729e+02
324630 4.199725e+02
325255 4.199724e+02
325265 4.199720e+02
325713 4.199717e+02
325736 4.199714e+02
325776 4.199707e+02
326079 4.199704e+02
326098 4.199702e+02
326115 4.199702e+02
326164 4.199700e+02
326385 4.199695e+02
326456 4.199686e+02
326989 4.199684e+02
327190 4.199679e+02
327316 4.199677e+02
327395 4.199674e+02
327798 4.199670e+02
327855 4.199667e+02
328128 4.199664e+02
328614 4.199660e+02
329407 4.199659e+02
329519 4.199656e+02
329932 4.199651e+02
330097 4.199650e+02
330144 4.199648e+02
330650 4.199647e+02
330983 4.199647e+02
331037 4.199645e+02
331066 4.199645e+02
331088 4.199644e+02
331194 4.199644e+02
331263 4.199643e+02
331266 4.199643e+02
331546 4.199641e+02
331689 4.199639e+02
331718 4.199638e+02
331983 4.199636e+02
332112 4.199633e+02
332364 4.199632e+02
332642 4.199632e+02
332892 4.199630e+02
334101 4.199629e+02
334464 4.199627e+02
334915 4.199626e+02
334974 4.199626e+02
335002 4.199625e+02
335204 4.199624e+02
335273 4.199622e+02
335376 4.199621e+02
335811 4.199620e+02
335891 4.199620e+02
336201 4.199620e+02
336923 4.199619e+02
336968 4.199619e+02
336972 4.199618e+02
337135 4.199617e+02
337183 4.199617e+02
337634 4.199617e+02
338289 4.199616e+02
338322 4.199616e+02
338447 4.199616e+02
338450 4.199615e+02
338657 4.199614e+02
339222 4.199612e+02
339474 4.199611e+02
339686 4.199609e+02
340121 4.199609e+02
340553 4.199609e+02
340625 4.199608e+02
340633 4.199608e+02
340807 4.199608e+02
340872 4.199607e+02
340879 4.199607e+02
340882 4.199607e+02
341168 4.199607e+02
341291 4.199606e+02
341645 4.199606e+02
341774 4.199606e+02
341893 4.199606e+02
342058 4.199606e+02
342118 4.199605e+02
342192 4.199605e+02
342249 4.199605e+02
342436 4.199605e+02
342497 4.199605e+02
342510 4.199605e+02
342556 4.199605e+02
342815 4.199605e+02
342924 4.199605e+02
342975 4.199605e+02
343149 4.199605e+02
343154 4.199605e+02
343163 4.199605e+02
343299 4.199604e+02
343889 4.199604e+02
343966 4.199604e+02
344003 4.199604e+02
344236 4.199604e+02
344254 4.199604e+02
344763 4.199604e+02
344892 4.199604e+02
344934 4.199604e+02
345153 4.199604e+02
345418 4.199604e+02
345505 4.199604e+02
345633 4.199604e+02
345810 4.199604e+02
345832 4.199604e+02
345891 4.199604e+02
345907 4.199604e+02
346117 4.199604e+02
346319 4.199604e+02
346512 4.199604e+02
346607 4.199604e+02
346646 4.199604e+02
346703 4.199604e+02
346740 4.199604e+02
346976 4.199604e+02
347006 4.199604e+02
347603 4.199604e+02
347689 4.199604e+02
348463 4.199604e+02
351005 4.199604e+02
352668 4.199604e+02
352886 4.199604e+02
352984 4.199604e+02
353315 4.199604e+02
353556 4.199604e+02
353813 4.199604e+02
353897 4.199604e+02
353996 4.199604e+02
354476 4.199604e+02
354750 4.199604e+02
354775 4.199604e+02
354941 4.199604e+02
355126 4.199603e+02
355363 4.199603e+02
355400 4.199603e+02
355581 4.199603e+02
355643 4.199603e+02
356210 4.199603e+02
356760 4.199603e+02
356765 4.199603e+02
357127 4.199603e+02
357164 4.199603e+02
357378 4.199603e+02
357393 4.199603e+02
357432 4.199603e+02
357620 4.199603e+02
357670 4.199603e+02
357892 4.199603e+02
358232 4.199603e+02
358327 4.199603e+02
358529 4.199603e+02
358809 4.199603e+02
358839 4.199603e+02
359112 4.199603e+02
359179 4.199603e+02
359251 4.199603e+02
359253 4.199603e+02
359260 4.199603e+02
359273 4.199603e+02
359387 4.199603e+02
359582 4.199603e+02
359646 4.199603e+02
359836 4.199603e+02
359907 4.199603e+02
359915 4.199603e+02
359953 4.199603e+02
360075 4.199603e+02
360569 4.199603e+02
360795 4.199603e+02
360983 4.199603e+02
360989 4.199603e+02
360995 4.199603e+02
361108 4.199603e+02
361114 4.199603e+02
361182 4.199603e+02
361322 4.199603e+02
361399 4.199603e+02
361776 4.199603e+02
361851 4.199603e+02
361871 4.199603e+02
361904 4.199603e+02
362191 4.199603e+02
362326 4.199603e+02
362409 4.199603e+02
362474 4.199603e+02
362514 4.199603e+02
362592 4.199603e+02
362805 4.199603e+02
362940 4.199603e+02
363256 4.199603e+02
363387 4.199603e+02
363414 4.199603e+02
363444 4.199603e+02
363460 4.199603e+02
363520 4.199603e+02
363615 4.199603e+02
363631 4.199603e+02
363795 4.199603e+02
364029 4.199603e+02
364128 4.199603e+02
364220 4.199603e+02
364617 4.199603e+02
364849 4.199603e+02
364850 4.199603e+02
365329 4.199603e+02
365404 4.199603e+02
365772 4.199603e+02
365783 4.199603e+02
365796 4.199603e+02
365830 4.199603e+02
366271 4.199603e+02
366418 4.199603e+02
367098 4.199603e+02
367156 4.199603e+02
367216 4.199603e+02
367254 4.199603e+02
367293 4.199603e+02
367300 4.199603e+02
367438 4.199603e+02
367482 4.199603e+02
367626 4.199603e+02
367657 4.199603e+02
367959 4.199603e+02
367969 4.199603e+02
368159 4.199603e+02
368165 4.199603e+02
368171 4.199603e+02
368194 4.199603e+02
368207 4.199603e+02
368212 4.199603e+02
368350 4.199603e+02
368418 4.199603e+02
368570 4.199603e+02
368641 4.199603e+02
368764 4.199603e+02
368976 4.199603e+02
369105 4.199603e+02
369315 4.199603e+02
369349 4.199603e+02
369629 4.199603e+02
369630 4.199603e+02
369835 4.199603e+02
369878 4.199603e+02
369955 4.199603e+02
369981 4.199603e+02
369989 4.199603e+02
370084 4.199603e+02
370091 4.199603e+02
370181 4.199603e+02
370230 4.199603e+02
370293 4.199603e+02
370501 4.199603e+02
370525 4.199603e+02
370604 4.199603e+02
370631 4.199603e+02
370817 4.199603e+02
370844 4.199603e+02
370942 4.199603e+02
370958 4.199603e+02
371024 4.199603e+02
371250 4.199603e+02
371314 4.199603e+02
371390 4.199603e+02
371415 4.199603e+02
371437 4.199603e+02
371530 4.199603e+02
371591 4.199603e+02
371796 4.199603e+02
372044 4.199603e+02
372230 4.199603e+02
372341 4.199603e+02
372460 4.199603e+02
372462 4.199603e+02
372783 4.199603e+02
372814 4.199603e+02
372882 4.199603e+02
372925 4.199603e+02
373051 4.199603e+02
373184 4.199603e+02
373453 4.199603e+02
373623 4.199603e+02
374021 4.199603e+02
374127 4.199603e+02
374137 4.199603e+02
374195 4.199603e+02
374243 4.199603e+02
374499 4.199603e+02
374564 4.199603e+02
374642 4.199603e+02
374665 4.199603e+02
374790 4.199603e+02
374818 4.199603e+02
375060 4.199603e+02
413838 4.192316e+02
413881 4.172954e+02
414240 4.161824e+02
414325 4.140537e+02
414337 4.112750e+02
414444 4.099974e+02
414465 3.991238e+02
414853 3.952720e+02
415114 3.912533e+02
415888 3.899864e+02
416048 3.881955e+02
416225 3.878755e+02
416569 3.839295e+02
416927 3.815361e+02
417279 3.799741e+02
417699 3.770994e+02
417824 3.743056e+02
417917 3.720934e+02
418112 3.669116e+02
419114 3.655768e+02
419336 3.594682e+02
419947 3.588648e+02
420206 3.583062e+02
420738 3.554186e+02
420752 3.540992e+02
421421 3.521709e+02
421592 3.505383e+02
421730 3.489688e+02
422188 3.460043e+02
422868 3.453194e+02
423235 3.416725e+02
423669 3.383013e+02
424527 3.381486e+02
424548 3.373284e+02
424627 3.372030e+02
425070 3.359784e+02
425466 3.321659e+02
426279 3.321627e+02
426491 3.319963e+02
426698 3.307952e+02
427207 3.303528e+02
427317 3.290295e+02
427689 3.249526e+02
428551 3.241963e+02
428787 3.241647e+02
429321 3.233561e+02
429379 3.221766e+02
429790 3.221505e+02
429929 3.215015e+02
430731 3.214370e+02
431516 3.203411e+02
431751 3.202748e+02
431994 3.199934e+02
432368 3.196934e+02
432490 3.196765e+02
432528 3.192725e+02
432590 3.191420e+02
432641 3.189481e+02
432887 3.174914e+02
433300 3.173432e+02
433497 3.166373e+02
433548 3.162914e+02
434045 3.161044e+02
434294 3.159210e+02
434429 3.153441e+02
434911 3.143213e+02
435196 3.136008e+02
436164 3.134974e+02
436279 3.123671e+02
436880 3.123659e+02
437104 3.122356e+02
437167 3.121485e+02
437276 3.119235e+02
437351 3.105219e+02
438202 3.102002e+02
438453 3.092970e+02
439301 3.087058e+02
440290 3.086741e+02
441196 3.084370e+02
441657 3.080086e+02
441749 3.076928e+02
442133 3.075973e+02
442250 3.075408e+02
442463 3.072014e+02
442578 3.069900e+02
442659 3.066861e+02
443132 3.066145e+02
443363 3.065254e+02
443846 3.064102e+02
444137 3.060762e+02
445284 3.059585e+02
445285 3.058682e+02
445434 3.057013e+02
445629 3.056255e+02
445706 3.052132e+02
446112 3.047631e+02
447420 3.046797e+02
447497 3.046219e+02
447548 3.045917e+02
447666 3.044247e+02
447971 3.041122e+02
448112 3.039792e+02
448542 3.038059e+02
448963 3.036179e+02
449546 3.035325e+02
449910 3.034701e+02
449921 3.033557e+02
450086 3.033516e+02
450197 3.031698e+02
450711 3.029437e+02
451467 3.029102e+02
451848 3.028057e+02
452022 3.026918e+02
452482 3.025956e+02
452595 3.025706e+02
452748 3.025202e+02
454315 3.024660e+02
454538 3.023947e+02
454650 3.022760e+02
454929 3.019396e+02
456098 3.018904e+02
456944 3.018052e+02
457235 3.017521e+02
457318 3.017111e+02
457868 3.016814e+02
457873 3.016395e+02
457892 3.016043e+02
458018 3.015543e+02
458229 3.015382e+02
459354 3.015291e+02
459471 3.015191e+02
459869 3.014438e+02
459979 3.012643e+02
460535 3.012326e+02
460550 3.011917e+02
461099 3.011351e+02
461529 3.011313e+02
461547 3.010911e+02
461604 3.010774e+02
461936 3.010201e+02
462072 3.009621e+02
463366 3.009310e+02
463535 3.009251e+02
463626 3.009212e+02
463892 3.009049e+02
464135 3.008413e+02
464366 3.008229e+02
464473 3.008208e+02
464488 3.007827e+02
464705 3.007712e+02
464907 3.007376e+02
465080 3.006695e+02
465678 3.006581e+02
466034 3.006464e+02
466266 3.005883e+02
466721 3.005869e+02
466861 3.005343e+02
466950 3.005176e+02
467740 3.005127e+02
468100 3.004943e+02
468185 3.004789e+02
468359 3.004765e+02
468510 3.004751e+02
468720 3.004723e+02
468918 3.004644e+02
468960 3.004599e+02
469059 3.004491e+02
469223 3.004394e+02
469548 3.004149e+02
469677 3.003941e+02
470017 3.003917e+02
470541 3.003843e+02
470666 3.003674e+02
470954 3.003598e+02
471265 3.003412e+02
471394 3.003199e+02
472185 3.003097e+02
472374 3.003025e+02
472999 3.003007e+02
473886 3.002852e+02
474280 3.002813e+02
474331 3.002740e+02
474473 3.002707e+02
474682 3.002497e+02
474900 3.002459e+02
475193 3.002416e+02
475243 3.002322e+02
475709 3.002222e+02
475789 3.002187e+02
476045 3.002049e+02
476443 3.002018e+02
477182 3.001995e+02
477264 3.001911e+02
477612 3.001891e+02
477811 3.001830e+02
477880 3.001825e+02
477970 3.001800e+02
478111 3.001744e+02
478313 3.001704e+02
478722 3.001647e+02
478898 3.001588e+02
479179 3.001572e+02
479409 3.001553e+02
479777 3.001520e+02
479887 3.001478e+02
480034 3.001401e+02
480258 3.001396e+02
480477 3.001371e+02
480572 3.001366e+02
480597 3.001300e+02
481187 3.001172e+02
482353 3.001160e+02
482684 3.001154e+02
483165 3.001133e+02
483573 3.001116e+02
483920 3.001031e+02
484005 3.000966e+02
484398 3.000944e+02
484561 3.000859e+02
485265 3.000852e+02
485761 3.000831e+02
486693 3.000817e+02
487125 3.000706e+02
489119 3.000701e+02
489265 3.000680e+02
489280 3.000679e+02
489302 3.000676e+02
489461 3.000671e+02
489681 3.000668e+02
489708 3.000648e+02
489922 3.000645e+02
489923 3.000627e+02
489990 3.000622e+02
490392 3.000617e+02
490575 3.000598e+02
490626 3.000580e+02
491270 3.000571e+02
491287 3.000563e+02
491486 3.000553e+02
491517 3.000509e+02
492147 3.000506e+02
492338 3.000494e+02
492498 3.000467e+02
492849 3.000464e+02
493168 3.000427e+02
493474 3.000419e+02
494091 3.000417e+02
494094 3.000405e+02
494344 3.000389e+02
495260 3.000384e+02
495399 3.000378e+02
495524 3.000373e+02
495557 3.000360e+02
495676 3.000359e+02
495915 3.000357e+02
496061 3.000350e+02
496105 3.000337e+02
496151 3.000328e+02
496339 3.000305e+02
496542 3.000293e+02
498313 3.000277e+02
498752 3.000277e+02
499436 3.000251e+02
499765 3.000248e+02
