1 2.694704e+05
2 1.469522e+05
368 1.358145e+05
551 1.077828e+05
635 1.036540e+05
728 8.779752e+04
734 8.316629e+04
763 8.062462e+04
793 7.187716e+04
805 6.644181e+04
880 6.208594e+04
903 5.732689e+04
924 4.875791e+04
988 4.854835e+04
999 4.688325e+04
1063 4.424680e+04
1084 3.561050e+04
1129 3.553363e+04
1205 3.462797e+04
1209 2.649318e+04
1496 2.465806e+04
1539 2.097745e+04
1627 1.984626e+04
1782 1.892948e+04
1789 1.868481e+04
1803 1.705177e+04
1805 1.691024e+04
1890 1.428238e+04
1904 1.415648e+04
1944 1.237182e+04
1972 1.175606e+04
2084 1.131768e+04
2090 1.069412e+04
2112 1.020221e+04
2148 8.593045e+03
2164 8.550532e+03
2170 8.442199e+03
2240 7.563955e+03
2272 7.336017e+03
2287 7.320296e+03
2317 5.998440e+03
2359 5.689798e+03
2416 5.647167e+03
2426 5.585246e+03
2439 5.012042e+03
2448 4.867493e+03
2496 4.559227e+03
2514 4.526719e+03
2522 3.828329e+03
2564 2.779058e+03
2602 2.685163e+03
2723 2.683729e+03
2745 2.654569e+03
2765 2.627907e+03
2768 2.167142e+03
2786 2.136232e+03
2835 1.957077e+03
2876 1.706088e+03
2902 1.530693e+03
2946 1.494003e+03
3016 1.352879e+03
3045 1.200206e+03
3098 9.857930e+02
3189 9.509436e+02
3253 9.323559e+02
3292 7.316112e+02
3340 7.128376e+02
3371 6.349164e+02
3395 5.681795e+02
3447 5.504714e+02
3493 5.075589e+02
3511 4.073391e+02
3562 3.998404e+02
3585 3.809694e+02
3599 3.300992e+02
3618 3.113080e+02
3638 2.982181e+02
3652 2.886755e+02
3698 2.661310e+02
3759 2.312797e+02
3807 2.260189e+02
3813 2.044597e+02
3845 2.042648e+02
3911 1.499841e+02
3951 1.469925e+02
3989 1.371736e+02
4077 1.307383e+02
4092 1.181653e+02
4117 1.158623e+02
4138 1.144606e+02
4151 1.003656e+02
4160 9.994984e+01
4182 7.238791e+01
4186 6.509817e+01
4303 6.232135e+01
4318 5.860632e+01
4376 4.963579e+01
4521 4.653805e+01
4523 4.599050e+01
4587 3.830441e+01
4606 3.582609e+01
4677 3.048131e+01
4735 2.510454e+01
4778 2.462003e+01
4814 2.389125e+01
4833 2.109120e+01
4876 1.663215e+01
4944 1.153877e+01
5085 1.118290e+01
5136 1.084946e+01
5147 1.070644e+01
5159 1.044717e+01
5192 1.020048e+01
5222 8.497015e+00
5233 7.598949e+00
5238 6.176096e+00
5341 5.961393e+00
5386 5.622931e+00
5388 5.576420e+00
5391 5.474598e+00
5405 5.409976e+00
5427 4.545193e+00
5472 3.930016e+00
5538 3.476898e+00
5624 2.964993e+00
5723 2.958723e+00
5725 2.882692e+00
5765 2.566514e+00
5793 2.501258e+00
5836 2.325560e+00
5884 2.222351e+00
5886 2.093801e+00
5898 1.909951e+00
5937 1.711938e+00
6021 1.522581e+00
6027 1.230992e+00
6197 1.052547e+00
6282 9.636802e-01
6325 7.450982e-01
6376 6.954359e-01
6393 5.739654e-01
6612 5.017416e-01
6658 3.925040e-01
6766 3.558773e-01
6808 3.489080e-01
6819 3.077814e-01
6820 3.046154e-01
6855 2.792845e-01
6868 2.682286e-01
6872 2.573311e-01
6891 2.200555e-01
6921 1.990840e-01
7044 1.818380e-01
7046 1.588024e-01
7049 1.495928e-01
7067 1.446920e-01
7128 1.434381e-01
7154 1.273708e-01
7188 1.207354e-01
7225 9.971343e-02
7323 9.437471e-02
7369 7.991404e-02
7398 7.673651e-02
7399 7.107463e-02
7440 6.592055e-02
7441 5.295095e-02
7540 4.829875e-02
7543 4.603441e-02
7548 3.552431e-02
7579 3.532753e-02
7658 3.332355e-02
7723 3.094914e-02
7801 2.762168e-02
7890 2.563652e-02
7891 2.518997e-02
7896 2.106229e-02
7991 1.862766e-02
8040 1.291895e-02
8189 1.171135e-02
8233 1.123917e-02
8260 9.685160e-03
8420 7.838415e-03
8471 7.728742e-03
8498 6.211207e-03
8586 3.684474e-03
8747 3.403849e-03
8924 3.365527e-03
8930 2.496182e-03
8983 2.080590e-03
9069 1.943563e-03
9159 1.811600e-03
9161 1.616280e-03
9182 1.582967e-03
9211 1.378403e-03
9247 1.365328e-03
9289 1.300997e-03
9344 1.031278e-03
9483 8.229451e-04
9571 6.507150e-04
9649 6.376031e-04
9653 6.230916e-04
9704 6.122119e-04
9706 6.102004e-04
9710 5.666285e-04
9729 5.522320e-04
9738 5.170515e-04
9783 4.667500e-04
9792 3.847701e-04
9944 3.432702e-04
9976 3.196074e-04
10023 3.190162e-04
10026 2.635237e-04
10074 2.546734e-04
10099 2.341433e-04
10155 2.058990e-04
10206 1.842776e-04
10281 1.839387e-04
10316 1.370154e-04
10422 1.360612e-04
10425 1.074730e-04
10511 8.932408e-05
10586 7.576804e-05
10622 7.479539e-05
10655 6.920831e-05
10668 5.350503e-05
10799 4.978081e-05
10855 4.971221e-05
10856 4.021471e-05
10920 3.717956e-05
10942 3.527694e-05
10972 3.150825e-05
11024 2.856254e-05
11038 2.727334e-05
11084 2.014182e-05
11106 1.863342e-05
11186 1.793475e-05
11230 1.713760e-05
11299 1.686983e-05
11308 1.529359e-05
11327 1.521471e-05
11335 1.479162e-05
11338 1.433145e-05
11342 1.285778e-05
11379 1.148559e-05
11406 1.103640e-05
11496 8.969496e-06
11540 8.961052e-06
11572 8.847693e-06
11576 6.777240e-06
11621 6.673844e-06
11662 5.380461e-06
11704 4.384541e-06
11820 3.767775e-06
11880 3.085545e-06
12000 2.826600e-06
12005 2.495912e-06
12030 2.324724e-06
12114 2.126312e-06
12162 1.967647e-06
12284 1.951937e-06
12294 1.690167e-06
12315 1.598357e-06
12318 1.559287e-06
12339 1.543164e-06
12352 1.537816e-06
12354 1.345969e-06
12371 1.319918e-06
12393 1.135991e-06
12428 1.005252e-06
12473 8.216484e-07
12664 6.006236e-07
12741 5.980638e-07
12778 5.559703e-07
12817 5.053009e-07
12888 4.355735e-07
12896 4.041415e-07
13008 3.079587e-07
13126 2.729826e-07
13129 2.696197e-07
13159 2.691986e-07
13192 2.025017e-07
13224 1.870152e-07
13326 1.780431e-07
13377 1.744052e-07
13426 1.550622e-07
13442 1.369147e-07
13507 1.194207e-07
13509 1.139658e-07
13550 9.801330e-08
13602 9.693581e-08
13627 8.892376e-08
13644 7.904191e-08
13737 6.693451e-08
13832 5.695670e-08
13937 5.098861e-08
13954 4.141128e-08
13999 3.970596e-08
14014 3.177899e-08
14076 2.699687e-08
14236 2.664955e-08
14238 2.485207e-08
14248 2.354641e-08
14299 2.347844e-08
14320 2.292993e-08
14326 2.243428e-08
14356 2.146693e-08
14366 1.757676e-08
14446 1.630981e-08
14461 1.567778e-08
14484 1.285918e-08
14590 1.186865e-08
14612 1.074485e-08
14649 9.253271e-09
164847 7.526303e-09
205138 6.562507e-09
